-----------------------------------------------------------------------------------
Identifier:,IHS5922-2017A401
File Name:,HLRP70A.3
Ear:,R
Channel:,1
Intensity:,70 dB HL
Stim. Rate:,  1.10/s
Stim. Mode:,0
Sweeps:,180
Artifacts:,61
Smp. Period:,1000.00 us
Amp. Gain:, 50.00 K
Low Pass:, 30.00 Hz
High Pass:,  1.00 Hz
Notch Filter:,TRUE
Stimulus:,100
Stim. Freq.:,1000 Hz
Stim. Dur.:,2000 pnts
Masking:,0 dB SPL
Stim. Point:,513
-----------------------------------------------------------------------------------
Peak Information:,Label,Peak(+),Peak(+)(ms),Peak(-),Peak(-)(ms)
,20, 740,227.00, 834,321.00,
,19, 712,199.00, 740,227.00,
,18, 682,169.00, 712,199.00,
,17, 608,95.00, 682,169.00,
-----------------------------------------------------------------------------------


Data Pnt:,Data Pnt(ms):,Average:,Average(uV):,Buffer1:,Buffer1(uV):,Buffer2:,Buffer2(uV):
   1,-512.00,       0,  0.00,       0,  0.00,       0,  0.00
   2,-511.00,       0,  0.00,       0,  0.00,       0,  0.00
   3,-510.00,       0,  0.00,       0,  0.00,       0,  0.00
   4,-509.00,       0,  0.00,       0,  0.00,       0,  0.00
   5,-508.00,       0,  0.00,       0,  0.00,       0,  0.00
   6,-507.00,       0,  0.00,       0,  0.00,       0,  0.00
   7,-506.00,       0,  0.00,       0,  0.00,       0,  0.00
   8,-505.00,       0,  0.00,       0,  0.00,       0,  0.00
   9,-504.00,       0,  0.00,       0,  0.00,       0,  0.00
  10,-503.00,       0,  0.00,       0,  0.00,       0,  0.00
  11,-502.00,       0,  0.00,       0,  0.00,       0,  0.00
  12,-501.00,       0,  0.00,       0,  0.00,       0,  0.00
  13,-500.00,       0,  0.00,       0,  0.00,       0,  0.00
  14,-499.00,       0,  0.00,       0,  0.00,       0,  0.00
  15,-498.00,       0,  0.00,       0,  0.00,       0,  0.00
  16,-497.00,       0,  0.00,       0,  0.00,       0,  0.00
  17,-496.00,       0,  0.00,       0,  0.00,       0,  0.00
  18,-495.00,       0,  0.00,       0,  0.00,       0,  0.00
  19,-494.00,       0,  0.00,       0,  0.00,       0,  0.00
  20,-493.00,       0,  0.00,       0,  0.00,       0,  0.00
  21,-492.00,       0,  0.00,       0,  0.00,       0,  0.00
  22,-491.00,       0,  0.00,       0,  0.00,       0,  0.00
  23,-490.00,       0,  0.00,       0,  0.00,       0,  0.00
  24,-489.00,       0,  0.00,       0,  0.00,       0,  0.00
  25,-488.00,       0,  0.00,       0,  0.00,       0,  0.00
  26,-487.00,       0,  0.00,       0,  0.00,       0,  0.00
  27,-486.00,       0,  0.00,       0,  0.00,       0,  0.00
  28,-485.00,       0,  0.00,       0,  0.00,       0,  0.00
  29,-484.00,       0,  0.00,       0,  0.00,       0,  0.00
  30,-483.00,       0,  0.00,       0,  0.00,       0,  0.00
  31,-482.00,       0,  0.00,       0,  0.00,       0,  0.00
  32,-481.00,       0,  0.00,       0,  0.00,       0,  0.00
  33,-480.00,       0,  0.00,       0,  0.00,       0,  0.00
  34,-479.00,       0,  0.00,       0,  0.00,       0,  0.00
  35,-478.00,       0,  0.00,       0,  0.00,       0,  0.00
  36,-477.00,       0,  0.00,       0,  0.00,       0,  0.00
  37,-476.00,       0,  0.00,       0,  0.00,       0,  0.00
  38,-475.00,       0,  0.00,       0,  0.00,       0,  0.00
  39,-474.00,       0,  0.00,       0,  0.00,       0,  0.00
  40,-473.00,       0,  0.00,       0,  0.00,       0,  0.00
  41,-472.00,       0,  0.00,       0,  0.00,       0,  0.00
  42,-471.00,       0,  0.00,       0,  0.00,       0,  0.00
  43,-470.00,       0,  0.00,       0,  0.00,       0,  0.00
  44,-469.00,       0,  0.00,       0,  0.00,       0,  0.00
  45,-468.00,       0,  0.00,       0,  0.00,       0,  0.00
  46,-467.00,       0,  0.00,       0,  0.00,       0,  0.00
  47,-466.00,       0,  0.00,       0,  0.00,       0,  0.00
  48,-465.00,       0,  0.00,       0,  0.00,       0,  0.00
  49,-464.00,       0,  0.00,       0,  0.00,       0,  0.00
  50,-463.00,       0,  0.00,       0,  0.00,       0,  0.00
  51,-462.00,       0,  0.00,       0,  0.00,       0,  0.00
  52,-461.00,       0,  0.00,       0,  0.00,       0,  0.00
  53,-460.00,       0,  0.00,       0,  0.00,       0,  0.00
  54,-459.00,       0,  0.00,       0,  0.00,       0,  0.00
  55,-458.00,       0,  0.00,       0,  0.00,       0,  0.00
  56,-457.00,       0,  0.00,       0,  0.00,       0,  0.00
  57,-456.00,       0,  0.00,       0,  0.00,       0,  0.00
  58,-455.00,       0,  0.00,       0,  0.00,       0,  0.00
  59,-454.00,       0,  0.00,       0,  0.00,       0,  0.00
  60,-453.00,       0,  0.00,       0,  0.00,       0,  0.00
  61,-452.00,       0,  0.00,       0,  0.00,       0,  0.00
  62,-451.00,       0,  0.00,       0,  0.00,       0,  0.00
  63,-450.00,       0,  0.00,       0,  0.00,       0,  0.00
  64,-449.00,       0,  0.00,       0,  0.00,       0,  0.00
  65,-448.00,       0,  0.00,       0,  0.00,       0,  0.00
  66,-447.00,       0,  0.00,       0,  0.00,       0,  0.00
  67,-446.00,       0,  0.00,       0,  0.00,       0,  0.00
  68,-445.00,       0,  0.00,       0,  0.00,       0,  0.00
  69,-444.00,       0,  0.00,       0,  0.00,       0,  0.00
  70,-443.00,       0,  0.00,       0,  0.00,       0,  0.00
  71,-442.00,       0,  0.00,       0,  0.00,       0,  0.00
  72,-441.00,       0,  0.00,       0,  0.00,       0,  0.00
  73,-440.00,       0,  0.00,       0,  0.00,       0,  0.00
  74,-439.00,       0,  0.00,       0,  0.00,       0,  0.00
  75,-438.00,       0,  0.00,       0,  0.00,       0,  0.00
  76,-437.00,       0,  0.00,       0,  0.00,       0,  0.00
  77,-436.00,       0,  0.00,       0,  0.00,       0,  0.00
  78,-435.00,       0,  0.00,       0,  0.00,       0,  0.00
  79,-434.00,       0,  0.00,       0,  0.00,       0,  0.00
  80,-433.00,       0,  0.00,       0,  0.00,       0,  0.00
  81,-432.00,       0,  0.00,       0,  0.00,       0,  0.00
  82,-431.00,       0,  0.00,       0,  0.00,       0,  0.00
  83,-430.00,       0,  0.00,       0,  0.00,       0,  0.00
  84,-429.00,       0,  0.00,       0,  0.00,       0,  0.00
  85,-428.00,       0,  0.00,       0,  0.00,       0,  0.00
  86,-427.00,       0,  0.00,       0,  0.00,       0,  0.00
  87,-426.00,       0,  0.00,       0,  0.00,       0,  0.00
  88,-425.00,       0,  0.00,       0,  0.00,       0,  0.00
  89,-424.00,       0,  0.00,       0,  0.00,       0,  0.00
  90,-423.00,       0,  0.00,       0,  0.00,       0,  0.00
  91,-422.00,       0,  0.00,       0,  0.00,       0,  0.00
  92,-421.00,       0,  0.00,       0,  0.00,       0,  0.00
  93,-420.00,       0,  0.00,       0,  0.00,       0,  0.00
  94,-419.00,       0,  0.00,       0,  0.00,       0,  0.00
  95,-418.00,       0,  0.00,       0,  0.00,       0,  0.00
  96,-417.00,       0,  0.00,       0,  0.00,       0,  0.00
  97,-416.00,       0,  0.00,       0,  0.00,       0,  0.00
  98,-415.00,       0,  0.00,       0,  0.00,       0,  0.00
  99,-414.00,       0,  0.00,       0,  0.00,       0,  0.00
 100,-413.00,       0,  0.00,       0,  0.00,       0,  0.00
 101,-412.00,       0,  0.00,       0,  0.00,       0,  0.00
 102,-411.00,       0,  0.00,       0,  0.00,       0,  0.00
 103,-410.00,       0,  0.00,       0,  0.00,       0,  0.00
 104,-409.00,       0,  0.00,       0,  0.00,       0,  0.00
 105,-408.00,       0,  0.00,       0,  0.00,       0,  0.00
 106,-407.00,       0,  0.00,       0,  0.00,       0,  0.00
 107,-406.00,       0,  0.00,       0,  0.00,       0,  0.00
 108,-405.00,       0,  0.00,       0,  0.00,       0,  0.00
 109,-404.00,       0,  0.00,       0,  0.00,       0,  0.00
 110,-403.00,       0,  0.00,       0,  0.00,       0,  0.00
 111,-402.00,       0,  0.00,       0,  0.00,       0,  0.00
 112,-401.00,       0,  0.00,       0,  0.00,       0,  0.00
 113,-400.00,       0,  0.00,       0,  0.00,       0,  0.00
 114,-399.00,       0,  0.00,       0,  0.00,       0,  0.00
 115,-398.00,       0,  0.00,       0,  0.00,       0,  0.00
 116,-397.00,    8203,  0.28,   -4560, -0.31,   12763,  0.87
 117,-396.00,    8685,  0.29,   -4815, -0.33,   13500,  0.92
 118,-395.00,    9237,  0.31,   -5160, -0.35,   14397,  0.98
 119,-394.00,    9561,  0.32,   -5339, -0.36,   14900,  1.01
 120,-393.00,    9993,  0.34,   -4690, -0.32,   14683,  1.00
 121,-392.00,   10110,  0.34,   -3818, -0.26,   13928,  0.94
 122,-391.00,   10593,  0.36,   -2951, -0.20,   13544,  0.92
 123,-390.00,   12132,  0.41,   -1759, -0.12,   13891,  0.94
 124,-389.00,   13995,  0.47,    -210, -0.01,   14205,  0.96
 125,-388.00,   15341,  0.52,     905,  0.06,   14436,  0.98
 126,-387.00,   15927,  0.54,    1574,  0.11,   14353,  0.97
 127,-386.00,   16817,  0.57,    2699,  0.18,   14118,  0.96
 128,-385.00,   18096,  0.61,    4214,  0.29,   13882,  0.94
 129,-384.00,   19675,  0.67,    5533,  0.38,   14142,  0.96
 130,-383.00,   20853,  0.71,    6598,  0.45,   14255,  0.97
 131,-382.00,   21207,  0.72,    7633,  0.52,   13574,  0.92
 132,-381.00,   21832,  0.74,    9205,  0.62,   12627,  0.86
 133,-380.00,   22971,  0.78,   11264,  0.76,   11707,  0.79
 134,-379.00,   24423,  0.83,   13254,  0.90,   11169,  0.76
 135,-378.00,   25198,  0.85,   15101,  1.02,   10097,  0.68
 136,-377.00,   26539,  0.90,   17185,  1.17,    9354,  0.63
 137,-376.00,   27497,  0.93,   19052,  1.29,    8445,  0.57
 138,-375.00,   28268,  0.96,   20836,  1.41,    7432,  0.50
 139,-374.00,   28458,  0.96,   22345,  1.52,    6113,  0.41
 140,-373.00,   27669,  0.94,   23217,  1.57,    4452,  0.30
 141,-372.00,   26338,  0.89,   23729,  1.61,    2609,  0.18
 142,-371.00,   24618,  0.83,   23667,  1.61,     951,  0.06
 143,-370.00,   23265,  0.79,   23527,  1.60,    -262, -0.02
 144,-369.00,   22853,  0.77,   23787,  1.61,    -934, -0.06
 145,-368.00,   21531,  0.73,   23785,  1.61,   -2254, -0.15
 146,-367.00,   19292,  0.65,   23317,  1.58,   -4025, -0.27
 147,-366.00,   17621,  0.60,   22774,  1.54,   -5153, -0.35
 148,-365.00,   16442,  0.56,   22486,  1.52,   -6044, -0.41
 149,-364.00,   15672,  0.53,   22875,  1.55,   -7203, -0.49
 150,-363.00,   14639,  0.50,   23345,  1.58,   -8706, -0.59
 151,-362.00,   14052,  0.48,   24042,  1.63,   -9990, -0.68
 152,-361.00,   13887,  0.47,   24487,  1.66,  -10600, -0.72
 153,-360.00,   13774,  0.47,   24186,  1.64,  -10412, -0.71
 154,-359.00,   13102,  0.44,   23238,  1.58,  -10136, -0.69
 155,-358.00,   12139,  0.41,   22432,  1.52,  -10293, -0.70
 156,-357.00,   11252,  0.38,   21356,  1.45,  -10104, -0.69
 157,-356.00,   11664,  0.40,   20964,  1.42,   -9300, -0.63
 158,-355.00,   12893,  0.44,   21020,  1.43,   -8127, -0.55
 159,-354.00,   13885,  0.47,   20929,  1.42,   -7044, -0.48
 160,-353.00,   14820,  0.50,   20890,  1.42,   -6070, -0.41
 161,-352.00,   15247,  0.52,   20710,  1.40,   -5463, -0.37
 162,-351.00,   15149,  0.51,   20160,  1.37,   -5011, -0.34
 163,-350.00,   15233,  0.52,   19806,  1.34,   -4573, -0.31
 164,-349.00,   16106,  0.55,   19962,  1.35,   -3856, -0.26
 165,-348.00,   17180,  0.58,   20060,  1.36,   -2880, -0.20
 166,-347.00,   18277,  0.62,   20050,  1.36,   -1773, -0.12
 167,-346.00,   18917,  0.64,   19558,  1.33,    -641, -0.04
 168,-345.00,   19490,  0.66,   18853,  1.28,     637,  0.04
 169,-344.00,   19680,  0.67,   18140,  1.23,    1540,  0.10
 170,-343.00,   19934,  0.68,   17308,  1.17,    2626,  0.18
 171,-342.00,   20450,  0.69,   16525,  1.12,    3925,  0.27
 172,-341.00,   21497,  0.73,   16156,  1.10,    5341,  0.36
 173,-340.00,   22240,  0.75,   15846,  1.07,    6394,  0.43
 174,-339.00,   22469,  0.76,   15165,  1.03,    7304,  0.50
 175,-338.00,   22599,  0.77,   14685,  1.00,    7914,  0.54
 176,-337.00,   22821,  0.77,   14270,  0.97,    8551,  0.58
 177,-336.00,   23466,  0.80,   13625,  0.92,    9841,  0.67
 178,-335.00,   23555,  0.80,   12944,  0.88,   10611,  0.72
 179,-334.00,   22301,  0.76,   11734,  0.80,   10567,  0.72
 180,-333.00,   21088,  0.72,   10271,  0.70,   10817,  0.73
 181,-332.00,   20711,  0.70,    9006,  0.61,   11705,  0.79
 182,-331.00,   20666,  0.70,    8077,  0.55,   12589,  0.85
 183,-330.00,   19887,  0.67,    7009,  0.48,   12878,  0.87
 184,-329.00,   19379,  0.66,    6284,  0.43,   13095,  0.89
 185,-328.00,   19610,  0.66,    5883,  0.40,   13727,  0.93
 186,-327.00,   20438,  0.69,    5466,  0.37,   14972,  1.02
 187,-326.00,   21393,  0.73,    5357,  0.36,   16036,  1.09
 188,-325.00,   21710,  0.74,    5544,  0.38,   16166,  1.10
 189,-324.00,   21140,  0.72,    5215,  0.35,   15925,  1.08
 190,-323.00,   21305,  0.72,    4618,  0.31,   16687,  1.13
 191,-322.00,   22452,  0.76,    3570,  0.24,   18882,  1.28
 192,-321.00,   23286,  0.79,    2028,  0.14,   21258,  1.44
 193,-320.00,   23670,  0.80,     583,  0.04,   23087,  1.57
 194,-319.00,   23936,  0.81,    -632, -0.04,   24568,  1.67
 195,-318.00,   24901,  0.84,   -1638, -0.11,   26539,  1.80
 196,-317.00,   25461,  0.86,   -2750, -0.19,   28211,  1.91
 197,-316.00,   25560,  0.87,   -3855, -0.26,   29415,  1.99
 198,-315.00,   25912,  0.88,   -4840, -0.33,   30752,  2.09
 199,-314.00,   25499,  0.86,   -6587, -0.45,   32086,  2.18
 200,-313.00,   24601,  0.83,   -8410, -0.57,   33011,  2.24
 201,-312.00,   24197,  0.82,   -8798, -0.60,   32995,  2.24
 202,-311.00,   24389,  0.83,   -8201, -0.56,   32590,  2.21
 203,-310.00,   24940,  0.85,   -7701, -0.52,   32641,  2.21
 204,-309.00,   25146,  0.85,   -8033, -0.54,   33179,  2.25
 205,-308.00,   25739,  0.87,   -8643, -0.59,   34382,  2.33
 206,-307.00,   27018,  0.92,   -8965, -0.61,   35983,  2.44
 207,-306.00,   28060,  0.95,   -8788, -0.60,   36848,  2.50
 208,-305.00,   28900,  0.98,   -7948, -0.54,   36848,  2.50
 209,-304.00,   29222,  0.99,   -7611, -0.52,   36833,  2.50
 210,-303.00,   28607,  0.97,   -8278, -0.56,   36885,  2.50
 211,-302.00,   28324,  0.96,   -9000, -0.61,   37324,  2.53
 212,-301.00,   27941,  0.95,  -10096, -0.68,   38037,  2.58
 213,-300.00,   27625,  0.94,  -11045, -0.75,   38670,  2.62
 214,-299.00,   27575,  0.94,  -11595, -0.79,   39170,  2.66
 215,-298.00,   28281,  0.96,  -11587, -0.79,   39868,  2.70
 216,-297.00,   29098,  0.99,  -11720, -0.79,   40818,  2.77
 217,-296.00,   29910,  1.01,  -12095, -0.82,   42005,  2.85
 218,-295.00,   29615,  1.00,  -13099, -0.89,   42714,  2.90
 219,-294.00,   29027,  0.98,  -14121, -0.96,   43148,  2.93
 220,-293.00,   28650,  0.97,  -14952, -1.01,   43602,  2.96
 221,-292.00,   27360,  0.93,  -15966, -1.08,   43326,  2.94
 222,-291.00,   26435,  0.90,  -16935, -1.15,   43370,  2.94
 223,-290.00,   25599,  0.87,  -17588, -1.19,   43187,  2.93
 224,-289.00,   25243,  0.86,  -18166, -1.23,   43409,  2.94
 225,-288.00,   24898,  0.84,  -19164, -1.30,   44062,  2.99
 226,-287.00,   24573,  0.83,  -19944, -1.35,   44517,  3.02
 227,-286.00,   24889,  0.84,  -20159, -1.37,   45048,  3.06
 228,-285.00,   25933,  0.88,  -19922, -1.35,   45855,  3.11
 229,-284.00,   26140,  0.89,  -20123, -1.36,   46263,  3.14
 230,-283.00,   25935,  0.88,  -21064, -1.43,   46999,  3.19
 231,-282.00,   25642,  0.87,  -21991, -1.49,   47633,  3.23
 232,-281.00,   24425,  0.83,  -23266, -1.58,   47691,  3.23
 233,-280.00,   23547,  0.80,  -24414, -1.66,   47961,  3.25
 234,-279.00,   22832,  0.77,  -24853, -1.69,   47685,  3.23
 235,-278.00,   21751,  0.74,  -25095, -1.70,   46846,  3.18
 236,-277.00,   20619,  0.70,  -25817, -1.75,   46436,  3.15
 237,-276.00,   19348,  0.66,  -26812, -1.82,   46160,  3.13
 238,-275.00,   18623,  0.63,  -27360, -1.86,   45983,  3.12
 239,-274.00,   18326,  0.62,  -27497, -1.86,   45823,  3.11
 240,-273.00,   17100,  0.58,  -27841, -1.89,   44941,  3.05
 241,-272.00,   16199,  0.55,  -28358, -1.92,   44557,  3.02
 242,-271.00,   15312,  0.52,  -28551, -1.94,   43863,  2.97
 243,-270.00,   14551,  0.49,  -27944, -1.90,   42495,  2.88
 244,-269.00,   14964,  0.51,  -26694, -1.81,   41658,  2.83
 245,-268.00,   16012,  0.54,  -25198, -1.71,   41210,  2.79
 246,-267.00,   16660,  0.56,  -24211, -1.64,   40871,  2.77
 247,-266.00,   17337,  0.59,  -23212, -1.57,   40549,  2.75
 248,-265.00,   17401,  0.59,  -22666, -1.54,   40067,  2.72
 249,-264.00,   17183,  0.58,  -22115, -1.50,   39298,  2.67
 250,-263.00,   16658,  0.56,  -21331, -1.45,   37989,  2.58
 251,-262.00,   16790,  0.57,  -19969, -1.35,   36759,  2.49
 252,-261.00,   17212,  0.58,  -19007, -1.29,   36219,  2.46
 253,-260.00,   17219,  0.58,  -18687, -1.27,   35906,  2.44
 254,-259.00,   17621,  0.60,  -17776, -1.21,   35397,  2.40
 255,-258.00,   17805,  0.60,  -16702, -1.13,   34507,  2.34
 256,-257.00,   17695,  0.60,  -15379, -1.04,   33074,  2.24
 257,-256.00,   17811,  0.60,  -13697, -0.93,   31508,  2.14
 258,-255.00,   17277,  0.59,  -12322, -0.84,   29599,  2.01
 259,-254.00,   16935,  0.57,  -11007, -0.75,   27942,  1.89
 260,-253.00,   17462,  0.59,   -8878, -0.60,   26340,  1.79
 261,-252.00,   17636,  0.60,   -7323, -0.50,   24959,  1.69
 262,-251.00,   17243,  0.58,   -6163, -0.42,   23406,  1.59
 263,-250.00,   16844,  0.57,   -5690, -0.39,   22534,  1.53
 264,-249.00,   15946,  0.54,   -5445, -0.37,   21391,  1.45
 265,-248.00,   15472,  0.52,   -5072, -0.34,   20544,  1.39
 266,-247.00,   15826,  0.54,   -4568, -0.31,   20394,  1.38
 267,-246.00,   15962,  0.54,   -3563, -0.24,   19525,  1.32
 268,-245.00,   14997,  0.51,   -2731, -0.19,   17728,  1.20
 269,-244.00,   14328,  0.49,   -1625, -0.11,   15953,  1.08
 270,-243.00,   14499,  0.49,    -465, -0.03,   14964,  1.01
 271,-242.00,   14693,  0.50,     901,  0.06,   13792,  0.94
 272,-241.00,   13835,  0.47,    1571,  0.11,   12264,  0.83
 273,-240.00,   11924,  0.40,    1847,  0.13,   10077,  0.68
 274,-239.00,   10849,  0.37,    2529,  0.17,    8320,  0.56
 275,-238.00,    9958,  0.34,    3116,  0.21,    6842,  0.46
 276,-237.00,    9096,  0.31,    3532,  0.24,    5564,  0.38
 277,-236.00,    8866,  0.30,    4286,  0.29,    4580,  0.31
 278,-235.00,    8930,  0.30,    5600,  0.38,    3330,  0.23
 279,-234.00,    8770,  0.30,    6884,  0.47,    1886,  0.13
 280,-233.00,    9516,  0.32,    8309,  0.56,    1207,  0.08
 281,-232.00,   10417,  0.35,    9398,  0.64,    1019,  0.07
 282,-231.00,   10708,  0.36,   10038,  0.68,     670,  0.05
 283,-230.00,   10334,  0.35,   10188,  0.69,     146,  0.00
 284,-229.00,   10696,  0.36,   10340,  0.70,     356,  0.02
 285,-228.00,   11599,  0.39,   10496,  0.71,    1103,  0.07
 286,-227.00,   12803,  0.43,   11295,  0.77,    1508,  0.10
 287,-226.00,   14041,  0.48,   12407,  0.84,    1634,  0.11
 288,-225.00,   14584,  0.49,   13202,  0.90,    1382,  0.09
 289,-224.00,   14097,  0.48,   13202,  0.90,     895,  0.06
 290,-223.00,   13572,  0.46,   13195,  0.89,     377,  0.03
 291,-222.00,   12873,  0.44,   12632,  0.86,     241,  0.02
 292,-221.00,   12145,  0.41,   12162,  0.82,     -17, -0.00
 293,-220.00,   10876,  0.37,   11730,  0.80,    -854, -0.06
 294,-219.00,    9637,  0.33,   11247,  0.76,   -1610, -0.11
 295,-218.00,    8117,  0.28,   10683,  0.72,   -2566, -0.17
 296,-217.00,    7391,  0.25,   10981,  0.74,   -3590, -0.24
 297,-216.00,    6299,  0.21,   11107,  0.75,   -4808, -0.33
 298,-215.00,    4508,  0.15,   11430,  0.78,   -6922, -0.47
 299,-214.00,    2750,  0.09,   12100,  0.82,   -9350, -0.63
 300,-213.00,     413,  0.01,   12113,  0.82,  -11700, -0.79
 301,-212.00,   -1448, -0.05,   11842,  0.80,  -13290, -0.90
 302,-211.00,   -3201, -0.11,   11369,  0.77,  -14570, -0.99
 303,-210.00,   -4855, -0.16,   11297,  0.77,  -16152, -1.10
 304,-209.00,   -5913, -0.20,   11487,  0.78,  -17400, -1.18
 305,-208.00,   -6887, -0.23,   11057,  0.75,  -17944, -1.22
 306,-207.00,   -7476, -0.25,   10373,  0.70,  -17849, -1.21
 307,-206.00,   -7874, -0.27,   10273,  0.70,  -18147, -1.23
 308,-205.00,   -8909, -0.30,   10082,  0.68,  -18991, -1.29
 309,-204.00,  -10231, -0.35,    9620,  0.65,  -19851, -1.35
 310,-203.00,  -11431, -0.39,    9193,  0.62,  -20624, -1.40
 311,-202.00,  -12916, -0.44,    8389,  0.57,  -21305, -1.44
 312,-201.00,  -14710, -0.50,    7089,  0.48,  -21799, -1.48
 313,-200.00,  -16521, -0.56,    6269,  0.43,  -22790, -1.55
 314,-199.00,  -17111, -0.58,    6092,  0.41,  -23203, -1.57
 315,-198.00,  -16890, -0.57,    6747,  0.46,  -23637, -1.60
 316,-197.00,  -17910, -0.61,    6365,  0.43,  -24275, -1.65
 317,-196.00,  -20549, -0.70,    4818,  0.33,  -25367, -1.72
 318,-195.00,  -22785, -0.77,    3584,  0.24,  -26369, -1.79
 319,-194.00,  -24293, -0.82,    2454,  0.17,  -26747, -1.81
 320,-193.00,  -25580, -0.87,    1578,  0.11,  -27158, -1.84
 321,-192.00,  -26624, -0.90,     857,  0.06,  -27481, -1.86
 322,-191.00,  -27262, -0.92,     392,  0.03,  -27654, -1.88
 323,-190.00,  -27101, -0.92,     365,  0.02,  -27466, -1.86
 324,-189.00,  -26479, -0.90,     308,  0.02,  -26787, -1.82
 325,-188.00,  -25809, -0.88,      15,  0.00,  -25824, -1.75
 326,-187.00,  -24817, -0.84,     -31, -0.00,  -24786, -1.68
 327,-186.00,  -23809, -0.81,     182,  0.01,  -23991, -1.63
 328,-185.00,  -23161, -0.79,    -197, -0.01,  -22964, -1.56
 329,-184.00,  -23139, -0.78,   -1280, -0.09,  -21859, -1.48
 330,-183.00,  -23377, -0.79,   -2757, -0.19,  -20620, -1.40
 331,-182.00,  -23442, -0.79,   -4433, -0.30,  -19009, -1.29
 332,-181.00,  -23504, -0.80,   -6088, -0.41,  -17416, -1.18
 333,-180.00,  -23952, -0.81,   -7321, -0.50,  -16631, -1.13
 334,-179.00,  -24354, -0.83,   -7894, -0.54,  -16460, -1.12
 335,-178.00,  -24227, -0.82,   -7886, -0.53,  -16341, -1.11
 336,-177.00,  -24525, -0.83,   -8057, -0.55,  -16468, -1.12
 337,-176.00,  -24646, -0.84,   -8789, -0.60,  -15857, -1.08
 338,-175.00,  -23945, -0.81,   -9559, -0.65,  -14386, -0.98
 339,-174.00,  -22782, -0.77,   -9598, -0.65,  -13184, -0.89
 340,-173.00,  -22132, -0.75,   -9726, -0.66,  -12406, -0.84
 341,-172.00,  -22291, -0.76,  -10307, -0.70,  -11984, -0.81
 342,-171.00,  -22852, -0.77,  -11066, -0.75,  -11786, -0.80
 343,-170.00,  -22527, -0.76,  -11175, -0.76,  -11352, -0.77
 344,-169.00,  -22018, -0.75,  -11133, -0.76,  -10885, -0.74
 345,-168.00,  -21697, -0.74,  -10775, -0.73,  -10922, -0.74
 346,-167.00,  -21673, -0.73,  -10843, -0.74,  -10830, -0.73
 347,-166.00,  -21408, -0.73,  -11387, -0.77,  -10021, -0.68
 348,-165.00,  -21576, -0.73,  -12247, -0.83,   -9329, -0.63
 349,-164.00,  -21433, -0.73,  -12493, -0.85,   -8940, -0.61
 350,-163.00,  -20701, -0.70,  -12236, -0.83,   -8465, -0.57
 351,-162.00,  -19598, -0.66,  -11640, -0.79,   -7958, -0.54
 352,-161.00,  -18069, -0.61,  -11115, -0.75,   -6954, -0.47
 353,-160.00,  -17134, -0.58,  -10689, -0.72,   -6445, -0.44
 354,-159.00,  -17099, -0.58,  -10183, -0.69,   -6916, -0.47
 355,-158.00,  -17781, -0.60,   -9854, -0.67,   -7927, -0.54
 356,-157.00,  -18527, -0.63,   -9617, -0.65,   -8910, -0.60
 357,-156.00,  -18518, -0.63,   -9222, -0.63,   -9296, -0.63
 358,-155.00,  -18951, -0.64,   -8896, -0.60,  -10055, -0.68
 359,-154.00,  -19074, -0.65,   -8589, -0.58,  -10485, -0.71
 360,-153.00,  -18416, -0.62,   -7845, -0.53,  -10571, -0.72
 361,-152.00,  -16611, -0.56,   -6326, -0.43,  -10285, -0.70
 362,-151.00,  -14766, -0.50,   -4650, -0.32,  -10116, -0.69
 363,-150.00,  -13079, -0.44,   -3020, -0.20,  -10059, -0.68
 364,-149.00,  -11658, -0.40,   -1851, -0.13,   -9807, -0.67
 365,-148.00,  -10471, -0.36,    -702, -0.05,   -9769, -0.66
 366,-147.00,   -9813, -0.33,    -109, -0.00,   -9704, -0.66
 367,-146.00,   -9072, -0.31,    -297, -0.02,   -8775, -0.60
 368,-145.00,   -8602, -0.29,   -1065, -0.07,   -7537, -0.51
 369,-144.00,   -8672, -0.29,   -1427, -0.10,   -7245, -0.49
 370,-143.00,   -7500, -0.25,    -415, -0.03,   -7085, -0.48
 371,-142.00,   -6073, -0.21,     547,  0.04,   -6620, -0.45
 372,-141.00,   -5011, -0.17,    1156,  0.08,   -6167, -0.42
 373,-140.00,   -3358, -0.11,    1500,  0.10,   -4858, -0.33
 374,-139.00,   -2020, -0.07,    2022,  0.14,   -4042, -0.27
 375,-138.00,    -690, -0.02,    2773,  0.19,   -3463, -0.23
 376,-137.00,    -163, -0.00,    3284,  0.22,   -3447, -0.23
 377,-136.00,    -250, -0.00,    3652,  0.25,   -3902, -0.26
 378,-135.00,     422,  0.01,    4391,  0.30,   -3969, -0.27
 379,-134.00,     914,  0.03,    4869,  0.33,   -3955, -0.27
 380,-133.00,    1678,  0.06,    5396,  0.37,   -3718, -0.25
 381,-132.00,    2107,  0.07,    6280,  0.43,   -4173, -0.28
 382,-131.00,    2197,  0.07,    8032,  0.54,   -5835, -0.40
 383,-130.00,    1313,  0.04,    9257,  0.63,   -7944, -0.54
 384,-129.00,     264,  0.00,   10094,  0.68,   -9830, -0.67
 385,-128.00,    -975, -0.03,   10671,  0.72,  -11646, -0.79
 386,-127.00,   -1872, -0.06,   10913,  0.74,  -12785, -0.87
 387,-126.00,   -2119, -0.07,   11283,  0.77,  -13402, -0.91
 388,-125.00,   -2531, -0.09,   11163,  0.76,  -13694, -0.93
 389,-124.00,   -2744, -0.09,   10701,  0.73,  -13445, -0.91
 390,-123.00,   -2512, -0.09,   10326,  0.70,  -12838, -0.87
 391,-122.00,   -2747, -0.09,    9812,  0.67,  -12559, -0.85
 392,-121.00,   -3471, -0.12,    9399,  0.64,  -12870, -0.87
 393,-120.00,   -3655, -0.12,    9505,  0.64,  -13160, -0.89
 394,-119.00,   -3706, -0.13,    9680,  0.66,  -13386, -0.91
 395,-118.00,   -3973, -0.13,    9708,  0.66,  -13681, -0.93
 396,-117.00,   -3082, -0.10,    9672,  0.66,  -12754, -0.86
 397,-116.00,   -2237, -0.08,    9730,  0.66,  -11967, -0.81
 398,-115.00,   -1002, -0.03,    9667,  0.66,  -10669, -0.72
 399,-114.00,    -589, -0.02,    9673,  0.66,  -10262, -0.70
 400,-113.00,    1024,  0.03,   10547,  0.72,   -9523, -0.65
 401,-112.00,    3948,  0.13,   12074,  0.82,   -8126, -0.55
 402,-111.00,    6564,  0.22,   13817,  0.94,   -7253, -0.49
 403,-110.00,    8176,  0.28,   15116,  1.03,   -6940, -0.47
 404,-109.00,    7852,  0.27,   15260,  1.03,   -7408, -0.50
 405,-108.00,    6433,  0.22,   14630,  0.99,   -8197, -0.56
 406,-107.00,    4521,  0.15,   13461,  0.91,   -8940, -0.61
 407,-106.00,    3613,  0.12,   12736,  0.86,   -9123, -0.62
 408,-105.00,    2946,  0.10,   12190,  0.83,   -9244, -0.63
 409,-104.00,    2457,  0.08,   12161,  0.82,   -9704, -0.66
 410,-103.00,    1960,  0.07,   12606,  0.85,  -10646, -0.72
 411,-102.00,    1757,  0.06,   13050,  0.89,  -11293, -0.77
 412,-101.00,    1563,  0.05,   12665,  0.86,  -11102, -0.75
 413,-100.00,     502,  0.02,   11203,  0.76,  -10701, -0.73
 414,-99.00,    -722, -0.02,    9925,  0.67,  -10647, -0.72
 415,-98.00,   -1108, -0.04,    9105,  0.62,  -10213, -0.69
 416,-97.00,   -1328, -0.05,    9008,  0.61,  -10336, -0.70
 417,-96.00,   -1551, -0.05,    8963,  0.61,  -10514, -0.71
 418,-95.00,    -997, -0.03,    8538,  0.58,   -9535, -0.65
 419,-94.00,     574,  0.02,    8031,  0.54,   -7457, -0.51
 420,-93.00,    1968,  0.07,    7774,  0.53,   -5806, -0.39
 421,-92.00,    2959,  0.10,    7584,  0.51,   -4625, -0.31
 422,-91.00,    4138,  0.14,    7608,  0.52,   -3470, -0.24
 423,-90.00,    4820,  0.16,    7930,  0.54,   -3110, -0.21
 424,-89.00,    5002,  0.17,    8112,  0.55,   -3110, -0.21
 425,-88.00,    5105,  0.17,    8862,  0.60,   -3757, -0.25
 426,-87.00,    6065,  0.21,    9286,  0.63,   -3221, -0.22
 427,-86.00,    7994,  0.27,    9623,  0.65,   -1629, -0.11
 428,-85.00,    9206,  0.31,    9552,  0.65,    -346, -0.02
 429,-84.00,    9366,  0.32,    9067,  0.61,     299,  0.02
 430,-83.00,    8739,  0.30,    8256,  0.56,     483,  0.03
 431,-82.00,    7929,  0.27,    7413,  0.50,     516,  0.03
 432,-81.00,    8273,  0.28,    6674,  0.45,    1599,  0.11
 433,-80.00,    9277,  0.31,    6586,  0.45,    2691,  0.18
 434,-79.00,   10359,  0.35,    6590,  0.45,    3769,  0.26
 435,-78.00,   11378,  0.39,    6690,  0.45,    4688,  0.32
 436,-77.00,   12052,  0.41,    6870,  0.47,    5182,  0.35
 437,-76.00,   11988,  0.41,    6398,  0.43,    5590,  0.38
 438,-75.00,   11152,  0.38,    5491,  0.37,    5661,  0.38
 439,-74.00,   11758,  0.40,    5690,  0.39,    6068,  0.41
 440,-73.00,   12958,  0.44,    5965,  0.40,    6993,  0.47
 441,-72.00,   13676,  0.46,    5978,  0.41,    7698,  0.52
 442,-71.00,   13757,  0.47,    5657,  0.38,    8100,  0.55
 443,-70.00,   13238,  0.45,    4431,  0.30,    8807,  0.60
 444,-69.00,   13686,  0.46,    3325,  0.23,   10361,  0.70
 445,-68.00,   13766,  0.47,    2577,  0.17,   11189,  0.76
 446,-67.00,   12951,  0.44,    1576,  0.11,   11375,  0.77
 447,-66.00,   12998,  0.44,    1198,  0.08,   11800,  0.80
 448,-65.00,   14042,  0.48,     835,  0.06,   13207,  0.90
 449,-64.00,   15138,  0.51,      -1, -0.00,   15139,  1.03
 450,-63.00,   15456,  0.52,   -1160, -0.08,   16616,  1.13
 451,-62.00,   15466,  0.52,   -2562, -0.17,   18028,  1.22
 452,-61.00,   15586,  0.53,   -3732, -0.25,   19318,  1.31
 453,-60.00,   15667,  0.53,   -4672, -0.32,   20339,  1.38
 454,-59.00,   15911,  0.54,   -5365, -0.36,   21276,  1.44
 455,-58.00,   16676,  0.57,   -5651, -0.38,   22327,  1.51
 456,-57.00,   17024,  0.58,   -6097, -0.41,   23121,  1.57
 457,-56.00,   18661,  0.63,   -5737, -0.39,   24398,  1.65
 458,-55.00,   21085,  0.71,   -4911, -0.33,   25996,  1.76
 459,-54.00,   23468,  0.80,   -3943, -0.27,   27411,  1.86
 460,-53.00,   24863,  0.84,   -2727, -0.18,   27590,  1.87
 461,-52.00,   26602,  0.90,    -931, -0.06,   27533,  1.87
 462,-51.00,   27996,  0.95,     398,  0.03,   27598,  1.87
 463,-50.00,   28926,  0.98,    1266,  0.09,   27660,  1.88
 464,-49.00,   29921,  1.01,    1913,  0.13,   28008,  1.90
 465,-48.00,   31486,  1.07,    2862,  0.19,   28624,  1.94
 466,-47.00,   33325,  1.13,    4514,  0.31,   28811,  1.95
 467,-46.00,   34990,  1.19,    6245,  0.42,   28745,  1.95
 468,-45.00,   36518,  1.24,    8042,  0.55,   28476,  1.93
 469,-44.00,   37392,  1.27,    8922,  0.61,   28470,  1.93
 470,-43.00,   38322,  1.30,    9565,  0.65,   28757,  1.95
 471,-42.00,   39379,  1.34,   10526,  0.71,   28853,  1.96
 472,-41.00,   39256,  1.33,   10937,  0.74,   28319,  1.92
 473,-40.00,   38408,  1.30,   10642,  0.72,   27766,  1.88
 474,-39.00,   36417,  1.23,    9642,  0.65,   26775,  1.82
 475,-38.00,   34210,  1.16,    8541,  0.58,   25669,  1.74
 476,-37.00,   31790,  1.08,    7517,  0.51,   24273,  1.65
 477,-36.00,   29027,  0.98,    6061,  0.41,   22966,  1.56
 478,-35.00,   26784,  0.91,    6032,  0.41,   20752,  1.41
 479,-34.00,   24527,  0.83,    6502,  0.44,   18025,  1.22
 480,-33.00,   22937,  0.78,    7171,  0.49,   15766,  1.07
 481,-32.00,   21446,  0.73,    7630,  0.52,   13816,  0.94
 482,-31.00,   20489,  0.69,    7957,  0.54,   12532,  0.85
 483,-30.00,   19157,  0.65,    7567,  0.51,   11590,  0.79
 484,-29.00,   17212,  0.58,    6753,  0.46,   10459,  0.71
 485,-28.00,   15847,  0.54,    6791,  0.46,    9056,  0.61
 486,-27.00,   15445,  0.52,    7272,  0.49,    8173,  0.55
 487,-26.00,   15448,  0.52,    7982,  0.54,    7466,  0.51
 488,-25.00,   15462,  0.52,    8361,  0.57,    7101,  0.48
 489,-24.00,   14405,  0.49,    7972,  0.54,    6433,  0.44
 490,-23.00,   13257,  0.45,    7723,  0.52,    5534,  0.38
 491,-22.00,   13158,  0.45,    8129,  0.55,    5029,  0.34
 492,-21.00,   12855,  0.44,    8633,  0.59,    4222,  0.29
 493,-20.00,   12735,  0.43,    8869,  0.60,    3866,  0.26
 494,-19.00,   12818,  0.43,    8511,  0.58,    4307,  0.29
 495,-18.00,   13051,  0.44,    8000,  0.54,    5051,  0.34
 496,-17.00,   13796,  0.47,    7803,  0.53,    5993,  0.41
 497,-16.00,   13820,  0.47,    7572,  0.51,    6248,  0.42
 498,-15.00,   13315,  0.45,    7262,  0.49,    6053,  0.41
 499,-14.00,   12416,  0.42,    6927,  0.47,    5489,  0.37
 500,-13.00,   10785,  0.37,    5819,  0.39,    4966,  0.34
 501,-12.00,    8665,  0.29,    4186,  0.28,    4479,  0.30
 502,-11.00,    6481,  0.22,    2504,  0.17,    3977,  0.27
 503,-10.00,    5471,  0.19,     947,  0.06,    4524,  0.31
 504,-9.00,    5387,  0.18,     112,  0.00,    5275,  0.36
 505,-8.00,    6263,  0.21,     -18, -0.00,    6281,  0.43
 506,-7.00,    7323,  0.25,    -220, -0.01,    7543,  0.51
 507,-6.00,    8161,  0.28,    -714, -0.05,    8875,  0.60
 508,-5.00,    9399,  0.32,   -1052, -0.07,   10451,  0.71
 509,-4.00,   10751,  0.36,   -1418, -0.10,   12169,  0.83
 510,-3.00,   11890,  0.40,   -1918, -0.13,   13808,  0.94
 511,-2.00,   12639,  0.43,   -2574, -0.17,   15213,  1.03
 512,-1.00,   13122,  0.44,   -2858, -0.19,   15980,  1.08
 513,0.00,   13532,  0.46,   -2747, -0.19,   16279,  1.10
 514,1.00,   13304,  0.45,   -2468, -0.17,   15772,  1.07
 515,2.00,   13796,  0.47,   -1940, -0.13,   15736,  1.07
 516,3.00,   14776,  0.50,   -1344, -0.09,   16120,  1.09
 517,4.00,   16288,  0.55,    -493, -0.03,   16781,  1.14
 518,5.00,   17256,  0.59,       3,  0.00,   17253,  1.17
 519,6.00,   17587,  0.60,     114,  0.00,   17473,  1.18
 520,7.00,   17012,  0.58,    -316, -0.02,   17328,  1.18
 521,8.00,   17842,  0.61,     287,  0.02,   17555,  1.19
 522,9.00,   18874,  0.64,     688,  0.05,   18186,  1.23
 523,10.00,   18707,  0.63,     522,  0.04,   18185,  1.23
 524,11.00,   18422,  0.62,     908,  0.06,   17514,  1.19
 525,12.00,   18049,  0.61,    1419,  0.10,   16630,  1.13
 526,13.00,   19533,  0.66,    2285,  0.15,   17248,  1.17
 527,14.00,   21171,  0.72,    3056,  0.21,   18115,  1.23
 528,15.00,   22632,  0.77,    3955,  0.27,   18677,  1.27
 529,16.00,   23520,  0.80,    4112,  0.28,   19408,  1.32
 530,17.00,   24756,  0.84,    4240,  0.29,   20516,  1.39
 531,18.00,   25392,  0.86,    4332,  0.29,   21060,  1.43
 532,19.00,   26205,  0.89,    4603,  0.31,   21602,  1.47
 533,20.00,   27061,  0.92,    5221,  0.35,   21840,  1.48
 534,21.00,   27878,  0.95,    5812,  0.39,   22066,  1.50
 535,22.00,   29529,  1.00,    6888,  0.47,   22641,  1.54
 536,23.00,   31187,  1.06,    8143,  0.55,   23044,  1.56
 537,24.00,   32196,  1.09,    9283,  0.63,   22913,  1.55
 538,25.00,   32319,  1.10,   10110,  0.69,   22209,  1.51
 539,26.00,   32341,  1.10,   10713,  0.73,   21628,  1.47
 540,27.00,   32014,  1.09,   11140,  0.76,   20874,  1.42
 541,28.00,   31818,  1.08,   11747,  0.80,   20071,  1.36
 542,29.00,   31563,  1.07,   12221,  0.83,   19342,  1.31
 543,30.00,   31652,  1.07,   12865,  0.87,   18787,  1.27
 544,31.00,   32743,  1.11,   14816,  1.00,   17927,  1.22
 545,32.00,   34075,  1.16,   16681,  1.13,   17394,  1.18
 546,33.00,   35121,  1.19,   18302,  1.24,   16819,  1.14
 547,34.00,   35233,  1.19,   19526,  1.32,   15707,  1.07
 548,35.00,   35672,  1.21,   20834,  1.41,   14838,  1.01
 549,36.00,   37224,  1.26,   22375,  1.52,   14849,  1.01
 550,37.00,   39156,  1.33,   24042,  1.63,   15114,  1.03
 551,38.00,   40443,  1.37,   25479,  1.73,   14964,  1.01
 552,39.00,   41496,  1.41,   27557,  1.87,   13939,  0.95
 553,40.00,   42541,  1.44,   29358,  1.99,   13183,  0.89
 554,41.00,   44382,  1.50,   30212,  2.05,   14170,  0.96
 555,42.00,   45485,  1.54,   30247,  2.05,   15238,  1.03
 556,43.00,   46793,  1.59,   30671,  2.08,   16122,  1.09
 557,44.00,   47259,  1.60,   31076,  2.11,   16183,  1.10
 558,45.00,   47645,  1.62,   31544,  2.14,   16101,  1.09
 559,46.00,   47360,  1.61,   31416,  2.13,   15944,  1.08
 560,47.00,   47034,  1.59,   31063,  2.11,   15971,  1.08
 561,48.00,   47701,  1.62,   30414,  2.06,   17287,  1.17
 562,49.00,   48224,  1.64,   29433,  2.00,   18791,  1.27
 563,50.00,   47852,  1.62,   28230,  1.91,   19622,  1.33
 564,51.00,   46938,  1.59,   27067,  1.84,   19871,  1.35
 565,52.00,   45595,  1.55,   25929,  1.76,   19666,  1.33
 566,53.00,   43937,  1.49,   24971,  1.69,   18966,  1.29
 567,54.00,   42413,  1.44,   24555,  1.67,   17858,  1.21
 568,55.00,   41344,  1.40,   24645,  1.67,   16699,  1.13
 569,56.00,   39880,  1.35,   24525,  1.66,   15355,  1.04
 570,57.00,   38347,  1.30,   23929,  1.62,   14418,  0.98
 571,58.00,   37493,  1.27,   23137,  1.57,   14356,  0.97
 572,59.00,   36617,  1.24,   22157,  1.50,   14460,  0.98
 573,60.00,   35156,  1.19,   21460,  1.46,   13696,  0.93
 574,61.00,   33715,  1.14,   20842,  1.41,   12873,  0.87
 575,62.00,   32697,  1.11,   19788,  1.34,   12909,  0.88
 576,63.00,   32233,  1.09,   18549,  1.26,   13684,  0.93
 577,64.00,   31201,  1.06,   17356,  1.18,   13845,  0.94
 578,65.00,   28892,  0.98,   15780,  1.07,   13112,  0.89
 579,66.00,   26837,  0.91,   14647,  0.99,   12190,  0.83
 580,67.00,   25626,  0.87,   14174,  0.96,   11452,  0.78
 581,68.00,   24700,  0.84,   14010,  0.95,   10690,  0.72
 582,69.00,   23346,  0.79,   13617,  0.92,    9729,  0.66
 583,70.00,   22783,  0.77,   12921,  0.88,    9862,  0.67
 584,71.00,   22078,  0.75,   11883,  0.81,   10195,  0.69
 585,72.00,   21164,  0.72,   11098,  0.75,   10066,  0.68
 586,73.00,   21119,  0.72,   10983,  0.74,   10136,  0.69
 587,74.00,   21823,  0.74,   11208,  0.76,   10615,  0.72
 588,75.00,   22831,  0.77,   11806,  0.80,   11025,  0.75
 589,76.00,   24522,  0.83,   12460,  0.85,   12062,  0.82
 590,77.00,   26841,  0.91,   13792,  0.94,   13049,  0.88
 591,78.00,   28134,  0.95,   14834,  1.01,   13300,  0.90
 592,79.00,   28077,  0.95,   15117,  1.03,   12960,  0.88
 593,80.00,   28259,  0.96,   15505,  1.05,   12754,  0.86
 594,81.00,   29936,  1.02,   16045,  1.09,   13891,  0.94
 595,82.00,   31278,  1.06,   16537,  1.12,   14741,  1.00
 596,83.00,   32875,  1.11,   17276,  1.17,   15599,  1.06
 597,84.00,   35087,  1.19,   18261,  1.24,   16826,  1.14
 598,85.00,   37525,  1.27,   19225,  1.30,   18300,  1.24
 599,86.00,   39536,  1.34,   19816,  1.34,   19720,  1.34
 600,87.00,   41042,  1.39,   20310,  1.38,   20732,  1.41
 601,88.00,   42681,  1.45,   20892,  1.42,   21789,  1.48
 602,89.00,   44070,  1.49,   21273,  1.44,   22797,  1.55
 603,90.00,   46280,  1.57,   22097,  1.50,   24183,  1.64
 604,91.00,   47947,  1.63,   23287,  1.58,   24660,  1.67
 605,92.00,   49622,  1.68,   24631,  1.67,   24991,  1.69
 606,93.00,   51070,  1.73,   25988,  1.76,   25082,  1.70
 607,94.00,   52581,  1.78,   26946,  1.83,   25635,  1.74
 608,95.00,   52897,  1.79,   27101,  1.84,   25796,  1.75
 609,96.00,   51618,  1.75,   26277,  1.78,   25341,  1.72
 610,97.00,   50289,  1.71,   25620,  1.74,   24669,  1.67
 611,98.00,   49180,  1.67,   25181,  1.71,   23999,  1.63
 612,99.00,   48591,  1.65,   25153,  1.71,   23438,  1.59
 613,100.00,   48250,  1.64,   25209,  1.71,   23041,  1.56
 614,101.00,   48307,  1.64,   25578,  1.73,   22729,  1.54
 615,102.00,   46787,  1.59,   24954,  1.69,   21833,  1.48
 616,103.00,   43360,  1.47,   23595,  1.60,   19765,  1.34
 617,104.00,   39608,  1.34,   22110,  1.50,   17498,  1.19
 618,105.00,   36043,  1.22,   20707,  1.40,   15336,  1.04
 619,106.00,   32518,  1.10,   19303,  1.31,   13215,  0.90
 620,107.00,   29279,  0.99,   17579,  1.19,   11700,  0.79
 621,108.00,   25837,  0.88,   15674,  1.06,   10163,  0.69
 622,109.00,   22541,  0.76,   14006,  0.95,    8535,  0.58
 623,110.00,   18674,  0.63,   12245,  0.83,    6429,  0.44
 624,111.00,   14166,  0.48,    9875,  0.67,    4291,  0.29
 625,112.00,    9557,  0.32,    7080,  0.48,    2477,  0.17
 626,113.00,    5985,  0.20,    4832,  0.33,    1153,  0.08
 627,114.00,    3255,  0.11,    3122,  0.21,     133,  0.00
 628,115.00,    1449,  0.05,    2157,  0.15,    -708, -0.05
 629,116.00,   -1457, -0.05,     814,  0.06,   -2271, -0.15
 630,117.00,   -4594, -0.16,    -482, -0.03,   -4112, -0.28
 631,118.00,   -8435, -0.29,   -2276, -0.15,   -6159, -0.42
 632,119.00,  -13036, -0.44,   -4697, -0.32,   -8339, -0.57
 633,120.00,  -17592, -0.60,   -6922, -0.47,  -10670, -0.72
 634,121.00,  -21605, -0.73,   -9156, -0.62,  -12449, -0.84
 635,122.00,  -24941, -0.85,  -10778, -0.73,  -14163, -0.96
 636,123.00,  -28641, -0.97,  -12587, -0.85,  -16054, -1.09
 637,124.00,  -32977, -1.12,  -14499, -0.98,  -18478, -1.25
 638,125.00,  -37681, -1.28,  -16008, -1.09,  -21673, -1.47
 639,126.00,  -42218, -1.43,  -17269, -1.17,  -24949, -1.69
 640,127.00,  -46810, -1.59,  -18792, -1.27,  -28018, -1.90
 641,128.00,  -50236, -1.70,  -19754, -1.34,  -30482, -2.07
 642,129.00,  -53398, -1.81,  -19972, -1.35,  -33426, -2.27
 643,130.00,  -56042, -1.90,  -20142, -1.37,  -35900, -2.43
 644,131.00,  -59050, -2.00,  -20833, -1.41,  -38217, -2.59
 645,132.00,  -61744, -2.09,  -21794, -1.48,  -39950, -2.71
 646,133.00,  -63521, -2.15,  -22609, -1.53,  -40912, -2.77
 647,134.00,  -66005, -2.24,  -23534, -1.60,  -42471, -2.88
 648,135.00,  -68842, -2.33,  -25007, -1.70,  -43835, -2.97
 649,136.00,  -71535, -2.43,  -26231, -1.78,  -45304, -3.07
 650,137.00,  -73989, -2.51,  -27217, -1.85,  -46772, -3.17
 651,138.00,  -76697, -2.60,  -28424, -1.93,  -48273, -3.27
 652,139.00,  -78557, -2.66,  -29616, -2.01,  -48941, -3.32
 653,140.00,  -80299, -2.72,  -30856, -2.09,  -49443, -3.35
 654,141.00,  -82473, -2.80,  -32655, -2.21,  -49818, -3.38
 655,142.00,  -85731, -2.91,  -34674, -2.35,  -51057, -3.46
 656,143.00,  -89354, -3.03,  -36996, -2.51,  -52358, -3.55
 657,144.00,  -92715, -3.14,  -39173, -2.66,  -53542, -3.63
 658,145.00,  -95840, -3.25,  -40984, -2.78,  -54856, -3.72
 659,146.00,  -98533, -3.34,  -42602, -2.89,  -55931, -3.79
 660,147.00, -101307, -3.44,  -44137, -2.99,  -57170, -3.88
 661,148.00, -102351, -3.47,  -44791, -3.04,  -57560, -3.90
 662,149.00, -102489, -3.48,  -45136, -3.06,  -57353, -3.89
 663,150.00, -102878, -3.49,  -45257, -3.07,  -57621, -3.91
 664,151.00, -103148, -3.50,  -44948, -3.05,  -58200, -3.95
 665,152.00, -103262, -3.50,  -44727, -3.03,  -58535, -3.97
 666,153.00, -104143, -3.53,  -44587, -3.02,  -59556, -4.04
 667,154.00, -105174, -3.57,  -44467, -3.02,  -60707, -4.12
 668,155.00, -105799, -3.59,  -43833, -2.97,  -61966, -4.20
 669,156.00, -105374, -3.57,  -42836, -2.91,  -62538, -4.24
 670,157.00, -104532, -3.54,  -42234, -2.86,  -62298, -4.22
 671,158.00, -103974, -3.53,  -42033, -2.85,  -61941, -4.20
 672,159.00, -103090, -3.50,  -41792, -2.83,  -61298, -4.16
 673,160.00, -102469, -3.47,  -41225, -2.80,  -61244, -4.15
 674,161.00, -101679, -3.45,  -40092, -2.72,  -61587, -4.18
 675,162.00, -101983, -3.46,  -39477, -2.68,  -62506, -4.24
 676,163.00, -103651, -3.51,  -40161, -2.72,  -63490, -4.31
 677,164.00, -105471, -3.58,  -41370, -2.81,  -64101, -4.35
 678,165.00, -107910, -3.66,  -42651, -2.89,  -65259, -4.43
 679,166.00, -110143, -3.73,  -43654, -2.96,  -66489, -4.51
 680,167.00, -111919, -3.80,  -44226, -3.00,  -67693, -4.59
 681,168.00, -112668, -3.82,  -44793, -3.04,  -67875, -4.60
 682,169.00, -112973, -3.83,  -44960, -3.05,  -68013, -4.61
 683,170.00, -113016, -3.83,  -44569, -3.02,  -68447, -4.64
 684,171.00, -112462, -3.81,  -43945, -2.98,  -68517, -4.65
 685,172.00, -111222, -3.77,  -43254, -2.93,  -67968, -4.61
 686,173.00, -109505, -3.71,  -42557, -2.89,  -66948, -4.54
 687,174.00, -108054, -3.66,  -41444, -2.81,  -66610, -4.52
 688,175.00, -107752, -3.65,  -40651, -2.76,  -67101, -4.55
 689,176.00, -107220, -3.64,  -40124, -2.72,  -67096, -4.55
 690,177.00, -106983, -3.63,  -39294, -2.66,  -67689, -4.59
 691,178.00, -105998, -3.59,  -38097, -2.58,  -67901, -4.60
 692,179.00, -103959, -3.53,  -36910, -2.50,  -67049, -4.55
 693,180.00, -102895, -3.49,  -36028, -2.44,  -66867, -4.53
 694,181.00, -101989, -3.46,  -35043, -2.38,  -66946, -4.54
 695,182.00, -100432, -3.41,  -33824, -2.29,  -66608, -4.52
 696,183.00,  -99520, -3.37,  -33038, -2.24,  -66482, -4.51
 697,184.00,  -99510, -3.37,  -32863, -2.23,  -66647, -4.52
 698,185.00, -100027, -3.39,  -32789, -2.22,  -67238, -4.56
 699,186.00,  -99919, -3.39,  -32262, -2.19,  -67657, -4.59
 700,187.00,  -99760, -3.38,  -31757, -2.15,  -68003, -4.61
 701,188.00,  -99381, -3.37,  -32165, -2.18,  -67216, -4.56
 702,189.00,  -98848, -3.35,  -32380, -2.20,  -66468, -4.51
 703,190.00,  -98897, -3.35,  -32036, -2.17,  -66861, -4.53
 704,191.00,  -99137, -3.36,  -31549, -2.14,  -67588, -4.58
 705,192.00,  -99149, -3.36,  -31232, -2.12,  -67917, -4.61
 706,193.00,  -98518, -3.34,  -31085, -2.11,  -67433, -4.57
 707,194.00,  -96944, -3.29,  -30388, -2.06,  -66556, -4.51
 708,195.00,  -95997, -3.26,  -29675, -2.01,  -66322, -4.50
 709,196.00,  -96343, -3.27,  -29744, -2.02,  -66599, -4.52
 710,197.00,  -96552, -3.27,  -29697, -2.01,  -66855, -4.53
 711,198.00,  -96058, -3.26,  -29224, -1.98,  -66834, -4.53
 712,199.00,  -96058, -3.26,  -28836, -1.96,  -67222, -4.56
 713,200.00,  -96147, -3.26,  -28474, -1.93,  -67673, -4.59
 714,201.00,  -96765, -3.28,  -28872, -1.96,  -67893, -4.60
 715,202.00,  -97743, -3.31,  -30003, -2.03,  -67740, -4.59
 716,203.00,  -99373, -3.37,  -31630, -2.15,  -67743, -4.59
 717,204.00, -100822, -3.42,  -32806, -2.22,  -68016, -4.61
 718,205.00, -102288, -3.47,  -33560, -2.28,  -68728, -4.66
 719,206.00, -104342, -3.54,  -34733, -2.36,  -69609, -4.72
 720,207.00, -107151, -3.63,  -36660, -2.49,  -70491, -4.78
 721,208.00, -109852, -3.73,  -38412, -2.61,  -71440, -4.84
 722,209.00, -112478, -3.81,  -39973, -2.71,  -72505, -4.92
 723,210.00, -114804, -3.89,  -41942, -2.84,  -72862, -4.94
 724,211.00, -116594, -3.95,  -43743, -2.97,  -72851, -4.94
 725,212.00, -117965, -4.00,  -45367, -3.08,  -72598, -4.92
 726,213.00, -119579, -4.05,  -47762, -3.24,  -71817, -4.87
 727,214.00, -121938, -4.13,  -50390, -3.42,  -71548, -4.85
 728,215.00, -123770, -4.20,  -52507, -3.56,  -71263, -4.83
 729,216.00, -125295, -4.25,  -54417, -3.69,  -70878, -4.81
 730,217.00, -126145, -4.28,  -56360, -3.82,  -69785, -4.73
 731,218.00, -126928, -4.30,  -58343, -3.96,  -68585, -4.65
 732,219.00, -128826, -4.37,  -60331, -4.09,  -68495, -4.65
 733,220.00, -129688, -4.40,  -61795, -4.19,  -67893, -4.60
 734,221.00, -129219, -4.38,  -62182, -4.22,  -67037, -4.55
 735,222.00, -128450, -4.36,  -62440, -4.23,  -66010, -4.48
 736,223.00, -127892, -4.34,  -63038, -4.28,  -64854, -4.40
 737,224.00, -128153, -4.35,  -64236, -4.36,  -63917, -4.33
 738,225.00, -129212, -4.38,  -65992, -4.48,  -63220, -4.29
 739,226.00, -130647, -4.43,  -67946, -4.61,  -62701, -4.25
 740,227.00, -131203, -4.45,  -69380, -4.71,  -61823, -4.19
 741,228.00, -130349, -4.42,  -70341, -4.77,  -60008, -4.07
 742,229.00, -129704, -4.40,  -71546, -4.85,  -58158, -3.94
 743,230.00, -129418, -4.39,  -72246, -4.90,  -57172, -3.88
 744,231.00, -129476, -4.39,  -72588, -4.92,  -56888, -3.86
 745,232.00, -128592, -4.36,  -72815, -4.94,  -55777, -3.78
 746,233.00, -127272, -4.32,  -73126, -4.96,  -54146, -3.67
 747,234.00, -125693, -4.26,  -73844, -5.01,  -51849, -3.52
 748,235.00, -123707, -4.19,  -74146, -5.03,  -49561, -3.36
 749,236.00, -122004, -4.14,  -74235, -5.03,  -47769, -3.24
 750,237.00, -119819, -4.06,  -73492, -4.98,  -46327, -3.14
 751,238.00, -117842, -4.00,  -73108, -4.96,  -44734, -3.03
 752,239.00, -116552, -3.95,  -73138, -4.96,  -43414, -2.94
 753,240.00, -115607, -3.92,  -73047, -4.95,  -42560, -2.89
 754,241.00, -115696, -3.92,  -73717, -5.00,  -41979, -2.85
 755,242.00, -115857, -3.93,  -74393, -5.05,  -41464, -2.81
 756,243.00, -115724, -3.92,  -75144, -5.10,  -40580, -2.75
 757,244.00, -115090, -3.90,  -75522, -5.12,  -39568, -2.68
 758,245.00, -114193, -3.87,  -75574, -5.13,  -38619, -2.62
 759,246.00, -113628, -3.85,  -75610, -5.13,  -38018, -2.58
 760,247.00, -112410, -3.81,  -75225, -5.10,  -37185, -2.52
 761,248.00, -110825, -3.76,  -74770, -5.07,  -36055, -2.45
 762,249.00, -108803, -3.69,  -74093, -5.02,  -34710, -2.35
 763,250.00, -107557, -3.65,  -73673, -5.00,  -33884, -2.30
 764,251.00, -106115, -3.60,  -73616, -4.99,  -32499, -2.20
 765,252.00, -105385, -3.57,  -73997, -5.02,  -31388, -2.13
 766,253.00, -104358, -3.54,  -74160, -5.03,  -30198, -2.05
 767,254.00, -102101, -3.46,  -73987, -5.02,  -28114, -1.91
 768,255.00,  -98817, -3.35,  -73300, -4.97,  -25517, -1.73
 769,256.00,  -95258, -3.23,  -72129, -4.89,  -23129, -1.57
 770,257.00,  -91453, -3.10,  -70478, -4.78,  -20975, -1.42
 771,258.00,  -87692, -2.97,  -68330, -4.63,  -19362, -1.31
 772,259.00,  -83538, -2.83,  -66532, -4.51,  -17006, -1.15
 773,260.00,  -79876, -2.71,  -65303, -4.43,  -14573, -0.99
 774,261.00,  -76647, -2.60,  -63921, -4.34,  -12726, -0.86
 775,262.00,  -73026, -2.48,  -62568, -4.24,  -10458, -0.71
 776,263.00,  -69493, -2.36,  -61318, -4.16,   -8175, -0.55
 777,264.00,  -65183, -2.21,  -59495, -4.03,   -5688, -0.39
 778,265.00,  -61344, -2.08,  -57674, -3.91,   -3670, -0.25
 779,266.00,  -58350, -1.98,  -55721, -3.78,   -2629, -0.18
 780,267.00,  -56348, -1.91,  -53631, -3.64,   -2717, -0.18
 781,268.00,  -53433, -1.81,  -51579, -3.50,   -1854, -0.13
 782,269.00,  -49657, -1.68,  -49424, -3.35,    -233, -0.02
 783,270.00,  -44774, -1.52,  -47054, -3.19,    2280,  0.15
 784,271.00,  -40470, -1.37,  -44583, -3.02,    4113,  0.28
 785,272.00,  -34646, -1.17,  -41294, -2.80,    6648,  0.45
 786,273.00,  -29227, -0.99,  -38373, -2.60,    9146,  0.62
 787,274.00,  -24821, -0.84,  -35759, -2.43,   10938,  0.74
 788,275.00,  -20422, -0.69,  -33171, -2.25,   12749,  0.86
 789,276.00,  -15049, -0.51,  -30159, -2.05,   15110,  1.02
 790,277.00,   -9597, -0.33,  -27294, -1.85,   17697,  1.20
 791,278.00,   -4559, -0.15,  -24280, -1.65,   19721,  1.34
 792,279.00,     711,  0.02,  -20887, -1.42,   21598,  1.46
 793,280.00,    6572,  0.22,  -17193, -1.17,   23765,  1.61
 794,281.00,   12702,  0.43,  -13349, -0.91,   26051,  1.77
 795,282.00,   17709,  0.60,   -9919, -0.67,   27628,  1.87
 796,283.00,   21765,  0.74,   -6903, -0.47,   28668,  1.94
 797,284.00,   26261,  0.89,   -4384, -0.30,   30645,  2.08
 798,285.00,   30713,  1.04,   -2261, -0.15,   32974,  2.24
 799,286.00,   34083,  1.16,    -584, -0.04,   34667,  2.35
 800,287.00,   37547,  1.27,    1560,  0.11,   35987,  2.44
 801,288.00,   41373,  1.40,    4469,  0.30,   36904,  2.50
 802,289.00,   46045,  1.56,    7865,  0.53,   38180,  2.59
 803,290.00,   50713,  1.72,   11987,  0.81,   38726,  2.63
 804,291.00,   54980,  1.86,   15907,  1.08,   39073,  2.65
 805,292.00,   59436,  2.02,   19552,  1.33,   39884,  2.70
 806,293.00,   63409,  2.15,   22671,  1.54,   40738,  2.76
 807,294.00,   66861,  2.27,   25042,  1.70,   41819,  2.84
 808,295.00,   70128,  2.38,   27234,  1.85,   42894,  2.91
 809,296.00,   73431,  2.49,   29588,  2.01,   43843,  2.97
 810,297.00,   77286,  2.62,   32225,  2.19,   45061,  3.06
 811,298.00,   81560,  2.77,   35291,  2.39,   46269,  3.14
 812,299.00,   86350,  2.93,   39059,  2.65,   47291,  3.21
 813,300.00,   91439,  3.10,   42585,  2.89,   48854,  3.31
 814,301.00,   95873,  3.25,   45719,  3.10,   50154,  3.40
 815,302.00,   99716,  3.38,   48992,  3.32,   50724,  3.44
 816,303.00,  103657,  3.51,   52343,  3.55,   51314,  3.48
 817,304.00,  108967,  3.70,   56205,  3.81,   52762,  3.58
 818,305.00,  115446,  3.91,   60242,  4.09,   55204,  3.74
 819,306.00,  121115,  4.11,   63939,  4.34,   57176,  3.88
 820,307.00,  126133,  4.28,   67409,  4.57,   58724,  3.98
 821,308.00,  132343,  4.49,   71125,  4.82,   61218,  4.15
 822,309.00,  138012,  4.68,   74681,  5.06,   63331,  4.30
 823,310.00,  142220,  4.82,   77277,  5.24,   64943,  4.40
 824,311.00,  145613,  4.94,   79412,  5.39,   66201,  4.49
 825,312.00,  149065,  5.05,   81675,  5.54,   67390,  4.57
 826,313.00,  153702,  5.21,   84343,  5.72,   69359,  4.70
 827,314.00,  158247,  5.37,   86718,  5.88,   71529,  4.85
 828,315.00,  161842,  5.49,   88857,  6.03,   72985,  4.95
 829,316.00,  165028,  5.60,   90658,  6.15,   74370,  5.04
 830,317.00,  167583,  5.68,   92454,  6.27,   75129,  5.10
 831,318.00,  169345,  5.74,   93987,  6.37,   75358,  5.11
 832,319.00,  169824,  5.76,   94941,  6.44,   74883,  5.08
 833,320.00,  170345,  5.78,   95324,  6.46,   75021,  5.09
 834,321.00,  171058,  5.80,   95444,  6.47,   75614,  5.13
 835,322.00,  171582,  5.82,   95517,  6.48,   76065,  5.16
 836,323.00,  171941,  5.83,   95560,  6.48,   76381,  5.18
 837,324.00,  171891,  5.83,   95585,  6.48,   76306,  5.17
 838,325.00,  171806,  5.83,   95592,  6.48,   76214,  5.17
 839,326.00,  170739,  5.79,   95863,  6.50,   74876,  5.08
 840,327.00,  168821,  5.72,   96293,  6.53,   72528,  4.92
 841,328.00,  166029,  5.63,   95940,  6.51,   70089,  4.75
 842,329.00,  163854,  5.56,   95485,  6.48,   68369,  4.64
 843,330.00,  161909,  5.49,   95270,  6.46,   66639,  4.52
 844,331.00,  159961,  5.42,   95104,  6.45,   64857,  4.40
 845,332.00,  158758,  5.38,   95474,  6.47,   63284,  4.29
 846,333.00,  157486,  5.34,   96251,  6.53,   61235,  4.15
 847,334.00,  156083,  5.29,   96625,  6.55,   59458,  4.03
 848,335.00,  154972,  5.26,   96360,  6.54,   58612,  3.98
 849,336.00,  152808,  5.18,   95837,  6.50,   56971,  3.86
 850,337.00,  150127,  5.09,   95640,  6.49,   54487,  3.70
 851,338.00,  147481,  5.00,   95023,  6.44,   52458,  3.56
 852,339.00,  143675,  4.87,   93462,  6.34,   50213,  3.41
 853,340.00,  140243,  4.76,   91455,  6.20,   48788,  3.31
 854,341.00,  138220,  4.69,   90174,  6.12,   48046,  3.26
 855,342.00,  136610,  4.63,   88851,  6.03,   47759,  3.24
 856,343.00,  135862,  4.61,   87851,  5.96,   48011,  3.26
 857,344.00,  134442,  4.56,   86588,  5.87,   47854,  3.25
 858,345.00,  132386,  4.49,   84881,  5.76,   47505,  3.22
 859,346.00,  130597,  4.43,   83365,  5.65,   47232,  3.20
 860,347.00,  128775,  4.37,   82306,  5.58,   46469,  3.15
 861,348.00,  126618,  4.29,   80795,  5.48,   45823,  3.11
 862,349.00,  124511,  4.22,   79474,  5.39,   45037,  3.05
 863,350.00,  121845,  4.13,   78480,  5.32,   43365,  2.94
 864,351.00,  117977,  4.00,   77145,  5.23,   40832,  2.77
 865,352.00,  114117,  3.87,   75385,  5.11,   38732,  2.63
 866,353.00,  110798,  3.76,   73522,  4.99,   37276,  2.53
 867,354.00,  108158,  3.67,   71932,  4.88,   36226,  2.46
 868,355.00,  104400,  3.54,   69652,  4.72,   34748,  2.36
 869,356.00,  100022,  3.39,   67312,  4.57,   32710,  2.22
 870,357.00,   95296,  3.23,   64940,  4.40,   30356,  2.06
 871,358.00,   90675,  3.07,   62697,  4.25,   27978,  1.90
 872,359.00,   86186,  2.92,   60349,  4.09,   25837,  1.75
 873,360.00,   81440,  2.76,   57642,  3.91,   23798,  1.61
 874,361.00,   76789,  2.60,   55038,  3.73,   21751,  1.48
 875,362.00,   73039,  2.48,   52974,  3.59,   20065,  1.36
 876,363.00,   70745,  2.40,   50790,  3.44,   19955,  1.35
 877,364.00,   69124,  2.34,   48830,  3.31,   20294,  1.38
 878,365.00,   67493,  2.29,   47095,  3.19,   20398,  1.38
 879,366.00,   65814,  2.23,   45482,  3.08,   20332,  1.38
 880,367.00,   65084,  2.21,   44276,  3.00,   20808,  1.41
 881,368.00,   64503,  2.19,   43224,  2.93,   21279,  1.44
 882,369.00,   63776,  2.16,   42266,  2.87,   21510,  1.46
 883,370.00,   62641,  2.12,   41252,  2.80,   21389,  1.45
 884,371.00,   61217,  2.08,   39638,  2.69,   21579,  1.46
 885,372.00,   59886,  2.03,   38168,  2.59,   21718,  1.47
 886,373.00,   59161,  2.01,   37450,  2.54,   21711,  1.47
 887,374.00,   58912,  2.00,   37154,  2.52,   21758,  1.48
 888,375.00,   57974,  1.97,   36794,  2.50,   21180,  1.44
 889,376.00,   57608,  1.95,   36554,  2.48,   21054,  1.43
 890,377.00,   57185,  1.94,   35742,  2.42,   21443,  1.45
 891,378.00,   55151,  1.87,   34036,  2.31,   21115,  1.43
 892,379.00,   52349,  1.78,   32040,  2.17,   20309,  1.38
 893,380.00,   49706,  1.69,   29833,  2.02,   19873,  1.35
 894,381.00,   46665,  1.58,   26990,  1.83,   19675,  1.33
 895,382.00,   43372,  1.47,   24154,  1.64,   19218,  1.30
 896,383.00,   39939,  1.35,   21547,  1.46,   18392,  1.25
 897,384.00,   36651,  1.24,   18881,  1.28,   17770,  1.21
 898,385.00,   33755,  1.14,   16703,  1.13,   17052,  1.16
 899,386.00,   32078,  1.09,   14923,  1.01,   17155,  1.16
 900,387.00,   31180,  1.06,   13277,  0.90,   17903,  1.21
 901,388.00,   30518,  1.03,   11804,  0.80,   18714,  1.27
 902,389.00,   29219,  0.99,    9988,  0.68,   19231,  1.30
 903,390.00,   26840,  0.91,    7784,  0.53,   19056,  1.29
 904,391.00,   24056,  0.82,    5364,  0.36,   18692,  1.27
 905,392.00,   20939,  0.71,    2679,  0.18,   18260,  1.24
 906,393.00,   18016,  0.61,     128,  0.00,   17888,  1.21
 907,394.00,   15134,  0.51,   -1444, -0.10,   16578,  1.12
 908,395.00,   12556,  0.43,   -2799, -0.19,   15355,  1.04
 909,396.00,   10798,  0.37,   -3655, -0.25,   14453,  0.98
 910,397.00,    9783,  0.33,   -3508, -0.24,   13291,  0.90
 911,398.00,    8704,  0.30,   -3442, -0.23,   12146,  0.82
 912,399.00,    7342,  0.25,   -3645, -0.25,   10987,  0.75
 913,400.00,    5850,  0.20,   -3717, -0.25,    9567,  0.65
 914,401.00,    4268,  0.14,   -4453, -0.30,    8721,  0.59
 915,402.00,    2611,  0.09,   -5302, -0.36,    7913,  0.54
 916,403.00,    1760,  0.06,   -5845, -0.40,    7605,  0.52
 917,404.00,    1096,  0.04,   -5842, -0.40,    6938,  0.47
 918,405.00,    -283, -0.00,   -5897, -0.40,    5614,  0.38
 919,406.00,   -1736, -0.06,   -6319, -0.43,    4583,  0.31
 920,407.00,   -2842, -0.10,   -6683, -0.45,    3841,  0.26
 921,408.00,   -3612, -0.12,   -6364, -0.43,    2752,  0.19
 922,409.00,   -4010, -0.14,   -5834, -0.40,    1824,  0.12
 923,410.00,   -4623, -0.16,   -5460, -0.37,     837,  0.06
 924,411.00,   -4212, -0.14,   -4624, -0.31,     412,  0.03
 925,412.00,   -4281, -0.15,   -4617, -0.31,     336,  0.02
 926,413.00,   -4857, -0.16,   -5676, -0.38,     819,  0.06
 927,414.00,   -5179, -0.18,   -7056, -0.48,    1877,  0.13
 928,415.00,   -6042, -0.20,   -8315, -0.56,    2273,  0.15
 929,416.00,   -7611, -0.26,   -9289, -0.63,    1678,  0.11
 930,417.00,   -9627, -0.33,  -10501, -0.71,     874,  0.06
 931,418.00,  -10690, -0.36,  -11534, -0.78,     844,  0.06
 932,419.00,  -11325, -0.38,  -12331, -0.84,    1006,  0.07
 933,420.00,  -10478, -0.36,  -12599, -0.85,    2121,  0.14
 934,421.00,   -9445, -0.32,  -12740, -0.86,    3295,  0.22
 935,422.00,   -9632, -0.33,  -13298, -0.90,    3666,  0.25
 936,423.00,   -9554, -0.32,  -13669, -0.93,    4115,  0.28
 937,424.00,   -9947, -0.34,  -13793, -0.94,    3846,  0.26
 938,425.00,  -10180, -0.35,  -13931, -0.94,    3751,  0.25
 939,426.00,  -11442, -0.39,  -14393, -0.98,    2951,  0.20
 940,427.00,  -13538, -0.46,  -15576, -1.06,    2038,  0.14
 941,428.00,  -14988, -0.51,  -16210, -1.10,    1222,  0.08
 942,429.00,  -16564, -0.56,  -16596, -1.13,      32,  0.00
 943,430.00,  -18255, -0.62,  -17578, -1.19,    -677, -0.05
 944,431.00,  -19862, -0.67,  -18981, -1.29,    -881, -0.06
 945,432.00,  -21958, -0.74,  -20967, -1.42,    -991, -0.07
 946,433.00,  -24372, -0.83,  -22833, -1.55,   -1539, -0.10
 947,434.00,  -25763, -0.87,  -23524, -1.60,   -2239, -0.15
 948,435.00,  -26458, -0.90,  -23420, -1.59,   -3038, -0.21
 949,436.00,  -26521, -0.90,  -22720, -1.54,   -3801, -0.26
 950,437.00,  -26545, -0.90,  -22381, -1.52,   -4164, -0.28
 951,438.00,  -27618, -0.94,  -22711, -1.54,   -4907, -0.33
 952,439.00,  -28313, -0.96,  -22854, -1.55,   -5459, -0.37
 953,440.00,  -29002, -0.98,  -22937, -1.56,   -6065, -0.41
 954,441.00,  -29571, -1.00,  -22759, -1.54,   -6812, -0.46
 955,442.00,  -30142, -1.02,  -22791, -1.55,   -7351, -0.50
 956,443.00,  -30689, -1.04,  -23142, -1.57,   -7547, -0.51
 957,444.00,  -31339, -1.06,  -23654, -1.60,   -7685, -0.52
 958,445.00,  -31174, -1.06,  -23588, -1.60,   -7586, -0.51
 959,446.00,  -30997, -1.05,  -23053, -1.56,   -7944, -0.54
 960,447.00,  -31092, -1.05,  -22520, -1.53,   -8572, -0.58
 961,448.00,  -31224, -1.06,  -22107, -1.50,   -9117, -0.62
 962,449.00,  -30829, -1.05,  -21268, -1.44,   -9561, -0.65
 963,450.00,  -30342, -1.03,  -20287, -1.38,  -10055, -0.68
 964,451.00,  -31374, -1.06,  -20103, -1.36,  -11271, -0.76
 965,452.00,  -32711, -1.11,  -19736, -1.34,  -12975, -0.88
 966,453.00,  -33026, -1.12,  -18851, -1.28,  -14175, -0.96
 967,454.00,  -33083, -1.12,  -17949, -1.22,  -15134, -1.03
 968,455.00,  -33426, -1.13,  -16918, -1.15,  -16508, -1.12
 969,456.00,  -33563, -1.14,  -16326, -1.11,  -17237, -1.17
 970,457.00,  -32704, -1.11,  -15177, -1.03,  -17527, -1.19
 971,458.00,  -31461, -1.07,  -13720, -0.93,  -17741, -1.20
 972,459.00,  -30861, -1.05,  -12247, -0.83,  -18614, -1.26
 973,460.00,  -30192, -1.02,  -11128, -0.75,  -19064, -1.29
 974,461.00,  -28900, -0.98,   -9987, -0.68,  -18913, -1.28
 975,462.00,  -27797, -0.94,   -8649, -0.59,  -19148, -1.30
 976,463.00,  -26535, -0.90,   -7376, -0.50,  -19159, -1.30
 977,464.00,  -25499, -0.86,   -6182, -0.42,  -19317, -1.31
 978,465.00,  -25350, -0.86,   -5349, -0.36,  -20001, -1.36
 979,466.00,  -24911, -0.84,   -4672, -0.32,  -20239, -1.37
 980,467.00,  -24034, -0.81,   -4356, -0.30,  -19678, -1.33
 981,468.00,  -22784, -0.77,   -4062, -0.28,  -18722, -1.27
 982,469.00,  -21418, -0.73,   -3623, -0.25,  -17795, -1.21
 983,470.00,  -20463, -0.69,   -3480, -0.24,  -16983, -1.15
 984,471.00,  -20125, -0.68,   -3913, -0.27,  -16212, -1.10
 985,472.00,  -18683, -0.63,   -3594, -0.24,  -15089, -1.02
 986,473.00,  -16611, -0.56,   -2163, -0.15,  -14448, -0.98
 987,474.00,  -14820, -0.50,    -847, -0.06,  -13973, -0.95
 988,475.00,  -13127, -0.45,     322,  0.02,  -13449, -0.91
 989,476.00,  -11801, -0.40,    1187,  0.08,  -12988, -0.88
 990,477.00,  -10278, -0.35,    1868,  0.13,  -12146, -0.82
 991,478.00,   -9328, -0.32,    2458,  0.17,  -11786, -0.80
 992,479.00,   -8921, -0.30,    2982,  0.20,  -11903, -0.81
 993,480.00,   -8335, -0.28,    3834,  0.26,  -12169, -0.83
 994,481.00,   -8102, -0.27,    5155,  0.35,  -13257, -0.90
 995,482.00,   -8149, -0.28,    6492,  0.44,  -14641, -0.99
 996,483.00,   -7815, -0.27,    7861,  0.53,  -15676, -1.06
 997,484.00,   -7563, -0.26,    8655,  0.59,  -16218, -1.10
 998,485.00,   -7265, -0.25,    9208,  0.62,  -16473, -1.12
 999,486.00,   -7045, -0.24,    9233,  0.63,  -16278, -1.10
1000,487.00,   -6744, -0.23,    8838,  0.60,  -15582, -1.06
1001,488.00,   -6910, -0.23,    8089,  0.55,  -14999, -1.02
1002,489.00,   -6525, -0.22,    8305,  0.56,  -14830, -1.01
1003,490.00,   -6069, -0.21,    8784,  0.60,  -14853, -1.01
1004,491.00,   -5439, -0.18,    9386,  0.64,  -14825, -1.01
1005,492.00,   -4997, -0.17,   10037,  0.68,  -15034, -1.02
1006,493.00,   -3976, -0.13,   10824,  0.73,  -14800, -1.00
1007,494.00,   -3329, -0.11,   10717,  0.73,  -14046, -0.95
1008,495.00,   -2719, -0.09,   10221,  0.69,  -12940, -0.88
1009,496.00,   -2382, -0.08,    9562,  0.65,  -11944, -0.81
1010,497.00,   -1801, -0.06,    9238,  0.63,  -11039, -0.75
1011,498.00,   -2169, -0.07,    8975,  0.61,  -11144, -0.76
1012,499.00,   -1911, -0.06,    8769,  0.59,  -10680, -0.72
1013,500.00,   -1192, -0.04,    8740,  0.59,   -9932, -0.67
1014,501.00,    -546, -0.02,    8895,  0.60,   -9441, -0.64
1015,502.00,     762,  0.03,    9560,  0.65,   -8798, -0.60
1016,503.00,    1976,  0.07,   10787,  0.73,   -8811, -0.60
1017,504.00,    2480,  0.08,   11740,  0.80,   -9260, -0.63
1018,505.00,    2429,  0.08,   12197,  0.83,   -9768, -0.66
1019,506.00,    1815,  0.06,   12046,  0.82,  -10231, -0.69
1020,507.00,    2068,  0.07,   11961,  0.81,   -9893, -0.67
1021,508.00,    2863,  0.10,   12744,  0.86,   -9881, -0.67
1022,509.00,    2998,  0.10,   13687,  0.93,  -10689, -0.72
1023,510.00,    2674,  0.09,   14233,  0.97,  -11559, -0.78
1024,511.00,    2585,  0.09,   15076,  1.02,  -12491, -0.85
