-----------------------------------------------------------------------------------
Identifier:,IHS5922-20183101
File Name:,MPLP70B.4
Ear:,L
Channel:,2
Intensity:,70 dB HL
Stim. Rate:,  1.10/s
Stim. Mode:,0
Sweeps:,60
Artifacts:,1
Smp. Period:,1000.00 us
Amp. Gain:, 50.00 K
Low Pass:, 30.00 Hz
High Pass:,  1.00 Hz
Notch Filter:,TRUE
Stimulus:,100
Stim. Freq.:,1000 Hz
Stim. Dur.:,2000 pnts
Masking:,0 dB SPL
Stim. Point:,513
-----------------------------------------------------------------------------------
Peak Information:,Label,Peak(+),Peak(+)(ms),Peak(-),Peak(-)(ms)
,21, 793,280.00, 988,475.00,
-----------------------------------------------------------------------------------


Data Pnt:,Data Pnt(ms):,Average:,Average(uV):,Buffer1:,Buffer1(uV):,Buffer2:,Buffer2(uV):
   1,-512.00,       0,  0.00,       0,  0.00,       0,  0.00
   2,-511.00,       0,  0.00,       0,  0.00,       0,  0.00
   3,-510.00,       0,  0.00,       0,  0.00,       0,  0.00
   4,-509.00,       0,  0.00,       0,  0.00,       0,  0.00
   5,-508.00,       0,  0.00,       0,  0.00,       0,  0.00
   6,-507.00,       0,  0.00,       0,  0.00,       0,  0.00
   7,-506.00,       0,  0.00,       0,  0.00,       0,  0.00
   8,-505.00,       0,  0.00,       0,  0.00,       0,  0.00
   9,-504.00,       0,  0.00,       0,  0.00,       0,  0.00
  10,-503.00,       0,  0.00,       0,  0.00,       0,  0.00
  11,-502.00,       0,  0.00,       0,  0.00,       0,  0.00
  12,-501.00,       0,  0.00,       0,  0.00,       0,  0.00
  13,-500.00,       0,  0.00,       0,  0.00,       0,  0.00
  14,-499.00,       0,  0.00,       0,  0.00,       0,  0.00
  15,-498.00,       0,  0.00,       0,  0.00,       0,  0.00
  16,-497.00,       0,  0.00,       0,  0.00,       0,  0.00
  17,-496.00,       0,  0.00,       0,  0.00,       0,  0.00
  18,-495.00,       0,  0.00,       0,  0.00,       0,  0.00
  19,-494.00,       0,  0.00,       0,  0.00,       0,  0.00
  20,-493.00,       0,  0.00,       0,  0.00,       0,  0.00
  21,-492.00,       0,  0.00,       0,  0.00,       0,  0.00
  22,-491.00,       0,  0.00,       0,  0.00,       0,  0.00
  23,-490.00,       0,  0.00,       0,  0.00,       0,  0.00
  24,-489.00,       0,  0.00,       0,  0.00,       0,  0.00
  25,-488.00,       0,  0.00,       0,  0.00,       0,  0.00
  26,-487.00,       0,  0.00,       0,  0.00,       0,  0.00
  27,-486.00,       0,  0.00,       0,  0.00,       0,  0.00
  28,-485.00,       0,  0.00,       0,  0.00,       0,  0.00
  29,-484.00,       0,  0.00,       0,  0.00,       0,  0.00
  30,-483.00,       0,  0.00,       0,  0.00,       0,  0.00
  31,-482.00,       0,  0.00,       0,  0.00,       0,  0.00
  32,-481.00,       0,  0.00,       0,  0.00,       0,  0.00
  33,-480.00,       0,  0.00,       0,  0.00,       0,  0.00
  34,-479.00,       0,  0.00,       0,  0.00,       0,  0.00
  35,-478.00,       0,  0.00,       0,  0.00,       0,  0.00
  36,-477.00,       0,  0.00,       0,  0.00,       0,  0.00
  37,-476.00,       0,  0.00,       0,  0.00,       0,  0.00
  38,-475.00,       0,  0.00,       0,  0.00,       0,  0.00
  39,-474.00,       0,  0.00,       0,  0.00,       0,  0.00
  40,-473.00,       0,  0.00,       0,  0.00,       0,  0.00
  41,-472.00,       0,  0.00,       0,  0.00,       0,  0.00
  42,-471.00,       0,  0.00,       0,  0.00,       0,  0.00
  43,-470.00,       0,  0.00,       0,  0.00,       0,  0.00
  44,-469.00,       0,  0.00,       0,  0.00,       0,  0.00
  45,-468.00,       0,  0.00,       0,  0.00,       0,  0.00
  46,-467.00,       0,  0.00,       0,  0.00,       0,  0.00
  47,-466.00,       0,  0.00,       0,  0.00,       0,  0.00
  48,-465.00,       0,  0.00,       0,  0.00,       0,  0.00
  49,-464.00,       0,  0.00,       0,  0.00,       0,  0.00
  50,-463.00,       0,  0.00,       0,  0.00,       0,  0.00
  51,-462.00,       0,  0.00,       0,  0.00,       0,  0.00
  52,-461.00,       0,  0.00,       0,  0.00,       0,  0.00
  53,-460.00,       0,  0.00,       0,  0.00,       0,  0.00
  54,-459.00,       0,  0.00,       0,  0.00,       0,  0.00
  55,-458.00,       0,  0.00,       0,  0.00,       0,  0.00
  56,-457.00,       0,  0.00,       0,  0.00,       0,  0.00
  57,-456.00,       0,  0.00,       0,  0.00,       0,  0.00
  58,-455.00,       0,  0.00,       0,  0.00,       0,  0.00
  59,-454.00,       0,  0.00,       0,  0.00,       0,  0.00
  60,-453.00,       0,  0.00,       0,  0.00,       0,  0.00
  61,-452.00,       0,  0.00,       0,  0.00,       0,  0.00
  62,-451.00,       0,  0.00,       0,  0.00,       0,  0.00
  63,-450.00,       0,  0.00,       0,  0.00,       0,  0.00
  64,-449.00,       0,  0.00,       0,  0.00,       0,  0.00
  65,-448.00,       0,  0.00,       0,  0.00,       0,  0.00
  66,-447.00,       0,  0.00,       0,  0.00,       0,  0.00
  67,-446.00,       0,  0.00,       0,  0.00,       0,  0.00
  68,-445.00,       0,  0.00,       0,  0.00,       0,  0.00
  69,-444.00,       0,  0.00,       0,  0.00,       0,  0.00
  70,-443.00,       0,  0.00,       0,  0.00,       0,  0.00
  71,-442.00,       0,  0.00,       0,  0.00,       0,  0.00
  72,-441.00,       0,  0.00,       0,  0.00,       0,  0.00
  73,-440.00,       0,  0.00,       0,  0.00,       0,  0.00
  74,-439.00,       0,  0.00,       0,  0.00,       0,  0.00
  75,-438.00,       0,  0.00,       0,  0.00,       0,  0.00
  76,-437.00,       0,  0.00,       0,  0.00,       0,  0.00
  77,-436.00,       0,  0.00,       0,  0.00,       0,  0.00
  78,-435.00,       0,  0.00,       0,  0.00,       0,  0.00
  79,-434.00,       0,  0.00,       0,  0.00,       0,  0.00
  80,-433.00,       0,  0.00,       0,  0.00,       0,  0.00
  81,-432.00,       0,  0.00,       0,  0.00,       0,  0.00
  82,-431.00,       0,  0.00,       0,  0.00,       0,  0.00
  83,-430.00,       0,  0.00,       0,  0.00,       0,  0.00
  84,-429.00,       0,  0.00,       0,  0.00,       0,  0.00
  85,-428.00,       0,  0.00,       0,  0.00,       0,  0.00
  86,-427.00,       0,  0.00,       0,  0.00,       0,  0.00
  87,-426.00,       0,  0.00,       0,  0.00,       0,  0.00
  88,-425.00,       0,  0.00,       0,  0.00,       0,  0.00
  89,-424.00,       0,  0.00,       0,  0.00,       0,  0.00
  90,-423.00,       0,  0.00,       0,  0.00,       0,  0.00
  91,-422.00,       0,  0.00,       0,  0.00,       0,  0.00
  92,-421.00,       0,  0.00,       0,  0.00,       0,  0.00
  93,-420.00,       0,  0.00,       0,  0.00,       0,  0.00
  94,-419.00,       0,  0.00,       0,  0.00,       0,  0.00
  95,-418.00,       0,  0.00,       0,  0.00,       0,  0.00
  96,-417.00,       0,  0.00,       0,  0.00,       0,  0.00
  97,-416.00,       0,  0.00,       0,  0.00,       0,  0.00
  98,-415.00,       0,  0.00,       0,  0.00,       0,  0.00
  99,-414.00,       0,  0.00,       0,  0.00,       0,  0.00
 100,-413.00,       0,  0.00,       0,  0.00,       0,  0.00
 101,-412.00,       0,  0.00,       0,  0.00,       0,  0.00
 102,-411.00,       0,  0.00,       0,  0.00,       0,  0.00
 103,-410.00,       0,  0.00,       0,  0.00,       0,  0.00
 104,-409.00,       0,  0.00,       0,  0.00,       0,  0.00
 105,-408.00,       0,  0.00,       0,  0.00,       0,  0.00
 106,-407.00,       0,  0.00,       0,  0.00,       0,  0.00
 107,-406.00,       0,  0.00,       0,  0.00,       0,  0.00
 108,-405.00,       0,  0.00,       0,  0.00,       0,  0.00
 109,-404.00,       0,  0.00,       0,  0.00,       0,  0.00
 110,-403.00,       0,  0.00,       0,  0.00,       0,  0.00
 111,-402.00,       0,  0.00,       0,  0.00,       0,  0.00
 112,-401.00,       0,  0.00,       0,  0.00,       0,  0.00
 113,-400.00,       0,  0.00,       0,  0.00,       0,  0.00
 114,-399.00,       0,  0.00,       0,  0.00,       0,  0.00
 115,-398.00,       0,  0.00,       0,  0.00,       0,  0.00
 116,-397.00,    4228,  0.43,    6064,  1.23,   -1836, -0.37
 117,-396.00,    3579,  0.36,    6581,  1.34,   -3002, -0.61
 118,-395.00,    3273,  0.33,    7550,  1.54,   -4277, -0.87
 119,-394.00,    2954,  0.30,    8434,  1.72,   -5480, -1.11
 120,-393.00,    3662,  0.37,   10116,  2.06,   -6454, -1.31
 121,-392.00,    4478,  0.46,   11700,  2.38,   -7222, -1.47
 122,-391.00,    4660,  0.47,   12249,  2.49,   -7589, -1.54
 123,-390.00,    4865,  0.49,   12892,  2.62,   -8027, -1.63
 124,-389.00,    5743,  0.58,   14258,  2.90,   -8515, -1.73
 125,-388.00,    6521,  0.66,   15761,  3.21,   -9240, -1.88
 126,-387.00,    6823,  0.69,   17185,  3.50,  -10362, -2.11
 127,-386.00,    6911,  0.70,   18256,  3.71,  -11345, -2.31
 128,-385.00,    7198,  0.73,   19536,  3.97,  -12338, -2.51
 129,-384.00,    8033,  0.82,   21059,  4.28,  -13026, -2.65
 130,-383.00,    8481,  0.86,   22069,  4.49,  -13588, -2.76
 131,-382.00,    8287,  0.84,   22791,  4.64,  -14504, -2.95
 132,-381.00,    8004,  0.81,   23415,  4.76,  -15411, -3.14
 133,-380.00,    7902,  0.80,   24113,  4.91,  -16211, -3.30
 134,-379.00,    7958,  0.81,   25144,  5.12,  -17186, -3.50
 135,-378.00,    7785,  0.79,   26098,  5.31,  -18313, -3.73
 136,-377.00,    8078,  0.82,   27442,  5.58,  -19364, -3.94
 137,-376.00,    7931,  0.81,   28611,  5.82,  -20680, -4.21
 138,-375.00,    7941,  0.81,   29782,  6.06,  -21841, -4.44
 139,-374.00,    7823,  0.80,   30537,  6.21,  -22714, -4.62
 140,-373.00,    7339,  0.75,   30744,  6.26,  -23405, -4.76
 141,-372.00,    6691,  0.68,   30904,  6.29,  -24213, -4.93
 142,-371.00,    5692,  0.58,   30758,  6.26,  -25066, -5.10
 143,-370.00,    4683,  0.48,   30821,  6.27,  -26138, -5.32
 144,-369.00,    4265,  0.43,   31454,  6.40,  -27189, -5.53
 145,-368.00,    3802,  0.39,   31928,  6.50,  -28126, -5.72
 146,-367.00,    3987,  0.41,   32664,  6.65,  -28677, -5.83
 147,-366.00,    4676,  0.48,   33960,  6.91,  -29284, -5.96
 148,-365.00,    5314,  0.54,   35409,  7.20,  -30095, -6.12
 149,-364.00,    5680,  0.58,   36241,  7.37,  -30561, -6.22
 150,-363.00,    6113,  0.62,   36762,  7.48,  -30649, -6.24
 151,-362.00,    6343,  0.65,   37082,  7.54,  -30739, -6.25
 152,-361.00,    5836,  0.59,   37347,  7.60,  -31511, -6.41
 153,-360.00,    5269,  0.54,   37351,  7.60,  -32082, -6.53
 154,-359.00,    4757,  0.48,   37141,  7.56,  -32384, -6.59
 155,-358.00,    5227,  0.53,   37072,  7.54,  -31845, -6.48
 156,-357.00,    5892,  0.60,   37046,  7.54,  -31154, -6.34
 157,-356.00,    6601,  0.67,   37380,  7.61,  -30779, -6.26
 158,-355.00,    6946,  0.71,   37313,  7.59,  -30367, -6.18
 159,-354.00,    7267,  0.74,   37354,  7.60,  -30087, -6.12
 160,-353.00,    7810,  0.79,   37496,  7.63,  -29686, -6.04
 161,-352.00,    8004,  0.81,   37592,  7.65,  -29588, -6.02
 162,-351.00,    8546,  0.87,   37929,  7.72,  -29383, -5.98
 163,-350.00,    9574,  0.97,   38863,  7.91,  -29289, -5.96
 164,-349.00,   10708,  1.09,   39777,  8.09,  -29069, -5.91
 165,-348.00,   11828,  1.20,   40285,  8.20,  -28457, -5.79
 166,-347.00,   12743,  1.30,   40397,  8.22,  -27654, -5.63
 167,-346.00,   13365,  1.36,   40027,  8.14,  -26662, -5.42
 168,-345.00,   13523,  1.38,   39674,  8.07,  -26151, -5.32
 169,-344.00,   13480,  1.37,   39463,  8.03,  -25983, -5.29
 170,-343.00,   13315,  1.35,   39093,  7.95,  -25778, -5.24
 171,-342.00,   13132,  1.34,   38515,  7.84,  -25383, -5.16
 172,-341.00,   13092,  1.33,   37952,  7.72,  -24860, -5.06
 173,-340.00,   14395,  1.46,   38225,  7.78,  -23830, -4.85
 174,-339.00,   16048,  1.63,   39176,  7.97,  -23128, -4.71
 175,-338.00,   16777,  1.71,   39264,  7.99,  -22487, -4.58
 176,-337.00,   17420,  1.77,   38778,  7.89,  -21358, -4.35
 177,-336.00,   18201,  1.85,   37942,  7.72,  -19741, -4.02
 178,-335.00,   19445,  1.98,   37399,  7.61,  -17954, -3.65
 179,-334.00,   20801,  2.12,   36925,  7.51,  -16124, -3.28
 180,-333.00,   22112,  2.25,   36681,  7.46,  -14569, -2.96
 181,-332.00,   23857,  2.43,   36808,  7.49,  -12951, -2.63
 182,-331.00,   24797,  2.52,   36435,  7.41,  -11638, -2.37
 183,-330.00,   25467,  2.59,   36308,  7.39,  -10841, -2.21
 184,-329.00,   26313,  2.68,   36322,  7.39,  -10009, -2.04
 185,-328.00,   27254,  2.77,   36079,  7.34,   -8825, -1.80
 186,-327.00,   28055,  2.85,   35802,  7.28,   -7747, -1.58
 187,-326.00,   29209,  2.97,   35549,  7.23,   -6340, -1.29
 188,-325.00,   30677,  3.12,   35393,  7.20,   -4716, -0.96
 189,-324.00,   31748,  3.23,   35297,  7.18,   -3549, -0.72
 190,-323.00,   32247,  3.28,   35060,  7.13,   -2813, -0.57
 191,-322.00,   32067,  3.26,   34525,  7.02,   -2458, -0.50
 192,-321.00,   31207,  3.17,   33216,  6.76,   -2009, -0.41
 193,-320.00,   30425,  3.10,   32030,  6.52,   -1605, -0.33
 194,-319.00,   29610,  3.01,   30761,  6.26,   -1151, -0.23
 195,-318.00,   28806,  2.93,   29356,  5.97,    -550, -0.11
 196,-317.00,   28195,  2.87,   28060,  5.71,     135,  0.03
 197,-316.00,   26956,  2.74,   26620,  5.42,     336,  0.07
 198,-315.00,   26198,  2.67,   25590,  5.21,     608,  0.12
 199,-314.00,   26110,  2.66,   24915,  5.07,    1195,  0.24
 200,-313.00,   25858,  2.63,   24117,  4.91,    1741,  0.35
 201,-312.00,   25720,  2.62,   23165,  4.71,    2555,  0.52
 202,-311.00,   25788,  2.62,   22413,  4.56,    3375,  0.69
 203,-310.00,   25356,  2.58,   21452,  4.36,    3904,  0.79
 204,-309.00,   24470,  2.49,   20400,  4.15,    4070,  0.83
 205,-308.00,   23844,  2.43,   19762,  4.02,    4082,  0.83
 206,-307.00,   23737,  2.41,   19712,  4.01,    4025,  0.82
 207,-306.00,   24104,  2.45,   19625,  3.99,    4479,  0.91
 208,-305.00,   24189,  2.46,   18952,  3.86,    5237,  1.07
 209,-304.00,   24257,  2.47,   18439,  3.75,    5818,  1.18
 210,-303.00,   24327,  2.47,   18030,  3.67,    6297,  1.28
 211,-302.00,   23913,  2.43,   17607,  3.58,    6306,  1.28
 212,-301.00,   23390,  2.38,   16860,  3.43,    6530,  1.33
 213,-300.00,   23283,  2.37,   16404,  3.34,    6879,  1.40
 214,-299.00,   23258,  2.37,   15974,  3.25,    7284,  1.48
 215,-298.00,   22927,  2.33,   15407,  3.13,    7520,  1.53
 216,-297.00,   21918,  2.23,   14379,  2.93,    7539,  1.53
 217,-296.00,   20678,  2.10,   13071,  2.66,    7607,  1.55
 218,-295.00,   19913,  2.03,   12214,  2.49,    7699,  1.57
 219,-294.00,   19584,  1.99,   11683,  2.38,    7901,  1.61
 220,-293.00,   18739,  1.91,   10677,  2.17,    8062,  1.64
 221,-292.00,   17162,  1.75,    9395,  1.91,    7767,  1.58
 222,-291.00,   15773,  1.60,    8216,  1.67,    7557,  1.54
 223,-290.00,   14857,  1.51,    7305,  1.49,    7552,  1.54
 224,-289.00,   14991,  1.53,    7005,  1.43,    7986,  1.62
 225,-288.00,   15393,  1.57,    6757,  1.37,    8636,  1.76
 226,-287.00,   15485,  1.58,    6672,  1.36,    8813,  1.79
 227,-286.00,   14984,  1.52,    6293,  1.28,    8691,  1.77
 228,-285.00,   13995,  1.42,    5666,  1.15,    8329,  1.69
 229,-284.00,   13403,  1.36,    5460,  1.11,    7943,  1.62
 230,-283.00,   13081,  1.33,    5688,  1.16,    7393,  1.50
 231,-282.00,   12644,  1.29,    5917,  1.20,    6727,  1.37
 232,-281.00,   12463,  1.27,    6032,  1.23,    6431,  1.31
 233,-280.00,   12821,  1.30,    6442,  1.31,    6379,  1.30
 234,-279.00,   13819,  1.41,    7146,  1.45,    6673,  1.36
 235,-278.00,   14772,  1.50,    7624,  1.55,    7148,  1.45
 236,-277.00,   15547,  1.58,    8047,  1.64,    7500,  1.53
 237,-276.00,   15917,  1.62,    8594,  1.75,    7323,  1.49
 238,-275.00,   16311,  1.66,    9025,  1.84,    7286,  1.48
 239,-274.00,   16709,  1.70,    9276,  1.89,    7433,  1.51
 240,-273.00,   16836,  1.71,    9542,  1.94,    7294,  1.48
 241,-272.00,   17415,  1.77,    9754,  1.98,    7661,  1.56
 242,-271.00,   17895,  1.82,    9937,  2.02,    7958,  1.62
 243,-270.00,   17891,  1.82,   10073,  2.05,    7818,  1.59
 244,-269.00,   18103,  1.84,   10483,  2.13,    7620,  1.55
 245,-268.00,   19034,  1.94,   11261,  2.29,    7773,  1.58
 246,-267.00,   19919,  2.03,   12119,  2.47,    7800,  1.59
 247,-266.00,   20038,  2.04,   12690,  2.58,    7348,  1.50
 248,-265.00,   20518,  2.09,   13187,  2.68,    7331,  1.49
 249,-264.00,   21280,  2.16,   13808,  2.81,    7472,  1.52
 250,-263.00,   22013,  2.24,   14398,  2.93,    7615,  1.55
 251,-262.00,   22162,  2.25,   14292,  2.91,    7870,  1.60
 252,-261.00,   22656,  2.30,   14549,  2.96,    8107,  1.65
 253,-260.00,   23782,  2.42,   15256,  3.10,    8526,  1.73
 254,-259.00,   24045,  2.45,   15690,  3.19,    8355,  1.70
 255,-258.00,   24742,  2.52,   16574,  3.37,    8168,  1.66
 256,-257.00,   25406,  2.58,   17271,  3.51,    8135,  1.66
 257,-256.00,   26132,  2.66,   17754,  3.61,    8378,  1.70
 258,-255.00,   26966,  2.74,   17829,  3.63,    9137,  1.86
 259,-254.00,   27556,  2.80,   17581,  3.58,    9975,  2.03
 260,-253.00,   28314,  2.88,   17696,  3.60,   10618,  2.16
 261,-252.00,   29046,  2.95,   17835,  3.63,   11211,  2.28
 262,-251.00,   29057,  2.96,   17696,  3.60,   11361,  2.31
 263,-250.00,   28853,  2.94,   17502,  3.56,   11351,  2.31
 264,-249.00,   27835,  2.83,   17025,  3.46,   10810,  2.20
 265,-248.00,   27051,  2.75,   16286,  3.31,   10765,  2.19
 266,-247.00,   26094,  2.65,   15642,  3.18,   10452,  2.13
 267,-246.00,   25655,  2.61,   15432,  3.14,   10223,  2.08
 268,-245.00,   25721,  2.62,   15688,  3.19,   10033,  2.04
 269,-244.00,   24639,  2.51,   15392,  3.13,    9247,  1.88
 270,-243.00,   23269,  2.37,   14960,  3.04,    8309,  1.69
 271,-242.00,   21966,  2.23,   14388,  2.93,    7578,  1.54
 272,-241.00,   20570,  2.09,   13139,  2.67,    7431,  1.51
 273,-240.00,   19295,  1.96,   12135,  2.47,    7160,  1.46
 274,-239.00,   18246,  1.86,   11843,  2.41,    6403,  1.30
 275,-238.00,   16509,  1.68,   11092,  2.26,    5417,  1.10
 276,-237.00,   14722,  1.50,   10223,  2.08,    4499,  0.92
 277,-236.00,   13115,  1.33,    9386,  1.91,    3729,  0.76
 278,-235.00,   12738,  1.30,    9117,  1.85,    3621,  0.74
 279,-234.00,   12616,  1.28,    9103,  1.85,    3513,  0.71
 280,-233.00,   12399,  1.26,    9642,  1.96,    2757,  0.56
 281,-232.00,   11583,  1.18,    9754,  1.98,    1829,  0.37
 282,-231.00,   10432,  1.06,    9426,  1.92,    1006,  0.20
 283,-230.00,   10184,  1.04,    9698,  1.97,     486,  0.10
 284,-229.00,    9928,  1.01,   10037,  2.04,    -109, -0.02
 285,-228.00,    9189,  0.93,    9779,  1.99,    -590, -0.12
 286,-227.00,    7828,  0.80,    8898,  1.81,   -1070, -0.22
 287,-226.00,    6943,  0.71,    8230,  1.67,   -1287, -0.26
 288,-225.00,    6273,  0.64,    7848,  1.60,   -1575, -0.32
 289,-224.00,    5919,  0.60,    7867,  1.60,   -1948, -0.40
 290,-223.00,    4705,  0.48,    7090,  1.44,   -2385, -0.49
 291,-222.00,    3451,  0.35,    6272,  1.28,   -2821, -0.57
 292,-221.00,    2562,  0.26,    5593,  1.14,   -3031, -0.62
 293,-220.00,    1987,  0.20,    4809,  0.98,   -2822, -0.57
 294,-219.00,     946,  0.10,    3575,  0.73,   -2629, -0.53
 295,-218.00,    -607, -0.06,    1982,  0.40,   -2589, -0.53
 296,-217.00,   -2060, -0.21,     450,  0.09,   -2510, -0.51
 297,-216.00,   -3620, -0.37,   -1008, -0.21,   -2612, -0.53
 298,-215.00,   -4857, -0.49,   -2232, -0.45,   -2625, -0.53
 299,-214.00,   -5691, -0.58,   -2994, -0.61,   -2697, -0.55
 300,-213.00,   -6412, -0.65,   -3506, -0.71,   -2906, -0.59
 301,-212.00,   -7683, -0.78,   -4359, -0.89,   -3324, -0.68
 302,-211.00,   -8343, -0.85,   -5376, -1.09,   -2967, -0.60
 303,-210.00,   -8702, -0.89,   -6545, -1.33,   -2157, -0.44
 304,-209.00,   -9158, -0.93,   -7498, -1.53,   -1660, -0.34
 305,-208.00,   -9125, -0.93,   -8089, -1.65,   -1036, -0.21
 306,-207.00,   -9477, -0.96,   -8734, -1.78,    -743, -0.15
 307,-206.00,   -9291, -0.95,   -8557, -1.74,    -734, -0.15
 308,-205.00,   -9223, -0.94,   -8638, -1.76,    -585, -0.12
 309,-204.00,   -9504, -0.97,   -9098, -1.85,    -406, -0.08
 310,-203.00,  -10007, -1.02,   -9506, -1.93,    -501, -0.10
 311,-202.00,   -9798, -1.00,   -9439, -1.92,    -359, -0.07
 312,-201.00,   -9611, -0.98,   -9636, -1.96,      25,  0.00
 313,-200.00,   -9170, -0.93,   -9746, -1.98,     576,  0.12
 314,-199.00,   -9116, -0.93,  -10013, -2.04,     897,  0.18
 315,-198.00,   -9249, -0.94,  -10536, -2.14,    1287,  0.26
 316,-197.00,   -9563, -0.97,  -11163, -2.27,    1600,  0.33
 317,-196.00,   -9446, -0.96,  -11533, -2.35,    2087,  0.42
 318,-195.00,   -9548, -0.97,  -11776, -2.40,    2228,  0.45
 319,-194.00,  -10510, -1.07,  -12137, -2.47,    1627,  0.33
 320,-193.00,  -11602, -1.18,  -12657, -2.58,    1055,  0.21
 321,-192.00,  -12265, -1.25,  -13154, -2.68,     889,  0.18
 322,-191.00,  -12866, -1.31,  -13884, -2.82,    1018,  0.21
 323,-190.00,  -13254, -1.35,  -14494, -2.95,    1240,  0.25
 324,-189.00,  -14298, -1.45,  -15481, -3.15,    1183,  0.24
 325,-188.00,  -15540, -1.58,  -16515, -3.36,     975,  0.20
 326,-187.00,  -16057, -1.63,  -17213, -3.50,    1156,  0.24
 327,-186.00,  -15939, -1.62,  -17662, -3.59,    1723,  0.35
 328,-185.00,  -15710, -1.60,  -18166, -3.70,    2456,  0.50
 329,-184.00,  -15644, -1.59,  -18413, -3.75,    2769,  0.56
 330,-183.00,  -15932, -1.62,  -18884, -3.84,    2952,  0.60
 331,-182.00,  -15891, -1.62,  -19255, -3.92,    3364,  0.68
 332,-181.00,  -15793, -1.61,  -19368, -3.94,    3575,  0.73
 333,-180.00,  -15592, -1.59,  -19487, -3.96,    3895,  0.79
 334,-179.00,  -14852, -1.51,  -19187, -3.90,    4335,  0.88
 335,-178.00,  -13858, -1.41,  -19022, -3.87,    5164,  1.05
 336,-177.00,  -13269, -1.35,  -19079, -3.88,    5810,  1.18
 337,-176.00,  -12591, -1.28,  -18936, -3.85,    6345,  1.29
 338,-175.00,  -11287, -1.15,  -18551, -3.77,    7264,  1.48
 339,-174.00,  -10399, -1.06,  -18206, -3.70,    7807,  1.59
 340,-173.00,  -10185, -1.04,  -18292, -3.72,    8107,  1.65
 341,-172.00,  -10079, -1.03,  -18694, -3.80,    8615,  1.75
 342,-171.00,   -9137, -0.93,  -18206, -3.70,    9069,  1.85
 343,-170.00,   -8682, -0.88,  -17857, -3.63,    9175,  1.87
 344,-169.00,   -8944, -0.91,  -18012, -3.66,    9068,  1.84
 345,-168.00,   -8597, -0.87,  -17742, -3.61,    9145,  1.86
 346,-167.00,   -8528, -0.87,  -17527, -3.57,    8999,  1.83
 347,-166.00,   -8392, -0.85,  -17393, -3.54,    9001,  1.83
 348,-165.00,   -8550, -0.87,  -17195, -3.50,    8645,  1.76
 349,-164.00,   -8473, -0.86,  -17216, -3.50,    8743,  1.78
 350,-163.00,   -8131, -0.83,  -17143, -3.49,    9012,  1.83
 351,-162.00,   -8237, -0.84,  -17300, -3.52,    9063,  1.84
 352,-161.00,   -8525, -0.87,  -17884, -3.64,    9359,  1.90
 353,-160.00,   -8570, -0.87,  -18280, -3.72,    9710,  1.98
 354,-159.00,   -8123, -0.83,  -18493, -3.76,   10370,  2.11
 355,-158.00,   -7015, -0.71,  -18234, -3.71,   11219,  2.28
 356,-157.00,   -6081, -0.62,  -17677, -3.60,   11596,  2.36
 357,-156.00,   -5594, -0.57,  -17195, -3.50,   11601,  2.36
 358,-155.00,   -5038, -0.51,  -17003, -3.46,   11965,  2.43
 359,-154.00,   -4659, -0.47,  -16891, -3.44,   12232,  2.49
 360,-153.00,   -3868, -0.39,  -16822, -3.42,   12954,  2.64
 361,-152.00,   -2855, -0.29,  -16629, -3.38,   13774,  2.80
 362,-151.00,   -2073, -0.21,  -16265, -3.31,   14192,  2.89
 363,-150.00,   -1080, -0.11,  -15627, -3.18,   14547,  2.96
 364,-149.00,    -440, -0.04,  -14616, -2.97,   14176,  2.88
 365,-148.00,     843,  0.09,  -13429, -2.73,   14272,  2.90
 366,-147.00,    3045,  0.31,  -11636, -2.37,   14681,  2.99
 367,-146.00,    4913,  0.50,   -9833, -2.00,   14746,  3.00
 368,-145.00,    6074,  0.62,   -8685, -1.77,   14759,  3.00
 369,-144.00,    7058,  0.72,   -7565, -1.54,   14623,  2.98
 370,-143.00,    8070,  0.82,   -6499, -1.32,   14569,  2.96
 371,-142.00,    8900,  0.91,   -5265, -1.07,   14165,  2.88
 372,-141.00,   10442,  1.06,   -3424, -0.70,   13866,  2.82
 373,-140.00,   12078,  1.23,   -1709, -0.35,   13787,  2.81
 374,-139.00,   13556,  1.38,    -224, -0.05,   13780,  2.80
 375,-138.00,   14522,  1.48,     983,  0.20,   13539,  2.75
 376,-137.00,   15338,  1.56,    1996,  0.41,   13342,  2.71
 377,-136.00,   16618,  1.69,    3235,  0.66,   13383,  2.72
 378,-135.00,   18420,  1.87,    4479,  0.91,   13941,  2.84
 379,-134.00,   19982,  2.03,    5309,  1.08,   14673,  2.99
 380,-133.00,   20795,  2.12,    5596,  1.14,   15199,  3.09
 381,-132.00,   21336,  2.17,    6062,  1.23,   15274,  3.11
 382,-131.00,   21756,  2.21,    6715,  1.37,   15041,  3.06
 383,-130.00,   21817,  2.22,    7175,  1.46,   14642,  2.98
 384,-129.00,   22134,  2.25,    7176,  1.46,   14958,  3.04
 385,-128.00,   22504,  2.29,    7367,  1.50,   15137,  3.08
 386,-127.00,   23178,  2.36,    8210,  1.67,   14968,  3.05
 387,-126.00,   23232,  2.36,    8646,  1.76,   14586,  2.97
 388,-125.00,   23551,  2.40,    8746,  1.78,   14805,  3.01
 389,-124.00,   24330,  2.48,    9227,  1.88,   15103,  3.07
 390,-123.00,   24153,  2.46,    9136,  1.86,   15017,  3.06
 391,-122.00,   24075,  2.45,    9065,  1.84,   15010,  3.05
 392,-121.00,   24488,  2.49,    9467,  1.93,   15021,  3.06
 393,-120.00,   24547,  2.50,    9945,  2.02,   14602,  2.97
 394,-119.00,   24728,  2.52,    9906,  2.02,   14822,  3.02
 395,-118.00,   24918,  2.53,    9850,  2.00,   15068,  3.07
 396,-117.00,   25753,  2.62,   10172,  2.07,   15581,  3.17
 397,-116.00,   26070,  2.65,   10320,  2.10,   15750,  3.20
 398,-115.00,   25704,  2.61,    9909,  2.02,   15795,  3.21
 399,-114.00,   25078,  2.55,    9792,  1.99,   15286,  3.11
 400,-113.00,   24129,  2.45,    9775,  1.99,   14354,  2.92
 401,-112.00,   23827,  2.42,    9749,  1.98,   14078,  2.86
 402,-111.00,   24360,  2.48,   10111,  2.06,   14249,  2.90
 403,-110.00,   25440,  2.59,   11089,  2.26,   14351,  2.92
 404,-109.00,   26428,  2.69,   11691,  2.38,   14737,  3.00
 405,-108.00,   26890,  2.74,   11790,  2.40,   15100,  3.07
 406,-107.00,   27227,  2.77,   11715,  2.38,   15512,  3.16
 407,-106.00,   27804,  2.83,   11535,  2.35,   16269,  3.31
 408,-105.00,   27888,  2.84,   11556,  2.35,   16332,  3.32
 409,-104.00,   27829,  2.83,   11448,  2.33,   16381,  3.33
 410,-103.00,   27785,  2.83,   11265,  2.29,   16520,  3.36
 411,-102.00,   27172,  2.76,   10970,  2.23,   16202,  3.30
 412,-101.00,   26156,  2.66,   10448,  2.13,   15708,  3.20
 413,-100.00,   24612,  2.50,    9986,  2.03,   14626,  2.98
 414,-99.00,   23375,  2.38,    9558,  1.94,   13817,  2.81
 415,-98.00,   22703,  2.31,    9308,  1.89,   13395,  2.73
 416,-97.00,   22688,  2.31,    9350,  1.90,   13338,  2.71
 417,-96.00,   21896,  2.23,    8860,  1.80,   13036,  2.65
 418,-95.00,   20841,  2.12,    8314,  1.69,   12527,  2.55
 419,-94.00,   19534,  1.99,    7364,  1.50,   12170,  2.48
 420,-93.00,   17736,  1.80,    6243,  1.27,   11493,  2.34
 421,-92.00,   15589,  1.59,    5406,  1.10,   10183,  2.07
 422,-91.00,   13393,  1.36,    4523,  0.92,    8870,  1.80
 423,-90.00,   11940,  1.21,    3668,  0.75,    8272,  1.68
 424,-89.00,   11082,  1.13,    3228,  0.66,    7854,  1.60
 425,-88.00,    9851,  1.00,    2943,  0.60,    6908,  1.41
 426,-87.00,    8584,  0.87,    2416,  0.49,    6168,  1.25
 427,-86.00,    6937,  0.71,    1460,  0.30,    5477,  1.11
 428,-85.00,    5032,  0.51,     225,  0.05,    4807,  0.98
 429,-84.00,    3019,  0.31,    -824, -0.17,    3843,  0.78
 430,-83.00,     834,  0.08,   -1458, -0.30,    2292,  0.47
 431,-82.00,   -1212, -0.12,   -2402, -0.49,    1190,  0.24
 432,-81.00,   -2713, -0.28,   -3337, -0.68,     624,  0.13
 433,-80.00,   -4230, -0.43,   -4333, -0.88,     103,  0.02
 434,-79.00,   -6272, -0.64,   -5794, -1.18,    -478, -0.10
 435,-78.00,   -8173, -0.83,   -7187, -1.46,    -986, -0.20
 436,-77.00,   -9919, -1.01,   -8446, -1.72,   -1473, -0.30
 437,-76.00,  -12391, -1.26,  -10208, -2.08,   -2183, -0.44
 438,-75.00,  -15102, -1.54,  -11889, -2.42,   -3213, -0.65
 439,-74.00,  -16652, -1.69,  -12944, -2.63,   -3708, -0.75
 440,-73.00,  -17955, -1.83,  -13923, -2.83,   -4032, -0.82
 441,-72.00,  -18501, -1.88,  -14448, -2.94,   -4053, -0.82
 442,-71.00,  -18949, -1.93,  -15045, -3.06,   -3904, -0.79
 443,-70.00,  -18470, -1.88,  -15467, -3.15,   -3003, -0.61
 444,-69.00,  -18420, -1.87,  -16148, -3.29,   -2272, -0.46
 445,-68.00,  -18765, -1.91,  -16824, -3.42,   -1941, -0.39
 446,-67.00,  -18761, -1.91,  -17404, -3.54,   -1357, -0.28
 447,-66.00,  -18890, -1.92,  -18131, -3.69,    -759, -0.15
 448,-65.00,  -18823, -1.91,  -18682, -3.80,    -141, -0.03
 449,-64.00,  -18323, -1.86,  -18945, -3.85,     622,  0.13
 450,-63.00,  -17937, -1.82,  -19315, -3.93,    1378,  0.28
 451,-62.00,  -17871, -1.82,  -19902, -4.05,    2031,  0.41
 452,-61.00,  -18308, -1.86,  -20590, -4.19,    2282,  0.46
 453,-60.00,  -19011, -1.93,  -21479, -4.37,    2468,  0.50
 454,-59.00,  -19478, -1.98,  -22551, -4.59,    3073,  0.63
 455,-58.00,  -19516, -1.99,  -23430, -4.77,    3914,  0.80
 456,-57.00,  -19578, -1.99,  -24512, -4.99,    4934,  1.00
 457,-56.00,  -20367, -2.07,  -26169, -5.32,    5802,  1.18
 458,-55.00,  -20735, -2.11,  -27694, -5.63,    6959,  1.42
 459,-54.00,  -21922, -2.23,  -29404, -5.98,    7482,  1.52
 460,-53.00,  -23304, -2.37,  -31096, -6.33,    7792,  1.59
 461,-52.00,  -25178, -2.56,  -32696, -6.65,    7518,  1.53
 462,-51.00,  -27074, -2.75,  -34200, -6.96,    7126,  1.45
 463,-50.00,  -27868, -2.83,  -35318, -7.19,    7450,  1.52
 464,-49.00,  -28556, -2.90,  -36214, -7.37,    7658,  1.56
 465,-48.00,  -29126, -2.96,  -36988, -7.53,    7862,  1.60
 466,-47.00,  -29798, -3.03,  -37566, -7.64,    7768,  1.58
 467,-46.00,  -30888, -3.14,  -38289, -7.79,    7401,  1.51
 468,-45.00,  -32207, -3.28,  -39016, -7.94,    6809,  1.39
 469,-44.00,  -33364, -3.39,  -39595, -8.06,    6231,  1.27
 470,-43.00,  -34126, -3.47,  -39488, -8.03,    5362,  1.09
 471,-42.00,  -34472, -3.51,  -38757, -7.89,    4285,  0.87
 472,-41.00,  -34985, -3.56,  -37908, -7.71,    2923,  0.59
 473,-40.00,  -35746, -3.64,  -37312, -7.59,    1566,  0.32
 474,-39.00,  -36935, -3.76,  -37073, -7.54,     138,  0.03
 475,-38.00,  -37837, -3.85,  -36518, -7.43,   -1319, -0.27
 476,-37.00,  -38508, -3.92,  -36299, -7.39,   -2209, -0.45
 477,-36.00,  -39159, -3.98,  -36029, -7.33,   -3130, -0.64
 478,-35.00,  -39597, -4.03,  -36109, -7.35,   -3488, -0.71
 479,-34.00,  -39857, -4.05,  -36185, -7.36,   -3672, -0.75
 480,-33.00,  -39743, -4.04,  -35841, -7.29,   -3902, -0.79
 481,-32.00,  -39521, -4.02,  -35032, -7.13,   -4489, -0.91
 482,-31.00,  -38634, -3.93,  -33504, -6.82,   -5130, -1.04
 483,-30.00,  -37612, -3.83,  -31988, -6.51,   -5624, -1.14
 484,-29.00,  -36716, -3.74,  -30742, -6.25,   -5974, -1.22
 485,-28.00,  -35856, -3.65,  -29920, -6.09,   -5936, -1.21
 486,-27.00,  -35585, -3.62,  -29425, -5.99,   -6160, -1.25
 487,-26.00,  -35562, -3.62,  -29151, -5.93,   -6411, -1.30
 488,-25.00,  -35622, -3.62,  -29068, -5.91,   -6554, -1.33
 489,-24.00,  -35303, -3.59,  -28768, -5.85,   -6535, -1.33
 490,-23.00,  -34052, -3.46,  -27562, -5.61,   -6490, -1.32
 491,-22.00,  -33428, -3.40,  -26618, -5.42,   -6810, -1.39
 492,-21.00,  -32595, -3.32,  -25787, -5.25,   -6808, -1.39
 493,-20.00,  -31541, -3.21,  -24827, -5.05,   -6714, -1.37
 494,-19.00,  -30802, -3.13,  -24016, -4.89,   -6786, -1.38
 495,-18.00,  -29919, -3.04,  -22901, -4.66,   -7018, -1.43
 496,-17.00,  -28845, -2.93,  -21505, -4.38,   -7340, -1.49
 497,-16.00,  -28147, -2.86,  -20415, -4.15,   -7732, -1.57
 498,-15.00,  -27324, -2.78,  -19440, -3.96,   -7884, -1.60
 499,-14.00,  -26812, -2.73,  -18314, -3.73,   -8498, -1.73
 500,-13.00,  -26603, -2.71,  -17108, -3.48,   -9495, -1.93
 501,-12.00,  -26039, -2.65,  -16036, -3.26,  -10003, -2.04
 502,-11.00,  -25536, -2.60,  -15172, -3.09,  -10364, -2.11
 503,-10.00,  -24863, -2.53,  -14209, -2.89,  -10654, -2.17
 504,-9.00,  -24703, -2.51,  -13475, -2.74,  -11228, -2.28
 505,-8.00,  -24067, -2.45,  -12615, -2.57,  -11452, -2.33
 506,-7.00,  -23021, -2.34,  -11848, -2.41,  -11173, -2.27
 507,-6.00,  -21815, -2.22,  -11078, -2.25,  -10737, -2.18
 508,-5.00,  -20549, -2.09,  -10124, -2.06,  -10425, -2.12
 509,-4.00,  -19409, -1.97,   -8842, -1.80,  -10567, -2.15
 510,-3.00,  -18266, -1.86,   -8055, -1.64,  -10211, -2.08
 511,-2.00,  -18426, -1.87,   -7903, -1.61,  -10523, -2.14
 512,-1.00,  -18773, -1.91,   -7889, -1.61,  -10884, -2.21
 513,0.00,  -18704, -1.90,   -7843, -1.60,  -10861, -2.21
 514,1.00,  -18080, -1.84,   -7607, -1.55,  -10473, -2.13
 515,2.00,  -17883, -1.82,   -7633, -1.55,  -10250, -2.09
 516,3.00,  -17985, -1.83,   -7961, -1.62,  -10024, -2.04
 517,4.00,  -17965, -1.83,   -8154, -1.66,   -9811, -2.00
 518,5.00,  -17947, -1.83,   -7970, -1.62,   -9977, -2.03
 519,6.00,  -17360, -1.77,   -7602, -1.55,   -9758, -1.99
 520,7.00,  -16803, -1.71,   -6869, -1.40,   -9934, -2.02
 521,8.00,  -16148, -1.64,   -6286, -1.28,   -9862, -2.01
 522,9.00,  -15508, -1.58,   -5886, -1.20,   -9622, -1.96
 523,10.00,  -15364, -1.56,   -5773, -1.17,   -9591, -1.95
 524,11.00,  -14717, -1.50,   -5510, -1.12,   -9207, -1.87
 525,12.00,  -13820, -1.41,   -5229, -1.06,   -8591, -1.75
 526,13.00,  -13041, -1.33,   -5189, -1.06,   -7852, -1.60
 527,14.00,  -12091, -1.23,   -5021, -1.02,   -7070, -1.44
 528,15.00,  -11212, -1.14,   -4829, -0.98,   -6383, -1.30
 529,16.00,   -9610, -0.98,   -4369, -0.89,   -5241, -1.07
 530,17.00,   -8630, -0.88,   -3894, -0.79,   -4736, -0.96
 531,18.00,   -8123, -0.83,   -3406, -0.69,   -4717, -0.96
 532,19.00,   -8164, -0.83,   -3283, -0.67,   -4881, -0.99
 533,20.00,   -8284, -0.84,   -3447, -0.70,   -4837, -0.98
 534,21.00,   -8400, -0.85,   -3567, -0.73,   -4833, -0.98
 535,22.00,   -8439, -0.86,   -3758, -0.76,   -4681, -0.95
 536,23.00,   -8989, -0.91,   -3770, -0.77,   -5219, -1.06
 537,24.00,  -10147, -1.03,   -4035, -0.82,   -6112, -1.24
 538,25.00,  -10851, -1.10,   -3864, -0.79,   -6987, -1.42
 539,26.00,  -10570, -1.08,   -3200, -0.65,   -7370, -1.50
 540,27.00,  -10498, -1.07,   -2677, -0.54,   -7821, -1.59
 541,28.00,  -11229, -1.14,   -2517, -0.51,   -8712, -1.77
 542,29.00,  -12042, -1.23,   -2301, -0.47,   -9741, -1.98
 543,30.00,  -12954, -1.32,   -2104, -0.43,  -10850, -2.21
 544,31.00,  -13823, -1.41,   -2070, -0.42,  -11753, -2.39
 545,32.00,  -14699, -1.50,   -2350, -0.48,  -12349, -2.51
 546,33.00,  -15499, -1.58,   -2124, -0.43,  -13375, -2.72
 547,34.00,  -16170, -1.64,   -2040, -0.42,  -14130, -2.87
 548,35.00,  -17187, -1.75,   -2494, -0.51,  -14693, -2.99
 549,36.00,  -18171, -1.85,   -2938, -0.60,  -15233, -3.10
 550,37.00,  -18586, -1.89,   -3016, -0.61,  -15570, -3.17
 551,38.00,  -19526, -1.99,   -3153, -0.64,  -16373, -3.33
 552,39.00,  -20131, -2.05,   -3297, -0.67,  -16834, -3.42
 553,40.00,  -20201, -2.06,   -3189, -0.65,  -17012, -3.46
 554,41.00,  -20687, -2.10,   -3112, -0.63,  -17575, -3.58
 555,42.00,  -21044, -2.14,   -2702, -0.55,  -18342, -3.73
 556,43.00,  -21140, -2.15,   -1670, -0.34,  -19470, -3.96
 557,44.00,  -21117, -2.15,    -804, -0.16,  -20313, -4.13
 558,45.00,  -20967, -2.13,    -413, -0.08,  -20554, -4.18
 559,46.00,  -20387, -2.07,    -107, -0.02,  -20280, -4.13
 560,47.00,  -18994, -1.93,     155,  0.03,  -19149, -3.90
 561,48.00,  -18559, -1.89,     369,  0.08,  -18928, -3.85
 562,49.00,  -17909, -1.82,    1300,  0.26,  -19209, -3.91
 563,50.00,  -16858, -1.71,    2441,  0.50,  -19299, -3.93
 564,51.00,  -15804, -1.61,    3566,  0.73,  -19370, -3.94
 565,52.00,  -15171, -1.54,    4186,  0.85,  -19357, -3.94
 566,53.00,  -14544, -1.48,    4765,  0.97,  -19309, -3.93
 567,54.00,  -14194, -1.44,    5206,  1.06,  -19400, -3.95
 568,55.00,  -13742, -1.40,    5389,  1.10,  -19131, -3.89
 569,56.00,  -12757, -1.30,    5835,  1.19,  -18592, -3.78
 570,57.00,  -11906, -1.21,    6386,  1.30,  -18292, -3.72
 571,58.00,  -11042, -1.12,    6824,  1.39,  -17866, -3.63
 572,59.00,  -10552, -1.07,    7133,  1.45,  -17685, -3.60
 573,60.00,   -9867, -1.00,    7561,  1.54,  -17428, -3.55
 574,61.00,   -8801, -0.90,    8602,  1.75,  -17403, -3.54
 575,62.00,   -7735, -0.79,    9353,  1.90,  -17088, -3.48
 576,63.00,   -7110, -0.72,    9433,  1.92,  -16543, -3.37
 577,64.00,   -7464, -0.76,    9132,  1.86,  -16596, -3.38
 578,65.00,   -8442, -0.86,    8924,  1.82,  -17366, -3.53
 579,66.00,   -9123, -0.93,    8826,  1.80,  -17949, -3.65
 580,67.00,  -10027, -1.02,    8850,  1.80,  -18877, -3.84
 581,68.00,  -10570, -1.08,    8758,  1.78,  -19328, -3.93
 582,69.00,  -12052, -1.23,    7944,  1.62,  -19996, -4.07
 583,70.00,  -14886, -1.51,    6769,  1.38,  -21655, -4.41
 584,71.00,  -16749, -1.70,    6251,  1.27,  -23000, -4.68
 585,72.00,  -17830, -1.81,    5630,  1.15,  -23460, -4.77
 586,73.00,  -19165, -1.95,    4741,  0.96,  -23906, -4.86
 587,74.00,  -20995, -2.14,    3831,  0.78,  -24826, -5.05
 588,75.00,  -23373, -2.38,    2789,  0.57,  -26162, -5.32
 589,76.00,  -25536, -2.60,    1451,  0.30,  -26987, -5.49
 590,77.00,  -27650, -2.81,     175,  0.04,  -27825, -5.66
 591,78.00,  -29635, -3.01,    -913, -0.19,  -28722, -5.84
 592,79.00,  -31478, -3.20,   -1916, -0.39,  -29562, -6.01
 593,80.00,  -33021, -3.36,   -2567, -0.52,  -30454, -6.20
 594,81.00,  -34144, -3.47,   -3082, -0.63,  -31062, -6.32
 595,82.00,  -34072, -3.47,   -3092, -0.63,  -30980, -6.30
 596,83.00,  -32549, -3.31,   -2268, -0.46,  -30281, -6.16
 597,84.00,  -31061, -3.16,   -1704, -0.35,  -29357, -5.97
 598,85.00,  -29529, -3.00,   -1629, -0.33,  -27900, -5.68
 599,86.00,  -28025, -2.85,   -1521, -0.31,  -26504, -5.39
 600,87.00,  -25706, -2.62,    -806, -0.16,  -24900, -5.07
 601,88.00,  -23839, -2.43,     -44, -0.00,  -23795, -4.84
 602,89.00,  -22049, -2.24,     861,  0.18,  -22910, -4.66
 603,90.00,  -19726, -2.01,    1866,  0.38,  -21592, -4.39
 604,91.00,  -17573, -1.79,    3048,  0.62,  -20621, -4.20
 605,92.00,  -15633, -1.59,    4671,  0.95,  -20304, -4.13
 606,93.00,  -13492, -1.37,    6067,  1.23,  -19559, -3.98
 607,94.00,  -11028, -1.12,    7294,  1.48,  -18322, -3.73
 608,95.00,   -9078, -0.92,    7807,  1.59,  -16885, -3.44
 609,96.00,   -7240, -0.74,    8592,  1.75,  -15832, -3.22
 610,97.00,   -5872, -0.60,    9403,  1.91,  -15275, -3.11
 611,98.00,   -4517, -0.46,    9910,  2.02,  -14427, -2.94
 612,99.00,   -3413, -0.35,   10244,  2.08,  -13657, -2.78
 613,100.00,   -3124, -0.32,   10260,  2.09,  -13384, -2.72
 614,101.00,   -2760, -0.28,   10618,  2.16,  -13378, -2.72
 615,102.00,   -3076, -0.31,   10924,  2.22,  -14000, -2.85
 616,103.00,   -4294, -0.44,   10788,  2.19,  -15082, -3.07
 617,104.00,   -5268, -0.54,   10358,  2.11,  -15626, -3.18
 618,105.00,   -5830, -0.59,   10225,  2.08,  -16055, -3.27
 619,106.00,   -6521, -0.66,   10018,  2.04,  -16539, -3.36
 620,107.00,   -7589, -0.77,    9340,  1.90,  -16929, -3.44
 621,108.00,   -9178, -0.93,    7824,  1.59,  -17002, -3.46
 622,109.00,  -10664, -1.08,    6068,  1.23,  -16732, -3.40
 623,110.00,  -12666, -1.29,    4556,  0.93,  -17222, -3.50
 624,111.00,  -14306, -1.46,    3608,  0.73,  -17914, -3.64
 625,112.00,  -15475, -1.57,    2673,  0.54,  -18148, -3.69
 626,113.00,  -17282, -1.76,    1351,  0.27,  -18633, -3.79
 627,114.00,  -19685, -2.00,    -265, -0.05,  -19420, -3.95
 628,115.00,  -21269, -2.16,   -1320, -0.27,  -19949, -4.06
 629,116.00,  -22010, -2.24,   -1348, -0.27,  -20662, -4.20
 630,117.00,  -23202, -2.36,   -1443, -0.29,  -21759, -4.43
 631,118.00,  -24172, -2.46,   -1409, -0.29,  -22763, -4.63
 632,119.00,  -24951, -2.54,   -1557, -0.32,  -23394, -4.76
 633,120.00,  -25489, -2.59,   -1342, -0.27,  -24147, -4.91
 634,121.00,  -25857, -2.63,    -764, -0.16,  -25093, -5.11
 635,122.00,  -26024, -2.65,     -83, -0.02,  -25941, -5.28
 636,123.00,  -26696, -2.72,     203,  0.04,  -26899, -5.47
 637,124.00,  -27877, -2.84,     100,  0.02,  -27977, -5.69
 638,125.00,  -28521, -2.90,     -83, -0.02,  -28438, -5.79
 639,126.00,  -28811, -2.93,     -98, -0.02,  -28713, -5.84
 640,127.00,  -29292, -2.98,     298,  0.06,  -29590, -6.02
 641,128.00,  -29867, -3.04,     534,  0.11,  -30401, -6.19
 642,129.00,  -30704, -3.12,     214,  0.04,  -30918, -6.29
 643,130.00,  -30930, -3.15,    -209, -0.04,  -30721, -6.25
 644,131.00,  -30553, -3.11,    -393, -0.08,  -30160, -6.14
 645,132.00,  -30083, -3.06,    -581, -0.12,  -29502, -6.00
 646,133.00,  -30070, -3.06,    -722, -0.15,  -29348, -5.97
 647,134.00,  -30882, -3.14,   -1359, -0.28,  -29523, -6.01
 648,135.00,  -32317, -3.29,   -2620, -0.53,  -29697, -6.04
 649,136.00,  -33496, -3.41,   -3708, -0.75,  -29788, -6.06
 650,137.00,  -34254, -3.48,   -4827, -0.98,  -29427, -5.99
 651,138.00,  -34942, -3.55,   -6024, -1.23,  -28918, -5.88
 652,139.00,  -35597, -3.62,   -7116, -1.45,  -28481, -5.79
 653,140.00,  -36628, -3.73,   -7830, -1.59,  -28798, -5.86
 654,141.00,  -37810, -3.85,   -8668, -1.76,  -29142, -5.93
 655,142.00,  -39214, -3.99,   -9587, -1.95,  -29627, -6.03
 656,143.00,  -40458, -4.12,  -10189, -2.07,  -30269, -6.16
 657,144.00,  -42003, -4.27,  -10662, -2.17,  -31341, -6.38
 658,145.00,  -43874, -4.46,  -11223, -2.28,  -32651, -6.64
 659,146.00,  -44880, -4.57,  -11414, -2.32,  -33466, -6.81
 660,147.00,  -45696, -4.65,  -11593, -2.36,  -34103, -6.94
 661,148.00,  -46518, -4.73,  -11969, -2.44,  -34549, -7.03
 662,149.00,  -47227, -4.80,  -11857, -2.41,  -35370, -7.20
 663,150.00,  -48561, -4.94,  -12335, -2.51,  -36226, -7.37
 664,151.00,  -49698, -5.06,  -13010, -2.65,  -36688, -7.46
 665,152.00,  -50076, -5.09,  -13374, -2.72,  -36702, -7.47
 666,153.00,  -50192, -5.11,  -13628, -2.77,  -36564, -7.44
 667,154.00,  -49851, -5.07,  -13365, -2.72,  -36486, -7.42
 668,155.00,  -50218, -5.11,  -13683, -2.78,  -36535, -7.43
 669,156.00,  -50837, -5.17,  -14403, -2.93,  -36434, -7.41
 670,157.00,  -51739, -5.26,  -15741, -3.20,  -35998, -7.32
 671,158.00,  -52834, -5.37,  -17209, -3.50,  -35625, -7.25
 672,159.00,  -53170, -5.41,  -17635, -3.59,  -35535, -7.23
 673,160.00,  -54105, -5.50,  -18440, -3.75,  -35665, -7.26
 674,161.00,  -55064, -5.60,  -19277, -3.92,  -35787, -7.28
 675,162.00,  -55686, -5.66,  -19946, -4.06,  -35740, -7.27
 676,163.00,  -55680, -5.66,  -20524, -4.18,  -35156, -7.15
 677,164.00,  -55295, -5.63,  -20953, -4.26,  -34342, -6.99
 678,165.00,  -55297, -5.63,  -21675, -4.41,  -33622, -6.84
 679,166.00,  -55001, -5.60,  -22170, -4.51,  -32831, -6.68
 680,167.00,  -55438, -5.64,  -22661, -4.61,  -32777, -6.67
 681,168.00,  -56457, -5.74,  -23760, -4.83,  -32697, -6.65
 682,169.00,  -57489, -5.85,  -24990, -5.08,  -32499, -6.61
 683,170.00,  -58198, -5.92,  -26048, -5.30,  -32150, -6.54
 684,171.00,  -58510, -5.95,  -26788, -5.45,  -31722, -6.45
 685,172.00,  -57757, -5.88,  -26813, -5.46,  -30944, -6.30
 686,173.00,  -57455, -5.84,  -27110, -5.52,  -30345, -6.17
 687,174.00,  -57421, -5.84,  -27723, -5.64,  -29698, -6.04
 688,175.00,  -57642, -5.86,  -28522, -5.80,  -29120, -5.92
 689,176.00,  -57695, -5.87,  -29465, -5.99,  -28230, -5.74
 690,177.00,  -57674, -5.87,  -30571, -6.22,  -27103, -5.51
 691,178.00,  -57585, -5.86,  -31978, -6.51,  -25607, -5.21
 692,179.00,  -57478, -5.85,  -33567, -6.83,  -23911, -4.86
 693,180.00,  -56477, -5.75,  -34428, -7.00,  -22049, -4.49
 694,181.00,  -55629, -5.66,  -34874, -7.10,  -20755, -4.22
 695,182.00,  -54426, -5.54,  -35385, -7.20,  -19041, -3.87
 696,183.00,  -53521, -5.44,  -36275, -7.38,  -17246, -3.51
 697,184.00,  -52130, -5.30,  -36848, -7.50,  -15282, -3.11
 698,185.00,  -50387, -5.13,  -37211, -7.57,  -13176, -2.68
 699,186.00,  -48911, -4.98,  -37597, -7.65,  -11314, -2.30
 700,187.00,  -47556, -4.84,  -37797, -7.69,   -9759, -1.99
 701,188.00,  -45543, -4.63,  -37306, -7.59,   -8237, -1.68
 702,189.00,  -43453, -4.42,  -37054, -7.54,   -6399, -1.30
 703,190.00,  -42613, -4.33,  -37503, -7.63,   -5110, -1.04
 704,191.00,  -41660, -4.24,  -38012, -7.73,   -3648, -0.74
 705,192.00,  -40599, -4.13,  -38474, -7.83,   -2125, -0.43
 706,193.00,  -39106, -3.98,  -38391, -7.81,    -715, -0.15
 707,194.00,  -37048, -3.77,  -37775, -7.69,     727,  0.15
 708,195.00,  -34288, -3.49,  -36734, -7.47,    2446,  0.50
 709,196.00,  -31407, -3.19,  -35771, -7.28,    4364,  0.89
 710,197.00,  -28583, -2.91,  -34911, -7.10,    6328,  1.29
 711,198.00,  -26210, -2.67,  -34161, -6.95,    7951,  1.62
 712,199.00,  -24639, -2.51,  -33751, -6.87,    9112,  1.85
 713,200.00,  -23127, -2.35,  -33369, -6.79,   10242,  2.08
 714,201.00,  -21342, -2.17,  -32943, -6.70,   11601,  2.36
 715,202.00,  -19515, -1.99,  -32657, -6.64,   13142,  2.67
 716,203.00,  -18089, -1.84,  -32460, -6.60,   14371,  2.92
 717,204.00,  -15815, -1.61,  -31103, -6.33,   15288,  3.11
 718,205.00,  -12848, -1.31,  -29207, -5.94,   16359,  3.33
 719,206.00,   -9804, -1.00,  -27157, -5.53,   17353,  3.53
 720,207.00,   -7953, -0.81,  -25870, -5.26,   17917,  3.65
 721,208.00,   -6228, -0.63,  -24979, -5.08,   18751,  3.82
 722,209.00,   -3980, -0.40,  -24094, -4.90,   20114,  4.09
 723,210.00,   -1393, -0.14,  -22795, -4.64,   21402,  4.35
 724,211.00,    1469,  0.15,  -21097, -4.29,   22566,  4.59
 725,212.00,    4061,  0.41,  -19456, -3.96,   23517,  4.78
 726,213.00,    5823,  0.59,  -18230, -3.71,   24053,  4.89
 727,214.00,    6677,  0.68,  -17265, -3.51,   23942,  4.87
 728,215.00,    8112,  0.83,  -16077, -3.27,   24189,  4.92
 729,216.00,   10397,  1.06,  -14556, -2.96,   24953,  5.08
 730,217.00,   13458,  1.37,  -12805, -2.61,   26263,  5.34
 731,218.00,   16135,  1.64,  -11472, -2.33,   27607,  5.62
 732,219.00,   18752,  1.91,  -10612, -2.16,   29364,  5.97
 733,220.00,   21184,  2.16,   -9292, -1.89,   30476,  6.20
 734,221.00,   24409,  2.48,   -6979, -1.42,   31388,  6.39
 735,222.00,   27564,  2.80,   -4656, -0.95,   32220,  6.56
 736,223.00,   30650,  3.12,   -2447, -0.50,   33097,  6.73
 737,224.00,   34024,  3.46,    -363, -0.07,   34387,  7.00
 738,225.00,   36801,  3.74,    1076,  0.22,   35725,  7.27
 739,226.00,   39127,  3.98,    2414,  0.49,   36713,  7.47
 740,227.00,   41151,  4.19,    3230,  0.66,   37921,  7.72
 741,228.00,   43529,  4.43,    4331,  0.88,   39198,  7.98
 742,229.00,   45747,  4.65,    6036,  1.23,   39711,  8.08
 743,230.00,   47563,  4.84,    7631,  1.55,   39932,  8.12
 744,231.00,   49279,  5.01,    9376,  1.91,   39903,  8.12
 745,232.00,   50706,  5.16,   10939,  2.23,   39767,  8.09
 746,233.00,   52012,  5.29,   12167,  2.48,   39845,  8.11
 747,234.00,   53060,  5.40,   13441,  2.73,   39619,  8.06
 748,235.00,   54196,  5.51,   14738,  3.00,   39458,  8.03
 749,236.00,   55016,  5.60,   15521,  3.16,   39495,  8.04
 750,237.00,   55479,  5.64,   16009,  3.26,   39470,  8.03
 751,238.00,   56412,  5.74,   17205,  3.50,   39207,  7.98
 752,239.00,   57134,  5.81,   18615,  3.79,   38519,  7.84
 753,240.00,   58546,  5.96,   20243,  4.12,   38303,  7.79
 754,241.00,   60345,  6.14,   22155,  4.51,   38190,  7.77
 755,242.00,   62115,  6.32,   23947,  4.87,   38168,  7.77
 756,243.00,   63314,  6.44,   25270,  5.14,   38044,  7.74
 757,244.00,   63559,  6.47,   26240,  5.34,   37319,  7.59
 758,245.00,   63822,  6.49,   27019,  5.50,   36803,  7.49
 759,246.00,   64669,  6.58,   28168,  5.73,   36501,  7.43
 760,247.00,   65288,  6.64,   29043,  5.91,   36245,  7.37
 761,248.00,   65242,  6.64,   29791,  6.06,   35451,  7.21
 762,249.00,   65751,  6.69,   30756,  6.26,   34995,  7.12
 763,250.00,   66246,  6.74,   31685,  6.45,   34561,  7.03
 764,251.00,   66914,  6.81,   32702,  6.65,   34212,  6.96
 765,252.00,   68366,  6.95,   34070,  6.93,   34296,  6.98
 766,253.00,   69767,  7.10,   35946,  7.31,   33821,  6.88
 767,254.00,   70179,  7.14,   36936,  7.51,   33243,  6.76
 768,255.00,   71129,  7.24,   37797,  7.69,   33332,  6.78
 769,256.00,   72808,  7.41,   39164,  7.97,   33644,  6.85
 770,257.00,   74280,  7.56,   40295,  8.20,   33985,  6.91
 771,258.00,   75256,  7.66,   40992,  8.34,   34264,  6.97
 772,259.00,   76314,  7.76,   41750,  8.49,   34564,  7.03
 773,260.00,   77651,  7.90,   42668,  8.68,   34983,  7.12
 774,261.00,   79323,  8.07,   43939,  8.94,   35384,  7.20
 775,262.00,   80089,  8.15,   44745,  9.10,   35344,  7.19
 776,263.00,   81014,  8.24,   45015,  9.16,   35999,  7.32
 777,264.00,   82388,  8.38,   45533,  9.26,   36855,  7.50
 778,265.00,   83391,  8.48,   45774,  9.31,   37617,  7.65
 779,266.00,   84893,  8.64,   46398,  9.44,   38495,  7.83
 780,267.00,   86830,  8.83,   47412,  9.65,   39418,  8.02
 781,268.00,   88845,  9.04,   48871,  9.94,   39974,  8.13
 782,269.00,   90400,  9.20,   49973, 10.17,   40427,  8.23
 783,270.00,   91462,  9.30,   50912, 10.36,   40550,  8.25
 784,271.00,   91937,  9.35,   51528, 10.48,   40409,  8.22
 785,272.00,   92184,  9.38,   51833, 10.55,   40351,  8.21
 786,273.00,   92283,  9.39,   52091, 10.60,   40192,  8.18
 787,274.00,   92821,  9.44,   52703, 10.72,   40118,  8.16
 788,275.00,   93017,  9.46,   53311, 10.85,   39706,  8.08
 789,276.00,   92879,  9.45,   53802, 10.95,   39077,  7.95
 790,277.00,   92707,  9.43,   54441, 11.08,   38266,  7.79
 791,278.00,   93058,  9.47,   55140, 11.22,   37918,  7.71
 792,279.00,   93180,  9.48,   55779, 11.35,   37401,  7.61
 793,280.00,   93586,  9.52,   56682, 11.53,   36904,  7.51
 794,281.00,   93334,  9.49,   56450, 11.49,   36884,  7.50
 795,282.00,   93264,  9.49,   56447, 11.48,   36817,  7.49
 796,283.00,   92771,  9.44,   56662, 11.53,   36109,  7.35
 797,284.00,   92247,  9.38,   56810, 11.56,   35437,  7.21
 798,285.00,   91608,  9.32,   56516, 11.50,   35092,  7.14
 799,286.00,   90759,  9.23,   55913, 11.38,   34846,  7.09
 800,287.00,   89867,  9.14,   55622, 11.32,   34245,  6.97
 801,288.00,   88712,  9.02,   55579, 11.31,   33133,  6.74
 802,289.00,   87407,  8.89,   55769, 11.35,   31638,  6.44
 803,290.00,   85660,  8.71,   55292, 11.25,   30368,  6.18
 804,291.00,   84197,  8.57,   54171, 11.02,   30026,  6.11
 805,292.00,   82410,  8.38,   53114, 10.81,   29296,  5.96
 806,293.00,   81268,  8.27,   52663, 10.71,   28605,  5.82
 807,294.00,   80137,  8.15,   52354, 10.65,   27783,  5.65
 808,295.00,   78502,  7.99,   51566, 10.49,   26936,  5.48
 809,296.00,   76674,  7.80,   50688, 10.31,   25986,  5.29
 810,297.00,   75049,  7.63,   50220, 10.22,   24829,  5.05
 811,298.00,   73548,  7.48,   49724, 10.12,   23824,  4.85
 812,299.00,   72140,  7.34,   48833,  9.94,   23307,  4.74
 813,300.00,   70497,  7.17,   47726,  9.71,   22771,  4.63
 814,301.00,   68983,  7.02,   46641,  9.49,   22342,  4.55
 815,302.00,   67706,  6.89,   45180,  9.19,   22526,  4.58
 816,303.00,   65682,  6.68,   43555,  8.86,   22127,  4.50
 817,304.00,   63971,  6.51,   42573,  8.66,   21398,  4.35
 818,305.00,   62074,  6.31,   41483,  8.44,   20591,  4.19
 819,306.00,   60364,  6.14,   40408,  8.22,   19956,  4.06
 820,307.00,   57913,  5.89,   39006,  7.94,   18907,  3.85
 821,308.00,   55160,  5.61,   37295,  7.59,   17865,  3.63
 822,309.00,   52999,  5.39,   35896,  7.30,   17103,  3.48
 823,310.00,   50065,  5.09,   33621,  6.84,   16444,  3.35
 824,311.00,   47805,  4.86,   31981,  6.51,   15824,  3.22
 825,312.00,   46207,  4.70,   30862,  6.28,   15345,  3.12
 826,313.00,   44685,  4.55,   29709,  6.04,   14976,  3.05
 827,314.00,   43081,  4.38,   28398,  5.78,   14683,  2.99
 828,315.00,   42418,  4.32,   27627,  5.62,   14791,  3.01
 829,316.00,   41815,  4.25,   27166,  5.53,   14649,  2.98
 830,317.00,   40474,  4.12,   26484,  5.39,   13990,  2.85
 831,318.00,   38944,  3.96,   25661,  5.22,   13283,  2.70
 832,319.00,   37264,  3.79,   24569,  5.00,   12695,  2.58
 833,320.00,   34992,  3.56,   23368,  4.75,   11624,  2.36
 834,321.00,   32543,  3.31,   21682,  4.41,   10861,  2.21
 835,322.00,   30484,  3.10,   20216,  4.11,   10268,  2.09
 836,323.00,   29163,  2.97,   19211,  3.91,    9952,  2.02
 837,324.00,   28498,  2.90,   18281,  3.72,   10217,  2.08
 838,325.00,   27435,  2.79,   17206,  3.50,   10229,  2.08
 839,326.00,   25755,  2.62,   16021,  3.26,    9734,  1.98
 840,327.00,   25101,  2.55,   15653,  3.18,    9448,  1.92
 841,328.00,   25215,  2.57,   15825,  3.22,    9390,  1.91
 842,329.00,   24732,  2.52,   15617,  3.18,    9115,  1.85
 843,330.00,   23127,  2.35,   14819,  3.02,    8308,  1.69
 844,331.00,   21702,  2.21,   14354,  2.92,    7348,  1.50
 845,332.00,   21171,  2.15,   14321,  2.91,    6850,  1.39
 846,333.00,   20092,  2.04,   14040,  2.86,    6052,  1.23
 847,334.00,   18962,  1.93,   13309,  2.71,    5653,  1.15
 848,335.00,   18579,  1.89,   12967,  2.64,    5612,  1.14
 849,336.00,   17655,  1.80,   12481,  2.54,    5174,  1.05
 850,337.00,   17063,  1.74,   12906,  2.63,    4157,  0.85
 851,338.00,   16334,  1.66,   12921,  2.63,    3413,  0.69
 852,339.00,   15070,  1.53,   12392,  2.52,    2678,  0.54
 853,340.00,   14000,  1.42,   12653,  2.57,    1347,  0.27
 854,341.00,   15051,  1.53,   13962,  2.84,    1089,  0.22
 855,342.00,   16187,  1.65,   15047,  3.06,    1140,  0.23
 856,343.00,   16254,  1.65,   15662,  3.19,     592,  0.12
 857,344.00,   15937,  1.62,   16100,  3.28,    -163, -0.03
 858,345.00,   16002,  1.63,   16496,  3.36,    -494, -0.10
 859,346.00,   15754,  1.60,   16373,  3.33,    -619, -0.13
 860,347.00,   14228,  1.45,   15220,  3.10,    -992, -0.20
 861,348.00,   13099,  1.33,   14747,  3.00,   -1648, -0.34
 862,349.00,   13206,  1.34,   15322,  3.12,   -2116, -0.43
 863,350.00,   13463,  1.37,   16142,  3.28,   -2679, -0.55
 864,351.00,   14092,  1.43,   17146,  3.49,   -3054, -0.62
 865,352.00,   15200,  1.55,   18574,  3.78,   -3374, -0.69
 866,353.00,   15723,  1.60,   19868,  4.04,   -4145, -0.84
 867,354.00,   15656,  1.59,   20662,  4.20,   -5006, -1.02
 868,355.00,   15390,  1.57,   21371,  4.35,   -5981, -1.22
 869,356.00,   15336,  1.56,   21737,  4.42,   -6401, -1.30
 870,357.00,   15447,  1.57,   22092,  4.49,   -6645, -1.35
 871,358.00,   15478,  1.57,   22219,  4.52,   -6741, -1.37
 872,359.00,   15376,  1.56,   22583,  4.59,   -7207, -1.47
 873,360.00,   15633,  1.59,   23332,  4.75,   -7699, -1.57
 874,361.00,   15169,  1.54,   23322,  4.75,   -8153, -1.66
 875,362.00,   14093,  1.43,   22660,  4.61,   -8567, -1.74
 876,363.00,   13084,  1.33,   21795,  4.43,   -8711, -1.77
 877,364.00,   12393,  1.26,   21482,  4.37,   -9089, -1.85
 878,365.00,   12236,  1.24,   21819,  4.44,   -9583, -1.95
 879,366.00,   12152,  1.24,   22280,  4.53,  -10128, -2.06
 880,367.00,   12296,  1.25,   22932,  4.67,  -10636, -2.16
 881,368.00,   12405,  1.26,   23292,  4.74,  -10887, -2.22
 882,369.00,   11385,  1.16,   23160,  4.71,  -11775, -2.40
 883,370.00,    9558,  0.97,   22528,  4.58,  -12970, -2.64
 884,371.00,    8794,  0.89,   22250,  4.53,  -13456, -2.74
 885,372.00,    8618,  0.88,   22535,  4.58,  -13917, -2.83
 886,373.00,    8208,  0.83,   22712,  4.62,  -14504, -2.95
 887,374.00,    7253,  0.74,   22485,  4.57,  -15232, -3.10
 888,375.00,    5938,  0.60,   21641,  4.40,  -15703, -3.19
 889,376.00,    5620,  0.57,   20988,  4.27,  -15368, -3.13
 890,377.00,    4818,  0.49,   20075,  4.08,  -15257, -3.10
 891,378.00,    3679,  0.37,   19242,  3.91,  -15563, -3.17
 892,379.00,    2101,  0.21,   18302,  3.72,  -16201, -3.30
 893,380.00,    -238, -0.02,   16488,  3.35,  -16726, -3.40
 894,381.00,   -1875, -0.19,   15106,  3.07,  -16981, -3.45
 895,382.00,   -2706, -0.28,   14460,  2.94,  -17166, -3.49
 896,383.00,   -3649, -0.37,   13600,  2.77,  -17249, -3.51
 897,384.00,   -5535, -0.56,   11774,  2.40,  -17309, -3.52
 898,385.00,   -7400, -0.75,    9860,  2.01,  -17260, -3.51
 899,386.00,   -8195, -0.83,    8686,  1.77,  -16881, -3.43
 900,387.00,   -8706, -0.89,    7767,  1.58,  -16473, -3.35
 901,388.00,   -9118, -0.93,    6525,  1.33,  -15643, -3.18
 902,389.00,   -8633, -0.88,    6137,  1.25,  -14770, -3.01
 903,390.00,   -7988, -0.81,    5863,  1.19,  -13851, -2.82
 904,391.00,   -7766, -0.79,    5787,  1.18,  -13553, -2.76
 905,392.00,   -8328, -0.85,    5655,  1.15,  -13983, -2.84
 906,393.00,   -8301, -0.84,    5127,  1.04,  -13428, -2.73
 907,394.00,   -8176, -0.83,    4419,  0.90,  -12595, -2.56
 908,395.00,   -8255, -0.84,    3958,  0.81,  -12213, -2.48
 909,396.00,   -8869, -0.90,    3928,  0.80,  -12797, -2.60
 910,397.00,   -8946, -0.91,    4227,  0.86,  -13173, -2.68
 911,398.00,   -7789, -0.79,    4982,  1.01,  -12771, -2.60
 912,399.00,   -6323, -0.64,    5478,  1.11,  -11801, -2.40
 913,400.00,   -6231, -0.63,    5103,  1.04,  -11334, -2.31
 914,401.00,   -6261, -0.64,    4776,  0.97,  -11037, -2.25
 915,402.00,   -5427, -0.55,    5219,  1.06,  -10646, -2.17
 916,403.00,   -4742, -0.48,    5756,  1.17,  -10498, -2.14
 917,404.00,   -4041, -0.41,    6494,  1.32,  -10535, -2.14
 918,405.00,   -4551, -0.46,    6625,  1.35,  -11176, -2.27
 919,406.00,   -5958, -0.61,    6024,  1.23,  -11982, -2.44
 920,407.00,   -6581, -0.67,    5912,  1.20,  -12493, -2.54
 921,408.00,   -6832, -0.70,    6129,  1.25,  -12961, -2.64
 922,409.00,   -7304, -0.74,    6252,  1.27,  -13556, -2.76
 923,410.00,   -8421, -0.86,    5902,  1.20,  -14323, -2.91
 924,411.00,   -8903, -0.91,    5425,  1.10,  -14328, -2.92
 925,412.00,   -9956, -1.01,    4191,  0.85,  -14147, -2.88
 926,413.00,  -10569, -1.08,    3417,  0.70,  -13986, -2.85
 927,414.00,  -11842, -1.20,    2988,  0.61,  -14830, -3.02
 928,415.00,  -13789, -1.40,    1672,  0.34,  -15461, -3.15
 929,416.00,  -15228, -1.55,     286,  0.06,  -15514, -3.16
 930,417.00,  -16722, -1.70,   -1446, -0.29,  -15276, -3.11
 931,418.00,  -17917, -1.82,   -2621, -0.53,  -15296, -3.11
 932,419.00,  -19023, -1.94,   -3710, -0.75,  -15313, -3.12
 933,420.00,  -20141, -2.05,   -5020, -1.02,  -15121, -3.08
 934,421.00,  -21030, -2.14,   -6536, -1.33,  -14494, -2.95
 935,422.00,  -21691, -2.21,   -8177, -1.66,  -13514, -2.75
 936,423.00,  -21850, -2.22,   -9025, -1.84,  -12825, -2.61
 937,424.00,  -22474, -2.29,  -10074, -2.05,  -12400, -2.52
 938,425.00,  -23754, -2.42,  -11840, -2.41,  -11914, -2.42
 939,426.00,  -24148, -2.46,  -13153, -2.68,  -10995, -2.24
 940,427.00,  -24021, -2.44,  -14117, -2.87,   -9904, -2.02
 941,428.00,  -23738, -2.41,  -14963, -3.04,   -8775, -1.79
 942,429.00,  -23804, -2.42,  -15804, -3.22,   -8000, -1.63
 943,430.00,  -23751, -2.42,  -16912, -3.44,   -6839, -1.39
 944,431.00,  -23655, -2.41,  -18154, -3.69,   -5501, -1.12
 945,432.00,  -24587, -2.50,  -20045, -4.08,   -4542, -0.92
 946,433.00,  -26792, -2.73,  -22495, -4.58,   -4297, -0.87
 947,434.00,  -27885, -2.84,  -23951, -4.87,   -3934, -0.80
 948,435.00,  -27988, -2.85,  -25098, -5.11,   -2890, -0.59
 949,436.00,  -28462, -2.90,  -26736, -5.44,   -1726, -0.35
 950,437.00,  -29439, -2.99,  -28098, -5.72,   -1341, -0.27
 951,438.00,  -30969, -3.15,  -29835, -6.07,   -1134, -0.23
 952,439.00,  -31987, -3.25,  -31260, -6.36,    -727, -0.15
 953,440.00,  -32639, -3.32,  -32210, -6.55,    -429, -0.09
 954,441.00,  -33478, -3.41,  -33001, -6.71,    -477, -0.10
 955,442.00,  -34275, -3.49,  -33447, -6.81,    -828, -0.17
 956,443.00,  -34688, -3.53,  -33719, -6.86,    -969, -0.20
 957,444.00,  -34544, -3.51,  -33542, -6.82,   -1002, -0.20
 958,445.00,  -35113, -3.57,  -33937, -6.90,   -1176, -0.24
 959,446.00,  -35799, -3.64,  -34525, -7.02,   -1274, -0.26
 960,447.00,  -35916, -3.65,  -35204, -7.16,    -712, -0.14
 961,448.00,  -35322, -3.59,  -35645, -7.25,     323,  0.07
 962,449.00,  -35941, -3.66,  -36157, -7.36,     216,  0.04
 963,450.00,  -36097, -3.67,  -36240, -7.37,     143,  0.03
 964,451.00,  -35698, -3.63,  -35763, -7.28,      65,  0.01
 965,452.00,  -34555, -3.52,  -35185, -7.16,     630,  0.13
 966,453.00,  -33863, -3.44,  -35017, -7.12,    1154,  0.23
 967,454.00,  -34071, -3.47,  -35500, -7.22,    1429,  0.29
 968,455.00,  -34726, -3.53,  -36397, -7.41,    1671,  0.34
 969,456.00,  -35065, -3.57,  -36865, -7.50,    1800,  0.37
 970,457.00,  -35096, -3.57,  -36689, -7.46,    1593,  0.32
 971,458.00,  -34707, -3.53,  -36667, -7.46,    1960,  0.40
 972,459.00,  -35078, -3.57,  -37115, -7.55,    2037,  0.41
 973,460.00,  -35873, -3.65,  -37315, -7.59,    1442,  0.29
 974,461.00,  -36796, -3.74,  -37548, -7.64,     752,  0.15
 975,462.00,  -38174, -3.88,  -38260, -7.78,      86,  0.02
 976,463.00,  -39735, -4.04,  -39238, -7.98,    -497, -0.10
 977,464.00,  -40595, -4.13,  -39382, -8.01,   -1213, -0.25
 978,465.00,  -41519, -4.22,  -39172, -7.97,   -2347, -0.48
 979,466.00,  -41873, -4.26,  -38823, -7.90,   -3050, -0.62
 980,467.00,  -41444, -4.22,  -38067, -7.74,   -3377, -0.69
 981,468.00,  -41478, -4.22,  -37471, -7.62,   -4007, -0.82
 982,469.00,  -41706, -4.24,  -36887, -7.50,   -4819, -0.98
 983,470.00,  -41818, -4.25,  -35946, -7.31,   -5872, -1.19
 984,471.00,  -41634, -4.24,  -35389, -7.20,   -6245, -1.27
 985,472.00,  -41958, -4.27,  -35170, -7.16,   -6788, -1.38
 986,473.00,  -42601, -4.33,  -34970, -7.11,   -7631, -1.55
 987,474.00,  -43557, -4.43,  -34405, -7.00,   -9152, -1.86
 988,475.00,  -43332, -4.41,  -33823, -6.88,   -9509, -1.93
 989,476.00,  -43192, -4.39,  -33795, -6.88,   -9397, -1.91
 990,477.00,  -42784, -4.35,  -33674, -6.85,   -9110, -1.85
 991,478.00,  -42771, -4.35,  -33778, -6.87,   -8993, -1.83
 992,479.00,  -42366, -4.31,  -33199, -6.75,   -9167, -1.87
 993,480.00,  -42423, -4.32,  -33129, -6.74,   -9294, -1.89
 994,481.00,  -41055, -4.18,  -32315, -6.57,   -8740, -1.78
 995,482.00,  -39254, -3.99,  -31451, -6.40,   -7803, -1.59
 996,483.00,  -37976, -3.86,  -30871, -6.28,   -7105, -1.45
 997,484.00,  -37283, -3.79,  -30323, -6.17,   -6960, -1.42
 998,485.00,  -37346, -3.80,  -30158, -6.14,   -7188, -1.46
 999,486.00,  -37496, -3.81,  -30204, -6.15,   -7292, -1.48
1000,487.00,  -36274, -3.69,  -29761, -6.06,   -6513, -1.33
1001,488.00,  -34808, -3.54,  -28815, -5.86,   -5993, -1.22
1002,489.00,  -33102, -3.37,  -27261, -5.55,   -5841, -1.19
1003,490.00,  -31129, -3.17,  -25994, -5.29,   -5135, -1.04
1004,491.00,  -29183, -2.97,  -24830, -5.05,   -4353, -0.89
1005,492.00,  -27564, -2.80,  -23301, -4.74,   -4263, -0.87
1006,493.00,  -27003, -2.75,  -21971, -4.47,   -5032, -1.02
1007,494.00,  -26334, -2.68,  -21201, -4.31,   -5133, -1.04
1008,495.00,  -25038, -2.55,  -20398, -4.15,   -4640, -0.94
1009,496.00,  -24039, -2.45,  -19290, -3.92,   -4749, -0.97
1010,497.00,  -22848, -2.32,  -18802, -3.83,   -4046, -0.82
1011,498.00,  -21414, -2.18,  -18484, -3.76,   -2930, -0.60
1012,499.00,  -20582, -2.09,  -17975, -3.66,   -2607, -0.53
1013,500.00,  -21012, -2.14,  -17710, -3.60,   -3302, -0.67
1014,501.00,  -21552, -2.19,  -17927, -3.65,   -3625, -0.74
1015,502.00,  -21350, -2.17,  -17783, -3.62,   -3567, -0.73
1016,503.00,  -20134, -2.05,  -16589, -3.38,   -3545, -0.72
1017,504.00,  -19396, -1.97,  -15342, -3.12,   -4054, -0.82
1018,505.00,  -19782, -2.01,  -15258, -3.10,   -4524, -0.92
1019,506.00,  -19169, -1.95,  -14960, -3.04,   -4209, -0.86
1020,507.00,  -18604, -1.89,  -14469, -2.94,   -4135, -0.84
1021,508.00,  -18506, -1.88,  -13950, -2.84,   -4556, -0.93
1022,509.00,  -18662, -1.90,  -13682, -2.78,   -4980, -1.01
1023,510.00,  -17428, -1.77,  -12708, -2.59,   -4720, -0.96
1024,511.00,  -15867, -1.61,  -11584, -2.36,   -4283, -0.87
