-----------------------------------------------------------------------------------
Identifier:,IHS5922-20183101
File Name:,MPRP70A.3
Ear:,R
Channel:,1
Intensity:,70 dB HL
Stim. Rate:,  1.10/s
Stim. Mode:,0
Sweeps:,179
Artifacts:,61
Smp. Period:,1000.00 us
Amp. Gain:, 50.00 K
Low Pass:, 30.00 Hz
High Pass:,  1.00 Hz
Notch Filter:,TRUE
Stimulus:,100
Stim. Freq.:,1000 Hz
Stim. Dur.:,2000 pnts
Masking:,0 dB SPL
Stim. Point:,513
-----------------------------------------------------------------------------------
Peak Information:,Label,Peak(+),Peak(+)(ms),Peak(-),Peak(-)(ms)
,20, 696,183.00, 825,312.00,
,19, 623,110.00, 696,183.00,
,18, 592,79.00, 623,110.00,
-----------------------------------------------------------------------------------


Data Pnt:,Data Pnt(ms):,Average:,Average(uV):,Buffer1:,Buffer1(uV):,Buffer2:,Buffer2(uV):
   1,-512.00,       0,  0.00,       0,  0.00,       0,  0.00
   2,-511.00,       0,  0.00,       0,  0.00,       0,  0.00
   3,-510.00,       0,  0.00,       0,  0.00,       0,  0.00
   4,-509.00,       0,  0.00,       0,  0.00,       0,  0.00
   5,-508.00,       0,  0.00,       0,  0.00,       0,  0.00
   6,-507.00,       0,  0.00,       0,  0.00,       0,  0.00
   7,-506.00,       0,  0.00,       0,  0.00,       0,  0.00
   8,-505.00,       0,  0.00,       0,  0.00,       0,  0.00
   9,-504.00,       0,  0.00,       0,  0.00,       0,  0.00
  10,-503.00,       0,  0.00,       0,  0.00,       0,  0.00
  11,-502.00,       0,  0.00,       0,  0.00,       0,  0.00
  12,-501.00,       0,  0.00,       0,  0.00,       0,  0.00
  13,-500.00,       0,  0.00,       0,  0.00,       0,  0.00
  14,-499.00,       0,  0.00,       0,  0.00,       0,  0.00
  15,-498.00,       0,  0.00,       0,  0.00,       0,  0.00
  16,-497.00,       0,  0.00,       0,  0.00,       0,  0.00
  17,-496.00,       0,  0.00,       0,  0.00,       0,  0.00
  18,-495.00,       0,  0.00,       0,  0.00,       0,  0.00
  19,-494.00,       0,  0.00,       0,  0.00,       0,  0.00
  20,-493.00,       0,  0.00,       0,  0.00,       0,  0.00
  21,-492.00,       0,  0.00,       0,  0.00,       0,  0.00
  22,-491.00,       0,  0.00,       0,  0.00,       0,  0.00
  23,-490.00,       0,  0.00,       0,  0.00,       0,  0.00
  24,-489.00,       0,  0.00,       0,  0.00,       0,  0.00
  25,-488.00,       0,  0.00,       0,  0.00,       0,  0.00
  26,-487.00,       0,  0.00,       0,  0.00,       0,  0.00
  27,-486.00,       0,  0.00,       0,  0.00,       0,  0.00
  28,-485.00,       0,  0.00,       0,  0.00,       0,  0.00
  29,-484.00,       0,  0.00,       0,  0.00,       0,  0.00
  30,-483.00,       0,  0.00,       0,  0.00,       0,  0.00
  31,-482.00,       0,  0.00,       0,  0.00,       0,  0.00
  32,-481.00,       0,  0.00,       0,  0.00,       0,  0.00
  33,-480.00,       0,  0.00,       0,  0.00,       0,  0.00
  34,-479.00,       0,  0.00,       0,  0.00,       0,  0.00
  35,-478.00,       0,  0.00,       0,  0.00,       0,  0.00
  36,-477.00,       0,  0.00,       0,  0.00,       0,  0.00
  37,-476.00,       0,  0.00,       0,  0.00,       0,  0.00
  38,-475.00,       0,  0.00,       0,  0.00,       0,  0.00
  39,-474.00,       0,  0.00,       0,  0.00,       0,  0.00
  40,-473.00,       0,  0.00,       0,  0.00,       0,  0.00
  41,-472.00,       0,  0.00,       0,  0.00,       0,  0.00
  42,-471.00,       0,  0.00,       0,  0.00,       0,  0.00
  43,-470.00,       0,  0.00,       0,  0.00,       0,  0.00
  44,-469.00,       0,  0.00,       0,  0.00,       0,  0.00
  45,-468.00,       0,  0.00,       0,  0.00,       0,  0.00
  46,-467.00,       0,  0.00,       0,  0.00,       0,  0.00
  47,-466.00,       0,  0.00,       0,  0.00,       0,  0.00
  48,-465.00,       0,  0.00,       0,  0.00,       0,  0.00
  49,-464.00,       0,  0.00,       0,  0.00,       0,  0.00
  50,-463.00,       0,  0.00,       0,  0.00,       0,  0.00
  51,-462.00,       0,  0.00,       0,  0.00,       0,  0.00
  52,-461.00,       0,  0.00,       0,  0.00,       0,  0.00
  53,-460.00,       0,  0.00,       0,  0.00,       0,  0.00
  54,-459.00,       0,  0.00,       0,  0.00,       0,  0.00
  55,-458.00,       0,  0.00,       0,  0.00,       0,  0.00
  56,-457.00,       0,  0.00,       0,  0.00,       0,  0.00
  57,-456.00,       0,  0.00,       0,  0.00,       0,  0.00
  58,-455.00,       0,  0.00,       0,  0.00,       0,  0.00
  59,-454.00,       0,  0.00,       0,  0.00,       0,  0.00
  60,-453.00,       0,  0.00,       0,  0.00,       0,  0.00
  61,-452.00,       0,  0.00,       0,  0.00,       0,  0.00
  62,-451.00,       0,  0.00,       0,  0.00,       0,  0.00
  63,-450.00,       0,  0.00,       0,  0.00,       0,  0.00
  64,-449.00,       0,  0.00,       0,  0.00,       0,  0.00
  65,-448.00,       0,  0.00,       0,  0.00,       0,  0.00
  66,-447.00,       0,  0.00,       0,  0.00,       0,  0.00
  67,-446.00,       0,  0.00,       0,  0.00,       0,  0.00
  68,-445.00,       0,  0.00,       0,  0.00,       0,  0.00
  69,-444.00,       0,  0.00,       0,  0.00,       0,  0.00
  70,-443.00,       0,  0.00,       0,  0.00,       0,  0.00
  71,-442.00,       0,  0.00,       0,  0.00,       0,  0.00
  72,-441.00,       0,  0.00,       0,  0.00,       0,  0.00
  73,-440.00,       0,  0.00,       0,  0.00,       0,  0.00
  74,-439.00,       0,  0.00,       0,  0.00,       0,  0.00
  75,-438.00,       0,  0.00,       0,  0.00,       0,  0.00
  76,-437.00,       0,  0.00,       0,  0.00,       0,  0.00
  77,-436.00,       0,  0.00,       0,  0.00,       0,  0.00
  78,-435.00,       0,  0.00,       0,  0.00,       0,  0.00
  79,-434.00,       0,  0.00,       0,  0.00,       0,  0.00
  80,-433.00,       0,  0.00,       0,  0.00,       0,  0.00
  81,-432.00,       0,  0.00,       0,  0.00,       0,  0.00
  82,-431.00,       0,  0.00,       0,  0.00,       0,  0.00
  83,-430.00,       0,  0.00,       0,  0.00,       0,  0.00
  84,-429.00,       0,  0.00,       0,  0.00,       0,  0.00
  85,-428.00,       0,  0.00,       0,  0.00,       0,  0.00
  86,-427.00,       0,  0.00,       0,  0.00,       0,  0.00
  87,-426.00,       0,  0.00,       0,  0.00,       0,  0.00
  88,-425.00,       0,  0.00,       0,  0.00,       0,  0.00
  89,-424.00,       0,  0.00,       0,  0.00,       0,  0.00
  90,-423.00,       0,  0.00,       0,  0.00,       0,  0.00
  91,-422.00,       0,  0.00,       0,  0.00,       0,  0.00
  92,-421.00,       0,  0.00,       0,  0.00,       0,  0.00
  93,-420.00,       0,  0.00,       0,  0.00,       0,  0.00
  94,-419.00,       0,  0.00,       0,  0.00,       0,  0.00
  95,-418.00,       0,  0.00,       0,  0.00,       0,  0.00
  96,-417.00,       0,  0.00,       0,  0.00,       0,  0.00
  97,-416.00,       0,  0.00,       0,  0.00,       0,  0.00
  98,-415.00,       0,  0.00,       0,  0.00,       0,  0.00
  99,-414.00,       0,  0.00,       0,  0.00,       0,  0.00
 100,-413.00,       0,  0.00,       0,  0.00,       0,  0.00
 101,-412.00,       0,  0.00,       0,  0.00,       0,  0.00
 102,-411.00,       0,  0.00,       0,  0.00,       0,  0.00
 103,-410.00,       0,  0.00,       0,  0.00,       0,  0.00
 104,-409.00,       0,  0.00,       0,  0.00,       0,  0.00
 105,-408.00,       0,  0.00,       0,  0.00,       0,  0.00
 106,-407.00,       0,  0.00,       0,  0.00,       0,  0.00
 107,-406.00,       0,  0.00,       0,  0.00,       0,  0.00
 108,-405.00,       0,  0.00,       0,  0.00,       0,  0.00
 109,-404.00,       0,  0.00,       0,  0.00,       0,  0.00
 110,-403.00,       0,  0.00,       0,  0.00,       0,  0.00
 111,-402.00,       0,  0.00,       0,  0.00,       0,  0.00
 112,-401.00,       0,  0.00,       0,  0.00,       0,  0.00
 113,-400.00,       0,  0.00,       0,  0.00,       0,  0.00
 114,-399.00,       0,  0.00,       0,  0.00,       0,  0.00
 115,-398.00,       0,  0.00,       0,  0.00,       0,  0.00
 116,-397.00,   15786,  0.54,      -7, -0.00,   15793,  1.07
 117,-396.00,   15728,  0.54,   -1530, -0.10,   17258,  1.17
 118,-395.00,   16182,  0.55,   -3139, -0.21,   19321,  1.31
 119,-394.00,   15473,  0.53,   -4865, -0.33,   20338,  1.38
 120,-393.00,   14389,  0.49,   -6395, -0.43,   20784,  1.41
 121,-392.00,   13949,  0.48,   -7749, -0.53,   21698,  1.47
 122,-391.00,   13992,  0.48,   -8930, -0.61,   22922,  1.55
 123,-390.00,   13072,  0.45,  -10610, -0.72,   23682,  1.61
 124,-389.00,   12023,  0.41,  -12104, -0.82,   24127,  1.64
 125,-388.00,   11248,  0.38,  -13463, -0.91,   24711,  1.68
 126,-387.00,    9986,  0.34,  -15106, -1.02,   25092,  1.70
 127,-386.00,    8875,  0.30,  -16373, -1.11,   25248,  1.71
 128,-385.00,    7561,  0.26,  -17816, -1.21,   25377,  1.72
 129,-384.00,    7058,  0.24,  -19122, -1.30,   26180,  1.78
 130,-383.00,    6533,  0.22,  -19988, -1.36,   26521,  1.80
 131,-382.00,    5675,  0.19,  -20905, -1.42,   26580,  1.80
 132,-381.00,    5349,  0.18,  -21557, -1.46,   26906,  1.82
 133,-380.00,    5107,  0.17,  -21929, -1.49,   27036,  1.83
 134,-379.00,    4791,  0.16,  -22289, -1.51,   27080,  1.84
 135,-378.00,    4340,  0.15,  -22418, -1.52,   26758,  1.81
 136,-377.00,    3598,  0.12,  -22678, -1.54,   26276,  1.78
 137,-376.00,    2410,  0.08,  -23193, -1.57,   25603,  1.74
 138,-375.00,    1107,  0.04,  -23642, -1.60,   24749,  1.68
 139,-374.00,    -448, -0.02,  -24123, -1.64,   23675,  1.61
 140,-373.00,   -1234, -0.04,  -24446, -1.66,   23212,  1.57
 141,-372.00,   -1961, -0.07,  -24776, -1.68,   22815,  1.55
 142,-371.00,   -1702, -0.06,  -24606, -1.67,   22904,  1.55
 143,-370.00,    -285, -0.00,  -23687, -1.61,   23402,  1.59
 144,-369.00,     793,  0.03,  -22740, -1.54,   23533,  1.60
 145,-368.00,    1795,  0.06,  -21829, -1.48,   23624,  1.60
 146,-367.00,    3066,  0.10,  -20533, -1.39,   23599,  1.60
 147,-366.00,    3355,  0.11,  -19609, -1.33,   22964,  1.56
 148,-365.00,    3372,  0.11,  -18578, -1.26,   21950,  1.49
 149,-364.00,    3716,  0.13,  -17516, -1.19,   21232,  1.44
 150,-363.00,    4902,  0.17,  -16122, -1.09,   21024,  1.43
 151,-362.00,    5811,  0.20,  -14885, -1.01,   20696,  1.40
 152,-361.00,    7295,  0.25,  -13525, -0.92,   20820,  1.41
 153,-360.00,    8417,  0.29,  -12383, -0.84,   20800,  1.41
 154,-359.00,    9213,  0.31,  -11526, -0.78,   20739,  1.41
 155,-358.00,   10661,  0.36,  -10350, -0.70,   21011,  1.42
 156,-357.00,   12250,  0.42,   -9181, -0.62,   21431,  1.45
 157,-356.00,   13228,  0.45,   -8264, -0.56,   21492,  1.46
 158,-355.00,   13574,  0.46,   -7959, -0.54,   21533,  1.46
 159,-354.00,   14299,  0.49,   -7473, -0.51,   21772,  1.48
 160,-353.00,   14954,  0.51,   -7700, -0.52,   22654,  1.54
 161,-352.00,   15901,  0.54,   -7851, -0.53,   23752,  1.61
 162,-351.00,   17580,  0.60,   -7627, -0.52,   25207,  1.71
 163,-350.00,   18316,  0.62,   -7469, -0.51,   25785,  1.75
 164,-349.00,   18517,  0.63,   -7724, -0.52,   26241,  1.78
 165,-348.00,   19473,  0.66,   -8101, -0.55,   27574,  1.87
 166,-347.00,   20471,  0.70,   -8626, -0.59,   29097,  1.97
 167,-346.00,   21691,  0.74,   -9091, -0.62,   30782,  2.09
 168,-345.00,   23077,  0.79,   -9861, -0.67,   32938,  2.23
 169,-344.00,   24311,  0.83,  -10652, -0.72,   34963,  2.37
 170,-343.00,   25538,  0.87,  -11135, -0.76,   36673,  2.49
 171,-342.00,   26906,  0.92,  -11501, -0.78,   38407,  2.60
 172,-341.00,   27474,  0.94,  -12424, -0.84,   39898,  2.71
 173,-340.00,   27746,  0.95,  -13600, -0.92,   41346,  2.80
 174,-339.00,   28271,  0.96,  -14323, -0.97,   42594,  2.89
 175,-338.00,   28594,  0.98,  -15154, -1.03,   43748,  2.97
 176,-337.00,   28532,  0.97,  -16144, -1.09,   44676,  3.03
 177,-336.00,   28674,  0.98,  -16899, -1.15,   45573,  3.09
 178,-335.00,   28978,  0.99,  -17459, -1.18,   46437,  3.15
 179,-334.00,   29802,  1.02,  -17620, -1.19,   47422,  3.22
 180,-333.00,   30284,  1.03,  -18063, -1.23,   48347,  3.28
 181,-332.00,   30376,  1.04,  -18279, -1.24,   48655,  3.30
 182,-331.00,   31466,  1.07,  -17995, -1.22,   49461,  3.35
 183,-330.00,   32564,  1.11,  -17828, -1.21,   50392,  3.42
 184,-329.00,   32794,  1.12,  -17910, -1.21,   50704,  3.44
 185,-328.00,   33014,  1.13,  -17972, -1.22,   50986,  3.46
 186,-327.00,   32460,  1.11,  -18186, -1.23,   50646,  3.43
 187,-326.00,   32388,  1.10,  -18162, -1.23,   50550,  3.43
 188,-325.00,   32656,  1.11,  -18047, -1.22,   50703,  3.44
 189,-324.00,   33219,  1.13,  -17514, -1.19,   50733,  3.44
 190,-323.00,   33197,  1.13,  -17257, -1.17,   50454,  3.42
 191,-322.00,   32781,  1.12,  -17601, -1.19,   50382,  3.42
 192,-321.00,   32350,  1.10,  -17912, -1.21,   50262,  3.41
 193,-320.00,   32443,  1.11,  -17516, -1.19,   49959,  3.39
 194,-319.00,   31293,  1.07,  -17803, -1.21,   49096,  3.33
 195,-318.00,   30313,  1.03,  -18046, -1.22,   48359,  3.28
 196,-317.00,   29992,  1.02,  -17892, -1.21,   47884,  3.25
 197,-316.00,   29939,  1.02,  -17709, -1.20,   47648,  3.23
 198,-315.00,   29700,  1.01,  -17436, -1.18,   47136,  3.20
 199,-314.00,   29881,  1.02,  -16757, -1.14,   46638,  3.16
 200,-313.00,   29675,  1.01,  -16051, -1.09,   45726,  3.10
 201,-312.00,   29621,  1.01,  -15724, -1.07,   45345,  3.08
 202,-311.00,   29003,  0.99,  -15489, -1.05,   44492,  3.02
 203,-310.00,   28074,  0.96,  -15318, -1.04,   43392,  2.94
 204,-309.00,   27492,  0.94,  -15267, -1.04,   42759,  2.90
 205,-308.00,   27202,  0.93,  -15267, -1.04,   42469,  2.88
 206,-307.00,   26024,  0.89,  -14841, -1.01,   40865,  2.77
 207,-306.00,   25161,  0.86,  -14367, -0.97,   39528,  2.68
 208,-305.00,   23855,  0.81,  -14272, -0.97,   38127,  2.59
 209,-304.00,   22758,  0.78,  -13777, -0.93,   36535,  2.48
 210,-303.00,   21146,  0.72,  -13448, -0.91,   34594,  2.35
 211,-302.00,   19117,  0.65,  -13249, -0.90,   32366,  2.20
 212,-301.00,   16760,  0.57,  -13135, -0.89,   29895,  2.03
 213,-300.00,   14372,  0.49,  -13645, -0.93,   28017,  1.90
 214,-299.00,   11854,  0.40,  -14156, -0.96,   26010,  1.76
 215,-298.00,    9355,  0.32,  -14861, -1.01,   24216,  1.64
 216,-297.00,    7756,  0.26,  -15444, -1.05,   23200,  1.57
 217,-296.00,    6064,  0.21,  -15580, -1.06,   21644,  1.47
 218,-295.00,    3861,  0.13,  -16305, -1.11,   20166,  1.37
 219,-294.00,    1133,  0.04,  -17424, -1.18,   18557,  1.26
 220,-293.00,   -1408, -0.05,  -18163, -1.23,   16755,  1.14
 221,-292.00,   -3364, -0.11,  -18548, -1.26,   15184,  1.03
 222,-291.00,   -5372, -0.18,  -18792, -1.27,   13420,  0.91
 223,-290.00,   -7674, -0.26,  -19492, -1.32,   11818,  0.80
 224,-289.00,   -9370, -0.32,  -20298, -1.38,   10928,  0.74
 225,-288.00,  -10657, -0.36,  -21017, -1.43,   10360,  0.70
 226,-287.00,  -12078, -0.41,  -21750, -1.48,    9672,  0.66
 227,-286.00,  -13381, -0.46,  -22188, -1.50,    8807,  0.60
 228,-285.00,  -13591, -0.46,  -22261, -1.51,    8670,  0.59
 229,-284.00,  -14213, -0.48,  -23023, -1.56,    8810,  0.60
 230,-283.00,  -14269, -0.49,  -23537, -1.60,    9268,  0.63
 231,-282.00,  -14289, -0.49,  -23666, -1.61,    9377,  0.64
 232,-281.00,  -14485, -0.49,  -23860, -1.62,    9375,  0.64
 233,-280.00,  -14532, -0.50,  -23732, -1.61,    9200,  0.62
 234,-279.00,  -14808, -0.50,  -23539, -1.60,    8731,  0.59
 235,-278.00,  -15635, -0.53,  -23391, -1.59,    7756,  0.53
 236,-277.00,  -16982, -0.58,  -23715, -1.61,    6733,  0.46
 237,-276.00,  -18170, -0.62,  -24002, -1.63,    5832,  0.40
 238,-275.00,  -18960, -0.65,  -23985, -1.63,    5025,  0.34
 239,-274.00,  -20263, -0.69,  -24112, -1.64,    3849,  0.26
 240,-273.00,  -21973, -0.75,  -24074, -1.63,    2101,  0.14
 241,-272.00,  -23723, -0.81,  -23796, -1.61,      73,  0.00
 242,-271.00,  -25668, -0.88,  -23740, -1.61,   -1928, -0.13
 243,-270.00,  -27695, -0.94,  -23789, -1.61,   -3906, -0.26
 244,-269.00,  -29626, -1.01,  -23799, -1.61,   -5827, -0.40
 245,-268.00,  -30751, -1.05,  -23378, -1.59,   -7373, -0.50
 246,-267.00,  -31882, -1.09,  -22970, -1.56,   -8912, -0.60
 247,-266.00,  -33663, -1.15,  -23147, -1.57,  -10516, -0.71
 248,-265.00,  -35229, -1.20,  -23332, -1.58,  -11897, -0.81
 249,-264.00,  -36439, -1.24,  -23139, -1.57,  -13300, -0.90
 250,-263.00,  -37004, -1.26,  -22625, -1.53,  -14379, -0.98
 251,-262.00,  -37898, -1.29,  -22247, -1.51,  -15651, -1.06
 252,-261.00,  -38654, -1.32,  -21895, -1.48,  -16759, -1.14
 253,-260.00,  -39049, -1.33,  -21611, -1.47,  -17438, -1.18
 254,-259.00,  -39056, -1.33,  -21108, -1.43,  -17948, -1.22
 255,-258.00,  -39221, -1.34,  -20453, -1.39,  -18768, -1.27
 256,-257.00,  -39320, -1.34,  -19475, -1.32,  -19845, -1.35
 257,-256.00,  -39154, -1.34,  -18417, -1.25,  -20737, -1.41
 258,-255.00,  -38472, -1.31,  -17159, -1.16,  -21313, -1.45
 259,-254.00,  -39256, -1.34,  -16272, -1.10,  -22984, -1.56
 260,-253.00,  -40548, -1.38,  -15744, -1.07,  -24804, -1.68
 261,-252.00,  -40556, -1.38,  -14706, -1.00,  -25850, -1.75
 262,-251.00,  -41586, -1.42,  -14015, -0.95,  -27571, -1.87
 263,-250.00,  -42151, -1.44,  -13146, -0.89,  -29005, -1.97
 264,-249.00,  -42990, -1.47,  -12373, -0.84,  -30617, -2.08
 265,-248.00,  -43778, -1.49,  -11934, -0.81,  -31844, -2.16
 266,-247.00,  -44039, -1.50,  -11355, -0.77,  -32684, -2.22
 267,-246.00,  -44120, -1.50,  -10274, -0.70,  -33846, -2.30
 268,-245.00,  -43376, -1.48,   -8852, -0.60,  -34524, -2.34
 269,-244.00,  -42975, -1.47,   -7501, -0.51,  -35474, -2.41
 270,-243.00,  -43265, -1.48,   -6164, -0.42,  -37101, -2.52
 271,-242.00,  -43695, -1.49,   -5360, -0.36,  -38335, -2.60
 272,-241.00,  -44249, -1.51,   -4936, -0.33,  -39313, -2.67
 273,-240.00,  -44470, -1.52,   -4349, -0.29,  -40121, -2.72
 274,-239.00,  -44454, -1.52,   -4000, -0.27,  -40454, -2.74
 275,-238.00,  -44706, -1.52,   -3657, -0.25,  -41049, -2.78
 276,-237.00,  -44257, -1.51,   -2619, -0.18,  -41638, -2.82
 277,-236.00,  -44075, -1.50,   -1962, -0.13,  -42113, -2.86
 278,-235.00,  -43955, -1.50,   -1459, -0.10,  -42496, -2.88
 279,-234.00,  -44148, -1.51,   -1169, -0.08,  -42979, -2.91
 280,-233.00,  -44684, -1.52,   -1065, -0.07,  -43619, -2.96
 281,-232.00,  -45733, -1.56,   -1389, -0.09,  -44344, -3.01
 282,-231.00,  -46445, -1.58,   -1687, -0.11,  -44758, -3.04
 283,-230.00,  -46993, -1.60,   -1814, -0.12,  -45179, -3.06
 284,-229.00,  -48458, -1.65,   -1933, -0.13,  -46525, -3.16
 285,-228.00,  -49569, -1.69,   -1930, -0.13,  -47639, -3.23
 286,-227.00,  -50386, -1.72,   -2023, -0.14,  -48363, -3.28
 287,-226.00,  -51305, -1.75,   -2232, -0.15,  -49073, -3.33
 288,-225.00,  -52472, -1.79,   -2822, -0.19,  -49650, -3.37
 289,-224.00,  -53468, -1.82,   -3574, -0.24,  -49894, -3.38
 290,-223.00,  -54734, -1.87,   -4293, -0.29,  -50441, -3.42
 291,-222.00,  -55737, -1.90,   -5088, -0.35,  -50649, -3.43
 292,-221.00,  -56609, -1.93,   -5895, -0.40,  -50714, -3.44
 293,-220.00,  -56749, -1.94,   -6192, -0.42,  -50557, -3.43
 294,-219.00,  -57314, -1.95,   -6659, -0.45,  -50655, -3.44
 295,-218.00,  -57969, -1.98,   -7076, -0.48,  -50893, -3.45
 296,-217.00,  -57958, -1.98,   -7387, -0.50,  -50571, -3.43
 297,-216.00,  -58375, -1.99,   -8225, -0.56,  -50150, -3.40
 298,-215.00,  -58044, -1.98,   -8596, -0.58,  -49448, -3.35
 299,-214.00,  -57023, -1.94,   -8050, -0.55,  -48973, -3.32
 300,-213.00,  -56386, -1.92,   -8166, -0.55,  -48220, -3.27
 301,-212.00,  -56624, -1.93,   -8501, -0.58,  -48123, -3.26
 302,-211.00,  -57383, -1.96,   -8748, -0.59,  -48635, -3.30
 303,-210.00,  -57336, -1.96,   -9072, -0.62,  -48264, -3.27
 304,-209.00,  -57467, -1.96,   -9553, -0.65,  -47914, -3.25
 305,-208.00,  -57464, -1.96,   -9824, -0.67,  -47640, -3.23
 306,-207.00,  -58046, -1.98,  -10304, -0.70,  -47742, -3.24
 307,-206.00,  -58337, -1.99,  -10701, -0.73,  -47636, -3.23
 308,-205.00,  -59186, -2.02,  -11343, -0.77,  -47843, -3.24
 309,-204.00,  -59914, -2.04,  -11713, -0.79,  -48201, -3.27
 310,-203.00,  -60921, -2.08,  -12008, -0.81,  -48913, -3.32
 311,-202.00,  -61409, -2.09,  -11921, -0.81,  -49488, -3.36
 312,-201.00,  -62463, -2.13,  -12142, -0.82,  -50321, -3.41
 313,-200.00,  -62734, -2.14,  -12142, -0.82,  -50592, -3.43
 314,-199.00,  -62881, -2.14,  -12272, -0.83,  -50609, -3.43
 315,-198.00,  -62493, -2.13,  -12055, -0.82,  -50438, -3.42
 316,-197.00,  -62021, -2.11,  -11687, -0.79,  -50334, -3.41
 317,-196.00,  -60999, -2.08,  -10952, -0.74,  -50047, -3.39
 318,-195.00,  -60535, -2.06,  -10464, -0.71,  -50071, -3.40
 319,-194.00,  -60080, -2.05,  -10338, -0.70,  -49742, -3.37
 320,-193.00,  -59847, -2.04,  -10232, -0.69,  -49615, -3.36
 321,-192.00,  -59302, -2.02,   -9984, -0.68,  -49318, -3.34
 322,-191.00,  -58868, -2.01,   -9876, -0.67,  -48992, -3.32
 323,-190.00,  -58339, -1.99,   -9912, -0.67,  -48427, -3.28
 324,-189.00,  -57425, -1.96,   -9997, -0.68,  -47428, -3.22
 325,-188.00,  -56920, -1.94,   -9728, -0.66,  -47192, -3.20
 326,-187.00,  -55742, -1.90,   -9276, -0.63,  -46466, -3.15
 327,-186.00,  -53231, -1.82,   -8072, -0.55,  -45159, -3.06
 328,-185.00,  -51064, -1.74,   -6776, -0.46,  -44288, -3.00
 329,-184.00,  -49265, -1.68,   -5628, -0.38,  -43637, -2.96
 330,-183.00,  -47173, -1.61,   -4741, -0.32,  -42432, -2.88
 331,-182.00,  -44950, -1.53,   -3616, -0.25,  -41334, -2.80
 332,-181.00,  -42865, -1.46,   -2604, -0.18,  -40261, -2.73
 333,-180.00,  -40589, -1.38,   -1315, -0.09,  -39274, -2.66
 334,-179.00,  -38586, -1.32,    -124, -0.00,  -38462, -2.61
 335,-178.00,  -36589, -1.25,    1275,  0.09,  -37864, -2.57
 336,-177.00,  -35219, -1.20,    2050,  0.14,  -37269, -2.53
 337,-176.00,  -33955, -1.16,    3040,  0.21,  -36995, -2.51
 338,-175.00,  -33098, -1.13,    3899,  0.26,  -36997, -2.51
 339,-174.00,  -33085, -1.13,    4375,  0.30,  -37460, -2.54
 340,-173.00,  -33273, -1.13,    4891,  0.33,  -38164, -2.59
 341,-172.00,  -32845, -1.12,    5624,  0.38,  -38469, -2.61
 342,-171.00,  -31777, -1.08,    6860,  0.47,  -38637, -2.62
 343,-170.00,  -31236, -1.07,    7992,  0.54,  -39228, -2.66
 344,-169.00,  -31456, -1.07,    8048,  0.55,  -39504, -2.68
 345,-168.00,  -32570, -1.11,    7707,  0.52,  -40277, -2.73
 346,-167.00,  -33801, -1.15,    7313,  0.50,  -41114, -2.79
 347,-166.00,  -35231, -1.20,    6836,  0.46,  -42067, -2.85
 348,-165.00,  -36044, -1.23,    6315,  0.43,  -42359, -2.87
 349,-164.00,  -36883, -1.26,    5440,  0.37,  -42323, -2.87
 350,-163.00,  -37359, -1.27,    5099,  0.35,  -42458, -2.88
 351,-162.00,  -38395, -1.31,    4540,  0.31,  -42935, -2.91
 352,-161.00,  -39229, -1.34,    4028,  0.27,  -43257, -2.93
 353,-160.00,  -40286, -1.37,    3188,  0.22,  -43474, -2.95
 354,-159.00,  -40739, -1.39,    2901,  0.20,  -43640, -2.96
 355,-158.00,  -41768, -1.42,    2267,  0.15,  -44035, -2.99
 356,-157.00,  -42193, -1.44,    2191,  0.15,  -44384, -3.01
 357,-156.00,  -42060, -1.43,    2301,  0.16,  -44361, -3.01
 358,-155.00,  -42635, -1.45,    2400,  0.16,  -45035, -3.05
 359,-154.00,  -42881, -1.46,    2782,  0.19,  -45663, -3.10
 360,-153.00,  -42788, -1.46,    3346,  0.23,  -46134, -3.13
 361,-152.00,  -42510, -1.45,    3902,  0.26,  -46412, -3.15
 362,-151.00,  -41852, -1.43,    4569,  0.31,  -46421, -3.15
 363,-150.00,  -40425, -1.38,    5533,  0.38,  -45958, -3.12
 364,-149.00,  -38430, -1.31,    6936,  0.47,  -45366, -3.08
 365,-148.00,  -37524, -1.28,    7599,  0.52,  -45123, -3.06
 366,-147.00,  -37197, -1.27,    7686,  0.52,  -44883, -3.04
 367,-146.00,  -35633, -1.22,    8653,  0.59,  -44286, -3.00
 368,-145.00,  -34783, -1.19,    9407,  0.64,  -44190, -3.00
 369,-144.00,  -34037, -1.16,   10093,  0.68,  -44130, -2.99
 370,-143.00,  -33299, -1.14,   10669,  0.72,  -43968, -2.98
 371,-142.00,  -32850, -1.12,   11120,  0.75,  -43970, -2.98
 372,-141.00,  -32178, -1.10,   11669,  0.79,  -43847, -2.97
 373,-140.00,  -32396, -1.10,   12018,  0.82,  -44414, -3.01
 374,-139.00,  -32991, -1.12,   12118,  0.82,  -45109, -3.06
 375,-138.00,  -33918, -1.16,   11966,  0.81,  -45884, -3.11
 376,-137.00,  -34087, -1.16,   12113,  0.82,  -46200, -3.13
 377,-136.00,  -34269, -1.17,   12617,  0.86,  -46886, -3.18
 378,-135.00,  -34429, -1.17,   13457,  0.91,  -47886, -3.25
 379,-134.00,  -34185, -1.17,   14260,  0.97,  -48445, -3.29
 380,-133.00,  -33149, -1.13,   15261,  1.03,  -48410, -3.28
 381,-132.00,  -31982, -1.09,   16313,  1.11,  -48295, -3.28
 382,-131.00,  -30136, -1.03,   17833,  1.21,  -47969, -3.25
 383,-130.00,  -28198, -0.96,   19426,  1.32,  -47624, -3.23
 384,-129.00,  -26046, -0.89,   21065,  1.43,  -47111, -3.20
 385,-128.00,  -23490, -0.80,   23043,  1.56,  -46533, -3.16
 386,-127.00,  -21451, -0.73,   24653,  1.67,  -46104, -3.13
 387,-126.00,  -19283, -0.66,   26250,  1.78,  -45533, -3.09
 388,-125.00,  -16794, -0.57,   27857,  1.89,  -44651, -3.03
 389,-124.00,  -15101, -0.51,   28870,  1.96,  -43971, -2.98
 390,-123.00,  -12869, -0.44,   30106,  2.04,  -42975, -2.91
 391,-122.00,  -11195, -0.38,   31119,  2.11,  -42314, -2.87
 392,-121.00,   -9815, -0.33,   32133,  2.18,  -41948, -2.84
 393,-120.00,   -8534, -0.29,   32861,  2.23,  -41395, -2.81
 394,-119.00,   -7554, -0.26,   33189,  2.25,  -40743, -2.76
 395,-118.00,   -6843, -0.23,   33380,  2.26,  -40223, -2.73
 396,-117.00,   -6805, -0.23,   33170,  2.25,  -39975, -2.71
 397,-116.00,   -6684, -0.23,   32617,  2.21,  -39301, -2.67
 398,-115.00,   -5990, -0.20,   32248,  2.19,  -38238, -2.59
 399,-114.00,   -6002, -0.20,   31430,  2.13,  -37432, -2.54
 400,-113.00,   -6432, -0.22,   29999,  2.03,  -36431, -2.47
 401,-112.00,   -6644, -0.23,   28582,  1.94,  -35226, -2.39
 402,-111.00,   -6342, -0.22,   27884,  1.89,  -34226, -2.32
 403,-110.00,   -6727, -0.23,   26317,  1.78,  -33044, -2.24
 404,-109.00,   -6456, -0.22,   25161,  1.71,  -31617, -2.14
 405,-108.00,   -5927, -0.20,   23989,  1.63,  -29916, -2.03
 406,-107.00,   -5966, -0.20,   22373,  1.52,  -28339, -1.92
 407,-106.00,   -5338, -0.18,   21560,  1.46,  -26898, -1.82
 408,-105.00,   -4509, -0.15,   20792,  1.41,  -25301, -1.72
 409,-104.00,   -3335, -0.11,   19733,  1.34,  -23068, -1.56
 410,-103.00,   -2156, -0.07,   18793,  1.27,  -20949, -1.42
 411,-102.00,   -1281, -0.04,   18011,  1.22,  -19292, -1.31
 412,-101.00,     -48, -0.00,   17514,  1.19,  -17562, -1.19
 413,-100.00,     933,  0.03,   16827,  1.14,  -15894, -1.08
 414,-99.00,    1882,  0.06,   16242,  1.10,  -14360, -0.97
 415,-98.00,    2891,  0.10,   15799,  1.07,  -12908, -0.88
 416,-97.00,    3329,  0.11,   15585,  1.06,  -12256, -0.83
 417,-96.00,    3115,  0.11,   15192,  1.03,  -12077, -0.82
 418,-95.00,    3612,  0.12,   15108,  1.02,  -11496, -0.78
 419,-94.00,    4656,  0.16,   14979,  1.02,  -10323, -0.70
 420,-93.00,    5776,  0.20,   14904,  1.01,   -9128, -0.62
 421,-92.00,    6660,  0.23,   14671,  0.99,   -8011, -0.54
 422,-91.00,    7657,  0.26,   14358,  0.97,   -6701, -0.45
 423,-90.00,    8336,  0.28,   13534,  0.92,   -5198, -0.35
 424,-89.00,    8973,  0.31,   12802,  0.87,   -3829, -0.26
 425,-88.00,    8981,  0.31,   12183,  0.83,   -3202, -0.22
 426,-87.00,    9276,  0.32,   11768,  0.80,   -2492, -0.17
 427,-86.00,    9627,  0.33,   10929,  0.74,   -1302, -0.09
 428,-85.00,    9912,  0.34,   10038,  0.68,    -126, -0.00
 429,-84.00,   10172,  0.35,    9151,  0.62,    1021,  0.07
 430,-83.00,    9774,  0.33,    7835,  0.53,    1939,  0.13
 431,-82.00,    8917,  0.30,    6426,  0.44,    2491,  0.17
 432,-81.00,    8572,  0.29,    4970,  0.34,    3602,  0.24
 433,-80.00,    8429,  0.29,    3322,  0.23,    5107,  0.35
 434,-79.00,    7934,  0.27,    1417,  0.10,    6517,  0.44
 435,-78.00,    7456,  0.25,     -42, -0.00,    7498,  0.51
 436,-77.00,    6675,  0.23,   -1419, -0.10,    8094,  0.55
 437,-76.00,    5068,  0.17,   -3430, -0.23,    8498,  0.58
 438,-75.00,    2185,  0.07,   -6162, -0.42,    8347,  0.57
 439,-74.00,    -385, -0.01,   -8150, -0.55,    7765,  0.53
 440,-73.00,   -2144, -0.07,   -9609, -0.65,    7465,  0.51
 441,-72.00,   -3493, -0.12,  -11184, -0.76,    7691,  0.52
 442,-71.00,   -4995, -0.17,  -12783, -0.87,    7788,  0.53
 443,-70.00,   -6723, -0.23,  -14388, -0.98,    7665,  0.52
 444,-69.00,   -8997, -0.31,  -16274, -1.10,    7277,  0.49
 445,-68.00,  -10530, -0.36,  -18193, -1.23,    7663,  0.52
 446,-67.00,  -11129, -0.38,  -20061, -1.36,    8932,  0.61
 447,-66.00,  -11844, -0.40,  -21976, -1.49,   10132,  0.69
 448,-65.00,  -12569, -0.43,  -23427, -1.59,   10858,  0.74
 449,-64.00,  -13529, -0.46,  -24829, -1.68,   11300,  0.77
 450,-63.00,  -13900, -0.47,  -26062, -1.77,   12162,  0.82
 451,-62.00,  -14768, -0.50,  -27491, -1.86,   12723,  0.86
 452,-61.00,  -15389, -0.52,  -28825, -1.95,   13436,  0.91
 453,-60.00,  -16512, -0.56,  -30475, -2.07,   13963,  0.95
 454,-59.00,  -17806, -0.61,  -32561, -2.21,   14755,  1.00
 455,-58.00,  -19061, -0.65,  -35062, -2.38,   16001,  1.09
 456,-57.00,  -20648, -0.70,  -37384, -2.54,   16736,  1.14
 457,-56.00,  -23008, -0.78,  -40016, -2.71,   17008,  1.15
 458,-55.00,  -25174, -0.86,  -41956, -2.85,   16782,  1.14
 459,-54.00,  -26783, -0.91,  -43806, -2.97,   17023,  1.15
 460,-53.00,  -28230, -0.96,  -45570, -3.09,   17340,  1.18
 461,-52.00,  -29643, -1.01,  -47379, -3.21,   17736,  1.20
 462,-51.00,  -30927, -1.05,  -48668, -3.30,   17741,  1.20
 463,-50.00,  -31873, -1.09,  -49710, -3.37,   17837,  1.21
 464,-49.00,  -32975, -1.12,  -50665, -3.44,   17690,  1.20
 465,-48.00,  -33862, -1.15,  -51610, -3.50,   17748,  1.20
 466,-47.00,  -34836, -1.19,  -52614, -3.57,   17778,  1.21
 467,-46.00,  -36476, -1.24,  -53613, -3.64,   17137,  1.16
 468,-45.00,  -37665, -1.28,  -54249, -3.68,   16584,  1.12
 469,-44.00,  -37589, -1.28,  -54657, -3.71,   17068,  1.16
 470,-43.00,  -37417, -1.28,  -54877, -3.72,   17460,  1.18
 471,-42.00,  -37716, -1.29,  -55231, -3.75,   17515,  1.19
 472,-41.00,  -37963, -1.29,  -55404, -3.76,   17441,  1.18
 473,-40.00,  -38486, -1.31,  -55528, -3.77,   17042,  1.16
 474,-39.00,  -39522, -1.35,  -55679, -3.78,   16157,  1.10
 475,-38.00,  -41015, -1.40,  -56141, -3.81,   15126,  1.03
 476,-37.00,  -42279, -1.44,  -56096, -3.80,   13817,  0.94
 477,-36.00,  -44272, -1.51,  -56229, -3.81,   11957,  0.81
 478,-35.00,  -45641, -1.56,  -55891, -3.79,   10250,  0.70
 479,-34.00,  -46217, -1.58,  -55532, -3.77,    9315,  0.63
 480,-33.00,  -46668, -1.59,  -54941, -3.73,    8273,  0.56
 481,-32.00,  -47186, -1.61,  -54337, -3.69,    7151,  0.48
 482,-31.00,  -47883, -1.63,  -53862, -3.65,    5979,  0.41
 483,-30.00,  -48403, -1.65,  -53307, -3.62,    4904,  0.33
 484,-29.00,  -48099, -1.64,  -52259, -3.54,    4160,  0.28
 485,-28.00,  -48049, -1.64,  -51273, -3.48,    3224,  0.22
 486,-27.00,  -47990, -1.64,  -50809, -3.45,    2819,  0.19
 487,-26.00,  -47980, -1.64,  -50535, -3.43,    2555,  0.17
 488,-25.00,  -47721, -1.63,  -50025, -3.39,    2304,  0.16
 489,-24.00,  -46985, -1.60,  -48972, -3.32,    1987,  0.13
 490,-23.00,  -46502, -1.59,  -47976, -3.25,    1474,  0.10
 491,-22.00,  -45601, -1.55,  -46811, -3.17,    1210,  0.08
 492,-21.00,  -43737, -1.49,  -45185, -3.06,    1448,  0.10
 493,-20.00,  -41718, -1.42,  -43844, -2.97,    2126,  0.14
 494,-19.00,  -40218, -1.37,  -42531, -2.88,    2313,  0.16
 495,-18.00,  -38904, -1.33,  -41171, -2.79,    2267,  0.15
 496,-17.00,  -37217, -1.27,  -39653, -2.69,    2436,  0.17
 497,-16.00,  -34877, -1.19,  -37717, -2.56,    2840,  0.19
 498,-15.00,  -32711, -1.12,  -36039, -2.44,    3328,  0.23
 499,-14.00,  -30809, -1.05,  -34329, -2.33,    3520,  0.24
 500,-13.00,  -28114, -0.96,  -31943, -2.17,    3829,  0.26
 501,-12.00,  -25623, -0.87,  -29940, -2.03,    4317,  0.29
 502,-11.00,  -23038, -0.79,  -27884, -1.89,    4846,  0.33
 503,-10.00,  -20346, -0.69,  -25672, -1.74,    5326,  0.36
 504,-9.00,  -17044, -0.58,  -23312, -1.58,    6268,  0.43
 505,-8.00,  -13570, -0.46,  -21033, -1.43,    7463,  0.51
 506,-7.00,  -10736, -0.37,  -19138, -1.30,    8402,  0.57
 507,-6.00,   -8259, -0.28,  -17446, -1.18,    9187,  0.62
 508,-5.00,   -6972, -0.24,  -16284, -1.10,    9312,  0.63
 509,-4.00,   -5578, -0.19,  -15215, -1.03,    9637,  0.65
 510,-3.00,   -3502, -0.12,  -13699, -0.93,   10197,  0.69
 511,-2.00,   -1062, -0.04,  -12086, -0.82,   11024,  0.75
 512,-1.00,    1716,  0.06,  -10600, -0.72,   12316,  0.84
 513,0.00,    4507,  0.15,   -9009, -0.61,   13516,  0.92
 514,1.00,    6820,  0.23,   -7906, -0.54,   14726,  1.00
 515,2.00,    8976,  0.31,   -7125, -0.48,   16101,  1.09
 516,3.00,   10925,  0.37,   -6669, -0.45,   17594,  1.19
 517,4.00,   12436,  0.42,   -6428, -0.44,   18864,  1.28
 518,5.00,   14468,  0.49,   -6183, -0.42,   20651,  1.40
 519,6.00,   16337,  0.56,   -5936, -0.40,   22273,  1.51
 520,7.00,   17470,  0.60,   -6061, -0.41,   23531,  1.60
 521,8.00,   18939,  0.65,   -6060, -0.41,   24999,  1.70
 522,9.00,   21145,  0.72,   -5447, -0.37,   26592,  1.80
 523,10.00,   23322,  0.80,   -4942, -0.34,   28264,  1.92
 524,11.00,   25117,  0.86,   -4775, -0.32,   29892,  2.03
 525,12.00,   26324,  0.90,   -4957, -0.34,   31281,  2.12
 526,13.00,   27524,  0.94,   -4911, -0.33,   32435,  2.20
 527,14.00,   28660,  0.98,   -4823, -0.33,   33483,  2.27
 528,15.00,   29874,  1.02,   -5093, -0.35,   34967,  2.37
 529,16.00,   31394,  1.07,   -5135, -0.35,   36529,  2.48
 530,17.00,   33108,  1.13,   -5261, -0.36,   38369,  2.60
 531,18.00,   34730,  1.18,   -5121, -0.35,   39851,  2.70
 532,19.00,   36241,  1.24,   -4992, -0.34,   41233,  2.80
 533,20.00,   37802,  1.29,   -4569, -0.31,   42371,  2.87
 534,21.00,   39141,  1.33,   -4562, -0.31,   43703,  2.96
 535,22.00,   40543,  1.38,   -4058, -0.28,   44601,  3.02
 536,23.00,   41813,  1.43,   -3837, -0.26,   45650,  3.10
 537,24.00,   42628,  1.45,   -4124, -0.28,   46752,  3.17
 538,25.00,   43211,  1.47,   -4535, -0.31,   47746,  3.24
 539,26.00,   43766,  1.49,   -5474, -0.37,   49240,  3.34
 540,27.00,   44087,  1.50,   -5975, -0.41,   50062,  3.40
 541,28.00,   43943,  1.50,   -6311, -0.43,   50254,  3.41
 542,29.00,   43222,  1.47,   -7244, -0.49,   50466,  3.42
 543,30.00,   43061,  1.47,   -8161, -0.55,   51222,  3.47
 544,31.00,   42919,  1.46,   -8913, -0.60,   51832,  3.52
 545,32.00,   42169,  1.44,   -9671, -0.66,   51840,  3.52
 546,33.00,   41057,  1.40,  -10545, -0.72,   51602,  3.50
 547,34.00,   40240,  1.37,  -11147, -0.76,   51387,  3.49
 548,35.00,   39146,  1.33,  -11772, -0.80,   50918,  3.45
 549,36.00,   39263,  1.34,  -11685, -0.79,   50948,  3.46
 550,37.00,   39426,  1.34,  -11422, -0.77,   50848,  3.45
 551,38.00,   39214,  1.34,  -11146, -0.76,   50360,  3.42
 552,39.00,   38988,  1.33,  -10345, -0.70,   49333,  3.35
 553,40.00,   38730,  1.32,   -9405, -0.64,   48135,  3.26
 554,41.00,   38537,  1.31,   -8381, -0.57,   46918,  3.18
 555,42.00,   37780,  1.29,   -7622, -0.52,   45402,  3.08
 556,43.00,   37056,  1.26,   -6978, -0.47,   44034,  2.99
 557,44.00,   36391,  1.24,   -6650, -0.45,   43041,  2.92
 558,45.00,   35515,  1.21,   -6489, -0.44,   42004,  2.85
 559,46.00,   34318,  1.17,   -5950, -0.40,   40268,  2.73
 560,47.00,   32915,  1.12,   -5319, -0.36,   38234,  2.59
 561,48.00,   31439,  1.07,   -4509, -0.31,   35948,  2.44
 562,49.00,   30372,  1.04,   -3774, -0.26,   34146,  2.32
 563,50.00,   29661,  1.01,   -3014, -0.20,   32675,  2.22
 564,51.00,   28217,  0.96,   -2819, -0.19,   31036,  2.10
 565,52.00,   26999,  0.92,   -2703, -0.18,   29702,  2.01
 566,53.00,   26435,  0.90,   -2132, -0.14,   28567,  1.94
 567,54.00,   26282,  0.90,   -1590, -0.11,   27872,  1.89
 568,55.00,   25302,  0.86,   -1685, -0.11,   26987,  1.83
 569,56.00,   24727,  0.84,   -1306, -0.09,   26033,  1.77
 570,57.00,   24295,  0.83,    -944, -0.06,   25239,  1.71
 571,58.00,   24208,  0.83,   -1236, -0.08,   25444,  1.73
 572,59.00,   24352,  0.83,    -907, -0.06,   25259,  1.71
 573,60.00,   23853,  0.81,    -949, -0.06,   24802,  1.68
 574,61.00,   23305,  0.79,   -1127, -0.08,   24432,  1.66
 575,62.00,   23374,  0.80,   -1101, -0.07,   24475,  1.66
 576,63.00,   24016,  0.82,    -750, -0.05,   24766,  1.68
 577,64.00,   24831,  0.85,    -190, -0.01,   25021,  1.70
 578,65.00,   24580,  0.84,    -235, -0.02,   24815,  1.68
 579,66.00,   24224,  0.83,     102,  0.00,   24122,  1.64
 580,67.00,   24344,  0.83,     403,  0.03,   23941,  1.62
 581,68.00,   24913,  0.85,     603,  0.04,   24310,  1.65
 582,69.00,   24719,  0.84,     273,  0.02,   24446,  1.66
 583,70.00,   23825,  0.81,    -321, -0.02,   24146,  1.64
 584,71.00,   23084,  0.79,    -724, -0.05,   23808,  1.61
 585,72.00,   22172,  0.76,   -1082, -0.07,   23254,  1.58
 586,73.00,   21615,  0.74,   -1175, -0.08,   22790,  1.55
 587,74.00,   20670,  0.70,   -1636, -0.11,   22306,  1.51
 588,75.00,   19904,  0.68,   -1984, -0.13,   21888,  1.48
 589,76.00,   19145,  0.65,   -2028, -0.14,   21173,  1.44
 590,77.00,   18957,  0.65,   -1876, -0.13,   20833,  1.41
 591,78.00,   18607,  0.63,   -1522, -0.10,   20129,  1.37
 592,79.00,   18690,  0.64,    -715, -0.05,   19405,  1.32
 593,80.00,   18921,  0.65,     321,  0.02,   18600,  1.26
 594,81.00,   19332,  0.66,    1357,  0.09,   17975,  1.22
 595,82.00,   20518,  0.70,    2987,  0.20,   17531,  1.19
 596,83.00,   21396,  0.73,    4488,  0.30,   16908,  1.15
 597,84.00,   22462,  0.77,    6045,  0.41,   16417,  1.11
 598,85.00,   23915,  0.82,    7671,  0.52,   16244,  1.10
 599,86.00,   25719,  0.88,    9106,  0.62,   16613,  1.13
 600,87.00,   28268,  0.96,   10687,  0.72,   17581,  1.19
 601,88.00,   30581,  1.04,   12281,  0.83,   18300,  1.24
 602,89.00,   33585,  1.15,   14646,  0.99,   18939,  1.28
 603,90.00,   37143,  1.27,   17313,  1.17,   19830,  1.34
 604,91.00,   40733,  1.39,   19857,  1.35,   20876,  1.42
 605,92.00,   44387,  1.51,   22037,  1.49,   22350,  1.52
 606,93.00,   47914,  1.63,   23927,  1.62,   23987,  1.63
 607,94.00,   51604,  1.76,   25667,  1.74,   25937,  1.76
 608,95.00,   55814,  1.90,   27148,  1.84,   28666,  1.94
 609,96.00,   59702,  2.04,   28366,  1.92,   31336,  2.13
 610,97.00,   63993,  2.18,   29760,  2.02,   34233,  2.32
 611,98.00,   68162,  2.32,   31031,  2.10,   37131,  2.52
 612,99.00,   71650,  2.44,   31875,  2.16,   39775,  2.70
 613,100.00,   75424,  2.57,   32873,  2.23,   42551,  2.89
 614,101.00,   78430,  2.67,   33370,  2.26,   45060,  3.06
 615,102.00,   81416,  2.78,   34232,  2.32,   47184,  3.20
 616,103.00,   84029,  2.87,   34734,  2.36,   49295,  3.34
 617,104.00,   86480,  2.95,   35318,  2.40,   51162,  3.47
 618,105.00,   88749,  3.03,   36273,  2.46,   52476,  3.56
 619,106.00,   90501,  3.09,   36637,  2.48,   53864,  3.65
 620,107.00,   91529,  3.12,   36657,  2.49,   54872,  3.72
 621,108.00,   92197,  3.14,   36845,  2.50,   55352,  3.75
 622,109.00,   92332,  3.15,   36878,  2.50,   55454,  3.76
 623,110.00,   92389,  3.15,   36864,  2.50,   55525,  3.77
 624,111.00,   91700,  3.13,   36721,  2.49,   54979,  3.73
 625,112.00,   90939,  3.10,   36956,  2.51,   53983,  3.66
 626,113.00,   89826,  3.06,   37206,  2.52,   52620,  3.57
 627,114.00,   88616,  3.02,   37190,  2.52,   51426,  3.49
 628,115.00,   87859,  3.00,   37340,  2.53,   50519,  3.43
 629,116.00,   86842,  2.96,   37274,  2.53,   49568,  3.36
 630,117.00,   85462,  2.91,   37237,  2.53,   48225,  3.27
 631,118.00,   83958,  2.86,   37299,  2.53,   46659,  3.16
 632,119.00,   81539,  2.78,   37026,  2.51,   44513,  3.02
 633,120.00,   78972,  2.69,   36541,  2.48,   42431,  2.88
 634,121.00,   76793,  2.62,   36577,  2.48,   40216,  2.73
 635,122.00,   73848,  2.52,   36063,  2.45,   37785,  2.56
 636,123.00,   70890,  2.42,   35363,  2.40,   35527,  2.41
 637,124.00,   67686,  2.31,   34541,  2.34,   33145,  2.25
 638,125.00,   63700,  2.17,   33287,  2.26,   30413,  2.06
 639,126.00,   59963,  2.04,   32356,  2.19,   27607,  1.87
 640,127.00,   56100,  1.91,   31182,  2.11,   24918,  1.69
 641,128.00,   52363,  1.79,   30202,  2.05,   22161,  1.50
 642,129.00,   49412,  1.68,   29602,  2.01,   19810,  1.34
 643,130.00,   46102,  1.57,   28866,  1.96,   17236,  1.17
 644,131.00,   41995,  1.43,   27022,  1.83,   14973,  1.02
 645,132.00,   38078,  1.30,   25349,  1.72,   12729,  0.86
 646,133.00,   33168,  1.13,   23326,  1.58,    9842,  0.67
 647,134.00,   28693,  0.98,   21376,  1.45,    7317,  0.50
 648,135.00,   24701,  0.84,   19650,  1.33,    5051,  0.34
 649,136.00,   21154,  0.72,   18199,  1.23,    2955,  0.20
 650,137.00,   16542,  0.56,   16175,  1.10,     367,  0.02
 651,138.00,   12853,  0.44,   14915,  1.01,   -2062, -0.14
 652,139.00,    9051,  0.31,   13656,  0.93,   -4605, -0.31
 653,140.00,    5259,  0.18,   12054,  0.82,   -6795, -0.46
 654,141.00,     775,  0.03,    9816,  0.67,   -9041, -0.61
 655,142.00,   -5151, -0.18,    6925,  0.47,  -12076, -0.82
 656,143.00,  -10368, -0.35,    4450,  0.30,  -14818, -1.00
 657,144.00,  -15538, -0.53,    2283,  0.15,  -17821, -1.21
 658,145.00,  -20812, -0.71,     242,  0.02,  -21054, -1.43
 659,146.00,  -25226, -0.86,   -1294, -0.09,  -23932, -1.62
 660,147.00,  -29696, -1.01,   -3125, -0.21,  -26571, -1.80
 661,148.00,  -35210, -1.20,   -5481, -0.37,  -29729, -2.02
 662,149.00,  -41024, -1.40,   -8116, -0.55,  -32908, -2.23
 663,150.00,  -46499, -1.59,  -10551, -0.72,  -35948, -2.44
 664,151.00,  -52015, -1.77,  -13366, -0.91,  -38649, -2.62
 665,152.00,  -57410, -1.96,  -16173, -1.10,  -41237, -2.80
 666,153.00,  -62385, -2.13,  -18619, -1.26,  -43766, -2.97
 667,154.00,  -67711, -2.31,  -21009, -1.42,  -46702, -3.17
 668,155.00,  -73284, -2.50,  -23649, -1.60,  -49635, -3.37
 669,156.00,  -78639, -2.68,  -26003, -1.76,  -52636, -3.57
 670,157.00,  -83582, -2.85,  -28026, -1.90,  -55556, -3.77
 671,158.00,  -88480, -3.02,  -30505, -2.07,  -57975, -3.93
 672,159.00,  -93531, -3.19,  -33273, -2.26,  -60258, -4.09
 673,160.00,  -98413, -3.36,  -35931, -2.44,  -62482, -4.24
 674,161.00, -103948, -3.54,  -39135, -2.65,  -64813, -4.40
 675,162.00, -109481, -3.73,  -42338, -2.87,  -67143, -4.55
 676,163.00, -114556, -3.91,  -45280, -3.07,  -69276, -4.70
 677,164.00, -119449, -4.07,  -47943, -3.25,  -71506, -4.85
 678,165.00, -124463, -4.24,  -50481, -3.42,  -73982, -5.02
 679,166.00, -129125, -4.40,  -52628, -3.57,  -76497, -5.19
 680,167.00, -133756, -4.56,  -55052, -3.73,  -78704, -5.34
 681,168.00, -138057, -4.71,  -57165, -3.88,  -80892, -5.49
 682,169.00, -141222, -4.82,  -59153, -4.01,  -82069, -5.57
 683,170.00, -143654, -4.90,  -61008, -4.14,  -82646, -5.60
 684,171.00, -146644, -5.00,  -62891, -4.27,  -83753, -5.68
 685,172.00, -149271, -5.09,  -64323, -4.36,  -84948, -5.76
 686,173.00, -151200, -5.16,  -65339, -4.43,  -85861, -5.82
 687,174.00, -153041, -5.22,  -66194, -4.49,  -86847, -5.89
 688,175.00, -154980, -5.28,  -67170, -4.56,  -87810, -5.96
 689,176.00, -156732, -5.34,  -68260, -4.63,  -88472, -6.00
 690,177.00, -158077, -5.39,  -69058, -4.68,  -89019, -6.04
 691,178.00, -160109, -5.46,  -70395, -4.77,  -89714, -6.08
 692,179.00, -161742, -5.52,  -71514, -4.85,  -90228, -6.12
 693,180.00, -163602, -5.58,  -72794, -4.94,  -90808, -6.16
 694,181.00, -165137, -5.63,  -73893, -5.01,  -91244, -6.19
 695,182.00, -165815, -5.65,  -74285, -5.04,  -91530, -6.21
 696,183.00, -165876, -5.66,  -74364, -5.04,  -91512, -6.21
 697,184.00, -165072, -5.63,  -74102, -5.03,  -90970, -6.17
 698,185.00, -164317, -5.60,  -74331, -5.04,  -89986, -6.10
 699,186.00, -163624, -5.58,  -74702, -5.07,  -88922, -6.03
 700,187.00, -162579, -5.54,  -74896, -5.08,  -87683, -5.95
 701,188.00, -161609, -5.51,  -75112, -5.09,  -86497, -5.87
 702,189.00, -160906, -5.49,  -74993, -5.09,  -85913, -5.83
 703,190.00, -159821, -5.45,  -74732, -5.07,  -85089, -5.77
 704,191.00, -158798, -5.41,  -74589, -5.06,  -84209, -5.71
 705,192.00, -158351, -5.40,  -74882, -5.08,  -83469, -5.66
 706,193.00, -157712, -5.38,  -75104, -5.09,  -82608, -5.60
 707,194.00, -156585, -5.34,  -75104, -5.09,  -81481, -5.53
 708,195.00, -154889, -5.28,  -74832, -5.08,  -80057, -5.43
 709,196.00, -152706, -5.21,  -73879, -5.01,  -78827, -5.35
 710,197.00, -150025, -5.12,  -72522, -4.92,  -77503, -5.26
 711,198.00, -147837, -5.04,  -71253, -4.83,  -76584, -5.19
 712,199.00, -145918, -4.98,  -70131, -4.76,  -75787, -5.14
 713,200.00, -144013, -4.91,  -69111, -4.69,  -74902, -5.08
 714,201.00, -142120, -4.85,  -68048, -4.61,  -74072, -5.02
 715,202.00, -140506, -4.79,  -67520, -4.58,  -72986, -4.95
 716,203.00, -138232, -4.71,  -66730, -4.53,  -71502, -4.85
 717,204.00, -135285, -4.61,  -65485, -4.44,  -69800, -4.73
 718,205.00, -133353, -4.55,  -64887, -4.40,  -68466, -4.64
 719,206.00, -131796, -4.49,  -64184, -4.35,  -67612, -4.59
 720,207.00, -129355, -4.41,  -63328, -4.29,  -66027, -4.48
 721,208.00, -126343, -4.31,  -62071, -4.21,  -64272, -4.36
 722,209.00, -123911, -4.23,  -60920, -4.13,  -62991, -4.27
 723,210.00, -121280, -4.14,  -59557, -4.04,  -61723, -4.19
 724,211.00, -119338, -4.07,  -58531, -3.97,  -60807, -4.12
 725,212.00, -117441, -4.00,  -57263, -3.88,  -60178, -4.08
 726,213.00, -116032, -3.96,  -56519, -3.83,  -59513, -4.04
 727,214.00, -114649, -3.91,  -56271, -3.82,  -58378, -3.96
 728,215.00, -112833, -3.85,  -55346, -3.75,  -57487, -3.90
 729,216.00, -111991, -3.82,  -55128, -3.74,  -56863, -3.86
 730,217.00, -111713, -3.81,  -55305, -3.75,  -56408, -3.83
 731,218.00, -110491, -3.77,  -54723, -3.71,  -55768, -3.78
 732,219.00, -109662, -3.74,  -54591, -3.70,  -55071, -3.73
 733,220.00, -109573, -3.74,  -54595, -3.70,  -54978, -3.73
 734,221.00, -109309, -3.73,  -54732, -3.71,  -54577, -3.70
 735,222.00, -109882, -3.75,  -55602, -3.77,  -54280, -3.68
 736,223.00, -110043, -3.75,  -55903, -3.79,  -54140, -3.67
 737,224.00, -109471, -3.73,  -55449, -3.76,  -54022, -3.66
 738,225.00, -108468, -3.70,  -55053, -3.73,  -53415, -3.62
 739,226.00, -107504, -3.67,  -55040, -3.73,  -52464, -3.56
 740,227.00, -107184, -3.65,  -55229, -3.75,  -51955, -3.52
 741,228.00, -107281, -3.66,  -55265, -3.75,  -52016, -3.53
 742,229.00, -107514, -3.67,  -55459, -3.76,  -52055, -3.53
 743,230.00, -107229, -3.66,  -55572, -3.77,  -51657, -3.50
 744,231.00, -107137, -3.65,  -56032, -3.80,  -51105, -3.47
 745,232.00, -107256, -3.66,  -56194, -3.81,  -51062, -3.46
 746,233.00, -106912, -3.65,  -56154, -3.81,  -50758, -3.44
 747,234.00, -105151, -3.59,  -55221, -3.75,  -49930, -3.39
 748,235.00, -103595, -3.53,  -54480, -3.69,  -49115, -3.33
 749,236.00, -102473, -3.49,  -53843, -3.65,  -48630, -3.30
 750,237.00, -100986, -3.44,  -53309, -3.62,  -47677, -3.23
 751,238.00,  -99734, -3.40,  -52758, -3.58,  -46976, -3.19
 752,239.00,  -98723, -3.37,  -52230, -3.54,  -46493, -3.15
 753,240.00,  -96702, -3.30,  -50954, -3.46,  -45748, -3.10
 754,241.00,  -94970, -3.24,  -49745, -3.37,  -45225, -3.07
 755,242.00,  -92739, -3.16,  -48456, -3.29,  -44283, -3.00
 756,243.00,  -90508, -3.09,  -47183, -3.20,  -43325, -2.94
 757,244.00,  -89643, -3.06,  -46512, -3.15,  -43131, -2.93
 758,245.00,  -88625, -3.02,  -45533, -3.09,  -43092, -2.92
 759,246.00,  -87141, -2.97,  -44632, -3.03,  -42509, -2.88
 760,247.00,  -84865, -2.89,  -43799, -2.97,  -41066, -2.79
 761,248.00,  -82823, -2.82,  -42842, -2.91,  -39981, -2.71
 762,249.00,  -80396, -2.74,  -41199, -2.79,  -39197, -2.66
 763,250.00,  -78397, -2.67,  -40418, -2.74,  -37979, -2.58
 764,251.00,  -76190, -2.60,  -39209, -2.66,  -36981, -2.51
 765,252.00,  -73913, -2.52,  -37332, -2.53,  -36581, -2.48
 766,253.00,  -72169, -2.46,  -36176, -2.45,  -35993, -2.44
 767,254.00,  -70530, -2.40,  -35298, -2.39,  -35232, -2.39
 768,255.00,  -68688, -2.34,  -34539, -2.34,  -34149, -2.32
 769,256.00,  -66384, -2.26,  -33739, -2.29,  -32645, -2.21
 770,257.00,  -63748, -2.17,  -32387, -2.20,  -31361, -2.13
 771,258.00,  -61174, -2.09,  -31285, -2.12,  -29889, -2.03
 772,259.00,  -58535, -2.00,  -30013, -2.04,  -28522, -1.93
 773,260.00,  -55218, -1.88,  -28476, -1.93,  -26742, -1.81
 774,261.00,  -52274, -1.78,  -27303, -1.85,  -24971, -1.69
 775,262.00,  -49761, -1.70,  -26163, -1.77,  -23598, -1.60
 776,263.00,  -46634, -1.59,  -24592, -1.67,  -22042, -1.49
 777,264.00,  -43384, -1.48,  -23006, -1.56,  -20378, -1.38
 778,265.00,  -40001, -1.36,  -21249, -1.44,  -18752, -1.27
 779,266.00,  -35991, -1.23,  -19423, -1.32,  -16568, -1.12
 780,267.00,  -32028, -1.09,  -17660, -1.20,  -14368, -0.97
 781,268.00,  -28652, -0.98,  -15983, -1.08,  -12669, -0.86
 782,269.00,  -25138, -0.86,  -14342, -0.97,  -10796, -0.73
 783,270.00,  -21417, -0.73,  -12203, -0.83,   -9214, -0.62
 784,271.00,  -17259, -0.59,  -10009, -0.68,   -7250, -0.49
 785,272.00,  -14758, -0.50,   -9048, -0.61,   -5710, -0.39
 786,273.00,  -12100, -0.41,   -7857, -0.53,   -4243, -0.29
 787,274.00,  -10097, -0.34,   -7209, -0.49,   -2888, -0.20
 788,275.00,   -8417, -0.29,   -6549, -0.44,   -1868, -0.13
 789,276.00,   -6749, -0.23,   -5910, -0.40,    -839, -0.06
 790,277.00,   -5201, -0.18,   -5089, -0.35,    -112, -0.00
 791,278.00,   -4015, -0.14,   -4120, -0.28,     105,  0.00
 792,279.00,   -3311, -0.11,   -3517, -0.24,     206,  0.01
 793,280.00,   -3003, -0.10,   -3029, -0.21,      26,  0.00
 794,281.00,   -2230, -0.08,   -2111, -0.14,    -119, -0.00
 795,282.00,    -861, -0.03,   -1130, -0.08,     269,  0.02
 796,283.00,    1075,  0.04,     198,  0.01,     877,  0.06
 797,284.00,    3520,  0.12,    1683,  0.11,    1837,  0.12
 798,285.00,    5707,  0.19,    2855,  0.19,    2852,  0.19
 799,286.00,    7509,  0.26,    3837,  0.26,    3672,  0.25
 800,287.00,   10109,  0.34,    5372,  0.36,    4737,  0.32
 801,288.00,   13700,  0.47,    7671,  0.52,    6029,  0.41
 802,289.00,   16580,  0.57,    9622,  0.65,    6958,  0.47
 803,290.00,   19203,  0.65,   11391,  0.77,    7812,  0.53
 804,291.00,   22289,  0.76,   13585,  0.92,    8704,  0.59
 805,292.00,   25978,  0.89,   15926,  1.08,   10052,  0.68
 806,293.00,   29870,  1.02,   17788,  1.21,   12082,  0.82
 807,294.00,   33747,  1.15,   19884,  1.35,   13863,  0.94
 808,295.00,   37004,  1.26,   21313,  1.45,   15691,  1.06
 809,296.00,   40449,  1.38,   22743,  1.54,   17706,  1.20
 810,297.00,   44396,  1.51,   24683,  1.67,   19713,  1.34
 811,298.00,   48135,  1.64,   26877,  1.82,   21258,  1.44
 812,299.00,   51213,  1.75,   28752,  1.95,   22461,  1.52
 813,300.00,   53386,  1.82,   29800,  2.02,   23586,  1.60
 814,301.00,   55940,  1.91,   30948,  2.10,   24992,  1.69
 815,302.00,   59167,  2.02,   32561,  2.21,   26606,  1.80
 816,303.00,   62196,  2.12,   34254,  2.32,   27942,  1.89
 817,304.00,   64879,  2.21,   35831,  2.43,   29048,  1.97
 818,305.00,   67132,  2.29,   36920,  2.50,   30212,  2.05
 819,306.00,   69113,  2.36,   38079,  2.58,   31034,  2.10
 820,307.00,   71072,  2.42,   39186,  2.66,   31886,  2.16
 821,308.00,   72488,  2.47,   39958,  2.71,   32530,  2.21
 822,309.00,   73640,  2.51,   40392,  2.74,   33248,  2.25
 823,310.00,   74691,  2.55,   41045,  2.78,   33646,  2.28
 824,311.00,   75038,  2.56,   41289,  2.80,   33749,  2.29
 825,312.00,   74925,  2.55,   41247,  2.80,   33678,  2.28
 826,313.00,   74436,  2.54,   40783,  2.77,   33653,  2.28
 827,314.00,   73739,  2.51,   40160,  2.72,   33579,  2.28
 828,315.00,   72749,  2.48,   39478,  2.68,   33271,  2.26
 829,316.00,   71927,  2.45,   38870,  2.64,   33057,  2.24
 830,317.00,   71906,  2.45,   38329,  2.60,   33577,  2.28
 831,318.00,   71944,  2.45,   37911,  2.57,   34033,  2.31
 832,319.00,   71891,  2.45,   37624,  2.55,   34267,  2.32
 833,320.00,   71464,  2.44,   37229,  2.52,   34235,  2.32
 834,321.00,   71396,  2.43,   36617,  2.48,   34779,  2.36
 835,322.00,   70703,  2.41,   35665,  2.42,   35038,  2.38
 836,323.00,   70324,  2.40,   35289,  2.39,   35035,  2.38
 837,324.00,   69438,  2.37,   34525,  2.34,   34913,  2.37
 838,325.00,   68647,  2.34,   33766,  2.29,   34881,  2.37
 839,326.00,   68171,  2.32,   33179,  2.25,   34992,  2.37
 840,327.00,   66996,  2.28,   32159,  2.18,   34837,  2.36
 841,328.00,   66566,  2.27,   32045,  2.17,   34521,  2.34
 842,329.00,   66816,  2.28,   32675,  2.22,   34141,  2.32
 843,330.00,   66679,  2.27,   33076,  2.24,   33603,  2.28
 844,331.00,   66659,  2.27,   33945,  2.30,   32714,  2.22
 845,332.00,   66748,  2.28,   35121,  2.38,   31627,  2.14
 846,333.00,   66093,  2.25,   35920,  2.44,   30173,  2.05
 847,334.00,   65589,  2.24,   36682,  2.49,   28907,  1.96
 848,335.00,   64790,  2.21,   36899,  2.50,   27891,  1.89
 849,336.00,   64631,  2.20,   37404,  2.54,   27227,  1.85
 850,337.00,   64349,  2.19,   37968,  2.57,   26381,  1.79
 851,338.00,   64037,  2.18,   38459,  2.61,   25578,  1.73
 852,339.00,   63634,  2.17,   38861,  2.64,   24773,  1.68
 853,340.00,   63325,  2.16,   39652,  2.69,   23673,  1.61
 854,341.00,   62834,  2.14,   40777,  2.77,   22057,  1.50
 855,342.00,   62273,  2.12,   41758,  2.83,   20515,  1.39
 856,343.00,   61307,  2.09,   42103,  2.86,   19204,  1.30
 857,344.00,   60379,  2.06,   42331,  2.87,   18048,  1.22
 858,345.00,   58978,  2.01,   42321,  2.87,   16657,  1.13
 859,346.00,   57294,  1.95,   41838,  2.84,   15456,  1.05
 860,347.00,   55790,  1.90,   41347,  2.80,   14443,  0.98
 861,348.00,   54292,  1.85,   41079,  2.79,   13213,  0.90
 862,349.00,   53577,  1.83,   40958,  2.78,   12619,  0.86
 863,350.00,   53017,  1.81,   40933,  2.78,   12084,  0.82
 864,351.00,   52244,  1.78,   40803,  2.77,   11441,  0.78
 865,352.00,   51335,  1.75,   40190,  2.73,   11145,  0.76
 866,353.00,   51402,  1.75,   40233,  2.73,   11169,  0.76
 867,354.00,   51310,  1.75,   40192,  2.73,   11118,  0.75
 868,355.00,   50656,  1.73,   40157,  2.72,   10499,  0.71
 869,356.00,   50752,  1.73,   40690,  2.76,   10062,  0.68
 870,357.00,   50671,  1.73,   40676,  2.76,    9995,  0.68
 871,358.00,   50841,  1.73,   40597,  2.75,   10244,  0.69
 872,359.00,   51670,  1.76,   40644,  2.76,   11026,  0.75
 873,360.00,   52105,  1.78,   40656,  2.76,   11449,  0.78
 874,361.00,   51987,  1.77,   40787,  2.77,   11200,  0.76
 875,362.00,   52333,  1.78,   41368,  2.81,   10965,  0.74
 876,363.00,   52395,  1.79,   41816,  2.84,   10579,  0.72
 877,364.00,   52611,  1.79,   42131,  2.86,   10480,  0.71
 878,365.00,   52884,  1.80,   42705,  2.90,   10179,  0.69
 879,366.00,   52869,  1.80,   42923,  2.91,    9946,  0.67
 880,367.00,   52498,  1.79,   42900,  2.91,    9598,  0.65
 881,368.00,   52026,  1.77,   43059,  2.92,    8967,  0.61
 882,369.00,   51224,  1.75,   43434,  2.95,    7790,  0.53
 883,370.00,   50884,  1.74,   43859,  2.97,    7025,  0.48
 884,371.00,   50636,  1.73,   44045,  2.99,    6591,  0.45
 885,372.00,   49517,  1.69,   43941,  2.98,    5576,  0.38
 886,373.00,   48425,  1.65,   44190,  3.00,    4235,  0.29
 887,374.00,   47160,  1.61,   44215,  3.00,    2945,  0.20
 888,375.00,   45934,  1.57,   44152,  2.99,    1782,  0.12
 889,376.00,   44909,  1.53,   44292,  3.00,     617,  0.04
 890,377.00,   44442,  1.52,   44436,  3.01,       6,  0.00
 891,378.00,   44297,  1.51,   44526,  3.02,    -229, -0.02
 892,379.00,   44446,  1.52,   44564,  3.02,    -118, -0.00
 893,380.00,   44267,  1.51,   44425,  3.01,    -158, -0.01
 894,381.00,   44377,  1.51,   44396,  3.01,     -19, -0.00
 895,382.00,   44202,  1.51,   44339,  3.01,    -137, -0.00
 896,383.00,   43414,  1.48,   43951,  2.98,    -537, -0.04
 897,384.00,   43311,  1.48,   44027,  2.99,    -716, -0.05
 898,385.00,   43466,  1.48,   44076,  2.99,    -610, -0.04
 899,386.00,   43304,  1.48,   44086,  2.99,    -782, -0.05
 900,387.00,   43168,  1.47,   44120,  2.99,    -952, -0.06
 901,388.00,   43491,  1.48,   44577,  3.02,   -1086, -0.07
 902,389.00,   45056,  1.54,   45661,  3.10,    -605, -0.04
 903,390.00,   46577,  1.59,   46574,  3.16,       3,  0.00
 904,391.00,   47893,  1.63,   47237,  3.20,     656,  0.04
 905,392.00,   48983,  1.67,   47950,  3.25,    1033,  0.07
 906,393.00,   49819,  1.70,   48343,  3.28,    1476,  0.10
 907,394.00,   50507,  1.72,   48589,  3.30,    1918,  0.13
 908,395.00,   51257,  1.75,   48625,  3.30,    2632,  0.18
 909,396.00,   51315,  1.75,   48022,  3.26,    3293,  0.22
 910,397.00,   51899,  1.77,   47981,  3.25,    3918,  0.27
 911,398.00,   52179,  1.78,   47861,  3.25,    4318,  0.29
 912,399.00,   52463,  1.79,   47582,  3.23,    4881,  0.33
 913,400.00,   53070,  1.81,   47102,  3.19,    5968,  0.40
 914,401.00,   53563,  1.83,   46195,  3.13,    7368,  0.50
 915,402.00,   53750,  1.83,   45129,  3.06,    8621,  0.58
 916,403.00,   54157,  1.85,   44123,  2.99,   10034,  0.68
 917,404.00,   54256,  1.85,   43163,  2.93,   11093,  0.75
 918,405.00,   54651,  1.86,   42619,  2.89,   12032,  0.82
 919,406.00,   54860,  1.87,   41994,  2.85,   12866,  0.87
 920,407.00,   54894,  1.87,   41202,  2.79,   13692,  0.93
 921,408.00,   54732,  1.87,   40367,  2.74,   14365,  0.97
 922,409.00,   53320,  1.82,   38658,  2.62,   14662,  0.99
 923,410.00,   52371,  1.79,   36850,  2.50,   15521,  1.05
 924,411.00,   51439,  1.75,   35164,  2.38,   16275,  1.10
 925,412.00,   50801,  1.73,   33963,  2.30,   16838,  1.14
 926,413.00,   50822,  1.73,   33315,  2.26,   17507,  1.19
 927,414.00,   51345,  1.75,   32872,  2.23,   18473,  1.25
 928,415.00,   51319,  1.75,   32116,  2.18,   19203,  1.30
 929,416.00,   51518,  1.76,   31445,  2.13,   20073,  1.36
 930,417.00,   50672,  1.73,   29978,  2.03,   20694,  1.40
 931,418.00,   50455,  1.72,   29025,  1.97,   21430,  1.45
 932,419.00,   50333,  1.72,   27737,  1.88,   22596,  1.53
 933,420.00,   50083,  1.71,   26647,  1.81,   23436,  1.59
 934,421.00,   49583,  1.69,   25420,  1.72,   24163,  1.64
 935,422.00,   49099,  1.67,   24240,  1.64,   24859,  1.69
 936,423.00,   49161,  1.68,   23373,  1.59,   25788,  1.75
 937,424.00,   49417,  1.69,   22266,  1.51,   27151,  1.84
 938,425.00,   50208,  1.71,   21800,  1.48,   28408,  1.93
 939,426.00,   50521,  1.72,   21552,  1.46,   28969,  1.96
 940,427.00,   50634,  1.73,   21349,  1.45,   29285,  1.99
 941,428.00,   51097,  1.74,   21329,  1.45,   29768,  2.02
 942,429.00,   51720,  1.76,   21600,  1.46,   30120,  2.04
 943,430.00,   52057,  1.78,   21627,  1.47,   30430,  2.06
 944,431.00,   52666,  1.80,   22138,  1.50,   30528,  2.07
 945,432.00,   53428,  1.82,   22275,  1.51,   31153,  2.11
 946,433.00,   54913,  1.87,   22636,  1.54,   32277,  2.19
 947,434.00,   55437,  1.89,   22320,  1.51,   33117,  2.25
 948,435.00,   55872,  1.91,   22050,  1.50,   33822,  2.29
 949,436.00,   57254,  1.95,   22620,  1.53,   34634,  2.35
 950,437.00,   58639,  2.00,   23110,  1.57,   35529,  2.41
 951,438.00,   60593,  2.07,   24129,  1.64,   36464,  2.47
 952,439.00,   62434,  2.13,   24679,  1.67,   37755,  2.56
 953,440.00,   63851,  2.18,   24946,  1.69,   38905,  2.64
 954,441.00,   65149,  2.22,   25290,  1.72,   39859,  2.70
 955,442.00,   66371,  2.26,   25591,  1.74,   40780,  2.77
 956,443.00,   66514,  2.27,   25402,  1.72,   41112,  2.79
 957,444.00,   66630,  2.27,   25296,  1.72,   41334,  2.80
 958,445.00,   66448,  2.27,   25332,  1.72,   41116,  2.79
 959,446.00,   66679,  2.27,   26081,  1.77,   40598,  2.75
 960,447.00,   67049,  2.29,   26762,  1.81,   40287,  2.73
 961,448.00,   67099,  2.29,   27236,  1.85,   39863,  2.70
 962,449.00,   66835,  2.28,   27490,  1.86,   39345,  2.67
 963,450.00,   65703,  2.24,   26643,  1.81,   39060,  2.65
 964,451.00,   65652,  2.24,   26452,  1.79,   39200,  2.66
 965,452.00,   65585,  2.24,   26130,  1.77,   39455,  2.68
 966,453.00,   66436,  2.27,   26624,  1.81,   39812,  2.70
 967,454.00,   67935,  2.32,   27813,  1.89,   40122,  2.72
 968,455.00,   68757,  2.34,   28366,  1.92,   40391,  2.74
 969,456.00,   69908,  2.38,   29007,  1.97,   40901,  2.77
 970,457.00,   70066,  2.39,   29320,  1.99,   40746,  2.76
 971,458.00,   69842,  2.38,   29289,  1.99,   40553,  2.75
 972,459.00,   69663,  2.38,   29180,  1.98,   40483,  2.75
 973,460.00,   69760,  2.38,   28957,  1.96,   40803,  2.77
 974,461.00,   69776,  2.38,   28687,  1.95,   41089,  2.79
 975,462.00,   69800,  2.38,   28364,  1.92,   41436,  2.81
 976,463.00,   70595,  2.41,   28380,  1.92,   42215,  2.86
 977,464.00,   71880,  2.45,   28683,  1.95,   43197,  2.93
 978,465.00,   72209,  2.46,   28585,  1.94,   43624,  2.96
 979,466.00,   71808,  2.45,   27925,  1.89,   43883,  2.98
 980,467.00,   71536,  2.44,   27549,  1.87,   43987,  2.98
 981,468.00,   71699,  2.44,   27778,  1.88,   43921,  2.98
 982,469.00,   73347,  2.50,   29153,  1.98,   44194,  3.00
 983,470.00,   75481,  2.57,   30769,  2.09,   44712,  3.03
 984,471.00,   75818,  2.59,   31243,  2.12,   44575,  3.02
 985,472.00,   74878,  2.55,   30637,  2.08,   44241,  3.00
 986,473.00,   73676,  2.51,   30288,  2.05,   43388,  2.94
 987,474.00,   73375,  2.50,   30501,  2.07,   42874,  2.91
 988,475.00,   73624,  2.51,   30692,  2.08,   42932,  2.91
 989,476.00,   72902,  2.49,   30257,  2.05,   42645,  2.89
 990,477.00,   72514,  2.47,   30117,  2.04,   42397,  2.88
 991,478.00,   72590,  2.48,   30339,  2.06,   42251,  2.87
 992,479.00,   72161,  2.46,   30708,  2.08,   41453,  2.81
 993,480.00,   71015,  2.42,   30565,  2.07,   40450,  2.74
 994,481.00,   69437,  2.37,   30084,  2.04,   39353,  2.67
 995,482.00,   68462,  2.33,   30075,  2.04,   38387,  2.60
 996,483.00,   67676,  2.31,   30575,  2.07,   37101,  2.52
 997,484.00,   66728,  2.28,   30980,  2.10,   35748,  2.42
 998,485.00,   65975,  2.25,   31385,  2.13,   34590,  2.35
 999,486.00,   65534,  2.23,   31519,  2.14,   34015,  2.31
1000,487.00,   65230,  2.22,   31714,  2.15,   33516,  2.27
1001,488.00,   64229,  2.19,   31585,  2.14,   32644,  2.21
1002,489.00,   62754,  2.14,   31353,  2.13,   31401,  2.13
1003,490.00,   62073,  2.12,   31383,  2.13,   30690,  2.08
1004,491.00,   60921,  2.08,   31349,  2.13,   29572,  2.01
1005,492.00,   59890,  2.04,   31458,  2.13,   28432,  1.93
1006,493.00,   58876,  2.01,   31498,  2.14,   27378,  1.86
1007,494.00,   57739,  1.97,   31568,  2.14,   26171,  1.77
1008,495.00,   56864,  1.94,   31652,  2.15,   25212,  1.71
1009,496.00,   56303,  1.92,   31993,  2.17,   24310,  1.65
1010,497.00,   55856,  1.90,   32157,  2.18,   23699,  1.61
1011,498.00,   54608,  1.86,   31953,  2.17,   22655,  1.54
1012,499.00,   52161,  1.78,   31075,  2.11,   21086,  1.43
1013,500.00,   50834,  1.73,   30690,  2.08,   20144,  1.37
1014,501.00,   49833,  1.70,   30045,  2.04,   19788,  1.34
1015,502.00,   48234,  1.64,   28993,  1.97,   19241,  1.30
1016,503.00,   46286,  1.58,   28345,  1.92,   17941,  1.22
1017,504.00,   44285,  1.51,   27690,  1.88,   16595,  1.13
1018,505.00,   42634,  1.45,   27079,  1.84,   15555,  1.05
1019,506.00,   40910,  1.39,   26473,  1.80,   14437,  0.98
1020,507.00,   39727,  1.35,   25919,  1.76,   13808,  0.94
1021,508.00,   39137,  1.33,   25999,  1.76,   13138,  0.89
1022,509.00,   37944,  1.29,   25399,  1.72,   12545,  0.85
1023,510.00,   36741,  1.25,   24420,  1.66,   12321,  0.84
1024,511.00,   35838,  1.22,   23962,  1.63,   11876,  0.81
