-----------------------------------------------------------------------------------
Identifier:,IHS5922-20196E01
File Name:,MMRP70A.8
Ear:,R
Channel:,1
Intensity:,70 dB HL
Stim. Rate:,  1.10/s
Stim. Mode:,0
Sweeps:,60
Artifacts:,0
Smp. Period:,1000.00 us
Amp. Gain:, 50.00 K
Low Pass:, 30.00 Hz
High Pass:,  1.00 Hz
Notch Filter:,TRUE
Stimulus:,100
Stim. Freq.:,1000 Hz
Stim. Dur.:,2000 pnts
Masking:,0 dB SPL
Stim. Point:,513
-----------------------------------------------------------------------------------
Peak Information:,Label,Peak(+),Peak(+)(ms),Peak(-),Peak(-)(ms)
,21, 816,303.00, 945,432.00,
-----------------------------------------------------------------------------------


Data Pnt:,Data Pnt(ms):,Average:,Average(uV):,Buffer1:,Buffer1(uV):,Buffer2:,Buffer2(uV):
   1,-512.00,       0,  0.00,       0,  0.00,       0,  0.00
   2,-511.00,       0,  0.00,       0,  0.00,       0,  0.00
   3,-510.00,       0,  0.00,       0,  0.00,       0,  0.00
   4,-509.00,       0,  0.00,       0,  0.00,       0,  0.00
   5,-508.00,       0,  0.00,       0,  0.00,       0,  0.00
   6,-507.00,       0,  0.00,       0,  0.00,       0,  0.00
   7,-506.00,       0,  0.00,       0,  0.00,       0,  0.00
   8,-505.00,       0,  0.00,       0,  0.00,       0,  0.00
   9,-504.00,       0,  0.00,       0,  0.00,       0,  0.00
  10,-503.00,       0,  0.00,       0,  0.00,       0,  0.00
  11,-502.00,       0,  0.00,       0,  0.00,       0,  0.00
  12,-501.00,       0,  0.00,       0,  0.00,       0,  0.00
  13,-500.00,       0,  0.00,       0,  0.00,       0,  0.00
  14,-499.00,       0,  0.00,       0,  0.00,       0,  0.00
  15,-498.00,       0,  0.00,       0,  0.00,       0,  0.00
  16,-497.00,       0,  0.00,       0,  0.00,       0,  0.00
  17,-496.00,       0,  0.00,       0,  0.00,       0,  0.00
  18,-495.00,       0,  0.00,       0,  0.00,       0,  0.00
  19,-494.00,       0,  0.00,       0,  0.00,       0,  0.00
  20,-493.00,       0,  0.00,       0,  0.00,       0,  0.00
  21,-492.00,       0,  0.00,       0,  0.00,       0,  0.00
  22,-491.00,       0,  0.00,       0,  0.00,       0,  0.00
  23,-490.00,       0,  0.00,       0,  0.00,       0,  0.00
  24,-489.00,       0,  0.00,       0,  0.00,       0,  0.00
  25,-488.00,       0,  0.00,       0,  0.00,       0,  0.00
  26,-487.00,       0,  0.00,       0,  0.00,       0,  0.00
  27,-486.00,       0,  0.00,       0,  0.00,       0,  0.00
  28,-485.00,       0,  0.00,       0,  0.00,       0,  0.00
  29,-484.00,       0,  0.00,       0,  0.00,       0,  0.00
  30,-483.00,       0,  0.00,       0,  0.00,       0,  0.00
  31,-482.00,       0,  0.00,       0,  0.00,       0,  0.00
  32,-481.00,       0,  0.00,       0,  0.00,       0,  0.00
  33,-480.00,       0,  0.00,       0,  0.00,       0,  0.00
  34,-479.00,       0,  0.00,       0,  0.00,       0,  0.00
  35,-478.00,       0,  0.00,       0,  0.00,       0,  0.00
  36,-477.00,       0,  0.00,       0,  0.00,       0,  0.00
  37,-476.00,       0,  0.00,       0,  0.00,       0,  0.00
  38,-475.00,       0,  0.00,       0,  0.00,       0,  0.00
  39,-474.00,       0,  0.00,       0,  0.00,       0,  0.00
  40,-473.00,       0,  0.00,       0,  0.00,       0,  0.00
  41,-472.00,       0,  0.00,       0,  0.00,       0,  0.00
  42,-471.00,       0,  0.00,       0,  0.00,       0,  0.00
  43,-470.00,       0,  0.00,       0,  0.00,       0,  0.00
  44,-469.00,       0,  0.00,       0,  0.00,       0,  0.00
  45,-468.00,       0,  0.00,       0,  0.00,       0,  0.00
  46,-467.00,       0,  0.00,       0,  0.00,       0,  0.00
  47,-466.00,       0,  0.00,       0,  0.00,       0,  0.00
  48,-465.00,       0,  0.00,       0,  0.00,       0,  0.00
  49,-464.00,       0,  0.00,       0,  0.00,       0,  0.00
  50,-463.00,       0,  0.00,       0,  0.00,       0,  0.00
  51,-462.00,       0,  0.00,       0,  0.00,       0,  0.00
  52,-461.00,       0,  0.00,       0,  0.00,       0,  0.00
  53,-460.00,       0,  0.00,       0,  0.00,       0,  0.00
  54,-459.00,       0,  0.00,       0,  0.00,       0,  0.00
  55,-458.00,       0,  0.00,       0,  0.00,       0,  0.00
  56,-457.00,       0,  0.00,       0,  0.00,       0,  0.00
  57,-456.00,       0,  0.00,       0,  0.00,       0,  0.00
  58,-455.00,       0,  0.00,       0,  0.00,       0,  0.00
  59,-454.00,       0,  0.00,       0,  0.00,       0,  0.00
  60,-453.00,       0,  0.00,       0,  0.00,       0,  0.00
  61,-452.00,       0,  0.00,       0,  0.00,       0,  0.00
  62,-451.00,       0,  0.00,       0,  0.00,       0,  0.00
  63,-450.00,       0,  0.00,       0,  0.00,       0,  0.00
  64,-449.00,       0,  0.00,       0,  0.00,       0,  0.00
  65,-448.00,       0,  0.00,       0,  0.00,       0,  0.00
  66,-447.00,       0,  0.00,       0,  0.00,       0,  0.00
  67,-446.00,       0,  0.00,       0,  0.00,       0,  0.00
  68,-445.00,       0,  0.00,       0,  0.00,       0,  0.00
  69,-444.00,       0,  0.00,       0,  0.00,       0,  0.00
  70,-443.00,       0,  0.00,       0,  0.00,       0,  0.00
  71,-442.00,       0,  0.00,       0,  0.00,       0,  0.00
  72,-441.00,       0,  0.00,       0,  0.00,       0,  0.00
  73,-440.00,       0,  0.00,       0,  0.00,       0,  0.00
  74,-439.00,       0,  0.00,       0,  0.00,       0,  0.00
  75,-438.00,       0,  0.00,       0,  0.00,       0,  0.00
  76,-437.00,       0,  0.00,       0,  0.00,       0,  0.00
  77,-436.00,       0,  0.00,       0,  0.00,       0,  0.00
  78,-435.00,       0,  0.00,       0,  0.00,       0,  0.00
  79,-434.00,       0,  0.00,       0,  0.00,       0,  0.00
  80,-433.00,       0,  0.00,       0,  0.00,       0,  0.00
  81,-432.00,       0,  0.00,       0,  0.00,       0,  0.00
  82,-431.00,       0,  0.00,       0,  0.00,       0,  0.00
  83,-430.00,       0,  0.00,       0,  0.00,       0,  0.00
  84,-429.00,       0,  0.00,       0,  0.00,       0,  0.00
  85,-428.00,       0,  0.00,       0,  0.00,       0,  0.00
  86,-427.00,       0,  0.00,       0,  0.00,       0,  0.00
  87,-426.00,       0,  0.00,       0,  0.00,       0,  0.00
  88,-425.00,       0,  0.00,       0,  0.00,       0,  0.00
  89,-424.00,       0,  0.00,       0,  0.00,       0,  0.00
  90,-423.00,       0,  0.00,       0,  0.00,       0,  0.00
  91,-422.00,       0,  0.00,       0,  0.00,       0,  0.00
  92,-421.00,       0,  0.00,       0,  0.00,       0,  0.00
  93,-420.00,       0,  0.00,       0,  0.00,       0,  0.00
  94,-419.00,       0,  0.00,       0,  0.00,       0,  0.00
  95,-418.00,       0,  0.00,       0,  0.00,       0,  0.00
  96,-417.00,       0,  0.00,       0,  0.00,       0,  0.00
  97,-416.00,       0,  0.00,       0,  0.00,       0,  0.00
  98,-415.00,       0,  0.00,       0,  0.00,       0,  0.00
  99,-414.00,       0,  0.00,       0,  0.00,       0,  0.00
 100,-413.00,       0,  0.00,       0,  0.00,       0,  0.00
 101,-412.00,       0,  0.00,       0,  0.00,       0,  0.00
 102,-411.00,       0,  0.00,       0,  0.00,       0,  0.00
 103,-410.00,       0,  0.00,       0,  0.00,       0,  0.00
 104,-409.00,       0,  0.00,       0,  0.00,       0,  0.00
 105,-408.00,       0,  0.00,       0,  0.00,       0,  0.00
 106,-407.00,       0,  0.00,       0,  0.00,       0,  0.00
 107,-406.00,       0,  0.00,       0,  0.00,       0,  0.00
 108,-405.00,       0,  0.00,       0,  0.00,       0,  0.00
 109,-404.00,       0,  0.00,       0,  0.00,       0,  0.00
 110,-403.00,       0,  0.00,       0,  0.00,       0,  0.00
 111,-402.00,       0,  0.00,       0,  0.00,       0,  0.00
 112,-401.00,       0,  0.00,       0,  0.00,       0,  0.00
 113,-400.00,       0,  0.00,       0,  0.00,       0,  0.00
 114,-399.00,       0,  0.00,       0,  0.00,       0,  0.00
 115,-398.00,       0,  0.00,       0,  0.00,       0,  0.00
 116,-397.00,  -59021, -6.00,  -45654, -9.29,  -13367, -2.72
 117,-396.00,  -59201, -6.02,  -45942, -9.35,  -13259, -2.70
 118,-395.00,  -59471, -6.05,  -45440, -9.25,  -14031, -2.85
 119,-394.00,  -60286, -6.13,  -45490, -9.26,  -14796, -3.01
 120,-393.00,  -60820, -6.19,  -45633, -9.28,  -15187, -3.09
 121,-392.00,  -61131, -6.22,  -45261, -9.21,  -15870, -3.23
 122,-391.00,  -61967, -6.30,  -45125, -9.18,  -16842, -3.43
 123,-390.00,  -62152, -6.32,  -44505, -9.05,  -17647, -3.59
 124,-389.00,  -61308, -6.24,  -42761, -8.70,  -18547, -3.77
 125,-388.00,  -60448, -6.15,  -41336, -8.41,  -19112, -3.89
 126,-387.00,  -59715, -6.07,  -40510, -8.24,  -19205, -3.91
 127,-386.00,  -57868, -5.89,  -39222, -7.98,  -18646, -3.79
 128,-385.00,  -55774, -5.67,  -37834, -7.70,  -17940, -3.65
 129,-384.00,  -55059, -5.60,  -37127, -7.55,  -17932, -3.65
 130,-383.00,  -54355, -5.53,  -36558, -7.44,  -17797, -3.62
 131,-382.00,  -53521, -5.44,  -35675, -7.26,  -17846, -3.63
 132,-381.00,  -52658, -5.36,  -34921, -7.10,  -17737, -3.61
 133,-380.00,  -51172, -5.21,  -33836, -6.88,  -17336, -3.53
 134,-379.00,  -49109, -5.00,  -32110, -6.53,  -16999, -3.46
 135,-378.00,  -47289, -4.81,  -30416, -6.19,  -16873, -3.43
 136,-377.00,  -46813, -4.76,  -29825, -6.07,  -16988, -3.46
 137,-376.00,  -45985, -4.68,  -28798, -5.86,  -17187, -3.50
 138,-375.00,  -44866, -4.56,  -26884, -5.47,  -17982, -3.66
 139,-374.00,  -43378, -4.41,  -25192, -5.13,  -18186, -3.70
 140,-373.00,  -41743, -4.25,  -23597, -4.80,  -18146, -3.69
 141,-372.00,  -39910, -4.06,  -21678, -4.41,  -18232, -3.71
 142,-371.00,  -37969, -3.86,  -19989, -4.07,  -17980, -3.66
 143,-370.00,  -35630, -3.62,  -18519, -3.77,  -17111, -3.48
 144,-369.00,  -32505, -3.31,  -16390, -3.33,  -16115, -3.28
 145,-368.00,  -29342, -2.98,  -14067, -2.86,  -15275, -3.11
 146,-367.00,  -25888, -2.63,  -12161, -2.47,  -13727, -2.79
 147,-366.00,  -22257, -2.26,  -10175, -2.07,  -12082, -2.46
 148,-365.00,  -19000, -1.93,   -7935, -1.61,  -11065, -2.25
 149,-364.00,  -16582, -1.69,   -6410, -1.30,  -10172, -2.07
 150,-363.00,  -14203, -1.44,   -4942, -1.01,   -9261, -1.88
 151,-362.00,  -11793, -1.20,   -3031, -0.62,   -8762, -1.78
 152,-361.00,   -9480, -0.96,   -1043, -0.21,   -8437, -1.72
 153,-360.00,   -7697, -0.78,     543,  0.11,   -8240, -1.68
 154,-359.00,   -6427, -0.65,    2276,  0.46,   -8703, -1.77
 155,-358.00,   -4789, -0.49,    4197,  0.85,   -8986, -1.83
 156,-357.00,   -3138, -0.32,    5867,  1.19,   -9005, -1.83
 157,-356.00,   -1590, -0.16,    7557,  1.54,   -9147, -1.86
 158,-355.00,     431,  0.04,    9568,  1.95,   -9137, -1.86
 159,-354.00,    2192,  0.22,   11002,  2.24,   -8810, -1.79
 160,-353.00,    3673,  0.37,   12202,  2.48,   -8529, -1.74
 161,-352.00,    5690,  0.58,   14188,  2.89,   -8498, -1.73
 162,-351.00,    7649,  0.78,   15717,  3.20,   -8068, -1.64
 163,-350.00,    9499,  0.97,   16285,  3.31,   -6786, -1.38
 164,-349.00,   11171,  1.14,   17099,  3.48,   -5928, -1.21
 165,-348.00,   12376,  1.26,   17868,  3.64,   -5492, -1.12
 166,-347.00,   12807,  1.30,   17801,  3.62,   -4994, -1.02
 167,-346.00,   12981,  1.32,   17724,  3.61,   -4743, -0.96
 168,-345.00,   13300,  1.35,   18007,  3.66,   -4707, -0.96
 169,-344.00,   13496,  1.37,   18191,  3.70,   -4695, -0.96
 170,-343.00,   14205,  1.45,   18508,  3.77,   -4303, -0.88
 171,-342.00,   14294,  1.45,   19150,  3.90,   -4856, -0.99
 172,-341.00,   13624,  1.39,   19210,  3.91,   -5586, -1.14
 173,-340.00,   13229,  1.35,   18796,  3.82,   -5567, -1.13
 174,-339.00,   13313,  1.35,   18838,  3.83,   -5525, -1.12
 175,-338.00,   13252,  1.35,   18695,  3.80,   -5443, -1.11
 176,-337.00,   12637,  1.29,   17557,  3.57,   -4920, -1.00
 177,-336.00,   12676,  1.29,   16757,  3.41,   -4081, -0.83
 178,-335.00,   12543,  1.28,   16133,  3.28,   -3590, -0.73
 179,-334.00,   11894,  1.21,   14723,  3.00,   -2829, -0.58
 180,-333.00,   11250,  1.14,   13091,  2.66,   -1841, -0.37
 181,-332.00,   10620,  1.08,   11686,  2.38,   -1066, -0.22
 182,-331.00,   10314,  1.05,   10292,  2.09,      22,  0.00
 183,-330.00,    9610,  0.98,    8425,  1.71,    1185,  0.24
 184,-329.00,    8337,  0.85,    6486,  1.32,    1851,  0.38
 185,-328.00,    7347,  0.75,    4841,  0.98,    2506,  0.51
 186,-327.00,    6112,  0.62,    3052,  0.62,    3060,  0.62
 187,-326.00,    5213,  0.53,    1569,  0.32,    3644,  0.74
 188,-325.00,    4906,  0.50,     652,  0.13,    4254,  0.87
 189,-324.00,    4170,  0.42,    -471, -0.10,    4641,  0.94
 190,-323.00,    3251,  0.33,   -1736, -0.35,    4987,  1.01
 191,-322.00,    3043,  0.31,   -2271, -0.46,    5314,  1.08
 192,-321.00,    2576,  0.26,   -3290, -0.67,    5866,  1.19
 193,-320.00,    2116,  0.22,   -4687, -0.95,    6803,  1.38
 194,-319.00,    2116,  0.22,   -5456, -1.11,    7572,  1.54
 195,-318.00,    2046,  0.21,   -5714, -1.16,    7760,  1.58
 196,-317.00,    2583,  0.26,   -5936, -1.21,    8519,  1.73
 197,-316.00,    3399,  0.35,   -6133, -1.25,    9532,  1.94
 198,-315.00,    3715,  0.38,   -6487, -1.32,   10202,  2.08
 199,-314.00,    2894,  0.29,   -7978, -1.62,   10872,  2.21
 200,-313.00,    2411,  0.25,   -9126, -1.86,   11537,  2.35
 201,-312.00,    2208,  0.22,   -9205, -1.87,   11413,  2.32
 202,-311.00,    1220,  0.12,   -9651, -1.96,   10871,  2.21
 203,-310.00,     399,  0.04,  -10131, -2.06,   10530,  2.14
 204,-309.00,     -83, -0.00,  -10296, -2.09,   10213,  2.08
 205,-308.00,    -958, -0.10,  -10532, -2.14,    9574,  1.95
 206,-307.00,   -1797, -0.18,  -11105, -2.26,    9308,  1.89
 207,-306.00,   -2334, -0.24,  -11451, -2.33,    9117,  1.85
 208,-305.00,   -2925, -0.30,  -11439, -2.33,    8514,  1.73
 209,-304.00,   -3206, -0.33,  -11522, -2.34,    8316,  1.69
 210,-303.00,   -2450, -0.25,  -11215, -2.28,    8765,  1.78
 211,-302.00,   -1479, -0.15,  -10552, -2.15,    9073,  1.85
 212,-301.00,    -716, -0.07,  -10363, -2.11,    9647,  1.96
 213,-300.00,    -440, -0.04,  -10908, -2.22,   10468,  2.13
 214,-299.00,    -503, -0.05,  -11139, -2.27,   10636,  2.16
 215,-298.00,    -956, -0.10,  -11390, -2.32,   10434,  2.12
 216,-297.00,   -2070, -0.21,  -12474, -2.54,   10404,  2.12
 217,-296.00,   -3121, -0.32,  -13148, -2.68,   10027,  2.04
 218,-295.00,   -4130, -0.42,  -13161, -2.68,    9031,  1.84
 219,-294.00,   -5230, -0.53,  -13487, -2.74,    8257,  1.68
 220,-293.00,   -6828, -0.69,  -14277, -2.90,    7449,  1.52
 221,-292.00,   -8586, -0.87,  -14966, -3.04,    6380,  1.30
 222,-291.00,  -10081, -1.03,  -15341, -3.12,    5260,  1.07
 223,-290.00,  -11127, -1.13,  -15339, -3.12,    4212,  0.86
 224,-289.00,  -11913, -1.21,  -14689, -2.99,    2776,  0.56
 225,-288.00,  -13194, -1.34,  -14175, -2.88,     981,  0.20
 226,-287.00,  -16007, -1.63,  -14709, -2.99,   -1298, -0.26
 227,-286.00,  -18250, -1.86,  -14898, -3.03,   -3352, -0.68
 228,-285.00,  -19349, -1.97,  -14814, -3.01,   -4535, -0.92
 229,-284.00,  -20068, -2.04,  -15199, -3.09,   -4869, -0.99
 230,-283.00,  -20421, -2.08,  -15471, -3.15,   -4950, -1.01
 231,-282.00,  -20399, -2.08,  -15226, -3.10,   -5173, -1.05
 232,-281.00,  -21461, -2.18,  -15808, -3.22,   -5653, -1.15
 233,-280.00,  -22500, -2.29,  -16125, -3.28,   -6375, -1.30
 234,-279.00,  -23246, -2.36,  -15670, -3.19,   -7576, -1.54
 235,-278.00,  -23899, -2.43,  -15116, -3.08,   -8783, -1.79
 236,-277.00,  -24905, -2.53,  -15119, -3.08,   -9786, -1.99
 237,-276.00,  -25691, -2.61,  -15236, -3.10,  -10455, -2.13
 238,-275.00,  -25971, -2.64,  -14777, -3.01,  -11194, -2.28
 239,-274.00,  -26463, -2.69,  -14124, -2.87,  -12339, -2.51
 240,-273.00,  -27212, -2.77,  -13508, -2.75,  -13704, -2.79
 241,-272.00,  -27990, -2.85,  -12899, -2.62,  -15091, -3.07
 242,-271.00,  -28879, -2.94,  -13008, -2.65,  -15871, -3.23
 243,-270.00,  -29377, -2.99,  -12996, -2.64,  -16381, -3.33
 244,-269.00,  -28886, -2.94,  -11936, -2.43,  -16950, -3.45
 245,-268.00,  -28059, -2.85,  -10483, -2.13,  -17576, -3.58
 246,-267.00,  -27798, -2.83,  -10140, -2.06,  -17658, -3.59
 247,-266.00,  -27289, -2.78,   -9757, -1.99,  -17532, -3.57
 248,-265.00,  -26714, -2.72,   -9079, -1.85,  -17635, -3.59
 249,-264.00,  -27413, -2.79,   -9409, -1.91,  -18004, -3.66
 250,-263.00,  -27670, -2.81,   -9422, -1.92,  -18248, -3.71
 251,-262.00,  -27538, -2.80,   -9064, -1.84,  -18474, -3.76
 252,-261.00,  -27519, -2.80,   -8406, -1.71,  -19113, -3.89
 253,-260.00,  -27883, -2.84,   -7928, -1.61,  -19955, -4.06
 254,-259.00,  -27848, -2.83,   -7114, -1.45,  -20734, -4.22
 255,-258.00,  -27347, -2.78,   -6012, -1.22,  -21335, -4.34
 256,-257.00,  -26311, -2.68,   -5024, -1.02,  -21287, -4.33
 257,-256.00,  -24253, -2.47,   -3649, -0.74,  -20604, -4.19
 258,-255.00,  -21909, -2.23,   -1787, -0.36,  -20122, -4.09
 259,-254.00,  -20452, -2.08,    -810, -0.16,  -19642, -4.00
 260,-253.00,  -18749, -1.91,     191,  0.04,  -18940, -3.85
 261,-252.00,  -16524, -1.68,    1640,  0.33,  -18164, -3.70
 262,-251.00,  -14182, -1.44,    3361,  0.68,  -17543, -3.57
 263,-250.00,  -11611, -1.18,    4770,  0.97,  -16381, -3.33
 264,-249.00,   -8879, -0.90,    5924,  1.21,  -14803, -3.01
 265,-248.00,   -6366, -0.65,    7434,  1.51,  -13800, -2.81
 266,-247.00,   -4465, -0.45,    8115,  1.65,  -12580, -2.56
 267,-246.00,   -2838, -0.29,    8918,  1.81,  -11756, -2.39
 268,-245.00,   -1456, -0.15,   10070,  2.05,  -11526, -2.35
 269,-244.00,    -909, -0.09,   10669,  2.17,  -11578, -2.36
 270,-243.00,    -733, -0.07,   10858,  2.21,  -11591, -2.36
 271,-242.00,    -784, -0.08,   11113,  2.26,  -11897, -2.42
 272,-241.00,    -657, -0.07,   11879,  2.42,  -12536, -2.55
 273,-240.00,    -379, -0.04,   12575,  2.56,  -12954, -2.64
 274,-239.00,     164,  0.02,   13475,  2.74,  -13311, -2.71
 275,-238.00,    1201,  0.12,   14344,  2.92,  -13143, -2.67
 276,-237.00,    2297,  0.23,   14809,  3.01,  -12512, -2.55
 277,-236.00,    3620,  0.37,   15370,  3.13,  -11750, -2.39
 278,-235.00,    5125,  0.52,   16136,  3.28,  -11011, -2.24
 279,-234.00,    6239,  0.63,   16342,  3.32,  -10103, -2.06
 280,-233.00,    7108,  0.72,   16189,  3.29,   -9081, -1.85
 281,-232.00,    7445,  0.76,   16152,  3.29,   -8707, -1.77
 282,-231.00,    7291,  0.74,   15785,  3.21,   -8494, -1.73
 283,-230.00,    7086,  0.72,   14979,  3.05,   -7893, -1.61
 284,-229.00,    7205,  0.73,   14463,  2.94,   -7258, -1.48
 285,-228.00,    7529,  0.77,   14341,  2.92,   -6812, -1.39
 286,-227.00,    7455,  0.76,   14111,  2.87,   -6656, -1.35
 287,-226.00,    7128,  0.73,   13655,  2.78,   -6527, -1.33
 288,-225.00,    6506,  0.66,   12948,  2.63,   -6442, -1.31
 289,-224.00,    6336,  0.64,   12597,  2.56,   -6261, -1.27
 290,-223.00,    7017,  0.71,   12391,  2.52,   -5374, -1.09
 291,-222.00,    7703,  0.78,   12360,  2.51,   -4657, -0.95
 292,-221.00,    7222,  0.73,   11658,  2.37,   -4436, -0.90
 293,-220.00,    6608,  0.67,   10609,  2.16,   -4001, -0.81
 294,-219.00,    6494,  0.66,   10019,  2.04,   -3525, -0.72
 295,-218.00,    6479,  0.66,    9631,  1.96,   -3152, -0.64
 296,-217.00,    6345,  0.65,    8990,  1.83,   -2645, -0.54
 297,-216.00,    6384,  0.65,    8314,  1.69,   -1930, -0.39
 298,-215.00,    6180,  0.63,    7657,  1.56,   -1477, -0.30
 299,-214.00,    5742,  0.58,    6689,  1.36,    -947, -0.19
 300,-213.00,    5087,  0.52,    5900,  1.20,    -813, -0.17
 301,-212.00,    5318,  0.54,    6006,  1.22,    -688, -0.14
 302,-211.00,    5337,  0.54,    6060,  1.23,    -723, -0.15
 303,-210.00,    4659,  0.47,    5337,  1.09,    -678, -0.14
 304,-209.00,    3620,  0.37,    4780,  0.97,   -1160, -0.24
 305,-208.00,    2621,  0.27,    4885,  0.99,   -2264, -0.46
 306,-207.00,    1523,  0.15,    4671,  0.95,   -3148, -0.64
 307,-206.00,    1191,  0.12,    5120,  1.04,   -3929, -0.80
 308,-205.00,    1891,  0.19,    6433,  1.31,   -4542, -0.92
 309,-204.00,    2577,  0.26,    7226,  1.47,   -4649, -0.95
 310,-203.00,    3045,  0.31,    7497,  1.53,   -4452, -0.91
 311,-202.00,    4336,  0.44,    8374,  1.70,   -4038, -0.82
 312,-201.00,    5634,  0.57,    9075,  1.85,   -3441, -0.70
 313,-200.00,    7399,  0.75,    9458,  1.92,   -2059, -0.42
 314,-199.00,    9154,  0.93,    9824,  2.00,    -670, -0.14
 315,-198.00,   10732,  1.09,   10237,  2.08,     495,  0.10
 316,-197.00,   11750,  1.20,    9936,  2.02,    1814,  0.37
 317,-196.00,   12874,  1.31,    9745,  1.98,    3129,  0.64
 318,-195.00,   14430,  1.47,    9806,  2.00,    4624,  0.94
 319,-194.00,   14587,  1.48,    9544,  1.94,    5043,  1.03
 320,-193.00,   14012,  1.43,    8882,  1.81,    5130,  1.04
 321,-192.00,   13735,  1.40,    8451,  1.72,    5284,  1.08
 322,-191.00,   13308,  1.35,    7908,  1.61,    5400,  1.10
 323,-190.00,   12704,  1.29,    6769,  1.38,    5935,  1.21
 324,-189.00,   12439,  1.27,    6134,  1.25,    6305,  1.28
 325,-188.00,   12450,  1.27,    5770,  1.17,    6680,  1.36
 326,-187.00,   12116,  1.23,    4675,  0.95,    7441,  1.51
 327,-186.00,   11801,  1.20,    3453,  0.70,    8348,  1.70
 328,-185.00,   12204,  1.24,    2805,  0.57,    9399,  1.91
 329,-184.00,   12637,  1.29,    2004,  0.41,   10633,  2.16
 330,-183.00,   13389,  1.36,     926,  0.19,   12463,  2.54
 331,-182.00,   13936,  1.42,      33,  0.00,   13903,  2.83
 332,-181.00,   13977,  1.42,    -975, -0.20,   14952,  3.04
 333,-180.00,   13931,  1.42,   -2290, -0.47,   16221,  3.30
 334,-179.00,   14088,  1.43,   -2994, -0.61,   17082,  3.48
 335,-178.00,   14057,  1.43,   -3150, -0.64,   17207,  3.50
 336,-177.00,   13604,  1.38,   -3571, -0.73,   17175,  3.49
 337,-176.00,   14012,  1.43,   -3765, -0.77,   17777,  3.62
 338,-175.00,   14426,  1.47,   -3772, -0.77,   18198,  3.70
 339,-174.00,   14778,  1.50,   -4085, -0.83,   18863,  3.84
 340,-173.00,   15308,  1.56,   -4519, -0.92,   19827,  4.03
 341,-172.00,   15943,  1.62,   -4106, -0.84,   20049,  4.08
 342,-171.00,   16225,  1.65,   -3833, -0.78,   20058,  4.08
 343,-170.00,   16048,  1.63,   -4341, -0.88,   20389,  4.15
 344,-169.00,   16633,  1.69,   -4552, -0.93,   21185,  4.31
 345,-168.00,   17517,  1.78,   -4468, -0.91,   21985,  4.47
 346,-167.00,   18400,  1.87,   -4439, -0.90,   22839,  4.65
 347,-166.00,   18965,  1.93,   -4348, -0.88,   23313,  4.74
 348,-165.00,   19434,  1.98,   -3682, -0.75,   23116,  4.70
 349,-164.00,   19955,  2.03,   -3302, -0.67,   23257,  4.73
 350,-163.00,   20192,  2.05,   -3247, -0.66,   23439,  4.77
 351,-162.00,   19885,  2.02,   -2919, -0.59,   22804,  4.64
 352,-161.00,   19089,  1.94,   -2694, -0.55,   21783,  4.43
 353,-160.00,   18504,  1.88,   -2511, -0.51,   21015,  4.28
 354,-159.00,   17716,  1.80,   -2355, -0.48,   20071,  4.08
 355,-158.00,   17242,  1.75,   -1800, -0.37,   19042,  3.87
 356,-157.00,   17509,  1.78,    -955, -0.19,   18464,  3.76
 357,-156.00,   18328,  1.86,     245,  0.05,   18083,  3.68
 358,-155.00,   18741,  1.91,    1812,  0.37,   16929,  3.44
 359,-154.00,   18462,  1.88,    2806,  0.57,   15656,  3.19
 360,-153.00,   18505,  1.88,    3707,  0.75,   14798,  3.01
 361,-152.00,   19541,  1.99,    5281,  1.07,   14260,  2.90
 362,-151.00,   20574,  2.09,    7009,  1.43,   13565,  2.76
 363,-150.00,   21580,  2.20,    8198,  1.67,   13382,  2.72
 364,-149.00,   22560,  2.29,    9304,  1.89,   13256,  2.70
 365,-148.00,   23051,  2.34,   10275,  2.09,   12776,  2.60
 366,-147.00,   23124,  2.35,   10628,  2.16,   12496,  2.54
 367,-146.00,   23059,  2.35,   11117,  2.26,   11942,  2.43
 368,-145.00,   23304,  2.37,   12238,  2.49,   11066,  2.25
 369,-144.00,   23779,  2.42,   13496,  2.75,   10283,  2.09
 370,-143.00,   23459,  2.39,   14320,  2.91,    9139,  1.86
 371,-142.00,   22482,  2.29,   15026,  3.06,    7456,  1.52
 372,-141.00,   21271,  2.16,   15390,  3.13,    5881,  1.20
 373,-140.00,   20483,  2.08,   15726,  3.20,    4757,  0.97
 374,-139.00,   19950,  2.03,   16723,  3.40,    3227,  0.66
 375,-138.00,   19621,  2.00,   18329,  3.73,    1292,  0.26
 376,-137.00,   18860,  1.92,   19461,  3.96,    -601, -0.12
 377,-136.00,   18556,  1.89,   20304,  4.13,   -1748, -0.36
 378,-135.00,   18562,  1.89,   20892,  4.25,   -2330, -0.47
 379,-134.00,   17968,  1.83,   20672,  4.21,   -2704, -0.55
 380,-133.00,   17544,  1.78,   20326,  4.14,   -2782, -0.57
 381,-132.00,   17025,  1.73,   20289,  4.13,   -3264, -0.66
 382,-131.00,   16087,  1.64,   19881,  4.04,   -3794, -0.77
 383,-130.00,   15346,  1.56,   19195,  3.91,   -3849, -0.78
 384,-129.00,   14911,  1.52,   18979,  3.86,   -4068, -0.83
 385,-128.00,   14536,  1.48,   19277,  3.92,   -4741, -0.96
 386,-127.00,   13753,  1.40,   19035,  3.87,   -5282, -1.07
 387,-126.00,   12771,  1.30,   18406,  3.74,   -5635, -1.15
 388,-125.00,   11943,  1.21,   18301,  3.72,   -6358, -1.29
 389,-124.00,   11607,  1.18,   18295,  3.72,   -6688, -1.36
 390,-123.00,   11805,  1.20,   18500,  3.76,   -6695, -1.36
 391,-122.00,   12237,  1.24,   19330,  3.93,   -7093, -1.44
 392,-121.00,   12379,  1.26,   19663,  4.00,   -7284, -1.48
 393,-120.00,   12845,  1.31,   19582,  3.98,   -6737, -1.37
 394,-119.00,   13438,  1.37,   19422,  3.95,   -5984, -1.22
 395,-118.00,   14121,  1.44,   19573,  3.98,   -5452, -1.11
 396,-117.00,   14840,  1.51,   19433,  3.95,   -4593, -0.93
 397,-116.00,   16204,  1.65,   19608,  3.99,   -3404, -0.69
 398,-115.00,   17539,  1.78,   20516,  4.17,   -2977, -0.61
 399,-114.00,   18245,  1.86,   21008,  4.27,   -2763, -0.56
 400,-113.00,   18907,  1.92,   20840,  4.24,   -1933, -0.39
 401,-112.00,   19389,  1.97,   20652,  4.20,   -1263, -0.26
 402,-111.00,   19921,  2.03,   20860,  4.24,    -939, -0.19
 403,-110.00,   19494,  1.98,   20376,  4.15,    -882, -0.18
 404,-109.00,   19136,  1.95,   20103,  4.09,    -967, -0.20
 405,-108.00,   18865,  1.92,   20467,  4.16,   -1602, -0.33
 406,-107.00,   18914,  1.92,   20633,  4.20,   -1719, -0.35
 407,-106.00,   19700,  2.00,   21019,  4.28,   -1319, -0.27
 408,-105.00,   20562,  2.09,   21594,  4.39,   -1032, -0.21
 409,-104.00,   20458,  2.08,   21528,  4.38,   -1070, -0.22
 410,-103.00,   20429,  2.08,   21168,  4.31,    -739, -0.15
 411,-102.00,   20997,  2.14,   21171,  4.31,    -174, -0.04
 412,-101.00,   20530,  2.09,   20567,  4.18,     -37, -0.00
 413,-100.00,   20169,  2.05,   19950,  4.06,     219,  0.04
 414,-99.00,   20256,  2.06,   19778,  4.02,     478,  0.10
 415,-98.00,   19833,  2.02,   19661,  4.00,     172,  0.03
 416,-97.00,   18966,  1.93,   19011,  3.87,     -45, -0.00
 417,-96.00,   18142,  1.85,   18450,  3.75,    -308, -0.06
 418,-95.00,   17466,  1.78,   18269,  3.72,    -803, -0.16
 419,-94.00,   15485,  1.58,   17239,  3.51,   -1754, -0.36
 420,-93.00,   13210,  1.34,   16254,  3.31,   -3044, -0.62
 421,-92.00,   11626,  1.18,   15687,  3.19,   -4061, -0.83
 422,-91.00,   10292,  1.05,   15091,  3.07,   -4799, -0.98
 423,-90.00,    9546,  0.97,   14184,  2.89,   -4638, -0.94
 424,-89.00,    8972,  0.91,   13710,  2.79,   -4738, -0.96
 425,-88.00,    8026,  0.82,   13366,  2.72,   -5340, -1.09
 426,-87.00,    6385,  0.65,   12186,  2.48,   -5801, -1.18
 427,-86.00,    5250,  0.53,   11053,  2.25,   -5803, -1.18
 428,-85.00,    4250,  0.43,    9806,  2.00,   -5556, -1.13
 429,-84.00,    2855,  0.29,    7999,  1.63,   -5144, -1.05
 430,-83.00,    1705,  0.17,    5704,  1.16,   -3999, -0.81
 431,-82.00,     983,  0.10,    3799,  0.77,   -2816, -0.57
 432,-81.00,     328,  0.03,    2183,  0.44,   -1855, -0.38
 433,-80.00,    -318, -0.03,     468,  0.10,    -786, -0.16
 434,-79.00,    -993, -0.10,   -1078, -0.22,      85,  0.02
 435,-78.00,   -1780, -0.18,   -2329, -0.47,     549,  0.11
 436,-77.00,   -3505, -0.36,   -4092, -0.83,     587,  0.12
 437,-76.00,   -5478, -0.56,   -5840, -1.19,     362,  0.07
 438,-75.00,   -7172, -0.73,   -7038, -1.43,    -134, -0.03
 439,-74.00,   -8653, -0.88,   -8029, -1.63,    -624, -0.13
 440,-73.00,   -9063, -0.92,   -8542, -1.74,    -521, -0.11
 441,-72.00,   -8949, -0.91,   -8193, -1.67,    -756, -0.15
 442,-71.00,   -9261, -0.94,   -8078, -1.64,   -1183, -0.24
 443,-70.00,   -9352, -0.95,   -7972, -1.62,   -1380, -0.28
 444,-69.00,   -9264, -0.94,   -7678, -1.56,   -1586, -0.32
 445,-68.00,   -8979, -0.91,   -7476, -1.52,   -1503, -0.31
 446,-67.00,   -8559, -0.87,   -7398, -1.51,   -1161, -0.24
 447,-66.00,   -7690, -0.78,   -7285, -1.48,    -405, -0.08
 448,-65.00,   -7742, -0.79,   -7602, -1.55,    -140, -0.03
 449,-64.00,   -8205, -0.83,   -8307, -1.69,     102,  0.02
 450,-63.00,   -8736, -0.89,   -9095, -1.85,     359,  0.07
 451,-62.00,   -8463, -0.86,   -9000, -1.83,     537,  0.11
 452,-61.00,   -7872, -0.80,   -8587, -1.75,     715,  0.15
 453,-60.00,   -7208, -0.73,   -8411, -1.71,    1203,  0.24
 454,-59.00,   -7096, -0.72,   -8783, -1.79,    1687,  0.34
 455,-58.00,   -7537, -0.77,   -8956, -1.82,    1419,  0.29
 456,-57.00,   -7573, -0.77,   -8833, -1.80,    1260,  0.26
 457,-56.00,   -6746, -0.69,   -8198, -1.67,    1452,  0.30
 458,-55.00,   -5836, -0.59,   -7183, -1.46,    1347,  0.27
 459,-54.00,   -4635, -0.47,   -6672, -1.36,    2037,  0.41
 460,-53.00,   -3078, -0.31,   -6382, -1.30,    3304,  0.67
 461,-52.00,    -922, -0.09,   -5545, -1.13,    4623,  0.94
 462,-51.00,     365,  0.04,   -4990, -1.02,    5355,  1.09
 463,-50.00,     996,  0.10,   -5278, -1.07,    6274,  1.28
 464,-49.00,    2000,  0.20,   -5734, -1.17,    7734,  1.57
 465,-48.00,    3112,  0.32,   -5833, -1.19,    8945,  1.82
 466,-47.00,    4333,  0.44,   -5721, -1.16,   10054,  2.05
 467,-46.00,    5479,  0.56,   -5619, -1.14,   11098,  2.26
 468,-45.00,    6761,  0.69,   -5070, -1.03,   11831,  2.41
 469,-44.00,    6889,  0.70,   -5335, -1.09,   12224,  2.49
 470,-43.00,    6217,  0.63,   -6315, -1.28,   12532,  2.55
 471,-42.00,    5279,  0.54,   -7094, -1.44,   12373,  2.52
 472,-41.00,    4142,  0.42,   -7758, -1.58,   11900,  2.42
 473,-40.00,    3648,  0.37,   -8406, -1.71,   12054,  2.45
 474,-39.00,    3873,  0.39,   -8586, -1.75,   12459,  2.53
 475,-38.00,    4089,  0.42,   -8250, -1.68,   12339,  2.51
 476,-37.00,    3269,  0.33,   -8946, -1.82,   12215,  2.49
 477,-36.00,    2439,  0.25,  -10020, -2.04,   12459,  2.53
 478,-35.00,    2378,  0.24,  -10326, -2.10,   12704,  2.58
 479,-34.00,    2295,  0.23,  -10890, -2.22,   13185,  2.68
 480,-33.00,    2144,  0.22,  -11808, -2.40,   13952,  2.84
 481,-32.00,    1308,  0.13,  -12874, -2.62,   14182,  2.89
 482,-31.00,     270,  0.03,  -14196, -2.89,   14466,  2.94
 483,-30.00,    -132, -0.01,  -15794, -3.21,   15662,  3.19
 484,-29.00,    -493, -0.05,  -17058, -3.47,   16565,  3.37
 485,-28.00,   -1292, -0.13,  -17900, -3.64,   16608,  3.38
 486,-27.00,   -2404, -0.24,  -18607, -3.79,   16203,  3.30
 487,-26.00,   -3388, -0.34,  -19288, -3.92,   15900,  3.23
 488,-25.00,   -4680, -0.48,  -19892, -4.05,   15212,  3.09
 489,-24.00,   -5707, -0.58,  -20609, -4.19,   14902,  3.03
 490,-23.00,   -6263, -0.64,  -21531, -4.38,   15268,  3.11
 491,-22.00,   -5958, -0.61,  -21634, -4.40,   15676,  3.19
 492,-21.00,   -6215, -0.63,  -21784, -4.43,   15569,  3.17
 493,-20.00,   -7167, -0.73,  -22766, -4.63,   15599,  3.17
 494,-19.00,   -7923, -0.81,  -23792, -4.84,   15869,  3.23
 495,-18.00,   -8163, -0.83,  -24120, -4.91,   15957,  3.25
 496,-17.00,   -8444, -0.86,  -24606, -5.01,   16162,  3.29
 497,-16.00,   -8695, -0.88,  -25338, -5.16,   16643,  3.39
 498,-15.00,   -9312, -0.95,  -26093, -5.31,   16781,  3.41
 499,-14.00,  -10183, -1.04,  -27288, -5.55,   17105,  3.48
 500,-13.00,  -12282, -1.25,  -29136, -5.93,   16854,  3.43
 501,-12.00,  -13983, -1.42,  -30383, -6.18,   16400,  3.34
 502,-11.00,  -15383, -1.56,  -31255, -6.36,   15872,  3.23
 503,-10.00,  -16936, -1.72,  -32226, -6.56,   15290,  3.11
 504,-9.00,  -19340, -1.97,  -33355, -6.79,   14015,  2.85
 505,-8.00,  -21686, -2.21,  -34084, -6.93,   12398,  2.52
 506,-7.00,  -23507, -2.39,  -34529, -7.03,   11022,  2.24
 507,-6.00,  -25078, -2.55,  -35193, -7.16,   10115,  2.06
 508,-5.00,  -26234, -2.67,  -35406, -7.20,    9172,  1.87
 509,-4.00,  -27274, -2.77,  -35277, -7.18,    8003,  1.63
 510,-3.00,  -27558, -2.80,  -35218, -7.17,    7660,  1.56
 511,-2.00,  -27406, -2.79,  -34974, -7.12,    7568,  1.54
 512,-1.00,  -27230, -2.77,  -34403, -7.00,    7173,  1.46
 513,0.00,  -26906, -2.74,  -33785, -6.87,    6879,  1.40
 514,1.00,  -25920, -2.64,  -32849, -6.68,    6929,  1.41
 515,2.00,  -25344, -2.58,  -32355, -6.58,    7011,  1.43
 516,3.00,  -25283, -2.57,  -32232, -6.56,    6949,  1.41
 517,4.00,  -25070, -2.55,  -32104, -6.53,    7034,  1.43
 518,5.00,  -24490, -2.49,  -31283, -6.36,    6793,  1.38
 519,6.00,  -24183, -2.46,  -30450, -6.20,    6267,  1.28
 520,7.00,  -24358, -2.48,  -29982, -6.10,    5624,  1.14
 521,8.00,  -24165, -2.46,  -29068, -5.91,    4903,  1.00
 522,9.00,  -24400, -2.48,  -28859, -5.87,    4459,  0.91
 523,10.00,  -24577, -2.50,  -29303, -5.96,    4726,  0.96
 524,11.00,  -23945, -2.44,  -28982, -5.90,    5037,  1.02
 525,12.00,  -22756, -2.31,  -27852, -5.67,    5096,  1.04
 526,13.00,  -22202, -2.26,  -27381, -5.57,    5179,  1.05
 527,14.00,  -21459, -2.18,  -27198, -5.53,    5739,  1.17
 528,15.00,  -19793, -2.01,  -26459, -5.38,    6666,  1.36
 529,16.00,  -18157, -1.85,  -25776, -5.24,    7619,  1.55
 530,17.00,  -16987, -1.73,  -25547, -5.20,    8560,  1.74
 531,18.00,  -16553, -1.68,  -25569, -5.20,    9016,  1.83
 532,19.00,  -16756, -1.70,  -25886, -5.27,    9130,  1.86
 533,20.00,  -16718, -1.70,  -26541, -5.40,    9823,  2.00
 534,21.00,  -16554, -1.68,  -27026, -5.50,   10472,  2.13
 535,22.00,  -16084, -1.64,  -26729, -5.44,   10645,  2.17
 536,23.00,  -16006, -1.63,  -26390, -5.37,   10384,  2.11
 537,24.00,  -15809, -1.61,  -25966, -5.28,   10157,  2.07
 538,25.00,  -16336, -1.66,  -26000, -5.29,    9664,  1.97
 539,26.00,  -17361, -1.77,  -26173, -5.33,    8812,  1.79
 540,27.00,  -17949, -1.83,  -26032, -5.30,    8083,  1.64
 541,28.00,  -17597, -1.79,  -25174, -5.12,    7577,  1.54
 542,29.00,  -17197, -1.75,  -24013, -4.89,    6816,  1.39
 543,30.00,  -17021, -1.73,  -23308, -4.74,    6287,  1.28
 544,31.00,  -15960, -1.62,  -22340, -4.55,    6380,  1.30
 545,32.00,  -14632, -1.49,  -20911, -4.25,    6279,  1.28
 546,33.00,  -13893, -1.41,  -19761, -4.02,    5868,  1.19
 547,34.00,  -12955, -1.32,  -18995, -3.86,    6040,  1.23
 548,35.00,  -12256, -1.25,  -18387, -3.74,    6131,  1.25
 549,36.00,  -11601, -1.18,  -17738, -3.61,    6137,  1.25
 550,37.00,  -10848, -1.10,  -17441, -3.55,    6593,  1.34
 551,38.00,   -9637, -0.98,  -16409, -3.34,    6772,  1.38
 552,39.00,   -8513, -0.87,  -14392, -2.93,    5879,  1.20
 553,40.00,   -8464, -0.86,  -12840, -2.61,    4376,  0.89
 554,41.00,   -8815, -0.90,  -11890, -2.42,    3075,  0.63
 555,42.00,   -8627, -0.88,  -10362, -2.11,    1735,  0.35
 556,43.00,   -7725, -0.79,   -8692, -1.77,     967,  0.20
 557,44.00,   -6252, -0.64,   -7148, -1.45,     896,  0.18
 558,45.00,   -3932, -0.40,   -4762, -0.97,     830,  0.17
 559,46.00,   -1829, -0.19,   -2629, -0.53,     800,  0.16
 560,47.00,     -10, -0.00,   -1291, -0.26,    1281,  0.26
 561,48.00,    2119,  0.22,     330,  0.07,    1789,  0.36
 562,49.00,    3848,  0.39,    1954,  0.40,    1894,  0.39
 563,50.00,    4376,  0.45,    2799,  0.57,    1577,  0.32
 564,51.00,    5558,  0.57,    3264,  0.66,    2294,  0.47
 565,52.00,    6642,  0.68,    3644,  0.74,    2998,  0.61
 566,53.00,    7410,  0.75,    3864,  0.79,    3546,  0.72
 567,54.00,    8359,  0.85,    4397,  0.89,    3962,  0.81
 568,55.00,   10064,  1.02,    5675,  1.15,    4389,  0.89
 569,56.00,   10955,  1.11,    6434,  1.31,    4521,  0.92
 570,57.00,   11528,  1.17,    6344,  1.29,    5184,  1.05
 571,58.00,   12379,  1.26,    6572,  1.34,    5807,  1.18
 572,59.00,   12560,  1.28,    7130,  1.45,    5430,  1.10
 573,60.00,   12668,  1.29,    7671,  1.56,    4997,  1.02
 574,61.00,   13063,  1.33,    8172,  1.66,    4891,  1.00
 575,62.00,   13528,  1.38,    8912,  1.81,    4616,  0.94
 576,63.00,   13498,  1.37,    8948,  1.82,    4550,  0.93
 577,64.00,   13885,  1.41,    8835,  1.80,    5050,  1.03
 578,65.00,   15467,  1.57,    9586,  1.95,    5881,  1.20
 579,66.00,   17579,  1.79,   10766,  2.19,    6813,  1.39
 580,67.00,   19479,  1.98,   11775,  2.40,    7704,  1.57
 581,68.00,   21612,  2.20,   12812,  2.61,    8800,  1.79
 582,69.00,   23106,  2.35,   13461,  2.74,    9645,  1.96
 583,70.00,   23175,  2.36,   12946,  2.63,   10229,  2.08
 584,71.00,   23169,  2.36,   12619,  2.57,   10550,  2.15
 585,72.00,   23574,  2.40,   13198,  2.69,   10376,  2.11
 586,73.00,   23937,  2.44,   13830,  2.81,   10107,  2.06
 587,74.00,   24164,  2.46,   14456,  2.94,    9708,  1.98
 588,75.00,   24143,  2.46,   14889,  3.03,    9254,  1.88
 589,76.00,   23071,  2.35,   14962,  3.04,    8109,  1.65
 590,77.00,   22835,  2.32,   14963,  3.04,    7872,  1.60
 591,78.00,   22886,  2.33,   15355,  3.12,    7531,  1.53
 592,79.00,   22189,  2.26,   15889,  3.23,    6300,  1.28
 593,80.00,   21024,  2.14,   16028,  3.26,    4996,  1.02
 594,81.00,   20288,  2.06,   16064,  3.27,    4224,  0.86
 595,82.00,   20305,  2.07,   16616,  3.38,    3689,  0.75
 596,83.00,   20029,  2.04,   16692,  3.40,    3337,  0.68
 597,84.00,   20121,  2.05,   16237,  3.30,    3884,  0.79
 598,85.00,   20748,  2.11,   16285,  3.31,    4463,  0.91
 599,86.00,   20300,  2.07,   16014,  3.26,    4286,  0.87
 600,87.00,   18564,  1.89,   14850,  3.02,    3714,  0.76
 601,88.00,   17117,  1.74,   14009,  2.85,    3108,  0.63
 602,89.00,   15584,  1.59,   13581,  2.76,    2003,  0.41
 603,90.00,   13635,  1.39,   12987,  2.64,     648,  0.13
 604,91.00,   11978,  1.22,   12530,  2.55,    -552, -0.11
 605,92.00,   10234,  1.04,   11969,  2.44,   -1735, -0.35
 606,93.00,    8254,  0.84,   11291,  2.30,   -3037, -0.62
 607,94.00,    6104,  0.62,   10406,  2.12,   -4302, -0.88
 608,95.00,    4522,  0.46,   10111,  2.06,   -5589, -1.14
 609,96.00,    3147,  0.32,    9593,  1.95,   -6446, -1.31
 610,97.00,    1587,  0.16,    8494,  1.73,   -6907, -1.41
 611,98.00,     979,  0.10,    7724,  1.57,   -6745, -1.37
 612,99.00,     646,  0.07,    7452,  1.52,   -6806, -1.38
 613,100.00,     -13, -0.00,    7273,  1.48,   -7286, -1.48
 614,101.00,    -694, -0.07,    6850,  1.39,   -7544, -1.53
 615,102.00,   -1393, -0.14,    6226,  1.27,   -7619, -1.55
 616,103.00,   -3000, -0.31,    4447,  0.90,   -7447, -1.52
 617,104.00,   -3628, -0.37,    2646,  0.54,   -6274, -1.28
 618,105.00,   -3524, -0.36,    2015,  0.41,   -5539, -1.13
 619,106.00,   -3354, -0.34,    2201,  0.45,   -5555, -1.13
 620,107.00,   -4062, -0.41,    1860,  0.38,   -5922, -1.20
 621,108.00,   -4746, -0.48,    1337,  0.27,   -6083, -1.24
 622,109.00,   -5364, -0.55,    1062,  0.22,   -6426, -1.31
 623,110.00,   -6362, -0.65,     531,  0.11,   -6893, -1.40
 624,111.00,   -7039, -0.72,     -14, -0.00,   -7025, -1.43
 625,112.00,   -7238, -0.74,     -37, -0.00,   -7201, -1.47
 626,113.00,   -7721, -0.79,      10,  0.00,   -7731, -1.57
 627,114.00,   -8178, -0.83,    -104, -0.02,   -8074, -1.64
 628,115.00,   -8068, -0.82,     -80, -0.02,   -7988, -1.63
 629,116.00,   -8062, -0.82,      -8, -0.00,   -8054, -1.64
 630,117.00,   -8691, -0.88,    -757, -0.15,   -7934, -1.61
 631,118.00,   -8334, -0.85,   -1201, -0.24,   -7133, -1.45
 632,119.00,   -7985, -0.81,    -976, -0.20,   -7009, -1.43
 633,120.00,   -7941, -0.81,   -1014, -0.21,   -6927, -1.41
 634,121.00,   -7704, -0.78,    -838, -0.17,   -6866, -1.40
 635,122.00,   -7475, -0.76,    -321, -0.07,   -7154, -1.46
 636,123.00,   -8007, -0.81,    -262, -0.05,   -7745, -1.58
 637,124.00,   -9596, -0.98,    -988, -0.20,   -8608, -1.75
 638,125.00,  -10756, -1.09,   -1367, -0.28,   -9389, -1.91
 639,126.00,  -11467, -1.17,   -1162, -0.24,  -10305, -2.10
 640,127.00,  -11817, -1.20,    -600, -0.12,  -11217, -2.28
 641,128.00,  -11521, -1.17,     371,  0.08,  -11892, -2.42
 642,129.00,  -11101, -1.13,    1322,  0.27,  -12423, -2.53
 643,130.00,  -11422, -1.16,    1377,  0.28,  -12799, -2.60
 644,131.00,  -12102, -1.23,     883,  0.18,  -12985, -2.64
 645,132.00,  -12585, -1.28,     804,  0.16,  -13389, -2.72
 646,133.00,  -12872, -1.31,     925,  0.19,  -13797, -2.81
 647,134.00,  -12907, -1.31,    1069,  0.22,  -13976, -2.84
 648,135.00,  -12792, -1.30,    1149,  0.23,  -13941, -2.84
 649,136.00,  -12665, -1.29,    1236,  0.25,  -13901, -2.83
 650,137.00,  -13060, -1.33,     758,  0.15,  -13818, -2.81
 651,138.00,  -13249, -1.35,     755,  0.15,  -14004, -2.85
 652,139.00,  -13124, -1.34,    1345,  0.27,  -14469, -2.94
 653,140.00,  -13577, -1.38,    1460,  0.30,  -15037, -3.06
 654,141.00,  -14139, -1.44,    1452,  0.30,  -15591, -3.17
 655,142.00,  -13905, -1.41,    2185,  0.44,  -16090, -3.27
 656,143.00,  -13778, -1.40,    2771,  0.56,  -16549, -3.37
 657,144.00,  -13158, -1.34,    3176,  0.65,  -16334, -3.32
 658,145.00,  -11260, -1.15,    4859,  0.99,  -16119, -3.28
 659,146.00,   -9414, -0.96,    6849,  1.39,  -16263, -3.31
 660,147.00,   -8272, -0.84,    7995,  1.63,  -16267, -3.31
 661,148.00,   -7491, -0.76,    8622,  1.75,  -16113, -3.28
 662,149.00,   -6792, -0.69,    9187,  1.87,  -15979, -3.25
 663,150.00,   -6148, -0.63,    9466,  1.93,  -15614, -3.18
 664,151.00,   -5803, -0.59,    9542,  1.94,  -15345, -3.12
 665,152.00,   -5651, -0.57,   10005,  2.04,  -15656, -3.19
 666,153.00,   -5808, -0.59,    9961,  2.03,  -15769, -3.21
 667,154.00,   -6153, -0.63,    9230,  1.88,  -15383, -3.13
 668,155.00,   -5941, -0.60,    9108,  1.85,  -15049, -3.06
 669,156.00,   -5000, -0.51,    9506,  1.93,  -14506, -2.95
 670,157.00,   -4555, -0.46,    9712,  1.98,  -14267, -2.90
 671,158.00,   -4790, -0.49,    9791,  1.99,  -14581, -2.97
 672,159.00,   -5510, -0.56,    9877,  2.01,  -15387, -3.13
 673,160.00,   -5658, -0.58,   10027,  2.04,  -15685, -3.19
 674,161.00,   -5428, -0.55,    9983,  2.03,  -15411, -3.14
 675,162.00,   -4969, -0.51,   10329,  2.10,  -15298, -3.11
 676,163.00,   -4018, -0.41,   10986,  2.24,  -15004, -3.05
 677,164.00,   -3297, -0.34,   11116,  2.26,  -14413, -2.93
 678,165.00,   -2193, -0.22,   11421,  2.32,  -13614, -2.77
 679,166.00,    -654, -0.07,   11797,  2.40,  -12451, -2.53
 680,167.00,    1340,  0.14,   12019,  2.45,  -10679, -2.17
 681,168.00,    3090,  0.31,   12006,  2.44,   -8916, -1.81
 682,169.00,    4301,  0.44,   12376,  2.52,   -8075, -1.64
 683,170.00,    5458,  0.56,   12756,  2.60,   -7298, -1.48
 684,171.00,    5811,  0.59,   12328,  2.51,   -6517, -1.33
 685,172.00,    6153,  0.63,   11763,  2.39,   -5610, -1.14
 686,173.00,    5609,  0.57,   10887,  2.22,   -5278, -1.07
 687,174.00,    4872,  0.50,    9998,  2.03,   -5126, -1.04
 688,175.00,    5303,  0.54,    9833,  2.00,   -4530, -0.92
 689,176.00,    6101,  0.62,   10254,  2.09,   -4153, -0.84
 690,177.00,    7026,  0.71,   10511,  2.14,   -3485, -0.71
 691,178.00,    7433,  0.76,   10316,  2.10,   -2883, -0.59
 692,179.00,    7573,  0.77,   10320,  2.10,   -2747, -0.56
 693,180.00,    8203,  0.83,   10442,  2.12,   -2239, -0.46
 694,181.00,    8391,  0.85,   10102,  2.06,   -1711, -0.35
 695,182.00,    8465,  0.86,    9410,  1.91,    -945, -0.19
 696,183.00,    8513,  0.87,    8693,  1.77,    -180, -0.04
 697,184.00,    9307,  0.95,    8095,  1.65,    1212,  0.25
 698,185.00,    9770,  0.99,    7369,  1.50,    2401,  0.49
 699,186.00,    9281,  0.94,    6139,  1.25,    3142,  0.64
 700,187.00,    7537,  0.77,    4104,  0.83,    3433,  0.70
 701,188.00,    5830,  0.59,    2504,  0.51,    3326,  0.68
 702,189.00,    4617,  0.47,    1470,  0.30,    3147,  0.64
 703,190.00,    3036,  0.31,     218,  0.04,    2818,  0.57
 704,191.00,     566,  0.06,   -1517, -0.31,    2083,  0.42
 705,192.00,   -1862, -0.19,   -2907, -0.59,    1045,  0.21
 706,193.00,   -4075, -0.41,   -4341, -0.88,     266,  0.05
 707,194.00,   -6406, -0.65,   -6325, -1.29,     -81, -0.02
 708,195.00,   -8677, -0.88,   -7841, -1.60,    -836, -0.17
 709,196.00,  -10424, -1.06,   -8363, -1.70,   -2061, -0.42
 710,197.00,  -11421, -1.16,   -8497, -1.73,   -2924, -0.59
 711,198.00,  -12186, -1.24,   -8832, -1.80,   -3354, -0.68
 712,199.00,  -12149, -1.24,   -9224, -1.88,   -2925, -0.60
 713,200.00,  -12787, -1.30,  -10406, -2.12,   -2381, -0.48
 714,201.00,  -13727, -1.40,  -11656, -2.37,   -2071, -0.42
 715,202.00,  -14396, -1.46,  -12157, -2.47,   -2239, -0.46
 716,203.00,  -15837, -1.61,  -12968, -2.64,   -2869, -0.58
 717,204.00,  -17282, -1.76,  -14265, -2.90,   -3017, -0.61
 718,205.00,  -18703, -1.90,  -15188, -3.09,   -3515, -0.72
 719,206.00,  -19625, -2.00,  -15482, -3.15,   -4143, -0.84
 720,207.00,  -20767, -2.11,  -15964, -3.25,   -4803, -0.98
 721,208.00,  -21610, -2.20,  -16209, -3.30,   -5401, -1.10
 722,209.00,  -22265, -2.26,  -16031, -3.26,   -6234, -1.27
 723,210.00,  -22626, -2.30,  -16000, -3.26,   -6626, -1.35
 724,211.00,  -22873, -2.33,  -16129, -3.28,   -6744, -1.37
 725,212.00,  -23192, -2.36,  -15908, -3.24,   -7284, -1.48
 726,213.00,  -24281, -2.47,  -15971, -3.25,   -8310, -1.69
 727,214.00,  -25793, -2.62,  -16686, -3.39,   -9107, -1.85
 728,215.00,  -26769, -2.72,  -17087, -3.48,   -9682, -1.97
 729,216.00,  -27099, -2.76,  -16869, -3.43,  -10230, -2.08
 730,217.00,  -26832, -2.73,  -16685, -3.39,  -10147, -2.06
 731,218.00,  -26876, -2.73,  -16866, -3.43,  -10010, -2.04
 732,219.00,  -27389, -2.79,  -17148, -3.49,  -10241, -2.08
 733,220.00,  -28552, -2.90,  -17892, -3.64,  -10660, -2.17
 734,221.00,  -29973, -3.05,  -18592, -3.78,  -11381, -2.32
 735,222.00,  -30611, -3.11,  -18196, -3.70,  -12415, -2.53
 736,223.00,  -31457, -3.20,  -18345, -3.73,  -13112, -2.67
 737,224.00,  -33160, -3.37,  -19269, -3.92,  -13891, -2.83
 738,225.00,  -34921, -3.55,  -19894, -4.05,  -15027, -3.06
 739,226.00,  -36652, -3.73,  -20511, -4.17,  -16141, -3.28
 740,227.00,  -38410, -3.91,  -21521, -4.38,  -16889, -3.44
 741,228.00,  -39337, -4.00,  -21938, -4.46,  -17399, -3.54
 742,229.00,  -40397, -4.11,  -22108, -4.50,  -18289, -3.72
 743,230.00,  -41889, -4.26,  -22813, -4.64,  -19076, -3.88
 744,231.00,  -43243, -4.40,  -23789, -4.84,  -19454, -3.96
 745,232.00,  -43044, -4.38,  -23823, -4.85,  -19221, -3.91
 746,233.00,  -42369, -4.31,  -23529, -4.79,  -18840, -3.83
 747,234.00,  -41805, -4.25,  -23340, -4.75,  -18465, -3.76
 748,235.00,  -40970, -4.17,  -22888, -4.66,  -18082, -3.68
 749,236.00,  -40811, -4.15,  -22502, -4.58,  -18309, -3.73
 750,237.00,  -40663, -4.14,  -22656, -4.61,  -18007, -3.66
 751,238.00,  -40644, -4.13,  -22688, -4.62,  -17956, -3.65
 752,239.00,  -40402, -4.11,  -22348, -4.55,  -18054, -3.67
 753,240.00,  -40190, -4.09,  -22049, -4.49,  -18141, -3.69
 754,241.00,  -39981, -4.07,  -21852, -4.45,  -18129, -3.69
 755,242.00,  -39769, -4.05,  -21199, -4.31,  -18570, -3.78
 756,243.00,  -40211, -4.09,  -20667, -4.20,  -19544, -3.98
 757,244.00,  -40178, -4.09,  -20113, -4.09,  -20065, -4.08
 758,245.00,  -38624, -3.93,  -18996, -3.86,  -19628, -3.99
 759,246.00,  -37055, -3.77,  -17948, -3.65,  -19107, -3.89
 760,247.00,  -35462, -3.61,  -17122, -3.48,  -18340, -3.73
 761,248.00,  -33400, -3.40,  -16341, -3.32,  -17059, -3.47
 762,249.00,  -31021, -3.16,  -15612, -3.18,  -15409, -3.14
 763,250.00,  -29480, -3.00,  -15332, -3.12,  -14148, -2.88
 764,251.00,  -27776, -2.83,  -15336, -3.12,  -12440, -2.53
 765,252.00,  -25977, -2.64,  -14955, -3.04,  -11022, -2.24
 766,253.00,  -24538, -2.50,  -14792, -3.01,   -9746, -1.98
 767,254.00,  -23264, -2.37,  -15227, -3.10,   -8037, -1.64
 768,255.00,  -21511, -2.19,  -15106, -3.07,   -6405, -1.30
 769,256.00,  -19648, -2.00,  -14477, -2.95,   -5171, -1.05
 770,257.00,  -18144, -1.85,  -13908, -2.83,   -4236, -0.86
 771,258.00,  -16336, -1.66,  -13220, -2.69,   -3116, -0.63
 772,259.00,  -14427, -1.47,  -12238, -2.49,   -2189, -0.45
 773,260.00,  -13016, -1.32,  -11727, -2.39,   -1289, -0.26
 774,261.00,  -11779, -1.20,  -11587, -2.36,    -192, -0.04
 775,262.00,   -9858, -1.00,  -10677, -2.17,     819,  0.17
 776,263.00,   -7956, -0.81,   -9316, -1.90,    1360,  0.28
 777,264.00,   -6074, -0.62,   -8194, -1.67,    2120,  0.43
 778,265.00,   -3888, -0.40,   -7219, -1.47,    3331,  0.68
 779,266.00,    -760, -0.08,   -5949, -1.21,    5189,  1.06
 780,267.00,    2543,  0.26,   -4848, -0.99,    7391,  1.50
 781,268.00,    5991,  0.61,   -3737, -0.76,    9728,  1.98
 782,269.00,    8233,  0.84,   -2865, -0.58,   11098,  2.26
 783,270.00,    9693,  0.99,   -2289, -0.47,   11982,  2.44
 784,271.00,   11616,  1.18,   -1630, -0.33,   13246,  2.69
 785,272.00,   13928,  1.42,    -615, -0.13,   14543,  2.96
 786,273.00,   15723,  1.60,     584,  0.12,   15139,  3.08
 787,274.00,   16242,  1.65,    1430,  0.29,   14812,  3.01
 788,275.00,   17330,  1.76,    2793,  0.57,   14537,  2.96
 789,276.00,   18780,  1.91,    4550,  0.93,   14230,  2.90
 790,277.00,   20363,  2.07,    6520,  1.33,   13843,  2.82
 791,278.00,   22103,  2.25,    8363,  1.70,   13740,  2.80
 792,279.00,   24590,  2.50,   11397,  2.32,   13193,  2.68
 793,280.00,   26867,  2.73,   14308,  2.91,   12559,  2.56
 794,281.00,   28961,  2.95,   16472,  3.35,   12489,  2.54
 795,282.00,   30968,  3.15,   18236,  3.71,   12732,  2.59
 796,283.00,   32860,  3.34,   19974,  4.06,   12886,  2.62
 797,284.00,   35079,  3.57,   21596,  4.39,   13483,  2.74
 798,285.00,   37270,  3.79,   23586,  4.80,   13684,  2.78
 799,286.00,   39367,  4.00,   25746,  5.24,   13621,  2.77
 800,287.00,   40645,  4.13,   26901,  5.47,   13744,  2.80
 801,288.00,   41414,  4.21,   27537,  5.60,   13877,  2.82
 802,289.00,   42616,  4.34,   29098,  5.92,   13518,  2.75
 803,290.00,   43277,  4.40,   30430,  6.19,   12847,  2.61
 804,291.00,   43538,  4.43,   31081,  6.32,   12457,  2.53
 805,292.00,   43308,  4.41,   31518,  6.41,   11790,  2.40
 806,293.00,   42816,  4.36,   31905,  6.49,   10911,  2.22
 807,294.00,   42455,  4.32,   32288,  6.57,   10167,  2.07
 808,295.00,   43461,  4.42,   33597,  6.84,    9864,  2.01
 809,296.00,   44039,  4.48,   34581,  7.04,    9458,  1.92
 810,297.00,   43872,  4.46,   34666,  7.05,    9206,  1.87
 811,298.00,   43929,  4.47,   34647,  7.05,    9282,  1.89
 812,299.00,   44333,  4.51,   34903,  7.10,    9430,  1.92
 813,300.00,   44214,  4.50,   34914,  7.10,    9300,  1.89
 814,301.00,   44716,  4.55,   34923,  7.11,    9793,  1.99
 815,302.00,   44878,  4.57,   34841,  7.09,   10037,  2.04
 816,303.00,   44514,  4.53,   34528,  7.02,    9986,  2.03
 817,304.00,   43810,  4.46,   33568,  6.83,   10242,  2.08
 818,305.00,   43468,  4.42,   32967,  6.71,   10501,  2.14
 819,306.00,   43221,  4.40,   32858,  6.69,   10363,  2.11
 820,307.00,   42245,  4.30,   32710,  6.66,    9535,  1.94
 821,308.00,   40930,  4.16,   32477,  6.61,    8453,  1.72
 822,309.00,   39716,  4.04,   32715,  6.66,    7001,  1.42
 823,310.00,   38023,  3.87,   32612,  6.64,    5411,  1.10
 824,311.00,   35985,  3.66,   31781,  6.47,    4204,  0.86
 825,312.00,   35067,  3.57,   31573,  6.42,    3494,  0.71
 826,313.00,   33599,  3.42,   31151,  6.34,    2448,  0.50
 827,314.00,   32256,  3.28,   30625,  6.23,    1631,  0.33
 828,315.00,   31513,  3.21,   30369,  6.18,    1144,  0.23
 829,316.00,   31906,  3.25,   30329,  6.17,    1577,  0.32
 830,317.00,   32339,  3.29,   30165,  6.14,    2174,  0.44
 831,318.00,   32943,  3.35,   29910,  6.09,    3033,  0.62
 832,319.00,   33196,  3.38,   29640,  6.03,    3556,  0.72
 833,320.00,   32972,  3.35,   29364,  5.97,    3608,  0.73
 834,321.00,   32134,  3.27,   28866,  5.87,    3268,  0.66
 835,322.00,   32178,  3.27,   29075,  5.92,    3103,  0.63
 836,323.00,   31893,  3.24,   29032,  5.91,    2861,  0.58
 837,324.00,   30705,  3.12,   28274,  5.75,    2431,  0.49
 838,325.00,   30109,  3.06,   28142,  5.73,    1967,  0.40
 839,326.00,   29972,  3.05,   28444,  5.79,    1528,  0.31
 840,327.00,   29719,  3.02,   28606,  5.82,    1113,  0.23
 841,328.00,   29733,  3.02,   28764,  5.85,     969,  0.20
 842,329.00,   30024,  3.05,   29107,  5.92,     917,  0.19
 843,330.00,   29816,  3.03,   29163,  5.93,     653,  0.13
 844,331.00,   28882,  2.94,   28461,  5.79,     421,  0.09
 845,332.00,   28394,  2.89,   28178,  5.73,     216,  0.04
 846,333.00,   28568,  2.91,   28126,  5.72,     442,  0.09
 847,334.00,   28056,  2.85,   27530,  5.60,     526,  0.11
 848,335.00,   28496,  2.90,   27524,  5.60,     972,  0.20
 849,336.00,   29575,  3.01,   27922,  5.68,    1653,  0.34
 850,337.00,   29355,  2.99,   27149,  5.52,    2206,  0.45
 851,338.00,   28807,  2.93,   26300,  5.35,    2507,  0.51
 852,339.00,   28521,  2.90,   26039,  5.30,    2482,  0.50
 853,340.00,   27049,  2.75,   25495,  5.19,    1554,  0.32
 854,341.00,   25147,  2.56,   24746,  5.03,     401,  0.08
 855,342.00,   23765,  2.42,   24324,  4.95,    -559, -0.11
 856,343.00,   22232,  2.26,   23694,  4.82,   -1462, -0.30
 857,344.00,   20967,  2.13,   23063,  4.69,   -2096, -0.43
 858,345.00,   19738,  2.01,   22634,  4.61,   -2896, -0.59
 859,346.00,   17932,  1.82,   22283,  4.53,   -4351, -0.89
 860,347.00,   15809,  1.61,   21568,  4.39,   -5759, -1.17
 861,348.00,   13795,  1.40,   20793,  4.23,   -6998, -1.42
 862,349.00,   12372,  1.26,   20343,  4.14,   -7971, -1.62
 863,350.00,   10670,  1.09,   19922,  4.05,   -9252, -1.88
 864,351.00,    9597,  0.98,   19479,  3.96,   -9882, -2.01
 865,352.00,    8332,  0.85,   18710,  3.81,  -10378, -2.11
 866,353.00,    6575,  0.67,   17879,  3.64,  -11304, -2.30
 867,354.00,    4464,  0.45,   16551,  3.37,  -12087, -2.46
 868,355.00,    2382,  0.24,   15085,  3.07,  -12703, -2.58
 869,356.00,     213,  0.02,   13786,  2.80,  -13573, -2.76
 870,357.00,   -1931, -0.20,   12557,  2.55,  -14488, -2.95
 871,358.00,   -3295, -0.34,   12043,  2.45,  -15338, -3.12
 872,359.00,   -4184, -0.43,   12092,  2.46,  -16276, -3.31
 873,360.00,   -4989, -0.51,   12307,  2.50,  -17296, -3.52
 874,361.00,   -5592, -0.57,   12156,  2.47,  -17748, -3.61
 875,362.00,   -6433, -0.65,   12026,  2.45,  -18459, -3.76
 876,363.00,   -7092, -0.72,   11977,  2.44,  -19069, -3.88
 877,364.00,   -8199, -0.83,   10964,  2.23,  -19163, -3.90
 878,365.00,   -8507, -0.87,    9950,  2.02,  -18457, -3.76
 879,366.00,   -8312, -0.85,    9644,  1.96,  -17956, -3.65
 880,367.00,   -8276, -0.84,    9340,  1.90,  -17616, -3.58
 881,368.00,   -8026, -0.82,    9159,  1.86,  -17185, -3.50
 882,369.00,   -8111, -0.83,    8513,  1.73,  -16624, -3.38
 883,370.00,   -8972, -0.91,    7166,  1.46,  -16138, -3.28
 884,371.00,  -10686, -1.09,    5352,  1.09,  -16038, -3.26
 885,372.00,  -11624, -1.18,    4353,  0.89,  -15977, -3.25
 886,373.00,  -12324, -1.25,    3591,  0.73,  -15915, -3.24
 887,374.00,  -13415, -1.36,    2419,  0.49,  -15834, -3.22
 888,375.00,  -14198, -1.44,    1831,  0.37,  -16029, -3.26
 889,376.00,  -14684, -1.49,    1813,  0.37,  -16497, -3.36
 890,377.00,  -15231, -1.55,    1497,  0.30,  -16728, -3.40
 891,378.00,  -15854, -1.61,     831,  0.17,  -16685, -3.39
 892,379.00,  -15862, -1.61,     926,  0.19,  -16788, -3.42
 893,380.00,  -15633, -1.59,    1041,  0.21,  -16674, -3.39
 894,381.00,  -16027, -1.63,     688,  0.14,  -16715, -3.40
 895,382.00,  -15851, -1.61,     646,  0.13,  -16497, -3.36
 896,383.00,  -15023, -1.53,     714,  0.15,  -15737, -3.20
 897,384.00,  -15032, -1.53,     -20, -0.00,  -15012, -3.05
 898,385.00,  -15480, -1.57,    -708, -0.14,  -14772, -3.01
 899,386.00,  -15887, -1.62,    -905, -0.18,  -14982, -3.05
 900,387.00,  -16125, -1.64,   -1337, -0.27,  -14788, -3.01
 901,388.00,  -17079, -1.74,   -2410, -0.49,  -14669, -2.98
 902,389.00,  -17945, -1.83,   -3224, -0.66,  -14721, -3.00
 903,390.00,  -19005, -1.93,   -4029, -0.82,  -14976, -3.05
 904,391.00,  -21065, -2.14,   -5130, -1.04,  -15935, -3.24
 905,392.00,  -22744, -2.31,   -5927, -1.21,  -16817, -3.42
 906,393.00,  -24045, -2.45,   -6429, -1.31,  -17616, -3.58
 907,394.00,  -24697, -2.51,   -6681, -1.36,  -18016, -3.67
 908,395.00,  -25586, -2.60,   -6921, -1.41,  -18665, -3.80
 909,396.00,  -27076, -2.75,   -7459, -1.52,  -19617, -3.99
 910,397.00,  -29221, -2.97,   -8851, -1.80,  -20370, -4.14
 911,398.00,  -30777, -3.13,   -9989, -2.03,  -20788, -4.23
 912,399.00,  -31369, -3.19,  -10641, -2.16,  -20728, -4.22
 913,400.00,  -31553, -3.21,  -11285, -2.30,  -20268, -4.12
 914,401.00,  -32709, -3.33,  -12810, -2.61,  -19899, -4.05
 915,402.00,  -34298, -3.49,  -13996, -2.85,  -20302, -4.13
 916,403.00,  -35832, -3.65,  -14877, -3.03,  -20955, -4.26
 917,404.00,  -37838, -3.85,  -16763, -3.41,  -21075, -4.29
 918,405.00,  -40336, -4.10,  -19077, -3.88,  -21259, -4.33
 919,406.00,  -42545, -4.33,  -21097, -4.29,  -21448, -4.36
 920,407.00,  -45418, -4.62,  -23360, -4.75,  -22058, -4.49
 921,408.00,  -48230, -4.91,  -25238, -5.13,  -22992, -4.68
 922,409.00,  -50717, -5.16,  -26666, -5.43,  -24051, -4.89
 923,410.00,  -53350, -5.43,  -27966, -5.69,  -25384, -5.16
 924,411.00,  -56208, -5.72,  -29640, -6.03,  -26568, -5.41
 925,412.00,  -58526, -5.95,  -30821, -6.27,  -27705, -5.64
 926,413.00,  -60351, -6.14,  -31292, -6.37,  -29059, -5.91
 927,414.00,  -61958, -6.30,  -32205, -6.55,  -29753, -6.05
 928,415.00,  -62975, -6.41,  -32709, -6.65,  -30266, -6.16
 929,416.00,  -63342, -6.44,  -32905, -6.69,  -30437, -6.19
 930,417.00,  -64043, -6.51,  -33631, -6.84,  -30412, -6.19
 931,418.00,  -64981, -6.61,  -34935, -7.11,  -30046, -6.11
 932,419.00,  -65518, -6.67,  -35585, -7.24,  -29933, -6.09
 933,420.00,  -66333, -6.75,  -36247, -7.37,  -30086, -6.12
 934,421.00,  -67001, -6.82,  -37157, -7.56,  -29844, -6.07
 935,422.00,  -67930, -6.91,  -38002, -7.73,  -29928, -6.09
 936,423.00,  -68963, -7.02,  -38789, -7.89,  -30174, -6.14
 937,424.00,  -70368, -7.16,  -39574, -8.05,  -30794, -6.27
 938,425.00,  -71530, -7.28,  -40315, -8.20,  -31215, -6.35
 939,426.00,  -72601, -7.39,  -41270, -8.40,  -31331, -6.37
 940,427.00,  -73521, -7.48,  -42336, -8.61,  -31185, -6.34
 941,428.00,  -73790, -7.51,  -43148, -8.78,  -30642, -6.23
 942,429.00,  -74105, -7.54,  -43558, -8.86,  -30547, -6.21
 943,430.00,  -74546, -7.58,  -43934, -8.94,  -30612, -6.23
 944,431.00,  -74975, -7.63,  -44676, -9.09,  -30299, -6.16
 945,432.00,  -74627, -7.59,  -44632, -9.08,  -29995, -6.10
 946,433.00,  -73557, -7.48,  -44385, -9.03,  -29172, -5.94
 947,434.00,  -72307, -7.36,  -44359, -9.03,  -27948, -5.69
 948,435.00,  -70702, -7.19,  -43772, -8.91,  -26930, -5.48
 949,436.00,  -69501, -7.07,  -43066, -8.76,  -26435, -5.38
 950,437.00,  -69293, -7.05,  -43543, -8.86,  -25750, -5.24
 951,438.00,  -69942, -7.12,  -44850, -9.13,  -25092, -5.11
 952,439.00,  -69332, -7.05,  -45086, -9.17,  -24246, -4.93
 953,440.00,  -68434, -6.96,  -44797, -9.11,  -23637, -4.81
 954,441.00,  -68103, -6.93,  -44730, -9.10,  -23373, -4.76
 955,442.00,  -68694, -6.99,  -45028, -9.16,  -23666, -4.82
 956,443.00,  -69857, -7.11,  -45575, -9.27,  -24282, -4.94
 957,444.00,  -70412, -7.16,  -45959, -9.35,  -24453, -4.98
 958,445.00,  -70544, -7.18,  -45800, -9.32,  -24744, -5.03
 959,446.00,  -70977, -7.22,  -45554, -9.27,  -25423, -5.17
 960,447.00,  -71813, -7.31,  -46248, -9.41,  -25565, -5.20
 961,448.00,  -72675, -7.39,  -47238, -9.61,  -25437, -5.18
 962,449.00,  -72684, -7.39,  -48027, -9.77,  -24657, -5.02
 963,450.00,  -71721, -7.30,  -48392, -9.85,  -23329, -4.75
 964,451.00,  -69813, -7.10,  -48241, -9.81,  -21572, -4.39
 965,452.00,  -67923, -6.91,  -47863, -9.74,  -20060, -4.08
 966,453.00,  -67228, -6.84,  -47878, -9.74,  -19350, -3.94
 967,454.00,  -67449, -6.86,  -48694, -9.91,  -18755, -3.82
 968,455.00,  -67445, -6.86,  -49108, -9.99,  -18337, -3.73
 969,456.00,  -67115, -6.83,  -48741, -9.92,  -18374, -3.74
 970,457.00,  -67374, -6.85,  -48913, -9.95,  -18461, -3.76
 971,458.00,  -68142, -6.93,  -49509,-10.07,  -18633, -3.79
 972,459.00,  -68803, -7.00,  -49717,-10.12,  -19086, -3.88
 973,460.00,  -68585, -6.98,  -49452,-10.06,  -19133, -3.89
 974,461.00,  -68094, -6.93,  -49583,-10.09,  -18511, -3.77
 975,462.00,  -67535, -6.87,  -49560,-10.08,  -17975, -3.66
 976,463.00,  -67758, -6.89,  -49429,-10.06,  -18329, -3.73
 977,464.00,  -68352, -6.95,  -49722,-10.12,  -18630, -3.79
 978,465.00,  -68113, -6.93,  -49839,-10.14,  -18274, -3.72
 979,466.00,  -67054, -6.82,  -49503,-10.07,  -17551, -3.57
 980,467.00,  -66796, -6.80,  -49497,-10.07,  -17299, -3.52
 981,468.00,  -66870, -6.80,  -49787,-10.13,  -17083, -3.48
 982,469.00,  -67301, -6.85,  -50155,-10.20,  -17146, -3.49
 983,470.00,  -67802, -6.90,  -50557,-10.29,  -17245, -3.51
 984,471.00,  -67967, -6.91,  -51255,-10.43,  -16712, -3.40
 985,472.00,  -67771, -6.89,  -51164,-10.41,  -16607, -3.38
 986,473.00,  -68029, -6.92,  -51091,-10.39,  -16938, -3.45
 987,474.00,  -68821, -7.00,  -51386,-10.45,  -17435, -3.55
 988,475.00,  -69851, -7.11,  -51687,-10.52,  -18164, -3.70
 989,476.00,  -70352, -7.16,  -51226,-10.42,  -19126, -3.89
 990,477.00,  -69978, -7.12,  -50271,-10.23,  -19707, -4.01
 991,478.00,  -69471, -7.07,  -49224,-10.01,  -20247, -4.12
 992,479.00,  -68889, -7.01,  -48160, -9.80,  -20729, -4.22
 993,480.00,  -68550, -6.97,  -47541, -9.67,  -21009, -4.27
 994,481.00,  -68504, -6.97,  -47771, -9.72,  -20733, -4.22
 995,482.00,  -67908, -6.91,  -48038, -9.77,  -19870, -4.04
 996,483.00,  -66959, -6.81,  -48018, -9.77,  -18941, -3.85
 997,484.00,  -65192, -6.63,  -47486, -9.66,  -17706, -3.60
 998,485.00,  -62832, -6.39,  -46432, -9.45,  -16400, -3.34
 999,486.00,  -61878, -6.29,  -45783, -9.31,  -16095, -3.27
1000,487.00,  -61959, -6.30,  -46122, -9.38,  -15837, -3.22
1001,488.00,  -61251, -6.23,  -46099, -9.38,  -15152, -3.08
1002,489.00,  -59758, -6.08,  -44913, -9.14,  -14845, -3.02
1003,490.00,  -57696, -5.87,  -43604, -8.87,  -14092, -2.87
1004,491.00,  -55929, -5.69,  -42808, -8.71,  -13121, -2.67
1005,492.00,  -54536, -5.55,  -42014, -8.55,  -12522, -2.55
1006,493.00,  -53748, -5.47,  -41061, -8.35,  -12687, -2.58
1007,494.00,  -52664, -5.36,  -39857, -8.11,  -12807, -2.61
1008,495.00,  -51681, -5.26,  -38562, -7.85,  -13119, -2.67
1009,496.00,  -50259, -5.11,  -36999, -7.53,  -13260, -2.70
1010,497.00,  -48715, -4.96,  -35963, -7.32,  -12752, -2.59
1011,498.00,  -46596, -4.74,  -34975, -7.12,  -11621, -2.36
1012,499.00,  -44208, -4.50,  -33754, -6.87,  -10454, -2.13
1013,500.00,  -42035, -4.28,  -32635, -6.64,   -9400, -1.91
1014,501.00,  -40260, -4.10,  -32052, -6.52,   -8208, -1.67
1015,502.00,  -39097, -3.98,  -31725, -6.45,   -7372, -1.50
1016,503.00,  -37181, -3.78,  -30907, -6.29,   -6274, -1.28
1017,504.00,  -35496, -3.61,  -30330, -6.17,   -5166, -1.05
1018,505.00,  -34423, -3.50,  -30394, -6.18,   -4029, -0.82
1019,506.00,  -33267, -3.38,  -29942, -6.09,   -3325, -0.68
1020,507.00,  -31094, -3.16,  -28955, -5.89,   -2139, -0.44
1021,508.00,  -29396, -2.99,  -27632, -5.62,   -1764, -0.36
1022,509.00,  -28269, -2.88,  -26223, -5.34,   -2046, -0.42
1023,510.00,  -27185, -2.77,  -24833, -5.05,   -2352, -0.48
1024,511.00,  -26040, -2.65,  -23544, -4.79,   -2496, -0.51
