-----------------------------------------------------------------------------------
Identifier:,IHS5922-20197501
File Name:,XXLP70B.3
Ear:,L
Channel:,2
Intensity:,70 dB HL
Stim. Rate:,  1.10/s
Stim. Mode:,0
Sweeps:,182
Artifacts:,64
Smp. Period:,1000.00 us
Amp. Gain:, 50.00 K
Low Pass:, 30.00 Hz
High Pass:,  1.00 Hz
Notch Filter:,TRUE
Stimulus:,100
Stim. Freq.:,1000 Hz
Stim. Dur.:,2000 pnts
Masking:,0 dB SPL
Stim. Point:,513
-----------------------------------------------------------------------------------
Peak Information:,Label,Peak(+),Peak(+)(ms),Peak(-),Peak(-)(ms)
,20, 750,237.00, 797,284.00,
,17, 594,81.00, 686,173.00,
-----------------------------------------------------------------------------------


Data Pnt:,Data Pnt(ms):,Average:,Average(uV):,Buffer1:,Buffer1(uV):,Buffer2:,Buffer2(uV):
   1,-512.00,       0,  0.00,       0,  0.00,       0,  0.00
   2,-511.00,       0,  0.00,       0,  0.00,       0,  0.00
   3,-510.00,       0,  0.00,       0,  0.00,       0,  0.00
   4,-509.00,       0,  0.00,       0,  0.00,       0,  0.00
   5,-508.00,       0,  0.00,       0,  0.00,       0,  0.00
   6,-507.00,       0,  0.00,       0,  0.00,       0,  0.00
   7,-506.00,       0,  0.00,       0,  0.00,       0,  0.00
   8,-505.00,       0,  0.00,       0,  0.00,       0,  0.00
   9,-504.00,       0,  0.00,       0,  0.00,       0,  0.00
  10,-503.00,       0,  0.00,       0,  0.00,       0,  0.00
  11,-502.00,       0,  0.00,       0,  0.00,       0,  0.00
  12,-501.00,       0,  0.00,       0,  0.00,       0,  0.00
  13,-500.00,       0,  0.00,       0,  0.00,       0,  0.00
  14,-499.00,       0,  0.00,       0,  0.00,       0,  0.00
  15,-498.00,       0,  0.00,       0,  0.00,       0,  0.00
  16,-497.00,       0,  0.00,       0,  0.00,       0,  0.00
  17,-496.00,       0,  0.00,       0,  0.00,       0,  0.00
  18,-495.00,       0,  0.00,       0,  0.00,       0,  0.00
  19,-494.00,       0,  0.00,       0,  0.00,       0,  0.00
  20,-493.00,       0,  0.00,       0,  0.00,       0,  0.00
  21,-492.00,       0,  0.00,       0,  0.00,       0,  0.00
  22,-491.00,       0,  0.00,       0,  0.00,       0,  0.00
  23,-490.00,       0,  0.00,       0,  0.00,       0,  0.00
  24,-489.00,       0,  0.00,       0,  0.00,       0,  0.00
  25,-488.00,       0,  0.00,       0,  0.00,       0,  0.00
  26,-487.00,       0,  0.00,       0,  0.00,       0,  0.00
  27,-486.00,       0,  0.00,       0,  0.00,       0,  0.00
  28,-485.00,       0,  0.00,       0,  0.00,       0,  0.00
  29,-484.00,       0,  0.00,       0,  0.00,       0,  0.00
  30,-483.00,       0,  0.00,       0,  0.00,       0,  0.00
  31,-482.00,       0,  0.00,       0,  0.00,       0,  0.00
  32,-481.00,       0,  0.00,       0,  0.00,       0,  0.00
  33,-480.00,       0,  0.00,       0,  0.00,       0,  0.00
  34,-479.00,       0,  0.00,       0,  0.00,       0,  0.00
  35,-478.00,       0,  0.00,       0,  0.00,       0,  0.00
  36,-477.00,       0,  0.00,       0,  0.00,       0,  0.00
  37,-476.00,       0,  0.00,       0,  0.00,       0,  0.00
  38,-475.00,       0,  0.00,       0,  0.00,       0,  0.00
  39,-474.00,       0,  0.00,       0,  0.00,       0,  0.00
  40,-473.00,       0,  0.00,       0,  0.00,       0,  0.00
  41,-472.00,       0,  0.00,       0,  0.00,       0,  0.00
  42,-471.00,       0,  0.00,       0,  0.00,       0,  0.00
  43,-470.00,       0,  0.00,       0,  0.00,       0,  0.00
  44,-469.00,       0,  0.00,       0,  0.00,       0,  0.00
  45,-468.00,       0,  0.00,       0,  0.00,       0,  0.00
  46,-467.00,       0,  0.00,       0,  0.00,       0,  0.00
  47,-466.00,       0,  0.00,       0,  0.00,       0,  0.00
  48,-465.00,       0,  0.00,       0,  0.00,       0,  0.00
  49,-464.00,       0,  0.00,       0,  0.00,       0,  0.00
  50,-463.00,       0,  0.00,       0,  0.00,       0,  0.00
  51,-462.00,       0,  0.00,       0,  0.00,       0,  0.00
  52,-461.00,       0,  0.00,       0,  0.00,       0,  0.00
  53,-460.00,       0,  0.00,       0,  0.00,       0,  0.00
  54,-459.00,       0,  0.00,       0,  0.00,       0,  0.00
  55,-458.00,       0,  0.00,       0,  0.00,       0,  0.00
  56,-457.00,       0,  0.00,       0,  0.00,       0,  0.00
  57,-456.00,       0,  0.00,       0,  0.00,       0,  0.00
  58,-455.00,       0,  0.00,       0,  0.00,       0,  0.00
  59,-454.00,       0,  0.00,       0,  0.00,       0,  0.00
  60,-453.00,       0,  0.00,       0,  0.00,       0,  0.00
  61,-452.00,       0,  0.00,       0,  0.00,       0,  0.00
  62,-451.00,       0,  0.00,       0,  0.00,       0,  0.00
  63,-450.00,       0,  0.00,       0,  0.00,       0,  0.00
  64,-449.00,       0,  0.00,       0,  0.00,       0,  0.00
  65,-448.00,       0,  0.00,       0,  0.00,       0,  0.00
  66,-447.00,       0,  0.00,       0,  0.00,       0,  0.00
  67,-446.00,       0,  0.00,       0,  0.00,       0,  0.00
  68,-445.00,       0,  0.00,       0,  0.00,       0,  0.00
  69,-444.00,       0,  0.00,       0,  0.00,       0,  0.00
  70,-443.00,       0,  0.00,       0,  0.00,       0,  0.00
  71,-442.00,       0,  0.00,       0,  0.00,       0,  0.00
  72,-441.00,       0,  0.00,       0,  0.00,       0,  0.00
  73,-440.00,       0,  0.00,       0,  0.00,       0,  0.00
  74,-439.00,       0,  0.00,       0,  0.00,       0,  0.00
  75,-438.00,       0,  0.00,       0,  0.00,       0,  0.00
  76,-437.00,       0,  0.00,       0,  0.00,       0,  0.00
  77,-436.00,       0,  0.00,       0,  0.00,       0,  0.00
  78,-435.00,       0,  0.00,       0,  0.00,       0,  0.00
  79,-434.00,       0,  0.00,       0,  0.00,       0,  0.00
  80,-433.00,       0,  0.00,       0,  0.00,       0,  0.00
  81,-432.00,       0,  0.00,       0,  0.00,       0,  0.00
  82,-431.00,       0,  0.00,       0,  0.00,       0,  0.00
  83,-430.00,       0,  0.00,       0,  0.00,       0,  0.00
  84,-429.00,       0,  0.00,       0,  0.00,       0,  0.00
  85,-428.00,       0,  0.00,       0,  0.00,       0,  0.00
  86,-427.00,       0,  0.00,       0,  0.00,       0,  0.00
  87,-426.00,       0,  0.00,       0,  0.00,       0,  0.00
  88,-425.00,       0,  0.00,       0,  0.00,       0,  0.00
  89,-424.00,       0,  0.00,       0,  0.00,       0,  0.00
  90,-423.00,       0,  0.00,       0,  0.00,       0,  0.00
  91,-422.00,       0,  0.00,       0,  0.00,       0,  0.00
  92,-421.00,       0,  0.00,       0,  0.00,       0,  0.00
  93,-420.00,       0,  0.00,       0,  0.00,       0,  0.00
  94,-419.00,       0,  0.00,       0,  0.00,       0,  0.00
  95,-418.00,       0,  0.00,       0,  0.00,       0,  0.00
  96,-417.00,       0,  0.00,       0,  0.00,       0,  0.00
  97,-416.00,       0,  0.00,       0,  0.00,       0,  0.00
  98,-415.00,       0,  0.00,       0,  0.00,       0,  0.00
  99,-414.00,       0,  0.00,       0,  0.00,       0,  0.00
 100,-413.00,       0,  0.00,       0,  0.00,       0,  0.00
 101,-412.00,       0,  0.00,       0,  0.00,       0,  0.00
 102,-411.00,       0,  0.00,       0,  0.00,       0,  0.00
 103,-410.00,       0,  0.00,       0,  0.00,       0,  0.00
 104,-409.00,       0,  0.00,       0,  0.00,       0,  0.00
 105,-408.00,       0,  0.00,       0,  0.00,       0,  0.00
 106,-407.00,       0,  0.00,       0,  0.00,       0,  0.00
 107,-406.00,      19,  0.00,       9,  0.00,      10,  0.00
 108,-405.00,     -66, -0.00,     -31, -0.00,     -35, -0.00
 109,-404.00,    -108, -0.00,     -53, -0.00,     -55, -0.00
 110,-403.00,     147,  0.00,      68,  0.00,      79,  0.00
 111,-402.00,     698,  0.02,     334,  0.02,     364,  0.02
 112,-401.00,    1075,  0.04,     524,  0.04,     551,  0.04
 113,-400.00,     363,  0.01,     192,  0.01,     171,  0.01
 114,-399.00,   -2726, -0.09,   -1285, -0.09,   -1441, -0.10
 115,-398.00,   -7978, -0.27,   -3823, -0.26,   -4155, -0.28
 116,-397.00,  -13841, -0.46,   -6685, -0.45,   -7156, -0.48
 117,-396.00,  -18276, -0.61,   -8897, -0.60,   -9379, -0.63
 118,-395.00,  -19753, -0.66,   -9750, -0.65,  -10003, -0.67
 119,-394.00,  -18103, -0.61,   -9227, -0.62,   -8876, -0.60
 120,-393.00,  -14806, -0.50,   -8090, -0.54,   -6716, -0.45
 121,-392.00,  -11122, -0.37,   -6982, -0.47,   -4140, -0.28
 122,-391.00,   -7901, -0.26,   -6310, -0.42,   -1591, -0.11
 123,-390.00,   -5471, -0.18,   -6175, -0.41,     704,  0.05
 124,-389.00,   -3750, -0.13,   -6485, -0.43,    2735,  0.18
 125,-388.00,   -2571, -0.09,   -7120, -0.48,    4549,  0.31
 126,-387.00,   -1968, -0.07,   -8008, -0.54,    6040,  0.41
 127,-386.00,   -1862, -0.06,   -9017, -0.60,    7155,  0.48
 128,-385.00,   -2252, -0.08,  -10068, -0.68,    7816,  0.52
 129,-384.00,   -3126, -0.10,  -11088, -0.74,    7962,  0.53
 130,-383.00,   -4425, -0.15,  -12055, -0.81,    7630,  0.51
 131,-382.00,   -5976, -0.20,  -12902, -0.87,    6926,  0.46
 132,-381.00,   -7485, -0.25,  -13463, -0.90,    5978,  0.40
 133,-380.00,   -8622, -0.29,  -13550, -0.91,    4928,  0.33
 134,-379.00,   -9163, -0.31,  -13085, -0.88,    3922,  0.26
 135,-378.00,   -8994, -0.30,  -12127, -0.81,    3133,  0.21
 136,-377.00,   -8132, -0.27,  -10898, -0.73,    2766,  0.19
 137,-376.00,   -6673, -0.22,   -9600, -0.64,    2927,  0.20
 138,-375.00,   -4652, -0.16,   -8272, -0.55,    3620,  0.24
 139,-374.00,   -2052, -0.07,   -6802, -0.46,    4750,  0.32
 140,-373.00,    1015,  0.03,   -5147, -0.35,    6162,  0.41
 141,-372.00,    4263,  0.14,   -3465, -0.23,    7728,  0.52
 142,-371.00,    7324,  0.25,   -2093, -0.14,    9417,  0.63
 143,-370.00,    9825,  0.33,   -1309, -0.09,   11134,  0.75
 144,-369.00,   11613,  0.39,   -1100, -0.07,   12713,  0.85
 145,-368.00,   12808,  0.43,   -1148, -0.08,   13956,  0.94
 146,-367.00,   13621,  0.46,   -1080, -0.07,   14701,  0.99
 147,-366.00,   14185,  0.48,    -740, -0.05,   14925,  1.00
 148,-365.00,   14540,  0.49,    -246, -0.02,   14786,  0.99
 149,-364.00,   14725,  0.49,     235,  0.02,   14490,  0.97
 150,-363.00,   14870,  0.50,     655,  0.04,   14215,  0.95
 151,-362.00,   15170,  0.51,    1111,  0.07,   14059,  0.94
 152,-361.00,   15781,  0.53,    1731,  0.12,   14050,  0.94
 153,-360.00,   16678,  0.56,    2495,  0.17,   14183,  0.95
 154,-359.00,   17673,  0.59,    3277,  0.22,   14396,  0.97
 155,-358.00,   18681,  0.63,    4067,  0.27,   14614,  0.98
 156,-357.00,   19731,  0.66,    4938,  0.33,   14793,  0.99
 157,-356.00,   20776,  0.70,    5912,  0.40,   14864,  1.00
 158,-355.00,   21698,  0.73,    6884,  0.46,   14814,  0.99
 159,-354.00,   22265,  0.75,    7601,  0.51,   14664,  0.98
 160,-353.00,   22216,  0.75,    7865,  0.53,   14351,  0.96
 161,-352.00,   21523,  0.72,    7751,  0.52,   13772,  0.92
 162,-351.00,   20402,  0.68,    7528,  0.50,   12874,  0.86
 163,-350.00,   19084,  0.64,    7465,  0.50,   11619,  0.78
 164,-349.00,   17772,  0.60,    7679,  0.52,   10093,  0.68
 165,-348.00,   16593,  0.56,    8118,  0.54,    8475,  0.57
 166,-347.00,   15634,  0.52,    8708,  0.58,    6926,  0.46
 167,-346.00,   15028,  0.50,    9453,  0.63,    5575,  0.37
 168,-345.00,   14964,  0.50,   10358,  0.69,    4606,  0.31
 169,-344.00,   15579,  0.52,   11388,  0.76,    4191,  0.28
 170,-343.00,   16840,  0.56,   12401,  0.83,    4439,  0.30
 171,-342.00,   18528,  0.62,   13203,  0.89,    5325,  0.36
 172,-341.00,   20360,  0.68,   13700,  0.92,    6660,  0.45
 173,-340.00,   22094,  0.74,   13891,  0.93,    8203,  0.55
 174,-339.00,   23556,  0.79,   13730,  0.92,    9826,  0.66
 175,-338.00,   24759,  0.83,   13209,  0.89,   11550,  0.77
 176,-337.00,   25761,  0.86,   12377,  0.83,   13384,  0.90
 177,-336.00,   26535,  0.89,   11350,  0.76,   15185,  1.02
 178,-335.00,   26977,  0.90,   10332,  0.69,   16645,  1.12
 179,-334.00,   26976,  0.90,    9510,  0.64,   17466,  1.17
 180,-333.00,   26532,  0.89,    8927,  0.60,   17605,  1.18
 181,-332.00,   25902,  0.87,    8574,  0.58,   17328,  1.16
 182,-331.00,   25551,  0.86,    8504,  0.57,   17047,  1.14
 183,-330.00,   25900,  0.87,    8834,  0.59,   17066,  1.14
 184,-329.00,   27101,  0.91,    9653,  0.65,   17448,  1.17
 185,-328.00,   29086,  0.98,   10963,  0.74,   18123,  1.22
 186,-327.00,   31676,  1.06,   12608,  0.85,   19068,  1.28
 187,-326.00,   34589,  1.16,   14314,  0.96,   20275,  1.36
 188,-325.00,   37604,  1.26,   15869,  1.06,   21735,  1.46
 189,-324.00,   40609,  1.36,   17245,  1.16,   23364,  1.57
 190,-323.00,   43448,  1.46,   18498,  1.24,   24950,  1.67
 191,-322.00,   45987,  1.54,   19676,  1.32,   26311,  1.76
 192,-321.00,   48135,  1.61,   20750,  1.39,   27385,  1.84
 193,-320.00,   49752,  1.67,   21633,  1.45,   28119,  1.89
 194,-319.00,   50775,  1.70,   22305,  1.50,   28470,  1.91
 195,-318.00,   51388,  1.72,   22961,  1.54,   28427,  1.91
 196,-317.00,   51806,  1.74,   23845,  1.60,   27961,  1.88
 197,-316.00,   52139,  1.75,   25043,  1.68,   27096,  1.82
 198,-315.00,   52401,  1.76,   26478,  1.78,   25923,  1.74
 199,-314.00,   52577,  1.76,   28008,  1.88,   24569,  1.65
 200,-313.00,   52740,  1.77,   29527,  1.98,   23213,  1.56
 201,-312.00,   53166,  1.78,   31063,  2.08,   22103,  1.48
 202,-311.00,   54106,  1.81,   32649,  2.19,   21457,  1.44
 203,-310.00,   55543,  1.86,   34174,  2.29,   21369,  1.43
 204,-309.00,   57209,  1.92,   35445,  2.38,   21764,  1.46
 205,-308.00,   58816,  1.97,   36329,  2.44,   22487,  1.51
 206,-307.00,   60221,  2.02,   36843,  2.47,   23378,  1.57
 207,-306.00,   61408,  2.06,   37122,  2.49,   24286,  1.63
 208,-305.00,   62351,  2.09,   37275,  2.50,   25076,  1.68
 209,-304.00,   62842,  2.11,   37287,  2.50,   25555,  1.71
 210,-303.00,   62536,  2.10,   37039,  2.48,   25497,  1.71
 211,-302.00,   61224,  2.05,   36445,  2.44,   24779,  1.66
 212,-301.00,   59108,  1.98,   35597,  2.39,   23511,  1.58
 213,-300.00,   56671,  1.90,   34677,  2.33,   21994,  1.48
 214,-299.00,   54430,  1.83,   33818,  2.27,   20612,  1.38
 215,-298.00,   52731,  1.77,   33097,  2.22,   19634,  1.32
 216,-297.00,   51598,  1.73,   32528,  2.18,   19070,  1.28
 217,-296.00,   50820,  1.70,   32099,  2.15,   18721,  1.26
 218,-295.00,   50230,  1.68,   31835,  2.14,   18395,  1.23
 219,-294.00,   49803,  1.67,   31726,  2.13,   18077,  1.21
 220,-293.00,   49618,  1.66,   31641,  2.12,   17977,  1.21
 221,-292.00,   49787,  1.67,   31416,  2.11,   18371,  1.23
 222,-291.00,   50330,  1.69,   30923,  2.07,   19407,  1.30
 223,-290.00,   51022,  1.71,   30017,  2.01,   21005,  1.41
 224,-289.00,   51481,  1.73,   28568,  1.92,   22913,  1.54
 225,-288.00,   51382,  1.72,   26521,  1.78,   24861,  1.67
 226,-287.00,   50577,  1.70,   23906,  1.60,   26671,  1.79
 227,-286.00,   49088,  1.65,   20892,  1.40,   28196,  1.89
 228,-285.00,   47039,  1.58,   17726,  1.19,   29313,  1.97
 229,-284.00,   44505,  1.49,   14583,  0.98,   29922,  2.01
 230,-283.00,   41494,  1.39,   11483,  0.77,   30011,  2.01
 231,-282.00,   38069,  1.28,    8381,  0.56,   29688,  1.99
 232,-281.00,   34551,  1.16,    5338,  0.36,   29213,  1.96
 233,-280.00,   31474,  1.06,    2608,  0.17,   28866,  1.94
 234,-279.00,   29354,  0.98,     517,  0.03,   28837,  1.93
 235,-278.00,   28447,  0.95,    -716, -0.05,   29163,  1.96
 236,-277.00,   28609,  0.96,   -1192, -0.08,   29801,  2.00
 237,-276.00,   29355,  0.98,   -1314, -0.09,   30669,  2.06
 238,-275.00,   30258,  1.01,   -1492, -0.10,   31750,  2.13
 239,-274.00,   31195,  1.05,   -1909, -0.13,   33104,  2.22
 240,-273.00,   32184,  1.08,   -2528, -0.17,   34712,  2.33
 241,-272.00,   33158,  1.11,   -3200, -0.21,   36358,  2.44
 242,-271.00,   33875,  1.14,   -3855, -0.26,   37730,  2.53
 243,-270.00,   34002,  1.14,   -4537, -0.30,   38539,  2.58
 244,-269.00,   33366,  1.12,   -5324, -0.36,   38690,  2.60
 245,-268.00,   32198,  1.08,   -6200, -0.42,   38398,  2.58
 246,-267.00,   30926,  1.04,   -7087, -0.48,   38013,  2.55
 247,-266.00,   29868,  1.00,   -7884, -0.53,   37752,  2.53
 248,-265.00,   29152,  0.98,   -8508, -0.57,   37660,  2.53
 249,-264.00,   28814,  0.97,   -8860, -0.59,   37674,  2.53
 250,-263.00,   28876,  0.97,   -8873, -0.60,   37749,  2.53
 251,-262.00,   29502,  0.99,   -8522, -0.57,   38024,  2.55
 252,-261.00,   30877,  1.04,   -7886, -0.53,   38763,  2.60
 253,-260.00,   33015,  1.11,   -7113, -0.48,   40128,  2.69
 254,-259.00,   35687,  1.20,   -6387, -0.43,   42074,  2.82
 255,-258.00,   38597,  1.29,   -5817, -0.39,   44414,  2.98
 256,-257.00,   41494,  1.39,   -5410, -0.36,   46904,  3.15
 257,-256.00,   44269,  1.48,   -5118, -0.34,   49387,  3.31
 258,-255.00,   46845,  1.57,   -4929, -0.33,   51774,  3.47
 259,-254.00,   49161,  1.65,   -4815, -0.32,   53976,  3.62
 260,-253.00,   51085,  1.71,   -4764, -0.32,   55849,  3.75
 261,-252.00,   52500,  1.76,   -4763, -0.32,   57263,  3.84
 262,-251.00,   53419,  1.79,   -4746, -0.32,   58165,  3.90
 263,-250.00,   53996,  1.81,   -4632, -0.31,   58628,  3.93
 264,-249.00,   54374,  1.82,   -4373, -0.29,   58747,  3.94
 265,-248.00,   54766,  1.84,   -3863, -0.26,   58629,  3.93
 266,-247.00,   55380,  1.86,   -2984, -0.20,   58364,  3.91
 267,-246.00,   56299,  1.89,   -1672, -0.11,   57971,  3.89
 268,-245.00,   57546,  1.93,      64,  0.00,   57482,  3.86
 269,-244.00,   59107,  1.98,    2114,  0.14,   56993,  3.82
 270,-243.00,   60865,  2.04,    4275,  0.29,   56590,  3.80
 271,-242.00,   62677,  2.10,    6324,  0.42,   56353,  3.78
 272,-241.00,   64445,  2.16,    8091,  0.54,   56354,  3.78
 273,-240.00,   66064,  2.22,    9510,  0.64,   56554,  3.79
 274,-239.00,   67456,  2.26,   10587,  0.71,   56869,  3.81
 275,-238.00,   68507,  2.30,   11336,  0.76,   57171,  3.83
 276,-237.00,   69102,  2.32,   11800,  0.79,   57302,  3.84
 277,-236.00,   69106,  2.32,   12023,  0.81,   57083,  3.83
 278,-235.00,   68431,  2.29,   12061,  0.81,   56370,  3.78
 279,-234.00,   67151,  2.25,   12067,  0.81,   55084,  3.69
 280,-233.00,   65419,  2.19,   12176,  0.82,   53243,  3.57
 281,-232.00,   63366,  2.13,   12427,  0.83,   50939,  3.42
 282,-231.00,   61252,  2.05,   12867,  0.86,   48385,  3.25
 283,-230.00,   59412,  1.99,   13556,  0.91,   45856,  3.08
 284,-229.00,   58119,  1.95,   14480,  0.97,   43639,  2.93
 285,-228.00,   57539,  1.93,   15594,  1.05,   41945,  2.81
 286,-227.00,   57616,  1.93,   16737,  1.12,   40879,  2.74
 287,-226.00,   58064,  1.95,   17657,  1.18,   40407,  2.71
 288,-225.00,   58664,  1.97,   18243,  1.22,   40421,  2.71
 289,-224.00,   59443,  1.99,   18629,  1.25,   40814,  2.74
 290,-223.00,   60519,  2.03,   19018,  1.28,   41501,  2.78
 291,-222.00,   61938,  2.08,   19566,  1.31,   42372,  2.84
 292,-221.00,   63529,  2.13,   20222,  1.36,   43307,  2.90
 293,-220.00,   64842,  2.17,   20698,  1.39,   44144,  2.96
 294,-219.00,   65335,  2.19,   20715,  1.39,   44620,  2.99
 295,-218.00,   64740,  2.17,   20251,  1.36,   44489,  2.98
 296,-217.00,   63143,  2.12,   19507,  1.31,   43636,  2.93
 297,-216.00,   60876,  2.04,   18782,  1.26,   42094,  2.82
 298,-215.00,   58384,  1.96,   18286,  1.23,   40098,  2.69
 299,-214.00,   56025,  1.88,   18031,  1.21,   37994,  2.55
 300,-213.00,   53986,  1.81,   17944,  1.20,   36042,  2.42
 301,-212.00,   52324,  1.75,   17952,  1.20,   34372,  2.31
 302,-211.00,   51052,  1.71,   18000,  1.21,   33052,  2.22
 303,-210.00,   50094,  1.68,   17964,  1.20,   32130,  2.16
 304,-209.00,   49299,  1.65,   17667,  1.18,   31632,  2.12
 305,-208.00,   48585,  1.63,   17031,  1.14,   31554,  2.12
 306,-207.00,   47984,  1.61,   16218,  1.09,   31766,  2.13
 307,-206.00,   47435,  1.59,   15485,  1.04,   31950,  2.14
 308,-205.00,   46701,  1.57,   14964,  1.00,   31737,  2.13
 309,-204.00,   45336,  1.52,   14450,  0.97,   30886,  2.07
 310,-203.00,   42752,  1.43,   13456,  0.90,   29296,  1.96
 311,-202.00,   38677,  1.30,   11592,  0.78,   27085,  1.82
 312,-201.00,   33480,  1.12,    8925,  0.60,   24555,  1.65
 313,-200.00,   27912,  0.94,    5933,  0.40,   21979,  1.47
 314,-199.00,   22722,  0.76,    3224,  0.22,   19498,  1.31
 315,-198.00,   18397,  0.62,    1232,  0.08,   17165,  1.15
 316,-197.00,   14992,  0.50,      47,  0.00,   14945,  1.00
 317,-196.00,   12337,  0.41,    -491, -0.03,   12828,  0.86
 318,-195.00,   10395,  0.35,    -554, -0.04,   10949,  0.73
 319,-194.00,    9254,  0.31,    -268, -0.02,    9522,  0.64
 320,-193.00,    8934,  0.30,     235,  0.02,    8699,  0.58
 321,-192.00,    9386,  0.31,     837,  0.06,    8549,  0.57
 322,-191.00,   10484,  0.35,    1440,  0.10,    9044,  0.61
 323,-190.00,   12009,  0.40,    1980,  0.13,   10029,  0.67
 324,-189.00,   13729,  0.46,    2435,  0.16,   11294,  0.76
 325,-188.00,   15418,  0.52,    2762,  0.19,   12656,  0.85
 326,-187.00,   16812,  0.56,    2883,  0.19,   13929,  0.93
 327,-186.00,   17687,  0.59,    2732,  0.18,   14955,  1.00
 328,-185.00,   18056,  0.61,    2381,  0.16,   15675,  1.05
 329,-184.00,   18170,  0.61,    2071,  0.14,   16099,  1.08
 330,-183.00,   18402,  0.62,    2127,  0.14,   16275,  1.09
 331,-182.00,   19096,  0.64,    2795,  0.19,   16301,  1.09
 332,-181.00,   20374,  0.68,    4122,  0.28,   16252,  1.09
 333,-180.00,   22058,  0.74,    5880,  0.39,   16178,  1.09
 334,-179.00,   23877,  0.80,    7706,  0.52,   16171,  1.08
 335,-178.00,   25680,  0.86,    9270,  0.62,   16410,  1.10
 336,-177.00,   27525,  0.92,   10445,  0.70,   17080,  1.15
 337,-176.00,   29542,  0.99,   11314,  0.76,   18228,  1.22
 338,-175.00,   31710,  1.06,   12045,  0.81,   19665,  1.32
 339,-174.00,   33843,  1.13,   12796,  0.86,   21047,  1.41
 340,-173.00,   35703,  1.20,   13640,  0.91,   22063,  1.48
 341,-172.00,   37159,  1.25,   14538,  0.98,   22621,  1.52
 342,-171.00,   38334,  1.29,   15452,  1.04,   22882,  1.53
 343,-170.00,   39433,  1.32,   16370,  1.10,   23063,  1.55
 344,-169.00,   40502,  1.36,   17270,  1.16,   23232,  1.56
 345,-168.00,   41503,  1.39,   18206,  1.22,   23297,  1.56
 346,-167.00,   42319,  1.42,   19226,  1.29,   23093,  1.55
 347,-166.00,   42793,  1.44,   20283,  1.36,   22510,  1.51
 348,-165.00,   42946,  1.44,   21308,  1.43,   21638,  1.45
 349,-164.00,   42983,  1.44,   22276,  1.49,   20707,  1.39
 350,-163.00,   43156,  1.45,   23229,  1.56,   19927,  1.34
 351,-162.00,   43777,  1.47,   24355,  1.63,   19422,  1.30
 352,-161.00,   45082,  1.51,   25837,  1.73,   19245,  1.29
 353,-160.00,   47084,  1.58,   27704,  1.86,   19380,  1.30
 354,-159.00,   49676,  1.67,   29849,  2.00,   19827,  1.33
 355,-158.00,   52713,  1.77,   32094,  2.15,   20619,  1.38
 356,-157.00,   55987,  1.88,   34232,  2.30,   21755,  1.46
 357,-156.00,   59192,  1.99,   36039,  2.42,   23153,  1.55
 358,-155.00,   61977,  2.08,   37281,  2.50,   24696,  1.66
 359,-154.00,   63948,  2.14,   37755,  2.53,   26193,  1.76
 360,-153.00,   64825,  2.17,   37426,  2.51,   27399,  1.84
 361,-152.00,   64586,  2.17,   36507,  2.45,   28079,  1.88
 362,-151.00,   63459,  2.13,   35367,  2.37,   28092,  1.88
 363,-150.00,   61752,  2.07,   34285,  2.30,   27467,  1.84
 364,-149.00,   59801,  2.01,   33362,  2.24,   26439,  1.77
 365,-148.00,   57896,  1.94,   32558,  2.18,   25338,  1.70
 366,-147.00,   56308,  1.89,   31844,  2.14,   24464,  1.64
 367,-146.00,   55283,  1.85,   31323,  2.10,   23960,  1.61
 368,-145.00,   55019,  1.85,   31182,  2.09,   23837,  1.60
 369,-144.00,   55530,  1.86,   31466,  2.11,   24064,  1.61
 370,-143.00,   56606,  1.90,   32007,  2.15,   24599,  1.65
 371,-142.00,   57876,  1.94,   32478,  2.18,   25398,  1.70
 372,-141.00,   59027,  1.98,   32588,  2.19,   26439,  1.77
 373,-140.00,   59925,  2.01,   32264,  2.16,   27661,  1.86
 374,-139.00,   60567,  2.03,   31608,  2.12,   28959,  1.94
 375,-138.00,   60901,  2.04,   30695,  2.06,   30206,  2.03
 376,-137.00,   60788,  2.04,   29546,  1.98,   31242,  2.10
 377,-136.00,   60038,  2.01,   28133,  1.89,   31905,  2.14
 378,-135.00,   58650,  1.97,   26523,  1.78,   32127,  2.15
 379,-134.00,   56944,  1.91,   24987,  1.68,   31957,  2.14
 380,-133.00,   55299,  1.85,   23843,  1.60,   31456,  2.11
 381,-132.00,   53864,  1.81,   23217,  1.56,   30647,  2.06
 382,-131.00,   52611,  1.76,   23111,  1.55,   29500,  1.98
 383,-130.00,   51457,  1.73,   23453,  1.57,   28004,  1.88
 384,-129.00,   50446,  1.69,   24141,  1.62,   26305,  1.76
 385,-128.00,   49799,  1.67,   25068,  1.68,   24731,  1.66
 386,-127.00,   49733,  1.67,   26092,  1.75,   23641,  1.59
 387,-126.00,   50185,  1.68,   26955,  1.81,   23230,  1.56
 388,-125.00,   50934,  1.71,   27547,  1.85,   23387,  1.57
 389,-124.00,   51783,  1.74,   28003,  1.88,   23780,  1.60
 390,-123.00,   52601,  1.76,   28557,  1.92,   24044,  1.61
 391,-122.00,   53254,  1.79,   29281,  1.96,   23973,  1.61
 392,-121.00,   53567,  1.80,   29997,  2.01,   23570,  1.58
 393,-120.00,   53254,  1.79,   30336,  2.03,   22918,  1.54
 394,-119.00,   52038,  1.75,   30079,  2.02,   21959,  1.47
 395,-118.00,   49884,  1.67,   29375,  1.97,   20509,  1.38
 396,-117.00,   47041,  1.58,   28649,  1.92,   18392,  1.23
 397,-116.00,   43828,  1.47,   28239,  1.89,   15589,  1.05
 398,-115.00,   40485,  1.36,   28200,  1.89,   12285,  0.82
 399,-114.00,   37206,  1.25,   28404,  1.91,    8802,  0.59
 400,-113.00,   34148,  1.15,   28742,  1.93,    5406,  0.36
 401,-112.00,   31503,  1.06,   29225,  1.96,    2278,  0.15
 402,-111.00,   29496,  0.99,   29919,  2.01,    -423, -0.03
 403,-110.00,   28157,  0.94,   30728,  2.06,   -2571, -0.17
 404,-109.00,   27163,  0.91,   31320,  2.10,   -4157, -0.28
 405,-108.00,   26063,  0.87,   31365,  2.10,   -5302, -0.36
 406,-107.00,   24477,  0.82,   30733,  2.06,   -6256, -0.42
 407,-106.00,   22207,  0.74,   29499,  1.98,   -7292, -0.49
 408,-105.00,   19229,  0.64,   27829,  1.87,   -8600, -0.58
 409,-104.00,   15569,  0.52,   25840,  1.73,  -10271, -0.69
 410,-103.00,   11153,  0.37,   23531,  1.58,  -12378, -0.83
 411,-102.00,    5883,  0.20,   20896,  1.40,  -15013, -1.01
 412,-101.00,    -141, -0.00,   18052,  1.21,  -18193, -1.22
 413,-100.00,   -6567, -0.22,   15206,  1.02,  -21773, -1.46
 414,-99.00,  -12992, -0.44,   12501,  0.84,  -25493, -1.71
 415,-98.00,  -19033, -0.64,    9985,  0.67,  -29018, -1.95
 416,-97.00,  -24393, -0.82,    7648,  0.51,  -32041, -2.15
 417,-96.00,  -28924, -0.97,    5510,  0.37,  -34434, -2.31
 418,-95.00,  -32568, -1.09,    3682,  0.25,  -36250, -2.43
 419,-94.00,  -35304, -1.18,    2298,  0.15,  -37602, -2.52
 420,-93.00,  -37289, -1.25,    1355,  0.09,  -38644, -2.59
 421,-92.00,  -38802, -1.30,     674,  0.05,  -39476, -2.65
 422,-91.00,  -40020, -1.34,      28,  0.00,  -40048, -2.69
 423,-90.00,  -41072, -1.38,    -780, -0.05,  -40292, -2.70
 424,-89.00,  -42158, -1.41,   -1875, -0.13,  -40283, -2.70
 425,-88.00,  -43507, -1.46,   -3325, -0.22,  -40182, -2.70
 426,-87.00,  -45298, -1.52,   -5098, -0.34,  -40200, -2.70
 427,-86.00,  -47681, -1.60,   -7139, -0.48,  -40542, -2.72
 428,-85.00,  -50599, -1.70,   -9324, -0.63,  -41275, -2.77
 429,-84.00,  -53851, -1.81,  -11499, -0.77,  -42352, -2.84
 430,-83.00,  -57296, -1.92,  -13547, -0.91,  -43749, -2.93
 431,-82.00,  -60869, -2.04,  -15440, -1.04,  -45429, -3.05
 432,-81.00,  -64398, -2.16,  -17090, -1.15,  -47308, -3.17
 433,-80.00,  -67596, -2.27,  -18354, -1.23,  -49242, -3.30
 434,-79.00,  -70070, -2.35,  -19047, -1.28,  -51023, -3.42
 435,-78.00,  -71391, -2.39,  -19019, -1.28,  -52372, -3.51
 436,-77.00,  -71371, -2.39,  -18285, -1.23,  -53086, -3.56
 437,-76.00,  -70276, -2.36,  -17126, -1.15,  -53150, -3.56
 438,-75.00,  -68646, -2.30,  -15920, -1.07,  -52726, -3.54
 439,-74.00,  -66973, -2.25,  -14974, -1.00,  -51999, -3.49
 440,-73.00,  -65538, -2.20,  -14455, -0.97,  -51083, -3.43
 441,-72.00,  -64356, -2.16,  -14419, -0.97,  -49937, -3.35
 442,-71.00,  -63302, -2.12,  -14849, -1.00,  -48453, -3.25
 443,-70.00,  -62355, -2.09,  -15702, -1.05,  -46653, -3.13
 444,-69.00,  -61641, -2.07,  -16859, -1.13,  -44782, -3.00
 445,-68.00,  -61265, -2.05,  -18114, -1.21,  -43151, -2.89
 446,-67.00,  -61248, -2.05,  -19239, -1.29,  -42009, -2.82
 447,-66.00,  -61598, -2.07,  -20147, -1.35,  -41451, -2.78
 448,-65.00,  -62259, -2.09,  -20879, -1.40,  -41380, -2.78
 449,-64.00,  -62978, -2.11,  -21443, -1.44,  -41535, -2.79
 450,-63.00,  -63356, -2.12,  -21744, -1.46,  -41612, -2.79
 451,-62.00,  -62933, -2.11,  -21608, -1.45,  -41325, -2.77
 452,-61.00,  -61337, -2.06,  -20866, -1.40,  -40471, -2.71
 453,-60.00,  -58577, -1.96,  -19591, -1.31,  -38986, -2.61
 454,-59.00,  -55009, -1.84,  -18062, -1.21,  -36947, -2.48
 455,-58.00,  -51024, -1.71,  -16567, -1.11,  -34457, -2.31
 456,-57.00,  -46953, -1.57,  -15342, -1.03,  -31611, -2.12
 457,-56.00,  -43130, -1.45,  -14574, -0.98,  -28556, -1.92
 458,-55.00,  -39820, -1.34,  -14363, -0.96,  -25457, -1.71
 459,-54.00,  -37261, -1.25,  -14778, -0.99,  -22483, -1.51
 460,-53.00,  -35616, -1.19,  -15749, -1.06,  -19867, -1.33
 461,-52.00,  -34844, -1.17,  -17028, -1.14,  -17816, -1.19
 462,-51.00,  -34740, -1.17,  -18335, -1.23,  -16405, -1.10
 463,-50.00,  -35058, -1.18,  -19491, -1.31,  -15567, -1.04
 464,-49.00,  -35581, -1.19,  -20486, -1.37,  -15095, -1.01
 465,-48.00,  -36132, -1.21,  -21437, -1.44,  -14695, -0.99
 466,-47.00,  -36610, -1.23,  -22404, -1.50,  -14206, -0.95
 467,-46.00,  -36980, -1.24,  -23354, -1.57,  -13626, -0.91
 468,-45.00,  -37191, -1.25,  -24192, -1.62,  -12999, -0.87
 469,-44.00,  -37097, -1.24,  -24774, -1.66,  -12323, -0.83
 470,-43.00,  -36515, -1.22,  -25017, -1.68,  -11498, -0.77
 471,-42.00,  -35292, -1.18,  -24925, -1.67,  -10367, -0.70
 472,-41.00,  -33363, -1.12,  -24529, -1.65,   -8834, -0.59
 473,-40.00,  -30787, -1.03,  -23868, -1.60,   -6919, -0.46
 474,-39.00,  -27806, -0.93,  -23025, -1.54,   -4781, -0.32
 475,-38.00,  -24811, -0.83,  -22130, -1.48,   -2681, -0.18
 476,-37.00,  -22241, -0.75,  -21348, -1.43,    -893, -0.06
 477,-36.00,  -20558, -0.69,  -20885, -1.40,     327,  0.02
 478,-35.00,  -20052, -0.67,  -20861, -1.40,     809,  0.05
 479,-34.00,  -20606, -0.69,  -21147, -1.42,     541,  0.04
 480,-33.00,  -21800, -0.73,  -21445, -1.44,    -355, -0.02
 481,-32.00,  -23104, -0.77,  -21446, -1.44,   -1658, -0.11
 482,-31.00,  -23996, -0.80,  -20942, -1.40,   -3054, -0.20
 483,-30.00,  -24271, -0.81,  -19976, -1.34,   -4295, -0.29
 484,-29.00,  -24091, -0.81,  -18806, -1.26,   -5285, -0.35
 485,-28.00,  -23721, -0.80,  -17700, -1.19,   -6021, -0.40
 486,-27.00,  -23326, -0.78,  -16801, -1.13,   -6525, -0.44
 487,-26.00,  -22926, -0.77,  -16118, -1.08,   -6808, -0.46
 488,-25.00,  -22304, -0.75,  -15495, -1.04,   -6809, -0.46
 489,-24.00,  -21204, -0.71,  -14740, -0.99,   -6464, -0.43
 490,-23.00,  -19579, -0.66,  -13768, -0.92,   -5811, -0.39
 491,-22.00,  -17675, -0.59,  -12669, -0.85,   -5006, -0.34
 492,-21.00,  -15871, -0.53,  -11636, -0.78,   -4235, -0.28
 493,-20.00,  -14534, -0.49,  -10824, -0.73,   -3710, -0.25
 494,-19.00,  -13851, -0.46,  -10237, -0.69,   -3614, -0.24
 495,-18.00,  -13786, -0.46,   -9772, -0.66,   -4014, -0.27
 496,-17.00,  -14234, -0.48,   -9352, -0.63,   -4882, -0.33
 497,-16.00,  -15244, -0.51,   -9067, -0.61,   -6177, -0.41
 498,-15.00,  -16884, -0.57,   -9062, -0.61,   -7822, -0.52
 499,-14.00,  -19049, -0.64,   -9312, -0.62,   -9737, -0.65
 500,-13.00,  -21455, -0.72,   -9590, -0.64,  -11865, -0.80
 501,-12.00,  -23702, -0.79,   -9602, -0.64,  -14100, -0.95
 502,-11.00,  -25499, -0.86,   -9217, -0.62,  -16282, -1.09
 503,-10.00,  -26870, -0.90,   -8587, -0.58,  -18283, -1.23
 504,-9.00,  -28047, -0.94,   -8001, -0.54,  -20046, -1.34
 505,-8.00,  -29169, -0.98,   -7624, -0.51,  -21545, -1.45
 506,-7.00,  -30183, -1.01,   -7400, -0.50,  -22783, -1.53
 507,-6.00,  -30976, -1.04,   -7184, -0.48,  -23792, -1.60
 508,-5.00,  -31589, -1.06,   -6934, -0.47,  -24655, -1.65
 509,-4.00,  -32319, -1.08,   -6770, -0.45,  -25549, -1.71
 510,-3.00,  -33580, -1.13,   -6880, -0.46,  -26700, -1.79
 511,-2.00,  -35590, -1.19,   -7356, -0.49,  -28234, -1.89
 512,-1.00,  -38121, -1.28,   -8072, -0.54,  -30049, -2.02
 513,0.00,  -40682, -1.36,   -8792, -0.59,  -31890, -2.14
 514,1.00,  -42853, -1.44,   -9312, -0.62,  -33541, -2.25
 515,2.00,  -44448, -1.49,   -9520, -0.64,  -34928, -2.34
 516,3.00,  -45455, -1.52,   -9395, -0.63,  -36060, -2.42
 517,4.00,  -45917, -1.54,   -8988, -0.60,  -36929, -2.48
 518,5.00,  -45745, -1.53,   -8338, -0.56,  -37407, -2.51
 519,6.00,  -44807, -1.50,   -7485, -0.50,  -37322, -2.50
 520,7.00,  -43099, -1.45,   -6463, -0.43,  -36636, -2.46
 521,8.00,  -40802, -1.37,   -5296, -0.36,  -35506, -2.38
 522,9.00,  -38118, -1.28,   -4000, -0.27,  -34118, -2.29
 523,10.00,  -35234, -1.18,   -2641, -0.18,  -32593, -2.19
 524,11.00,  -32338, -1.08,   -1372, -0.09,  -30966, -2.08
 525,12.00,  -29633, -0.99,    -399, -0.03,  -29234, -1.96
 526,13.00,  -27311, -0.92,     161,  0.01,  -27472, -1.84
 527,14.00,  -25545, -0.86,     347,  0.02,  -25892, -1.74
 528,15.00,  -24371, -0.82,     317,  0.02,  -24688, -1.66
 529,16.00,  -23673, -0.79,     257,  0.02,  -23930, -1.61
 530,17.00,  -23359, -0.78,     244,  0.02,  -23603, -1.58
 531,18.00,  -23421, -0.79,     228,  0.02,  -23649, -1.59
 532,19.00,  -23804, -0.80,     200,  0.01,  -24004, -1.61
 533,20.00,  -24323, -0.82,     253,  0.02,  -24576, -1.65
 534,21.00,  -24634, -0.83,     511,  0.03,  -25145, -1.69
 535,22.00,  -24221, -0.81,    1108,  0.07,  -25329, -1.70
 536,23.00,  -22628, -0.76,    2083,  0.14,  -24711, -1.66
 537,24.00,  -19776, -0.66,    3314,  0.22,  -23090, -1.55
 538,25.00,  -16002, -0.54,    4616,  0.31,  -20618, -1.38
 539,26.00,  -11820, -0.40,    5853,  0.39,  -17673, -1.19
 540,27.00,   -7817, -0.26,    6899,  0.46,  -14716, -0.99
 541,28.00,   -4390, -0.15,    7670,  0.51,  -12060, -0.81
 542,29.00,   -1637, -0.05,    8093,  0.54,   -9730, -0.65
 543,30.00,     481,  0.02,    8112,  0.54,   -7631, -0.51
 544,31.00,    2068,  0.07,    7803,  0.52,   -5735, -0.38
 545,32.00,    3415,  0.11,    7476,  0.50,   -4061, -0.27
 546,33.00,    4839,  0.16,    7513,  0.50,   -2674, -0.18
 547,34.00,    6618,  0.22,    8170,  0.55,   -1552, -0.10
 548,35.00,    8971,  0.30,    9440,  0.63,    -469, -0.03
 549,36.00,   11956,  0.40,   11117,  0.75,     839,  0.06
 550,37.00,   15491,  0.52,   13004,  0.87,    2487,  0.17
 551,38.00,   19434,  0.65,   15017,  1.01,    4417,  0.30
 552,39.00,   23585,  0.79,   17075,  1.15,    6510,  0.44
 553,40.00,   27759,  0.93,   19002,  1.27,    8757,  0.59
 554,41.00,   31794,  1.07,   20523,  1.38,   11271,  0.76
 555,42.00,   35600,  1.19,   21457,  1.44,   14143,  0.95
 556,43.00,   39264,  1.32,   21943,  1.47,   17321,  1.16
 557,44.00,   42895,  1.44,   22362,  1.50,   20533,  1.38
 558,45.00,   46498,  1.56,   23033,  1.54,   23465,  1.57
 559,46.00,   49915,  1.67,   23995,  1.61,   25920,  1.74
 560,47.00,   52786,  1.77,   25008,  1.68,   27778,  1.86
 561,48.00,   54694,  1.83,   25732,  1.73,   28962,  1.94
 562,49.00,   55562,  1.86,   26059,  1.75,   29503,  1.98
 563,50.00,   55663,  1.87,   26154,  1.75,   29509,  1.98
 564,51.00,   55445,  1.86,   26235,  1.76,   29210,  1.96
 565,52.00,   55335,  1.86,   26424,  1.77,   28911,  1.94
 566,53.00,   55573,  1.86,   26766,  1.80,   28807,  1.93
 567,54.00,   56198,  1.88,   27285,  1.83,   28913,  1.94
 568,55.00,   57274,  1.92,   28082,  1.88,   29192,  1.96
 569,56.00,   59000,  1.98,   29305,  1.97,   29695,  1.99
 570,57.00,   61573,  2.06,   30995,  2.08,   30578,  2.05
 571,58.00,   64966,  2.18,   32968,  2.21,   31998,  2.15
 572,59.00,   68898,  2.31,   34937,  2.34,   33961,  2.28
 573,60.00,   72905,  2.45,   36667,  2.46,   36238,  2.43
 574,61.00,   76506,  2.57,   38034,  2.55,   38472,  2.58
 575,62.00,   79478,  2.67,   39046,  2.62,   40432,  2.71
 576,63.00,   81898,  2.75,   39827,  2.67,   42071,  2.82
 577,64.00,   83936,  2.81,   40480,  2.72,   43456,  2.91
 578,65.00,   85718,  2.87,   41060,  2.75,   44658,  3.00
 579,66.00,   87334,  2.93,   41678,  2.80,   45656,  3.06
 580,67.00,   88778,  2.98,   42457,  2.85,   46321,  3.11
 581,68.00,   90073,  3.02,   43480,  2.92,   46593,  3.13
 582,69.00,   91382,  3.06,   44852,  3.01,   46530,  3.12
 583,70.00,   92931,  3.12,   46640,  3.13,   46291,  3.10
 584,71.00,   94815,  3.18,   48780,  3.27,   46035,  3.09
 585,72.00,   96996,  3.25,   51153,  3.43,   45843,  3.07
 586,73.00,   99331,  3.33,   53566,  3.59,   45765,  3.07
 587,74.00,  101693,  3.41,   55784,  3.74,   45909,  3.08
 588,75.00,  104139,  3.49,   57693,  3.87,   46446,  3.12
 589,76.00,  106902,  3.59,   59336,  3.98,   47566,  3.19
 590,77.00,  110023,  3.69,   60791,  4.08,   49232,  3.30
 591,78.00,  113173,  3.80,   62042,  4.16,   51131,  3.43
 592,79.00,  115773,  3.88,   62889,  4.22,   52884,  3.55
 593,80.00,  117182,  3.93,   63021,  4.23,   54161,  3.63
 594,81.00,  117035,  3.92,   62255,  4.18,   54780,  3.67
 595,82.00,  115442,  3.87,   60687,  4.07,   54755,  3.67
 596,83.00,  112840,  3.78,   58686,  3.94,   54154,  3.63
 597,84.00,  109702,  3.68,   56650,  3.80,   53052,  3.56
 598,85.00,  106357,  3.57,   54774,  3.67,   51583,  3.46
 599,86.00,  102889,  3.45,   53029,  3.56,   49860,  3.34
 600,87.00,   99279,  3.33,   51304,  3.44,   47975,  3.22
 601,88.00,   95606,  3.21,   49557,  3.32,   46049,  3.09
 602,89.00,   92226,  3.09,   47941,  3.22,   44285,  2.97
 603,90.00,   89582,  3.00,   46658,  3.13,   42924,  2.88
 604,91.00,   87903,  2.95,   45751,  3.07,   42152,  2.83
 605,92.00,   87035,  2.92,   45050,  3.02,   41985,  2.82
 606,93.00,   86490,  2.90,   44248,  2.97,   42242,  2.83
 607,94.00,   85634,  2.87,   43029,  2.89,   42605,  2.86
 608,95.00,   84045,  2.82,   41245,  2.77,   42800,  2.87
 609,96.00,   81683,  2.74,   38987,  2.62,   42696,  2.86
 610,97.00,   78827,  2.64,   36510,  2.45,   42317,  2.84
 611,98.00,   75889,  2.55,   34120,  2.29,   41769,  2.80
 612,99.00,   73224,  2.46,   32070,  2.15,   41154,  2.76
 613,100.00,   70971,  2.38,   30462,  2.04,   40509,  2.72
 614,101.00,   68989,  2.31,   29192,  1.96,   39797,  2.67
 615,102.00,   67059,  2.25,   28054,  1.88,   39005,  2.62
 616,103.00,   65122,  2.18,   26900,  1.80,   38222,  2.56
 617,104.00,   63289,  2.12,   25700,  1.72,   37589,  2.52
 618,105.00,   61705,  2.07,   24508,  1.64,   37197,  2.49
 619,106.00,   60491,  2.03,   23404,  1.57,   37087,  2.49
 620,107.00,   59546,  2.00,   22358,  1.50,   37188,  2.49
 621,108.00,   58571,  1.96,   21237,  1.42,   37334,  2.50
 622,109.00,   57389,  1.92,   19978,  1.34,   37411,  2.51
 623,110.00,   55972,  1.88,   18612,  1.25,   37360,  2.51
 624,111.00,   54191,  1.82,   17128,  1.15,   37063,  2.49
 625,112.00,   51876,  1.74,   15448,  1.04,   36428,  2.44
 626,113.00,   48832,  1.64,   13449,  0.90,   35383,  2.37
 627,114.00,   44847,  1.50,   11029,  0.74,   33818,  2.27
 628,115.00,   39938,  1.34,    8247,  0.55,   31691,  2.13
 629,116.00,   34429,  1.15,    5332,  0.36,   29097,  1.95
 630,117.00,   28592,  0.96,    2489,  0.17,   26103,  1.75
 631,118.00,   22581,  0.76,    -204, -0.01,   22785,  1.53
 632,119.00,   16565,  0.56,   -2712, -0.18,   19277,  1.29
 633,120.00,   10689,  0.36,   -5028, -0.34,   15717,  1.05
 634,121.00,    5077,  0.17,   -7166, -0.48,   12243,  0.82
 635,122.00,     -61, -0.00,   -9137, -0.61,    9076,  0.61
 636,123.00,   -4578, -0.15,  -10970, -0.74,    6392,  0.43
 637,124.00,   -8478, -0.28,  -12748, -0.86,    4270,  0.29
 638,125.00,  -11834, -0.40,  -14518, -0.97,    2684,  0.18
 639,126.00,  -14794, -0.50,  -16280, -1.09,    1486,  0.10
 640,127.00,  -17683, -0.59,  -18068, -1.21,     385,  0.03
 641,128.00,  -20957, -0.70,  -20003, -1.34,    -954, -0.06
 642,129.00,  -25014, -0.84,  -22189, -1.49,   -2825, -0.19
 643,130.00,  -30041, -1.01,  -24637, -1.65,   -5404, -0.36
 644,131.00,  -35948, -1.21,  -27247, -1.83,   -8701, -0.58
 645,132.00,  -42374, -1.42,  -29812, -2.00,  -12562, -0.84
 646,133.00,  -48882, -1.64,  -32150, -2.16,  -16732, -1.12
 647,134.00,  -55209, -1.85,  -34257, -2.30,  -20952, -1.41
 648,135.00,  -61279, -2.06,  -36233, -2.43,  -25046, -1.68
 649,136.00,  -67015, -2.25,  -38128, -2.56,  -28887, -1.94
 650,137.00,  -72331, -2.43,  -39915, -2.68,  -32416, -2.17
 651,138.00,  -77115, -2.59,  -41474, -2.78,  -35641, -2.39
 652,139.00,  -81193, -2.72,  -42684, -2.86,  -38509, -2.58
 653,140.00,  -84403, -2.83,  -43549, -2.92,  -40854, -2.74
 654,141.00,  -86743, -2.91,  -44253, -2.97,  -42490, -2.85
 655,142.00,  -88297, -2.96,  -45017, -3.02,  -43280, -2.90
 656,143.00,  -89244, -2.99,  -45984, -3.08,  -43260, -2.90
 657,144.00,  -89889, -3.01,  -47187, -3.17,  -42702, -2.86
 658,145.00,  -90573, -3.04,  -48601, -3.26,  -41972, -2.82
 659,146.00,  -91578, -3.07,  -50225, -3.37,  -41353, -2.77
 660,147.00,  -93188, -3.13,  -52141, -3.50,  -41047, -2.75
 661,148.00,  -95590, -3.21,  -54378, -3.65,  -41212, -2.76
 662,149.00,  -98715, -3.31,  -56793, -3.81,  -41922, -2.81
 663,150.00, -102280, -3.43,  -59126, -3.97,  -43154, -2.89
 664,151.00, -105941, -3.55,  -61135, -4.10,  -44806, -3.01
 665,152.00, -109413, -3.67,  -62700, -4.21,  -46713, -3.13
 666,153.00, -112466, -3.77,  -63756, -4.28,  -48710, -3.27
 667,154.00, -114960, -3.86,  -64230, -4.31,  -50730, -3.40
 668,155.00, -116766, -3.92,  -64052, -4.30,  -52714, -3.54
 669,156.00, -117842, -3.95,  -63291, -4.25,  -54551, -3.66
 670,157.00, -118415, -3.97,  -62262, -4.18,  -56153, -3.77
 671,158.00, -118931, -3.99,  -61429, -4.12,  -57502, -3.86
 672,159.00, -119724, -4.02,  -61084, -4.10,  -58640, -3.93
 673,160.00, -120899, -4.05,  -61252, -4.11,  -59647, -4.00
 674,161.00, -122314, -4.10,  -61717, -4.14,  -60597, -4.06
 675,162.00, -123822, -4.15,  -62288, -4.18,  -61534, -4.13
 676,163.00, -125482, -4.21,  -62947, -4.22,  -62535, -4.19
 677,164.00, -127529, -4.28,  -63766, -4.28,  -63763, -4.28
 678,165.00, -130130, -4.36,  -64698, -4.34,  -65432, -4.39
 679,166.00, -133201, -4.47,  -65538, -4.40,  -67663, -4.54
 680,167.00, -136449, -4.58,  -65996, -4.43,  -70453, -4.73
 681,168.00, -139664, -4.68,  -65945, -4.42,  -73719, -4.94
 682,169.00, -142814, -4.79,  -65482, -4.39,  -77332, -5.19
 683,170.00, -145878, -4.89,  -64757, -4.34,  -81121, -5.44
 684,171.00, -148702, -4.99,  -63813, -4.28,  -84889, -5.69
 685,172.00, -150882, -5.06,  -62587, -4.20,  -88295, -5.92
 686,173.00, -151913, -5.09,  -61009, -4.09,  -90904, -6.10
 687,174.00, -151610, -5.08,  -59139, -3.97,  -92471, -6.20
 688,175.00, -150275, -5.04,  -57179, -3.84,  -93096, -6.24
 689,176.00, -148416, -4.98,  -55291, -3.71,  -93125, -6.25
 690,177.00, -146515, -4.91,  -53478, -3.59,  -93037, -6.24
 691,178.00, -144912, -4.86,  -51736, -3.47,  -93176, -6.25
 692,179.00, -143712, -4.82,  -50116, -3.36,  -93596, -6.28
 693,180.00, -142978, -4.80,  -48714, -3.27,  -94264, -6.32
 694,181.00, -142887, -4.79,  -47614, -3.19,  -95273, -6.39
 695,182.00, -143489, -4.81,  -46739, -3.13,  -96750, -6.49
 696,183.00, -144582, -4.85,  -45804, -3.07,  -98778, -6.63
 697,184.00, -145918, -4.89,  -44649, -2.99, -101269, -6.79
 698,185.00, -147281, -4.94,  -43357, -2.91, -103924, -6.97
 699,186.00, -148584, -4.98,  -42178, -2.83, -106406, -7.14
 700,187.00, -149913, -5.03,  -41351, -2.77, -108562, -7.28
 701,188.00, -151266, -5.07,  -40884, -2.74, -110382, -7.40
 702,189.00, -152328, -5.11,  -40443, -2.71, -111885, -7.50
 703,190.00, -152666, -5.12,  -39642, -2.66, -113024, -7.58
 704,191.00, -152010, -5.10,  -38305, -2.57, -113705, -7.63
 705,192.00, -150439, -5.05,  -36590, -2.45, -113849, -7.64
 706,193.00, -148399, -4.98,  -34945, -2.34, -113454, -7.61
 707,194.00, -146510, -4.91,  -33867, -2.27, -112643, -7.56
 708,195.00, -145256, -4.87,  -33664, -2.26, -111592, -7.48
 709,196.00, -144811, -4.86,  -34331, -2.30, -110480, -7.41
 710,197.00, -145105, -4.87,  -35634, -2.39, -109471, -7.34
 711,198.00, -146006, -4.90,  -37321, -2.50, -108685, -7.29
 712,199.00, -147401, -4.94,  -39273, -2.63, -108128, -7.25
 713,200.00, -149198, -5.00,  -41435, -2.78, -107763, -7.23
 714,201.00, -151294, -5.07,  -43745, -2.93, -107549, -7.21
 715,202.00, -153507, -5.15,  -46028, -3.09, -107479, -7.21
 716,203.00, -155533, -5.22,  -47986, -3.22, -107547, -7.21
 717,204.00, -157095, -5.27,  -49387, -3.31, -107708, -7.22
 718,205.00, -158064, -5.30,  -50224, -3.37, -107840, -7.23
 719,206.00, -158347, -5.31,  -50633, -3.40, -107714, -7.22
 720,207.00, -157937, -5.30,  -50839, -3.41, -107098, -7.18
 721,208.00, -156959, -5.26,  -51079, -3.43, -105880, -7.10
 722,209.00, -155556, -5.22,  -51448, -3.45, -104108, -6.98
 723,210.00, -153906, -5.16,  -51913, -3.48, -101993, -6.84
 724,211.00, -152338, -5.11,  -52446, -3.52,  -99892, -6.70
 725,212.00, -151158, -5.07,  -53040, -3.56,  -98118, -6.58
 726,213.00, -150588, -5.05,  -53733, -3.60,  -96855, -6.50
 727,214.00, -150773, -5.06,  -54610, -3.66,  -96163, -6.45
 728,215.00, -151721, -5.09,  -55704, -3.74,  -96017, -6.44
 729,216.00, -153297, -5.14,  -56939, -3.82,  -96358, -6.46
 730,217.00, -155373, -5.21,  -58214, -3.90,  -97159, -6.52
 731,218.00, -157837, -5.29,  -59468, -3.99,  -98369, -6.60
 732,219.00, -160488, -5.38,  -60629, -4.07,  -99859, -6.70
 733,220.00, -163035, -5.47,  -61597, -4.13, -101438, -6.80
 734,221.00, -165208, -5.54,  -62245, -4.17, -102963, -6.91
 735,222.00, -166845, -5.60,  -62478, -4.19, -104367, -7.00
 736,223.00, -167896, -5.63,  -62298, -4.18, -105598, -7.08
 737,224.00, -168452, -5.65,  -61887, -4.15, -106565, -7.15
 738,225.00, -168682, -5.66,  -61525, -4.13, -107157, -7.19
 739,226.00, -168698, -5.66,  -61422, -4.12, -107276, -7.20
 740,227.00, -168566, -5.65,  -61620, -4.13, -106946, -7.17
 741,228.00, -168365, -5.65,  -62030, -4.16, -106335, -7.13
 742,229.00, -168114, -5.64,  -62501, -4.19, -105613, -7.08
 743,230.00, -167843, -5.63,  -62937, -4.22, -104906, -7.04
 744,231.00, -167730, -5.63,  -63355, -4.25, -104375, -7.00
 745,232.00, -167997, -5.63,  -63761, -4.28, -104236, -6.99
 746,233.00, -168704, -5.66,  -64058, -4.30, -104646, -7.02
 747,234.00, -169747, -5.69,  -64101, -4.30, -105646, -7.09
 748,235.00, -170958, -5.73,  -63868, -4.28, -107090, -7.18
 749,236.00, -172104, -5.77,  -63462, -4.26, -108642, -7.29
 750,237.00, -172986, -5.80,  -63019, -4.23, -109967, -7.38
 751,238.00, -173460, -5.82,  -62584, -4.20, -110876, -7.44
 752,239.00, -173288, -5.81,  -62030, -4.16, -111258, -7.46
 753,240.00, -172224, -5.78,  -61140, -4.10, -111084, -7.45
 754,241.00, -170322, -5.71,  -59911, -4.02, -110411, -7.41
 755,242.00, -167857, -5.63,  -58555, -3.93, -109302, -7.33
 756,243.00, -165099, -5.54,  -57303, -3.84, -107796, -7.23
 757,244.00, -162270, -5.44,  -56314, -3.78, -105956, -7.11
 758,245.00, -159466, -5.35,  -55600, -3.73, -103866, -6.97
 759,246.00, -156651, -5.25,  -55041, -3.69, -101610, -6.82
 760,247.00, -153895, -5.16,  -54573, -3.66,  -99322, -6.66
 761,248.00, -151439, -5.08,  -54244, -3.64,  -97195, -6.52
 762,249.00, -149489, -5.01,  -54088, -3.63,  -95401, -6.40
 763,250.00, -148100, -4.97,  -54077, -3.63,  -94023, -6.31
 764,251.00, -147174, -4.94,  -54117, -3.63,  -93057, -6.24
 765,252.00, -146382, -4.91,  -54046, -3.63,  -92336, -6.19
 766,253.00, -145240, -4.87,  -53688, -3.60,  -91552, -6.14
 767,254.00, -143412, -4.81,  -52955, -3.55,  -90457, -6.07
 768,255.00, -140778, -4.72,  -51847, -3.48,  -88931, -5.96
 769,256.00, -137368, -4.61,  -50438, -3.38,  -86930, -5.83
 770,257.00, -133400, -4.47,  -48885, -3.28,  -84515, -5.67
 771,258.00, -129179, -4.33,  -47370, -3.18,  -81809, -5.49
 772,259.00, -124922, -4.19,  -46011, -3.09,  -78911, -5.29
 773,260.00, -120755, -4.05,  -44824, -3.01,  -75931, -5.09
 774,261.00, -116770, -3.92,  -43764, -2.94,  -73006, -4.90
 775,262.00, -113016, -3.79,  -42816, -2.87,  -70200, -4.71
 776,263.00, -109526, -3.67,  -41992, -2.82,  -67534, -4.53
 777,264.00, -106379, -3.57,  -41299, -2.77,  -65080, -4.37
 778,265.00, -103646, -3.48,  -40676, -2.73,  -62970, -4.22
 779,266.00, -101247, -3.40,  -39920, -2.68,  -61327, -4.11
 780,267.00,  -99076, -3.32,  -38873, -2.61,  -60203, -4.04
 781,268.00,  -97037, -3.25,  -37556, -2.52,  -59481, -3.99
 782,269.00,  -94934, -3.18,  -36063, -2.42,  -58871, -3.95
 783,270.00,  -92532, -3.10,  -34461, -2.31,  -58071, -3.90
 784,271.00,  -89626, -3.01,  -32661, -2.19,  -56965, -3.82
 785,272.00,  -85979, -2.88,  -30374, -2.04,  -55605, -3.73
 786,273.00,  -81513, -2.73,  -27403, -1.84,  -54110, -3.63
 787,274.00,  -76411, -2.56,  -23839, -1.60,  -52572, -3.53
 788,275.00,  -71035, -2.38,  -20040, -1.34,  -50995, -3.42
 789,276.00,  -65804, -2.21,  -16497, -1.11,  -49307, -3.31
 790,277.00,  -61021, -2.05,  -13551, -0.91,  -47470, -3.18
 791,278.00,  -56772, -1.90,  -11245, -0.75,  -45527, -3.05
 792,279.00,  -52987, -1.78,   -9409, -0.63,  -43578, -2.92
 793,280.00,  -49616, -1.66,   -7797, -0.52,  -41819, -2.80
 794,281.00,  -46795, -1.57,   -6272, -0.42,  -40523, -2.72
 795,282.00,  -44750, -1.50,   -4849, -0.33,  -39901, -2.68
 796,283.00,  -43522, -1.46,   -3556, -0.24,  -39966, -2.68
 797,284.00,  -42890, -1.44,   -2371, -0.16,  -40519, -2.72
 798,285.00,  -42449, -1.42,   -1189, -0.08,  -41260, -2.77
 799,286.00,  -41733, -1.40,     178,  0.01,  -41911, -2.81
 800,287.00,  -40443, -1.36,    1855,  0.12,  -42298, -2.84
 801,288.00,  -38498, -1.29,    3821,  0.26,  -42319, -2.84
 802,289.00,  -35837, -1.20,    6000,  0.40,  -41837, -2.81
 803,290.00,  -32446, -1.09,    8233,  0.55,  -40679, -2.73
 804,291.00,  -28438, -0.95,   10348,  0.69,  -38786, -2.60
 805,292.00,  -24020, -0.81,   12238,  0.82,  -36258, -2.43
 806,293.00,  -19370, -0.65,   13912,  0.93,  -33282, -2.23
 807,294.00,  -14666, -0.49,   15400,  1.03,  -30066, -2.02
 808,295.00,  -10073, -0.34,   16708,  1.12,  -26781, -1.80
 809,296.00,   -5849, -0.20,   17653,  1.18,  -23502, -1.58
 810,297.00,   -2379, -0.08,   17927,  1.20,  -20306, -1.36
 811,298.00,     -60, -0.00,   17271,  1.16,  -17331, -1.16
 812,299.00,    1129,  0.04,   15793,  1.06,  -14664, -0.98
 813,300.00,    1655,  0.06,   13939,  0.93,  -12284, -0.82
 814,301.00,    2146,  0.07,   12254,  0.82,  -10108, -0.68
 815,302.00,    3054,  0.10,   11006,  0.74,   -7952, -0.53
 816,303.00,    4488,  0.15,   10098,  0.68,   -5610, -0.38
 817,304.00,    6249,  0.21,    9187,  0.62,   -2938, -0.20
 818,305.00,    8184,  0.27,    8046,  0.54,     138,  0.00
 819,306.00,   10380,  0.35,    6736,  0.45,    3644,  0.24
 820,307.00,   13055,  0.44,    5536,  0.37,    7519,  0.50
 821,308.00,   16336,  0.55,    4670,  0.31,   11666,  0.78
 822,309.00,   20136,  0.68,    4156,  0.28,   15980,  1.07
 823,310.00,   24166,  0.81,    3782,  0.25,   20384,  1.37
 824,311.00,   27986,  0.94,    3196,  0.21,   24790,  1.66
 825,312.00,   31204,  1.05,    2107,  0.14,   29097,  1.95
 826,313.00,   33623,  1.13,     436,  0.03,   33187,  2.23
 827,314.00,   35234,  1.18,   -1680, -0.11,   36914,  2.48
 828,315.00,   36090,  1.21,   -3977, -0.27,   40067,  2.69
 829,316.00,   36367,  1.22,   -6132, -0.41,   42499,  2.85
 830,317.00,   36181,  1.21,   -7962, -0.53,   44143,  2.96
 831,318.00,   35553,  1.19,   -9474, -0.64,   45027,  3.02
 832,319.00,   34559,  1.16,  -10778, -0.72,   45337,  3.04
 833,320.00,   33398,  1.12,  -11955, -0.80,   45353,  3.04
 834,321.00,   32237,  1.08,  -13041, -0.87,   45278,  3.04
 835,322.00,   31365,  1.05,  -13918, -0.93,   45283,  3.04
 836,323.00,   31048,  1.04,  -14443, -0.97,   45491,  3.05
 837,324.00,   31355,  1.05,  -14575, -0.98,   45930,  3.08
 838,325.00,   32183,  1.08,  -14396, -0.97,   46579,  3.12
 839,326.00,   33408,  1.12,  -13997, -0.94,   47405,  3.18
 840,327.00,   34797,  1.17,  -13501, -0.91,   48298,  3.24
 841,328.00,   36124,  1.21,  -12994, -0.87,   49118,  3.29
 842,329.00,   37174,  1.25,  -12557, -0.84,   49731,  3.34
 843,330.00,   37736,  1.27,  -12269, -0.82,   50005,  3.35
 844,331.00,   37651,  1.26,  -12166, -0.82,   49817,  3.34
 845,332.00,   36962,  1.24,  -12133, -0.81,   49095,  3.29
 846,333.00,   35844,  1.20,  -12006, -0.81,   47850,  3.21
 847,334.00,   34477,  1.16,  -11651, -0.78,   46128,  3.09
 848,335.00,   32967,  1.11,  -11039, -0.74,   44006,  2.95
 849,336.00,   31472,  1.06,  -10162, -0.68,   41634,  2.79
 850,337.00,   30261,  1.01,   -8950, -0.60,   39211,  2.63
 851,338.00,   29590,  0.99,   -7335, -0.49,   36925,  2.48
 852,339.00,   29599,  0.99,   -5387, -0.36,   34986,  2.35
 853,340.00,   30228,  1.01,   -3326, -0.22,   33554,  2.25
 854,341.00,   31195,  1.05,   -1477, -0.10,   32672,  2.19
 855,342.00,   32252,  1.08,     -54, -0.00,   32306,  2.17
 856,343.00,   33354,  1.12,     979,  0.07,   32375,  2.17
 857,344.00,   34444,  1.16,    1741,  0.12,   32703,  2.19
 858,345.00,   35361,  1.19,    2244,  0.15,   33117,  2.22
 859,346.00,   35913,  1.20,    2407,  0.16,   33506,  2.25
 860,347.00,   35915,  1.20,    2141,  0.14,   33774,  2.27
 861,348.00,   35247,  1.18,    1456,  0.10,   33791,  2.27
 862,349.00,   33977,  1.14,     523,  0.04,   33454,  2.24
 863,350.00,   32244,  1.08,    -455, -0.03,   32699,  2.19
 864,351.00,   30191,  1.01,   -1395, -0.09,   31586,  2.12
 865,352.00,   28072,  0.94,   -2250, -0.15,   30322,  2.03
 866,353.00,   26214,  0.88,   -2923, -0.20,   29137,  1.95
 867,354.00,   24886,  0.83,   -3267, -0.22,   28153,  1.89
 868,355.00,   24187,  0.81,   -3201, -0.21,   27388,  1.84
 869,356.00,   24015,  0.81,   -2865, -0.19,   26880,  1.80
 870,357.00,   24136,  0.81,   -2640, -0.18,   26776,  1.80
 871,358.00,   24349,  0.82,   -2874, -0.19,   27223,  1.83
 872,359.00,   24571,  0.82,   -3671, -0.25,   28242,  1.89
 873,360.00,   24856,  0.83,   -4784, -0.32,   29640,  1.99
 874,361.00,   25221,  0.85,   -5824, -0.39,   31045,  2.08
 875,362.00,   25523,  0.86,   -6598, -0.44,   32121,  2.15
 876,363.00,   25559,  0.86,   -7189, -0.48,   32748,  2.20
 877,364.00,   25120,  0.84,   -7840, -0.53,   32960,  2.21
 878,365.00,   23997,  0.80,   -8830, -0.59,   32827,  2.20
 879,366.00,   22183,  0.74,  -10245, -0.69,   32428,  2.18
 880,367.00,   19762,  0.66,  -12005, -0.81,   31767,  2.13
 881,368.00,   16812,  0.56,  -13970, -0.94,   30782,  2.06
 882,369.00,   13533,  0.45,  -15929, -1.07,   29462,  1.98
 883,370.00,   10255,  0.34,  -17622, -1.18,   27877,  1.87
 884,371.00,    7261,  0.24,  -18877, -1.27,   26138,  1.75
 885,372.00,    4833,  0.16,  -19610, -1.32,   24443,  1.64
 886,373.00,    3153,  0.11,  -19899, -1.33,   23052,  1.55
 887,374.00,    2255,  0.08,  -19939, -1.34,   22194,  1.49
 888,375.00,    2132,  0.07,  -19908, -1.34,   22040,  1.48
 889,376.00,    2770,  0.09,  -19890, -1.33,   22660,  1.52
 890,377.00,    4002,  0.13,  -19900, -1.33,   23902,  1.60
 891,378.00,    5460,  0.18,  -19949, -1.34,   25409,  1.70
 892,379.00,    6649,  0.22,  -20134, -1.35,   26783,  1.80
 893,380.00,    7188,  0.24,  -20557, -1.38,   27745,  1.86
 894,381.00,    6923,  0.23,  -21272, -1.43,   28195,  1.89
 895,382.00,    5948,  0.20,  -22225, -1.49,   28173,  1.89
 896,383.00,    4477,  0.15,  -23253, -1.56,   27730,  1.86
 897,384.00,    2693,  0.09,  -24166, -1.62,   26859,  1.80
 898,385.00,     636,  0.02,  -24913, -1.67,   25549,  1.71
 899,386.00,   -1517, -0.05,  -25448, -1.71,   23931,  1.61
 900,387.00,   -3416, -0.11,  -25680, -1.72,   22264,  1.49
 901,388.00,   -4717, -0.16,  -25522, -1.71,   20805,  1.40
 902,389.00,   -5209, -0.17,  -24910, -1.67,   19701,  1.32
 903,390.00,   -4922, -0.17,  -23872, -1.60,   18950,  1.27
 904,391.00,   -4225, -0.14,  -22650, -1.52,   18425,  1.24
 905,392.00,   -3514, -0.12,  -21505, -1.44,   17991,  1.21
 906,393.00,   -2980, -0.10,  -20579, -1.38,   17599,  1.18
 907,394.00,   -2716, -0.09,  -19945, -1.34,   17229,  1.16
 908,395.00,   -2763, -0.09,  -19620, -1.32,   16857,  1.13
 909,396.00,   -3087, -0.10,  -19556, -1.31,   16469,  1.10
 910,397.00,   -3631, -0.12,  -19685, -1.32,   16054,  1.08
 911,398.00,   -4388, -0.15,  -19923, -1.34,   15535,  1.04
 912,399.00,   -5362, -0.18,  -20170, -1.35,   14808,  0.99
 913,400.00,   -6640, -0.22,  -20390, -1.37,   13750,  0.92
 914,401.00,   -8368, -0.28,  -20644, -1.38,   12276,  0.82
 915,402.00,  -10553, -0.35,  -20979, -1.41,   10426,  0.70
 916,403.00,  -12905, -0.43,  -21331, -1.43,    8426,  0.57
 917,404.00,  -15027, -0.50,  -21562, -1.45,    6535,  0.44
 918,405.00,  -16564, -0.56,  -21497, -1.44,    4933,  0.33
 919,406.00,  -17318, -0.58,  -21057, -1.41,    3739,  0.25
 920,407.00,  -17329, -0.58,  -20352, -1.37,    3023,  0.20
 921,408.00,  -16815, -0.56,  -19604, -1.31,    2789,  0.19
 922,409.00,  -15965, -0.54,  -19010, -1.28,    3045,  0.20
 923,410.00,  -14895, -0.50,  -18649, -1.25,    3754,  0.25
 924,411.00,  -13766, -0.46,  -18533, -1.24,    4767,  0.32
 925,412.00,  -12764, -0.43,  -18730, -1.26,    5966,  0.40
 926,413.00,  -12126, -0.41,  -19383, -1.30,    7257,  0.49
 927,414.00,  -12096, -0.41,  -20569, -1.38,    8473,  0.57
 928,415.00,  -12824, -0.43,  -22231, -1.49,    9407,  0.63
 929,416.00,  -14256, -0.48,  -24135, -1.62,    9879,  0.66
 930,417.00,  -16294, -0.55,  -26052, -1.75,    9758,  0.65
 931,418.00,  -18849, -0.63,  -27956, -1.88,    9107,  0.61
 932,419.00,  -21773, -0.73,  -29919, -2.01,    8146,  0.55
 933,420.00,  -24733, -0.83,  -31892, -2.14,    7159,  0.48
 934,421.00,  -27264, -0.91,  -33678, -2.26,    6414,  0.43
 935,422.00,  -28853, -0.97,  -34970, -2.35,    6117,  0.41
 936,423.00,  -29247, -0.98,  -35611, -2.39,    6364,  0.43
 937,424.00,  -28623, -0.96,  -35766, -2.40,    7143,  0.48
 938,425.00,  -27491, -0.92,  -35789, -2.40,    8298,  0.56
 939,426.00,  -26372, -0.88,  -35998, -2.41,    9626,  0.65
 940,427.00,  -25642, -0.86,  -36536, -2.45,   10894,  0.73
 941,428.00,  -25525, -0.86,  -37400, -2.51,   11875,  0.80
 942,429.00,  -26138, -0.88,  -38556, -2.59,   12418,  0.83
 943,430.00,  -27478, -0.92,  -39959, -2.68,   12481,  0.84
 944,431.00,  -29440, -0.99,  -41485, -2.78,   12045,  0.81
 945,432.00,  -31815, -1.07,  -42933, -2.88,   11118,  0.75
 946,433.00,  -34335, -1.15,  -44040, -2.95,    9705,  0.65
 947,434.00,  -36840, -1.24,  -44661, -3.00,    7821,  0.52
 948,435.00,  -39325, -1.32,  -44867, -3.01,    5542,  0.37
 949,436.00,  -41764, -1.40,  -44833, -3.01,    3069,  0.21
 950,437.00,  -44057, -1.48,  -44690, -3.00,     633,  0.04
 951,438.00,  -46033, -1.54,  -44426, -2.98,   -1607, -0.11
 952,439.00,  -47482, -1.59,  -43898, -2.94,   -3584, -0.24
 953,440.00,  -48294, -1.62,  -43021, -2.89,   -5273, -0.35
 954,441.00,  -48572, -1.63,  -41905, -2.81,   -6667, -0.45
 955,442.00,  -48571, -1.63,  -40843, -2.74,   -7728, -0.52
 956,443.00,  -48507, -1.63,  -40121, -2.69,   -8386, -0.56
 957,444.00,  -48475, -1.63,  -39818, -2.67,   -8657, -0.58
 958,445.00,  -48531, -1.63,  -39848, -2.67,   -8683, -0.58
 959,446.00,  -48801, -1.64,  -40128, -2.69,   -8673, -0.58
 960,447.00,  -49521, -1.66,  -40653, -2.73,   -8868, -0.59
 961,448.00,  -51010, -1.71,  -41531, -2.79,   -9479, -0.64
 962,449.00,  -53386, -1.79,  -42818, -2.87,  -10568, -0.71
 963,450.00,  -56392, -1.89,  -44341, -2.97,  -12051, -0.81
 964,451.00,  -59619, -2.00,  -45826, -3.07,  -13793, -0.93
 965,452.00,  -62728, -2.10,  -47055, -3.16,  -15673, -1.05
 966,453.00,  -65428, -2.19,  -47831, -3.21,  -17597, -1.18
 967,454.00,  -67568, -2.27,  -48051, -3.22,  -19517, -1.31
 968,455.00,  -69082, -2.32,  -47718, -3.20,  -21364, -1.43
 969,456.00,  -69844, -2.34,  -46872, -3.14,  -22972, -1.54
 970,457.00,  -69797, -2.34,  -45667, -3.06,  -24130, -1.62
 971,458.00,  -69071, -2.32,  -44350, -2.97,  -24721, -1.66
 972,459.00,  -67795, -2.27,  -43073, -2.89,  -24722, -1.66
 973,460.00,  -66033, -2.21,  -41805, -2.80,  -24228, -1.63
 974,461.00,  -63875, -2.14,  -40426, -2.71,  -23449, -1.57
 975,462.00,  -61426, -2.06,  -38856, -2.61,  -22570, -1.51
 976,463.00,  -58894, -1.98,  -37217, -2.50,  -21677, -1.45
 977,464.00,  -56684, -1.90,  -35836, -2.40,  -20848, -1.40
 978,465.00,  -55178, -1.85,  -35012, -2.35,  -20166, -1.35
 979,466.00,  -54433, -1.83,  -34708, -2.33,  -19725, -1.32
 980,467.00,  -54200, -1.82,  -34562, -2.32,  -19638, -1.32
 981,468.00,  -54098, -1.81,  -34151, -2.29,  -19947, -1.34
 982,469.00,  -53795, -1.80,  -33260, -2.23,  -20535, -1.38
 983,470.00,  -53125, -1.78,  -31964, -2.14,  -21161, -1.42
 984,471.00,  -52015, -1.74,  -30487, -2.04,  -21528, -1.44
 985,472.00,  -50330, -1.69,  -28928, -1.94,  -21402, -1.44
 986,473.00,  -47852, -1.60,  -27220, -1.83,  -20632, -1.38
 987,474.00,  -44522, -1.49,  -25335, -1.70,  -19187, -1.29
 988,475.00,  -40576, -1.36,  -23383, -1.57,  -17193, -1.15
 989,476.00,  -36427, -1.22,  -21557, -1.45,  -14870, -1.00
 990,477.00,  -32452, -1.09,  -20011, -1.34,  -12441, -0.83
 991,478.00,  -28919, -0.97,  -18775, -1.26,  -10144, -0.68
 992,479.00,  -25826, -0.87,  -17768, -1.19,   -8058, -0.54
 993,480.00,  -23048, -0.77,  -16935, -1.14,   -6113, -0.41
 994,481.00,  -20512, -0.69,  -16247, -1.09,   -4265, -0.29
 995,482.00,  -18247, -0.61,  -15659, -1.05,   -2588, -0.17
 996,483.00,  -16312, -0.55,  -15088, -1.01,   -1224, -0.08
 997,484.00,  -14817, -0.50,  -14473, -0.97,    -344, -0.02
 998,485.00,  -13784, -0.46,  -13823, -0.93,      39,  0.00
 999,486.00,  -13073, -0.44,  -13193, -0.88,     120,  0.00
1000,487.00,  -12376, -0.42,  -12538, -0.84,     162,  0.01
1001,488.00,  -11353, -0.38,  -11691, -0.78,     338,  0.02
1002,489.00,   -9677, -0.32,  -10415, -0.70,     738,  0.05
1003,490.00,   -7145, -0.24,   -8586, -0.58,    1441,  0.10
1004,491.00,   -3794, -0.13,   -6353, -0.43,    2559,  0.17
1005,492.00,     114,  0.00,   -4080, -0.27,    4194,  0.28
1006,493.00,    4267,  0.14,   -2081, -0.14,    6348,  0.43
1007,494.00,    8401,  0.28,    -473, -0.03,    8874,  0.60
1008,495.00,   12306,  0.41,     808,  0.05,   11498,  0.77
1009,496.00,   15821,  0.53,    1845,  0.12,   13976,  0.94
1010,497.00,   18750,  0.63,    2541,  0.17,   16209,  1.09
1011,498.00,   20801,  0.70,    2622,  0.18,   18179,  1.22
1012,499.00,   21788,  0.73,    1902,  0.13,   19886,  1.33
1013,500.00,   21818,  0.73,     479,  0.03,   21339,  1.43
1014,501.00,   21134,  0.71,   -1346, -0.09,   22480,  1.51
1015,502.00,   20022,  0.67,   -3210, -0.22,   23232,  1.56
1016,503.00,   18777,  0.63,   -4845, -0.32,   23622,  1.58
1017,504.00,   17823,  0.60,   -6153, -0.41,   23976,  1.61
1018,505.00,   17389,  0.58,   -7106, -0.48,   24495,  1.64
1019,506.00,   17619,  0.59,   -7674, -0.51,   25293,  1.70
1020,507.00,   18053,  0.61,   -7929, -0.53,   25982,  1.74
1021,508.00,   18380,  0.62,   -7990, -0.54,   26370,  1.77
1022,509.00,   18053,  0.61,   -7929, -0.53,   25982,  1.74
1023,510.00,   18053,  0.61,   -7929, -0.53,   25982,  1.74
1024,511.00,   18053,  0.61,   -7929, -0.53,   25982,  1.74
