-----------------------------------------------------------------------------------
Identifier:,IHS5922-20197N01
File Name:,MMLP70B.17
Ear:,L
Channel:,2
Intensity:,70 dB HL
Stim. Rate:,  1.10/s
Stim. Mode:,0
Sweeps:,184
Artifacts:,65
Smp. Period:,1000.00 us
Amp. Gain:, 50.00 K
Low Pass:, 30.00 Hz
High Pass:,  1.00 Hz
Notch Filter:,TRUE
Stimulus:,100
Stim. Freq.:,1000 Hz
Stim. Dur.:,2000 pnts
Masking:,0 dB SPL
Stim. Point:,513
-----------------------------------------------------------------------------------
Peak Information:,Label,Peak(+),Peak(+)(ms),Peak(-),Peak(-)(ms)
,20, 714,201.00, 796,283.00,
,19, 640,127.00, 712,199.00,
,18, 591,78.00, 638,125.00,
,17, 579,66.00, 591,78.00,
-----------------------------------------------------------------------------------


Data Pnt:,Data Pnt(ms):,Average:,Average(uV):,Buffer1:,Buffer1(uV):,Buffer2:,Buffer2(uV):
   1,-512.00,       0,  0.00,       0,  0.00,       0,  0.00
   2,-511.00,       0,  0.00,       0,  0.00,       0,  0.00
   3,-510.00,       0,  0.00,       0,  0.00,       0,  0.00
   4,-509.00,       0,  0.00,       0,  0.00,       0,  0.00
   5,-508.00,       0,  0.00,       0,  0.00,       0,  0.00
   6,-507.00,       0,  0.00,       0,  0.00,       0,  0.00
   7,-506.00,       0,  0.00,       0,  0.00,       0,  0.00
   8,-505.00,       0,  0.00,       0,  0.00,       0,  0.00
   9,-504.00,       0,  0.00,       0,  0.00,       0,  0.00
  10,-503.00,       0,  0.00,       0,  0.00,       0,  0.00
  11,-502.00,       0,  0.00,       0,  0.00,       0,  0.00
  12,-501.00,       0,  0.00,       0,  0.00,       0,  0.00
  13,-500.00,       0,  0.00,       0,  0.00,       0,  0.00
  14,-499.00,       0,  0.00,       0,  0.00,       0,  0.00
  15,-498.00,       0,  0.00,       0,  0.00,       0,  0.00
  16,-497.00,       0,  0.00,       0,  0.00,       0,  0.00
  17,-496.00,       0,  0.00,       0,  0.00,       0,  0.00
  18,-495.00,       0,  0.00,       0,  0.00,       0,  0.00
  19,-494.00,       0,  0.00,       0,  0.00,       0,  0.00
  20,-493.00,       0,  0.00,       0,  0.00,       0,  0.00
  21,-492.00,       0,  0.00,       0,  0.00,       0,  0.00
  22,-491.00,       0,  0.00,       0,  0.00,       0,  0.00
  23,-490.00,       0,  0.00,       0,  0.00,       0,  0.00
  24,-489.00,       0,  0.00,       0,  0.00,       0,  0.00
  25,-488.00,       0,  0.00,       0,  0.00,       0,  0.00
  26,-487.00,       0,  0.00,       0,  0.00,       0,  0.00
  27,-486.00,       0,  0.00,       0,  0.00,       0,  0.00
  28,-485.00,       0,  0.00,       0,  0.00,       0,  0.00
  29,-484.00,       0,  0.00,       0,  0.00,       0,  0.00
  30,-483.00,       0,  0.00,       0,  0.00,       0,  0.00
  31,-482.00,       0,  0.00,       0,  0.00,       0,  0.00
  32,-481.00,       0,  0.00,       0,  0.00,       0,  0.00
  33,-480.00,       0,  0.00,       0,  0.00,       0,  0.00
  34,-479.00,       0,  0.00,       0,  0.00,       0,  0.00
  35,-478.00,       0,  0.00,       0,  0.00,       0,  0.00
  36,-477.00,       0,  0.00,       0,  0.00,       0,  0.00
  37,-476.00,       0,  0.00,       0,  0.00,       0,  0.00
  38,-475.00,       0,  0.00,       0,  0.00,       0,  0.00
  39,-474.00,       0,  0.00,       0,  0.00,       0,  0.00
  40,-473.00,       0,  0.00,       0,  0.00,       0,  0.00
  41,-472.00,       0,  0.00,       0,  0.00,       0,  0.00
  42,-471.00,       0,  0.00,       0,  0.00,       0,  0.00
  43,-470.00,       0,  0.00,       0,  0.00,       0,  0.00
  44,-469.00,       0,  0.00,       0,  0.00,       0,  0.00
  45,-468.00,       0,  0.00,       0,  0.00,       0,  0.00
  46,-467.00,       0,  0.00,       0,  0.00,       0,  0.00
  47,-466.00,       0,  0.00,       0,  0.00,       0,  0.00
  48,-465.00,       0,  0.00,       0,  0.00,       0,  0.00
  49,-464.00,       0,  0.00,       0,  0.00,       0,  0.00
  50,-463.00,       0,  0.00,       0,  0.00,       0,  0.00
  51,-462.00,       0,  0.00,       0,  0.00,       0,  0.00
  52,-461.00,       0,  0.00,       0,  0.00,       0,  0.00
  53,-460.00,       0,  0.00,       0,  0.00,       0,  0.00
  54,-459.00,       0,  0.00,       0,  0.00,       0,  0.00
  55,-458.00,       0,  0.00,       0,  0.00,       0,  0.00
  56,-457.00,       0,  0.00,       0,  0.00,       0,  0.00
  57,-456.00,       0,  0.00,       0,  0.00,       0,  0.00
  58,-455.00,       0,  0.00,       0,  0.00,       0,  0.00
  59,-454.00,       0,  0.00,       0,  0.00,       0,  0.00
  60,-453.00,       0,  0.00,       0,  0.00,       0,  0.00
  61,-452.00,       0,  0.00,       0,  0.00,       0,  0.00
  62,-451.00,       0,  0.00,       0,  0.00,       0,  0.00
  63,-450.00,       0,  0.00,       0,  0.00,       0,  0.00
  64,-449.00,       0,  0.00,       0,  0.00,       0,  0.00
  65,-448.00,       0,  0.00,       0,  0.00,       0,  0.00
  66,-447.00,       0,  0.00,       0,  0.00,       0,  0.00
  67,-446.00,       0,  0.00,       0,  0.00,       0,  0.00
  68,-445.00,       0,  0.00,       0,  0.00,       0,  0.00
  69,-444.00,       0,  0.00,       0,  0.00,       0,  0.00
  70,-443.00,       0,  0.00,       0,  0.00,       0,  0.00
  71,-442.00,       0,  0.00,       0,  0.00,       0,  0.00
  72,-441.00,       0,  0.00,       0,  0.00,       0,  0.00
  73,-440.00,       0,  0.00,       0,  0.00,       0,  0.00
  74,-439.00,       0,  0.00,       0,  0.00,       0,  0.00
  75,-438.00,       0,  0.00,       0,  0.00,       0,  0.00
  76,-437.00,       0,  0.00,       0,  0.00,       0,  0.00
  77,-436.00,       0,  0.00,       0,  0.00,       0,  0.00
  78,-435.00,       0,  0.00,       0,  0.00,       0,  0.00
  79,-434.00,       0,  0.00,       0,  0.00,       0,  0.00
  80,-433.00,       0,  0.00,       0,  0.00,       0,  0.00
  81,-432.00,       0,  0.00,       0,  0.00,       0,  0.00
  82,-431.00,       0,  0.00,       0,  0.00,       0,  0.00
  83,-430.00,       0,  0.00,       0,  0.00,       0,  0.00
  84,-429.00,       0,  0.00,       0,  0.00,       0,  0.00
  85,-428.00,       0,  0.00,       0,  0.00,       0,  0.00
  86,-427.00,       0,  0.00,       0,  0.00,       0,  0.00
  87,-426.00,       0,  0.00,       0,  0.00,       0,  0.00
  88,-425.00,       0,  0.00,       0,  0.00,       0,  0.00
  89,-424.00,       0,  0.00,       0,  0.00,       0,  0.00
  90,-423.00,       0,  0.00,       0,  0.00,       0,  0.00
  91,-422.00,       0,  0.00,       0,  0.00,       0,  0.00
  92,-421.00,       0,  0.00,       0,  0.00,       0,  0.00
  93,-420.00,       0,  0.00,       0,  0.00,       0,  0.00
  94,-419.00,       0,  0.00,       0,  0.00,       0,  0.00
  95,-418.00,       0,  0.00,       0,  0.00,       0,  0.00
  96,-417.00,       0,  0.00,       0,  0.00,       0,  0.00
  97,-416.00,       0,  0.00,       0,  0.00,       0,  0.00
  98,-415.00,       0,  0.00,       0,  0.00,       0,  0.00
  99,-414.00,       0,  0.00,       0,  0.00,       0,  0.00
 100,-413.00,       0,  0.00,       0,  0.00,       0,  0.00
 101,-412.00,       0,  0.00,       0,  0.00,       0,  0.00
 102,-411.00,       0,  0.00,       0,  0.00,       0,  0.00
 103,-410.00,       0,  0.00,       0,  0.00,       0,  0.00
 104,-409.00,       2,  0.00,       0,  0.00,       2,  0.00
 105,-408.00,     -13, -0.00,      -2, -0.00,     -11, -0.00
 106,-407.00,     -10, -0.00,      -2, -0.00,      -8, -0.00
 107,-406.00,      60,  0.00,      10,  0.00,      50,  0.00
 108,-405.00,     142,  0.00,      24,  0.00,     118,  0.00
 109,-404.00,      45,  0.00,      12,  0.00,      33,  0.00
 110,-403.00,    -443, -0.01,     -65, -0.00,    -378, -0.03
 111,-402.00,   -1333, -0.04,    -227, -0.02,   -1106, -0.07
 112,-401.00,   -1813, -0.06,    -359, -0.02,   -1454, -0.10
 113,-400.00,    -434, -0.01,    -209, -0.01,    -225, -0.01
 114,-399.00,    4116,  0.14,     534,  0.04,    3582,  0.24
 115,-398.00,   12122,  0.40,    2084,  0.14,   10038,  0.67
 116,-397.00,   22348,  0.74,    4386,  0.29,   17962,  1.19
 117,-396.00,   32329,  1.07,    7005,  0.46,   25324,  1.68
 118,-395.00,   39958,  1.33,    9325,  0.62,   30633,  2.03
 119,-394.00,   44307,  1.47,   10782,  0.72,   33525,  2.22
 120,-393.00,   45785,  1.52,   11133,  0.74,   34652,  2.30
 121,-392.00,   45602,  1.51,   10552,  0.70,   35050,  2.33
 122,-391.00,   44900,  1.49,    9484,  0.63,   35416,  2.35
 123,-390.00,   44066,  1.46,    8261,  0.55,   35805,  2.38
 124,-389.00,   42983,  1.43,    6915,  0.46,   36068,  2.39
 125,-388.00,   41185,  1.37,    5158,  0.34,   36027,  2.39
 126,-387.00,   38244,  1.27,    2645,  0.18,   35599,  2.36
 127,-386.00,   34092,  1.13,    -679, -0.05,   34771,  2.31
 128,-385.00,   29074,  0.96,   -4431, -0.29,   33505,  2.22
 129,-384.00,   23739,  0.79,   -7980, -0.53,   31719,  2.10
 130,-383.00,   18635,  0.62,  -10749, -0.71,   29384,  1.95
 131,-382.00,   14027,  0.47,  -12497, -0.83,   26524,  1.76
 132,-381.00,    9925,  0.33,  -13379, -0.89,   23304,  1.55
 133,-380.00,    6309,  0.21,  -13707, -0.91,   20016,  1.33
 134,-379.00,    3433,  0.11,  -13631, -0.90,   17064,  1.13
 135,-378.00,    1867,  0.06,  -12997, -0.86,   14864,  0.99
 136,-377.00,    2212,  0.07,  -11468, -0.76,   13680,  0.91
 137,-376.00,    4576,  0.15,   -8904, -0.59,   13480,  0.89
 138,-375.00,    8213,  0.27,   -5736, -0.38,   13949,  0.93
 139,-374.00,   11640,  0.39,   -2937, -0.19,   14577,  0.97
 140,-373.00,   13329,  0.44,   -1571, -0.10,   14900,  0.99
 141,-372.00,   12483,  0.41,   -2196, -0.15,   14679,  0.97
 142,-371.00,    9499,  0.32,   -4467, -0.30,   13966,  0.93
 143,-370.00,    5742,  0.19,   -7297, -0.48,   13039,  0.87
 144,-369.00,    2732,  0.09,   -9528, -0.63,   12260,  0.81
 145,-368.00,    1320,  0.04,  -10580, -0.70,   11900,  0.79
 146,-367.00,    1349,  0.04,  -10711, -0.71,   12060,  0.80
 147,-366.00,    1843,  0.06,  -10767, -0.71,   12610,  0.84
 148,-365.00,    1772,  0.06,  -11485, -0.76,   13257,  0.88
 149,-364.00,     736,  0.02,  -12939, -0.86,   13675,  0.91
 150,-363.00,    -888, -0.03,  -14556, -0.97,   13668,  0.91
 151,-362.00,   -2312, -0.08,  -15544, -1.03,   13232,  0.88
 152,-361.00,   -2926, -0.10,  -15438, -1.02,   12512,  0.83
 153,-360.00,   -2740, -0.09,  -14365, -0.95,   11625,  0.77
 154,-359.00,   -2226, -0.07,  -12768, -0.85,   10542,  0.70
 155,-358.00,   -1789, -0.06,  -10926, -0.72,    9137,  0.61
 156,-357.00,   -1410, -0.05,   -8762, -0.58,    7352,  0.49
 157,-356.00,    -591, -0.02,   -5959, -0.40,    5368,  0.36
 158,-355.00,    1355,  0.04,   -2257, -0.15,    3612,  0.24
 159,-354.00,    4799,  0.16,    2259,  0.15,    2540,  0.17
 160,-353.00,    9511,  0.32,    7121,  0.47,    2390,  0.16
 161,-352.00,   14717,  0.49,   11659,  0.77,    3058,  0.20
 162,-351.00,   19377,  0.64,   15218,  1.01,    4159,  0.28
 163,-350.00,   22700,  0.75,   17432,  1.16,    5268,  0.35
 164,-349.00,   24561,  0.81,   18452,  1.22,    6109,  0.41
 165,-348.00,   25522,  0.85,   18902,  1.25,    6620,  0.44
 166,-347.00,   26398,  0.88,   19504,  1.29,    6894,  0.46
 167,-346.00,   27728,  0.92,   20639,  1.37,    7089,  0.47
 168,-345.00,   29457,  0.98,   22091,  1.47,    7366,  0.49
 169,-344.00,   31046,  1.03,   23185,  1.54,    7861,  0.52
 170,-343.00,   31883,  1.06,   23243,  1.54,    8640,  0.57
 171,-342.00,   31642,  1.05,   21982,  1.46,    9660,  0.64
 172,-341.00,   30329,  1.01,   19586,  1.30,   10743,  0.71
 173,-340.00,   28244,  0.94,   16620,  1.10,   11624,  0.77
 174,-339.00,   25987,  0.86,   13900,  0.92,   12087,  0.80
 175,-338.00,   24360,  0.81,   12310,  0.82,   12050,  0.80
 176,-337.00,   24148,  0.80,   12554,  0.83,   11594,  0.77
 177,-336.00,   25734,  0.85,   14825,  0.98,   10909,  0.72
 178,-335.00,   28723,  0.95,   18530,  1.23,   10193,  0.68
 179,-334.00,   31979,  1.06,   22422,  1.49,    9557,  0.63
 180,-333.00,   34141,  1.13,   25149,  1.67,    8992,  0.60
 181,-332.00,   34260,  1.14,   25884,  1.72,    8376,  0.56
 182,-331.00,   32227,  1.07,   24676,  1.64,    7551,  0.50
 183,-330.00,   28814,  0.96,   22350,  1.48,    6464,  0.43
 184,-329.00,   25251,  0.84,   19965,  1.32,    5286,  0.35
 185,-328.00,   22651,  0.75,   18247,  1.21,    4404,  0.29
 186,-327.00,   21542,  0.71,   17312,  1.15,    4230,  0.28
 187,-326.00,   21735,  0.72,   16770,  1.11,    4965,  0.33
 188,-325.00,   22556,  0.75,   16091,  1.07,    6465,  0.43
 189,-324.00,   23362,  0.77,   15014,  1.00,    8348,  0.55
 190,-323.00,   23851,  0.79,   13632,  0.90,   10219,  0.68
 191,-322.00,   24054,  0.80,   12199,  0.81,   11855,  0.79
 192,-321.00,   24102,  0.80,   10887,  0.72,   13215,  0.88
 193,-320.00,   24059,  0.80,    9699,  0.64,   14360,  0.95
 194,-319.00,   23966,  0.80,    8552,  0.57,   15414,  1.02
 195,-318.00,   24055,  0.80,    7492,  0.50,   16563,  1.10
 196,-317.00,   24724,  0.82,    6738,  0.45,   17986,  1.19
 197,-316.00,   26259,  0.87,    6531,  0.43,   19728,  1.31
 198,-315.00,   28544,  0.95,    6962,  0.46,   21582,  1.43
 199,-314.00,   31022,  1.03,    7882,  0.52,   23140,  1.54
 200,-313.00,   33001,  1.09,    8964,  0.59,   24037,  1.59
 201,-312.00,   34087,  1.13,    9873,  0.66,   24214,  1.61
 202,-311.00,   34357,  1.14,   10413,  0.69,   23944,  1.59
 203,-310.00,   34212,  1.13,   10558,  0.70,   23654,  1.57
 204,-309.00,   34082,  1.13,   10417,  0.69,   23665,  1.57
 205,-308.00,   34179,  1.13,   10139,  0.67,   24040,  1.59
 206,-307.00,   34515,  1.14,    9867,  0.65,   24648,  1.64
 207,-306.00,   35007,  1.16,    9680,  0.64,   25327,  1.68
 208,-305.00,   35565,  1.18,    9552,  0.63,   26013,  1.73
 209,-304.00,   36132,  1.20,    9353,  0.62,   26779,  1.78
 210,-303.00,   36639,  1.22,    8902,  0.59,   27737,  1.84
 211,-302.00,   36954,  1.23,    8085,  0.54,   28869,  1.92
 212,-301.00,   36983,  1.23,    7013,  0.47,   29970,  1.99
 213,-300.00,   36727,  1.22,    6025,  0.40,   30702,  2.04
 214,-299.00,   36337,  1.21,    5547,  0.37,   30790,  2.04
 215,-298.00,   36019,  1.19,    5836,  0.39,   30183,  2.00
 216,-297.00,   35835,  1.19,    6808,  0.45,   29027,  1.93
 217,-296.00,   35585,  1.18,    8089,  0.54,   27496,  1.82
 218,-295.00,   34971,  1.16,    9281,  0.62,   25690,  1.70
 219,-294.00,   33867,  1.12,   10187,  0.68,   23680,  1.57
 220,-293.00,   32507,  1.08,   10834,  0.72,   21673,  1.44
 221,-292.00,   31310,  1.04,   11290,  0.75,   20020,  1.33
 222,-291.00,   30488,  1.01,   11493,  0.76,   18995,  1.26
 223,-290.00,   29859,  0.99,   11317,  0.75,   18542,  1.23
 224,-289.00,   29019,  0.96,   10760,  0.71,   18259,  1.21
 225,-288.00,   27665,  0.92,    9998,  0.66,   17667,  1.17
 226,-287.00,   25805,  0.86,    9194,  0.61,   16611,  1.10
 227,-286.00,   23596,  0.78,    8237,  0.55,   15359,  1.02
 228,-285.00,   21095,  0.70,    6723,  0.45,   14372,  0.95
 229,-284.00,   18252,  0.61,    4291,  0.28,   13961,  0.93
 230,-283.00,   15091,  0.50,    1008,  0.07,   14083,  0.93
 231,-282.00,   11826,  0.39,   -2576, -0.17,   14402,  0.96
 232,-281.00,    8815,  0.29,   -5768, -0.38,   14583,  0.97
 233,-280.00,    6290,  0.21,   -8182, -0.54,   14472,  0.96
 234,-279.00,    4241,  0.14,   -9904, -0.66,   14145,  0.94
 235,-278.00,    2524,  0.08,  -11275, -0.75,   13799,  0.92
 236,-277.00,    1056,  0.04,  -12502, -0.83,   13558,  0.90
 237,-276.00,     -67, -0.00,  -13411, -0.89,   13344,  0.89
 238,-275.00,    -616, -0.02,  -13564, -0.90,   12948,  0.86
 239,-274.00,    -428, -0.01,  -12596, -0.84,   12168,  0.81
 240,-273.00,     462,  0.02,  -10506, -0.70,   10968,  0.73
 241,-272.00,    1779,  0.06,   -7770, -0.52,    9549,  0.63
 242,-271.00,    3062,  0.10,   -5167, -0.34,    8229,  0.55
 243,-270.00,    3853,  0.13,   -3406, -0.23,    7259,  0.48
 244,-269.00,    3943,  0.13,   -2818, -0.19,    6761,  0.45
 245,-268.00,    3458,  0.11,   -3253, -0.22,    6711,  0.45
 246,-267.00,    2759,  0.09,   -4234, -0.28,    6993,  0.46
 247,-266.00,    2192,  0.07,   -5286, -0.35,    7478,  0.50
 248,-265.00,    1818,  0.06,   -6196, -0.41,    8014,  0.53
 249,-264.00,    1439,  0.05,   -7008, -0.46,    8447,  0.56
 250,-263.00,     840,  0.03,   -7847, -0.52,    8687,  0.58
 251,-262.00,      -9, -0.00,   -8755, -0.58,    8746,  0.58
 252,-261.00,    -980, -0.03,   -9672, -0.64,    8692,  0.58
 253,-260.00,   -1936, -0.06,  -10528, -0.70,    8592,  0.57
 254,-259.00,   -2884, -0.10,  -11312, -0.75,    8428,  0.56
 255,-258.00,   -3917, -0.13,  -12011, -0.80,    8094,  0.54
 256,-257.00,   -5045, -0.17,  -12531, -0.83,    7486,  0.50
 257,-256.00,   -6131, -0.20,  -12726, -0.84,    6595,  0.44
 258,-255.00,   -7077, -0.23,  -12566, -0.83,    5489,  0.36
 259,-254.00,   -7955, -0.26,  -12209, -0.81,    4254,  0.28
 260,-253.00,   -9033, -0.30,  -11942, -0.79,    2909,  0.19
 261,-252.00,  -10603, -0.35,  -11987, -0.80,    1384,  0.09
 262,-251.00,  -12800, -0.42,  -12385, -0.82,    -415, -0.03
 263,-250.00,  -15543, -0.52,  -13052, -0.87,   -2491, -0.17
 264,-249.00,  -18712, -0.62,  -13963, -0.93,   -4749, -0.32
 265,-248.00,  -22222, -0.74,  -15160, -1.01,   -7062, -0.47
 266,-247.00,  -25956, -0.86,  -16601, -1.10,   -9355, -0.62
 267,-246.00,  -29702, -0.99,  -18060, -1.20,  -11642, -0.77
 268,-245.00,  -33120, -1.10,  -19201, -1.27,  -13919, -0.92
 269,-244.00,  -35883, -1.19,  -19826, -1.32,  -16057, -1.07
 270,-243.00,  -37908, -1.26,  -20078, -1.33,  -17830, -1.18
 271,-242.00,  -39283, -1.30,  -20226, -1.34,  -19057, -1.26
 272,-241.00,  -40065, -1.33,  -20311, -1.35,  -19754, -1.31
 273,-240.00,  -40180, -1.33,  -20044, -1.33,  -20136, -1.34
 274,-239.00,  -39514, -1.31,  -19083, -1.27,  -20431, -1.36
 275,-238.00,  -38108, -1.26,  -17445, -1.16,  -20663, -1.37
 276,-237.00,  -36258, -1.20,  -15647, -1.04,  -20611, -1.37
 277,-236.00,  -34176, -1.13,  -14240, -0.94,  -19936, -1.32
 278,-235.00,  -31683, -1.05,  -13269, -0.88,  -18414, -1.22
 279,-234.00,  -28293, -0.94,  -12170, -0.81,  -16123, -1.07
 280,-233.00,  -23684, -0.79,  -10220, -0.68,  -13464, -0.89
 281,-232.00,  -18154, -0.60,   -7131, -0.47,  -11023, -0.73
 282,-231.00,  -12650, -0.42,   -3301, -0.22,   -9349, -0.62
 283,-230.00,   -8123, -0.27,     575,  0.04,   -8698, -0.58
 284,-229.00,   -4897, -0.16,    4020,  0.27,   -8917, -0.59
 285,-228.00,   -2611, -0.09,    6943,  0.46,   -9554, -0.63
 286,-227.00,    -675, -0.02,    9436,  0.63,  -10111, -0.67
 287,-226.00,    1135,  0.04,   11458,  0.76,  -10323, -0.68
 288,-225.00,    2453,  0.08,   12733,  0.84,  -10280, -0.68
 289,-224.00,    2765,  0.09,   13035,  0.86,  -10270, -0.68
 290,-223.00,    1907,  0.06,   12463,  0.83,  -10556, -0.70
 291,-222.00,     210,  0.00,   11444,  0.76,  -11234, -0.75
 292,-221.00,   -1698, -0.06,   10531,  0.70,  -12229, -0.81
 293,-220.00,   -3304, -0.11,   10107,  0.67,  -13411, -0.89
 294,-219.00,   -4446, -0.15,   10227,  0.68,  -14673, -0.97
 295,-218.00,   -5153, -0.17,   10736,  0.71,  -15889, -1.05
 296,-217.00,   -5546, -0.18,   11372,  0.75,  -16918, -1.12
 297,-216.00,   -5820, -0.19,   11835,  0.79,  -17655, -1.17
 298,-215.00,   -6295, -0.21,   11810,  0.78,  -18105, -1.20
 299,-214.00,   -7436, -0.25,   10958,  0.73,  -18394, -1.22
 300,-213.00,   -9620, -0.32,    9021,  0.60,  -18641, -1.24
 301,-212.00,  -12738, -0.42,    6031,  0.40,  -18769, -1.25
 302,-211.00,  -16151, -0.54,    2350,  0.16,  -18501, -1.23
 303,-210.00,  -18970, -0.63,   -1396, -0.09,  -17574, -1.17
 304,-209.00,  -20524, -0.68,   -4509, -0.30,  -16015, -1.06
 305,-208.00,  -20704, -0.69,   -6447, -0.43,  -14257, -0.95
 306,-207.00,  -19869, -0.66,   -6969, -0.46,  -12900, -0.86
 307,-206.00,  -18469, -0.61,   -6168, -0.41,  -12301, -0.82
 308,-205.00,  -16811, -0.56,   -4523, -0.30,  -12288, -0.82
 309,-204.00,  -15039, -0.50,   -2769, -0.18,  -12270, -0.81
 310,-203.00,  -13288, -0.44,   -1633, -0.11,  -11655, -0.77
 311,-202.00,  -11841, -0.39,   -1573, -0.10,  -10268, -0.68
 312,-201.00,  -11066, -0.37,   -2610, -0.17,   -8456, -0.56
 313,-200.00,  -11228, -0.37,   -4372, -0.29,   -6856, -0.45
 314,-199.00,  -12308, -0.41,   -6306, -0.42,   -6002, -0.40
 315,-198.00,  -13885, -0.46,   -7813, -0.52,   -6072, -0.40
 316,-197.00,  -15288, -0.51,   -8382, -0.56,   -6906, -0.46
 317,-196.00,  -15994, -0.53,   -7810, -0.52,   -8184, -0.54
 318,-195.00,  -15989, -0.53,   -6402, -0.42,   -9587, -0.64
 319,-194.00,  -15859, -0.53,   -4966, -0.33,  -10893, -0.72
 320,-193.00,  -16403, -0.54,   -4435, -0.29,  -11968, -0.79
 321,-192.00,  -18002, -0.60,   -5261, -0.35,  -12741, -0.85
 322,-191.00,  -20302, -0.67,   -7107, -0.47,  -13195, -0.88
 323,-190.00,  -22477, -0.75,   -9131, -0.61,  -13346, -0.89
 324,-189.00,  -23753, -0.79,  -10586, -0.70,  -13167, -0.87
 325,-188.00,  -23855, -0.79,  -11267, -0.75,  -12588, -0.84
 326,-187.00,  -23016, -0.76,  -11455, -0.76,  -11561, -0.77
 327,-186.00,  -21659, -0.72,  -11523, -0.76,  -10136, -0.67
 328,-185.00,  -20094, -0.67,  -11617, -0.77,   -8477, -0.56
 329,-184.00,  -18457, -0.61,  -11677, -0.77,   -6780, -0.45
 330,-183.00,  -16755, -0.56,  -11619, -0.77,   -5136, -0.34
 331,-182.00,  -14949, -0.50,  -11478, -0.76,   -3471, -0.23
 332,-181.00,  -13030, -0.43,  -11396, -0.76,   -1634, -0.11
 333,-180.00,  -11027, -0.37,  -11526, -0.76,     499,  0.03
 334,-179.00,   -8983, -0.30,  -11935, -0.79,    2952,  0.20
 335,-178.00,   -6977, -0.23,  -12564, -0.83,    5587,  0.37
 336,-177.00,   -5057, -0.17,  -13168, -0.87,    8111,  0.54
 337,-176.00,   -3153, -0.10,  -13342, -0.89,   10189,  0.68
 338,-175.00,   -1082, -0.04,  -12652, -0.84,   11570,  0.77
 339,-174.00,    1373,  0.05,  -10885, -0.72,   12258,  0.81
 340,-173.00,    4328,  0.14,   -8219, -0.55,   12547,  0.83
 341,-172.00,    7625,  0.25,   -5186, -0.34,   12811,  0.85
 342,-171.00,   10845,  0.36,   -2412, -0.16,   13257,  0.88
 343,-170.00,   13550,  0.45,    -283, -0.02,   13833,  0.92
 344,-169.00,   15565,  0.52,    1256,  0.08,   14309,  0.95
 345,-168.00,   17075,  0.57,    2579,  0.17,   14496,  0.96
 346,-167.00,   18509,  0.61,    4125,  0.27,   14384,  0.95
 347,-166.00,   20243,  0.67,    6190,  0.41,   14053,  0.93
 348,-165.00,   22358,  0.74,    8789,  0.58,   13569,  0.90
 349,-164.00,   24686,  0.82,   11741,  0.78,   12945,  0.86
 350,-163.00,   26981,  0.90,   14790,  0.98,   12191,  0.81
 351,-162.00,   29017,  0.96,   17617,  1.17,   11400,  0.76
 352,-161.00,   30633,  1.02,   19883,  1.32,   10750,  0.71
 353,-160.00,   31680,  1.05,   21284,  1.41,   10396,  0.69
 354,-159.00,   31973,  1.06,   21611,  1.43,   10362,  0.69
 355,-158.00,   31405,  1.04,   20892,  1.39,   10513,  0.70
 356,-157.00,   30055,  1.00,   19449,  1.29,   10606,  0.70
 357,-156.00,   28289,  0.94,   17857,  1.18,   10432,  0.69
 358,-155.00,   26696,  0.89,   16752,  1.11,    9944,  0.66
 359,-154.00,   25822,  0.86,   16529,  1.10,    9293,  0.62
 360,-153.00,   25833,  0.86,   17094,  1.13,    8739,  0.58
 361,-152.00,   26295,  0.87,   17805,  1.18,    8490,  0.56
 362,-151.00,   26322,  0.87,   17751,  1.18,    8571,  0.57
 363,-150.00,   25122,  0.83,   16277,  1.08,    8845,  0.59
 364,-149.00,   22534,  0.75,   13379,  0.89,    9155,  0.61
 365,-148.00,   19172,  0.64,    9712,  0.64,    9460,  0.63
 366,-147.00,   16127,  0.53,    6261,  0.42,    9866,  0.65
 367,-146.00,   14267,  0.47,    3770,  0.25,   10497,  0.70
 368,-145.00,   13726,  0.46,    2409,  0.16,   11317,  0.75
 369,-144.00,   13903,  0.46,    1807,  0.12,   12096,  0.80
 370,-143.00,   13836,  0.46,    1286,  0.09,   12550,  0.83
 371,-142.00,   12708,  0.42,     188,  0.01,   12520,  0.83
 372,-141.00,   10276,  0.34,   -1839, -0.12,   12115,  0.80
 373,-140.00,    6867,  0.23,   -4751, -0.32,   11618,  0.77
 374,-139.00,    3102,  0.10,   -8136, -0.54,   11238,  0.75
 375,-138.00,    -410, -0.01,  -11392, -0.76,   10982,  0.73
 376,-137.00,   -3371, -0.11,  -14068, -0.93,   10697,  0.71
 377,-136.00,   -5853, -0.19,  -16077, -1.07,   10224,  0.68
 378,-135.00,   -8128, -0.27,  -17692, -1.17,    9564,  0.63
 379,-134.00,  -10506, -0.35,  -19343, -1.28,    8837,  0.59
 380,-133.00,  -13182, -0.44,  -21310, -1.41,    8128,  0.54
 381,-132.00,  -16060, -0.53,  -23500, -1.56,    7440,  0.49
 382,-131.00,  -18738, -0.62,  -25512, -1.69,    6774,  0.45
 383,-130.00,  -20589, -0.68,  -26832, -1.78,    6243,  0.41
 384,-129.00,  -21035, -0.70,  -27122, -1.80,    6087,  0.40
 385,-128.00,  -19968, -0.66,  -26471, -1.76,    6503,  0.43
 386,-127.00,  -17978, -0.60,  -25417, -1.69,    7439,  0.49
 387,-126.00,  -16079, -0.53,  -24706, -1.64,    8627,  0.57
 388,-125.00,  -15192, -0.50,  -24977, -1.66,    9785,  0.65
 389,-124.00,  -15581, -0.52,  -26400, -1.75,   10819,  0.72
 390,-123.00,  -16682, -0.55,  -28542, -1.89,   11860,  0.79
 391,-122.00,  -17509, -0.58,  -30542, -2.03,   13033,  0.86
 392,-121.00,  -17239, -0.57,  -31451, -2.09,   14212,  0.94
 393,-120.00,  -15570, -0.52,  -30608, -2.03,   15038,  1.00
 394,-119.00,  -12759, -0.42,  -27944, -1.85,   15185,  1.01
 395,-118.00,   -9330, -0.31,  -23965, -1.59,   14635,  0.97
 396,-117.00,   -5738, -0.19,  -19521, -1.30,   13783,  0.91
 397,-116.00,   -2225, -0.07,  -15464, -1.03,   13239,  0.88
 398,-115.00,    1133,  0.04,  -12313, -0.82,   13446,  0.89
 399,-114.00,    4296,  0.14,  -10148, -0.67,   14444,  0.96
 400,-113.00,    7128,  0.24,   -8752, -0.58,   15880,  1.05
 401,-112.00,    9435,  0.31,   -7759, -0.51,   17194,  1.14
 402,-111.00,   11135,  0.37,   -6783, -0.45,   17918,  1.19
 403,-110.00,   12302,  0.41,   -5548, -0.37,   17850,  1.18
 404,-109.00,   13123,  0.44,   -3899, -0.26,   17022,  1.13
 405,-108.00,   13728,  0.46,   -1884, -0.12,   15612,  1.04
 406,-107.00,   14087,  0.47,     213,  0.01,   13874,  0.92
 407,-106.00,   14151,  0.47,    2043,  0.14,   12108,  0.80
 408,-105.00,   13987,  0.46,    3367,  0.22,   10620,  0.70
 409,-104.00,   13650,  0.45,    4039,  0.27,    9611,  0.64
 410,-103.00,   13018,  0.43,    4016,  0.27,    9002,  0.60
 411,-102.00,   11679,  0.39,    3256,  0.22,    8423,  0.56
 412,-101.00,    9175,  0.30,    1730,  0.11,    7445,  0.49
 413,-100.00,    5438,  0.18,    -424, -0.03,    5862,  0.39
 414,-99.00,    1022,  0.03,   -2789, -0.19,    3811,  0.25
 415,-98.00,   -3127, -0.10,   -4803, -0.32,    1676,  0.11
 416,-97.00,   -6102, -0.20,   -5917, -0.39,    -185, -0.01
 417,-96.00,   -7498, -0.25,   -5877, -0.39,   -1621, -0.11
 418,-95.00,   -7568, -0.25,   -4917, -0.33,   -2651, -0.18
 419,-94.00,   -7055, -0.23,   -3678, -0.24,   -3377, -0.22
 420,-93.00,   -6844, -0.23,   -2889, -0.19,   -3955, -0.26
 421,-92.00,   -7524, -0.25,   -2998, -0.20,   -4526, -0.30
 422,-91.00,   -9047, -0.30,   -3905, -0.26,   -5142, -0.34
 423,-90.00,  -10777, -0.36,   -5114, -0.34,   -5663, -0.38
 424,-89.00,  -11865, -0.39,   -6145, -0.41,   -5720, -0.38
 425,-88.00,  -11782, -0.39,   -6842, -0.45,   -4940, -0.33
 426,-87.00,  -10678, -0.35,   -7384, -0.49,   -3294, -0.22
 427,-86.00,   -9300, -0.31,   -8074, -0.54,   -1226, -0.08
 428,-85.00,   -8482, -0.28,   -9050, -0.60,     568,  0.04
 429,-84.00,   -8710, -0.29,  -10264, -0.68,    1554,  0.10
 430,-83.00,   -9911, -0.33,  -11607, -0.77,    1696,  0.11
 431,-82.00,  -11624, -0.39,  -12999, -0.86,    1375,  0.09
 432,-81.00,  -13316, -0.44,  -14369, -0.95,    1053,  0.07
 433,-80.00,  -14568, -0.48,  -15566, -1.03,     998,  0.07
 434,-79.00,  -15011, -0.50,  -16248, -1.08,    1237,  0.08
 435,-78.00,  -14370, -0.48,  -16026, -1.06,    1656,  0.11
 436,-77.00,  -12606, -0.42,  -14755, -0.98,    2149,  0.14
 437,-76.00,  -10167, -0.34,  -12801, -0.85,    2634,  0.17
 438,-75.00,   -7923, -0.26,  -11015, -0.73,    3092,  0.21
 439,-74.00,   -6708, -0.22,  -10306, -0.68,    3598,  0.24
 440,-73.00,   -6730, -0.22,  -11019, -0.73,    4289,  0.28
 441,-72.00,   -7423, -0.25,  -12669, -0.84,    5246,  0.35
 442,-71.00,   -7765, -0.26,  -14187, -0.94,    6422,  0.43
 443,-70.00,   -6913, -0.23,  -14588, -0.97,    7675,  0.51
 444,-69.00,   -4603, -0.15,  -13525, -0.90,    8922,  0.59
 445,-68.00,   -1151, -0.04,  -11373, -0.75,   10222,  0.68
 446,-67.00,    2684,  0.09,   -8957, -0.59,   11641,  0.77
 447,-66.00,    5906,  0.20,   -7169, -0.48,   13075,  0.87
 448,-65.00,    7555,  0.25,   -6677, -0.44,   14232,  0.94
 449,-64.00,    7027,  0.23,   -7783, -0.52,   14810,  0.98
 450,-63.00,    4461,  0.15,  -10288, -0.68,   14749,  0.98
 451,-62.00,     821,  0.03,  -13452, -0.89,   14273,  0.95
 452,-61.00,   -2559, -0.08,  -16236, -1.08,   13677,  0.91
 453,-60.00,   -4617, -0.15,  -17723, -1.18,   13106,  0.87
 454,-59.00,   -5096, -0.17,  -17581, -1.17,   12485,  0.83
 455,-58.00,   -4606, -0.15,  -16257, -1.08,   11651,  0.77
 456,-57.00,   -4145, -0.14,  -14721, -0.98,   10576,  0.70
 457,-56.00,   -4538, -0.15,  -13955, -0.93,    9417,  0.62
 458,-55.00,   -6141, -0.20,  -14486, -0.96,    8345,  0.55
 459,-54.00,   -8748, -0.29,  -16137, -1.07,    7389,  0.49
 460,-53.00,  -11863, -0.39,  -18224, -1.21,    6361,  0.42
 461,-52.00,  -14987, -0.50,  -19958, -1.32,    4971,  0.33
 462,-51.00,  -17797, -0.59,  -20834, -1.38,    3037,  0.20
 463,-50.00,  -20261, -0.67,  -20889, -1.39,     628,  0.04
 464,-49.00,  -22601, -0.75,  -20596, -1.37,   -2005, -0.13
 465,-48.00,  -24986, -0.83,  -20487, -1.36,   -4499, -0.30
 466,-47.00,  -27357, -0.91,  -20846, -1.38,   -6511, -0.43
 467,-46.00,  -29399, -0.98,  -21572, -1.43,   -7827, -0.52
 468,-45.00,  -30739, -1.02,  -22290, -1.48,   -8449, -0.56
 469,-44.00,  -31321, -1.04,  -22712, -1.51,   -8609, -0.57
 470,-43.00,  -31542, -1.05,  -22847, -1.52,   -8695, -0.58
 471,-42.00,  -31954, -1.06,  -22925, -1.52,   -9029, -0.60
 472,-41.00,  -32909, -1.09,  -23231, -1.54,   -9678, -0.64
 473,-40.00,  -34337, -1.14,  -23904, -1.59,  -10433, -0.69
 474,-39.00,  -35862, -1.19,  -24859, -1.65,  -11003, -0.73
 475,-38.00,  -37134, -1.23,  -25932, -1.72,  -11202, -0.74
 476,-37.00,  -37973, -1.26,  -26989, -1.79,  -10984, -0.73
 477,-36.00,  -38237, -1.27,  -27931, -1.85,  -10306, -0.68
 478,-35.00,  -37722, -1.25,  -28680, -1.90,   -9042, -0.60
 479,-34.00,  -36208, -1.20,  -29159, -1.93,   -7049, -0.47
 480,-33.00,  -33779, -1.12,  -29358, -1.95,   -4421, -0.29
 481,-32.00,  -31067, -1.03,  -29434, -1.95,   -1633, -0.11
 482,-31.00,  -29091, -0.97,  -29697, -1.97,     606,  0.04
 483,-30.00,  -28698, -0.95,  -30436, -2.02,    1738,  0.12
 484,-29.00,  -30053, -1.00,  -31729, -2.11,    1676,  0.11
 485,-28.00,  -32482, -1.08,  -33351, -2.21,     869,  0.06
 486,-27.00,  -34905, -1.16,  -34915, -2.32,      10,  0.00
 487,-26.00,  -36475, -1.21,  -36068, -2.39,    -407, -0.03
 488,-25.00,  -36991, -1.23,  -36660, -2.43,    -331, -0.02
 489,-24.00,  -36796, -1.22,  -36745, -2.44,     -51, -0.00
 490,-23.00,  -36373, -1.21,  -36518, -2.42,     145,  0.00
 491,-22.00,  -35970, -1.19,  -36196, -2.40,     226,  0.01
 492,-21.00,  -35519, -1.18,  -35901, -2.38,     382,  0.03
 493,-20.00,  -34805, -1.15,  -35559, -2.36,     754,  0.05
 494,-19.00,  -33718, -1.12,  -34934, -2.32,    1216,  0.08
 495,-18.00,  -32328, -1.07,  -33775, -2.24,    1447,  0.10
 496,-17.00,  -30839, -1.02,  -32045, -2.13,    1206,  0.08
 497,-16.00,  -29461, -0.98,  -29954, -1.99,     493,  0.03
 498,-15.00,  -28303, -0.94,  -27775, -1.84,    -528, -0.04
 499,-14.00,  -27357, -0.91,  -25642, -1.70,   -1715, -0.11
 500,-13.00,  -26537, -0.88,  -23495, -1.56,   -3042, -0.20
 501,-12.00,  -25762, -0.85,  -21243, -1.41,   -4519, -0.30
 502,-11.00,  -25028, -0.83,  -18960, -1.26,   -6068, -0.40
 503,-10.00,  -24378, -0.81,  -16822, -1.12,   -7556, -0.50
 504,-9.00,  -23834, -0.79,  -14888, -0.99,   -8946, -0.59
 505,-8.00,  -23317, -0.77,  -12994, -0.86,  -10323, -0.68
 506,-7.00,  -22614, -0.75,  -10860, -0.72,  -11754, -0.78
 507,-6.00,  -21456, -0.71,   -8368, -0.56,  -13088, -0.87
 508,-5.00,  -19672, -0.65,   -5741, -0.38,  -13931, -0.92
 509,-4.00,  -17344, -0.58,   -3424, -0.23,  -13920, -0.92
 510,-3.00,  -14885, -0.49,   -1794, -0.12,  -13091, -0.87
 511,-2.00,  -12970, -0.43,    -958, -0.06,  -12012, -0.80
 512,-1.00,  -12283, -0.41,    -774, -0.05,  -11509, -0.76
 513,0.00,  -13160, -0.44,   -1041, -0.07,  -12119, -0.80
 514,1.00,  -15370, -0.51,   -1642, -0.11,  -13728, -0.91
 515,2.00,  -18247, -0.61,   -2565, -0.17,  -15682, -1.04
 516,3.00,  -21076, -0.70,   -3792, -0.25,  -17284, -1.15
 517,4.00,  -23496, -0.78,   -5186, -0.34,  -18310, -1.21
 518,5.00,  -25641, -0.85,   -6541, -0.43,  -19100, -1.27
 519,6.00,  -27818, -0.92,   -7663, -0.51,  -20155, -1.34
 520,7.00,  -30129, -1.00,   -8452, -0.56,  -21677, -1.44
 521,8.00,  -32404, -1.07,   -8925, -0.59,  -23479, -1.56
 522,9.00,  -34378, -1.14,   -9152, -0.61,  -25226, -1.67
 523,10.00,  -35997, -1.19,   -9174, -0.61,  -26823, -1.78
 524,11.00,  -37541, -1.25,   -9011, -0.60,  -28530, -1.89
 525,12.00,  -39369, -1.31,   -8702, -0.58,  -30667, -2.03
 526,13.00,  -41684, -1.38,   -8372, -0.56,  -33312, -2.21
 527,14.00,  -44448, -1.47,   -8248, -0.55,  -36200, -2.40
 528,15.00,  -47435, -1.57,   -8564, -0.57,  -38871, -2.58
 529,16.00,  -50357, -1.67,   -9433, -0.63,  -40924, -2.72
 530,17.00,  -52996, -1.76,  -10781, -0.72,  -42215, -2.80
 531,18.00,  -55210, -1.83,  -12373, -0.82,  -42837, -2.84
 532,19.00,  -57019, -1.89,  -13957, -0.93,  -43062, -2.86
 533,20.00,  -58569, -1.94,  -15368, -1.02,  -43201, -2.87
 534,21.00,  -60015, -1.99,  -16526, -1.10,  -43489, -2.89
 535,22.00,  -61378, -2.04,  -17365, -1.15,  -44013, -2.92
 536,23.00,  -62451, -2.07,  -17733, -1.18,  -44718, -2.97
 537,24.00,  -62879, -2.09,  -17403, -1.15,  -45476, -3.02
 538,25.00,  -62443, -2.07,  -16237, -1.08,  -46206, -3.07
 539,26.00,  -61209, -2.03,  -14346, -0.95,  -46863, -3.11
 540,27.00,  -59588, -1.98,  -12123, -0.80,  -47465, -3.15
 541,28.00,  -58132, -1.93,  -10081, -0.67,  -48051, -3.19
 542,29.00,  -57227, -1.90,   -8589, -0.57,  -48638, -3.23
 543,30.00,  -56913, -1.89,   -7711, -0.51,  -49202, -3.26
 544,31.00,  -56983, -1.89,   -7263, -0.48,  -49720, -3.30
 545,32.00,  -57160, -1.90,   -6996, -0.46,  -50164, -3.33
 546,33.00,  -57284, -1.90,   -6718, -0.45,  -50566, -3.35
 547,34.00,  -57250, -1.90,   -6280, -0.42,  -50970, -3.38
 548,35.00,  -56846, -1.89,   -5557, -0.37,  -51289, -3.40
 549,36.00,  -55744, -1.85,   -4545, -0.30,  -51199, -3.40
 550,37.00,  -53739, -1.78,   -3480, -0.23,  -50259, -3.33
 551,38.00,  -51046, -1.69,   -2881, -0.19,  -48165, -3.20
 552,39.00,  -48418, -1.61,   -3333, -0.22,  -45085, -2.99
 553,40.00,  -46796, -1.55,   -5089, -0.34,  -41707, -2.77
 554,41.00,  -46795, -1.55,   -7875, -0.52,  -38920, -2.58
 555,42.00,  -48330, -1.60,  -11008, -0.73,  -37322, -2.48
 556,43.00,  -50657, -1.68,  -13736, -0.91,  -36921, -2.45
 557,44.00,  -52771, -1.75,  -15590, -1.03,  -37181, -2.47
 558,45.00,  -53922, -1.79,  -16511, -1.10,  -37411, -2.48
 559,46.00,  -53908, -1.79,  -16729, -1.11,  -37179, -2.47
 560,47.00,  -53031, -1.76,  -16597, -1.10,  -36434, -2.42
 561,48.00,  -51771, -1.72,  -16421, -1.09,  -35350, -2.35
 562,49.00,  -50361, -1.67,  -16286, -1.08,  -34075, -2.26
 563,50.00,  -48590, -1.61,  -16019, -1.06,  -32571, -2.16
 564,51.00,  -45967, -1.52,  -15265, -1.01,  -30702, -2.04
 565,52.00,  -42201, -1.40,  -13759, -0.91,  -28442, -1.89
 566,53.00,  -37576, -1.25,  -11619, -0.77,  -25957, -1.72
 567,54.00,  -32904, -1.09,   -9358, -0.62,  -23546, -1.56
 568,55.00,  -29008, -0.96,   -7553, -0.50,  -21455, -1.42
 569,56.00,  -26201, -0.87,   -6457, -0.43,  -19744, -1.31
 570,57.00,  -24120, -0.80,   -5823, -0.39,  -18297, -1.21
 571,58.00,  -22094, -0.73,   -5156, -0.34,  -16938, -1.12
 572,59.00,  -19735, -0.65,   -4162, -0.28,  -15573, -1.03
 573,60.00,  -17225, -0.57,   -2970, -0.20,  -14255, -0.95
 574,61.00,  -15122, -0.50,   -2000, -0.13,  -13122, -0.87
 575,62.00,  -13932, -0.46,   -1621, -0.11,  -12311, -0.82
 576,63.00,  -13721, -0.46,   -1879, -0.12,  -11842, -0.79
 577,64.00,  -14087, -0.47,   -2511, -0.17,  -11576, -0.77
 578,65.00,  -14483, -0.48,   -3178, -0.21,  -11305, -0.75
 579,66.00,  -14586, -0.48,   -3666, -0.24,  -10920, -0.72
 580,67.00,  -14427, -0.48,   -3919, -0.26,  -10508, -0.70
 581,68.00,  -14322, -0.48,   -3955, -0.26,  -10367, -0.69
 582,69.00,  -14599, -0.48,   -3765, -0.25,  -10834, -0.72
 583,70.00,  -15391, -0.51,   -3330, -0.22,  -12061, -0.80
 584,71.00,  -16708, -0.55,   -2736, -0.18,  -13972, -0.93
 585,72.00,  -18563, -0.62,   -2209, -0.15,  -16354, -1.08
 586,73.00,  -21001, -0.70,   -2018, -0.13,  -18983, -1.26
 587,74.00,  -23975, -0.80,   -2313, -0.15,  -21662, -1.44
 588,75.00,  -27139, -0.90,   -3004, -0.20,  -24135, -1.60
 589,76.00,  -29836, -0.99,   -3779, -0.25,  -26057, -1.73
 590,77.00,  -31364, -1.04,   -4218, -0.28,  -27146, -1.80
 591,78.00,  -31361, -1.04,   -3927, -0.26,  -27434, -1.82
 592,79.00,  -30000, -1.00,   -2666, -0.18,  -27334, -1.81
 593,80.00,  -27880, -0.92,    -460, -0.03,  -27420, -1.82
 594,81.00,  -25702, -0.85,    2360,  0.16,  -28062, -1.86
 595,82.00,  -23898, -0.79,    5273,  0.35,  -29171, -1.94
 596,83.00,  -22461, -0.75,    7808,  0.52,  -30269, -2.01
 597,84.00,  -20990, -0.70,    9794,  0.65,  -30784, -2.04
 598,85.00,  -18940, -0.63,   11398,  0.76,  -30338, -2.01
 599,86.00,  -15930, -0.53,   12944,  0.86,  -28874, -1.92
 600,87.00,  -11966, -0.40,   14665,  0.97,  -26631, -1.77
 601,88.00,   -7444, -0.25,   16572,  1.10,  -24016, -1.59
 602,89.00,   -2960, -0.10,   18512,  1.23,  -21472, -1.42
 603,90.00,    1028,  0.03,   20335,  1.35,  -19307, -1.28
 604,91.00,    4442,  0.15,   22031,  1.46,  -17589, -1.17
 605,92.00,    7590,  0.25,   23731,  1.57,  -16141, -1.07
 606,93.00,   10909,  0.36,   25623,  1.70,  -14714, -0.98
 607,94.00,   14629,  0.49,   27834,  1.85,  -13205, -0.88
 608,95.00,   18553,  0.62,   30320,  2.01,  -11767, -0.78
 609,96.00,   22187,  0.74,   32847,  2.18,  -10660, -0.71
 610,97.00,   25125,  0.83,   35135,  2.33,  -10010, -0.66
 611,98.00,   27354,  0.91,   37007,  2.46,   -9653, -0.64
 612,99.00,   29316,  0.97,   38547,  2.56,   -9231, -0.61
 613,100.00,   31614,  1.05,   40067,  2.66,   -8453, -0.56
 614,101.00,   34574,  1.15,   41884,  2.78,   -7310, -0.48
 615,102.00,   38007,  1.26,   44070,  2.92,   -6063, -0.40
 616,103.00,   41318,  1.37,   46385,  3.08,   -5067, -0.34
 617,104.00,   43815,  1.45,   48408,  3.21,   -4593, -0.30
 618,105.00,   45100,  1.50,   49829,  3.31,   -4729, -0.31
 619,106.00,   45291,  1.50,   50635,  3.36,   -5344, -0.35
 620,107.00,   44950,  1.49,   51075,  3.39,   -6125, -0.41
 621,108.00,   44836,  1.49,   51480,  3.42,   -6644, -0.44
 622,109.00,   45617,  1.51,   52105,  3.46,   -6488, -0.43
 623,110.00,   47591,  1.58,   53063,  3.52,   -5472, -0.36
 624,111.00,   50615,  1.68,   54354,  3.61,   -3739, -0.25
 625,112.00,   54227,  1.80,   55863,  3.71,   -1636, -0.11
 626,113.00,   57867,  1.92,   57360,  3.81,     507,  0.03
 627,114.00,   61147,  2.03,   58585,  3.89,    2562,  0.17
 628,115.00,   64015,  2.12,   59382,  3.94,    4633,  0.31
 629,116.00,   66663,  2.21,   59798,  3.97,    6865,  0.46
 630,117.00,   69342,  2.30,   60058,  3.98,    9284,  0.62
 631,118.00,   72190,  2.39,   60397,  4.01,   11793,  0.78
 632,119.00,   75140,  2.49,   60888,  4.04,   14252,  0.95
 633,120.00,   77976,  2.59,   61437,  4.08,   16539,  1.10
 634,121.00,   80456,  2.67,   61879,  4.11,   18577,  1.23
 635,122.00,   82389,  2.73,   62087,  4.12,   20302,  1.35
 636,123.00,   83724,  2.78,   62047,  4.12,   21677,  1.44
 637,124.00,   84564,  2.81,   61842,  4.10,   22722,  1.51
 638,125.00,   85006,  2.82,   61556,  4.08,   23450,  1.56
 639,126.00,   84973,  2.82,   61221,  4.06,   23752,  1.58
 640,127.00,   84130,  2.79,   60760,  4.03,   23370,  1.55
 641,128.00,   82043,  2.72,   60001,  3.98,   22042,  1.46
 642,129.00,   78561,  2.61,   58785,  3.90,   19776,  1.31
 643,130.00,   74100,  2.46,   57113,  3.79,   16987,  1.13
 644,131.00,   69536,  2.31,   55216,  3.66,   14320,  0.95
 645,132.00,   65740,  2.18,   53479,  3.55,   12261,  0.81
 646,133.00,   63051,  2.09,   52236,  3.47,   10815,  0.72
 647,134.00,   61066,  2.03,   51568,  3.42,    9498,  0.63
 648,135.00,   58945,  1.96,   51267,  3.40,    7678,  0.51
 649,136.00,   55983,  1.86,   50975,  3.38,    5008,  0.33
 650,137.00,   52061,  1.73,   50416,  3.34,    1645,  0.11
 651,138.00,   47663,  1.58,   49506,  3.28,   -1843, -0.12
 652,139.00,   43498,  1.44,   48303,  3.20,   -4805, -0.32
 653,140.00,   40027,  1.33,   46901,  3.11,   -6874, -0.46
 654,141.00,   37227,  1.23,   45353,  3.01,   -8126, -0.54
 655,142.00,   34696,  1.15,   43673,  2.90,   -8977, -0.60
 656,143.00,   31960,  1.06,   41910,  2.78,   -9950, -0.66
 657,144.00,   28746,  0.95,   40151,  2.66,  -11405, -0.76
 658,145.00,   25042,  0.83,   38449,  2.55,  -13407, -0.89
 659,146.00,   20936,  0.69,   36742,  2.44,  -15806, -1.05
 660,147.00,   16402,  0.54,   34815,  2.31,  -18413, -1.22
 661,148.00,   11156,  0.37,   32346,  2.15,  -21190, -1.41
 662,149.00,    4753,  0.16,   29076,  1.93,  -24323, -1.61
 663,150.00,   -3095, -0.10,   24973,  1.66,  -28068, -1.86
 664,151.00,  -12256, -0.41,   20271,  1.34,  -32527, -2.16
 665,152.00,  -22140, -0.73,   15385,  1.02,  -37525, -2.49
 666,153.00,  -31931, -1.06,   10720,  0.71,  -42651, -2.83
 667,154.00,  -40966, -1.36,    6508,  0.43,  -47474, -3.15
 668,155.00,  -48961, -1.62,    2775,  0.18,  -51736, -3.43
 669,156.00,  -55962, -1.86,    -583, -0.04,  -55379, -3.67
 670,157.00,  -62218, -2.06,   -3750, -0.25,  -58468, -3.88
 671,158.00,  -68074, -2.26,   -6948, -0.46,  -61126, -4.06
 672,159.00,  -73937, -2.45,  -10428, -0.69,  -63509, -4.21
 673,160.00,  -80175, -2.66,  -14390, -0.95,  -65785, -4.36
 674,161.00,  -86956, -2.88,  -18853, -1.25,  -68103, -4.52
 675,162.00,  -94033, -3.12,  -23527, -1.56,  -70506, -4.68
 676,163.00, -100729, -3.34,  -27889, -1.85,  -72840, -4.83
 677,164.00, -106240, -3.52,  -31420, -2.08,  -74820, -4.96
 678,165.00, -110142, -3.65,  -33913, -2.25,  -76229, -5.06
 679,166.00, -112676, -3.74,  -35610, -2.36,  -77066, -5.11
 680,167.00, -114724, -3.81,  -37092, -2.46,  -77632, -5.15
 681,168.00, -117349, -3.89,  -38935, -2.58,  -78414, -5.20
 682,169.00, -121207, -4.02,  -41415, -2.75,  -79792, -5.29
 683,170.00, -126313, -4.19,  -44426, -2.95,  -81887, -5.43
 684,171.00, -132234, -4.39,  -47631, -3.16,  -84603, -5.61
 685,172.00, -138434, -4.59,  -50695, -3.36,  -87739, -5.82
 686,173.00, -144544, -4.79,  -53439, -3.55,  -91105, -6.04
 687,174.00, -150321, -4.99,  -55833, -3.70,  -94488, -6.27
 688,175.00, -155404, -5.16,  -57893, -3.84,  -97511, -6.47
 689,176.00, -159296, -5.28,  -59598, -3.95,  -99698, -6.61
 690,177.00, -161606, -5.36,  -60885, -4.04, -100721, -6.68
 691,178.00, -162360, -5.39,  -61721, -4.09, -100639, -6.68
 692,179.00, -162111, -5.38,  -62170, -4.12,  -99941, -6.63
 693,180.00, -161672, -5.36,  -62411, -4.14,  -99261, -6.59
 694,181.00, -161626, -5.36,  -62681, -4.16,  -98945, -6.56
 695,182.00, -162045, -5.38,  -63177, -4.19,  -98868, -6.56
 696,183.00, -162543, -5.39,  -63972, -4.24,  -98571, -6.54
 697,184.00, -162619, -5.39,  -65014, -4.31,  -97605, -6.48
 698,185.00, -162010, -5.37,  -66179, -4.39,  -95831, -6.36
 699,186.00, -160833, -5.34,  -67344, -4.47,  -93489, -6.20
 700,187.00, -159420, -5.29,  -68449, -4.54,  -90971, -6.04
 701,188.00, -158081, -5.24,  -69500, -4.61,  -88581, -5.88
 702,189.00, -156921, -5.21,  -70506, -4.68,  -86415, -5.73
 703,190.00, -155906, -5.17,  -71468, -4.74,  -84438, -5.60
 704,191.00, -155062, -5.14,  -72397, -4.80,  -82665, -5.48
 705,192.00, -154698, -5.13,  -73366, -4.87,  -81332, -5.40
 706,193.00, -155334, -5.15,  -74535, -4.94,  -80799, -5.36
 707,194.00, -157350, -5.22,  -76072, -5.05,  -81278, -5.39
 708,195.00, -160587, -5.33,  -77982, -5.17,  -82605, -5.48
 709,196.00, -164261, -5.45,  -80026, -5.31,  -84235, -5.59
 710,197.00, -167295, -5.55,  -81822, -5.43,  -85473, -5.67
 711,198.00, -168880, -5.60,  -83041, -5.51,  -85839, -5.69
 712,199.00, -168873, -5.60,  -83615, -5.55,  -85258, -5.66
 713,200.00, -167748, -5.56,  -83780, -5.56,  -83968, -5.57
 714,201.00, -166259, -5.52,  -83904, -5.57,  -82355, -5.46
 715,202.00, -165056, -5.48,  -84298, -5.59,  -80758, -5.36
 716,203.00, -164411, -5.45,  -85118, -5.65,  -79293, -5.26
 717,204.00, -164148, -5.45,  -86322, -5.73,  -77826, -5.16
 718,205.00, -163755, -5.43,  -87721, -5.82,  -76034, -5.04
 719,206.00, -162634, -5.39,  -89048, -5.91,  -73586, -4.88
 720,207.00, -160429, -5.32,  -89997, -5.97,  -70432, -4.67
 721,208.00, -157301, -5.22,  -90357, -5.99,  -66944, -4.44
 722,209.00, -153961, -5.11,  -90185, -5.98,  -63776, -4.23
 723,210.00, -151327, -5.02,  -89792, -5.96,  -61535, -4.08
 724,211.00, -149979, -4.98,  -89572, -5.94,  -60407, -4.01
 725,212.00, -149769, -4.97,  -89770, -5.96,  -59999, -3.98
 726,213.00, -149876, -4.97,  -90321, -5.99,  -59555, -3.95
 727,214.00, -149267, -4.95,  -90942, -6.03,  -58325, -3.87
 728,215.00, -147293, -4.89,  -91355, -6.06,  -55938, -3.71
 729,216.00, -143970, -4.78,  -91418, -6.07,  -52552, -3.49
 730,217.00, -139856, -4.64,  -91104, -6.04,  -48752, -3.23
 731,218.00, -135758, -4.50,  -90482, -6.00,  -45276, -3.00
 732,219.00, -132503, -4.40,  -89729, -5.95,  -42774, -2.84
 733,220.00, -130718, -4.34,  -89129, -5.91,  -41589, -2.76
 734,221.00, -130626, -4.33,  -88971, -5.90,  -41655, -2.76
 735,222.00, -131869, -4.37,  -89382, -5.93,  -42487, -2.82
 736,223.00, -133583, -4.43,  -90192, -5.98,  -43391, -2.88
 737,224.00, -134837, -4.47,  -91069, -6.04,  -43768, -2.90
 738,225.00, -135190, -4.48,  -91766, -6.09,  -43424, -2.88
 739,226.00, -134808, -4.47,  -92227, -6.12,  -42581, -2.83
 740,227.00, -134117, -4.45,  -92510, -6.14,  -41607, -2.76
 741,228.00, -133319, -4.42,  -92638, -6.15,  -40681, -2.70
 742,229.00, -132205, -4.39,  -92506, -6.14,  -39699, -2.63
 743,230.00, -130376, -4.32,  -91972, -6.10,  -38404, -2.55
 744,231.00, -127626, -4.23,  -90993, -6.04,  -36633, -2.43
 745,232.00, -124047, -4.11,  -89646, -5.95,  -34401, -2.28
 746,233.00, -119852, -3.98,  -88067, -5.84,  -31785, -2.11
 747,234.00, -115178, -3.82,  -86367, -5.73,  -28811, -1.91
 748,235.00, -110072, -3.65,  -84581, -5.61,  -25491, -1.69
 749,236.00, -104554, -3.47,  -82665, -5.48,  -21889, -1.45
 750,237.00,  -98765, -3.28,  -80579, -5.35,  -18186, -1.21
 751,238.00,  -92988, -3.08,  -78360, -5.20,  -14628, -0.97
 752,239.00,  -87553, -2.90,  -76161, -5.05,  -11392, -0.76
 753,240.00,  -82733, -2.74,  -74187, -4.92,   -8546, -0.57
 754,241.00,  -78649, -2.61,  -72534, -4.81,   -6115, -0.41
 755,242.00,  -75153, -2.49,  -71073, -4.72,   -4080, -0.27
 756,243.00,  -71877, -2.38,  -69510, -4.61,   -2367, -0.16
 757,244.00,  -68398, -2.27,  -67549, -4.48,    -849, -0.06
 758,245.00,  -64443, -2.14,  -65060, -4.32,     617,  0.04
 759,246.00,  -60054, -1.99,  -62151, -4.12,    2097,  0.14
 760,247.00,  -55622, -1.85,  -59129, -3.92,    3507,  0.23
 761,248.00,  -51702, -1.72,  -56421, -3.74,    4719,  0.31
 762,249.00,  -48683, -1.61,  -54405, -3.61,    5722,  0.38
 763,250.00,  -46486, -1.54,  -53139, -3.53,    6653,  0.44
 764,251.00,  -44468, -1.48,  -52182, -3.46,    7714,  0.51
 765,252.00,  -41691, -1.38,  -50696, -3.36,    9005,  0.60
 766,253.00,  -37522, -1.24,  -47908, -3.18,   10386,  0.69
 767,254.00,  -32132, -1.07,  -43676, -2.90,   11544,  0.77
 768,255.00,  -26460, -0.88,  -38660, -2.56,   12200,  0.81
 769,256.00,  -21647, -0.72,  -33927, -2.25,   12280,  0.81
 770,257.00,  -18284, -0.61,  -30296, -2.01,   12012,  0.80
 771,258.00,  -16054, -0.53,  -27886, -1.85,   11832,  0.78
 772,259.00,  -14090, -0.47,  -26204, -1.74,   12114,  0.80
 773,260.00,  -11672, -0.39,  -24602, -1.63,   12930,  0.86
 774,261.00,   -8676, -0.29,  -22664, -1.50,   13988,  0.93
 775,262.00,   -5544, -0.18,  -20339, -1.35,   14795,  0.98
 776,263.00,   -2815, -0.09,  -17788, -1.18,   14973,  0.99
 777,264.00,    -665, -0.02,  -15173, -1.01,   14508,  0.96
 778,265.00,    1193,  0.04,  -12579, -0.83,   13772,  0.91
 779,266.00,    3287,  0.11,  -10023, -0.66,   13310,  0.88
 780,267.00,    6127,  0.20,   -7469, -0.50,   13596,  0.90
 781,268.00,    9962,  0.33,   -4900, -0.33,   14862,  0.99
 782,269.00,   14724,  0.49,   -2327, -0.15,   17051,  1.13
 783,270.00,   20091,  0.67,     232,  0.02,   19859,  1.32
 784,271.00,   25598,  0.85,    2756,  0.18,   22842,  1.52
 785,272.00,   30765,  1.02,    5249,  0.35,   25516,  1.69
 786,273.00,   35287,  1.17,    7779,  0.52,   27508,  1.83
 787,274.00,   39107,  1.30,   10410,  0.69,   28697,  1.90
 788,275.00,   42361,  1.41,   13152,  0.87,   29209,  1.94
 789,276.00,   45248,  1.50,   15958,  1.06,   29290,  1.94
 790,277.00,   47873,  1.59,   18696,  1.24,   29177,  1.94
 791,278.00,   50163,  1.66,   21165,  1.40,   28998,  1.92
 792,279.00,   51998,  1.72,   23169,  1.54,   28829,  1.91
 793,280.00,   53366,  1.77,   24575,  1.63,   28791,  1.91
 794,281.00,   54444,  1.81,   25393,  1.68,   29051,  1.93
 795,282.00,   55480,  1.84,   25799,  1.71,   29681,  1.97
 796,283.00,   56624,  1.88,   26038,  1.73,   30586,  2.03
 797,284.00,   57796,  1.92,   26274,  1.74,   31522,  2.09
 798,285.00,   58806,  1.95,   26546,  1.76,   32260,  2.14
 799,286.00,   59634,  1.98,   26857,  1.78,   32777,  2.17
 800,287.00,   60595,  2.01,   27318,  1.81,   33277,  2.21
 801,288.00,   62132,  2.06,   28163,  1.87,   33969,  2.25
 802,289.00,   64541,  2.14,   29644,  1.97,   34897,  2.32
 803,290.00,   67705,  2.25,   31813,  2.11,   35892,  2.38
 804,291.00,   71079,  2.36,   34408,  2.28,   36671,  2.43
 805,292.00,   74029,  2.46,   36977,  2.45,   37052,  2.46
 806,293.00,   76147,  2.53,   39096,  2.59,   37051,  2.46
 807,294.00,   77310,  2.56,   40571,  2.69,   36739,  2.44
 808,295.00,   77624,  2.57,   41520,  2.75,   36104,  2.40
 809,296.00,   77199,  2.56,   42223,  2.80,   34976,  2.32
 810,297.00,   75942,  2.52,   42867,  2.84,   33075,  2.19
 811,298.00,   73693,  2.44,   43421,  2.88,   30272,  2.01
 812,299.00,   70475,  2.34,   43695,  2.90,   26780,  1.78
 813,300.00,   66700,  2.21,   43577,  2.89,   23123,  1.53
 814,301.00,   63204,  2.10,   43254,  2.87,   19950,  1.32
 815,302.00,   60899,  2.02,   43142,  2.86,   17757,  1.18
 816,303.00,   60284,  2.00,   43584,  2.89,   16700,  1.11
 817,304.00,   61246,  2.03,   44613,  2.96,   16633,  1.10
 818,305.00,   63186,  2.10,   45944,  3.05,   17242,  1.14
 819,306.00,   65339,  2.17,   47209,  3.13,   18130,  1.20
 820,307.00,   67137,  2.23,   48217,  3.20,   18920,  1.26
 821,308.00,   68269,  2.26,   48961,  3.25,   19308,  1.28
 822,309.00,   68631,  2.28,   49496,  3.28,   19135,  1.27
 823,310.00,   68306,  2.27,   49879,  3.31,   18427,  1.22
 824,311.00,   67568,  2.24,   50205,  3.33,   17363,  1.15
 825,312.00,   66802,  2.22,   50671,  3.36,   16131,  1.07
 826,313.00,   66330,  2.20,   51502,  3.42,   14828,  0.98
 827,314.00,   66181,  2.20,   52751,  3.50,   13430,  0.89
 828,315.00,   66030,  2.19,   54193,  3.60,   11837,  0.79
 829,316.00,   65450,  2.17,   55456,  3.68,    9994,  0.66
 830,317.00,   64203,  2.13,   56230,  3.73,    7973,  0.53
 831,318.00,   62367,  2.07,   56412,  3.74,    5955,  0.40
 832,319.00,   60261,  2.00,   56087,  3.72,    4174,  0.28
 833,320.00,   58200,  1.93,   55414,  3.68,    2786,  0.18
 834,321.00,   56331,  1.87,   54592,  3.62,    1739,  0.12
 835,322.00,   54642,  1.81,   53868,  3.57,     774,  0.05
 836,323.00,   53011,  1.76,   53446,  3.55,    -435, -0.03
 837,324.00,   51262,  1.70,   53364,  3.54,   -2102, -0.14
 838,325.00,   49271,  1.63,   53385,  3.54,   -4114, -0.27
 839,326.00,   47106,  1.56,   53115,  3.52,   -6009, -0.40
 840,327.00,   45071,  1.50,   52305,  3.47,   -7234, -0.48
 841,328.00,   43639,  1.45,   51078,  3.39,   -7439, -0.49
 842,329.00,   43143,  1.43,   49839,  3.31,   -6696, -0.44
 843,330.00,   43512,  1.44,   49017,  3.25,   -5505, -0.37
 844,331.00,   44321,  1.47,   48803,  3.24,   -4482, -0.30
 845,332.00,   45072,  1.50,   49087,  3.26,   -4015, -0.27
 846,333.00,   45481,  1.51,   49609,  3.29,   -4128, -0.27
 847,334.00,   45541,  1.51,   50071,  3.32,   -4530, -0.30
 848,335.00,   45286,  1.50,   50111,  3.32,   -4825, -0.32
 849,336.00,   44532,  1.48,   49316,  3.27,   -4784, -0.32
 850,337.00,   42884,  1.42,   47331,  3.14,   -4447, -0.30
 851,338.00,   39977,  1.33,   44074,  2.92,   -4097, -0.27
 852,339.00,   35776,  1.19,   39890,  2.65,   -4114, -0.27
 853,340.00,   30777,  1.02,   35475,  2.35,   -4698, -0.31
 854,341.00,   25885,  0.86,   31568,  2.09,   -5683, -0.38
 855,342.00,   21993,  0.73,   28625,  1.90,   -6632, -0.44
 856,343.00,   19543,  0.65,   26632,  1.77,   -7089, -0.47
 857,344.00,   18258,  0.61,   25145,  1.67,   -6887, -0.46
 858,345.00,   17294,  0.57,   23543,  1.56,   -6249, -0.41
 859,346.00,   15803,  0.52,   21360,  1.42,   -5557, -0.37
 860,347.00,   13450,  0.45,   18509,  1.23,   -5059, -0.34
 861,348.00,   10505,  0.35,   15319,  1.02,   -4814, -0.32
 862,349.00,    7615,  0.25,   12365,  0.82,   -4750, -0.32
 863,350.00,    5378,  0.18,   10155,  0.67,   -4777, -0.32
 864,351.00,    4093,  0.14,    8899,  0.59,   -4806, -0.32
 865,352.00,    3779,  0.13,    8457,  0.56,   -4678, -0.31
 866,353.00,    4266,  0.14,    8452,  0.56,   -4186, -0.28
 867,354.00,    5225,  0.17,    8496,  0.56,   -3271, -0.22
 868,355.00,    6327,  0.21,    8405,  0.56,   -2078, -0.14
 869,356.00,    7416,  0.25,    8218,  0.55,    -802, -0.05
 870,357.00,    8646,  0.29,    8097,  0.54,     549,  0.04
 871,358.00,   10379,  0.34,    8162,  0.54,    2217,  0.15
 872,359.00,   12936,  0.43,    8413,  0.56,    4523,  0.30
 873,360.00,   16315,  0.54,    8797,  0.58,    7518,  0.50
 874,361.00,   20129,  0.67,    9312,  0.62,   10817,  0.72
 875,362.00,   23800,  0.79,    9997,  0.66,   13803,  0.92
 876,363.00,   26843,  0.89,   10854,  0.72,   15989,  1.06
 877,364.00,   28996,  0.96,   11744,  0.78,   17252,  1.14
 878,365.00,   30278,  1.00,   12417,  0.82,   17861,  1.18
 879,366.00,   30898,  1.02,   12667,  0.84,   18231,  1.21
 880,367.00,   31066,  1.03,   12446,  0.83,   18620,  1.24
 881,368.00,   30914,  1.03,   11884,  0.79,   19030,  1.26
 882,369.00,   30554,  1.01,   11242,  0.75,   19312,  1.28
 883,370.00,   30130,  1.00,   10799,  0.72,   19331,  1.28
 884,371.00,   29877,  0.99,   10748,  0.71,   19129,  1.27
 885,372.00,   30010,  1.00,   11118,  0.74,   18892,  1.25
 886,373.00,   30497,  1.01,   11740,  0.78,   18757,  1.24
 887,374.00,   31023,  1.03,   12305,  0.82,   18718,  1.24
 888,375.00,   31160,  1.03,   12540,  0.83,   18620,  1.24
 889,376.00,   30647,  1.02,   12365,  0.82,   18282,  1.21
 890,377.00,   29578,  0.98,   11914,  0.79,   17664,  1.17
 891,378.00,   28363,  0.94,   11430,  0.76,   16933,  1.12
 892,379.00,   27535,  0.91,   11137,  0.74,   16398,  1.09
 893,380.00,   27518,  0.91,   11163,  0.74,   16355,  1.09
 894,381.00,   28444,  0.94,   11549,  0.77,   16895,  1.12
 895,382.00,   30093,  1.00,   12265,  0.81,   17828,  1.18
 896,383.00,   31934,  1.06,   13169,  0.87,   18765,  1.24
 897,384.00,   33331,  1.11,   13986,  0.93,   19345,  1.28
 898,385.00,   33829,  1.12,   14374,  0.95,   19455,  1.29
 899,386.00,   33372,  1.11,   14091,  0.93,   19281,  1.28
 900,387.00,   32370,  1.07,   13182,  0.87,   19188,  1.27
 901,388.00,   31497,  1.04,   12013,  0.80,   19484,  1.29
 902,389.00,   31308,  1.04,   11083,  0.74,   20225,  1.34
 903,390.00,   31905,  1.06,   10742,  0.71,   21163,  1.40
 904,391.00,   32818,  1.09,   10959,  0.73,   21859,  1.45
 905,392.00,   33267,  1.10,   11364,  0.75,   21903,  1.45
 906,393.00,   32713,  1.09,   11546,  0.77,   21167,  1.40
 907,394.00,   31246,  1.04,   11328,  0.75,   19918,  1.32
 908,395.00,   29541,  0.98,   10844,  0.72,   18697,  1.24
 909,396.00,   28376,  0.94,   10365,  0.69,   18011,  1.19
 910,397.00,   28069,  0.93,   10020,  0.66,   18049,  1.20
 911,398.00,   28247,  0.94,    9665,  0.64,   18582,  1.23
 912,399.00,   28182,  0.93,    9021,  0.60,   19161,  1.27
 913,400.00,   27309,  0.91,    7929,  0.53,   19380,  1.29
 914,401.00,   25569,  0.85,    6499,  0.43,   19070,  1.27
 915,402.00,   23380,  0.78,    5079,  0.34,   18301,  1.21
 916,403.00,   21283,  0.71,    4032,  0.27,   17251,  1.14
 917,404.00,   19592,  0.65,    3481,  0.23,   16111,  1.07
 918,405.00,   18323,  0.61,    3267,  0.22,   15056,  1.00
 919,406.00,   17248,  0.57,    3079,  0.20,   14169,  0.94
 920,407.00,   16043,  0.53,    2662,  0.18,   13381,  0.89
 921,408.00,   14423,  0.48,    1947,  0.13,   12476,  0.83
 922,409.00,   12178,  0.40,     996,  0.07,   11182,  0.74
 923,410.00,    9230,  0.31,    -168, -0.01,    9398,  0.62
 924,411.00,    5796,  0.19,   -1584, -0.11,    7380,  0.49
 925,412.00,    2360,  0.08,   -3289, -0.22,    5649,  0.37
 926,413.00,    -457, -0.02,   -5207, -0.35,    4750,  0.32
 927,414.00,   -2145, -0.07,   -7131, -0.47,    4986,  0.33
 928,415.00,   -2680, -0.09,   -8895, -0.59,    6215,  0.41
 929,416.00,   -2622, -0.09,  -10552, -0.70,    7930,  0.53
 930,417.00,   -2829, -0.09,  -12335, -0.82,    9506,  0.63
 931,418.00,   -3969, -0.13,  -14467, -0.96,   10498,  0.70
 932,419.00,   -6066, -0.20,  -16940, -1.12,   10874,  0.72
 933,420.00,   -8399, -0.28,  -19444, -1.29,   11045,  0.73
 934,421.00,   -9938, -0.33,  -21556, -1.43,   11618,  0.77
 935,422.00,   -9954, -0.33,  -23017, -1.53,   13063,  0.87
 936,423.00,   -8436, -0.28,  -23879, -1.58,   15443,  1.02
 937,424.00,   -6111, -0.20,  -24499, -1.63,   18388,  1.22
 938,425.00,   -4056, -0.13,  -25344, -1.68,   21288,  1.41
 939,426.00,   -3163, -0.10,  -26722, -1.77,   23559,  1.56
 940,427.00,   -3726, -0.12,  -28593, -1.90,   24867,  1.65
 941,428.00,   -5319, -0.18,  -30525, -2.03,   25206,  1.67
 942,429.00,   -7083, -0.23,  -31881, -2.12,   24798,  1.65
 943,430.00,   -8253, -0.27,  -32193, -2.14,   23940,  1.59
 944,431.00,   -8607, -0.29,  -31455, -2.09,   22848,  1.52
 945,432.00,   -8594, -0.29,  -30154, -2.00,   21560,  1.43
 946,433.00,   -8960, -0.30,  -29002, -1.92,   20042,  1.33
 947,434.00,  -10141, -0.34,  -28492, -1.89,   18351,  1.22
 948,435.00,  -11925, -0.40,  -28635, -1.90,   16710,  1.11
 949,436.00,  -13651, -0.45,  -29090, -1.93,   15439,  1.02
 950,437.00,  -14687, -0.49,  -29468, -1.96,   14781,  0.98
 951,438.00,  -14948, -0.50,  -29645, -1.97,   14697,  0.98
 952,439.00,  -14949, -0.50,  -29847, -1.98,   14898,  0.99
 953,440.00,  -15381, -0.51,  -30418, -2.02,   15037,  1.00
 954,441.00,  -16609, -0.55,  -31520, -2.09,   14911,  0.99
 955,442.00,  -18474, -0.61,  -33039, -2.19,   14565,  0.97
 956,443.00,  -20443, -0.68,  -34679, -2.30,   14236,  0.94
 957,444.00,  -21995, -0.73,  -36179, -2.40,   14184,  0.94
 958,445.00,  -22925, -0.76,  -37492, -2.49,   14567,  0.97
 959,446.00,  -23340, -0.77,  -38709, -2.57,   15369,  1.02
 960,447.00,  -23473, -0.78,  -39870, -2.65,   16397,  1.09
 961,448.00,  -23502, -0.78,  -40876, -2.71,   17374,  1.15
 962,449.00,  -23462, -0.78,  -41549, -2.76,   18087,  1.20
 963,450.00,  -23327, -0.77,  -41819, -2.77,   18492,  1.23
 964,451.00,  -23136, -0.77,  -41868, -2.78,   18732,  1.24
 965,452.00,  -23080, -0.77,  -42053, -2.79,   18973,  1.26
 966,453.00,  -23423, -0.78,  -42668, -2.83,   19245,  1.28
 967,454.00,  -24346, -0.81,  -43755, -2.90,   19409,  1.29
 968,455.00,  -25839, -0.86,  -45106, -2.99,   19267,  1.28
 969,456.00,  -27754, -0.92,  -46460, -3.08,   18706,  1.24
 970,457.00,  -29952, -0.99,  -47704, -3.16,   17752,  1.18
 971,458.00,  -32366, -1.07,  -48879, -3.24,   16513,  1.10
 972,459.00,  -34896, -1.16,  -50039, -3.32,   15143,  1.00
 973,460.00,  -37213, -1.23,  -51101, -3.39,   13888,  0.92
 974,461.00,  -38758, -1.29,  -51844, -3.44,   13086,  0.87
 975,462.00,  -39026, -1.29,  -52064, -3.45,   13038,  0.87
 976,463.00,  -37892, -1.26,  -51683, -3.43,   13791,  0.91
 977,464.00,  -35741, -1.19,  -50737, -3.37,   14996,  0.99
 978,465.00,  -33340, -1.11,  -49368, -3.28,   16028,  1.06
 979,466.00,  -31463, -1.04,  -47802, -3.17,   16339,  1.08
 980,467.00,  -30507, -1.01,  -46312, -3.07,   15805,  1.05
 981,468.00,  -30329, -1.01,  -45134, -2.99,   14805,  0.98
 982,469.00,  -30238, -1.00,  -44240, -2.94,   14002,  0.93
 983,470.00,  -29304, -0.97,  -43225, -2.87,   13921,  0.92
 984,471.00,  -26957, -0.89,  -41531, -2.76,   14574,  0.97
 985,472.00,  -23401, -0.78,  -38841, -2.58,   15440,  1.02
 986,473.00,  -19560, -0.65,  -35363, -2.35,   15803,  1.05
 987,474.00,  -16565, -0.55,  -31784, -2.11,   15219,  1.01
 988,475.00,  -15003, -0.50,  -28850, -1.91,   13847,  0.92
 989,476.00,  -14596, -0.48,  -26929, -1.79,   12333,  0.82
 990,477.00,  -14587, -0.48,  -25922, -1.72,   11335,  0.75
 991,478.00,  -14322, -0.48,  -25440, -1.69,   11118,  0.74
 992,479.00,  -13681, -0.45,  -25114, -1.67,   11433,  0.76
 993,480.00,  -13046, -0.43,  -24785, -1.64,   11739,  0.78
 994,481.00,  -12913, -0.43,  -24472, -1.62,   11559,  0.77
 995,482.00,  -13628, -0.45,  -24306, -1.61,   10678,  0.71
 996,483.00,  -15336, -0.51,  -24492, -1.62,    9156,  0.61
 997,484.00,  -17926, -0.59,  -25205, -1.67,    7279,  0.48
 998,485.00,  -21016, -0.70,  -26474, -1.76,    5458,  0.36
 999,486.00,  -23925, -0.79,  -28020, -1.86,    4095,  0.27
1000,487.00,  -25798, -0.86,  -29202, -1.94,    3404,  0.23
1001,488.00,  -25971, -0.86,  -29266, -1.94,    3295,  0.22
1002,489.00,  -24400, -0.81,  -27782, -1.84,    3382,  0.22
1003,490.00,  -21756, -0.72,  -24934, -1.65,    3178,  0.21
1004,491.00,  -19181, -0.64,  -21496, -1.43,    2315,  0.15
1005,492.00,  -17805, -0.59,  -18476, -1.23,     671,  0.04
1006,493.00,  -18221, -0.60,  -16591, -1.10,   -1630, -0.11
1007,494.00,  -20239, -0.67,  -15937, -1.06,   -4302, -0.29
1008,495.00,  -23096, -0.77,  -16077, -1.07,   -7019, -0.47
1009,496.00,  -25881, -0.86,  -16345, -1.08,   -9536, -0.63
1010,497.00,  -27914, -0.93,  -16198, -1.07,  -11716, -0.78
1011,498.00,  -28927, -0.96,  -15443, -1.02,  -13484, -0.89
1012,499.00,  -28974, -0.96,  -14217, -0.94,  -14757, -0.98
1013,500.00,  -28240, -0.94,  -12806, -0.85,  -15434, -1.02
1014,501.00,  -27081, -0.90,  -11552, -0.77,  -15529, -1.03
1015,502.00,  -26036, -0.86,  -10752, -0.71,  -15284, -1.01
1016,503.00,  -25672, -0.85,  -10564, -0.70,  -15108, -1.00
1017,504.00,  -26319, -0.87,  -10975, -0.73,  -15344, -1.02
1018,505.00,  -27804, -0.92,  -11773, -0.78,  -16031, -1.06
1019,506.00,  -29556, -0.98,  -12624, -0.84,  -16932, -1.12
1020,507.00,  -30784, -1.02,  -13190, -0.88,  -17594, -1.17
1021,508.00,  -31300, -1.04,  -13418, -0.89,  -17882, -1.19
1022,509.00,  -30784, -1.02,  -13190, -0.88,  -17594, -1.17
1023,510.00,  -30784, -1.02,  -13190, -0.88,  -17594, -1.17
1024,511.00,  -30784, -1.02,  -13190, -0.88,  -17594, -1.17
