-----------------------------------------------------------------------------------
Identifier:,IHS5922-2017C101
File Name:,CGRP70A.7
Ear:,R
Channel:,1
Intensity:,70 dB HL
Stim. Rate:,  1.10/s
Stim. Mode:,0
Sweeps:,179
Artifacts:,63
Smp. Period:,1000.00 us
Amp. Gain:, 50.00 K
Low Pass:, 30.00 Hz
High Pass:,  1.00 Hz
Notch Filter:,TRUE
Stimulus:,100
Stim. Freq.:,1000 Hz
Stim. Dur.:,2000 pnts
Masking:,0 dB SPL
Stim. Point:,513
-----------------------------------------------------------------------------------
Peak Information:,Label,Peak(+),Peak(+)(ms),Peak(-),Peak(-)(ms)
,17, 601,88.00, 622,109.00,
,20, 711,198.00, 834,321.00,
,19, 647,134.00, 711,198.00,
,18, 622,109.00, 647,134.00,
-----------------------------------------------------------------------------------


Data Pnt:,Data Pnt(ms):,Average:,Average(uV):,Buffer1:,Buffer1(uV):,Buffer2:,Buffer2(uV):
   1,-512.00,       0,  0.00,       0,  0.00,       0,  0.00
   2,-511.00,       0,  0.00,       0,  0.00,       0,  0.00
   3,-510.00,       0,  0.00,       0,  0.00,       0,  0.00
   4,-509.00,       0,  0.00,       0,  0.00,       0,  0.00
   5,-508.00,       0,  0.00,       0,  0.00,       0,  0.00
   6,-507.00,       0,  0.00,       0,  0.00,       0,  0.00
   7,-506.00,       0,  0.00,       0,  0.00,       0,  0.00
   8,-505.00,       0,  0.00,       0,  0.00,       0,  0.00
   9,-504.00,       0,  0.00,       0,  0.00,       0,  0.00
  10,-503.00,       0,  0.00,       0,  0.00,       0,  0.00
  11,-502.00,       0,  0.00,       0,  0.00,       0,  0.00
  12,-501.00,       0,  0.00,       0,  0.00,       0,  0.00
  13,-500.00,       0,  0.00,       0,  0.00,       0,  0.00
  14,-499.00,       0,  0.00,       0,  0.00,       0,  0.00
  15,-498.00,       0,  0.00,       0,  0.00,       0,  0.00
  16,-497.00,       0,  0.00,       0,  0.00,       0,  0.00
  17,-496.00,       0,  0.00,       0,  0.00,       0,  0.00
  18,-495.00,       0,  0.00,       0,  0.00,       0,  0.00
  19,-494.00,       0,  0.00,       0,  0.00,       0,  0.00
  20,-493.00,       0,  0.00,       0,  0.00,       0,  0.00
  21,-492.00,       0,  0.00,       0,  0.00,       0,  0.00
  22,-491.00,       0,  0.00,       0,  0.00,       0,  0.00
  23,-490.00,       0,  0.00,       0,  0.00,       0,  0.00
  24,-489.00,       0,  0.00,       0,  0.00,       0,  0.00
  25,-488.00,       0,  0.00,       0,  0.00,       0,  0.00
  26,-487.00,       0,  0.00,       0,  0.00,       0,  0.00
  27,-486.00,       0,  0.00,       0,  0.00,       0,  0.00
  28,-485.00,       0,  0.00,       0,  0.00,       0,  0.00
  29,-484.00,       0,  0.00,       0,  0.00,       0,  0.00
  30,-483.00,       0,  0.00,       0,  0.00,       0,  0.00
  31,-482.00,       0,  0.00,       0,  0.00,       0,  0.00
  32,-481.00,       0,  0.00,       0,  0.00,       0,  0.00
  33,-480.00,       0,  0.00,       0,  0.00,       0,  0.00
  34,-479.00,       0,  0.00,       0,  0.00,       0,  0.00
  35,-478.00,       0,  0.00,       0,  0.00,       0,  0.00
  36,-477.00,       0,  0.00,       0,  0.00,       0,  0.00
  37,-476.00,       0,  0.00,       0,  0.00,       0,  0.00
  38,-475.00,       0,  0.00,       0,  0.00,       0,  0.00
  39,-474.00,       0,  0.00,       0,  0.00,       0,  0.00
  40,-473.00,       0,  0.00,       0,  0.00,       0,  0.00
  41,-472.00,       0,  0.00,       0,  0.00,       0,  0.00
  42,-471.00,       0,  0.00,       0,  0.00,       0,  0.00
  43,-470.00,       0,  0.00,       0,  0.00,       0,  0.00
  44,-469.00,       0,  0.00,       0,  0.00,       0,  0.00
  45,-468.00,       0,  0.00,       0,  0.00,       0,  0.00
  46,-467.00,       0,  0.00,       0,  0.00,       0,  0.00
  47,-466.00,       0,  0.00,       0,  0.00,       0,  0.00
  48,-465.00,       0,  0.00,       0,  0.00,       0,  0.00
  49,-464.00,       0,  0.00,       0,  0.00,       0,  0.00
  50,-463.00,       0,  0.00,       0,  0.00,       0,  0.00
  51,-462.00,       0,  0.00,       0,  0.00,       0,  0.00
  52,-461.00,       0,  0.00,       0,  0.00,       0,  0.00
  53,-460.00,       0,  0.00,       0,  0.00,       0,  0.00
  54,-459.00,       0,  0.00,       0,  0.00,       0,  0.00
  55,-458.00,       0,  0.00,       0,  0.00,       0,  0.00
  56,-457.00,       0,  0.00,       0,  0.00,       0,  0.00
  57,-456.00,       0,  0.00,       0,  0.00,       0,  0.00
  58,-455.00,       0,  0.00,       0,  0.00,       0,  0.00
  59,-454.00,       0,  0.00,       0,  0.00,       0,  0.00
  60,-453.00,       0,  0.00,       0,  0.00,       0,  0.00
  61,-452.00,       0,  0.00,       0,  0.00,       0,  0.00
  62,-451.00,       0,  0.00,       0,  0.00,       0,  0.00
  63,-450.00,       0,  0.00,       0,  0.00,       0,  0.00
  64,-449.00,       0,  0.00,       0,  0.00,       0,  0.00
  65,-448.00,       0,  0.00,       0,  0.00,       0,  0.00
  66,-447.00,       0,  0.00,       0,  0.00,       0,  0.00
  67,-446.00,       0,  0.00,       0,  0.00,       0,  0.00
  68,-445.00,       0,  0.00,       0,  0.00,       0,  0.00
  69,-444.00,       0,  0.00,       0,  0.00,       0,  0.00
  70,-443.00,       0,  0.00,       0,  0.00,       0,  0.00
  71,-442.00,       0,  0.00,       0,  0.00,       0,  0.00
  72,-441.00,       0,  0.00,       0,  0.00,       0,  0.00
  73,-440.00,       0,  0.00,       0,  0.00,       0,  0.00
  74,-439.00,       0,  0.00,       0,  0.00,       0,  0.00
  75,-438.00,       0,  0.00,       0,  0.00,       0,  0.00
  76,-437.00,       0,  0.00,       0,  0.00,       0,  0.00
  77,-436.00,       0,  0.00,       0,  0.00,       0,  0.00
  78,-435.00,       0,  0.00,       0,  0.00,       0,  0.00
  79,-434.00,       0,  0.00,       0,  0.00,       0,  0.00
  80,-433.00,       0,  0.00,       0,  0.00,       0,  0.00
  81,-432.00,       0,  0.00,       0,  0.00,       0,  0.00
  82,-431.00,       0,  0.00,       0,  0.00,       0,  0.00
  83,-430.00,       0,  0.00,       0,  0.00,       0,  0.00
  84,-429.00,       0,  0.00,       0,  0.00,       0,  0.00
  85,-428.00,       0,  0.00,       0,  0.00,       0,  0.00
  86,-427.00,       0,  0.00,       0,  0.00,       0,  0.00
  87,-426.00,       0,  0.00,       0,  0.00,       0,  0.00
  88,-425.00,       0,  0.00,       0,  0.00,       0,  0.00
  89,-424.00,       0,  0.00,       0,  0.00,       0,  0.00
  90,-423.00,       0,  0.00,       0,  0.00,       0,  0.00
  91,-422.00,       0,  0.00,       0,  0.00,       0,  0.00
  92,-421.00,       0,  0.00,       0,  0.00,       0,  0.00
  93,-420.00,       0,  0.00,       0,  0.00,       0,  0.00
  94,-419.00,       0,  0.00,       0,  0.00,       0,  0.00
  95,-418.00,       0,  0.00,       0,  0.00,       0,  0.00
  96,-417.00,       0,  0.00,       0,  0.00,       0,  0.00
  97,-416.00,       0,  0.00,       0,  0.00,       0,  0.00
  98,-415.00,       0,  0.00,       0,  0.00,       0,  0.00
  99,-414.00,       0,  0.00,       0,  0.00,       0,  0.00
 100,-413.00,       0,  0.00,       0,  0.00,       0,  0.00
 101,-412.00,       0,  0.00,       0,  0.00,       0,  0.00
 102,-411.00,       0,  0.00,       0,  0.00,       0,  0.00
 103,-410.00,       0,  0.00,       0,  0.00,       0,  0.00
 104,-409.00,       0,  0.00,       0,  0.00,       0,  0.00
 105,-408.00,       0,  0.00,       0,  0.00,       0,  0.00
 106,-407.00,       0,  0.00,       0,  0.00,       0,  0.00
 107,-406.00,       0,  0.00,       0,  0.00,       0,  0.00
 108,-405.00,       0,  0.00,       0,  0.00,       0,  0.00
 109,-404.00,       0,  0.00,       0,  0.00,       0,  0.00
 110,-403.00,       0,  0.00,       0,  0.00,       0,  0.00
 111,-402.00,       0,  0.00,       0,  0.00,       0,  0.00
 112,-401.00,       0,  0.00,       0,  0.00,       0,  0.00
 113,-400.00,       0,  0.00,       0,  0.00,       0,  0.00
 114,-399.00,       0,  0.00,       0,  0.00,       0,  0.00
 115,-398.00,       0,  0.00,       0,  0.00,       0,  0.00
 116,-397.00,  124501,  4.25,   63924,  4.34,   60577,  4.11
 117,-396.00,  126400,  4.31,   64648,  4.38,   61752,  4.19
 118,-395.00,  127191,  4.34,   64575,  4.38,   62616,  4.25
 119,-394.00,  127412,  4.34,   64192,  4.35,   63220,  4.29
 120,-393.00,  126487,  4.31,   63138,  4.28,   63349,  4.30
 121,-392.00,  125613,  4.28,   62377,  4.23,   63236,  4.29
 122,-391.00,  124664,  4.25,   61594,  4.18,   63070,  4.28
 123,-390.00,  123277,  4.20,   60591,  4.11,   62686,  4.25
 124,-389.00,  122505,  4.18,   60130,  4.08,   62375,  4.23
 125,-388.00,  122357,  4.17,   60690,  4.12,   61667,  4.18
 126,-387.00,  122024,  4.16,   61500,  4.17,   60524,  4.10
 127,-386.00,  121516,  4.14,   62419,  4.23,   59097,  4.01
 128,-385.00,  119981,  4.09,   62171,  4.22,   57810,  3.92
 129,-384.00,  119403,  4.07,   62263,  4.22,   57140,  3.88
 130,-383.00,  118727,  4.05,   62584,  4.24,   56143,  3.81
 131,-382.00,  118339,  4.04,   63317,  4.29,   55022,  3.73
 132,-381.00,  118246,  4.03,   64347,  4.36,   53899,  3.66
 133,-380.00,  118613,  4.04,   65755,  4.46,   52858,  3.58
 134,-379.00,  118769,  4.05,   67194,  4.56,   51575,  3.50
 135,-378.00,  118805,  4.05,   68591,  4.65,   50214,  3.41
 136,-377.00,  119283,  4.07,   70013,  4.75,   49270,  3.34
 137,-376.00,  119795,  4.08,   71079,  4.82,   48716,  3.30
 138,-375.00,  120727,  4.12,   72329,  4.91,   48398,  3.28
 139,-374.00,  121956,  4.16,   73401,  4.98,   48555,  3.29
 140,-373.00,  123007,  4.19,   74241,  5.03,   48766,  3.31
 141,-372.00,  123691,  4.22,   74535,  5.05,   49156,  3.33
 142,-371.00,  124586,  4.25,   74965,  5.08,   49621,  3.37
 143,-370.00,  124665,  4.25,   74577,  5.06,   50088,  3.40
 144,-369.00,  123831,  4.22,   73637,  4.99,   50194,  3.40
 145,-368.00,  122009,  4.16,   71942,  4.88,   50067,  3.40
 146,-367.00,  120398,  4.11,   70993,  4.81,   49405,  3.35
 147,-366.00,  119159,  4.06,   70705,  4.80,   48454,  3.29
 148,-365.00,  118549,  4.04,   71139,  4.82,   47410,  3.22
 149,-364.00,  116774,  3.98,   70599,  4.79,   46175,  3.13
 150,-363.00,  114413,  3.90,   69423,  4.71,   44990,  3.05
 151,-362.00,  111539,  3.80,   67521,  4.58,   44018,  2.99
 152,-361.00,  108165,  3.69,   65518,  4.44,   42647,  2.89
 153,-360.00,  104834,  3.57,   63586,  4.31,   41248,  2.80
 154,-359.00,  100615,  3.43,   61807,  4.19,   38808,  2.63
 155,-358.00,   96183,  3.28,   60256,  4.09,   35927,  2.44
 156,-357.00,   91236,  3.11,   58765,  3.99,   32471,  2.20
 157,-356.00,   86217,  2.94,   57243,  3.88,   28974,  1.96
 158,-355.00,   81513,  2.78,   55602,  3.77,   25911,  1.76
 159,-354.00,   77320,  2.64,   53984,  3.66,   23336,  1.58
 160,-353.00,   73088,  2.49,   52443,  3.56,   20645,  1.40
 161,-352.00,   69686,  2.38,   51481,  3.49,   18205,  1.23
 162,-351.00,   67090,  2.29,   50947,  3.46,   16143,  1.09
 163,-350.00,   65056,  2.22,   50833,  3.45,   14223,  0.96
 164,-349.00,   62472,  2.13,   50145,  3.40,   12327,  0.84
 165,-348.00,   60127,  2.05,   49475,  3.36,   10652,  0.72
 166,-347.00,   57250,  1.95,   48404,  3.28,    8846,  0.60
 167,-346.00,   54513,  1.86,   47157,  3.20,    7356,  0.50
 168,-345.00,   51390,  1.75,   45763,  3.10,    5627,  0.38
 169,-344.00,   48400,  1.65,   44647,  3.03,    3753,  0.25
 170,-343.00,   46220,  1.58,   43678,  2.96,    2542,  0.17
 171,-342.00,   44670,  1.52,   42919,  2.91,    1751,  0.12
 172,-341.00,   43486,  1.48,   42275,  2.87,    1211,  0.08
 173,-340.00,   41794,  1.43,   41107,  2.79,     687,  0.05
 174,-339.00,   39950,  1.36,   40038,  2.72,     -88, -0.00
 175,-338.00,   38172,  1.30,   39122,  2.65,    -950, -0.06
 176,-337.00,   36078,  1.23,   38276,  2.60,   -2198, -0.15
 177,-336.00,   33919,  1.16,   37027,  2.51,   -3108, -0.21
 178,-335.00,   31707,  1.08,   35806,  2.43,   -4099, -0.28
 179,-334.00,   30063,  1.03,   34801,  2.36,   -4738, -0.32
 180,-333.00,   29082,  0.99,   34217,  2.32,   -5135, -0.35
 181,-332.00,   28847,  0.98,   33710,  2.29,   -4863, -0.33
 182,-331.00,   28210,  0.96,   33318,  2.26,   -5108, -0.35
 183,-330.00,   27342,  0.93,   32953,  2.23,   -5611, -0.38
 184,-329.00,   26208,  0.89,   32478,  2.20,   -6270, -0.43
 185,-328.00,   24359,  0.83,   31750,  2.15,   -7391, -0.50
 186,-327.00,   22076,  0.75,   30426,  2.06,   -8350, -0.57
 187,-326.00,   20543,  0.70,   29288,  1.99,   -8745, -0.59
 188,-325.00,   19262,  0.66,   28970,  1.96,   -9708, -0.66
 189,-324.00,   17778,  0.61,   28440,  1.93,  -10662, -0.72
 190,-323.00,   15971,  0.54,   27654,  1.88,  -11683, -0.79
 191,-322.00,   14154,  0.48,   26599,  1.80,  -12445, -0.84
 192,-321.00,   13412,  0.46,   25997,  1.76,  -12585, -0.85
 193,-320.00,   12115,  0.41,   25033,  1.70,  -12918, -0.88
 194,-319.00,   11761,  0.40,   24402,  1.65,  -12641, -0.86
 195,-318.00,   10800,  0.37,   23130,  1.57,  -12330, -0.84
 196,-317.00,   10409,  0.35,   22238,  1.51,  -11829, -0.80
 197,-316.00,    9314,  0.32,   20944,  1.42,  -11630, -0.79
 198,-315.00,    7801,  0.27,   19355,  1.31,  -11554, -0.78
 199,-314.00,    5619,  0.19,   17338,  1.18,  -11719, -0.79
 200,-313.00,    3045,  0.10,   15285,  1.04,  -12240, -0.83
 201,-312.00,      58,  0.00,   13337,  0.90,  -13279, -0.90
 202,-311.00,   -2287, -0.08,   11446,  0.78,  -13733, -0.93
 203,-310.00,   -4456, -0.15,    9645,  0.65,  -14101, -0.96
 204,-309.00,   -5695, -0.19,    8094,  0.55,  -13789, -0.94
 205,-308.00,   -7093, -0.24,    6719,  0.46,  -13812, -0.94
 206,-307.00,   -8182, -0.28,    5927,  0.40,  -14109, -0.96
 207,-306.00,   -9172, -0.31,    4928,  0.33,  -14100, -0.96
 208,-305.00,  -10131, -0.35,    3598,  0.24,  -13729, -0.93
 209,-304.00,  -11160, -0.38,    1872,  0.13,  -13032, -0.88
 210,-303.00,  -12281, -0.42,     560,  0.04,  -12841, -0.87
 211,-302.00,  -13838, -0.47,   -1034, -0.07,  -12804, -0.87
 212,-301.00,  -14016, -0.48,   -1616, -0.11,  -12400, -0.84
 213,-300.00,  -14123, -0.48,   -2091, -0.14,  -12032, -0.82
 214,-299.00,  -14030, -0.48,   -2128, -0.14,  -11902, -0.81
 215,-298.00,  -14088, -0.48,   -2094, -0.14,  -11994, -0.81
 216,-297.00,  -14346, -0.49,   -2286, -0.16,  -12060, -0.82
 217,-296.00,  -14775, -0.50,   -2506, -0.17,  -12269, -0.83
 218,-295.00,  -14896, -0.51,   -2498, -0.17,  -12398, -0.84
 219,-294.00,  -15262, -0.52,   -2552, -0.17,  -12710, -0.86
 220,-293.00,  -15354, -0.52,   -2198, -0.15,  -13156, -0.89
 221,-292.00,  -14977, -0.51,   -1388, -0.09,  -13589, -0.92
 222,-291.00,  -13754, -0.47,     416,  0.03,  -14170, -0.96
 223,-290.00,  -12777, -0.44,    2164,  0.15,  -14941, -1.01
 224,-289.00,  -10998, -0.38,    4309,  0.29,  -15307, -1.04
 225,-288.00,   -9346, -0.32,    6303,  0.43,  -15649, -1.06
 226,-287.00,   -7266, -0.25,    8615,  0.58,  -15881, -1.08
 227,-286.00,   -4760, -0.16,   11014,  0.75,  -15774, -1.07
 228,-285.00,   -2137, -0.07,   13325,  0.90,  -15462, -1.05
 229,-284.00,    1208,  0.04,   16054,  1.09,  -14846, -1.01
 230,-283.00,    3395,  0.12,   18659,  1.27,  -15264, -1.04
 231,-282.00,    5067,  0.17,   21261,  1.44,  -16194, -1.10
 232,-281.00,    6931,  0.24,   23916,  1.62,  -16985, -1.15
 233,-280.00,    9005,  0.31,   26296,  1.78,  -17291, -1.17
 234,-279.00,   10197,  0.35,   28104,  1.91,  -17907, -1.21
 235,-278.00,   10697,  0.36,   29863,  2.03,  -19166, -1.30
 236,-277.00,   10652,  0.36,   31201,  2.12,  -20549, -1.39
 237,-276.00,   10604,  0.36,   32953,  2.23,  -22349, -1.52
 238,-275.00,    9482,  0.32,   33696,  2.29,  -24214, -1.64
 239,-274.00,    8098,  0.28,   34209,  2.32,  -26111, -1.77
 240,-273.00,    6345,  0.22,   34536,  2.34,  -28191, -1.91
 241,-272.00,    3990,  0.14,   34263,  2.32,  -30273, -2.05
 242,-271.00,     987,  0.03,   33455,  2.27,  -32468, -2.20
 243,-270.00,   -1615, -0.06,   33061,  2.24,  -34676, -2.35
 244,-269.00,   -3827, -0.13,   32442,  2.20,  -36269, -2.46
 245,-268.00,   -6232, -0.21,   31917,  2.16,  -38149, -2.59
 246,-267.00,   -8798, -0.30,   31146,  2.11,  -39944, -2.71
 247,-266.00,  -11633, -0.40,   30322,  2.06,  -41955, -2.85
 248,-265.00,  -13929, -0.47,   29835,  2.02,  -43764, -2.97
 249,-264.00,  -15900, -0.54,   28949,  1.96,  -44849, -3.04
 250,-263.00,  -17863, -0.61,   27815,  1.89,  -45678, -3.10
 251,-262.00,  -21508, -0.73,   25472,  1.73,  -46980, -3.19
 252,-261.00,  -25819, -0.88,   22850,  1.55,  -48669, -3.30
 253,-260.00,  -30625, -1.04,   19294,  1.31,  -49919, -3.39
 254,-259.00,  -35615, -1.21,   15910,  1.08,  -51525, -3.49
 255,-258.00,  -40884, -1.39,   12502,  0.85,  -53386, -3.62
 256,-257.00,  -44861, -1.53,    9692,  0.66,  -54553, -3.70
 257,-256.00,  -49136, -1.68,    6323,  0.43,  -55459, -3.76
 258,-255.00,  -53184, -1.81,    3341,  0.23,  -56525, -3.83
 259,-254.00,  -56545, -1.93,    1120,  0.08,  -57665, -3.91
 260,-253.00,  -58146, -1.98,    -427, -0.03,  -57719, -3.91
 261,-252.00,  -59612, -2.03,   -2134, -0.14,  -57478, -3.90
 262,-251.00,  -60521, -2.06,   -3683, -0.25,  -56838, -3.85
 263,-250.00,  -60622, -2.07,   -4892, -0.33,  -55730, -3.78
 264,-249.00,  -60848, -2.07,   -6210, -0.42,  -54638, -3.71
 265,-248.00,  -61052, -2.08,   -7509, -0.51,  -53543, -3.63
 266,-247.00,  -60760, -2.07,   -8437, -0.57,  -52323, -3.55
 267,-246.00,  -59860, -2.04,   -8802, -0.60,  -51058, -3.46
 268,-245.00,  -58563, -2.00,   -8838, -0.60,  -49725, -3.37
 269,-244.00,  -56371, -1.92,   -8187, -0.56,  -48184, -3.27
 270,-243.00,  -53524, -1.83,   -7119, -0.48,  -46405, -3.15
 271,-242.00,  -50568, -1.72,   -5966, -0.40,  -44602, -3.02
 272,-241.00,  -46985, -1.60,   -4427, -0.30,  -42558, -2.89
 273,-240.00,  -42883, -1.46,   -2846, -0.19,  -40037, -2.72
 274,-239.00,  -38505, -1.31,    -757, -0.05,  -37748, -2.56
 275,-238.00,  -34650, -1.18,     876,  0.06,  -35526, -2.41
 276,-237.00,  -30926, -1.05,    2510,  0.17,  -33436, -2.27
 277,-236.00,  -27944, -0.95,    3626,  0.25,  -31570, -2.14
 278,-235.00,  -24798, -0.85,    4629,  0.31,  -29427, -2.00
 279,-234.00,  -21667, -0.74,    5538,  0.38,  -27205, -1.85
 280,-233.00,  -18464, -0.63,    6605,  0.45,  -25069, -1.70
 281,-232.00,  -14201, -0.48,    8660,  0.59,  -22861, -1.55
 282,-231.00,   -9706, -0.33,   11256,  0.76,  -20962, -1.42
 283,-230.00,   -6139, -0.21,   12908,  0.88,  -19047, -1.29
 284,-229.00,   -2719, -0.09,   14376,  0.97,  -17095, -1.16
 285,-228.00,     383,  0.01,   15679,  1.06,  -15296, -1.04
 286,-227.00,    3640,  0.12,   16961,  1.15,  -13321, -0.90
 287,-226.00,    7399,  0.25,   18385,  1.25,  -10986, -0.75
 288,-225.00,   11185,  0.38,   19814,  1.34,   -8629, -0.59
 289,-224.00,   14467,  0.49,   21229,  1.44,   -6762, -0.46
 290,-223.00,   17432,  0.59,   22152,  1.50,   -4720, -0.32
 291,-222.00,   19885,  0.68,   22672,  1.54,   -2787, -0.19
 292,-221.00,   22312,  0.76,   22806,  1.55,    -494, -0.03
 293,-220.00,   24599,  0.84,   22972,  1.56,    1627,  0.11
 294,-219.00,   26751,  0.91,   23398,  1.59,    3353,  0.23
 295,-218.00,   29639,  1.01,   24592,  1.67,    5047,  0.34
 296,-217.00,   32079,  1.09,   25652,  1.74,    6427,  0.44
 297,-216.00,   32562,  1.11,   25825,  1.75,    6737,  0.46
 298,-215.00,   32888,  1.12,   25962,  1.76,    6926,  0.47
 299,-214.00,   32916,  1.12,   25736,  1.75,    7180,  0.49
 300,-213.00,   32017,  1.09,   24608,  1.67,    7409,  0.50
 301,-212.00,   30817,  1.05,   23399,  1.59,    7418,  0.50
 302,-211.00,   29218,  1.00,   22273,  1.51,    6945,  0.47
 303,-210.00,   27219,  0.93,   21212,  1.44,    6007,  0.41
 304,-209.00,   24904,  0.85,   19680,  1.33,    5224,  0.35
 305,-208.00,   21629,  0.74,   17543,  1.19,    4086,  0.28
 306,-207.00,   17536,  0.60,   14615,  0.99,    2921,  0.20
 307,-206.00,   13272,  0.45,   11803,  0.80,    1469,  0.10
 308,-205.00,    9507,  0.32,    9584,  0.65,     -77, -0.00
 309,-204.00,    6365,  0.22,    7597,  0.52,   -1232, -0.08
 310,-203.00,    3919,  0.13,    6264,  0.42,   -2345, -0.16
 311,-202.00,    1832,  0.06,    5391,  0.37,   -3559, -0.24
 312,-201.00,    -432, -0.01,    4267,  0.29,   -4699, -0.32
 313,-200.00,   -3370, -0.11,    2476,  0.17,   -5846, -0.40
 314,-199.00,   -6611, -0.23,     703,  0.05,   -7314, -0.50
 315,-198.00,   -8770, -0.30,    -497, -0.03,   -8273, -0.56
 316,-197.00,  -11097, -0.38,   -1434, -0.10,   -9663, -0.66
 317,-196.00,  -13418, -0.46,   -1911, -0.13,  -11507, -0.78
 318,-195.00,  -16500, -0.56,   -2502, -0.17,  -13998, -0.95
 319,-194.00,  -18977, -0.65,   -2821, -0.19,  -16156, -1.10
 320,-193.00,  -20594, -0.70,   -3118, -0.21,  -17476, -1.19
 321,-192.00,  -21844, -0.74,   -3160, -0.21,  -18684, -1.27
 322,-191.00,  -22592, -0.77,   -2438, -0.17,  -20154, -1.37
 323,-190.00,  -23260, -0.79,   -1398, -0.09,  -21862, -1.48
 324,-189.00,  -23495, -0.80,    -150, -0.01,  -23345, -1.58
 325,-188.00,  -24007, -0.82,    1180,  0.08,  -25187, -1.71
 326,-187.00,  -24497, -0.84,    2074,  0.14,  -26571, -1.80
 327,-186.00,  -25732, -0.88,    2319,  0.16,  -28051, -1.90
 328,-185.00,  -26772, -0.91,    2074,  0.14,  -28846, -1.96
 329,-184.00,  -27879, -0.95,    1505,  0.10,  -29384, -1.99
 330,-183.00,  -28611, -0.98,    1198,  0.08,  -29809, -2.02
 331,-182.00,  -28769, -0.98,    1107,  0.08,  -29876, -2.03
 332,-181.00,  -27287, -0.93,    1618,  0.11,  -28905, -1.96
 333,-180.00,  -26343, -0.90,    1501,  0.10,  -27844, -1.89
 334,-179.00,  -26319, -0.90,     533,  0.04,  -26852, -1.82
 335,-178.00,  -26074, -0.89,    -306, -0.02,  -25768, -1.75
 336,-177.00,  -26278, -0.90,   -1483, -0.10,  -24795, -1.68
 337,-176.00,  -26053, -0.89,   -2153, -0.15,  -23900, -1.62
 338,-175.00,  -25954, -0.89,   -3009, -0.20,  -22945, -1.56
 339,-174.00,  -26003, -0.89,   -4025, -0.27,  -21978, -1.49
 340,-173.00,  -26401, -0.90,   -5194, -0.35,  -21207, -1.44
 341,-172.00,  -26761, -0.91,   -6357, -0.43,  -20404, -1.38
 342,-171.00,  -26968, -0.92,   -7503, -0.51,  -19465, -1.32
 343,-170.00,  -26896, -0.92,   -8797, -0.60,  -18099, -1.23
 344,-169.00,  -26984, -0.92,  -10024, -0.68,  -16960, -1.15
 345,-168.00,  -27419, -0.93,  -11355, -0.77,  -16064, -1.09
 346,-167.00,  -28406, -0.97,  -12963, -0.88,  -15443, -1.05
 347,-166.00,  -30228, -1.03,  -14663, -0.99,  -15565, -1.06
 348,-165.00,  -31934, -1.09,  -16612, -1.13,  -15322, -1.04
 349,-164.00,  -34043, -1.16,  -18922, -1.28,  -15121, -1.03
 350,-163.00,  -35628, -1.21,  -21043, -1.43,  -14585, -0.99
 351,-162.00,  -38044, -1.30,  -23344, -1.58,  -14700, -1.00
 352,-161.00,  -40803, -1.39,  -26175, -1.78,  -14628, -0.99
 353,-160.00,  -43410, -1.48,  -29424, -2.00,  -13986, -0.95
 354,-159.00,  -46571, -1.59,  -32870, -2.23,  -13701, -0.93
 355,-158.00,  -49650, -1.69,  -36145, -2.45,  -13505, -0.92
 356,-157.00,  -52325, -1.78,  -38806, -2.63,  -13519, -0.92
 357,-156.00,  -54108, -1.85,  -40785, -2.77,  -13323, -0.90
 358,-155.00,  -55878, -1.91,  -42659, -2.89,  -13219, -0.90
 359,-154.00,  -57803, -1.97,  -44256, -3.00,  -13547, -0.92
 360,-153.00,  -60474, -2.06,  -46470, -3.15,  -14004, -0.95
 361,-152.00,  -63270, -2.16,  -48735, -3.31,  -14535, -0.99
 362,-151.00,  -65760, -2.24,  -50446, -3.42,  -15314, -1.04
 363,-150.00,  -68107, -2.32,  -51506, -3.49,  -16601, -1.13
 364,-149.00,  -69836, -2.38,  -51999, -3.53,  -17837, -1.21
 365,-148.00,  -71385, -2.43,  -51973, -3.52,  -19412, -1.32
 366,-147.00,  -73118, -2.49,  -51887, -3.52,  -21231, -1.44
 367,-146.00,  -74299, -2.53,  -51260, -3.48,  -23039, -1.56
 368,-145.00,  -75840, -2.59,  -50916, -3.45,  -24924, -1.69
 369,-144.00,  -77318, -2.64,  -51028, -3.46,  -26290, -1.78
 370,-143.00,  -79360, -2.71,  -51342, -3.48,  -28018, -1.90
 371,-142.00,  -81911, -2.79,  -52053, -3.53,  -29858, -2.02
 372,-141.00,  -83931, -2.86,  -52415, -3.55,  -31516, -2.14
 373,-140.00,  -85109, -2.90,  -52460, -3.56,  -32649, -2.21
 374,-139.00,  -86388, -2.95,  -52576, -3.57,  -33812, -2.29
 375,-138.00,  -87603, -2.99,  -52605, -3.57,  -34998, -2.37
 376,-137.00,  -87413, -2.98,  -51821, -3.51,  -35592, -2.41
 377,-136.00,  -86748, -2.96,  -51001, -3.46,  -35747, -2.42
 378,-135.00,  -84960, -2.90,  -49927, -3.39,  -35033, -2.38
 379,-134.00,  -83453, -2.85,  -48812, -3.31,  -34641, -2.35
 380,-133.00,  -81994, -2.80,  -47565, -3.23,  -34429, -2.33
 381,-132.00,  -80354, -2.74,  -46413, -3.15,  -33941, -2.30
 382,-131.00,  -77921, -2.66,  -45045, -3.05,  -32876, -2.23
 383,-130.00,  -76076, -2.59,  -43663, -2.96,  -32413, -2.20
 384,-129.00,  -74418, -2.54,  -42179, -2.86,  -32239, -2.19
 385,-128.00,  -72378, -2.47,  -40197, -2.73,  -32181, -2.18
 386,-127.00,  -70366, -2.40,  -38658, -2.62,  -31708, -2.15
 387,-126.00,  -68880, -2.35,  -37430, -2.54,  -31450, -2.13
 388,-125.00,  -68260, -2.33,  -36583, -2.48,  -31677, -2.15
 389,-124.00,  -67040, -2.29,  -34968, -2.37,  -32072, -2.18
 390,-123.00,  -64333, -2.19,  -32658, -2.21,  -31675, -2.15
 391,-122.00,  -60953, -2.08,  -29927, -2.03,  -31026, -2.10
 392,-121.00,  -57659, -1.97,  -27287, -1.85,  -30372, -2.06
 393,-120.00,  -54677, -1.86,  -24937, -1.69,  -29740, -2.02
 394,-119.00,  -51044, -1.74,  -22592, -1.53,  -28452, -1.93
 395,-118.00,  -48137, -1.64,  -20940, -1.42,  -27197, -1.84
 396,-117.00,  -45017, -1.54,  -19490, -1.32,  -25527, -1.73
 397,-116.00,  -42761, -1.46,  -18636, -1.26,  -24125, -1.64
 398,-115.00,  -41049, -1.40,  -17904, -1.21,  -23145, -1.57
 399,-114.00,  -39155, -1.34,  -17200, -1.17,  -21955, -1.49
 400,-113.00,  -37373, -1.27,  -16456, -1.12,  -20917, -1.42
 401,-112.00,  -36084, -1.23,  -16429, -1.11,  -19655, -1.33
 402,-111.00,  -34968, -1.19,  -16520, -1.12,  -18448, -1.25
 403,-110.00,  -33802, -1.15,  -16742, -1.14,  -17060, -1.16
 404,-109.00,  -33458, -1.14,  -17695, -1.20,  -15763, -1.07
 405,-108.00,  -32861, -1.12,  -18802, -1.28,  -14059, -0.95
 406,-107.00,  -33177, -1.13,  -20123, -1.36,  -13054, -0.89
 407,-106.00,  -32914, -1.12,  -21384, -1.45,  -11530, -0.78
 408,-105.00,  -32965, -1.12,  -22745, -1.54,  -10220, -0.69
 409,-104.00,  -33354, -1.14,  -24971, -1.69,   -8383, -0.57
 410,-103.00,  -34196, -1.17,  -27392, -1.86,   -6804, -0.46
 411,-102.00,  -35492, -1.21,  -30409, -2.06,   -5083, -0.34
 412,-101.00,  -37127, -1.27,  -33156, -2.25,   -3971, -0.27
 413,-100.00,  -39109, -1.33,  -36151, -2.45,   -2958, -0.20
 414,-99.00,  -40994, -1.40,  -39380, -2.67,   -1614, -0.11
 415,-98.00,  -42655, -1.45,  -42572, -2.89,     -83, -0.00
 416,-97.00,  -43582, -1.49,  -45491, -3.09,    1909,  0.13
 417,-96.00,  -44561, -1.52,  -48277, -3.27,    3716,  0.25
 418,-95.00,  -44616, -1.52,  -50335, -3.41,    5719,  0.39
 419,-94.00,  -44771, -1.53,  -52612, -3.57,    7841,  0.53
 420,-93.00,  -44853, -1.53,  -55083, -3.74,   10230,  0.69
 421,-92.00,  -44697, -1.52,  -57175, -3.88,   12478,  0.85
 422,-91.00,  -44488, -1.52,  -58944, -4.00,   14456,  0.98
 423,-90.00,  -44073, -1.50,  -59916, -4.06,   15843,  1.07
 424,-89.00,  -43025, -1.47,  -60296, -4.09,   17271,  1.17
 425,-88.00,  -41637, -1.42,  -60328, -4.09,   18691,  1.27
 426,-87.00,  -40376, -1.38,  -60338, -4.09,   19962,  1.35
 427,-86.00,  -38954, -1.33,  -59674, -4.05,   20720,  1.41
 428,-85.00,  -37704, -1.29,  -59233, -4.02,   21529,  1.46
 429,-84.00,  -36814, -1.26,  -58776, -3.99,   21962,  1.49
 430,-83.00,  -36127, -1.23,  -58012, -3.93,   21885,  1.48
 431,-82.00,  -34718, -1.18,  -56593, -3.84,   21875,  1.48
 432,-81.00,  -32587, -1.11,  -54868, -3.72,   22281,  1.51
 433,-80.00,  -30409, -1.04,  -52705, -3.57,   22296,  1.51
 434,-79.00,  -28469, -0.97,  -50637, -3.43,   22168,  1.50
 435,-78.00,  -26884, -0.92,  -48480, -3.29,   21596,  1.46
 436,-77.00,  -24727, -0.84,  -45796, -3.11,   21069,  1.43
 437,-76.00,  -22519, -0.77,  -43374, -2.94,   20855,  1.41
 438,-75.00,  -20589, -0.70,  -41157, -2.79,   20568,  1.39
 439,-74.00,  -18065, -0.62,  -38551, -2.61,   20486,  1.39
 440,-73.00,  -16004, -0.55,  -35997, -2.44,   19993,  1.36
 441,-72.00,  -14331, -0.49,  -33782, -2.29,   19451,  1.32
 442,-71.00,  -13077, -0.45,  -31474, -2.13,   18397,  1.25
 443,-70.00,  -11351, -0.39,  -29165, -1.98,   17814,  1.21
 444,-69.00,   -8660, -0.30,  -26512, -1.80,   17852,  1.21
 445,-68.00,   -5502, -0.19,  -23908, -1.62,   18406,  1.25
 446,-67.00,   -2513, -0.09,  -21323, -1.45,   18810,  1.28
 447,-66.00,     122,  0.00,  -18796, -1.27,   18918,  1.28
 448,-65.00,    3667,  0.13,  -15472, -1.05,   19139,  1.30
 449,-64.00,    6556,  0.22,  -12460, -0.85,   19016,  1.29
 450,-63.00,    9071,  0.31,   -9356, -0.63,   18427,  1.25
 451,-62.00,   10861,  0.37,   -6437, -0.44,   17298,  1.17
 452,-61.00,   12322,  0.42,   -4134, -0.28,   16456,  1.12
 453,-60.00,   12873,  0.44,   -2149, -0.15,   15022,  1.02
 454,-59.00,   13274,  0.45,     -17, -0.00,   13291,  0.90
 455,-58.00,   13635,  0.46,    1908,  0.13,   11727,  0.80
 456,-57.00,   14170,  0.48,    4058,  0.28,   10112,  0.69
 457,-56.00,   14217,  0.48,    5481,  0.37,    8736,  0.59
 458,-55.00,   14222,  0.48,    6534,  0.44,    7688,  0.52
 459,-54.00,   14216,  0.48,    7531,  0.51,    6685,  0.45
 460,-53.00,   14047,  0.48,    8104,  0.55,    5943,  0.40
 461,-52.00,   13241,  0.45,    8485,  0.58,    4756,  0.32
 462,-51.00,   12946,  0.44,    9600,  0.65,    3346,  0.23
 463,-50.00,   11729,  0.40,   10086,  0.68,    1643,  0.11
 464,-49.00,    9856,  0.34,    9961,  0.68,    -105, -0.00
 465,-48.00,    7133,  0.24,    9226,  0.63,   -2093, -0.14
 466,-47.00,    3550,  0.12,    8036,  0.54,   -4486, -0.30
 467,-46.00,    -523, -0.02,    6670,  0.45,   -7193, -0.49
 468,-45.00,   -3696, -0.13,    4842,  0.33,   -8538, -0.58
 469,-44.00,   -6443, -0.22,    3221,  0.22,   -9664, -0.66
 470,-43.00,  -10285, -0.35,    1104,  0.07,  -11389, -0.77
 471,-42.00,  -13654, -0.47,    -792, -0.05,  -12862, -0.87
 472,-41.00,  -15778, -0.54,   -2126, -0.14,  -13652, -0.93
 473,-40.00,  -17762, -0.61,   -3679, -0.25,  -14083, -0.96
 474,-39.00,  -19978, -0.68,   -5041, -0.34,  -14937, -1.01
 475,-38.00,  -22070, -0.75,   -6649, -0.45,  -15421, -1.05
 476,-37.00,  -23709, -0.81,   -8325, -0.56,  -15384, -1.04
 477,-36.00,  -25136, -0.86,   -9782, -0.66,  -15354, -1.04
 478,-35.00,  -27196, -0.93,  -11290, -0.77,  -15906, -1.08
 479,-34.00,  -28726, -0.98,  -12758, -0.87,  -15968, -1.08
 480,-33.00,  -29998, -1.02,  -14220, -0.96,  -15778, -1.07
 481,-32.00,  -31629, -1.08,  -16146, -1.10,  -15483, -1.05
 482,-31.00,  -34633, -1.18,  -18992, -1.29,  -15641, -1.06
 483,-30.00,  -37255, -1.27,  -21469, -1.46,  -15786, -1.07
 484,-29.00,  -39564, -1.35,  -23106, -1.57,  -16458, -1.12
 485,-28.00,  -41736, -1.42,  -24801, -1.68,  -16935, -1.15
 486,-27.00,  -45140, -1.54,  -27214, -1.85,  -17926, -1.22
 487,-26.00,  -49300, -1.68,  -30066, -2.04,  -19234, -1.30
 488,-25.00,  -52758, -1.80,  -32512, -2.20,  -20246, -1.37
 489,-24.00,  -55580, -1.90,  -34520, -2.34,  -21060, -1.43
 490,-23.00,  -58136, -1.98,  -36590, -2.48,  -21546, -1.46
 491,-22.00,  -60072, -2.05,  -38294, -2.60,  -21778, -1.48
 492,-21.00,  -62090, -2.12,  -39973, -2.71,  -22117, -1.50
 493,-20.00,  -64225, -2.19,  -41151, -2.79,  -23074, -1.56
 494,-19.00,  -64943, -2.21,  -41342, -2.80,  -23601, -1.60
 495,-18.00,  -65249, -2.22,  -41538, -2.82,  -23711, -1.61
 496,-17.00,  -65629, -2.24,  -42142, -2.86,  -23487, -1.59
 497,-16.00,  -65891, -2.25,  -42824, -2.90,  -23067, -1.56
 498,-15.00,  -65866, -2.25,  -43008, -2.92,  -22858, -1.55
 499,-14.00,  -65492, -2.23,  -42957, -2.91,  -22535, -1.53
 500,-13.00,  -65556, -2.24,  -42853, -2.91,  -22703, -1.54
 501,-12.00,  -66115, -2.25,  -43008, -2.92,  -23107, -1.57
 502,-11.00,  -66346, -2.26,  -43104, -2.92,  -23242, -1.58
 503,-10.00,  -65536, -2.23,  -42618, -2.89,  -22918, -1.55
 504,-9.00,  -65638, -2.24,  -43067, -2.92,  -22571, -1.53
 505,-8.00,  -65386, -2.23,  -43288, -2.94,  -22098, -1.50
 506,-7.00,  -65809, -2.24,  -44404, -3.01,  -21405, -1.45
 507,-6.00,  -66007, -2.25,  -45694, -3.10,  -20313, -1.38
 508,-5.00,  -66156, -2.26,  -46960, -3.18,  -19196, -1.30
 509,-4.00,  -65482, -2.23,  -47826, -3.24,  -17656, -1.20
 510,-3.00,  -64741, -2.21,  -48687, -3.30,  -16054, -1.09
 511,-2.00,  -63522, -2.17,  -49112, -3.33,  -14410, -0.98
 512,-1.00,  -62280, -2.12,  -49864, -3.38,  -12416, -0.84
 513,0.00,  -62210, -2.12,  -51247, -3.48,  -10963, -0.74
 514,1.00,  -62127, -2.12,  -52872, -3.59,   -9255, -0.63
 515,2.00,  -61951, -2.11,  -54405, -3.69,   -7546, -0.51
 516,3.00,  -61527, -2.10,  -55556, -3.77,   -5971, -0.40
 517,4.00,  -61324, -2.09,  -56484, -3.83,   -4840, -0.33
 518,5.00,  -61228, -2.09,  -57703, -3.91,   -3525, -0.24
 519,6.00,  -60406, -2.06,  -58507, -3.97,   -1899, -0.13
 520,7.00,  -59266, -2.02,  -59391, -4.03,     125,  0.00
 521,8.00,  -57811, -1.97,  -59893, -4.06,    2082,  0.14
 522,9.00,  -55888, -1.91,  -60163, -4.08,    4275,  0.29
 523,10.00,  -54905, -1.87,  -60780, -4.12,    5875,  0.40
 524,11.00,  -54138, -1.85,  -61068, -4.14,    6930,  0.47
 525,12.00,  -52985, -1.81,  -61290, -4.16,    8305,  0.56
 526,13.00,  -50995, -1.74,  -61058, -4.14,   10063,  0.68
 527,14.00,  -49263, -1.68,  -61436, -4.17,   12173,  0.83
 528,15.00,  -46594, -1.59,  -61060, -4.14,   14466,  0.98
 529,16.00,  -44306, -1.51,  -60962, -4.13,   16656,  1.13
 530,17.00,  -41986, -1.43,  -60607, -4.11,   18621,  1.26
 531,18.00,  -39052, -1.33,  -59784, -4.05,   20732,  1.41
 532,19.00,  -35590, -1.21,  -58222, -3.95,   22632,  1.53
 533,20.00,  -33585, -1.15,  -57693, -3.91,   24108,  1.63
 534,21.00,  -31738, -1.08,  -57161, -3.88,   25423,  1.72
 535,22.00,  -30388, -1.04,  -56814, -3.85,   26426,  1.79
 536,23.00,  -28769, -0.98,  -56261, -3.82,   27492,  1.86
 537,24.00,  -27488, -0.94,  -55869, -3.79,   28381,  1.92
 538,25.00,  -25593, -0.87,  -55091, -3.74,   29498,  2.00
 539,26.00,  -22747, -0.78,  -53952, -3.66,   31205,  2.12
 540,27.00,  -19843, -0.68,  -52797, -3.58,   32954,  2.23
 541,28.00,  -16701, -0.57,  -51578, -3.50,   34877,  2.37
 542,29.00,  -14431, -0.49,  -50672, -3.44,   36241,  2.46
 543,30.00,  -11449, -0.39,  -48982, -3.32,   37533,  2.55
 544,31.00,   -8883, -0.30,  -47015, -3.19,   38132,  2.59
 545,32.00,   -5426, -0.19,  -44428, -3.01,   39002,  2.65
 546,33.00,   -1815, -0.06,  -41641, -2.82,   39826,  2.70
 547,34.00,    1599,  0.05,  -39019, -2.65,   40618,  2.75
 548,35.00,    4792,  0.16,  -36639, -2.48,   41431,  2.81
 549,36.00,    8038,  0.27,  -34034, -2.31,   42072,  2.85
 550,37.00,   10996,  0.37,  -31243, -2.12,   42239,  2.86
 551,38.00,   12487,  0.43,  -29277, -1.99,   41764,  2.83
 552,39.00,   11803,  0.40,  -28385, -1.93,   40188,  2.73
 553,40.00,    9710,  0.33,  -28114, -1.91,   37824,  2.57
 554,41.00,    7815,  0.27,  -27617, -1.87,   35432,  2.40
 555,42.00,    6069,  0.21,  -26836, -1.82,   32905,  2.23
 556,43.00,    3477,  0.12,  -26562, -1.80,   30039,  2.04
 557,44.00,     604,  0.02,  -26748, -1.81,   27352,  1.85
 558,45.00,   -3533, -0.12,  -27872, -1.89,   24339,  1.65
 559,46.00,   -9133, -0.31,  -29784, -2.02,   20651,  1.40
 560,47.00,  -15322, -0.52,  -32190, -2.18,   16868,  1.14
 561,48.00,  -21356, -0.73,  -34844, -2.36,   13488,  0.91
 562,49.00,  -27783, -0.95,  -38027, -2.58,   10244,  0.69
 563,50.00,  -33737, -1.15,  -41367, -2.81,    7630,  0.52
 564,51.00,  -40069, -1.37,  -44692, -3.03,    4623,  0.31
 565,52.00,  -45869, -1.56,  -47844, -3.24,    1975,  0.13
 566,53.00,  -49518, -1.69,  -49980, -3.39,     462,  0.03
 567,54.00,  -51744, -1.76,  -51092, -3.47,    -652, -0.04
 568,55.00,  -54855, -1.87,  -52417, -3.55,   -2438, -0.17
 569,56.00,  -58066, -1.98,  -54201, -3.68,   -3865, -0.26
 570,57.00,  -60143, -2.05,  -55015, -3.73,   -5128, -0.35
 571,58.00,  -61237, -2.09,  -55175, -3.74,   -6062, -0.41
 572,59.00,  -60413, -2.06,  -54375, -3.69,   -6038, -0.41
 573,60.00,  -58294, -1.99,  -52820, -3.58,   -5474, -0.37
 574,61.00,  -54819, -1.87,  -50261, -3.41,   -4558, -0.31
 575,62.00,  -50593, -1.73,  -46934, -3.18,   -3659, -0.25
 576,63.00,  -45469, -1.55,  -43269, -2.93,   -2200, -0.15
 577,64.00,  -38668, -1.32,  -38545, -2.61,    -123, -0.00
 578,65.00,  -31198, -1.06,  -33930, -2.30,    2732,  0.19
 579,66.00,  -22232, -0.76,  -28401, -1.93,    6169,  0.42
 580,67.00,  -13788, -0.47,  -22965, -1.56,    9177,  0.62
 581,68.00,   -5817, -0.20,  -17405, -1.18,   11588,  0.79
 582,69.00,    2687,  0.09,  -11603, -0.79,   14290,  0.97
 583,70.00,   11186,  0.38,   -5975, -0.41,   17161,  1.16
 584,71.00,   18968,  0.65,    -815, -0.06,   19783,  1.34
 585,72.00,   26565,  0.91,    3867,  0.26,   22698,  1.54
 586,73.00,   33750,  1.15,    8759,  0.59,   24991,  1.69
 587,74.00,   40340,  1.38,   13665,  0.93,   26675,  1.81
 588,75.00,   46887,  1.60,   18853,  1.28,   28034,  1.90
 589,76.00,   52882,  1.80,   23687,  1.61,   29195,  1.98
 590,77.00,   58277,  1.99,   28243,  1.92,   30034,  2.04
 591,78.00,   63494,  2.17,   32593,  2.21,   30901,  2.10
 592,79.00,   69033,  2.35,   37157,  2.52,   31876,  2.16
 593,80.00,   73921,  2.52,   41565,  2.82,   32356,  2.19
 594,81.00,   78040,  2.66,   45426,  3.08,   32614,  2.21
 595,82.00,   81495,  2.78,   48613,  3.30,   32882,  2.23
 596,83.00,   84763,  2.89,   51625,  3.50,   33138,  2.25
 597,84.00,   87476,  2.98,   54087,  3.67,   33389,  2.26
 598,85.00,   89719,  3.06,   56784,  3.85,   32935,  2.23
 599,86.00,   90746,  3.09,   59007,  4.00,   31739,  2.15
 600,87.00,   91279,  3.11,   60972,  4.14,   30307,  2.06
 601,88.00,   91615,  3.12,   62831,  4.26,   28784,  1.95
 602,89.00,   91849,  3.13,   64167,  4.35,   27682,  1.88
 603,90.00,   91115,  3.11,   64847,  4.40,   26268,  1.78
 604,91.00,   90195,  3.08,   65478,  4.44,   24717,  1.68
 605,92.00,   88189,  3.01,   65445,  4.44,   22744,  1.54
 606,93.00,   85622,  2.92,   65027,  4.41,   20595,  1.40
 607,94.00,   83670,  2.85,   63969,  4.34,   19701,  1.34
 608,95.00,   81963,  2.79,   62562,  4.24,   19401,  1.32
 609,96.00,   79688,  2.72,   60873,  4.13,   18815,  1.28
 610,97.00,   77447,  2.64,   59115,  4.01,   18332,  1.24
 611,98.00,   75871,  2.59,   58065,  3.94,   17806,  1.21
 612,99.00,   73733,  2.51,   56338,  3.82,   17395,  1.18
 613,100.00,   72079,  2.46,   54825,  3.72,   17254,  1.17
 614,101.00,   70492,  2.40,   52997,  3.59,   17495,  1.19
 615,102.00,   69038,  2.35,   51095,  3.47,   17943,  1.22
 616,103.00,   68239,  2.33,   49908,  3.38,   18331,  1.24
 617,104.00,   67575,  2.30,   48803,  3.31,   18772,  1.27
 618,105.00,   66409,  2.26,   47334,  3.21,   19075,  1.29
 619,106.00,   66197,  2.26,   46110,  3.13,   20087,  1.36
 620,107.00,   66698,  2.27,   45165,  3.06,   21533,  1.46
 621,108.00,   67048,  2.29,   44313,  3.01,   22735,  1.54
 622,109.00,   67331,  2.30,   43573,  2.96,   23758,  1.61
 623,110.00,   67362,  2.30,   42436,  2.88,   24926,  1.69
 624,111.00,   68018,  2.32,   41613,  2.82,   26405,  1.79
 625,112.00,   68608,  2.34,   40413,  2.74,   28195,  1.91
 626,113.00,   70773,  2.41,   40218,  2.73,   30555,  2.07
 627,114.00,   74188,  2.53,   41099,  2.79,   33089,  2.24
 628,115.00,   77794,  2.65,   41946,  2.84,   35848,  2.43
 629,116.00,   81362,  2.77,   42546,  2.89,   38816,  2.63
 630,117.00,   85129,  2.90,   42906,  2.91,   42223,  2.86
 631,118.00,   89375,  3.05,   43628,  2.96,   45747,  3.10
 632,119.00,   93234,  3.18,   43825,  2.97,   49409,  3.35
 633,120.00,   97826,  3.34,   44640,  3.03,   53186,  3.61
 634,121.00,  102035,  3.48,   45069,  3.06,   56966,  3.86
 635,122.00,  105671,  3.60,   44994,  3.05,   60677,  4.12
 636,123.00,  108594,  3.70,   44704,  3.03,   63890,  4.33
 637,124.00,  112030,  3.82,   44957,  3.05,   67073,  4.55
 638,125.00,  115555,  3.94,   45104,  3.06,   70451,  4.78
 639,126.00,  118004,  4.02,   45232,  3.07,   72772,  4.94
 640,127.00,  119846,  4.09,   44794,  3.04,   75052,  5.09
 641,128.00,  121543,  4.14,   44222,  3.00,   77321,  5.24
 642,129.00,  123308,  4.20,   43417,  2.94,   79891,  5.42
 643,130.00,  124762,  4.25,   42756,  2.90,   82006,  5.56
 644,131.00,  125897,  4.29,   41867,  2.84,   84030,  5.70
 645,132.00,  126446,  4.31,   40748,  2.76,   85698,  5.81
 646,133.00,  127409,  4.34,   39537,  2.68,   87872,  5.96
 647,134.00,  127527,  4.35,   38231,  2.59,   89296,  6.06
 648,135.00,  127948,  4.36,   37091,  2.52,   90857,  6.16
 649,136.00,  127171,  4.34,   35296,  2.39,   91875,  6.23
 650,137.00,  125593,  4.28,   33500,  2.27,   92093,  6.25
 651,138.00,  123050,  4.20,   31758,  2.15,   91292,  6.19
 652,139.00,  119982,  4.09,   29957,  2.03,   90025,  6.11
 653,140.00,  116875,  3.99,   28321,  1.92,   88554,  6.01
 654,141.00,  114726,  3.91,   27604,  1.87,   87122,  5.91
 655,142.00,  112693,  3.84,   27159,  1.84,   85534,  5.80
 656,143.00,  110361,  3.76,   26373,  1.79,   83988,  5.70
 657,144.00,  106971,  3.65,   25136,  1.70,   81835,  5.55
 658,145.00,  102949,  3.51,   23712,  1.61,   79237,  5.37
 659,146.00,   99342,  3.39,   22517,  1.53,   76825,  5.21
 660,147.00,   95611,  3.26,   22042,  1.49,   73569,  4.99
 661,148.00,   92255,  3.15,   22276,  1.51,   69979,  4.75
 662,149.00,   88586,  3.02,   22227,  1.51,   66359,  4.50
 663,150.00,   85068,  2.90,   21812,  1.48,   63256,  4.29
 664,151.00,   80543,  2.75,   20978,  1.42,   59565,  4.04
 665,152.00,   75367,  2.57,   20233,  1.37,   55134,  3.74
 666,153.00,   70454,  2.40,   19687,  1.34,   50767,  3.44
 667,154.00,   64554,  2.20,   18158,  1.23,   46396,  3.15
 668,155.00,   58154,  1.98,   15788,  1.07,   42366,  2.87
 669,156.00,   50883,  1.74,   12744,  0.86,   38139,  2.59
 670,157.00,   43120,  1.47,    8849,  0.60,   34271,  2.32
 671,158.00,   35207,  1.20,    4369,  0.30,   30838,  2.09
 672,159.00,   27613,  0.94,     307,  0.02,   27306,  1.85
 673,160.00,   19551,  0.67,   -3887, -0.26,   23438,  1.59
 674,161.00,    9895,  0.34,   -8402, -0.57,   18297,  1.24
 675,162.00,    -548, -0.02,  -13176, -0.89,   12628,  0.86
 676,163.00,  -11721, -0.40,  -18029, -1.22,    6308,  0.43
 677,164.00,  -22934, -0.78,  -23122, -1.57,     188,  0.01
 678,165.00,  -34472, -1.18,  -28783, -1.95,   -5689, -0.39
 679,166.00,  -45628, -1.56,  -34499, -2.34,  -11129, -0.75
 680,167.00,  -56645, -1.93,  -39644, -2.69,  -17001, -1.15
 681,168.00,  -67150, -2.29,  -44635, -3.03,  -22515, -1.53
 682,169.00,  -77724, -2.65,  -49765, -3.38,  -27959, -1.90
 683,170.00,  -87908, -3.00,  -54824, -3.72,  -33084, -2.24
 684,171.00,  -98681, -3.36,  -60036, -4.07,  -38645, -2.62
 685,172.00, -109857, -3.75,  -65622, -4.45,  -44235, -3.00
 686,173.00, -120617, -4.11,  -70536, -4.78,  -50081, -3.40
 687,174.00, -132356, -4.51,  -75923, -5.15,  -56433, -3.83
 688,175.00, -144057, -4.91,  -81151, -5.50,  -62906, -4.27
 689,176.00, -153969, -5.25,  -85281, -5.78,  -68688, -4.66
 690,177.00, -162774, -5.55,  -88958, -6.03,  -73816, -5.01
 691,178.00, -170719, -5.82,  -92240, -6.26,  -78479, -5.32
 692,179.00, -178895, -6.10,  -96005, -6.51,  -82890, -5.62
 693,180.00, -186418, -6.36,  -99300, -6.73,  -87118, -5.91
 694,181.00, -194767, -6.64, -102842, -6.97,  -91925, -6.23
 695,182.00, -202475, -6.90, -105697, -7.17,  -96778, -6.56
 696,183.00, -210169, -7.17, -109015, -7.39, -101154, -6.86
 697,184.00, -216619, -7.39, -111635, -7.57, -104984, -7.12
 698,185.00, -223050, -7.61, -114399, -7.76, -108651, -7.37
 699,186.00, -228907, -7.81, -116507, -7.90, -112400, -7.62
 700,187.00, -234266, -7.99, -118283, -8.02, -115983, -7.87
 701,188.00, -239107, -8.15, -119224, -8.09, -119883, -8.13
 702,189.00, -242964, -8.28, -120291, -8.16, -122673, -8.32
 703,190.00, -246086, -8.39, -121117, -8.21, -124969, -8.48
 704,191.00, -248308, -8.47, -121614, -8.25, -126694, -8.59
 705,192.00, -250239, -8.53, -122000, -8.27, -128239, -8.70
 706,193.00, -251900, -8.59, -122448, -8.30, -129452, -8.78
 707,194.00, -253351, -8.64, -122880, -8.33, -130471, -8.85
 708,195.00, -254665, -8.68, -123727, -8.39, -130938, -8.88
 709,196.00, -256167, -8.74, -124555, -8.45, -131612, -8.93
 710,197.00, -257244, -8.77, -125305, -8.50, -131939, -8.95
 711,198.00, -257698, -8.79, -125958, -8.54, -131740, -8.93
 712,199.00, -257339, -8.77, -126000, -8.55, -131339, -8.91
 713,200.00, -255920, -8.73, -125396, -8.50, -130524, -8.85
 714,201.00, -254223, -8.67, -124399, -8.44, -129824, -8.80
 715,202.00, -252766, -8.62, -123336, -8.36, -129430, -8.78
 716,203.00, -251780, -8.59, -122572, -8.31, -129208, -8.76
 717,204.00, -250937, -8.56, -121875, -8.27, -129062, -8.75
 718,205.00, -249652, -8.51, -121083, -8.21, -128569, -8.72
 719,206.00, -248031, -8.46, -119997, -8.14, -128034, -8.68
 720,207.00, -246637, -8.41, -119321, -8.09, -127316, -8.63
 721,208.00, -244167, -8.33, -118026, -8.00, -126141, -8.55
 722,209.00, -241944, -8.25, -116293, -7.89, -125651, -8.52
 723,210.00, -239041, -8.15, -114026, -7.73, -125015, -8.48
 724,211.00, -236053, -8.05, -111476, -7.56, -124577, -8.45
 725,212.00, -233325, -7.96, -108800, -7.38, -124525, -8.45
 726,213.00, -230678, -7.87, -106632, -7.23, -124046, -8.41
 727,214.00, -226950, -7.74, -104169, -7.06, -122781, -8.33
 728,215.00, -222433, -7.58, -101100, -6.86, -121333, -8.23
 729,216.00, -217710, -7.42,  -97864, -6.64, -119846, -8.13
 730,217.00, -213705, -7.29,  -95364, -6.47, -118341, -8.03
 731,218.00, -209446, -7.14,  -93085, -6.31, -116361, -7.89
 732,219.00, -205690, -7.01,  -91297, -6.19, -114393, -7.76
 733,220.00, -201215, -6.86,  -88788, -6.02, -112427, -7.62
 734,221.00, -197086, -6.72,  -86855, -5.89, -110231, -7.48
 735,222.00, -192859, -6.58,  -84909, -5.76, -107950, -7.32
 736,223.00, -188273, -6.42,  -82879, -5.62, -105394, -7.15
 737,224.00, -183915, -6.27,  -80727, -5.47, -103188, -7.00
 738,225.00, -180216, -6.15,  -78975, -5.36, -101241, -6.87
 739,226.00, -176975, -6.03,  -77633, -5.26,  -99342, -6.74
 740,227.00, -174202, -5.94,  -76210, -5.17,  -97992, -6.65
 741,228.00, -171683, -5.85,  -74846, -5.08,  -96837, -6.57
 742,229.00, -168666, -5.75,  -73472, -4.98,  -95194, -6.46
 743,230.00, -165341, -5.64,  -72324, -4.90,  -93017, -6.31
 744,231.00, -162235, -5.53,  -71322, -4.84,  -90913, -6.17
 745,232.00, -158156, -5.39,  -69767, -4.73,  -88389, -5.99
 746,233.00, -154426, -5.27,  -68980, -4.68,  -85446, -5.79
 747,234.00, -151390, -5.16,  -68996, -4.68,  -82394, -5.59
 748,235.00, -149261, -5.09,  -69286, -4.70,  -79975, -5.42
 749,236.00, -147731, -5.04,  -69778, -4.73,  -77953, -5.29
 750,237.00, -146182, -4.98,  -69514, -4.71,  -76668, -5.20
 751,238.00, -144168, -4.92,  -68887, -4.67,  -75281, -5.11
 752,239.00, -143326, -4.89,  -68883, -4.67,  -74443, -5.05
 753,240.00, -142238, -4.85,  -68905, -4.67,  -73333, -4.97
 754,241.00, -141459, -4.82,  -69067, -4.68,  -72392, -4.91
 755,242.00, -140425, -4.79,  -69715, -4.73,  -70710, -4.80
 756,243.00, -139474, -4.76,  -70595, -4.79,  -68879, -4.67
 757,244.00, -138430, -4.72,  -71066, -4.82,  -67364, -4.57
 758,245.00, -137221, -4.68,  -71568, -4.85,  -65653, -4.45
 759,246.00, -135437, -4.62,  -71775, -4.87,  -63662, -4.32
 760,247.00, -133218, -4.54,  -71688, -4.86,  -61530, -4.17
 761,248.00, -130417, -4.45,  -71128, -4.82,  -59289, -4.02
 762,249.00, -127330, -4.34,  -70583, -4.79,  -56747, -3.85
 763,250.00, -123811, -4.22,  -69730, -4.73,  -54081, -3.67
 764,251.00, -121133, -4.13,  -69141, -4.69,  -51992, -3.53
 765,252.00, -119337, -4.07,  -68572, -4.65,  -50765, -3.44
 766,253.00, -117520, -4.01,  -68028, -4.61,  -49492, -3.36
 767,254.00, -116297, -3.97,  -67413, -4.57,  -48884, -3.32
 768,255.00, -114365, -3.90,  -66647, -4.52,  -47718, -3.24
 769,256.00, -112194, -3.83,  -65828, -4.46,  -46366, -3.14
 770,257.00, -109945, -3.75,  -65228, -4.42,  -44717, -3.03
 771,258.00, -107779, -3.68,  -64352, -4.36,  -43427, -2.95
 772,259.00, -105305, -3.59,  -63136, -4.28,  -42169, -2.86
 773,260.00, -103171, -3.52,  -61657, -4.18,  -41514, -2.82
 774,261.00, -100137, -3.41,  -59919, -4.06,  -40218, -2.73
 775,262.00,  -96749, -3.30,  -57650, -3.91,  -39099, -2.65
 776,263.00,  -93382, -3.18,  -55149, -3.74,  -38233, -2.59
 777,264.00,  -90106, -3.07,  -52443, -3.56,  -37663, -2.55
 778,265.00,  -86953, -2.97,  -49846, -3.38,  -37107, -2.52
 779,266.00,  -83884, -2.86,  -47099, -3.19,  -36785, -2.49
 780,267.00,  -80915, -2.76,  -44307, -3.00,  -36608, -2.48
 781,268.00,  -77744, -2.65,  -41864, -2.84,  -35880, -2.43
 782,269.00,  -74796, -2.55,  -39605, -2.69,  -35191, -2.39
 783,270.00,  -71810, -2.45,  -37293, -2.53,  -34517, -2.34
 784,271.00,  -69266, -2.36,  -34767, -2.36,  -34499, -2.34
 785,272.00,  -66743, -2.28,  -32578, -2.21,  -34165, -2.32
 786,273.00,  -64023, -2.18,  -30226, -2.05,  -33797, -2.29
 787,274.00,  -60754, -2.07,  -27783, -1.88,  -32971, -2.24
 788,275.00,  -57229, -1.95,  -25387, -1.72,  -31842, -2.16
 789,276.00,  -54375, -1.85,  -23466, -1.59,  -30909, -2.10
 790,277.00,  -51878, -1.77,  -21786, -1.48,  -30092, -2.04
 791,278.00,  -49330, -1.68,  -20400, -1.38,  -28930, -1.96
 792,279.00,  -46722, -1.59,  -19423, -1.32,  -27299, -1.85
 793,280.00,  -43384, -1.48,  -18057, -1.22,  -25327, -1.72
 794,281.00,  -39993, -1.36,  -16605, -1.13,  -23388, -1.59
 795,282.00,  -36662, -1.25,  -15349, -1.04,  -21313, -1.45
 796,283.00,  -33364, -1.14,  -14432, -0.98,  -18932, -1.28
 797,284.00,  -30006, -1.02,  -13292, -0.90,  -16714, -1.13
 798,285.00,  -26382, -0.90,  -11741, -0.80,  -14641, -0.99
 799,286.00,  -23081, -0.79,  -10298, -0.70,  -12783, -0.87
 800,287.00,  -19862, -0.68,   -9079, -0.62,  -10783, -0.73
 801,288.00,  -17067, -0.58,   -8281, -0.56,   -8786, -0.60
 802,289.00,  -14295, -0.49,   -7274, -0.49,   -7021, -0.48
 803,290.00,  -11064, -0.38,   -5958, -0.40,   -5106, -0.35
 804,291.00,   -6917, -0.24,   -4091, -0.28,   -2826, -0.19
 805,292.00,   -2686, -0.09,   -2301, -0.16,    -385, -0.03
 806,293.00,    1451,  0.05,    -959, -0.07,    2410,  0.16
 807,294.00,    4936,  0.17,      40,  0.00,    4896,  0.33
 808,295.00,    8049,  0.27,    1207,  0.08,    6842,  0.46
 809,296.00,   11160,  0.38,    2711,  0.18,    8449,  0.57
 810,297.00,   13848,  0.47,    3917,  0.27,    9931,  0.67
 811,298.00,   17056,  0.58,    5280,  0.36,   11776,  0.80
 812,299.00,   20304,  0.69,    7133,  0.48,   13171,  0.89
 813,300.00,   23948,  0.82,    8981,  0.61,   14967,  1.02
 814,301.00,   27666,  0.94,   11116,  0.75,   16550,  1.12
 815,302.00,   32137,  1.10,   13830,  0.94,   18307,  1.24
 816,303.00,   36612,  1.25,   16243,  1.10,   20369,  1.38
 817,304.00,   40740,  1.39,   18424,  1.25,   22316,  1.51
 818,305.00,   44638,  1.52,   20114,  1.36,   24524,  1.66
 819,306.00,   48462,  1.65,   21937,  1.49,   26525,  1.80
 820,307.00,   51680,  1.76,   23449,  1.59,   28231,  1.91
 821,308.00,   54436,  1.86,   25042,  1.70,   29394,  1.99
 822,309.00,   56955,  1.94,   26550,  1.80,   30405,  2.06
 823,310.00,   59228,  2.02,   28465,  1.93,   30763,  2.09
 824,311.00,   61293,  2.09,   30483,  2.07,   30810,  2.09
 825,312.00,   63457,  2.16,   32625,  2.21,   30832,  2.09
 826,313.00,   66758,  2.28,   35416,  2.40,   31342,  2.13
 827,314.00,   69321,  2.36,   37985,  2.58,   31336,  2.13
 828,315.00,   71823,  2.45,   40310,  2.73,   31513,  2.14
 829,316.00,   74064,  2.53,   42680,  2.89,   31384,  2.13
 830,317.00,   75591,  2.58,   44568,  3.02,   31023,  2.10
 831,318.00,   75982,  2.59,   46228,  3.14,   29754,  2.02
 832,319.00,   76333,  2.60,   47827,  3.24,   28506,  1.93
 833,320.00,   77011,  2.63,   49508,  3.36,   27503,  1.87
 834,321.00,   78236,  2.67,   51586,  3.50,   26650,  1.81
 835,322.00,   78827,  2.69,   53186,  3.61,   25641,  1.74
 836,323.00,   78685,  2.68,   54632,  3.71,   24053,  1.63
 837,324.00,   78067,  2.66,   55479,  3.76,   22588,  1.53
 838,325.00,   77796,  2.65,   56538,  3.83,   21258,  1.44
 839,326.00,   78597,  2.68,   57680,  3.91,   20917,  1.42
 840,327.00,   79051,  2.70,   58614,  3.98,   20437,  1.39
 841,328.00,   80089,  2.73,   59455,  4.03,   20634,  1.40
 842,329.00,   82041,  2.80,   60769,  4.12,   21272,  1.44
 843,330.00,   83385,  2.84,   61654,  4.18,   21731,  1.47
 844,331.00,   84939,  2.90,   62549,  4.24,   22390,  1.52
 845,332.00,   86304,  2.94,   63311,  4.29,   22993,  1.56
 846,333.00,   87393,  2.98,   63897,  4.33,   23496,  1.59
 847,334.00,   89014,  3.04,   65008,  4.41,   24006,  1.63
 848,335.00,   90265,  3.08,   66281,  4.50,   23984,  1.63
 849,336.00,   91813,  3.13,   67336,  4.57,   24477,  1.66
 850,337.00,   92771,  3.16,   68269,  4.63,   24502,  1.66
 851,338.00,   94428,  3.22,   69217,  4.69,   25211,  1.71
 852,339.00,   94891,  3.24,   69387,  4.71,   25504,  1.73
 853,340.00,   94238,  3.21,   68970,  4.68,   25268,  1.71
 854,341.00,   92620,  3.16,   68043,  4.61,   24577,  1.67
 855,342.00,   91505,  3.12,   67485,  4.58,   24020,  1.63
 856,343.00,   90769,  3.10,   66944,  4.54,   23825,  1.62
 857,344.00,   90920,  3.10,   66717,  4.52,   24203,  1.64
 858,345.00,   91237,  3.11,   66332,  4.50,   24905,  1.69
 859,346.00,   91419,  3.12,   65566,  4.45,   25853,  1.75
 860,347.00,   91676,  3.13,   64854,  4.40,   26822,  1.82
 861,348.00,   92881,  3.17,   64521,  4.38,   28360,  1.92
 862,349.00,   94018,  3.21,   64013,  4.34,   30005,  2.03
 863,350.00,   94639,  3.23,   63107,  4.28,   31532,  2.14
 864,351.00,   94212,  3.21,   61340,  4.16,   32872,  2.23
 865,352.00,   93949,  3.20,   59438,  4.03,   34511,  2.34
 866,353.00,   93802,  3.20,   57584,  3.91,   36218,  2.46
 867,354.00,   93215,  3.18,   55617,  3.77,   37598,  2.55
 868,355.00,   93338,  3.18,   54516,  3.70,   38822,  2.63
 869,356.00,   93237,  3.18,   53513,  3.63,   39724,  2.69
 870,357.00,   92741,  3.16,   52130,  3.54,   40611,  2.75
 871,358.00,   92215,  3.14,   50611,  3.43,   41604,  2.82
 872,359.00,   91472,  3.12,   49317,  3.34,   42155,  2.86
 873,360.00,   91155,  3.11,   48233,  3.27,   42922,  2.91
 874,361.00,   90573,  3.09,   46973,  3.19,   43600,  2.96
 875,362.00,   89689,  3.06,   45957,  3.12,   43732,  2.97
 876,363.00,   88487,  3.02,   44885,  3.04,   43602,  2.96
 877,364.00,   86561,  2.95,   43392,  2.94,   43169,  2.93
 878,365.00,   84687,  2.89,   41857,  2.84,   42830,  2.90
 879,366.00,   82734,  2.82,   40684,  2.76,   42050,  2.85
 880,367.00,   79732,  2.72,   39262,  2.66,   40470,  2.74
 881,368.00,   76004,  2.59,   37548,  2.55,   38456,  2.61
 882,369.00,   72079,  2.46,   36122,  2.45,   35957,  2.44
 883,370.00,   68212,  2.33,   34707,  2.35,   33505,  2.27
 884,371.00,   64316,  2.19,   33369,  2.26,   30947,  2.10
 885,372.00,   60868,  2.08,   32274,  2.19,   28594,  1.94
 886,373.00,   57219,  1.95,   31359,  2.13,   25860,  1.75
 887,374.00,   53868,  1.84,   30731,  2.08,   23137,  1.57
 888,375.00,   50886,  1.74,   30161,  2.05,   20725,  1.41
 889,376.00,   48355,  1.65,   30118,  2.04,   18237,  1.24
 890,377.00,   46265,  1.58,   30648,  2.08,   15617,  1.06
 891,378.00,   44635,  1.52,   31320,  2.12,   13315,  0.90
 892,379.00,   42148,  1.44,   31209,  2.12,   10939,  0.74
 893,380.00,   40285,  1.37,   31315,  2.12,    8970,  0.61
 894,381.00,   39223,  1.34,   32032,  2.17,    7191,  0.49
 895,382.00,   38873,  1.33,   32798,  2.22,    6075,  0.41
 896,383.00,   38823,  1.32,   33795,  2.29,    5028,  0.34
 897,384.00,   40086,  1.37,   35480,  2.41,    4606,  0.31
 898,385.00,   42109,  1.44,   37360,  2.53,    4749,  0.32
 899,386.00,   44831,  1.53,   39680,  2.69,    5151,  0.35
 900,387.00,   47316,  1.61,   41766,  2.83,    5550,  0.38
 901,388.00,   49589,  1.69,   43605,  2.96,    5984,  0.41
 902,389.00,   52623,  1.79,   45522,  3.09,    7101,  0.48
 903,390.00,   55141,  1.88,   46758,  3.17,    8383,  0.57
 904,391.00,   57648,  1.97,   47775,  3.24,    9873,  0.67
 905,392.00,   60642,  2.07,   49036,  3.33,   11606,  0.79
 906,393.00,   64102,  2.19,   50238,  3.41,   13864,  0.94
 907,394.00,   67636,  2.31,   51787,  3.51,   15849,  1.07
 908,395.00,   70792,  2.41,   52500,  3.56,   18292,  1.24
 909,396.00,   74402,  2.54,   53188,  3.61,   21214,  1.44
 910,397.00,   78188,  2.67,   53715,  3.64,   24473,  1.66
 911,398.00,   82258,  2.80,   54880,  3.72,   27378,  1.86
 912,399.00,   87387,  2.98,   56569,  3.84,   30818,  2.09
 913,400.00,   92737,  3.16,   58605,  3.97,   34132,  2.31
 914,401.00,   97191,  3.31,   60163,  4.08,   37028,  2.51
 915,402.00,  100612,  3.43,   61922,  4.20,   38690,  2.62
 916,403.00,  103212,  3.52,   62914,  4.27,   40298,  2.73
 917,404.00,  106122,  3.62,   63736,  4.32,   42386,  2.87
 918,405.00,  109364,  3.73,   64177,  4.35,   45187,  3.06
 919,406.00,  111886,  3.82,   64187,  4.35,   47699,  3.23
 920,407.00,  114657,  3.91,   64225,  4.36,   50432,  3.42
 921,408.00,  116365,  3.97,   64626,  4.38,   51739,  3.51
 922,409.00,  117078,  3.99,   64792,  4.39,   52286,  3.55
 923,410.00,  118163,  4.03,   65019,  4.41,   53144,  3.60
 924,411.00,  119787,  4.08,   65763,  4.46,   54024,  3.66
 925,412.00,  121415,  4.14,   66313,  4.50,   55102,  3.74
 926,413.00,  123260,  4.20,   66948,  4.54,   56312,  3.82
 927,414.00,  125568,  4.28,   67535,  4.58,   58033,  3.94
 928,415.00,  127611,  4.35,   68254,  4.63,   59357,  4.03
 929,416.00,  129194,  4.41,   68796,  4.67,   60398,  4.10
 930,417.00,  130605,  4.45,   69751,  4.73,   60854,  4.13
 931,418.00,  132454,  4.52,   70749,  4.80,   61705,  4.18
 932,419.00,  134439,  4.58,   72344,  4.91,   62095,  4.21
 933,420.00,  135839,  4.63,   73410,  4.98,   62429,  4.23
 934,421.00,  136767,  4.66,   74722,  5.07,   62045,  4.21
 935,422.00,  137242,  4.68,   76055,  5.16,   61187,  4.15
 936,423.00,  137519,  4.69,   77423,  5.25,   60096,  4.08
 937,424.00,  137790,  4.70,   79180,  5.37,   58610,  3.97
 938,425.00,  137813,  4.70,   81188,  5.51,   56625,  3.84
 939,426.00,  137358,  4.68,   83412,  5.66,   53946,  3.66
 940,427.00,  137012,  4.67,   85126,  5.77,   51886,  3.52
 941,428.00,  137138,  4.68,   87539,  5.94,   49599,  3.36
 942,429.00,  138007,  4.71,   90187,  6.12,   47820,  3.24
 943,430.00,  138282,  4.72,   92624,  6.28,   45658,  3.10
 944,431.00,  138784,  4.73,   94613,  6.42,   44171,  3.00
 945,432.00,  138266,  4.71,   95835,  6.50,   42431,  2.88
 946,433.00,  137564,  4.69,   97076,  6.58,   40488,  2.75
 947,434.00,  136659,  4.66,   98287,  6.67,   38372,  2.60
 948,435.00,  135650,  4.63,   99153,  6.72,   36497,  2.48
 949,436.00,  133623,  4.56,   99512,  6.75,   34111,  2.31
 950,437.00,  131306,  4.48,   99572,  6.75,   31734,  2.15
 951,438.00,  128553,  4.38,   99069,  6.72,   29484,  2.00
 952,439.00,  125898,  4.29,   98536,  6.68,   27362,  1.86
 953,440.00,  122522,  4.18,   97436,  6.61,   25086,  1.70
 954,441.00,  118867,  4.05,   95710,  6.49,   23157,  1.57
 955,442.00,  114100,  3.89,   92751,  6.29,   21349,  1.45
 956,443.00,  108669,  3.71,   89817,  6.09,   18852,  1.28
 957,444.00,  103070,  3.51,   86571,  5.87,   16499,  1.12
 958,445.00,   97600,  3.33,   83466,  5.66,   14134,  0.96
 959,446.00,   91827,  3.13,   80036,  5.43,   11791,  0.80
 960,447.00,   86051,  2.93,   76482,  5.19,    9569,  0.65
 961,448.00,   80310,  2.74,   73026,  4.95,    7284,  0.49
 962,449.00,   75092,  2.56,   69080,  4.68,    6012,  0.41
 963,450.00,   70646,  2.41,   65321,  4.43,    5325,  0.36
 964,451.00,   65497,  2.23,   61290,  4.16,    4207,  0.29
 965,452.00,   61168,  2.09,   57778,  3.92,    3390,  0.23
 966,453.00,   56885,  1.94,   54472,  3.69,    2413,  0.16
 967,454.00,   53632,  1.83,   52081,  3.53,    1551,  0.11
 968,455.00,   50472,  1.72,   49324,  3.35,    1148,  0.08
 969,456.00,   47528,  1.62,   46114,  3.13,    1414,  0.10
 970,457.00,   44473,  1.52,   42981,  2.91,    1492,  0.10
 971,458.00,   41646,  1.42,   40149,  2.72,    1497,  0.10
 972,459.00,   39091,  1.33,   37294,  2.53,    1797,  0.12
 973,460.00,   37339,  1.27,   34583,  2.35,    2756,  0.19
 974,461.00,   36331,  1.24,   32494,  2.20,    3837,  0.26
 975,462.00,   35797,  1.22,   30654,  2.08,    5143,  0.35
 976,463.00,   35249,  1.20,   29202,  1.98,    6047,  0.41
 977,464.00,   34685,  1.18,   27885,  1.89,    6800,  0.46
 978,465.00,   34375,  1.17,   26720,  1.81,    7655,  0.52
 979,466.00,   34724,  1.18,   25861,  1.75,    8863,  0.60
 980,467.00,   35560,  1.21,   25463,  1.73,   10097,  0.68
 981,468.00,   36888,  1.26,   25637,  1.74,   11251,  0.76
 982,469.00,   38916,  1.33,   26613,  1.80,   12303,  0.83
 983,470.00,   40669,  1.39,   27360,  1.86,   13309,  0.90
 984,471.00,   42016,  1.43,   27518,  1.87,   14498,  0.98
 985,472.00,   43330,  1.48,   27513,  1.87,   15817,  1.07
 986,473.00,   45007,  1.53,   27617,  1.87,   17390,  1.18
 987,474.00,   46456,  1.58,   27790,  1.88,   18666,  1.27
 988,475.00,   47378,  1.62,   27803,  1.89,   19575,  1.33
 989,476.00,   48916,  1.67,   28058,  1.90,   20858,  1.41
 990,477.00,   50793,  1.73,   28676,  1.94,   22117,  1.50
 991,478.00,   52605,  1.79,   29222,  1.98,   23383,  1.59
 992,479.00,   54815,  1.87,   30290,  2.05,   24525,  1.66
 993,480.00,   56064,  1.91,   30829,  2.09,   25235,  1.71
 994,481.00,   56540,  1.93,   30979,  2.10,   25561,  1.73
 995,482.00,   58261,  1.99,   31877,  2.16,   26384,  1.79
 996,483.00,   60992,  2.08,   32876,  2.23,   28116,  1.91
 997,484.00,   63410,  2.16,   33709,  2.29,   29701,  2.01
 998,485.00,   65114,  2.22,   34709,  2.35,   30405,  2.06
 999,486.00,   66138,  2.26,   35433,  2.40,   30705,  2.08
1000,487.00,   67109,  2.29,   35544,  2.41,   31565,  2.14
1001,488.00,   67955,  2.32,   35426,  2.40,   32529,  2.21
1002,489.00,   67968,  2.32,   34842,  2.36,   33126,  2.25
1003,490.00,   68062,  2.32,   34458,  2.34,   33604,  2.28
1004,491.00,   68361,  2.33,   34301,  2.33,   34060,  2.31
1005,492.00,   69515,  2.37,   34847,  2.36,   34668,  2.35
1006,493.00,   70913,  2.42,   35231,  2.39,   35682,  2.42
1007,494.00,   72963,  2.49,   35885,  2.43,   37078,  2.51
1008,495.00,   74671,  2.55,   36512,  2.48,   38159,  2.59
1009,496.00,   77517,  2.64,   37678,  2.56,   39839,  2.70
1010,497.00,   80338,  2.74,   38737,  2.63,   41601,  2.82
1011,498.00,   83193,  2.84,   39542,  2.68,   43651,  2.96
1012,499.00,   86317,  2.94,   40539,  2.75,   45778,  3.10
1013,500.00,   89588,  3.05,   41407,  2.81,   48181,  3.27
1014,501.00,   93059,  3.17,   42820,  2.90,   50239,  3.41
1015,502.00,   96154,  3.28,   44232,  3.00,   51922,  3.52
1016,503.00,   98948,  3.37,   45496,  3.09,   53452,  3.63
1017,504.00,  101889,  3.47,   47014,  3.19,   54875,  3.72
1018,505.00,  104842,  3.57,   48618,  3.30,   56224,  3.81
1019,506.00,  107564,  3.67,   50400,  3.42,   57164,  3.88
1020,507.00,  110339,  3.76,   52539,  3.56,   57800,  3.92
1021,508.00,  113405,  3.87,   55351,  3.75,   58054,  3.94
1022,509.00,  116404,  3.97,   57546,  3.90,   58858,  3.99
1023,510.00,  119775,  4.08,   59918,  4.06,   59857,  4.06
1024,511.00,  122286,  4.17,   61550,  4.17,   60736,  4.12
