-----------------------------------------------------------------------------------
Identifier:,IHS5922-20192M02
File Name:,LTLP70B.4
Ear:,L
Channel:,2
Intensity:,70 dB HL
Stim. Rate:,  1.10/s
Stim. Mode:,0
Sweeps:,60
Artifacts:,1
Smp. Period:,1000.00 us
Amp. Gain:, 50.00 K
Low Pass:, 30.00 Hz
High Pass:,  1.00 Hz
Notch Filter:,TRUE
Stimulus:,100
Stim. Freq.:,1000 Hz
Stim. Dur.:,2000 pnts
Masking:,0 dB SPL
Stim. Point:,513
-----------------------------------------------------------------------------------
Peak Information:,Label,Peak(+),Peak(+)(ms),Peak(-),Peak(-)(ms)
,21, 845,332.00, 875,362.00,
-----------------------------------------------------------------------------------


Data Pnt:,Data Pnt(ms):,Average:,Average(uV):,Buffer1:,Buffer1(uV):,Buffer2:,Buffer2(uV):
   1,-512.00,       0,  0.00,       0,  0.00,       0,  0.00
   2,-511.00,       0,  0.00,       0,  0.00,       0,  0.00
   3,-510.00,       0,  0.00,       0,  0.00,       0,  0.00
   4,-509.00,       0,  0.00,       0,  0.00,       0,  0.00
   5,-508.00,       0,  0.00,       0,  0.00,       0,  0.00
   6,-507.00,       0,  0.00,       0,  0.00,       0,  0.00
   7,-506.00,       0,  0.00,       0,  0.00,       0,  0.00
   8,-505.00,       0,  0.00,       0,  0.00,       0,  0.00
   9,-504.00,       0,  0.00,       0,  0.00,       0,  0.00
  10,-503.00,       0,  0.00,       0,  0.00,       0,  0.00
  11,-502.00,       0,  0.00,       0,  0.00,       0,  0.00
  12,-501.00,       0,  0.00,       0,  0.00,       0,  0.00
  13,-500.00,       0,  0.00,       0,  0.00,       0,  0.00
  14,-499.00,       0,  0.00,       0,  0.00,       0,  0.00
  15,-498.00,       0,  0.00,       0,  0.00,       0,  0.00
  16,-497.00,       0,  0.00,       0,  0.00,       0,  0.00
  17,-496.00,       0,  0.00,       0,  0.00,       0,  0.00
  18,-495.00,       0,  0.00,       0,  0.00,       0,  0.00
  19,-494.00,       0,  0.00,       0,  0.00,       0,  0.00
  20,-493.00,       0,  0.00,       0,  0.00,       0,  0.00
  21,-492.00,       0,  0.00,       0,  0.00,       0,  0.00
  22,-491.00,       0,  0.00,       0,  0.00,       0,  0.00
  23,-490.00,       0,  0.00,       0,  0.00,       0,  0.00
  24,-489.00,       0,  0.00,       0,  0.00,       0,  0.00
  25,-488.00,       0,  0.00,       0,  0.00,       0,  0.00
  26,-487.00,       0,  0.00,       0,  0.00,       0,  0.00
  27,-486.00,       0,  0.00,       0,  0.00,       0,  0.00
  28,-485.00,       0,  0.00,       0,  0.00,       0,  0.00
  29,-484.00,       0,  0.00,       0,  0.00,       0,  0.00
  30,-483.00,       0,  0.00,       0,  0.00,       0,  0.00
  31,-482.00,       0,  0.00,       0,  0.00,       0,  0.00
  32,-481.00,       0,  0.00,       0,  0.00,       0,  0.00
  33,-480.00,       0,  0.00,       0,  0.00,       0,  0.00
  34,-479.00,       0,  0.00,       0,  0.00,       0,  0.00
  35,-478.00,       0,  0.00,       0,  0.00,       0,  0.00
  36,-477.00,       0,  0.00,       0,  0.00,       0,  0.00
  37,-476.00,       0,  0.00,       0,  0.00,       0,  0.00
  38,-475.00,       0,  0.00,       0,  0.00,       0,  0.00
  39,-474.00,       0,  0.00,       0,  0.00,       0,  0.00
  40,-473.00,       0,  0.00,       0,  0.00,       0,  0.00
  41,-472.00,       0,  0.00,       0,  0.00,       0,  0.00
  42,-471.00,       0,  0.00,       0,  0.00,       0,  0.00
  43,-470.00,       0,  0.00,       0,  0.00,       0,  0.00
  44,-469.00,       0,  0.00,       0,  0.00,       0,  0.00
  45,-468.00,       0,  0.00,       0,  0.00,       0,  0.00
  46,-467.00,       0,  0.00,       0,  0.00,       0,  0.00
  47,-466.00,       0,  0.00,       0,  0.00,       0,  0.00
  48,-465.00,       0,  0.00,       0,  0.00,       0,  0.00
  49,-464.00,       0,  0.00,       0,  0.00,       0,  0.00
  50,-463.00,       0,  0.00,       0,  0.00,       0,  0.00
  51,-462.00,       0,  0.00,       0,  0.00,       0,  0.00
  52,-461.00,       0,  0.00,       0,  0.00,       0,  0.00
  53,-460.00,       0,  0.00,       0,  0.00,       0,  0.00
  54,-459.00,       0,  0.00,       0,  0.00,       0,  0.00
  55,-458.00,       0,  0.00,       0,  0.00,       0,  0.00
  56,-457.00,       0,  0.00,       0,  0.00,       0,  0.00
  57,-456.00,       0,  0.00,       0,  0.00,       0,  0.00
  58,-455.00,       0,  0.00,       0,  0.00,       0,  0.00
  59,-454.00,       0,  0.00,       0,  0.00,       0,  0.00
  60,-453.00,       0,  0.00,       0,  0.00,       0,  0.00
  61,-452.00,       0,  0.00,       0,  0.00,       0,  0.00
  62,-451.00,       0,  0.00,       0,  0.00,       0,  0.00
  63,-450.00,       0,  0.00,       0,  0.00,       0,  0.00
  64,-449.00,       0,  0.00,       0,  0.00,       0,  0.00
  65,-448.00,       0,  0.00,       0,  0.00,       0,  0.00
  66,-447.00,       0,  0.00,       0,  0.00,       0,  0.00
  67,-446.00,       0,  0.00,       0,  0.00,       0,  0.00
  68,-445.00,       0,  0.00,       0,  0.00,       0,  0.00
  69,-444.00,       0,  0.00,       0,  0.00,       0,  0.00
  70,-443.00,       0,  0.00,       0,  0.00,       0,  0.00
  71,-442.00,       0,  0.00,       0,  0.00,       0,  0.00
  72,-441.00,       0,  0.00,       0,  0.00,       0,  0.00
  73,-440.00,       0,  0.00,       0,  0.00,       0,  0.00
  74,-439.00,       0,  0.00,       0,  0.00,       0,  0.00
  75,-438.00,       0,  0.00,       0,  0.00,       0,  0.00
  76,-437.00,       0,  0.00,       0,  0.00,       0,  0.00
  77,-436.00,       0,  0.00,       0,  0.00,       0,  0.00
  78,-435.00,       0,  0.00,       0,  0.00,       0,  0.00
  79,-434.00,       0,  0.00,       0,  0.00,       0,  0.00
  80,-433.00,       0,  0.00,       0,  0.00,       0,  0.00
  81,-432.00,       0,  0.00,       0,  0.00,       0,  0.00
  82,-431.00,       0,  0.00,       0,  0.00,       0,  0.00
  83,-430.00,       0,  0.00,       0,  0.00,       0,  0.00
  84,-429.00,       0,  0.00,       0,  0.00,       0,  0.00
  85,-428.00,       0,  0.00,       0,  0.00,       0,  0.00
  86,-427.00,       0,  0.00,       0,  0.00,       0,  0.00
  87,-426.00,       0,  0.00,       0,  0.00,       0,  0.00
  88,-425.00,       0,  0.00,       0,  0.00,       0,  0.00
  89,-424.00,       0,  0.00,       0,  0.00,       0,  0.00
  90,-423.00,       0,  0.00,       0,  0.00,       0,  0.00
  91,-422.00,       0,  0.00,       0,  0.00,       0,  0.00
  92,-421.00,       0,  0.00,       0,  0.00,       0,  0.00
  93,-420.00,       0,  0.00,       0,  0.00,       0,  0.00
  94,-419.00,       0,  0.00,       0,  0.00,       0,  0.00
  95,-418.00,       0,  0.00,       0,  0.00,       0,  0.00
  96,-417.00,       0,  0.00,       0,  0.00,       0,  0.00
  97,-416.00,       0,  0.00,       0,  0.00,       0,  0.00
  98,-415.00,       0,  0.00,       0,  0.00,       0,  0.00
  99,-414.00,       0,  0.00,       0,  0.00,       0,  0.00
 100,-413.00,       0,  0.00,       0,  0.00,       0,  0.00
 101,-412.00,       0,  0.00,       0,  0.00,       0,  0.00
 102,-411.00,       0,  0.00,       0,  0.00,       0,  0.00
 103,-410.00,       0,  0.00,       0,  0.00,       0,  0.00
 104,-409.00,       0,  0.00,       0,  0.00,       0,  0.00
 105,-408.00,       0,  0.00,       0,  0.00,       0,  0.00
 106,-407.00,       0,  0.00,       0,  0.00,       0,  0.00
 107,-406.00,       0,  0.00,       0,  0.00,       0,  0.00
 108,-405.00,       0,  0.00,       0,  0.00,       0,  0.00
 109,-404.00,       0,  0.00,       0,  0.00,       0,  0.00
 110,-403.00,       0,  0.00,       0,  0.00,       0,  0.00
 111,-402.00,       0,  0.00,       0,  0.00,       0,  0.00
 112,-401.00,       0,  0.00,       0,  0.00,       0,  0.00
 113,-400.00,       0,  0.00,       0,  0.00,       0,  0.00
 114,-399.00,       0,  0.00,       0,  0.00,       0,  0.00
 115,-398.00,       0,  0.00,       0,  0.00,       0,  0.00
 116,-397.00,   41265,  4.20,    6735,  1.37,   34530,  7.03
 117,-396.00,   41192,  4.19,    6003,  1.22,   35189,  7.16
 118,-395.00,   42147,  4.29,    5930,  1.21,   36217,  7.37
 119,-394.00,   42490,  4.32,    5586,  1.14,   36904,  7.51
 120,-393.00,   42047,  4.28,    5152,  1.05,   36895,  7.51
 121,-392.00,   40985,  4.17,    4415,  0.90,   36570,  7.44
 122,-391.00,   40272,  4.10,    3861,  0.79,   36411,  7.41
 123,-390.00,   40231,  4.09,    3945,  0.80,   36286,  7.38
 124,-389.00,   39362,  4.00,    3776,  0.77,   35586,  7.24
 125,-388.00,   37959,  3.86,    3071,  0.62,   34888,  7.10
 126,-387.00,   36290,  3.69,    2296,  0.47,   33994,  6.92
 127,-386.00,   34291,  3.49,    1627,  0.33,   32664,  6.65
 128,-385.00,   32708,  3.33,     826,  0.17,   31882,  6.49
 129,-384.00,   32068,  3.26,     591,  0.12,   31477,  6.40
 130,-383.00,   31772,  3.23,     717,  0.15,   31055,  6.32
 131,-382.00,   31106,  3.16,    1132,  0.23,   29974,  6.10
 132,-381.00,   30005,  3.05,    1299,  0.26,   28706,  5.84
 133,-380.00,   28065,  2.86,     905,  0.18,   27160,  5.53
 134,-379.00,   25418,  2.59,      81,  0.02,   25337,  5.15
 135,-378.00,   22943,  2.33,    -924, -0.19,   23867,  4.86
 136,-377.00,   21139,  2.15,   -1484, -0.30,   22623,  4.60
 137,-376.00,   20193,  2.05,   -1355, -0.28,   21548,  4.38
 138,-375.00,   19933,  2.03,    -909, -0.18,   20842,  4.24
 139,-374.00,   19082,  1.94,    -467, -0.10,   19549,  3.98
 140,-373.00,   18304,  1.86,    -176, -0.04,   18480,  3.76
 141,-372.00,   17390,  1.77,    -304, -0.06,   17694,  3.60
 142,-371.00,   15833,  1.61,    -597, -0.12,   16430,  3.34
 143,-370.00,   14662,  1.49,    -861, -0.18,   15523,  3.16
 144,-369.00,   13195,  1.34,    -580, -0.12,   13775,  2.80
 145,-368.00,   10969,  1.12,    -479, -0.10,   11448,  2.33
 146,-367.00,    8729,  0.89,   -1222, -0.25,    9951,  2.02
 147,-366.00,    6127,  0.62,   -2131, -0.43,    8258,  1.68
 148,-365.00,    3718,  0.38,   -2479, -0.50,    6197,  1.26
 149,-364.00,    2490,  0.25,   -2486, -0.51,    4976,  1.01
 150,-363.00,    1803,  0.18,   -2609, -0.53,    4412,  0.90
 151,-362.00,     434,  0.04,   -3082, -0.63,    3516,  0.72
 152,-361.00,   -1366, -0.14,   -3634, -0.74,    2268,  0.46
 153,-360.00,   -2852, -0.29,   -4015, -0.82,    1163,  0.24
 154,-359.00,   -4438, -0.45,   -4527, -0.92,      89,  0.02
 155,-358.00,   -5788, -0.59,   -5033, -1.02,    -755, -0.15
 156,-357.00,   -6201, -0.63,   -5032, -1.02,   -1169, -0.24
 157,-356.00,   -6678, -0.68,   -5329, -1.08,   -1349, -0.27
 158,-355.00,   -6950, -0.71,   -4943, -1.01,   -2007, -0.41
 159,-354.00,   -7405, -0.75,   -4322, -0.88,   -3083, -0.63
 160,-353.00,   -7827, -0.80,   -4092, -0.83,   -3735, -0.76
 161,-352.00,   -7673, -0.78,   -3830, -0.78,   -3843, -0.78
 162,-351.00,   -7466, -0.76,   -3504, -0.71,   -3962, -0.81
 163,-350.00,   -7669, -0.78,   -3514, -0.71,   -4155, -0.85
 164,-349.00,   -8018, -0.82,   -3795, -0.77,   -4223, -0.86
 165,-348.00,   -8175, -0.83,   -4379, -0.89,   -3796, -0.77
 166,-347.00,   -8869, -0.90,   -5263, -1.07,   -3606, -0.73
 167,-346.00,   -9921, -1.01,   -6273, -1.28,   -3648, -0.74
 168,-345.00,  -10987, -1.12,   -7208, -1.47,   -3779, -0.77
 169,-344.00,  -11487, -1.17,   -8184, -1.67,   -3303, -0.67
 170,-343.00,  -12213, -1.24,   -9530, -1.94,   -2683, -0.55
 171,-342.00,  -13207, -1.34,  -10622, -2.16,   -2585, -0.53
 172,-341.00,  -14590, -1.48,  -11533, -2.35,   -3057, -0.62
 173,-340.00,  -16395, -1.67,  -12506, -2.54,   -3889, -0.79
 174,-339.00,  -18200, -1.85,  -12878, -2.62,   -5322, -1.08
 175,-338.00,  -19292, -1.96,  -13858, -2.82,   -5434, -1.11
 176,-337.00,  -20448, -2.08,  -15293, -3.11,   -5155, -1.05
 177,-336.00,  -21462, -2.18,  -16432, -3.34,   -5030, -1.02
 178,-335.00,  -22095, -2.25,  -17237, -3.51,   -4858, -0.99
 179,-334.00,  -23222, -2.36,  -17882, -3.64,   -5340, -1.09
 180,-333.00,  -24152, -2.46,  -18263, -3.72,   -5889, -1.20
 181,-332.00,  -25586, -2.60,  -19226, -3.91,   -6360, -1.29
 182,-331.00,  -27728, -2.82,  -20615, -4.19,   -7113, -1.45
 183,-330.00,  -29228, -2.97,  -22062, -4.49,   -7166, -1.46
 184,-329.00,  -29928, -3.04,  -22979, -4.68,   -6949, -1.41
 185,-328.00,  -30583, -3.11,  -23816, -4.85,   -6767, -1.38
 186,-327.00,  -30150, -3.07,  -24162, -4.92,   -5988, -1.22
 187,-326.00,  -29908, -3.04,  -24976, -5.08,   -4932, -1.00
 188,-325.00,  -29982, -3.05,  -26351, -5.36,   -3631, -0.74
 189,-324.00,  -29903, -3.04,  -27555, -5.61,   -2348, -0.48
 190,-323.00,  -29568, -3.01,  -28308, -5.76,   -1260, -0.26
 191,-322.00,  -29104, -2.96,  -28507, -5.80,    -597, -0.12
 192,-321.00,  -28169, -2.87,  -28460, -5.79,     291,  0.06
 193,-320.00,  -27404, -2.79,  -28270, -5.75,     866,  0.18
 194,-319.00,  -25667, -2.61,  -27613, -5.62,    1946,  0.40
 195,-318.00,  -23911, -2.43,  -26541, -5.40,    2630,  0.54
 196,-317.00,  -21695, -2.21,  -25457, -5.18,    3762,  0.77
 197,-316.00,  -20308, -2.07,  -24573, -5.00,    4265,  0.87
 198,-315.00,  -18747, -1.91,  -23677, -4.82,    4930,  1.00
 199,-314.00,  -16484, -1.68,  -22308, -4.54,    5824,  1.18
 200,-313.00,  -14659, -1.49,  -20851, -4.24,    6192,  1.26
 201,-312.00,  -12523, -1.27,  -19387, -3.94,    6864,  1.40
 202,-311.00,   -9769, -0.99,  -17422, -3.54,    7653,  1.56
 203,-310.00,   -7322, -0.74,  -15781, -3.21,    8459,  1.72
 204,-309.00,   -5723, -0.58,  -14855, -3.02,    9132,  1.86
 205,-308.00,   -3783, -0.38,  -13918, -2.83,   10135,  2.06
 206,-307.00,   -2050, -0.21,  -13060, -2.66,   11010,  2.24
 207,-306.00,    -398, -0.04,  -12259, -2.49,   11861,  2.41
 208,-305.00,    1110,  0.11,  -11843, -2.41,   12953,  2.64
 209,-304.00,    2557,  0.26,  -11847, -2.41,   14404,  2.93
 210,-303.00,    3937,  0.40,  -11049, -2.25,   14986,  3.05
 211,-302.00,    5473,  0.56,   -9875, -2.01,   15348,  3.12
 212,-301.00,    7410,  0.75,   -8810, -1.79,   16220,  3.30
 213,-300.00,    8888,  0.90,   -7703, -1.57,   16591,  3.38
 214,-299.00,    9955,  1.01,   -6812, -1.39,   16767,  3.41
 215,-298.00,   11257,  1.15,   -5536, -1.13,   16793,  3.42
 216,-297.00,   13060,  1.33,   -3740, -0.76,   16800,  3.42
 217,-296.00,   15632,  1.59,   -1804, -0.37,   17436,  3.55
 218,-295.00,   17385,  1.77,    -406, -0.08,   17791,  3.62
 219,-294.00,   18818,  1.91,     875,  0.18,   17943,  3.65
 220,-293.00,   20091,  2.04,    2196,  0.45,   17895,  3.64
 221,-292.00,   21700,  2.21,    3386,  0.69,   18314,  3.73
 222,-291.00,   23106,  2.35,    4545,  0.92,   18561,  3.78
 223,-290.00,   24516,  2.49,    5745,  1.17,   18771,  3.82
 224,-289.00,   25850,  2.63,    6763,  1.38,   19087,  3.88
 225,-288.00,   27382,  2.79,    7589,  1.54,   19793,  4.03
 226,-287.00,   28856,  2.94,    8554,  1.74,   20302,  4.13
 227,-286.00,   29481,  3.00,    9345,  1.90,   20136,  4.10
 228,-285.00,   29843,  3.04,    9755,  1.98,   20088,  4.09
 229,-284.00,   29218,  2.97,    9741,  1.98,   19477,  3.96
 230,-283.00,   28836,  2.93,    9821,  2.00,   19015,  3.87
 231,-282.00,   29438,  2.99,   10770,  2.19,   18668,  3.80
 232,-281.00,   29895,  3.04,   11325,  2.30,   18570,  3.78
 233,-280.00,   29265,  2.98,   11007,  2.24,   18258,  3.71
 234,-279.00,   28414,  2.89,   10122,  2.06,   18292,  3.72
 235,-278.00,   27127,  2.76,    9248,  1.88,   17879,  3.64
 236,-277.00,   26108,  2.66,    8592,  1.75,   17516,  3.56
 237,-276.00,   25037,  2.55,    8175,  1.66,   16862,  3.43
 238,-275.00,   24882,  2.53,    8513,  1.73,   16369,  3.33
 239,-274.00,   24530,  2.50,    8871,  1.80,   15659,  3.19
 240,-273.00,   22868,  2.33,    8092,  1.65,   14776,  3.01
 241,-272.00,   20500,  2.09,    7004,  1.43,   13496,  2.75
 242,-271.00,   18132,  1.84,    6133,  1.25,   11999,  2.44
 243,-270.00,   15957,  1.62,    5083,  1.03,   10874,  2.21
 244,-269.00,   14693,  1.49,    4292,  0.87,   10401,  2.12
 245,-268.00,   13294,  1.35,    3389,  0.69,    9905,  2.02
 246,-267.00,   12553,  1.28,    2839,  0.58,    9714,  1.98
 247,-266.00,   11851,  1.21,    2503,  0.51,    9348,  1.90
 248,-265.00,   10182,  1.04,    2318,  0.47,    7864,  1.60
 249,-264.00,    7691,  0.78,    1828,  0.37,    5863,  1.19
 250,-263.00,    5989,  0.61,    1668,  0.34,    4321,  0.88
 251,-262.00,    5366,  0.55,    1526,  0.31,    3840,  0.78
 252,-261.00,    4468,  0.45,     868,  0.18,    3600,  0.73
 253,-260.00,    3284,  0.33,      21,  0.00,    3263,  0.66
 254,-259.00,    1990,  0.20,    -482, -0.10,    2472,  0.50
 255,-258.00,     918,  0.09,    -799, -0.16,    1717,  0.35
 256,-257.00,     169,  0.02,    -999, -0.20,    1168,  0.24
 257,-256.00,      48,  0.00,    -591, -0.12,     639,  0.13
 258,-255.00,    -246, -0.03,      56,  0.01,    -302, -0.06
 259,-254.00,    -462, -0.05,     644,  0.13,   -1106, -0.23
 260,-253.00,   -1829, -0.19,     674,  0.14,   -2503, -0.51
 261,-252.00,   -3336, -0.34,     636,  0.13,   -3972, -0.81
 262,-251.00,   -4598, -0.47,     576,  0.12,   -5174, -1.05
 263,-250.00,   -5882, -0.60,     -24, -0.00,   -5858, -1.19
 264,-249.00,   -7374, -0.75,    -430, -0.09,   -6944, -1.41
 265,-248.00,  -10212, -1.04,   -1150, -0.23,   -9062, -1.84
 266,-247.00,  -12642, -1.29,   -1689, -0.34,  -10953, -2.23
 267,-246.00,  -14521, -1.48,   -2308, -0.47,  -12213, -2.48
 268,-245.00,  -16990, -1.73,   -3050, -0.62,  -13940, -2.84
 269,-244.00,  -19462, -1.98,   -4457, -0.91,  -15005, -3.05
 270,-243.00,  -21155, -2.15,   -6078, -1.24,  -15077, -3.07
 271,-242.00,  -22099, -2.25,   -7026, -1.43,  -15073, -3.07
 272,-241.00,  -24038, -2.45,   -8475, -1.72,  -15563, -3.17
 273,-240.00,  -25888, -2.63,   -9536, -1.94,  -16352, -3.33
 274,-239.00,  -27713, -2.82,  -11186, -2.28,  -16527, -3.36
 275,-238.00,  -29037, -2.95,  -12991, -2.64,  -16046, -3.26
 276,-237.00,  -30266, -3.08,  -14348, -2.92,  -15918, -3.24
 277,-236.00,  -31496, -3.20,  -15572, -3.17,  -15924, -3.24
 278,-235.00,  -32903, -3.35,  -16968, -3.45,  -15935, -3.24
 279,-234.00,  -33661, -3.42,  -17981, -3.66,  -15680, -3.19
 280,-233.00,  -34262, -3.49,  -18682, -3.80,  -15580, -3.17
 281,-232.00,  -35147, -3.58,  -19496, -3.97,  -15651, -3.18
 282,-231.00,  -36134, -3.68,  -20608, -4.19,  -15526, -3.16
 283,-230.00,  -36484, -3.71,  -21405, -4.35,  -15079, -3.07
 284,-229.00,  -36748, -3.74,  -22096, -4.50,  -14652, -2.98
 285,-228.00,  -37369, -3.80,  -22627, -4.60,  -14742, -3.00
 286,-227.00,  -37961, -3.86,  -23084, -4.70,  -14877, -3.03
 287,-226.00,  -38078, -3.87,  -23475, -4.78,  -14603, -2.97
 288,-225.00,  -38266, -3.89,  -23853, -4.85,  -14413, -2.93
 289,-224.00,  -39500, -4.02,  -23886, -4.86,  -15614, -3.18
 290,-223.00,  -40714, -4.14,  -24264, -4.94,  -16450, -3.35
 291,-222.00,  -41753, -4.25,  -24630, -5.01,  -17123, -3.48
 292,-221.00,  -42180, -4.29,  -24536, -4.99,  -17644, -3.59
 293,-220.00,  -42467, -4.32,  -24251, -4.93,  -18216, -3.71
 294,-219.00,  -42802, -4.35,  -24030, -4.89,  -18772, -3.82
 295,-218.00,  -42238, -4.30,  -23491, -4.78,  -18747, -3.81
 296,-217.00,  -42157, -4.29,  -23270, -4.73,  -18887, -3.84
 297,-216.00,  -42038, -4.28,  -23312, -4.74,  -18726, -3.81
 298,-215.00,  -41653, -4.24,  -23440, -4.77,  -18213, -3.71
 299,-214.00,  -41748, -4.25,  -23387, -4.76,  -18361, -3.74
 300,-213.00,  -41294, -4.20,  -22788, -4.64,  -18506, -3.77
 301,-212.00,  -41033, -4.17,  -22535, -4.58,  -18498, -3.76
 302,-211.00,  -40162, -4.09,  -21934, -4.46,  -18228, -3.71
 303,-210.00,  -38818, -3.95,  -20924, -4.26,  -17894, -3.64
 304,-209.00,  -38154, -3.88,  -20237, -4.12,  -17917, -3.65
 305,-208.00,  -37932, -3.86,  -20315, -4.13,  -17617, -3.58
 306,-207.00,  -36916, -3.76,  -20274, -4.12,  -16642, -3.39
 307,-206.00,  -35758, -3.64,  -20053, -4.08,  -15705, -3.20
 308,-205.00,  -35151, -3.58,  -19784, -4.03,  -15367, -3.13
 309,-204.00,  -34044, -3.46,  -19099, -3.89,  -14945, -3.04
 310,-203.00,  -32936, -3.35,  -18244, -3.71,  -14692, -2.99
 311,-202.00,  -31324, -3.19,  -16963, -3.45,  -14361, -2.92
 312,-201.00,  -30436, -3.10,  -15990, -3.25,  -14446, -2.94
 313,-200.00,  -29840, -3.04,  -15123, -3.08,  -14717, -2.99
 314,-199.00,  -29501, -3.00,  -14150, -2.88,  -15351, -3.12
 315,-198.00,  -28297, -2.88,  -13039, -2.65,  -15258, -3.10
 316,-197.00,  -27357, -2.78,  -11923, -2.43,  -15434, -3.14
 317,-196.00,  -26894, -2.74,  -11281, -2.30,  -15613, -3.18
 318,-195.00,  -25043, -2.55,  -10158, -2.07,  -14885, -3.03
 319,-194.00,  -23378, -2.38,   -9153, -1.86,  -14225, -2.89
 320,-193.00,  -21764, -2.21,   -7840, -1.60,  -13924, -2.83
 321,-192.00,  -20357, -2.07,   -6112, -1.24,  -14245, -2.90
 322,-191.00,  -18616, -1.89,   -4539, -0.92,  -14077, -2.86
 323,-190.00,  -16413, -1.67,   -2824, -0.57,  -13589, -2.76
 324,-189.00,  -13979, -1.42,   -1331, -0.27,  -12648, -2.57
 325,-188.00,  -12249, -1.25,    -496, -0.10,  -11753, -2.39
 326,-187.00,  -10002, -1.02,    1101,  0.22,  -11103, -2.26
 327,-186.00,   -7099, -0.72,    3151,  0.64,  -10250, -2.09
 328,-185.00,   -4637, -0.47,    5118,  1.04,   -9755, -1.98
 329,-184.00,   -2137, -0.22,    7255,  1.48,   -9392, -1.91
 330,-183.00,    -570, -0.06,    8928,  1.82,   -9498, -1.93
 331,-182.00,      78,  0.00,   10300,  2.10,  -10222, -2.08
 332,-181.00,    1471,  0.15,   12346,  2.51,  -10875, -2.21
 333,-180.00,    2928,  0.30,   13754,  2.80,  -10826, -2.20
 334,-179.00,    3421,  0.35,   14397,  2.93,  -10976, -2.23
 335,-178.00,    4192,  0.43,   15205,  3.09,  -11013, -2.24
 336,-177.00,    4288,  0.44,   15803,  3.22,  -11515, -2.34
 337,-176.00,    3328,  0.34,   16119,  3.28,  -12791, -2.60
 338,-175.00,    1812,  0.18,   15954,  3.25,  -14142, -2.88
 339,-174.00,     908,  0.09,   15581,  3.17,  -14673, -2.99
 340,-173.00,     463,  0.05,   15334,  3.12,  -14871, -3.03
 341,-172.00,    -392, -0.04,   15571,  3.17,  -15963, -3.25
 342,-171.00,    -875, -0.09,   15463,  3.15,  -16338, -3.32
 343,-170.00,   -1128, -0.11,   15018,  3.06,  -16146, -3.29
 344,-169.00,   -1683, -0.17,   14857,  3.02,  -16540, -3.37
 345,-168.00,   -2619, -0.27,   14515,  2.95,  -17134, -3.49
 346,-167.00,   -2820, -0.29,   14458,  2.94,  -17278, -3.52
 347,-166.00,   -3878, -0.39,   14019,  2.85,  -17897, -3.64
 348,-165.00,   -4257, -0.43,   13624,  2.77,  -17881, -3.64
 349,-164.00,   -4863, -0.49,   13090,  2.66,  -17953, -3.65
 350,-163.00,   -5190, -0.53,   12594,  2.56,  -17784, -3.62
 351,-162.00,   -5354, -0.54,   11827,  2.41,  -17181, -3.50
 352,-161.00,   -5777, -0.59,   11391,  2.32,  -17168, -3.49
 353,-160.00,   -6440, -0.66,   10889,  2.22,  -17329, -3.53
 354,-159.00,   -7777, -0.79,    9960,  2.03,  -17737, -3.61
 355,-158.00,   -8209, -0.84,    9331,  1.90,  -17540, -3.57
 356,-157.00,   -8894, -0.90,    8720,  1.77,  -17614, -3.58
 357,-156.00,   -9741, -0.99,    8314,  1.69,  -18055, -3.67
 358,-155.00,  -11500, -1.17,    7527,  1.53,  -19027, -3.87
 359,-154.00,  -12875, -1.31,    6753,  1.37,  -19628, -3.99
 360,-153.00,  -13398, -1.36,    6610,  1.34,  -20008, -4.07
 361,-152.00,  -14428, -1.47,    6544,  1.33,  -20972, -4.27
 362,-151.00,  -15176, -1.54,    5850,  1.19,  -21026, -4.28
 363,-150.00,  -15845, -1.61,    5260,  1.07,  -21105, -4.29
 364,-149.00,  -18001, -1.83,    4197,  0.85,  -22198, -4.52
 365,-148.00,  -20446, -2.08,    2670,  0.54,  -23116, -4.70
 366,-147.00,  -21675, -2.20,    1520,  0.31,  -23195, -4.72
 367,-146.00,  -22402, -2.28,     727,  0.15,  -23129, -4.71
 368,-145.00,  -24034, -2.44,    -536, -0.11,  -23498, -4.78
 369,-144.00,  -24850, -2.53,   -1281, -0.26,  -23569, -4.80
 370,-143.00,  -25153, -2.56,   -1865, -0.38,  -23288, -4.74
 371,-142.00,  -26000, -2.64,   -2792, -0.57,  -23208, -4.72
 372,-141.00,  -26558, -2.70,   -3816, -0.78,  -22742, -4.63
 373,-140.00,  -26220, -2.67,   -4337, -0.88,  -21883, -4.45
 374,-139.00,  -25638, -2.61,   -4506, -0.92,  -21132, -4.30
 375,-138.00,  -25633, -2.61,   -5026, -1.02,  -20607, -4.19
 376,-137.00,  -25610, -2.61,   -5848, -1.19,  -19762, -4.02
 377,-136.00,  -25984, -2.64,   -6676, -1.36,  -19308, -3.93
 378,-135.00,  -26262, -2.67,   -7081, -1.44,  -19181, -3.90
 379,-134.00,  -25985, -2.64,   -7257, -1.48,  -18728, -3.81
 380,-133.00,  -25311, -2.57,   -7012, -1.43,  -18299, -3.72
 381,-132.00,  -24825, -2.53,   -7067, -1.44,  -17758, -3.61
 382,-131.00,  -24338, -2.48,   -7340, -1.49,  -16998, -3.46
 383,-130.00,  -23571, -2.40,   -7602, -1.55,  -15969, -3.25
 384,-129.00,  -23209, -2.36,   -7524, -1.53,  -15685, -3.19
 385,-128.00,  -23526, -2.39,   -7756, -1.58,  -15770, -3.21
 386,-127.00,  -23790, -2.42,   -8482, -1.73,  -15308, -3.11
 387,-126.00,  -22700, -2.31,   -8388, -1.71,  -14312, -2.91
 388,-125.00,  -21963, -2.23,   -8629, -1.76,  -13334, -2.71
 389,-124.00,  -21886, -2.23,   -9416, -1.92,  -12470, -2.54
 390,-123.00,  -21795, -2.22,   -9999, -2.03,  -11796, -2.40
 391,-122.00,  -20916, -2.13,  -10320, -2.10,  -10596, -2.16
 392,-121.00,  -20736, -2.11,  -11066, -2.25,   -9670, -1.97
 393,-120.00,  -21102, -2.15,  -11987, -2.44,   -9115, -1.85
 394,-119.00,  -20911, -2.13,  -12797, -2.60,   -8114, -1.65
 395,-118.00,  -20777, -2.11,  -13335, -2.71,   -7442, -1.51
 396,-117.00,  -20246, -2.06,  -13350, -2.72,   -6896, -1.40
 397,-116.00,  -18886, -1.92,  -12630, -2.57,   -6256, -1.27
 398,-115.00,  -17238, -1.75,  -12016, -2.44,   -5222, -1.06
 399,-114.00,  -15254, -1.55,  -11392, -2.32,   -3862, -0.79
 400,-113.00,  -13695, -1.39,  -11336, -2.31,   -2359, -0.48
 401,-112.00,  -11701, -1.19,  -11249, -2.29,    -452, -0.09
 402,-111.00,   -9983, -1.02,  -11164, -2.27,    1181,  0.24
 403,-110.00,   -8625, -0.88,  -11178, -2.27,    2553,  0.52
 404,-109.00,   -6289, -0.64,  -10501, -2.14,    4212,  0.86
 405,-108.00,   -3580, -0.36,   -9168, -1.87,    5588,  1.14
 406,-107.00,    -881, -0.09,   -7532, -1.53,    6651,  1.35
 407,-106.00,    1115,  0.11,   -6179, -1.26,    7294,  1.48
 408,-105.00,    2646,  0.27,   -5536, -1.13,    8182,  1.66
 409,-104.00,    4754,  0.48,   -4837, -0.98,    9591,  1.95
 410,-103.00,    6445,  0.66,   -4107, -0.84,   10552,  2.15
 411,-102.00,    8366,  0.85,   -3200, -0.65,   11566,  2.35
 412,-101.00,   10849,  1.10,   -1671, -0.34,   12520,  2.55
 413,-100.00,   13733,  1.40,     482,  0.10,   13251,  2.70
 414,-99.00,   15474,  1.57,    2140,  0.44,   13334,  2.71
 415,-98.00,   16411,  1.67,    3002,  0.61,   13409,  2.73
 416,-97.00,   17244,  1.75,    3883,  0.79,   13361,  2.72
 417,-96.00,   18266,  1.86,    4892,  1.00,   13374,  2.72
 418,-95.00,   20139,  2.05,    6005,  1.22,   14134,  2.88
 419,-94.00,   21938,  2.23,    7712,  1.57,   14226,  2.89
 420,-93.00,   23355,  2.38,    8922,  1.82,   14433,  2.94
 421,-92.00,   24626,  2.51,    9371,  1.91,   15255,  3.10
 422,-91.00,   26245,  2.67,    9665,  1.97,   16580,  3.37
 423,-90.00,   27269,  2.77,    9430,  1.92,   17839,  3.63
 424,-89.00,   28693,  2.92,    9183,  1.87,   19510,  3.97
 425,-88.00,   30262,  3.08,    9058,  1.84,   21204,  4.31
 426,-87.00,   31934,  3.25,    9061,  1.84,   22873,  4.65
 427,-86.00,   33945,  3.45,    9017,  1.83,   24928,  5.07
 428,-85.00,   35164,  3.58,    8809,  1.79,   26355,  5.36
 429,-84.00,   35082,  3.57,    8217,  1.67,   26865,  5.47
 430,-83.00,   35326,  3.59,    7752,  1.58,   27574,  5.61
 431,-82.00,   36922,  3.76,    7739,  1.57,   29183,  5.94
 432,-81.00,   37294,  3.79,    7255,  1.48,   30039,  6.11
 433,-80.00,   36586,  3.72,    6375,  1.30,   30211,  6.15
 434,-79.00,   35905,  3.65,    5761,  1.17,   30144,  6.13
 435,-78.00,   35625,  3.62,    5344,  1.09,   30281,  6.16
 436,-77.00,   35435,  3.60,    5020,  1.02,   30415,  6.19
 437,-76.00,   35066,  3.57,    4531,  0.92,   30535,  6.21
 438,-75.00,   34106,  3.47,    4173,  0.85,   29933,  6.09
 439,-74.00,   33874,  3.45,    3942,  0.80,   29932,  6.09
 440,-73.00,   33340,  3.39,    2902,  0.59,   30438,  6.19
 441,-72.00,   32312,  3.29,    1686,  0.34,   30626,  6.23
 442,-71.00,   31541,  3.21,     797,  0.16,   30744,  6.26
 443,-70.00,   30523,  3.11,    -425, -0.09,   30948,  6.30
 444,-69.00,   29714,  3.02,   -1370, -0.28,   31084,  6.32
 445,-68.00,   29094,  2.96,   -2117, -0.43,   31211,  6.35
 446,-67.00,   28566,  2.91,   -2760, -0.56,   31326,  6.37
 447,-66.00,   28351,  2.88,   -3243, -0.66,   31594,  6.43
 448,-65.00,   28076,  2.86,   -3418, -0.70,   31494,  6.41
 449,-64.00,   27936,  2.84,   -3359, -0.68,   31295,  6.37
 450,-63.00,   27965,  2.84,   -3984, -0.81,   31949,  6.50
 451,-62.00,   27793,  2.83,   -5038, -1.03,   32831,  6.68
 452,-61.00,   26826,  2.73,   -5576, -1.13,   32402,  6.59
 453,-60.00,   24960,  2.54,   -6294, -1.28,   31254,  6.36
 454,-59.00,   22459,  2.28,   -7703, -1.57,   30162,  6.14
 455,-58.00,   19841,  2.02,   -8913, -1.81,   28754,  5.85
 456,-57.00,   17524,  1.78,   -9914, -2.02,   27438,  5.58
 457,-56.00,   15668,  1.59,  -10511, -2.14,   26179,  5.33
 458,-55.00,   12787,  1.30,  -11572, -2.35,   24359,  4.96
 459,-54.00,   10126,  1.03,  -12652, -2.57,   22778,  4.63
 460,-53.00,    7776,  0.79,  -13325, -2.71,   21101,  4.29
 461,-52.00,    5540,  0.56,  -13616, -2.77,   19156,  3.90
 462,-51.00,    3666,  0.37,  -14173, -2.88,   17839,  3.63
 463,-50.00,    1877,  0.19,  -14777, -3.01,   16654,  3.39
 464,-49.00,     169,  0.02,  -15161, -3.08,   15330,  3.12
 465,-48.00,   -1348, -0.14,  -15611, -3.18,   14263,  2.90
 466,-47.00,   -2198, -0.22,  -15644, -3.18,   13446,  2.74
 467,-46.00,   -3085, -0.31,  -15470, -3.15,   12385,  2.52
 468,-45.00,   -4258, -0.43,  -15873, -3.23,   11615,  2.36
 469,-44.00,   -5261, -0.54,  -16110, -3.28,   10849,  2.21
 470,-43.00,   -6248, -0.64,  -16300, -3.32,   10052,  2.05
 471,-42.00,   -7453, -0.76,  -16370, -3.33,    8917,  1.81
 472,-41.00,   -8994, -0.91,  -16114, -3.28,    7120,  1.45
 473,-40.00,  -10104, -1.03,  -15098, -3.07,    4994,  1.02
 474,-39.00,  -10252, -1.04,  -13808, -2.81,    3556,  0.72
 475,-38.00,  -10184, -1.04,  -12946, -2.63,    2762,  0.56
 476,-37.00,   -9902, -1.01,  -11969, -2.44,    2067,  0.42
 477,-36.00,  -10640, -1.08,  -11369, -2.31,     729,  0.15
 478,-35.00,  -11207, -1.14,  -10811, -2.20,    -396, -0.08
 479,-34.00,  -11772, -1.20,  -10366, -2.11,   -1406, -0.29
 480,-33.00,  -12913, -1.31,  -10002, -2.03,   -2911, -0.59
 481,-32.00,  -14148, -1.44,   -9724, -1.98,   -4424, -0.90
 482,-31.00,  -15477, -1.57,   -9508, -1.93,   -5969, -1.21
 483,-30.00,  -16487, -1.68,   -9459, -1.92,   -7028, -1.43
 484,-29.00,  -16759, -1.70,   -9240, -1.88,   -7519, -1.53
 485,-28.00,  -17044, -1.73,   -8511, -1.73,   -8533, -1.74
 486,-27.00,  -17546, -1.78,   -7741, -1.57,   -9805, -1.99
 487,-26.00,  -18563, -1.89,   -7805, -1.59,  -10758, -2.19
 488,-25.00,  -19588, -1.99,   -8169, -1.66,  -11419, -2.32
 489,-24.00,  -20302, -2.07,   -8247, -1.68,  -12055, -2.45
 490,-23.00,  -20517, -2.09,   -7913, -1.61,  -12604, -2.56
 491,-22.00,  -21709, -2.21,   -7867, -1.60,  -13842, -2.82
 492,-21.00,  -22895, -2.33,   -7823, -1.59,  -15072, -3.07
 493,-20.00,  -24545, -2.50,   -8094, -1.65,  -16451, -3.35
 494,-19.00,  -25779, -2.62,   -8224, -1.67,  -17555, -3.57
 495,-18.00,  -27074, -2.75,   -8563, -1.74,  -18511, -3.77
 496,-17.00,  -27752, -2.82,   -8655, -1.76,  -19097, -3.89
 497,-16.00,  -28338, -2.88,   -8668, -1.76,  -19670, -4.00
 498,-15.00,  -28455, -2.89,   -8722, -1.77,  -19733, -4.01
 499,-14.00,  -27604, -2.81,   -8216, -1.67,  -19388, -3.94
 500,-13.00,  -26966, -2.74,   -7706, -1.57,  -19260, -3.92
 501,-12.00,  -25651, -2.61,   -6539, -1.33,  -19112, -3.89
 502,-11.00,  -23667, -2.41,   -5325, -1.08,  -18342, -3.73
 503,-10.00,  -21721, -2.21,   -4133, -0.84,  -17588, -3.58
 504,-9.00,  -19116, -1.94,   -2604, -0.53,  -16512, -3.36
 505,-8.00,  -16391, -1.67,   -1430, -0.29,  -14961, -3.04
 506,-7.00,  -13263, -1.35,     -46, -0.00,  -13217, -2.69
 507,-6.00,  -10714, -1.09,    1685,  0.34,  -12399, -2.52
 508,-5.00,   -8046, -0.82,    3857,  0.78,  -11903, -2.42
 509,-4.00,   -4538, -0.46,    6137,  1.25,  -10675, -2.17
 510,-3.00,    -835, -0.08,    7845,  1.60,   -8680, -1.77
 511,-2.00,    1199,  0.12,    8283,  1.69,   -7084, -1.44
 512,-1.00,    3499,  0.36,    8982,  1.83,   -5483, -1.12
 513,0.00,    6249,  0.64,    9862,  2.01,   -3613, -0.74
 514,1.00,    8303,  0.84,   10418,  2.12,   -2115, -0.43
 515,2.00,   10457,  1.06,   11302,  2.30,    -845, -0.17
 516,3.00,   13022,  1.32,   12429,  2.53,     593,  0.12
 517,4.00,   15214,  1.55,   13348,  2.72,    1866,  0.38
 518,5.00,   17555,  1.79,   14051,  2.86,    3504,  0.71
 519,6.00,   19841,  2.02,   14499,  2.95,    5342,  1.09
 520,7.00,   22028,  2.24,   15005,  3.05,    7023,  1.43
 521,8.00,   24085,  2.45,   15160,  3.08,    8925,  1.82
 522,9.00,   25126,  2.56,   14917,  3.03,   10209,  2.08
 523,10.00,   26632,  2.71,   15261,  3.10,   11371,  2.31
 524,11.00,   27667,  2.81,   15212,  3.09,   12455,  2.53
 525,12.00,   28122,  2.86,   14853,  3.02,   13269,  2.70
 526,13.00,   28873,  2.94,   14485,  2.95,   14388,  2.93
 527,14.00,   30512,  3.10,   15031,  3.06,   15481,  3.15
 528,15.00,   32604,  3.32,   15605,  3.17,   16999,  3.46
 529,16.00,   34318,  3.49,   15831,  3.22,   18487,  3.76
 530,17.00,   35949,  3.66,   16322,  3.32,   19627,  3.99
 531,18.00,   36586,  3.72,   16512,  3.36,   20074,  4.08
 532,19.00,   37390,  3.80,   17107,  3.48,   20283,  4.13
 533,20.00,   38691,  3.94,   18201,  3.70,   20490,  4.17
 534,21.00,   39124,  3.98,   18632,  3.79,   20492,  4.17
 535,22.00,   38938,  3.96,   18511,  3.77,   20427,  4.16
 536,23.00,   39163,  3.98,   18483,  3.76,   20680,  4.21
 537,24.00,   39365,  4.00,   18386,  3.74,   20979,  4.27
 538,25.00,   39274,  4.00,   18189,  3.70,   21085,  4.29
 539,26.00,   39192,  3.99,   17802,  3.62,   21390,  4.35
 540,27.00,   39226,  3.99,   17985,  3.66,   21241,  4.32
 541,28.00,   38974,  3.96,   18457,  3.76,   20517,  4.17
 542,29.00,   38347,  3.90,   18672,  3.80,   19675,  4.00
 543,30.00,   37271,  3.79,   18745,  3.81,   18526,  3.77
 544,31.00,   36381,  3.70,   18990,  3.86,   17391,  3.54
 545,32.00,   35641,  3.63,   18883,  3.84,   16758,  3.41
 546,33.00,   34729,  3.53,   18599,  3.78,   16130,  3.28
 547,34.00,   33084,  3.37,   18114,  3.69,   14970,  3.05
 548,35.00,   31188,  3.17,   17842,  3.63,   13346,  2.72
 549,36.00,   28874,  2.94,   17124,  3.48,   11750,  2.39
 550,37.00,   26899,  2.74,   16211,  3.30,   10688,  2.17
 551,38.00,   25400,  2.58,   15555,  3.16,    9845,  2.00
 552,39.00,   23938,  2.44,   14989,  3.05,    8949,  1.82
 553,40.00,   22501,  2.29,   14174,  2.88,    8327,  1.69
 554,41.00,   21910,  2.23,   14126,  2.87,    7784,  1.58
 555,42.00,   21388,  2.18,   14143,  2.88,    7245,  1.47
 556,43.00,   20528,  2.09,   13571,  2.76,    6957,  1.42
 557,44.00,   19513,  1.99,   13046,  2.65,    6467,  1.32
 558,45.00,   18666,  1.90,   13096,  2.66,    5570,  1.13
 559,46.00,   18285,  1.86,   13581,  2.76,    4704,  0.96
 560,47.00,   17405,  1.77,   13686,  2.78,    3719,  0.76
 561,48.00,   17357,  1.77,   13919,  2.83,    3438,  0.70
 562,49.00,   17031,  1.73,   13580,  2.76,    3451,  0.70
 563,50.00,   16182,  1.65,   12981,  2.64,    3201,  0.65
 564,51.00,   15690,  1.60,   12806,  2.61,    2884,  0.59
 565,52.00,   14546,  1.48,   12749,  2.59,    1797,  0.37
 566,53.00,   13961,  1.42,   12945,  2.63,    1016,  0.21
 567,54.00,   13911,  1.42,   13157,  2.68,     754,  0.15
 568,55.00,   13754,  1.40,   13509,  2.75,     245,  0.05
 569,56.00,   13276,  1.35,   13707,  2.79,    -431, -0.09
 570,57.00,   11736,  1.19,   13525,  2.75,   -1789, -0.36
 571,58.00,   10345,  1.05,   13451,  2.74,   -3106, -0.63
 572,59.00,    9287,  0.94,   13632,  2.77,   -4345, -0.88
 573,60.00,    8601,  0.87,   13557,  2.76,   -4956, -1.01
 574,61.00,    8247,  0.84,   13703,  2.79,   -5456, -1.11
 575,62.00,    7140,  0.73,   13919,  2.83,   -6779, -1.38
 576,63.00,    5877,  0.60,   13803,  2.81,   -7926, -1.61
 577,64.00,    4827,  0.49,   14049,  2.86,   -9222, -1.88
 578,65.00,    3726,  0.38,   14896,  3.03,  -11170, -2.27
 579,66.00,    3025,  0.31,   15546,  3.16,  -12521, -2.55
 580,67.00,    2389,  0.24,   15982,  3.25,  -13593, -2.77
 581,68.00,     860,  0.09,   15451,  3.14,  -14591, -2.97
 582,69.00,   -1632, -0.17,   14665,  2.98,  -16297, -3.32
 583,70.00,   -4041, -0.41,   14044,  2.86,  -18085, -3.68
 584,71.00,   -5672, -0.58,   13902,  2.83,  -19574, -3.98
 585,72.00,   -6096, -0.62,   13851,  2.82,  -19947, -4.06
 586,73.00,   -6247, -0.64,   14135,  2.88,  -20382, -4.15
 587,74.00,   -6838, -0.70,   14309,  2.91,  -21147, -4.30
 588,75.00,   -7334, -0.75,   14648,  2.98,  -21982, -4.47
 589,76.00,   -8466, -0.86,   14470,  2.94,  -22936, -4.67
 590,77.00,   -9344, -0.95,   14235,  2.90,  -23579, -4.80
 591,78.00,  -10634, -1.08,   13375,  2.72,  -24009, -4.88
 592,79.00,  -12470, -1.27,   12098,  2.46,  -24568, -5.00
 593,80.00,  -14084, -1.43,   11369,  2.31,  -25453, -5.18
 594,81.00,  -14254, -1.45,   11569,  2.35,  -25823, -5.25
 595,82.00,  -14755, -1.50,   11854,  2.41,  -26609, -5.41
 596,83.00,  -15703, -1.60,   11729,  2.39,  -27432, -5.58
 597,84.00,  -16178, -1.65,   11455,  2.33,  -27633, -5.62
 598,85.00,  -16470, -1.68,   11420,  2.32,  -27890, -5.67
 599,86.00,  -17465, -1.78,   11054,  2.25,  -28519, -5.80
 600,87.00,  -17247, -1.75,   11275,  2.29,  -28522, -5.80
 601,88.00,  -17057, -1.74,   11717,  2.38,  -28774, -5.85
 602,89.00,  -16567, -1.69,   12333,  2.51,  -28900, -5.88
 603,90.00,  -16606, -1.69,   12559,  2.56,  -29165, -5.93
 604,91.00,  -16465, -1.67,   12981,  2.64,  -29446, -5.99
 605,92.00,  -16294, -1.66,   13460,  2.74,  -29754, -6.05
 606,93.00,  -16314, -1.66,   13741,  2.80,  -30055, -6.11
 607,94.00,  -16154, -1.64,   13654,  2.78,  -29808, -6.06
 608,95.00,  -15262, -1.55,   13781,  2.80,  -29043, -5.91
 609,96.00,  -14167, -1.44,   14152,  2.88,  -28319, -5.76
 610,97.00,  -14068, -1.43,   13721,  2.79,  -27789, -5.65
 611,98.00,  -13824, -1.41,   13462,  2.74,  -27286, -5.55
 612,99.00,  -13665, -1.39,   13519,  2.75,  -27184, -5.53
 613,100.00,  -12674, -1.29,   13179,  2.68,  -25853, -5.26
 614,101.00,  -11752, -1.20,   12914,  2.63,  -24666, -5.02
 615,102.00,  -11290, -1.15,   12582,  2.56,  -23872, -4.86
 616,103.00,  -10767, -1.10,   11845,  2.41,  -22612, -4.60
 617,104.00,   -9909, -1.01,   11182,  2.28,  -21091, -4.29
 618,105.00,   -9225, -0.94,   10189,  2.07,  -19414, -3.95
 619,106.00,   -8301, -0.84,    9031,  1.84,  -17332, -3.53
 620,107.00,   -6998, -0.71,    8341,  1.70,  -15339, -3.12
 621,108.00,   -5836, -0.59,    7797,  1.59,  -13633, -2.77
 622,109.00,   -5750, -0.58,    6630,  1.35,  -12380, -2.52
 623,110.00,   -5363, -0.55,    5892,  1.20,  -11255, -2.29
 624,111.00,   -4810, -0.49,    5079,  1.03,   -9889, -2.01
 625,112.00,   -4916, -0.50,    3887,  0.79,   -8803, -1.79
 626,113.00,   -4330, -0.44,    3080,  0.63,   -7410, -1.51
 627,114.00,   -4541, -0.46,    2312,  0.47,   -6853, -1.39
 628,115.00,   -5005, -0.51,    1650,  0.34,   -6655, -1.35
 629,116.00,   -4658, -0.47,    1306,  0.27,   -5964, -1.21
 630,117.00,   -3354, -0.34,    1476,  0.30,   -4830, -0.98
 631,118.00,   -2043, -0.21,    1515,  0.31,   -3558, -0.72
 632,119.00,    -553, -0.06,    1362,  0.28,   -1915, -0.39
 633,120.00,     522,  0.05,    1496,  0.30,    -974, -0.20
 634,121.00,    1199,  0.12,    1461,  0.30,    -262, -0.05
 635,122.00,    1337,  0.14,     741,  0.15,     596,  0.12
 636,123.00,    1162,  0.12,    -295, -0.06,    1457,  0.30
 637,124.00,     713,  0.07,   -1475, -0.30,    2188,  0.45
 638,125.00,     819,  0.08,   -1711, -0.35,    2530,  0.51
 639,126.00,    1206,  0.12,   -1552, -0.32,    2758,  0.56
 640,127.00,    1515,  0.15,   -1401, -0.29,    2916,  0.59
 641,128.00,    1345,  0.14,   -1800, -0.37,    3145,  0.64
 642,129.00,    1139,  0.12,   -2472, -0.50,    3611,  0.73
 643,130.00,     581,  0.06,   -3239, -0.66,    3820,  0.78
 644,131.00,   -1082, -0.11,   -4226, -0.86,    3144,  0.64
 645,132.00,   -2815, -0.29,   -5021, -1.02,    2206,  0.45
 646,133.00,   -3571, -0.36,   -5220, -1.06,    1649,  0.34
 647,134.00,   -3528, -0.36,   -4966, -1.01,    1438,  0.29
 648,135.00,   -3994, -0.41,   -4755, -0.97,     761,  0.15
 649,136.00,   -4529, -0.46,   -4551, -0.93,      22,  0.00
 650,137.00,   -5131, -0.52,   -4541, -0.92,    -590, -0.12
 651,138.00,   -6384, -0.65,   -4895, -1.00,   -1489, -0.30
 652,139.00,   -8038, -0.82,   -5385, -1.10,   -2653, -0.54
 653,140.00,   -9026, -0.92,   -5667, -1.15,   -3359, -0.68
 654,141.00,   -9955, -1.01,   -6462, -1.31,   -3493, -0.71
 655,142.00,  -11221, -1.14,   -7722, -1.57,   -3499, -0.71
 656,143.00,  -12696, -1.29,   -8588, -1.75,   -4108, -0.84
 657,144.00,  -14120, -1.44,   -8854, -1.80,   -5266, -1.07
 658,145.00,  -15442, -1.57,   -9007, -1.83,   -6435, -1.31
 659,146.00,  -16950, -1.72,   -9543, -1.94,   -7407, -1.51
 660,147.00,  -18759, -1.91,  -10275, -2.09,   -8484, -1.73
 661,148.00,  -20948, -2.13,  -11393, -2.32,   -9555, -1.94
 662,149.00,  -22943, -2.33,  -12226, -2.49,  -10717, -2.18
 663,150.00,  -25552, -2.60,  -13674, -2.78,  -11878, -2.42
 664,151.00,  -29355, -2.99,  -15637, -3.18,  -13718, -2.79
 665,152.00,  -33422, -3.40,  -17830, -3.63,  -15592, -3.17
 666,153.00,  -36001, -3.66,  -19166, -3.90,  -16835, -3.43
 667,154.00,  -37610, -3.83,  -19865, -4.04,  -17745, -3.61
 668,155.00,  -39338, -4.00,  -20482, -4.17,  -18856, -3.84
 669,156.00,  -40787, -4.15,  -21032, -4.28,  -19755, -4.02
 670,157.00,  -42574, -4.33,  -21966, -4.47,  -20608, -4.19
 671,158.00,  -44803, -4.56,  -22791, -4.64,  -22012, -4.48
 672,159.00,  -47836, -4.87,  -24119, -4.91,  -23717, -4.83
 673,160.00,  -50881, -5.18,  -26083, -5.31,  -24798, -5.05
 674,161.00,  -53194, -5.41,  -27243, -5.54,  -25951, -5.28
 675,162.00,  -54984, -5.59,  -28176, -5.73,  -26808, -5.45
 676,163.00,  -56927, -5.79,  -29467, -6.00,  -27460, -5.59
 677,164.00,  -58699, -5.97,  -30646, -6.24,  -28053, -5.71
 678,165.00,  -59858, -6.09,  -31300, -6.37,  -28558, -5.81
 679,166.00,  -60566, -6.16,  -31588, -6.43,  -28978, -5.90
 680,167.00,  -60744, -6.18,  -31653, -6.44,  -29091, -5.92
 681,168.00,  -60998, -6.21,  -31567, -6.42,  -29431, -5.99
 682,169.00,  -62211, -6.33,  -31866, -6.48,  -30345, -6.17
 683,170.00,  -63472, -6.46,  -32354, -6.58,  -31118, -6.33
 684,171.00,  -64102, -6.52,  -32304, -6.57,  -31798, -6.47
 685,172.00,  -63338, -6.44,  -31325, -6.37,  -32013, -6.51
 686,173.00,  -62660, -6.37,  -30950, -6.30,  -31710, -6.45
 687,174.00,  -61683, -6.27,  -30446, -6.19,  -31237, -6.36
 688,175.00,  -60715, -6.18,  -29994, -6.10,  -30721, -6.25
 689,176.00,  -59471, -6.05,  -29921, -6.09,  -29550, -6.01
 690,177.00,  -57147, -5.81,  -28621, -5.82,  -28526, -5.80
 691,178.00,  -55788, -5.68,  -27634, -5.62,  -28154, -5.73
 692,179.00,  -54365, -5.53,  -27365, -5.57,  -27000, -5.49
 693,180.00,  -52998, -5.39,  -27338, -5.56,  -25660, -5.22
 694,181.00,  -51542, -5.24,  -26732, -5.44,  -24810, -5.05
 695,182.00,  -50265, -5.11,  -25909, -5.27,  -24356, -4.96
 696,183.00,  -48202, -4.90,  -24809, -5.05,  -23393, -4.76
 697,184.00,  -46300, -4.71,  -23679, -4.82,  -22621, -4.60
 698,185.00,  -44638, -4.54,  -21900, -4.46,  -22738, -4.63
 699,186.00,  -43287, -4.40,  -20558, -4.18,  -22729, -4.62
 700,187.00,  -41954, -4.27,  -19911, -4.05,  -22043, -4.48
 701,188.00,  -40563, -4.13,  -19713, -4.01,  -20850, -4.24
 702,189.00,  -39402, -4.01,  -19406, -3.95,  -19996, -4.07
 703,190.00,  -37337, -3.80,  -18139, -3.69,  -19198, -3.91
 704,191.00,  -35121, -3.57,  -16732, -3.40,  -18389, -3.74
 705,192.00,  -33978, -3.46,  -15545, -3.16,  -18433, -3.75
 706,193.00,  -32683, -3.32,  -13859, -2.82,  -18824, -3.83
 707,194.00,  -31393, -3.19,  -12572, -2.56,  -18821, -3.83
 708,195.00,  -29438, -2.99,  -10858, -2.21,  -18580, -3.78
 709,196.00,  -27916, -2.84,   -9764, -1.99,  -18152, -3.69
 710,197.00,  -26308, -2.68,   -8989, -1.83,  -17319, -3.52
 711,198.00,  -24556, -2.50,   -7693, -1.57,  -16863, -3.43
 712,199.00,  -23358, -2.38,   -6506, -1.32,  -16852, -3.43
 713,200.00,  -22297, -2.27,   -4961, -1.01,  -17336, -3.53
 714,201.00,  -20760, -2.11,   -3659, -0.74,  -17101, -3.48
 715,202.00,  -18863, -1.92,   -2595, -0.53,  -16268, -3.31
 716,203.00,  -16703, -1.70,   -1764, -0.36,  -14939, -3.04
 717,204.00,  -14558, -1.48,    -866, -0.18,  -13692, -2.79
 718,205.00,  -12226, -1.24,     659,  0.13,  -12885, -2.62
 719,206.00,   -9960, -1.01,    2102,  0.43,  -12062, -2.45
 720,207.00,   -8572, -0.87,    2779,  0.57,  -11351, -2.31
 721,208.00,   -7254, -0.74,    3649,  0.74,  -10903, -2.22
 722,209.00,   -6457, -0.66,    4195,  0.85,  -10652, -2.17
 723,210.00,   -4994, -0.51,    4467,  0.91,   -9461, -1.92
 724,211.00,   -4201, -0.43,    4507,  0.92,   -8708, -1.77
 725,212.00,   -3424, -0.35,    4704,  0.96,   -8128, -1.65
 726,213.00,   -2453, -0.25,    5185,  1.05,   -7638, -1.55
 727,214.00,   -1373, -0.14,    5393,  1.10,   -6766, -1.38
 728,215.00,    -520, -0.05,    5400,  1.10,   -5920, -1.20
 729,216.00,    -309, -0.03,    4879,  0.99,   -5188, -1.06
 730,217.00,    -492, -0.05,    3602,  0.73,   -4094, -0.83
 731,218.00,   -1152, -0.12,    2729,  0.56,   -3881, -0.79
 732,219.00,   -2824, -0.29,    1734,  0.35,   -4558, -0.93
 733,220.00,   -5217, -0.53,     353,  0.07,   -5570, -1.13
 734,221.00,   -6349, -0.65,    -555, -0.11,   -5794, -1.18
 735,222.00,   -6293, -0.64,    -784, -0.16,   -5509, -1.12
 736,223.00,   -5988, -0.61,    -804, -0.16,   -5184, -1.05
 737,224.00,   -5845, -0.59,   -1130, -0.23,   -4715, -0.96
 738,225.00,   -5291, -0.54,    -953, -0.19,   -4338, -0.88
 739,226.00,   -4326, -0.44,    -568, -0.12,   -3758, -0.76
 740,227.00,   -3271, -0.33,      -7, -0.00,   -3264, -0.66
 741,228.00,   -2492, -0.25,     565,  0.11,   -3057, -0.62
 742,229.00,   -1292, -0.13,    1069,  0.22,   -2361, -0.48
 743,230.00,     422,  0.04,     975,  0.20,    -553, -0.11
 744,231.00,    1181,  0.12,     199,  0.04,     982,  0.20
 745,232.00,    1650,  0.17,    -404, -0.08,    2054,  0.42
 746,233.00,    1894,  0.19,    -703, -0.14,    2597,  0.53
 747,234.00,    2539,  0.26,    -522, -0.11,    3061,  0.62
 748,235.00,    3435,  0.35,    -486, -0.10,    3921,  0.80
 749,236.00,    4027,  0.41,    -630, -0.13,    4657,  0.95
 750,237.00,    4819,  0.49,    -558, -0.11,    5377,  1.09
 751,238.00,    5764,  0.59,    -398, -0.08,    6162,  1.25
 752,239.00,    6179,  0.63,    -596, -0.12,    6775,  1.38
 753,240.00,    7309,  0.74,    -236, -0.05,    7545,  1.54
 754,241.00,    8557,  0.87,     168,  0.03,    8389,  1.71
 755,242.00,    9735,  0.99,     247,  0.05,    9488,  1.93
 756,243.00,   10608,  1.08,     574,  0.12,   10034,  2.04
 757,244.00,   10286,  1.05,     509,  0.10,    9777,  1.99
 758,245.00,    9728,  0.99,     295,  0.06,    9433,  1.92
 759,246.00,    9366,  0.95,    -447, -0.09,    9813,  2.00
 760,247.00,    9143,  0.93,   -1252, -0.25,   10395,  2.11
 761,248.00,    8595,  0.87,   -2179, -0.44,   10774,  2.19
 762,249.00,    7563,  0.77,   -3160, -0.64,   10723,  2.18
 763,250.00,    6896,  0.70,   -3693, -0.75,   10589,  2.15
 764,251.00,    6051,  0.62,   -4214, -0.86,   10265,  2.09
 765,252.00,    4229,  0.43,   -5801, -1.18,   10030,  2.04
 766,253.00,    1711,  0.17,   -7222, -1.47,    8933,  1.82
 767,254.00,    -256, -0.03,   -8537, -1.74,    8281,  1.68
 768,255.00,   -1814, -0.18,   -9523, -1.94,    7709,  1.57
 769,256.00,   -3805, -0.39,  -10849, -2.21,    7044,  1.43
 770,257.00,   -5874, -0.60,  -12283, -2.50,    6409,  1.30
 771,258.00,   -7512, -0.76,  -13653, -2.78,    6141,  1.25
 772,259.00,   -9040, -0.92,  -15044, -3.06,    6004,  1.22
 773,260.00,  -10517, -1.07,  -16428, -3.34,    5911,  1.20
 774,261.00,  -12212, -1.24,  -17927, -3.65,    5715,  1.16
 775,262.00,  -13689, -1.39,  -18423, -3.75,    4734,  0.96
 776,263.00,  -14547, -1.48,  -18121, -3.69,    3574,  0.73
 777,264.00,  -15079, -1.53,  -17536, -3.57,    2457,  0.50
 778,265.00,  -15265, -1.55,  -16884, -3.44,    1619,  0.33
 779,266.00,  -15648, -1.59,  -15967, -3.25,     319,  0.06
 780,267.00,  -17258, -1.76,  -15824, -3.22,   -1434, -0.29
 781,268.00,  -18508, -1.88,  -15654, -3.18,   -2854, -0.58
 782,269.00,  -19448, -1.98,  -16007, -3.26,   -3441, -0.70
 783,270.00,  -20888, -2.12,  -16613, -3.38,   -4275, -0.87
 784,271.00,  -22595, -2.30,  -17406, -3.54,   -5189, -1.06
 785,272.00,  -23130, -2.35,  -17831, -3.63,   -5299, -1.08
 786,273.00,  -22894, -2.33,  -17716, -3.60,   -5178, -1.05
 787,274.00,  -23860, -2.43,  -17959, -3.65,   -5901, -1.20
 788,275.00,  -24756, -2.52,  -17427, -3.55,   -7329, -1.49
 789,276.00,  -25788, -2.62,  -17661, -3.59,   -8127, -1.65
 790,277.00,  -26980, -2.74,  -18485, -3.76,   -8495, -1.73
 791,278.00,  -28305, -2.88,  -19033, -3.87,   -9272, -1.89
 792,279.00,  -28977, -2.95,  -18973, -3.86,  -10004, -2.04
 793,280.00,  -29146, -2.96,  -18783, -3.82,  -10363, -2.11
 794,281.00,  -29152, -2.97,  -18699, -3.80,  -10453, -2.13
 795,282.00,  -29554, -3.01,  -19076, -3.88,  -10478, -2.13
 796,283.00,  -30561, -3.11,  -19754, -4.02,  -10807, -2.20
 797,284.00,  -32235, -3.28,  -20332, -4.14,  -11903, -2.42
 798,285.00,  -32827, -3.34,  -20190, -4.11,  -12637, -2.57
 799,286.00,  -32796, -3.34,  -19666, -4.00,  -13130, -2.67
 800,287.00,  -32566, -3.31,  -19064, -3.88,  -13502, -2.75
 801,288.00,  -32491, -3.31,  -18856, -3.84,  -13635, -2.77
 802,289.00,  -32024, -3.26,  -18289, -3.72,  -13735, -2.79
 803,290.00,  -32246, -3.28,  -18050, -3.67,  -14196, -2.89
 804,291.00,  -32120, -3.27,  -18061, -3.67,  -14059, -2.86
 805,292.00,  -31750, -3.23,  -17748, -3.61,  -14002, -2.85
 806,293.00,  -30916, -3.15,  -17162, -3.49,  -13754, -2.80
 807,294.00,  -30170, -3.07,  -16568, -3.37,  -13602, -2.77
 808,295.00,  -29093, -2.96,  -15799, -3.21,  -13294, -2.70
 809,296.00,  -28208, -2.87,  -14484, -2.95,  -13724, -2.79
 810,297.00,  -27121, -2.76,  -13460, -2.74,  -13661, -2.78
 811,298.00,  -25574, -2.60,  -12243, -2.49,  -13331, -2.71
 812,299.00,  -24070, -2.45,  -11166, -2.27,  -12904, -2.63
 813,300.00,  -22484, -2.29,  -10217, -2.08,  -12267, -2.50
 814,301.00,  -20635, -2.10,   -8512, -1.73,  -12123, -2.47
 815,302.00,  -18906, -1.92,   -6399, -1.30,  -12507, -2.54
 816,303.00,  -17425, -1.77,   -4923, -1.00,  -12502, -2.54
 817,304.00,  -15822, -1.61,   -3439, -0.70,  -12383, -2.52
 818,305.00,  -14507, -1.48,   -1996, -0.41,  -12511, -2.55
 819,306.00,  -12950, -1.32,     -26, -0.00,  -12924, -2.63
 820,307.00,  -11407, -1.16,    2089,  0.43,  -13496, -2.75
 821,308.00,  -10152, -1.03,    4266,  0.87,  -14418, -2.93
 822,309.00,   -8430, -0.86,    6367,  1.30,  -14797, -3.01
 823,310.00,   -7006, -0.71,    7893,  1.61,  -14899, -3.03
 824,311.00,   -6174, -0.63,    8581,  1.75,  -14755, -3.00
 825,312.00,   -5735, -0.58,    9617,  1.96,  -15352, -3.12
 826,313.00,   -4891, -0.50,   10962,  2.23,  -15853, -3.23
 827,314.00,   -3378, -0.34,   12235,  2.49,  -15613, -3.18
 828,315.00,   -1725, -0.18,   13287,  2.70,  -15012, -3.05
 829,316.00,    -497, -0.05,   14185,  2.89,  -14682, -2.99
 830,317.00,     466,  0.05,   15270,  3.11,  -14804, -3.01
 831,318.00,    2210,  0.22,   16702,  3.40,  -14492, -2.95
 832,319.00,    4560,  0.46,   18509,  3.77,  -13949, -2.84
 833,320.00,    7030,  0.72,   20408,  4.15,  -13378, -2.72
 834,321.00,    7877,  0.80,   21409,  4.36,  -13532, -2.75
 835,322.00,    8483,  0.86,   22150,  4.51,  -13667, -2.78
 836,323.00,    9273,  0.94,   22847,  4.65,  -13574, -2.76
 837,324.00,   10514,  1.07,   23776,  4.84,  -13262, -2.70
 838,325.00,   11235,  1.14,   24704,  5.03,  -13469, -2.74
 839,326.00,   11628,  1.18,   25511,  5.19,  -13883, -2.82
 840,327.00,   12002,  1.22,   26142,  5.32,  -14140, -2.88
 841,328.00,   12173,  1.24,   26610,  5.41,  -14437, -2.94
 842,329.00,   12809,  1.30,   27568,  5.61,  -14759, -3.00
 843,330.00,   14061,  1.43,   28933,  5.89,  -14872, -3.03
 844,331.00,   15785,  1.61,   30061,  6.12,  -14276, -2.90
 845,332.00,   16023,  1.63,   30352,  6.18,  -14329, -2.92
 846,333.00,   15506,  1.58,   30394,  6.18,  -14888, -3.03
 847,334.00,   14348,  1.46,   30046,  6.11,  -15698, -3.19
 848,335.00,   13460,  1.37,   29361,  5.97,  -15901, -3.24
 849,336.00,   13041,  1.33,   28412,  5.78,  -15371, -3.13
 850,337.00,   11380,  1.16,   26922,  5.48,  -15542, -3.16
 851,338.00,    9412,  0.96,   25524,  5.19,  -16112, -3.28
 852,339.00,    6992,  0.71,   23752,  4.83,  -16760, -3.41
 853,340.00,    4892,  0.50,   21900,  4.46,  -17008, -3.46
 854,341.00,    3621,  0.37,   20334,  4.14,  -16713, -3.40
 855,342.00,    2736,  0.28,   18556,  3.78,  -15820, -3.22
 856,343.00,    1950,  0.20,   17031,  3.47,  -15081, -3.07
 857,344.00,     853,  0.09,   15854,  3.23,  -15001, -3.05
 858,345.00,    -561, -0.06,   14502,  2.95,  -15063, -3.06
 859,346.00,   -3309, -0.34,   12298,  2.50,  -15607, -3.18
 860,347.00,   -5764, -0.59,    9936,  2.02,  -15700, -3.19
 861,348.00,   -8685, -0.88,    7292,  1.48,  -15977, -3.25
 862,349.00,  -11364, -1.16,    4843,  0.99,  -16207, -3.30
 863,350.00,  -13609, -1.38,    2836,  0.58,  -16445, -3.35
 864,351.00,  -14632, -1.49,    1690,  0.34,  -16322, -3.32
 865,352.00,  -15080, -1.53,    1192,  0.24,  -16272, -3.31
 866,353.00,  -15155, -1.54,     862,  0.18,  -16017, -3.26
 867,354.00,  -15195, -1.55,     221,  0.04,  -15416, -3.14
 868,355.00,  -15032, -1.53,    -171, -0.03,  -14861, -3.02
 869,356.00,  -14958, -1.52,    -771, -0.16,  -14187, -2.89
 870,357.00,  -15340, -1.56,   -1682, -0.34,  -13658, -2.78
 871,358.00,  -15896, -1.62,   -2315, -0.47,  -13581, -2.76
 872,359.00,  -16385, -1.67,   -3226, -0.66,  -13159, -2.68
 873,360.00,  -16488, -1.68,   -3835, -0.78,  -12653, -2.57
 874,361.00,  -17392, -1.77,   -4495, -0.91,  -12897, -2.62
 875,362.00,  -17547, -1.79,   -4705, -0.96,  -12842, -2.61
 876,363.00,  -16424, -1.67,   -4584, -0.93,  -11840, -2.41
 877,364.00,  -15389, -1.57,   -4964, -1.01,  -10425, -2.12
 878,365.00,  -14528, -1.48,   -5062, -1.03,   -9466, -1.93
 879,366.00,  -13842, -1.41,   -4941, -1.01,   -8901, -1.81
 880,367.00,  -12982, -1.32,   -4589, -0.93,   -8393, -1.71
 881,368.00,  -13531, -1.38,   -4909, -1.00,   -8622, -1.75
 882,369.00,  -14462, -1.47,   -5242, -1.07,   -9220, -1.88
 883,370.00,  -14839, -1.51,   -5538, -1.13,   -9301, -1.89
 884,371.00,  -15687, -1.60,   -6030, -1.23,   -9657, -1.96
 885,372.00,  -15724, -1.60,   -5977, -1.22,   -9747, -1.98
 886,373.00,  -15270, -1.55,   -5485, -1.12,   -9785, -1.99
 887,374.00,  -14997, -1.53,   -5161, -1.05,   -9836, -2.00
 888,375.00,  -13987, -1.42,   -4646, -0.95,   -9341, -1.90
 889,376.00,  -12855, -1.31,   -4126, -0.84,   -8729, -1.78
 890,377.00,  -11589, -1.18,   -3674, -0.75,   -7915, -1.61
 891,378.00,  -10212, -1.04,   -2829, -0.58,   -7383, -1.50
 892,379.00,   -9663, -0.98,   -2312, -0.47,   -7351, -1.50
 893,380.00,   -8810, -0.90,   -1597, -0.32,   -7213, -1.47
 894,381.00,   -7708, -0.78,   -1004, -0.20,   -6704, -1.36
 895,382.00,   -7061, -0.72,    -210, -0.04,   -6851, -1.39
 896,383.00,   -6661, -0.68,     397,  0.08,   -7058, -1.44
 897,384.00,   -5359, -0.55,    1305,  0.27,   -6664, -1.36
 898,385.00,   -4344, -0.44,    1896,  0.39,   -6240, -1.27
 899,386.00,   -3752, -0.38,    1848,  0.38,   -5600, -1.14
 900,387.00,   -3461, -0.35,    1895,  0.39,   -5356, -1.09
 901,388.00,   -2365, -0.24,    2697,  0.55,   -5062, -1.03
 902,389.00,   -1507, -0.15,    3327,  0.68,   -4834, -0.98
 903,390.00,    -872, -0.09,    4040,  0.82,   -4912, -1.00
 904,391.00,    -142, -0.01,    4991,  1.02,   -5133, -1.04
 905,392.00,     852,  0.09,    6058,  1.23,   -5206, -1.06
 906,393.00,    1965,  0.20,    6845,  1.39,   -4880, -0.99
 907,394.00,    3586,  0.36,    8116,  1.65,   -4530, -0.92
 908,395.00,    4952,  0.50,    9155,  1.86,   -4203, -0.86
 909,396.00,    6880,  0.70,   10599,  2.16,   -3719, -0.76
 910,397.00,    9758,  0.99,   12085,  2.46,   -2327, -0.47
 911,398.00,   13341,  1.36,   13699,  2.79,    -358, -0.07
 912,399.00,   15810,  1.61,   15302,  3.11,     508,  0.10
 913,400.00,   17718,  1.80,   16546,  3.37,    1172,  0.24
 914,401.00,   19684,  2.00,   17843,  3.63,    1841,  0.37
 915,402.00,   22367,  2.28,   19306,  3.93,    3061,  0.62
 916,403.00,   24609,  2.50,   20328,  4.14,    4281,  0.87
 917,404.00,   27530,  2.80,   21776,  4.43,    5754,  1.17
 918,405.00,   30510,  3.10,   23451,  4.77,    7059,  1.44
 919,406.00,   32763,  3.33,   24524,  4.99,    8239,  1.68
 920,407.00,   34865,  3.55,   25235,  5.13,    9630,  1.96
 921,408.00,   36961,  3.76,   25782,  5.25,   11179,  2.27
 922,409.00,   39040,  3.97,   27033,  5.50,   12007,  2.44
 923,410.00,   40654,  4.14,   28441,  5.79,   12213,  2.48
 924,411.00,   42135,  4.29,   29545,  6.01,   12590,  2.56
 925,412.00,   42947,  4.37,   29897,  6.08,   13050,  2.66
 926,413.00,   43480,  4.42,   30187,  6.14,   13293,  2.70
 927,414.00,   44508,  4.53,   30841,  6.27,   13667,  2.78
 928,415.00,   45599,  4.64,   31069,  6.32,   14530,  2.96
 929,416.00,   46589,  4.74,   31310,  6.37,   15279,  3.11
 930,417.00,   47785,  4.86,   31596,  6.43,   16189,  3.29
 931,418.00,   49887,  5.07,   32266,  6.56,   17621,  3.59
 932,419.00,   51498,  5.24,   32845,  6.68,   18653,  3.80
 933,420.00,   52381,  5.33,   32697,  6.65,   19684,  4.00
 934,421.00,   53035,  5.40,   32452,  6.60,   20583,  4.19
 935,422.00,   53617,  5.45,   32435,  6.60,   21182,  4.31
 936,423.00,   54164,  5.51,   32733,  6.66,   21431,  4.36
 937,424.00,   54483,  5.54,   32509,  6.61,   21974,  4.47
 938,425.00,   55018,  5.60,   31690,  6.45,   23328,  4.75
 939,426.00,   56497,  5.75,   31582,  6.43,   24915,  5.07
 940,427.00,   56913,  5.79,   31077,  6.32,   25836,  5.26
 941,428.00,   57309,  5.83,   30327,  6.17,   26982,  5.49
 942,429.00,   58341,  5.93,   29994,  6.10,   28347,  5.77
 943,430.00,   59171,  6.02,   29537,  6.01,   29634,  6.03
 944,431.00,   58518,  5.95,   28395,  5.78,   30123,  6.13
 945,432.00,   57753,  5.88,   27887,  5.67,   29866,  6.08
 946,433.00,   57269,  5.83,   27965,  5.69,   29304,  5.96
 947,434.00,   57062,  5.80,   27659,  5.63,   29403,  5.98
 948,435.00,   56674,  5.77,   27138,  5.52,   29536,  6.01
 949,436.00,   55648,  5.66,   26062,  5.30,   29586,  6.02
 950,437.00,   53962,  5.49,   24714,  5.03,   29248,  5.95
 951,438.00,   52560,  5.35,   23315,  4.74,   29245,  5.95
 952,439.00,   51483,  5.24,   21989,  4.47,   29494,  6.00
 953,440.00,   50747,  5.16,   20953,  4.26,   29794,  6.06
 954,441.00,   49555,  5.04,   19444,  3.96,   30111,  6.13
 955,442.00,   48599,  4.94,   17692,  3.60,   30907,  6.29
 956,443.00,   47798,  4.86,   16018,  3.26,   31780,  6.47
 957,444.00,   46845,  4.77,   13977,  2.84,   32868,  6.69
 958,445.00,   45493,  4.63,   11654,  2.37,   33839,  6.88
 959,446.00,   44914,  4.57,    9931,  2.02,   34983,  7.12
 960,447.00,   43725,  4.45,    7689,  1.56,   36036,  7.33
 961,448.00,   41505,  4.22,    4894,  1.00,   36611,  7.45
 962,449.00,   39158,  3.98,    1986,  0.40,   37172,  7.56
 963,450.00,   37490,  3.81,    -374, -0.08,   37864,  7.70
 964,451.00,   36310,  3.69,   -1975, -0.40,   38285,  7.79
 965,452.00,   34211,  3.48,   -4124, -0.84,   38335,  7.80
 966,453.00,   32130,  3.27,   -6010, -1.22,   38140,  7.76
 967,454.00,   31613,  3.22,   -6897, -1.40,   38510,  7.84
 968,455.00,   31178,  3.17,   -8009, -1.63,   39187,  7.97
 969,456.00,   29612,  3.01,   -9751, -1.98,   39363,  8.01
 970,457.00,   28696,  2.92,  -10949, -2.23,   39645,  8.07
 971,458.00,   27438,  2.79,  -11990, -2.44,   39428,  8.02
 972,459.00,   25745,  2.62,  -12956, -2.64,   38701,  7.87
 973,460.00,   23473,  2.39,  -14250, -2.90,   37723,  7.67
 974,461.00,   22050,  2.24,  -14831, -3.02,   36881,  7.50
 975,462.00,   20349,  2.07,  -15223, -3.10,   35572,  7.24
 976,463.00,   18725,  1.90,  -15873, -3.23,   34598,  7.04
 977,464.00,   17506,  1.78,  -16163, -3.29,   33669,  6.85
 978,465.00,   15848,  1.61,  -16840, -3.43,   32688,  6.65
 979,466.00,   14674,  1.49,  -17293, -3.52,   31967,  6.50
 980,467.00,   14255,  1.45,  -17293, -3.52,   31548,  6.42
 981,468.00,   14432,  1.47,  -16771, -3.41,   31203,  6.35
 982,469.00,   12404,  1.26,  -16994, -3.46,   29398,  5.98
 983,470.00,    8990,  0.91,  -18066, -3.68,   27056,  5.50
 984,471.00,    6155,  0.63,  -19193, -3.90,   25348,  5.16
 985,472.00,    2918,  0.30,  -20405, -4.15,   23323,  4.75
 986,473.00,    -480, -0.05,  -21512, -4.38,   21032,  4.28
 987,474.00,   -3208, -0.33,  -22392, -4.56,   19184,  3.90
 988,475.00,   -5660, -0.58,  -23054, -4.69,   17394,  3.54
 989,476.00,   -7735, -0.79,  -22977, -4.67,   15242,  3.10
 990,477.00,   -9754, -0.99,  -22915, -4.66,   13161,  2.68
 991,478.00,  -10536, -1.07,  -21946, -4.47,   11410,  2.32
 992,479.00,  -11658, -1.19,  -21096, -4.29,    9438,  1.92
 993,480.00,  -13119, -1.33,  -20977, -4.27,    7858,  1.60
 994,481.00,  -14330, -1.46,  -20749, -4.22,    6419,  1.31
 995,482.00,  -15955, -1.62,  -21106, -4.29,    5151,  1.05
 996,483.00,  -18136, -1.84,  -21689, -4.41,    3553,  0.72
 997,484.00,  -19501, -1.98,  -21738, -4.42,    2237,  0.46
 998,485.00,  -19967, -2.03,  -21685, -4.41,    1718,  0.35
 999,486.00,  -20811, -2.12,  -21854, -4.45,    1043,  0.21
1000,487.00,  -21031, -2.14,  -21425, -4.36,     394,  0.08
1001,488.00,  -21187, -2.16,  -20977, -4.27,    -210, -0.04
1002,489.00,  -21789, -2.22,  -20294, -4.13,   -1495, -0.30
1003,490.00,  -22014, -2.24,  -19391, -3.95,   -2623, -0.53
1004,491.00,  -22730, -2.31,  -19381, -3.94,   -3349, -0.68
1005,492.00,  -23540, -2.39,  -19586, -3.98,   -3954, -0.80
1006,493.00,  -24199, -2.46,  -19303, -3.93,   -4896, -1.00
1007,494.00,  -24327, -2.47,  -18275, -3.72,   -6052, -1.23
1008,495.00,  -24767, -2.52,  -17426, -3.55,   -7341, -1.49
1009,496.00,  -25154, -2.56,  -16712, -3.40,   -8442, -1.72
1010,497.00,  -24864, -2.53,  -16091, -3.27,   -8773, -1.78
1011,498.00,  -23977, -2.44,  -15092, -3.07,   -8885, -1.81
1012,499.00,  -23917, -2.43,  -14170, -2.88,   -9747, -1.98
1013,500.00,  -23916, -2.43,  -13235, -2.69,  -10681, -2.17
1014,501.00,  -24377, -2.48,  -12775, -2.60,  -11602, -2.36
1015,502.00,  -24263, -2.47,  -12285, -2.50,  -11978, -2.44
1016,503.00,  -23624, -2.40,  -11101, -2.26,  -12523, -2.55
1017,504.00,  -23556, -2.40,  -10230, -2.08,  -13326, -2.71
1018,505.00,  -22747, -2.31,   -8577, -1.75,  -14170, -2.88
1019,506.00,  -21694, -2.21,   -7062, -1.44,  -14632, -2.98
1020,507.00,  -20683, -2.10,   -6227, -1.27,  -14456, -2.94
1021,508.00,  -20497, -2.09,   -5930, -1.21,  -14567, -2.96
1022,509.00,  -20560, -2.09,   -6012, -1.22,  -14548, -2.96
1023,510.00,  -19964, -2.03,   -5719, -1.16,  -14245, -2.90
1024,511.00,  -19783, -2.01,   -5511, -1.12,  -14272, -2.90
