-----------------------------------------------------------------------------------
Identifier:,IHS5922-20197C02
File Name:,EMLP70B.10
Ear:,L
Channel:,2
Intensity:,70 dB HL
Stim. Rate:,  1.10/s
Stim. Mode:,0
Sweeps:,182
Artifacts:,62
Smp. Period:,1000.00 us
Amp. Gain:, 50.00 K
Low Pass:, 30.00 Hz
High Pass:,  1.00 Hz
Notch Filter:,TRUE
Stimulus:,100
Stim. Freq.:,1000 Hz
Stim. Dur.:,2000 pnts
Masking:,0 dB SPL
Stim. Point:,513
-----------------------------------------------------------------------------------
Peak Information:,Label,Peak(+),Peak(+)(ms),Peak(-),Peak(-)(ms)
,20, 748,235.00, 840,327.00,
,19, 678,165.00, 748,235.00,
,18, 647,134.00, 679,166.00,
,17, 603,90.00, 647,134.00,
-----------------------------------------------------------------------------------


Data Pnt:,Data Pnt(ms):,Average:,Average(uV):,Buffer1:,Buffer1(uV):,Buffer2:,Buffer2(uV):
   1,-512.00,       0,  0.00,       0,  0.00,       0,  0.00
   2,-511.00,       0,  0.00,       0,  0.00,       0,  0.00
   3,-510.00,       0,  0.00,       0,  0.00,       0,  0.00
   4,-509.00,       0,  0.00,       0,  0.00,       0,  0.00
   5,-508.00,       0,  0.00,       0,  0.00,       0,  0.00
   6,-507.00,       0,  0.00,       0,  0.00,       0,  0.00
   7,-506.00,       0,  0.00,       0,  0.00,       0,  0.00
   8,-505.00,       0,  0.00,       0,  0.00,       0,  0.00
   9,-504.00,       0,  0.00,       0,  0.00,       0,  0.00
  10,-503.00,       0,  0.00,       0,  0.00,       0,  0.00
  11,-502.00,       0,  0.00,       0,  0.00,       0,  0.00
  12,-501.00,       0,  0.00,       0,  0.00,       0,  0.00
  13,-500.00,       0,  0.00,       0,  0.00,       0,  0.00
  14,-499.00,       0,  0.00,       0,  0.00,       0,  0.00
  15,-498.00,       0,  0.00,       0,  0.00,       0,  0.00
  16,-497.00,       0,  0.00,       0,  0.00,       0,  0.00
  17,-496.00,       0,  0.00,       0,  0.00,       0,  0.00
  18,-495.00,       0,  0.00,       0,  0.00,       0,  0.00
  19,-494.00,       0,  0.00,       0,  0.00,       0,  0.00
  20,-493.00,       0,  0.00,       0,  0.00,       0,  0.00
  21,-492.00,       0,  0.00,       0,  0.00,       0,  0.00
  22,-491.00,       0,  0.00,       0,  0.00,       0,  0.00
  23,-490.00,       0,  0.00,       0,  0.00,       0,  0.00
  24,-489.00,       0,  0.00,       0,  0.00,       0,  0.00
  25,-488.00,       0,  0.00,       0,  0.00,       0,  0.00
  26,-487.00,       0,  0.00,       0,  0.00,       0,  0.00
  27,-486.00,       0,  0.00,       0,  0.00,       0,  0.00
  28,-485.00,       0,  0.00,       0,  0.00,       0,  0.00
  29,-484.00,       0,  0.00,       0,  0.00,       0,  0.00
  30,-483.00,       0,  0.00,       0,  0.00,       0,  0.00
  31,-482.00,       0,  0.00,       0,  0.00,       0,  0.00
  32,-481.00,       0,  0.00,       0,  0.00,       0,  0.00
  33,-480.00,       0,  0.00,       0,  0.00,       0,  0.00
  34,-479.00,       0,  0.00,       0,  0.00,       0,  0.00
  35,-478.00,       0,  0.00,       0,  0.00,       0,  0.00
  36,-477.00,       0,  0.00,       0,  0.00,       0,  0.00
  37,-476.00,       0,  0.00,       0,  0.00,       0,  0.00
  38,-475.00,       0,  0.00,       0,  0.00,       0,  0.00
  39,-474.00,       0,  0.00,       0,  0.00,       0,  0.00
  40,-473.00,       0,  0.00,       0,  0.00,       0,  0.00
  41,-472.00,       0,  0.00,       0,  0.00,       0,  0.00
  42,-471.00,       0,  0.00,       0,  0.00,       0,  0.00
  43,-470.00,       0,  0.00,       0,  0.00,       0,  0.00
  44,-469.00,       0,  0.00,       0,  0.00,       0,  0.00
  45,-468.00,       0,  0.00,       0,  0.00,       0,  0.00
  46,-467.00,       0,  0.00,       0,  0.00,       0,  0.00
  47,-466.00,       0,  0.00,       0,  0.00,       0,  0.00
  48,-465.00,       0,  0.00,       0,  0.00,       0,  0.00
  49,-464.00,       0,  0.00,       0,  0.00,       0,  0.00
  50,-463.00,       0,  0.00,       0,  0.00,       0,  0.00
  51,-462.00,       0,  0.00,       0,  0.00,       0,  0.00
  52,-461.00,       0,  0.00,       0,  0.00,       0,  0.00
  53,-460.00,       0,  0.00,       0,  0.00,       0,  0.00
  54,-459.00,       0,  0.00,       0,  0.00,       0,  0.00
  55,-458.00,       0,  0.00,       0,  0.00,       0,  0.00
  56,-457.00,       0,  0.00,       0,  0.00,       0,  0.00
  57,-456.00,       0,  0.00,       0,  0.00,       0,  0.00
  58,-455.00,       0,  0.00,       0,  0.00,       0,  0.00
  59,-454.00,       0,  0.00,       0,  0.00,       0,  0.00
  60,-453.00,       0,  0.00,       0,  0.00,       0,  0.00
  61,-452.00,       0,  0.00,       0,  0.00,       0,  0.00
  62,-451.00,       0,  0.00,       0,  0.00,       0,  0.00
  63,-450.00,       0,  0.00,       0,  0.00,       0,  0.00
  64,-449.00,       0,  0.00,       0,  0.00,       0,  0.00
  65,-448.00,       0,  0.00,       0,  0.00,       0,  0.00
  66,-447.00,       0,  0.00,       0,  0.00,       0,  0.00
  67,-446.00,       0,  0.00,       0,  0.00,       0,  0.00
  68,-445.00,       0,  0.00,       0,  0.00,       0,  0.00
  69,-444.00,       0,  0.00,       0,  0.00,       0,  0.00
  70,-443.00,       0,  0.00,       0,  0.00,       0,  0.00
  71,-442.00,       0,  0.00,       0,  0.00,       0,  0.00
  72,-441.00,       0,  0.00,       0,  0.00,       0,  0.00
  73,-440.00,       0,  0.00,       0,  0.00,       0,  0.00
  74,-439.00,       0,  0.00,       0,  0.00,       0,  0.00
  75,-438.00,       0,  0.00,       0,  0.00,       0,  0.00
  76,-437.00,       0,  0.00,       0,  0.00,       0,  0.00
  77,-436.00,       0,  0.00,       0,  0.00,       0,  0.00
  78,-435.00,       0,  0.00,       0,  0.00,       0,  0.00
  79,-434.00,       0,  0.00,       0,  0.00,       0,  0.00
  80,-433.00,       0,  0.00,       0,  0.00,       0,  0.00
  81,-432.00,       0,  0.00,       0,  0.00,       0,  0.00
  82,-431.00,       0,  0.00,       0,  0.00,       0,  0.00
  83,-430.00,       0,  0.00,       0,  0.00,       0,  0.00
  84,-429.00,       0,  0.00,       0,  0.00,       0,  0.00
  85,-428.00,       0,  0.00,       0,  0.00,       0,  0.00
  86,-427.00,       0,  0.00,       0,  0.00,       0,  0.00
  87,-426.00,       0,  0.00,       0,  0.00,       0,  0.00
  88,-425.00,       0,  0.00,       0,  0.00,       0,  0.00
  89,-424.00,       0,  0.00,       0,  0.00,       0,  0.00
  90,-423.00,       0,  0.00,       0,  0.00,       0,  0.00
  91,-422.00,       0,  0.00,       0,  0.00,       0,  0.00
  92,-421.00,       0,  0.00,       0,  0.00,       0,  0.00
  93,-420.00,       0,  0.00,       0,  0.00,       0,  0.00
  94,-419.00,       0,  0.00,       0,  0.00,       0,  0.00
  95,-418.00,       0,  0.00,       0,  0.00,       0,  0.00
  96,-417.00,       0,  0.00,       0,  0.00,       0,  0.00
  97,-416.00,       0,  0.00,       0,  0.00,       0,  0.00
  98,-415.00,       0,  0.00,       0,  0.00,       0,  0.00
  99,-414.00,       0,  0.00,       0,  0.00,       0,  0.00
 100,-413.00,       0,  0.00,       0,  0.00,       0,  0.00
 101,-412.00,       0,  0.00,       0,  0.00,       0,  0.00
 102,-411.00,       0,  0.00,       0,  0.00,       0,  0.00
 103,-410.00,       0,  0.00,       0,  0.00,       0,  0.00
 104,-409.00,       0,  0.00,       0,  0.00,       0,  0.00
 105,-408.00,       0,  0.00,       0,  0.00,       0,  0.00
 106,-407.00,       0,  0.00,       0,  0.00,       0,  0.00
 107,-406.00,      23,  0.00,      10,  0.00,      13,  0.00
 108,-405.00,     -79, -0.00,     -36, -0.00,     -43, -0.00
 109,-404.00,    -132, -0.00,     -57, -0.00,     -75, -0.00
 110,-403.00,     163,  0.00,      77,  0.00,      86,  0.00
 111,-402.00,     832,  0.03,     368,  0.02,     464,  0.03
 112,-401.00,    1337,  0.04,     571,  0.04,     766,  0.05
 113,-400.00,     583,  0.02,     212,  0.01,     371,  0.02
 114,-399.00,   -3033, -0.10,   -1384, -0.09,   -1649, -0.11
 115,-398.00,   -9451, -0.32,   -4135, -0.28,   -5316, -0.36
 116,-397.00,  -17107, -0.57,   -7327, -0.49,   -9780, -0.66
 117,-396.00,  -23793, -0.80,  -10017, -0.67,  -13776, -0.92
 118,-395.00,  -27876, -0.93,  -11537, -0.77,  -16339, -1.10
 119,-394.00,  -29209, -0.98,  -11858, -0.80,  -17351, -1.16
 120,-393.00,  -29405, -0.99,  -11707, -0.79,  -17698, -1.19
 121,-392.00,  -29695, -1.00,  -11627, -0.78,  -18068, -1.21
 122,-391.00,  -30683, -1.03,  -11927, -0.80,  -18756, -1.26
 123,-390.00,  -32199, -1.08,  -12615, -0.85,  -19584, -1.31
 124,-389.00,  -33732, -1.13,  -13532, -0.91,  -20200, -1.35
 125,-388.00,  -34968, -1.17,  -14580, -0.98,  -20388, -1.37
 126,-387.00,  -36094, -1.21,  -15878, -1.06,  -20216, -1.36
 127,-386.00,  -37368, -1.25,  -17530, -1.18,  -19838, -1.33
 128,-385.00,  -39040, -1.31,  -19573, -1.31,  -19467, -1.31
 129,-384.00,  -41028, -1.38,  -21836, -1.46,  -19192, -1.29
 130,-383.00,  -43003, -1.44,  -24009, -1.61,  -18994, -1.27
 131,-382.00,  -44639, -1.50,  -25859, -1.73,  -18780, -1.26
 132,-381.00,  -45738, -1.53,  -27361, -1.84,  -18377, -1.23
 133,-380.00,  -46230, -1.55,  -28583, -1.92,  -17647, -1.18
 134,-379.00,  -46090, -1.55,  -29536, -1.98,  -16554, -1.11
 135,-378.00,  -45258, -1.52,  -30141, -2.02,  -15117, -1.01
 136,-377.00,  -43814, -1.47,  -30348, -2.04,  -13466, -0.90
 137,-376.00,  -42151, -1.41,  -30298, -2.03,  -11853, -0.80
 138,-375.00,  -40802, -1.37,  -30298, -2.03,  -10504, -0.70
 139,-374.00,  -40006, -1.34,  -30524, -2.05,   -9482, -0.64
 140,-373.00,  -39500, -1.32,  -30853, -2.07,   -8647, -0.58
 141,-372.00,  -38790, -1.30,  -31025, -2.08,   -7765, -0.52
 142,-371.00,  -37599, -1.26,  -30904, -2.07,   -6695, -0.45
 143,-370.00,  -36093, -1.21,  -30584, -2.05,   -5509, -0.37
 144,-369.00,  -34748, -1.17,  -30336, -2.03,   -4412, -0.30
 145,-368.00,  -33847, -1.14,  -30308, -2.03,   -3539, -0.24
 146,-367.00,  -33092, -1.11,  -30287, -2.03,   -2805, -0.19
 147,-366.00,  -31913, -1.07,  -29892, -2.00,   -2021, -0.14
 148,-365.00,  -29976, -1.01,  -28899, -1.94,   -1077, -0.07
 149,-364.00,  -27386, -0.92,  -27363, -1.84,     -23, -0.00
 150,-363.00,  -24620, -0.83,  -25605, -1.72,     985,  0.07
 151,-362.00,  -22224, -0.75,  -24039, -1.61,    1815,  0.12
 152,-361.00,  -20435, -0.69,  -22898, -1.54,    2463,  0.17
 153,-360.00,  -19263, -0.65,  -22209, -1.49,    2946,  0.20
 154,-359.00,  -18753, -0.63,  -21903, -1.47,    3150,  0.21
 155,-358.00,  -18950, -0.64,  -21841, -1.46,    2891,  0.19
 156,-357.00,  -19686, -0.66,  -21810, -1.46,    2124,  0.14
 157,-356.00,  -20610, -0.69,  -21666, -1.45,    1056,  0.07
 158,-355.00,  -21321, -0.72,  -21384, -1.43,      63,  0.00
 159,-354.00,  -21684, -0.73,  -21090, -1.41,    -594, -0.04
 160,-353.00,  -22039, -0.74,  -21001, -1.41,   -1038, -0.07
 161,-352.00,  -22888, -0.77,  -21260, -1.43,   -1628, -0.11
 162,-351.00,  -24311, -0.82,  -21763, -1.46,   -2548, -0.17
 163,-350.00,  -25840, -0.87,  -22268, -1.49,   -3572, -0.24
 164,-349.00,  -26814, -0.90,  -22583, -1.51,   -4231, -0.28
 165,-348.00,  -26974, -0.90,  -22754, -1.53,   -4220, -0.28
 166,-347.00,  -26689, -0.90,  -23000, -1.54,   -3689, -0.25
 167,-346.00,  -26564, -0.89,  -23497, -1.58,   -3067, -0.21
 168,-345.00,  -26823, -0.90,  -24169, -1.62,   -2654, -0.18
 169,-344.00,  -27086, -0.91,  -24726, -1.66,   -2360, -0.16
 170,-343.00,  -26743, -0.90,  -24856, -1.67,   -1887, -0.13
 171,-342.00,  -25564, -0.86,  -24505, -1.64,   -1059, -0.07
 172,-341.00,  -23872, -0.80,  -23877, -1.60,       5,  0.00
 173,-340.00,  -22173, -0.74,  -23221, -1.56,    1048,  0.07
 174,-339.00,  -20768, -0.70,  -22653, -1.52,    1885,  0.13
 175,-338.00,  -19625, -0.66,  -22149, -1.49,    2524,  0.17
 176,-337.00,  -18553, -0.62,  -21611, -1.45,    3058,  0.21
 177,-336.00,  -17448, -0.59,  -21003, -1.41,    3555,  0.24
 178,-335.00,  -16318, -0.55,  -20355, -1.37,    4037,  0.27
 179,-334.00,  -15088, -0.51,  -19661, -1.32,    4573,  0.31
 180,-333.00,  -13636, -0.46,  -18890, -1.27,    5254,  0.35
 181,-332.00,  -11993, -0.40,  -18076, -1.21,    6083,  0.41
 182,-331.00,  -10464, -0.35,  -17338, -1.16,    6874,  0.46
 183,-330.00,   -9387, -0.31,  -16745, -1.12,    7358,  0.49
 184,-329.00,   -8805, -0.30,  -16177, -1.09,    7372,  0.49
 185,-328.00,   -8293, -0.28,  -15295, -1.03,    7002,  0.47
 186,-327.00,   -7263, -0.24,  -13813, -0.93,    6550,  0.44
 187,-326.00,   -5555, -0.19,  -11816, -0.79,    6261,  0.42
 188,-325.00,   -3719, -0.12,   -9829, -0.66,    6110,  0.41
 189,-324.00,   -2589, -0.09,   -8445, -0.57,    5856,  0.39
 190,-323.00,   -2619, -0.09,   -7896, -0.53,    5277,  0.35
 191,-322.00,   -3575, -0.12,   -7884, -0.53,    4309,  0.29
 192,-321.00,   -4827, -0.16,   -7916, -0.53,    3089,  0.21
 193,-320.00,   -5884, -0.20,   -7709, -0.52,    1825,  0.12
 194,-319.00,   -6749, -0.23,   -7380, -0.50,     631,  0.04
 195,-318.00,   -7718, -0.26,   -7258, -0.49,    -460, -0.03
 196,-317.00,   -8972, -0.30,   -7590, -0.51,   -1382, -0.09
 197,-316.00,  -10456, -0.35,   -8358, -0.56,   -2098, -0.14
 198,-315.00,  -12074, -0.40,   -9421, -0.63,   -2653, -0.18
 199,-314.00,  -13757, -0.46,  -10610, -0.71,   -3147, -0.21
 200,-313.00,  -15451, -0.52,  -11724, -0.79,   -3727, -0.25
 201,-312.00,  -17016, -0.57,  -12544, -0.84,   -4472, -0.30
 202,-311.00,  -18243, -0.61,  -12909, -0.87,   -5334, -0.36
 203,-310.00,  -19048, -0.64,  -12784, -0.86,   -6264, -0.42
 204,-309.00,  -19670, -0.66,  -12362, -0.83,   -7308, -0.49
 205,-308.00,  -20472, -0.69,  -11925, -0.80,   -8547, -0.57
 206,-307.00,  -21579, -0.72,  -11581, -0.78,   -9998, -0.67
 207,-306.00,  -22659, -0.76,  -11145, -0.75,  -11514, -0.77
 208,-305.00,  -23180, -0.78,  -10348, -0.69,  -12832, -0.86
 209,-304.00,  -22780, -0.76,   -9038, -0.61,  -13742, -0.92
 210,-303.00,  -21559, -0.72,   -7347, -0.49,  -14212, -0.95
 211,-302.00,  -19985, -0.67,   -5606, -0.38,  -14379, -0.96
 212,-301.00,  -18484, -0.62,   -4056, -0.27,  -14428, -0.97
 213,-300.00,  -17122, -0.57,   -2618, -0.18,  -14504, -0.97
 214,-299.00,  -15757, -0.53,   -1071, -0.07,  -14686, -0.99
 215,-298.00,  -14276, -0.48,     750,  0.05,  -15026, -1.01
 216,-297.00,  -12710, -0.43,    2842,  0.19,  -15552, -1.04
 217,-296.00,  -11127, -0.37,    5083,  0.34,  -16210, -1.09
 218,-295.00,   -9485, -0.32,    7360,  0.49,  -16845, -1.13
 219,-294.00,   -7573, -0.25,    9680,  0.65,  -17253, -1.16
 220,-293.00,   -5247, -0.18,   12017,  0.81,  -17264, -1.16
 221,-292.00,   -2692, -0.09,   14189,  0.95,  -16881, -1.13
 222,-291.00,    -334, -0.01,   15942,  1.07,  -16276, -1.09
 223,-290.00,    1511,  0.05,   17152,  1.15,  -15641, -1.05
 224,-289.00,    2774,  0.09,   17885,  1.20,  -15111, -1.01
 225,-288.00,    3604,  0.12,   18325,  1.23,  -14721, -0.99
 226,-287.00,    4225,  0.14,   18600,  1.25,  -14375, -0.96
 227,-286.00,    4752,  0.16,   18716,  1.26,  -13964, -0.94
 228,-285.00,    5230,  0.18,   18625,  1.25,  -13395, -0.90
 229,-284.00,    5848,  0.20,   18398,  1.23,  -12550, -0.84
 230,-283.00,    6858,  0.23,   18210,  1.22,  -11352, -0.76
 231,-282.00,    8328,  0.28,   18154,  1.22,   -9826, -0.66
 232,-281.00,   10052,  0.34,   18113,  1.21,   -8061, -0.54
 233,-280.00,   11681,  0.39,   17883,  1.20,   -6202, -0.42
 234,-279.00,   12918,  0.43,   17285,  1.16,   -4367, -0.29
 235,-278.00,   13763,  0.46,   16303,  1.09,   -2540, -0.17
 236,-277.00,   14450,  0.48,   15072,  1.01,    -622, -0.04
 237,-276.00,   15158,  0.51,   13742,  0.92,    1416,  0.09
 238,-275.00,   15855,  0.53,   12387,  0.83,    3468,  0.23
 239,-274.00,   16455,  0.55,   11143,  0.75,    5312,  0.36
 240,-273.00,   16939,  0.57,   10188,  0.68,    6751,  0.45
 241,-272.00,   17379,  0.58,    9621,  0.65,    7758,  0.52
 242,-271.00,   17840,  0.60,    9333,  0.63,    8507,  0.57
 243,-270.00,   18281,  0.61,    9017,  0.60,    9264,  0.62
 244,-269.00,   18587,  0.62,    8312,  0.56,   10275,  0.69
 245,-268.00,   18830,  0.63,    7108,  0.48,   11722,  0.79
 246,-267.00,   19339,  0.65,    5642,  0.38,   13697,  0.92
 247,-266.00,   20443,  0.69,    4316,  0.29,   16127,  1.08
 248,-265.00,   22088,  0.74,    3391,  0.23,   18697,  1.25
 249,-264.00,   23783,  0.80,    2828,  0.19,   20955,  1.41
 250,-263.00,   24876,  0.83,    2372,  0.16,   22504,  1.51
 251,-262.00,   25061,  0.84,    1780,  0.12,   23281,  1.56
 252,-261.00,   24667,  0.83,    1023,  0.07,   23644,  1.59
 253,-260.00,   24429,  0.82,     296,  0.02,   24133,  1.62
 254,-259.00,   24848,  0.83,    -224, -0.02,   25072,  1.68
 255,-258.00,   25834,  0.87,    -550, -0.04,   26384,  1.77
 256,-257.00,   26821,  0.90,    -822, -0.06,   27643,  1.85
 257,-256.00,   27238,  0.91,   -1182, -0.08,   28420,  1.91
 258,-255.00,   26914,  0.90,   -1641, -0.11,   28555,  1.92
 259,-254.00,   26149,  0.88,   -2026, -0.14,   28175,  1.89
 260,-253.00,   25329,  0.85,   -2148, -0.14,   27477,  1.84
 261,-252.00,   24582,  0.82,   -1943, -0.13,   26525,  1.78
 262,-251.00,   23852,  0.80,   -1420, -0.10,   25272,  1.70
 263,-250.00,   23189,  0.78,    -595, -0.04,   23784,  1.60
 264,-249.00,   22775,  0.76,     480,  0.03,   22295,  1.50
 265,-248.00,   22806,  0.76,    1684,  0.11,   21122,  1.42
 266,-247.00,   23278,  0.78,    2789,  0.19,   20489,  1.37
 267,-246.00,   23850,  0.80,    3546,  0.24,   20304,  1.36
 268,-245.00,   24117,  0.81,    3849,  0.26,   20268,  1.36
 269,-244.00,   23944,  0.80,    3811,  0.26,   20133,  1.35
 270,-243.00,   23379,  0.78,    3643,  0.24,   19736,  1.32
 271,-242.00,   22462,  0.75,    3450,  0.23,   19012,  1.28
 272,-241.00,   21239,  0.71,    3221,  0.22,   18018,  1.21
 273,-240.00,   19742,  0.66,    2950,  0.20,   16792,  1.13
 274,-239.00,   18055,  0.61,    2675,  0.18,   15380,  1.03
 275,-238.00,   16355,  0.55,    2445,  0.16,   13910,  0.93
 276,-237.00,   14677,  0.49,    2234,  0.15,   12443,  0.83
 277,-236.00,   12877,  0.43,    1899,  0.13,   10978,  0.74
 278,-235.00,   10880,  0.36,    1346,  0.09,    9534,  0.64
 279,-234.00,    8775,  0.29,     647,  0.04,    8128,  0.55
 280,-233.00,    6778,  0.23,     -35, -0.00,    6813,  0.46
 281,-232.00,    5023,  0.17,    -631, -0.04,    5654,  0.38
 282,-231.00,    3337,  0.11,   -1242, -0.08,    4579,  0.31
 283,-230.00,    1426,  0.05,   -1984, -0.13,    3410,  0.23
 284,-229.00,    -748, -0.03,   -2750, -0.18,    2002,  0.13
 285,-228.00,   -2874, -0.10,   -3213, -0.22,     339,  0.02
 286,-227.00,   -4475, -0.15,   -3042, -0.20,   -1433, -0.10
 287,-226.00,   -5319, -0.18,   -2228, -0.15,   -3091, -0.21
 288,-225.00,   -5734, -0.19,   -1219, -0.08,   -4515, -0.30
 289,-224.00,   -6315, -0.21,    -623, -0.04,   -5692, -0.38
 290,-223.00,   -7404, -0.25,    -828, -0.06,   -6576, -0.44
 291,-222.00,   -8927, -0.30,   -1851, -0.12,   -7076, -0.47
 292,-221.00,  -10607, -0.36,   -3442, -0.23,   -7165, -0.48
 293,-220.00,  -12292, -0.41,   -5324, -0.36,   -6968, -0.47
 294,-219.00,  -14081, -0.47,   -7327, -0.49,   -6754, -0.45
 295,-218.00,  -16074, -0.54,   -9301, -0.62,   -6773, -0.45
 296,-217.00,  -18004, -0.60,  -10999, -0.74,   -7005, -0.47
 297,-216.00,  -19397, -0.65,  -12193, -0.82,   -7204, -0.48
 298,-215.00,  -20072, -0.67,  -12871, -0.86,   -7201, -0.48
 299,-214.00,  -20282, -0.68,  -13291, -0.89,   -6991, -0.47
 300,-213.00,  -20439, -0.69,  -13783, -0.92,   -6656, -0.45
 301,-212.00,  -20733, -0.70,  -14465, -0.97,   -6268, -0.42
 302,-211.00,  -20872, -0.70,  -15147, -1.02,   -5725, -0.38
 303,-210.00,  -20437, -0.69,  -15579, -1.04,   -4858, -0.33
 304,-209.00,  -19480, -0.65,  -15732, -1.06,   -3748, -0.25
 305,-208.00,  -18547, -0.62,  -15886, -1.07,   -2661, -0.18
 306,-207.00,  -18207, -0.61,  -16363, -1.10,   -1844, -0.12
 307,-206.00,  -18568, -0.62,  -17192, -1.15,   -1376, -0.09
 308,-205.00,  -19160, -0.64,  -18083, -1.21,   -1077, -0.07
 309,-204.00,  -19351, -0.65,  -18720, -1.26,    -631, -0.04
 310,-203.00,  -18872, -0.63,  -18980, -1.27,     108,  0.00
 311,-202.00,  -17943, -0.60,  -19039, -1.28,    1096,  0.07
 312,-201.00,  -16973, -0.57,  -19169, -1.29,    2196,  0.15
 313,-200.00,  -16170, -0.54,  -19439, -1.30,    3269,  0.22
 314,-199.00,  -15532, -0.52,  -19738, -1.32,    4206,  0.28
 315,-198.00,  -15069, -0.51,  -20002, -1.34,    4933,  0.33
 316,-197.00,  -14850, -0.50,  -20244, -1.36,    5394,  0.36
 317,-196.00,  -14916, -0.50,  -20528, -1.38,    5612,  0.38
 318,-195.00,  -15154, -0.51,  -20880, -1.40,    5726,  0.38
 319,-194.00,  -15311, -0.51,  -21204, -1.42,    5893,  0.40
 320,-193.00,  -15272, -0.51,  -21415, -1.44,    6143,  0.41
 321,-192.00,  -15281, -0.51,  -21626, -1.45,    6345,  0.43
 322,-191.00,  -15680, -0.53,  -22030, -1.48,    6350,  0.43
 323,-190.00,  -16517, -0.55,  -22663, -1.52,    6146,  0.41
 324,-189.00,  -17409, -0.58,  -23311, -1.56,    5902,  0.40
 325,-188.00,  -17819, -0.60,  -23664, -1.59,    5845,  0.39
 326,-187.00,  -17490, -0.59,  -23597, -1.58,    6107,  0.41
 327,-186.00,  -16700, -0.56,  -23357, -1.57,    6657,  0.45
 328,-185.00,  -15990, -0.54,  -23373, -1.57,    7383,  0.50
 329,-184.00,  -15664, -0.53,  -23871, -1.60,    8207,  0.55
 330,-183.00,  -15528, -0.52,  -24630, -1.65,    9102,  0.61
 331,-182.00,  -15159, -0.51,  -25187, -1.69,   10028,  0.67
 332,-181.00,  -14319, -0.48,  -25217, -1.69,   10898,  0.73
 333,-180.00,  -13169, -0.44,  -24740, -1.66,   11571,  0.78
 334,-179.00,  -12096, -0.41,  -24028, -1.61,   11932,  0.80
 335,-178.00,  -11391, -0.38,  -23357, -1.57,   11966,  0.80
 336,-177.00,  -11072, -0.37,  -22809, -1.53,   11737,  0.79
 337,-176.00,  -11133, -0.37,  -22394, -1.50,   11261,  0.76
 338,-175.00,  -11797, -0.40,  -22234, -1.49,   10437,  0.70
 339,-174.00,  -13353, -0.45,  -22471, -1.51,    9118,  0.61
 340,-173.00,  -15769, -0.53,  -23033, -1.54,    7264,  0.49
 341,-172.00,  -18500, -0.62,  -23567, -1.58,    5067,  0.34
 342,-171.00,  -20698, -0.69,  -23595, -1.58,    2897,  0.19
 343,-170.00,  -21797, -0.73,  -22886, -1.54,    1089,  0.07
 344,-169.00,  -21898, -0.73,  -21655, -1.45,    -243, -0.02
 345,-168.00,  -21576, -0.72,  -20395, -1.37,   -1181, -0.08
 346,-167.00,  -21378, -0.72,  -19514, -1.31,   -1864, -0.13
 347,-166.00,  -21528, -0.72,  -19126, -1.28,   -2402, -0.16
 348,-165.00,  -22000, -0.74,  -19111, -1.28,   -2889, -0.19
 349,-164.00,  -22782, -0.76,  -19333, -1.30,   -3449, -0.23
 350,-163.00,  -23889, -0.80,  -19690, -1.32,   -4199, -0.28
 351,-162.00,  -25214, -0.85,  -20086, -1.35,   -5128, -0.34
 352,-161.00,  -26394, -0.89,  -20358, -1.37,   -6036, -0.40
 353,-160.00,  -26870, -0.90,  -20273, -1.36,   -6597, -0.44
 354,-159.00,  -26253, -0.88,  -19671, -1.32,   -6582, -0.44
 355,-158.00,  -24607, -0.83,  -18610, -1.25,   -5997, -0.40
 356,-157.00,  -22282, -0.75,  -17270, -1.16,   -5012, -0.34
 357,-156.00,  -19740, -0.66,  -15882, -1.07,   -3858, -0.26
 358,-155.00,  -17437, -0.58,  -14675, -0.98,   -2762, -0.19
 359,-154.00,  -15720, -0.53,  -13845, -0.93,   -1875, -0.13
 360,-153.00,  -14885, -0.50,  -13563, -0.91,   -1322, -0.09
 361,-152.00,  -15132, -0.51,  -13951, -0.94,   -1181, -0.08
 362,-151.00,  -16245, -0.54,  -14898, -1.00,   -1347, -0.09
 363,-150.00,  -17572, -0.59,  -16014, -1.07,   -1558, -0.10
 364,-149.00,  -18374, -0.62,  -16780, -1.13,   -1594, -0.11
 365,-148.00,  -18176, -0.61,  -16796, -1.13,   -1380, -0.09
 366,-147.00,  -17035, -0.57,  -15999, -1.07,   -1036, -0.07
 367,-146.00,  -15401, -0.52,  -14645, -0.98,    -756, -0.05
 368,-145.00,  -13684, -0.46,  -13085, -0.88,    -599, -0.04
 369,-144.00,  -11962, -0.40,  -11577, -0.78,    -385, -0.03
 370,-143.00,  -10179, -0.34,  -10268, -0.69,      89,  0.00
 371,-142.00,   -8445, -0.28,   -9319, -0.63,     874,  0.06
 372,-141.00,   -7128, -0.24,   -8946, -0.60,    1818,  0.12
 373,-140.00,   -6586, -0.22,   -9239, -0.62,    2653,  0.18
 374,-139.00,   -6855, -0.23,  -10005, -0.67,    3150,  0.21
 375,-138.00,   -7553, -0.25,  -10827, -0.73,    3274,  0.22
 376,-137.00,   -8219, -0.28,  -11304, -0.76,    3085,  0.21
 377,-136.00,   -8697, -0.29,  -11351, -0.76,    2654,  0.18
 378,-135.00,   -9130, -0.31,  -11207, -0.75,    2077,  0.14
 379,-134.00,   -9571, -0.32,  -11126, -0.75,    1555,  0.10
 380,-133.00,   -9758, -0.33,  -11130, -0.75,    1372,  0.09
 381,-132.00,   -9326, -0.31,  -11054, -0.74,    1728,  0.12
 382,-131.00,   -8241, -0.28,  -10738, -0.72,    2497,  0.17
 383,-130.00,   -7045, -0.24,  -10247, -0.69,    3202,  0.21
 384,-129.00,   -6534, -0.22,   -9802, -0.66,    3268,  0.22
 385,-128.00,   -7123, -0.24,   -9561, -0.64,    2438,  0.16
 386,-127.00,   -8480, -0.28,   -9498, -0.64,    1018,  0.07
 387,-126.00,   -9870, -0.33,   -9524, -0.64,    -346, -0.02
 388,-125.00,  -10760, -0.36,   -9675, -0.65,   -1085, -0.07
 389,-124.00,  -11178, -0.37,  -10160, -0.68,   -1018, -0.07
 390,-123.00,  -11517, -0.39,  -11119, -0.75,    -398, -0.03
 391,-122.00,  -12221, -0.41,  -12451, -0.84,     230,  0.02
 392,-121.00,  -13436, -0.45,  -13790, -0.92,     354,  0.02
 393,-120.00,  -15016, -0.50,  -14745, -0.99,    -271, -0.02
 394,-119.00,  -16756, -0.56,  -15178, -1.02,   -1578, -0.11
 395,-118.00,  -18464, -0.62,  -15261, -1.02,   -3203, -0.21
 396,-117.00,  -19848, -0.67,  -15252, -1.02,   -4596, -0.31
 397,-116.00,  -20678, -0.69,  -15333, -1.03,   -5345, -0.36
 398,-115.00,  -20876, -0.70,  -15509, -1.04,   -5367, -0.36
 399,-114.00,  -20517, -0.69,  -15690, -1.05,   -4827, -0.32
 400,-113.00,  -19862, -0.67,  -15789, -1.06,   -4073, -0.27
 401,-112.00,  -19183, -0.64,  -15725, -1.05,   -3458, -0.23
 402,-111.00,  -18535, -0.62,  -15407, -1.03,   -3128, -0.21
 403,-110.00,  -17896, -0.60,  -14813, -0.99,   -3083, -0.21
 404,-109.00,  -17398, -0.58,  -14034, -0.94,   -3364, -0.23
 405,-108.00,  -17333, -0.58,  -13307, -0.89,   -4026, -0.27
 406,-107.00,  -17979, -0.60,  -12865, -0.86,   -5114, -0.34
 407,-106.00,  -19267, -0.65,  -12718, -0.85,   -6549, -0.44
 408,-105.00,  -20639, -0.69,  -12653, -0.85,   -7986, -0.54
 409,-104.00,  -21432, -0.72,  -12487, -0.84,   -8945, -0.60
 410,-103.00,  -21427, -0.72,  -12278, -0.82,   -9149, -0.61
 411,-102.00,  -20986, -0.70,  -12364, -0.83,   -8622, -0.58
 412,-101.00,  -20710, -0.69,  -13118, -0.88,   -7592, -0.51
 413,-100.00,  -20829, -0.70,  -14576, -0.98,   -6253, -0.42
 414,-99.00,  -21051, -0.71,  -16387, -1.10,   -4664, -0.31
 415,-98.00,  -21038, -0.71,  -18108, -1.21,   -2930, -0.20
 416,-97.00,  -20855, -0.70,  -19476, -1.31,   -1379, -0.09
 417,-96.00,  -20956, -0.70,  -20496, -1.37,    -460, -0.03
 418,-95.00,  -21794, -0.73,  -21330, -1.43,    -464, -0.03
 419,-94.00,  -23257, -0.78,  -22065, -1.48,   -1192, -0.08
 420,-93.00,  -24719, -0.83,  -22669, -1.52,   -2050, -0.14
 421,-92.00,  -25550, -0.86,  -23063, -1.55,   -2487, -0.17
 422,-91.00,  -25536, -0.86,  -23186, -1.56,   -2350, -0.16
 423,-90.00,  -24881, -0.83,  -22958, -1.54,   -1923, -0.13
 424,-89.00,  -23993, -0.80,  -22290, -1.50,   -1703, -0.11
 425,-88.00,  -23157, -0.78,  -21171, -1.42,   -1986, -0.13
 426,-87.00,  -22449, -0.75,  -19779, -1.33,   -2670, -0.18
 427,-86.00,  -21807, -0.73,  -18405, -1.23,   -3402, -0.23
 428,-85.00,  -21188, -0.71,  -17342, -1.16,   -3846, -0.26
 429,-84.00,  -20563, -0.69,  -16685, -1.12,   -3878, -0.26
 430,-83.00,  -19933, -0.67,  -16287, -1.09,   -3646, -0.24
 431,-82.00,  -19442, -0.65,  -15964, -1.07,   -3478, -0.23
 432,-81.00,  -19335, -0.65,  -15671, -1.05,   -3664, -0.25
 433,-80.00,  -19633, -0.66,  -15379, -1.03,   -4254, -0.29
 434,-79.00,  -19952, -0.67,  -14966, -1.00,   -4986, -0.33
 435,-78.00,  -19567, -0.66,  -14151, -0.95,   -5416, -0.36
 436,-77.00,  -17844, -0.60,  -12649, -0.85,   -5195, -0.35
 437,-76.00,  -14805, -0.50,  -10444, -0.70,   -4361, -0.29
 438,-75.00,  -11281, -0.38,   -7932, -0.53,   -3349, -0.22
 439,-74.00,   -8245, -0.28,   -5603, -0.38,   -2642, -0.18
 440,-73.00,   -6060, -0.20,   -3673, -0.25,   -2387, -0.16
 441,-72.00,   -4412, -0.15,   -2010, -0.13,   -2402, -0.16
 442,-71.00,   -2797, -0.09,    -341, -0.02,   -2456, -0.16
 443,-70.00,   -1058, -0.04,    1463,  0.10,   -2521, -0.17
 444,-69.00,     369,  0.01,    3219,  0.22,   -2850, -0.19
 445,-68.00,     989,  0.03,    4677,  0.31,   -3688, -0.25
 446,-67.00,     874,  0.03,    5794,  0.39,   -4920, -0.33
 447,-66.00,     623,  0.02,    6745,  0.45,   -6122, -0.41
 448,-65.00,     847,  0.03,    7736,  0.52,   -6889, -0.46
 449,-64.00,    1768,  0.06,    8818,  0.59,   -7050, -0.47
 450,-63.00,    3030,  0.10,    9868,  0.66,   -6838, -0.46
 451,-62.00,    4038,  0.14,   10766,  0.72,   -6728, -0.45
 452,-61.00,    4447,  0.15,   11527,  0.77,   -7080, -0.47
 453,-60.00,    4308,  0.14,   12230,  0.82,   -7922, -0.53
 454,-59.00,    3838,  0.13,   12858,  0.86,   -9020, -0.61
 455,-58.00,    3227,  0.11,   13230,  0.89,  -10003, -0.67
 456,-57.00,    2532,  0.08,   13186,  0.88,  -10654, -0.71
 457,-56.00,    1840,  0.06,   12781,  0.86,  -10941, -0.73
 458,-55.00,    1310,  0.04,   12265,  0.82,  -10955, -0.73
 459,-54.00,    1051,  0.04,   11874,  0.80,  -10823, -0.73
 460,-53.00,     889,  0.03,   11624,  0.78,  -10735, -0.72
 461,-52.00,     368,  0.01,   11349,  0.76,  -10981, -0.74
 462,-51.00,    -941, -0.03,   10951,  0.73,  -11892, -0.80
 463,-50.00,   -2982, -0.10,   10536,  0.71,  -13518, -0.91
 464,-49.00,   -5219, -0.18,   10266,  0.69,  -15485, -1.04
 465,-48.00,   -7077, -0.24,   10124,  0.68,  -17201, -1.15
 466,-47.00,   -8362, -0.28,    9868,  0.66,  -18230, -1.22
 467,-46.00,   -9293, -0.31,    9263,  0.62,  -18556, -1.24
 468,-45.00,  -10211, -0.34,    8330,  0.56,  -18541, -1.24
 469,-44.00,  -11242, -0.38,    7349,  0.49,  -18591, -1.25
 470,-43.00,  -12361, -0.41,    6567,  0.44,  -18928, -1.27
 471,-42.00,  -13764, -0.46,    5971,  0.40,  -19735, -1.32
 472,-41.00,  -15899, -0.53,    5329,  0.36,  -21228, -1.42
 473,-40.00,  -18936, -0.64,    4495,  0.30,  -23431, -1.57
 474,-39.00,  -22366, -0.75,    3576,  0.24,  -25942, -1.74
 475,-38.00,  -25112, -0.84,    2816,  0.19,  -27928, -1.87
 476,-37.00,  -26174, -0.88,    2309,  0.15,  -28483, -1.91
 477,-36.00,  -25415, -0.85,    1892,  0.13,  -27307, -1.83
 478,-35.00,  -23684, -0.79,    1289,  0.09,  -24973, -1.68
 479,-34.00,  -22073, -0.74,     460,  0.03,  -22533, -1.51
 480,-33.00,  -21210, -0.71,    -300, -0.02,  -20910, -1.40
 481,-32.00,  -21042, -0.71,    -622, -0.04,  -20420, -1.37
 482,-31.00,  -21124, -0.71,    -427, -0.03,  -20697, -1.39
 483,-30.00,  -21034, -0.71,     -15, -0.00,  -21019, -1.41
 484,-29.00,  -20626, -0.69,     136,  0.00,  -20762, -1.39
 485,-28.00,  -19919, -0.67,    -227, -0.02,  -19692, -1.32
 486,-27.00,  -18965, -0.64,    -965, -0.06,  -18000, -1.21
 487,-26.00,  -17878, -0.60,   -1774, -0.12,  -16104, -1.08
 488,-25.00,  -16868, -0.57,   -2517, -0.17,  -14351, -0.96
 489,-24.00,  -16126, -0.54,   -3339, -0.22,  -12787, -0.86
 490,-23.00,  -15759, -0.53,   -4516, -0.30,  -11243, -0.75
 491,-22.00,  -15728, -0.53,   -6167, -0.41,   -9561, -0.64
 492,-21.00,  -15883, -0.53,   -8167, -0.55,   -7716, -0.52
 493,-20.00,  -16091, -0.54,  -10293, -0.69,   -5798, -0.39
 494,-19.00,  -16307, -0.55,  -12385, -0.83,   -3922, -0.26
 495,-18.00,  -16547, -0.55,  -14440, -0.97,   -2107, -0.14
 496,-17.00,  -16821, -0.56,  -16517, -1.11,    -304, -0.02
 497,-16.00,  -17041, -0.57,  -18590, -1.25,    1549,  0.10
 498,-15.00,  -17098, -0.57,  -20575, -1.38,    3477,  0.23
 499,-14.00,  -16908, -0.57,  -22388, -1.50,    5480,  0.37
 500,-13.00,  -16436, -0.55,  -23945, -1.61,    7509,  0.50
 501,-12.00,  -15794, -0.53,  -25249, -1.69,    9455,  0.63
 502,-11.00,  -15184, -0.51,  -26369, -1.77,   11185,  0.75
 503,-10.00,  -14742, -0.49,  -27374, -1.84,   12632,  0.85
 504,-9.00,  -14567, -0.49,  -28356, -1.90,   13789,  0.92
 505,-8.00,  -14655, -0.49,  -29408, -1.97,   14753,  0.99
 506,-7.00,  -14845, -0.50,  -30518, -2.05,   15673,  1.05
 507,-6.00,  -14958, -0.50,  -31580, -2.12,   16622,  1.11
 508,-5.00,  -14932, -0.50,  -32458, -2.18,   17526,  1.18
 509,-4.00,  -14840, -0.50,  -33061, -2.22,   18221,  1.22
 510,-3.00,  -14944, -0.50,  -33468, -2.24,   18524,  1.24
 511,-2.00,  -15538, -0.52,  -33929, -2.28,   18391,  1.23
 512,-1.00,  -16675, -0.56,  -34666, -2.33,   17991,  1.21
 513,0.00,  -18051, -0.61,  -35671, -2.39,   17620,  1.18
 514,1.00,  -19201, -0.64,  -36708, -2.46,   17507,  1.17
 515,2.00,  -19770, -0.66,  -37475, -2.51,   17705,  1.19
 516,3.00,  -19775, -0.66,  -37846, -2.54,   18071,  1.21
 517,4.00,  -19564, -0.66,  -37916, -2.54,   18352,  1.23
 518,5.00,  -19543, -0.66,  -37863, -2.54,   18320,  1.23
 519,6.00,  -19905, -0.67,  -37758, -2.53,   17853,  1.20
 520,7.00,  -20662, -0.69,  -37575, -2.52,   16913,  1.13
 521,8.00,  -21717, -0.73,  -37293, -2.50,   15576,  1.04
 522,9.00,  -22978, -0.77,  -37011, -2.48,   14033,  0.94
 523,10.00,  -24261, -0.81,  -36827, -2.47,   12566,  0.84
 524,11.00,  -25279, -0.85,  -36732, -2.46,   11453,  0.77
 525,12.00,  -25824, -0.87,  -36574, -2.45,   10750,  0.72
 526,13.00,  -26011, -0.87,  -36217, -2.43,   10206,  0.68
 527,14.00,  -26236, -0.88,  -35645, -2.39,    9409,  0.63
 528,15.00,  -26916, -0.90,  -35012, -2.35,    8096,  0.54
 529,16.00,  -28115, -0.94,  -34483, -2.31,    6368,  0.43
 530,17.00,  -29457, -0.99,  -34150, -2.29,    4693,  0.31
 531,18.00,  -30491, -1.02,  -34029, -2.28,    3538,  0.24
 532,19.00,  -31138, -1.04,  -34166, -2.29,    3028,  0.20
 533,20.00,  -31699, -1.06,  -34598, -2.32,    2899,  0.19
 534,21.00,  -32561, -1.09,  -35267, -2.37,    2706,  0.18
 535,22.00,  -33876, -1.14,  -35984, -2.41,    2108,  0.14
 536,23.00,  -35408, -1.19,  -36502, -2.45,    1094,  0.07
 537,24.00,  -36770, -1.23,  -36652, -2.46,    -118, -0.00
 538,25.00,  -37861, -1.27,  -36497, -2.45,   -1364, -0.09
 539,26.00,  -38824, -1.30,  -36183, -2.43,   -2641, -0.18
 540,27.00,  -39792, -1.33,  -35722, -2.40,   -4070, -0.27
 541,28.00,  -40777, -1.37,  -34960, -2.34,   -5817, -0.39
 542,29.00,  -41583, -1.39,  -33687, -2.26,   -7896, -0.53
 543,30.00,  -41955, -1.41,  -31829, -2.13,  -10126, -0.68
 544,31.00,  -41839, -1.40,  -29579, -1.98,  -12260, -0.82
 545,32.00,  -41279, -1.38,  -27266, -1.83,  -14013, -0.94
 546,33.00,  -40253, -1.35,  -25112, -1.68,  -15141, -1.02
 547,34.00,  -38779, -1.30,  -23172, -1.55,  -15607, -1.05
 548,35.00,  -36997, -1.24,  -21380, -1.43,  -15617, -1.05
 549,36.00,  -35190, -1.18,  -19670, -1.32,  -15520, -1.04
 550,37.00,  -33616, -1.13,  -17998, -1.21,  -15618, -1.05
 551,38.00,  -32257, -1.08,  -16313, -1.09,  -15944, -1.07
 552,39.00,  -30750, -1.03,  -14521, -0.97,  -16229, -1.09
 553,40.00,  -28708, -0.96,  -12587, -0.84,  -16121, -1.08
 554,41.00,  -26050, -0.87,  -10634, -0.71,  -15416, -1.03
 555,42.00,  -23162, -0.78,   -8959, -0.60,  -14203, -0.95
 556,43.00,  -20605, -0.69,   -7839, -0.53,  -12766, -0.86
 557,44.00,  -18769, -0.63,   -7344, -0.49,  -11425, -0.77
 558,45.00,  -17666, -0.59,   -7275, -0.49,  -10391, -0.70
 559,46.00,  -16985, -0.57,   -7289, -0.49,   -9696, -0.65
 560,47.00,  -16276, -0.55,   -7083, -0.48,   -9193, -0.62
 561,48.00,  -15242, -0.51,   -6515, -0.44,   -8727, -0.59
 562,49.00,  -13779, -0.46,   -5583, -0.37,   -8196, -0.55
 563,50.00,  -12000, -0.40,   -4380, -0.29,   -7620, -0.51
 564,51.00,  -10200, -0.34,   -3042, -0.20,   -7158, -0.48
 565,52.00,   -8717, -0.29,   -1738, -0.12,   -6979, -0.47
 566,53.00,   -7745, -0.26,    -608, -0.04,   -7137, -0.48
 567,54.00,   -7215, -0.24,     334,  0.02,   -7549, -0.51
 568,55.00,   -6763, -0.23,    1222,  0.08,   -7985, -0.54
 569,56.00,   -5936, -0.20,    2239,  0.15,   -8175, -0.55
 570,57.00,   -4472, -0.15,    3490,  0.23,   -7962, -0.53
 571,58.00,   -2457, -0.08,    4899,  0.33,   -7356, -0.49
 572,59.00,    -253, -0.00,    6264,  0.42,   -6517, -0.44
 573,60.00,    1806,  0.06,    7447,  0.50,   -5641, -0.38
 574,61.00,    3670,  0.12,    8491,  0.57,   -4821, -0.32
 575,62.00,    5590,  0.19,    9573,  0.64,   -3983, -0.27
 576,63.00,    7903,  0.27,   10855,  0.73,   -2952, -0.20
 577,64.00,   10806,  0.36,   12364,  0.83,   -1558, -0.10
 578,65.00,   14215,  0.48,   13958,  0.94,     257,  0.02
 579,66.00,   17924,  0.60,   15483,  1.04,    2441,  0.16
 580,67.00,   21766,  0.73,   16897,  1.13,    4869,  0.33
 581,68.00,   25634,  0.86,   18241,  1.22,    7393,  0.50
 582,69.00,   29414,  0.99,   19581,  1.31,    9833,  0.66
 583,70.00,   32987,  1.11,   20975,  1.41,   12012,  0.81
 584,71.00,   36320,  1.22,   22458,  1.51,   13862,  0.93
 585,72.00,   39658,  1.33,   24113,  1.62,   15545,  1.04
 586,73.00,   43380,  1.45,   26003,  1.74,   17377,  1.17
 587,74.00,   47630,  1.60,   28000,  1.88,   19630,  1.32
 588,75.00,   52095,  1.75,   29778,  2.00,   22317,  1.50
 589,76.00,   56136,  1.88,   30961,  2.08,   25175,  1.69
 590,77.00,   59244,  1.99,   31352,  2.10,   27892,  1.87
 591,78.00,   61463,  2.06,   31109,  2.09,   30354,  2.04
 592,79.00,   63189,  2.12,   30593,  2.05,   32596,  2.19
 593,80.00,   64753,  2.17,   30081,  2.02,   34672,  2.33
 594,81.00,   66199,  2.22,   29646,  1.99,   36553,  2.45
 595,82.00,   67370,  2.26,   29211,  1.96,   38159,  2.56
 596,83.00,   68246,  2.29,   28752,  1.93,   39494,  2.65
 597,84.00,   69112,  2.32,   28403,  1.91,   40709,  2.73
 598,85.00,   70213,  2.35,   28296,  1.90,   41917,  2.81
 599,86.00,   71483,  2.40,   28427,  1.91,   43056,  2.89
 600,87.00,   72652,  2.44,   28692,  1.92,   43960,  2.95
 601,88.00,   73478,  2.46,   29026,  1.95,   44452,  2.98
 602,89.00,   73941,  2.48,   29510,  1.98,   44431,  2.98
 603,90.00,   74215,  2.49,   30283,  2.03,   43932,  2.95
 604,91.00,   74298,  2.49,   31332,  2.10,   42966,  2.88
 605,92.00,   73903,  2.48,   32449,  2.18,   41454,  2.78
 606,93.00,   72745,  2.44,   33415,  2.24,   39330,  2.64
 607,94.00,   70851,  2.38,   34249,  2.30,   36602,  2.46
 608,95.00,   68574,  2.30,   35189,  2.36,   33385,  2.24
 609,96.00,   66349,  2.23,   36409,  2.44,   29940,  2.01
 610,97.00,   64367,  2.16,   37790,  2.53,   26577,  1.78
 611,98.00,   62452,  2.09,   38884,  2.61,   23568,  1.58
 612,99.00,   60325,  2.02,   39200,  2.63,   21125,  1.42
 613,100.00,   57914,  1.94,   38571,  2.59,   19343,  1.30
 614,101.00,   55337,  1.86,   37212,  2.50,   18125,  1.22
 615,102.00,   52677,  1.77,   35484,  2.38,   17193,  1.15
 616,103.00,   49914,  1.67,   33728,  2.26,   16186,  1.09
 617,104.00,   47017,  1.58,   32150,  2.16,   14867,  1.00
 618,105.00,   44153,  1.48,   30905,  2.07,   13248,  0.89
 619,106.00,   41738,  1.40,   30176,  2.02,   11562,  0.78
 620,107.00,   40069,  1.34,   30023,  2.01,   10046,  0.67
 621,108.00,   38929,  1.31,   30203,  2.03,    8726,  0.59
 622,109.00,   37617,  1.26,   30252,  2.03,    7365,  0.49
 623,110.00,   35528,  1.19,   29785,  2.00,    5743,  0.39
 624,111.00,   32682,  1.10,   28816,  1.93,    3866,  0.26
 625,112.00,   29752,  1.00,   27722,  1.86,    2030,  0.14
 626,113.00,   27536,  0.92,   26873,  1.80,     663,  0.04
 627,114.00,   26294,  0.88,   26285,  1.76,       9,  0.00
 628,115.00,   25506,  0.86,   25599,  1.72,     -93, -0.00
 629,116.00,   24422,  0.82,   24454,  1.64,     -32, -0.00
 630,117.00,   22696,  0.76,   22870,  1.53,    -174, -0.01
 631,118.00,   20574,  0.69,   21192,  1.42,    -618, -0.04
 632,119.00,   18553,  0.62,   19743,  1.32,   -1190, -0.08
 633,120.00,   16908,  0.57,   18537,  1.24,   -1629, -0.11
 634,121.00,   15402,  0.52,   17237,  1.16,   -1835, -0.12
 635,122.00,   13604,  0.46,   15492,  1.04,   -1888, -0.13
 636,123.00,   11308,  0.38,   13258,  0.89,   -1950, -0.13
 637,124.00,    8645,  0.29,   10748,  0.72,   -2103, -0.14
 638,125.00,    5837,  0.20,    8191,  0.55,   -2354, -0.16
 639,126.00,    2955,  0.10,    5617,  0.38,   -2662, -0.18
 640,127.00,    -104, -0.00,    2882,  0.19,   -2986, -0.20
 641,128.00,   -3348, -0.11,     -42, -0.00,   -3306, -0.22
 642,129.00,   -6493, -0.22,   -2891, -0.19,   -3602, -0.24
 643,130.00,   -9040, -0.30,   -5231, -0.35,   -3809, -0.26
 644,131.00,  -10600, -0.36,   -6705, -0.45,   -3895, -0.26
 645,132.00,  -11191, -0.38,   -7272, -0.49,   -3919, -0.26
 646,133.00,  -11190, -0.38,   -7168, -0.48,   -4022, -0.27
 647,134.00,  -11028, -0.37,   -6674, -0.45,   -4354, -0.29
 648,135.00,  -10964, -0.37,   -5994, -0.40,   -4970, -0.33
 649,136.00,  -10957, -0.37,   -5255, -0.35,   -5702, -0.38
 650,137.00,  -10757, -0.36,   -4536, -0.30,   -6221, -0.42
 651,138.00,  -10165, -0.34,   -3907, -0.26,   -6258, -0.42
 652,139.00,   -9116, -0.31,   -3349, -0.22,   -5767, -0.39
 653,140.00,   -7627, -0.26,   -2731, -0.18,   -4896, -0.33
 654,141.00,   -5779, -0.19,   -1920, -0.13,   -3859, -0.26
 655,142.00,   -3704, -0.12,    -934, -0.06,   -2770, -0.19
 656,143.00,   -1515, -0.05,      52,  0.00,   -1567, -0.11
 657,144.00,     676,  0.02,     819,  0.05,    -143, -0.00
 658,145.00,    2811,  0.09,    1284,  0.09,    1527,  0.10
 659,146.00,    4950,  0.17,    1541,  0.10,    3409,  0.23
 660,147.00,    7181,  0.24,    1764,  0.12,    5417,  0.36
 661,148.00,    9410,  0.32,    2033,  0.14,    7377,  0.49
 662,149.00,   11401,  0.38,    2306,  0.15,    9095,  0.61
 663,150.00,   12976,  0.44,    2526,  0.17,   10450,  0.70
 664,151.00,   14194,  0.48,    2725,  0.18,   11469,  0.77
 665,152.00,   15423,  0.52,    3015,  0.20,   12408,  0.83
 666,153.00,   17146,  0.58,    3497,  0.23,   13649,  0.92
 667,154.00,   19577,  0.66,    4151,  0.28,   15426,  1.03
 668,155.00,   22562,  0.76,    4862,  0.33,   17700,  1.19
 669,156.00,   25727,  0.86,    5531,  0.37,   20196,  1.35
 670,157.00,   28652,  0.96,    6141,  0.41,   22511,  1.51
 671,158.00,   31003,  1.04,    6691,  0.45,   24312,  1.63
 672,159.00,   32644,  1.09,    7144,  0.48,   25500,  1.71
 673,160.00,   33643,  1.13,    7441,  0.50,   26202,  1.76
 674,161.00,   34303,  1.15,    7598,  0.51,   26705,  1.79
 675,162.00,   35018,  1.17,    7742,  0.52,   27276,  1.83
 676,163.00,   35992,  1.21,    8009,  0.54,   27983,  1.88
 677,164.00,   37007,  1.24,    8342,  0.56,   28665,  1.92
 678,165.00,   37593,  1.26,    8491,  0.57,   29102,  1.95
 679,166.00,   37433,  1.26,    8187,  0.55,   29246,  1.96
 680,167.00,   36678,  1.23,    7382,  0.50,   29296,  1.96
 681,168.00,   35779,  1.20,    6271,  0.42,   29508,  1.98
 682,169.00,   35037,  1.18,    5112,  0.34,   29925,  2.01
 683,170.00,   34290,  1.15,    3979,  0.27,   30311,  2.03
 684,171.00,   33042,  1.11,    2755,  0.18,   30287,  2.03
 685,172.00,   30914,  1.04,    1287,  0.09,   29627,  1.99
 686,173.00,   27950,  0.94,    -439, -0.03,   28389,  1.90
 687,174.00,   24426,  0.82,   -2320, -0.16,   26746,  1.79
 688,175.00,   20500,  0.69,   -4279, -0.29,   24779,  1.66
 689,176.00,   16137,  0.54,   -6335, -0.42,   22472,  1.51
 690,177.00,   11275,  0.38,   -8543, -0.57,   19818,  1.33
 691,178.00,    6130,  0.21,  -10834, -0.73,   16964,  1.14
 692,179.00,    1189,  0.04,  -13014, -0.87,   14203,  0.95
 693,180.00,   -3221, -0.11,  -14974, -1.00,   11753,  0.79
 694,181.00,   -7254, -0.24,  -16839, -1.13,    9585,  0.64
 695,182.00,  -11432, -0.38,  -18933, -1.27,    7501,  0.50
 696,183.00,  -16244, -0.54,  -21554, -1.45,    5310,  0.36
 697,184.00,  -21663, -0.73,  -24666, -1.65,    3003,  0.20
 698,185.00,  -27161, -0.91,  -27923, -1.87,     762,  0.05
 699,186.00,  -32247, -1.08,  -30991, -2.08,   -1256, -0.08
 700,187.00,  -36821, -1.23,  -33748, -2.26,   -3073, -0.21
 701,188.00,  -41179, -1.38,  -36305, -2.44,   -4874, -0.33
 702,189.00,  -45676, -1.53,  -38839, -2.61,   -6837, -0.46
 703,190.00,  -50416, -1.69,  -41373, -2.78,   -9043, -0.61
 704,191.00,  -55196, -1.85,  -43801, -2.94,  -11395, -0.76
 705,192.00,  -59795, -2.01,  -46074, -3.09,  -13721, -0.92
 706,193.00,  -64083, -2.15,  -48232, -3.24,  -15851, -1.06
 707,194.00,  -67976, -2.28,  -50319, -3.38,  -17657, -1.18
 708,195.00,  -71472, -2.40,  -52353, -3.51,  -19119, -1.28
 709,196.00,  -74781, -2.51,  -54358, -3.65,  -20423, -1.37
 710,197.00,  -78239, -2.62,  -56417, -3.78,  -21822, -1.46
 711,198.00,  -82142, -2.75,  -58655, -3.93,  -23487, -1.58
 712,199.00,  -86448, -2.90,  -61097, -4.10,  -25351, -1.70
 713,200.00,  -90571, -3.04,  -63481, -4.26,  -27090, -1.82
 714,201.00,  -93785, -3.15,  -65403, -4.39,  -28382, -1.90
 715,202.00,  -95833, -3.21,  -66657, -4.47,  -29176, -1.96
 716,203.00,  -97163, -3.26,  -67447, -4.52,  -29716, -1.99
 717,204.00,  -98656, -3.31,  -68296, -4.58,  -30360, -2.04
 718,205.00, -101016, -3.39,  -69682, -4.67,  -31334, -2.10
 719,206.00, -104192, -3.49,  -71596, -4.80,  -32596, -2.19
 720,207.00, -107506, -3.61,  -73543, -4.93,  -33963, -2.28
 721,208.00, -110295, -3.70,  -74919, -5.03,  -35376, -2.37
 722,209.00, -112462, -3.77,  -75460, -5.06,  -37002, -2.48
 723,210.00, -114452, -3.84,  -75385, -5.06,  -39067, -2.62
 724,211.00, -116790, -3.92,  -75165, -5.04,  -41625, -2.79
 725,212.00, -119569, -4.01,  -75152, -5.04,  -44417, -2.98
 726,213.00, -122395, -4.10,  -75434, -5.06,  -46961, -3.15
 727,214.00, -124774, -4.18,  -75873, -5.09,  -48901, -3.28
 728,215.00, -126522, -4.24,  -76272, -5.12,  -50250, -3.37
 729,216.00, -127747, -4.28,  -76449, -5.13,  -51298, -3.44
 730,217.00, -128560, -4.31,  -76189, -5.11,  -52371, -3.51
 731,218.00, -128965, -4.33,  -75328, -5.05,  -53637, -3.60
 732,219.00, -128945, -4.32,  -73950, -4.96,  -54995, -3.69
 733,220.00, -128628, -4.31,  -72414, -4.86,  -56214, -3.77
 734,221.00, -128337, -4.30,  -71204, -4.78,  -57133, -3.83
 735,222.00, -128396, -4.31,  -70662, -4.74,  -57734, -3.87
 736,223.00, -128888, -4.32,  -70774, -4.75,  -58114, -3.90
 737,224.00, -129690, -4.35,  -71246, -4.78,  -58444, -3.92
 738,225.00, -130647, -4.38,  -71761, -4.81,  -58886, -3.95
 739,226.00, -131707, -4.42,  -72155, -4.84,  -59552, -3.99
 740,227.00, -132874, -4.46,  -72398, -4.86,  -60476, -4.06
 741,228.00, -134100, -4.50,  -72501, -4.86,  -61599, -4.13
 742,229.00, -135262, -4.54,  -72512, -4.86,  -62750, -4.21
 743,230.00, -136213, -4.57,  -72531, -4.86,  -63682, -4.27
 744,231.00, -136908, -4.59,  -72719, -4.88,  -64189, -4.31
 745,232.00, -137461, -4.61,  -73220, -4.91,  -64241, -4.31
 746,233.00, -137969, -4.63,  -74013, -4.96,  -63956, -4.29
 747,234.00, -138404, -4.64,  -74865, -5.02,  -63539, -4.26
 748,235.00, -138630, -4.65,  -75484, -5.06,  -63146, -4.24
 749,236.00, -138451, -4.64,  -75680, -5.08,  -62771, -4.21
 750,237.00, -137692, -4.62,  -75411, -5.06,  -62281, -4.18
 751,238.00, -136189, -4.57,  -74728, -5.01,  -61461, -4.12
 752,239.00, -133813, -4.49,  -73719, -4.94,  -60094, -4.03
 753,240.00, -130603, -4.38,  -72493, -4.86,  -58110, -3.90
 754,241.00, -126868, -4.25,  -71224, -4.78,  -55644, -3.73
 755,242.00, -123178, -4.13,  -70131, -4.70,  -53047, -3.56
 756,243.00, -120109, -4.03,  -69337, -4.65,  -50772, -3.41
 757,244.00, -117776, -3.95,  -68716, -4.61,  -49060, -3.29
 758,245.00, -115783, -3.88,  -67961, -4.56,  -47822, -3.21
 759,246.00, -113546, -3.81,  -66817, -4.48,  -46729, -3.13
 760,247.00, -110623, -3.71,  -65244, -4.38,  -45379, -3.04
 761,248.00, -106994, -3.59,  -63427, -4.25,  -43567, -2.92
 762,249.00, -103029, -3.46,  -61640, -4.13,  -41389, -2.78
 763,250.00,  -99049, -3.32,  -59984, -4.02,  -39065, -2.62
 764,251.00,  -95196, -3.19,  -58385, -3.92,  -36811, -2.47
 765,252.00,  -91550, -3.07,  -56797, -3.81,  -34753, -2.33
 766,253.00,  -88167, -2.96,  -55295, -3.71,  -32872, -2.20
 767,254.00,  -85085, -2.85,  -54028, -3.62,  -31057, -2.08
 768,255.00,  -82290, -2.76,  -53106, -3.56,  -29184, -1.96
 769,256.00,  -79592, -2.67,  -52401, -3.51,  -27191, -1.82
 770,257.00,  -76801, -2.58,  -51650, -3.46,  -25151, -1.69
 771,258.00,  -74020, -2.48,  -50694, -3.40,  -23326, -1.56
 772,259.00,  -71662, -2.40,  -49633, -3.33,  -22029, -1.48
 773,260.00,  -70056, -2.35,  -48718, -3.27,  -21338, -1.43
 774,261.00,  -69094, -2.32,  -48118, -3.23,  -20976, -1.41
 775,262.00,  -68144, -2.29,  -47687, -3.20,  -20457, -1.37
 776,263.00,  -66409, -2.23,  -47062, -3.16,  -19347, -1.30
 777,264.00,  -63545, -2.13,  -45934, -3.08,  -17611, -1.18
 778,265.00,  -59959, -2.01,  -44296, -2.97,  -15663, -1.05
 779,266.00,  -56386, -1.89,  -42366, -2.84,  -14020, -0.94
 780,267.00,  -53339, -1.79,  -40352, -2.71,  -12987, -0.87
 781,268.00,  -50810, -1.70,  -38278, -2.57,  -12532, -0.84
 782,269.00,  -48352, -1.62,  -36043, -2.42,  -12309, -0.83
 783,270.00,  -45522, -1.53,  -33616, -2.25,  -11906, -0.80
 784,271.00,  -42225, -1.42,  -31113, -2.09,  -11112, -0.75
 785,272.00,  -38569, -1.29,  -28623, -1.92,   -9946, -0.67
 786,273.00,  -34682, -1.16,  -26085, -1.75,   -8597, -0.58
 787,274.00,  -30682, -1.03,  -23351, -1.57,   -7331, -0.49
 788,275.00,  -26744, -0.90,  -20414, -1.37,   -6330, -0.42
 789,276.00,  -23199, -0.78,  -17587, -1.18,   -5612, -0.38
 790,277.00,  -20389, -0.68,  -15315, -1.03,   -5074, -0.34
 791,278.00,  -18345, -0.62,  -13810, -0.93,   -4535, -0.30
 792,279.00,  -16761, -0.56,  -12933, -0.87,   -3828, -0.26
 793,280.00,  -15234, -0.51,  -12305, -0.83,   -2929, -0.20
 794,281.00,  -13588, -0.46,  -11603, -0.78,   -1985, -0.13
 795,282.00,  -11973, -0.40,  -10761, -0.72,   -1212, -0.08
 796,283.00,  -10582, -0.35,   -9844, -0.66,    -738, -0.05
 797,284.00,   -9302, -0.31,   -8872, -0.60,    -430, -0.03
 798,285.00,   -7766, -0.26,   -7826, -0.52,      60,  0.00
 799,286.00,   -5676, -0.19,   -6703, -0.45,    1027,  0.07
 800,287.00,   -3104, -0.10,   -5589, -0.37,    2485,  0.17
 801,288.00,    -470, -0.02,   -4626, -0.31,    4156,  0.28
 802,289.00,    1828,  0.06,   -3859, -0.26,    5687,  0.38
 803,290.00,    3738,  0.13,   -3203, -0.21,    6941,  0.47
 804,291.00,    5545,  0.19,   -2540, -0.17,    8085,  0.54
 805,292.00,    7511,  0.25,   -1821, -0.12,    9332,  0.63
 806,293.00,    9628,  0.32,   -1101, -0.07,   10729,  0.72
 807,294.00,   11669,  0.39,    -464, -0.03,   12133,  0.81
 808,295.00,   13430,  0.45,     104,  0.00,   13326,  0.89
 809,296.00,   14893,  0.50,     641,  0.04,   14252,  0.96
 810,297.00,   16173,  0.54,    1080,  0.07,   15093,  1.01
 811,298.00,   17296,  0.58,    1245,  0.08,   16051,  1.08
 812,299.00,   18177,  0.61,     945,  0.06,   17232,  1.16
 813,300.00,   18827,  0.63,     218,  0.01,   18609,  1.25
 814,301.00,   19469,  0.65,    -542, -0.04,   20011,  1.34
 815,302.00,   20376,  0.68,    -870, -0.06,   21246,  1.43
 816,303.00,   21603,  0.72,    -582, -0.04,   22185,  1.49
 817,304.00,   22886,  0.77,     115,  0.00,   22771,  1.53
 818,305.00,   23896,  0.80,     795,  0.05,   23101,  1.55
 819,306.00,   24582,  0.82,    1174,  0.08,   23408,  1.57
 820,307.00,   25240,  0.85,    1347,  0.09,   23893,  1.60
 821,308.00,   26222,  0.88,    1603,  0.11,   24619,  1.65
 822,309.00,   27589,  0.93,    2162,  0.15,   25427,  1.71
 823,310.00,   29125,  0.98,    3076,  0.21,   26049,  1.75
 824,311.00,   30600,  1.03,    4278,  0.29,   26322,  1.77
 825,312.00,   31987,  1.07,    5707,  0.38,   26280,  1.76
 826,313.00,   33385,  1.12,    7312,  0.49,   26073,  1.75
 827,314.00,   34836,  1.17,    8993,  0.60,   25843,  1.73
 828,315.00,   36223,  1.21,   10605,  0.71,   25618,  1.72
 829,316.00,   37398,  1.25,   12055,  0.81,   25343,  1.70
 830,317.00,   38433,  1.29,   13398,  0.90,   25035,  1.68
 831,318.00,   39619,  1.33,   14749,  0.99,   24870,  1.67
 832,319.00,   41159,  1.38,   16055,  1.08,   25104,  1.68
 833,320.00,   42976,  1.44,   17036,  1.14,   25940,  1.74
 834,321.00,   44750,  1.50,   17393,  1.17,   27357,  1.83
 835,322.00,   46133,  1.55,   17110,  1.15,   29023,  1.95
 836,323.00,   47095,  1.58,   16652,  1.12,   30443,  2.04
 837,324.00,   47894,  1.61,   16718,  1.12,   31176,  2.09
 838,325.00,   48703,  1.63,   17711,  1.19,   30992,  2.08
 839,326.00,   49415,  1.66,   19440,  1.30,   29975,  2.01
 840,327.00,   49787,  1.67,   21289,  1.43,   28498,  1.91
 841,328.00,   49669,  1.67,   22628,  1.52,   27041,  1.81
 842,329.00,   49220,  1.65,   23216,  1.56,   26004,  1.74
 843,330.00,   48776,  1.64,   23250,  1.56,   25526,  1.71
 844,331.00,   48519,  1.63,   23063,  1.55,   25456,  1.71
 845,332.00,   48402,  1.62,   22890,  1.54,   25512,  1.71
 846,333.00,   48343,  1.62,   22869,  1.53,   25474,  1.71
 847,334.00,   48353,  1.62,   23059,  1.55,   25294,  1.70
 848,335.00,   48525,  1.63,   23476,  1.57,   25049,  1.68
 849,336.00,   48856,  1.64,   24056,  1.61,   24800,  1.66
 850,337.00,   49168,  1.65,   24603,  1.65,   24565,  1.65
 851,338.00,   49265,  1.65,   24907,  1.67,   24358,  1.63
 852,339.00,   49131,  1.65,   24946,  1.67,   24185,  1.62
 853,340.00,   48940,  1.64,   24898,  1.67,   24042,  1.61
 854,341.00,   48840,  1.64,   25001,  1.68,   23839,  1.60
 855,342.00,   48763,  1.64,   25349,  1.70,   23414,  1.57
 856,343.00,   48488,  1.63,   25811,  1.73,   22677,  1.52
 857,344.00,   47928,  1.61,   26164,  1.75,   21764,  1.46
 858,345.00,   47301,  1.59,   26311,  1.76,   20990,  1.41
 859,346.00,   46982,  1.58,   26310,  1.76,   20672,  1.39
 860,347.00,   47176,  1.58,   26292,  1.76,   20884,  1.40
 861,348.00,   47712,  1.60,   26342,  1.77,   21370,  1.43
 862,349.00,   48262,  1.62,   26504,  1.78,   21758,  1.46
 863,350.00,   48767,  1.64,   26872,  1.80,   21895,  1.47
 864,351.00,   49557,  1.66,   27629,  1.85,   21928,  1.47
 865,352.00,   51037,  1.71,   28876,  1.94,   22161,  1.49
 866,353.00,   53210,  1.78,   30434,  2.04,   22776,  1.53
 867,354.00,   55534,  1.86,   31889,  2.14,   23645,  1.59
 868,355.00,   57308,  1.92,   32832,  2.20,   24476,  1.64
 869,356.00,   58159,  1.95,   33107,  2.22,   25052,  1.68
 870,357.00,   58212,  1.95,   32894,  2.21,   25318,  1.70
 871,358.00,   57837,  1.94,   32484,  2.18,   25353,  1.70
 872,359.00,   57216,  1.92,   31978,  2.14,   25238,  1.69
 873,360.00,   56297,  1.89,   31320,  2.10,   24977,  1.68
 874,361.00,   55016,  1.85,   30438,  2.04,   24578,  1.65
 875,362.00,   53452,  1.79,   29336,  1.97,   24116,  1.62
 876,363.00,   51802,  1.74,   28098,  1.88,   23704,  1.59
 877,364.00,   50254,  1.69,   26762,  1.80,   23492,  1.58
 878,365.00,   48782,  1.64,   25227,  1.69,   23555,  1.58
 879,366.00,   47268,  1.59,   23429,  1.57,   23839,  1.60
 880,367.00,   45704,  1.53,   21475,  1.44,   24229,  1.63
 881,368.00,   44231,  1.48,   19623,  1.32,   24608,  1.65
 882,369.00,   43022,  1.44,   18128,  1.22,   24894,  1.67
 883,370.00,   42223,  1.42,   17074,  1.15,   25149,  1.69
 884,371.00,   41885,  1.40,   16378,  1.10,   25507,  1.71
 885,372.00,   42055,  1.41,   15986,  1.07,   26069,  1.75
 886,373.00,   42840,  1.44,   15991,  1.07,   26849,  1.80
 887,374.00,   44275,  1.48,   16545,  1.11,   27730,  1.86
 888,375.00,   46086,  1.55,   17655,  1.18,   28431,  1.91
 889,376.00,   47731,  1.60,   19051,  1.28,   28680,  1.92
 890,377.00,   48654,  1.63,   20316,  1.36,   28338,  1.90
 891,378.00,   48668,  1.63,   21185,  1.42,   27483,  1.84
 892,379.00,   48121,  1.61,   21677,  1.45,   26444,  1.77
 893,380.00,   47565,  1.60,   21957,  1.47,   25608,  1.72
 894,381.00,   47275,  1.59,   22120,  1.48,   25155,  1.69
 895,382.00,   47099,  1.58,   22102,  1.48,   24997,  1.68
 896,383.00,   46693,  1.57,   21818,  1.46,   24875,  1.67
 897,384.00,   45944,  1.54,   21353,  1.43,   24591,  1.65
 898,385.00,   45150,  1.51,   20973,  1.41,   24177,  1.62
 899,386.00,   44648,  1.50,   20861,  1.40,   23787,  1.60
 900,387.00,   44434,  1.49,   20911,  1.40,   23523,  1.58
 901,388.00,   44165,  1.48,   20796,  1.39,   23369,  1.57
 902,389.00,   43482,  1.46,   20226,  1.36,   23256,  1.56
 903,390.00,   42347,  1.42,   19172,  1.29,   23175,  1.55
 904,391.00,   41114,  1.38,   17901,  1.20,   23213,  1.56
 905,392.00,   40115,  1.35,   16719,  1.12,   23396,  1.57
 906,393.00,   39330,  1.32,   15716,  1.05,   23614,  1.58
 907,394.00,   38540,  1.29,   14812,  0.99,   23728,  1.59
 908,395.00,   37596,  1.26,   13921,  0.93,   23675,  1.59
 909,396.00,   36529,  1.23,   13044,  0.87,   23485,  1.58
 910,397.00,   35443,  1.19,   12236,  0.82,   23207,  1.56
 911,398.00,   34206,  1.15,   11477,  0.77,   22729,  1.52
 912,399.00,   32401,  1.09,   10598,  0.71,   21803,  1.46
 913,400.00,   29796,  1.00,    9481,  0.64,   20315,  1.36
 914,401.00,   26657,  0.89,    8210,  0.55,   18447,  1.24
 915,402.00,   23601,  0.79,    6964,  0.47,   16637,  1.12
 916,403.00,   21212,  0.71,    5836,  0.39,   15376,  1.03
 917,404.00,   19675,  0.66,    4729,  0.32,   14946,  1.00
 918,405.00,   18732,  0.63,    3406,  0.23,   15326,  1.03
 919,406.00,   18055,  0.61,    1771,  0.12,   16284,  1.09
 920,407.00,   17474,  0.59,     -28, -0.00,   17502,  1.17
 921,408.00,   16881,  0.57,   -1771, -0.12,   18652,  1.25
 922,409.00,   16105,  0.54,   -3358, -0.23,   19463,  1.31
 923,410.00,   14998,  0.50,   -4839, -0.32,   19837,  1.33
 924,411.00,   13552,  0.45,   -6319, -0.42,   19871,  1.33
 925,412.00,   12018,  0.40,   -7769, -0.52,   19787,  1.33
 926,413.00,   10754,  0.36,   -9038, -0.61,   19792,  1.33
 927,414.00,    9909,  0.33,  -10021, -0.67,   19930,  1.34
 928,415.00,    9318,  0.31,  -10777, -0.72,   20095,  1.35
 929,416.00,    8733,  0.29,  -11455, -0.77,   20188,  1.35
 930,417.00,    8005,  0.27,  -12165, -0.82,   20170,  1.35
 931,418.00,    7151,  0.24,  -12890, -0.86,   20041,  1.34
 932,419.00,    6149,  0.21,  -13584, -0.91,   19733,  1.32
 933,420.00,    4806,  0.16,  -14282, -0.96,   19088,  1.28
 934,421.00,    2947,  0.10,  -15082, -1.01,   18029,  1.21
 935,422.00,     748,  0.03,  -15978, -1.07,   16726,  1.12
 936,423.00,   -1247, -0.04,  -16784, -1.13,   15537,  1.04
 937,424.00,   -2432, -0.08,  -17249, -1.16,   14817,  0.99
 938,425.00,   -2638, -0.09,  -17291, -1.16,   14653,  0.98
 939,426.00,   -2297, -0.08,  -17078, -1.15,   14781,  0.99
 940,427.00,   -2049, -0.07,  -16861, -1.13,   14812,  0.99
 941,428.00,   -2200, -0.07,  -16710, -1.12,   14510,  0.97
 942,429.00,   -2606, -0.09,  -16480, -1.11,   13874,  0.93
 943,430.00,   -2942, -0.10,  -16052, -1.08,   13110,  0.88
 944,431.00,   -3076, -0.10,  -15567, -1.04,   12491,  0.84
 945,432.00,   -3189, -0.11,  -15378, -1.03,   12189,  0.82
 946,433.00,   -3465, -0.12,  -15728, -1.05,   12263,  0.82
 947,434.00,   -3711, -0.12,  -16429, -1.10,   12718,  0.85
 948,435.00,   -3457, -0.12,  -16917, -1.13,   13460,  0.90
 949,436.00,   -2321, -0.08,  -16663, -1.12,   14342,  0.96
 950,437.00,    -366, -0.01,  -15585, -1.05,   15219,  1.02
 951,438.00,    1864,  0.06,  -14108, -0.95,   15972,  1.07
 952,439.00,    3705,  0.12,  -12836, -0.86,   16541,  1.11
 953,440.00,    4836,  0.16,  -12133, -0.81,   16969,  1.14
 954,441.00,    5353,  0.18,  -11948, -0.80,   17301,  1.16
 955,442.00,    5608,  0.19,  -11966, -0.80,   17574,  1.18
 956,443.00,    5927,  0.20,  -11918, -0.80,   17845,  1.20
 957,444.00,    6534,  0.22,  -11712, -0.79,   18246,  1.22
 958,445.00,    7605,  0.26,  -11331, -0.76,   18936,  1.27
 959,446.00,    9276,  0.31,  -10757, -0.72,   20033,  1.34
 960,447.00,   11450,  0.38,  -10003, -0.67,   21453,  1.44
 961,448.00,   13725,  0.46,   -9192, -0.62,   22917,  1.54
 962,449.00,   15484,  0.52,   -8584, -0.58,   24068,  1.61
 963,450.00,   16333,  0.55,   -8363, -0.56,   24696,  1.66
 964,451.00,   16469,  0.55,   -8366, -0.56,   24835,  1.67
 965,452.00,   16603,  0.56,   -8126, -0.55,   24729,  1.66
 966,453.00,   17459,  0.59,   -7188, -0.48,   24647,  1.65
 967,454.00,   19298,  0.65,   -5452, -0.37,   24750,  1.66
 968,455.00,   21740,  0.73,   -3285, -0.22,   25025,  1.68
 969,456.00,   24090,  0.81,   -1287, -0.09,   25377,  1.70
 970,457.00,   25797,  0.87,      87,  0.00,   25710,  1.72
 971,458.00,   26644,  0.89,     733,  0.05,   25911,  1.74
 972,459.00,   26709,  0.90,     864,  0.06,   25845,  1.73
 973,460.00,   26232,  0.88,     826,  0.06,   25406,  1.70
 974,461.00,   25505,  0.86,     921,  0.06,   24584,  1.65
 975,462.00,   24801,  0.83,    1289,  0.09,   23512,  1.58
 976,463.00,   24207,  0.81,    1807,  0.12,   22400,  1.50
 977,464.00,   23523,  0.79,    2181,  0.15,   21342,  1.43
 978,465.00,   22430,  0.75,    2131,  0.14,   20299,  1.36
 979,466.00,   20805,  0.70,    1610,  0.11,   19195,  1.29
 980,467.00,   18916,  0.63,     902,  0.06,   18014,  1.21
 981,468.00,   17272,  0.58,     484,  0.03,   16788,  1.13
 982,469.00,   16141,  0.54,     623,  0.04,   15518,  1.04
 983,470.00,   15305,  0.51,    1210,  0.08,   14095,  0.95
 984,471.00,   14264,  0.48,    1838,  0.12,   12426,  0.83
 985,472.00,   12672,  0.42,    2135,  0.14,   10537,  0.71
 986,473.00,   10642,  0.36,    2062,  0.14,    8580,  0.58
 987,474.00,    8661,  0.29,    1944,  0.13,    6717,  0.45
 988,475.00,    7164,  0.24,    2160,  0.14,    5004,  0.34
 989,476.00,    6253,  0.21,    2888,  0.19,    3365,  0.23
 990,477.00,    5670,  0.19,    3997,  0.27,    1673,  0.11
 991,478.00,    5039,  0.17,    5207,  0.35,    -168, -0.01
 992,479.00,    4144,  0.14,    6306,  0.42,   -2162, -0.15
 993,480.00,    3036,  0.10,    7209,  0.48,   -4173, -0.28
 994,481.00,    1921,  0.06,    7869,  0.53,   -5948, -0.40
 995,482.00,    1041,  0.03,    8252,  0.55,   -7211, -0.48
 996,483.00,     522,  0.02,    8323,  0.56,   -7801, -0.52
 997,484.00,     322,  0.01,    8120,  0.54,   -7798, -0.52
 998,485.00,     293,  0.00,    7803,  0.52,   -7510, -0.50
 999,486.00,     169,  0.00,    7512,  0.50,   -7343, -0.49
1000,487.00,    -323, -0.01,    7273,  0.49,   -7596, -0.51
1001,488.00,   -1269, -0.04,    7083,  0.48,   -8352, -0.56
1002,489.00,   -2506, -0.08,    6970,  0.47,   -9476, -0.64
1003,490.00,   -3651, -0.12,    7056,  0.47,  -10707, -0.72
1004,491.00,   -4285, -0.14,    7520,  0.50,  -11805, -0.79
1005,492.00,   -4279, -0.14,    8381,  0.56,  -12660, -0.85
1006,493.00,   -3815, -0.13,    9432,  0.63,  -13247, -0.89
1007,494.00,   -3192, -0.11,   10411,  0.70,  -13603, -0.91
1008,495.00,   -2605, -0.09,   11141,  0.75,  -13746, -0.92
1009,496.00,   -2029, -0.07,   11601,  0.78,  -13630, -0.91
1010,497.00,   -1403, -0.05,   11844,  0.79,  -13247, -0.89
1011,498.00,    -840, -0.03,   11850,  0.79,  -12690, -0.85
1012,499.00,    -567, -0.02,   11525,  0.77,  -12092, -0.81
1013,500.00,    -739, -0.02,   10864,  0.73,  -11603, -0.78
1014,501.00,   -1232, -0.04,   10031,  0.67,  -11263, -0.76
1015,502.00,   -1783, -0.06,    9217,  0.62,  -11000, -0.74
1016,503.00,   -2305, -0.08,    8452,  0.57,  -10757, -0.72
1017,504.00,   -3153, -0.11,    7341,  0.49,  -10494, -0.70
1018,505.00,   -4564, -0.15,    5667,  0.38,  -10231, -0.69
1019,506.00,   -6540, -0.22,    3487,  0.23,  -10027, -0.67
1020,507.00,   -8121, -0.27,    1789,  0.12,   -9910, -0.66
1021,508.00,   -8931, -0.30,     931,  0.06,   -9862, -0.66
1022,509.00,   -8121, -0.27,    1789,  0.12,   -9910, -0.66
1023,510.00,   -8121, -0.27,    1789,  0.12,   -9910, -0.66
1024,511.00,   -8121, -0.27,    1789,  0.12,   -9910, -0.66
