-----------------------------------------------------------------------------------
Identifier:,IHS5922-20187G02
File Name:,BSRP70A.6
Ear:,R
Channel:,1
Intensity:,70 dB HL
Stim. Rate:,  1.10/s
Stim. Mode:,0
Sweeps:,61
Artifacts:,1
Smp. Period:,1000.00 us
Amp. Gain:, 50.00 K
Low Pass:, 30.00 Hz
High Pass:,  1.00 Hz
Notch Filter:,TRUE
Stimulus:,100
Stim. Freq.:,1000 Hz
Stim. Dur.:,2000 pnts
Masking:,0 dB SPL
Stim. Point:,513
-----------------------------------------------------------------------------------
Peak Information:,Label,Peak(+),Peak(+)(ms),Peak(-),Peak(-)(ms)
,21, 893,380.00, 951,438.00,
-----------------------------------------------------------------------------------


Data Pnt:,Data Pnt(ms):,Average:,Average(uV):,Buffer1:,Buffer1(uV):,Buffer2:,Buffer2(uV):
   1,-512.00,       0,  0.00,       0,  0.00,       0,  0.00
   2,-511.00,       0,  0.00,       0,  0.00,       0,  0.00
   3,-510.00,       0,  0.00,       0,  0.00,       0,  0.00
   4,-509.00,       0,  0.00,       0,  0.00,       0,  0.00
   5,-508.00,       0,  0.00,       0,  0.00,       0,  0.00
   6,-507.00,       0,  0.00,       0,  0.00,       0,  0.00
   7,-506.00,       0,  0.00,       0,  0.00,       0,  0.00
   8,-505.00,       0,  0.00,       0,  0.00,       0,  0.00
   9,-504.00,       0,  0.00,       0,  0.00,       0,  0.00
  10,-503.00,       0,  0.00,       0,  0.00,       0,  0.00
  11,-502.00,       0,  0.00,       0,  0.00,       0,  0.00
  12,-501.00,       0,  0.00,       0,  0.00,       0,  0.00
  13,-500.00,       0,  0.00,       0,  0.00,       0,  0.00
  14,-499.00,       0,  0.00,       0,  0.00,       0,  0.00
  15,-498.00,       0,  0.00,       0,  0.00,       0,  0.00
  16,-497.00,       0,  0.00,       0,  0.00,       0,  0.00
  17,-496.00,       0,  0.00,       0,  0.00,       0,  0.00
  18,-495.00,       0,  0.00,       0,  0.00,       0,  0.00
  19,-494.00,       0,  0.00,       0,  0.00,       0,  0.00
  20,-493.00,       0,  0.00,       0,  0.00,       0,  0.00
  21,-492.00,       0,  0.00,       0,  0.00,       0,  0.00
  22,-491.00,       0,  0.00,       0,  0.00,       0,  0.00
  23,-490.00,       0,  0.00,       0,  0.00,       0,  0.00
  24,-489.00,       0,  0.00,       0,  0.00,       0,  0.00
  25,-488.00,       0,  0.00,       0,  0.00,       0,  0.00
  26,-487.00,       0,  0.00,       0,  0.00,       0,  0.00
  27,-486.00,       0,  0.00,       0,  0.00,       0,  0.00
  28,-485.00,       0,  0.00,       0,  0.00,       0,  0.00
  29,-484.00,       0,  0.00,       0,  0.00,       0,  0.00
  30,-483.00,       0,  0.00,       0,  0.00,       0,  0.00
  31,-482.00,       0,  0.00,       0,  0.00,       0,  0.00
  32,-481.00,       0,  0.00,       0,  0.00,       0,  0.00
  33,-480.00,       0,  0.00,       0,  0.00,       0,  0.00
  34,-479.00,       0,  0.00,       0,  0.00,       0,  0.00
  35,-478.00,       0,  0.00,       0,  0.00,       0,  0.00
  36,-477.00,       0,  0.00,       0,  0.00,       0,  0.00
  37,-476.00,       0,  0.00,       0,  0.00,       0,  0.00
  38,-475.00,       0,  0.00,       0,  0.00,       0,  0.00
  39,-474.00,       0,  0.00,       0,  0.00,       0,  0.00
  40,-473.00,       0,  0.00,       0,  0.00,       0,  0.00
  41,-472.00,       0,  0.00,       0,  0.00,       0,  0.00
  42,-471.00,       0,  0.00,       0,  0.00,       0,  0.00
  43,-470.00,       0,  0.00,       0,  0.00,       0,  0.00
  44,-469.00,       0,  0.00,       0,  0.00,       0,  0.00
  45,-468.00,       0,  0.00,       0,  0.00,       0,  0.00
  46,-467.00,       0,  0.00,       0,  0.00,       0,  0.00
  47,-466.00,       0,  0.00,       0,  0.00,       0,  0.00
  48,-465.00,       0,  0.00,       0,  0.00,       0,  0.00
  49,-464.00,       0,  0.00,       0,  0.00,       0,  0.00
  50,-463.00,       0,  0.00,       0,  0.00,       0,  0.00
  51,-462.00,       0,  0.00,       0,  0.00,       0,  0.00
  52,-461.00,       0,  0.00,       0,  0.00,       0,  0.00
  53,-460.00,       0,  0.00,       0,  0.00,       0,  0.00
  54,-459.00,       0,  0.00,       0,  0.00,       0,  0.00
  55,-458.00,       0,  0.00,       0,  0.00,       0,  0.00
  56,-457.00,       0,  0.00,       0,  0.00,       0,  0.00
  57,-456.00,       0,  0.00,       0,  0.00,       0,  0.00
  58,-455.00,       0,  0.00,       0,  0.00,       0,  0.00
  59,-454.00,       0,  0.00,       0,  0.00,       0,  0.00
  60,-453.00,       0,  0.00,       0,  0.00,       0,  0.00
  61,-452.00,       0,  0.00,       0,  0.00,       0,  0.00
  62,-451.00,       0,  0.00,       0,  0.00,       0,  0.00
  63,-450.00,       0,  0.00,       0,  0.00,       0,  0.00
  64,-449.00,       0,  0.00,       0,  0.00,       0,  0.00
  65,-448.00,       0,  0.00,       0,  0.00,       0,  0.00
  66,-447.00,       0,  0.00,       0,  0.00,       0,  0.00
  67,-446.00,       0,  0.00,       0,  0.00,       0,  0.00
  68,-445.00,       0,  0.00,       0,  0.00,       0,  0.00
  69,-444.00,       0,  0.00,       0,  0.00,       0,  0.00
  70,-443.00,       0,  0.00,       0,  0.00,       0,  0.00
  71,-442.00,       0,  0.00,       0,  0.00,       0,  0.00
  72,-441.00,       0,  0.00,       0,  0.00,       0,  0.00
  73,-440.00,       0,  0.00,       0,  0.00,       0,  0.00
  74,-439.00,       0,  0.00,       0,  0.00,       0,  0.00
  75,-438.00,       0,  0.00,       0,  0.00,       0,  0.00
  76,-437.00,       0,  0.00,       0,  0.00,       0,  0.00
  77,-436.00,       0,  0.00,       0,  0.00,       0,  0.00
  78,-435.00,       0,  0.00,       0,  0.00,       0,  0.00
  79,-434.00,       0,  0.00,       0,  0.00,       0,  0.00
  80,-433.00,       0,  0.00,       0,  0.00,       0,  0.00
  81,-432.00,       0,  0.00,       0,  0.00,       0,  0.00
  82,-431.00,       0,  0.00,       0,  0.00,       0,  0.00
  83,-430.00,       0,  0.00,       0,  0.00,       0,  0.00
  84,-429.00,       0,  0.00,       0,  0.00,       0,  0.00
  85,-428.00,       0,  0.00,       0,  0.00,       0,  0.00
  86,-427.00,       0,  0.00,       0,  0.00,       0,  0.00
  87,-426.00,       0,  0.00,       0,  0.00,       0,  0.00
  88,-425.00,       0,  0.00,       0,  0.00,       0,  0.00
  89,-424.00,       0,  0.00,       0,  0.00,       0,  0.00
  90,-423.00,       0,  0.00,       0,  0.00,       0,  0.00
  91,-422.00,       0,  0.00,       0,  0.00,       0,  0.00
  92,-421.00,       0,  0.00,       0,  0.00,       0,  0.00
  93,-420.00,       0,  0.00,       0,  0.00,       0,  0.00
  94,-419.00,       0,  0.00,       0,  0.00,       0,  0.00
  95,-418.00,       0,  0.00,       0,  0.00,       0,  0.00
  96,-417.00,       0,  0.00,       0,  0.00,       0,  0.00
  97,-416.00,       0,  0.00,       0,  0.00,       0,  0.00
  98,-415.00,       0,  0.00,       0,  0.00,       0,  0.00
  99,-414.00,       0,  0.00,       0,  0.00,       0,  0.00
 100,-413.00,       0,  0.00,       0,  0.00,       0,  0.00
 101,-412.00,       0,  0.00,       0,  0.00,       0,  0.00
 102,-411.00,       0,  0.00,       0,  0.00,       0,  0.00
 103,-410.00,       0,  0.00,       0,  0.00,       0,  0.00
 104,-409.00,       0,  0.00,       0,  0.00,       0,  0.00
 105,-408.00,       0,  0.00,       0,  0.00,       0,  0.00
 106,-407.00,       0,  0.00,       0,  0.00,       0,  0.00
 107,-406.00,       0,  0.00,       0,  0.00,       0,  0.00
 108,-405.00,       0,  0.00,       0,  0.00,       0,  0.00
 109,-404.00,       0,  0.00,       0,  0.00,       0,  0.00
 110,-403.00,       0,  0.00,       0,  0.00,       0,  0.00
 111,-402.00,       0,  0.00,       0,  0.00,       0,  0.00
 112,-401.00,       0,  0.00,       0,  0.00,       0,  0.00
 113,-400.00,       0,  0.00,       0,  0.00,       0,  0.00
 114,-399.00,       0,  0.00,       0,  0.00,       0,  0.00
 115,-398.00,       0,  0.00,       0,  0.00,       0,  0.00
 116,-397.00,  -11783, -1.18,   -5662, -1.15,   -6121, -1.25
 117,-396.00,  -12551, -1.26,   -5659, -1.15,   -6892, -1.40
 118,-395.00,  -13341, -1.33,   -5678, -1.16,   -7663, -1.56
 119,-394.00,  -14319, -1.43,   -5615, -1.14,   -8704, -1.77
 120,-393.00,  -14493, -1.45,   -4950, -1.01,   -9543, -1.94
 121,-392.00,  -14335, -1.43,   -3821, -0.78,  -10514, -2.14
 122,-391.00,  -14025, -1.40,   -2874, -0.58,  -11151, -2.27
 123,-390.00,  -13332, -1.33,   -2105, -0.43,  -11227, -2.28
 124,-389.00,  -12804, -1.28,   -1275, -0.26,  -11529, -2.35
 125,-388.00,  -12240, -1.22,    -421, -0.09,  -11819, -2.40
 126,-387.00,  -12005, -1.20,     148,  0.03,  -12153, -2.47
 127,-386.00,  -12141, -1.21,     357,  0.07,  -12498, -2.54
 128,-385.00,  -11748, -1.18,     848,  0.17,  -12596, -2.56
 129,-384.00,  -11315, -1.13,    1383,  0.28,  -12698, -2.58
 130,-383.00,  -11021, -1.10,    1564,  0.32,  -12585, -2.56
 131,-382.00,  -11146, -1.12,    1448,  0.29,  -12594, -2.56
 132,-381.00,  -10659, -1.07,    1696,  0.35,  -12355, -2.51
 133,-380.00,   -9949, -1.00,    2108,  0.43,  -12057, -2.45
 134,-379.00,   -9945, -1.00,    1947,  0.40,  -11892, -2.42
 135,-378.00,  -10326, -1.03,    1302,  0.26,  -11628, -2.37
 136,-377.00,  -10528, -1.05,    1522,  0.31,  -12050, -2.45
 137,-376.00,  -10626, -1.06,    1857,  0.38,  -12483, -2.54
 138,-375.00,  -10776, -1.08,    2184,  0.44,  -12960, -2.64
 139,-374.00,  -10920, -1.09,    2637,  0.54,  -13557, -2.76
 140,-373.00,  -10121, -1.01,    3845,  0.78,  -13966, -2.84
 141,-372.00,   -9224, -0.92,    4958,  1.01,  -14182, -2.89
 142,-371.00,   -9168, -0.92,    5492,  1.12,  -14660, -2.98
 143,-370.00,   -9197, -0.92,    5562,  1.13,  -14759, -3.00
 144,-369.00,   -8646, -0.87,    5907,  1.20,  -14553, -2.96
 145,-368.00,   -7738, -0.77,    6747,  1.37,  -14485, -2.95
 146,-367.00,   -6858, -0.69,    7490,  1.52,  -14348, -2.92
 147,-366.00,   -6161, -0.62,    8151,  1.66,  -14312, -2.91
 148,-365.00,   -5462, -0.55,    8536,  1.74,  -13998, -2.85
 149,-364.00,   -5144, -0.51,    8664,  1.76,  -13808, -2.81
 150,-363.00,   -5053, -0.51,    8489,  1.73,  -13542, -2.76
 151,-362.00,   -5218, -0.52,    8085,  1.64,  -13303, -2.71
 152,-361.00,   -5099, -0.51,    8083,  1.64,  -13182, -2.68
 153,-360.00,   -5159, -0.52,    8143,  1.66,  -13302, -2.71
 154,-359.00,   -4964, -0.50,    8570,  1.74,  -13534, -2.75
 155,-358.00,   -5225, -0.52,    8206,  1.67,  -13431, -2.73
 156,-357.00,   -5705, -0.57,    7660,  1.56,  -13365, -2.72
 157,-356.00,   -5747, -0.58,    7733,  1.57,  -13480, -2.74
 158,-355.00,   -5881, -0.59,    7596,  1.55,  -13477, -2.74
 159,-354.00,   -5988, -0.60,    7136,  1.45,  -13124, -2.67
 160,-353.00,   -6419, -0.64,    6665,  1.36,  -13084, -2.66
 161,-352.00,   -6664, -0.67,    6455,  1.31,  -13119, -2.67
 162,-351.00,   -7332, -0.73,    5830,  1.19,  -13162, -2.68
 163,-350.00,   -8035, -0.80,    4976,  1.01,  -13011, -2.65
 164,-349.00,   -8573, -0.86,    4340,  0.88,  -12913, -2.63
 165,-348.00,   -9462, -0.95,    3414,  0.69,  -12876, -2.62
 166,-347.00,  -10864, -1.09,    1956,  0.40,  -12820, -2.61
 167,-346.00,  -12717, -1.27,     268,  0.05,  -12985, -2.64
 168,-345.00,  -13975, -1.40,    -862, -0.18,  -13113, -2.67
 169,-344.00,  -15292, -1.53,   -2398, -0.49,  -12894, -2.62
 170,-343.00,  -17273, -1.73,   -4566, -0.93,  -12707, -2.59
 171,-342.00,  -19224, -1.92,   -6716, -1.37,  -12508, -2.54
 172,-341.00,  -21002, -2.10,   -8676, -1.77,  -12326, -2.51
 173,-340.00,  -22648, -2.27,  -10356, -2.11,  -12292, -2.50
 174,-339.00,  -24237, -2.43,  -11744, -2.39,  -12493, -2.54
 175,-338.00,  -25516, -2.55,  -12916, -2.63,  -12600, -2.56
 176,-337.00,  -26349, -2.64,  -13609, -2.77,  -12740, -2.59
 177,-336.00,  -26797, -2.68,  -14313, -2.91,  -12484, -2.54
 178,-335.00,  -27163, -2.72,  -14892, -3.03,  -12271, -2.50
 179,-334.00,  -28039, -2.81,  -15869, -3.23,  -12170, -2.48
 180,-333.00,  -28487, -2.85,  -16642, -3.39,  -11845, -2.41
 181,-332.00,  -29131, -2.91,  -17412, -3.54,  -11719, -2.38
 182,-331.00,  -30308, -3.03,  -18395, -3.74,  -11913, -2.42
 183,-330.00,  -31783, -3.18,  -19329, -3.93,  -12454, -2.53
 184,-329.00,  -33670, -3.37,  -20721, -4.22,  -12949, -2.63
 185,-328.00,  -35466, -3.55,  -21872, -4.45,  -13594, -2.77
 186,-327.00,  -36860, -3.69,  -22858, -4.65,  -14002, -2.85
 187,-326.00,  -37779, -3.78,  -23556, -4.79,  -14223, -2.89
 188,-325.00,  -38640, -3.87,  -23833, -4.85,  -14807, -3.01
 189,-324.00,  -39463, -3.95,  -23721, -4.83,  -15742, -3.20
 190,-323.00,  -40592, -4.06,  -24129, -4.91,  -16463, -3.35
 191,-322.00,  -41457, -4.15,  -24452, -4.97,  -17005, -3.46
 192,-321.00,  -42122, -4.21,  -24679, -5.02,  -17443, -3.55
 193,-320.00,  -42934, -4.30,  -24990, -5.08,  -17944, -3.65
 194,-319.00,  -43778, -4.38,  -25278, -5.14,  -18500, -3.76
 195,-318.00,  -44287, -4.43,  -25374, -5.16,  -18913, -3.85
 196,-317.00,  -44751, -4.48,  -25580, -5.20,  -19171, -3.90
 197,-316.00,  -44700, -4.47,  -25684, -5.23,  -19016, -3.87
 198,-315.00,  -44452, -4.45,  -25646, -5.22,  -18806, -3.83
 199,-314.00,  -43662, -4.37,  -25334, -5.15,  -18328, -3.73
 200,-313.00,  -42733, -4.28,  -24685, -5.02,  -18048, -3.67
 201,-312.00,  -42040, -4.21,  -23871, -4.86,  -18169, -3.70
 202,-311.00,  -41533, -4.16,  -23137, -4.71,  -18396, -3.74
 203,-310.00,  -40693, -4.07,  -22558, -4.59,  -18135, -3.69
 204,-309.00,  -40326, -4.04,  -22479, -4.57,  -17847, -3.63
 205,-308.00,  -40065, -4.01,  -22255, -4.53,  -17810, -3.62
 206,-307.00,  -39203, -3.92,  -21591, -4.39,  -17612, -3.58
 207,-306.00,  -39053, -3.91,  -21562, -4.39,  -17491, -3.56
 208,-305.00,  -39536, -3.96,  -21982, -4.47,  -17554, -3.57
 209,-304.00,  -40234, -4.03,  -22651, -4.61,  -17583, -3.58
 210,-303.00,  -40945, -4.10,  -23376, -4.76,  -17569, -3.57
 211,-302.00,  -40944, -4.10,  -23411, -4.76,  -17533, -3.57
 212,-301.00,  -40059, -4.01,  -22992, -4.68,  -17067, -3.47
 213,-300.00,  -38760, -3.88,  -22385, -4.55,  -16375, -3.33
 214,-299.00,  -37625, -3.76,  -21687, -4.41,  -15938, -3.24
 215,-298.00,  -37114, -3.71,  -21483, -4.37,  -15631, -3.18
 216,-297.00,  -37165, -3.72,  -21830, -4.44,  -15335, -3.12
 217,-296.00,  -37205, -3.72,  -22055, -4.49,  -15150, -3.08
 218,-295.00,  -37328, -3.74,  -22175, -4.51,  -15153, -3.08
 219,-294.00,  -37245, -3.73,  -22259, -4.53,  -14986, -3.05
 220,-293.00,  -37238, -3.73,  -22283, -4.53,  -14955, -3.04
 221,-292.00,  -37049, -3.71,  -22126, -4.50,  -14923, -3.04
 222,-291.00,  -36763, -3.68,  -22095, -4.50,  -14668, -2.98
 223,-290.00,  -36710, -3.67,  -22413, -4.56,  -14297, -2.91
 224,-289.00,  -36831, -3.69,  -22936, -4.67,  -13895, -2.83
 225,-288.00,  -37127, -3.71,  -23576, -4.80,  -13551, -2.76
 226,-287.00,  -38171, -3.82,  -24530, -4.99,  -13641, -2.78
 227,-286.00,  -39187, -3.92,  -25453, -5.18,  -13734, -2.79
 228,-285.00,  -39159, -3.92,  -25839, -5.26,  -13320, -2.71
 229,-284.00,  -39134, -3.92,  -26389, -5.37,  -12745, -2.59
 230,-283.00,  -39450, -3.95,  -26898, -5.47,  -12552, -2.55
 231,-282.00,  -39409, -3.94,  -27135, -5.52,  -12274, -2.50
 232,-281.00,  -39439, -3.95,  -27239, -5.54,  -12200, -2.48
 233,-280.00,  -40458, -4.05,  -27814, -5.66,  -12644, -2.57
 234,-279.00,  -42069, -4.21,  -28656, -5.83,  -13413, -2.73
 235,-278.00,  -43138, -4.32,  -29158, -5.93,  -13980, -2.84
 236,-277.00,  -43589, -4.36,  -29133, -5.93,  -14456, -2.94
 237,-276.00,  -43728, -4.38,  -28990, -5.90,  -14738, -3.00
 238,-275.00,  -44072, -4.41,  -29026, -5.91,  -15046, -3.06
 239,-274.00,  -44083, -4.41,  -28799, -5.86,  -15284, -3.11
 240,-273.00,  -43399, -4.34,  -28041, -5.71,  -15358, -3.12
 241,-272.00,  -42838, -4.29,  -27091, -5.51,  -15747, -3.20
 242,-271.00,  -42468, -4.25,  -26571, -5.41,  -15897, -3.23
 243,-270.00,  -41915, -4.19,  -26230, -5.34,  -15685, -3.19
 244,-269.00,  -41413, -4.14,  -25926, -5.27,  -15487, -3.15
 245,-268.00,  -40559, -4.06,  -25462, -5.18,  -15097, -3.07
 246,-267.00,  -39199, -3.92,  -25021, -5.09,  -14178, -2.88
 247,-266.00,  -37297, -3.73,  -24433, -4.97,  -12864, -2.62
 248,-265.00,  -35390, -3.54,  -23360, -4.75,  -12030, -2.45
 249,-264.00,  -33415, -3.34,  -22244, -4.53,  -11171, -2.27
 250,-263.00,  -31438, -3.15,  -21393, -4.35,  -10045, -2.04
 251,-262.00,  -29679, -2.97,  -20722, -4.22,   -8957, -1.82
 252,-261.00,  -27845, -2.79,  -19993, -4.07,   -7852, -1.60
 253,-260.00,  -26412, -2.64,  -19453, -3.96,   -6959, -1.42
 254,-259.00,  -25223, -2.52,  -19230, -3.91,   -5993, -1.22
 255,-258.00,  -23531, -2.35,  -18746, -3.81,   -4785, -0.97
 256,-257.00,  -21884, -2.19,  -18322, -3.73,   -3562, -0.72
 257,-256.00,  -20909, -2.09,  -17818, -3.63,   -3091, -0.63
 258,-255.00,  -19674, -1.97,  -17003, -3.46,   -2671, -0.54
 259,-254.00,  -18169, -1.82,  -16216, -3.30,   -1953, -0.40
 260,-253.00,  -16655, -1.67,  -15598, -3.17,   -1057, -0.22
 261,-252.00,  -14831, -1.48,  -14900, -3.03,      69,  0.01
 262,-251.00,  -13484, -1.35,  -14740, -3.00,    1256,  0.26
 263,-250.00,  -12240, -1.22,  -14791, -3.01,    2551,  0.52
 264,-249.00,  -10910, -1.09,  -14609, -2.97,    3699,  0.75
 265,-248.00,   -9609, -0.96,  -14423, -2.93,    4814,  0.98
 266,-247.00,   -8583, -0.86,  -14523, -2.95,    5940,  1.21
 267,-246.00,   -7480, -0.75,  -14642, -2.98,    7162,  1.46
 268,-245.00,   -6474, -0.65,  -14250, -2.90,    7776,  1.58
 269,-244.00,   -5323, -0.53,  -14110, -2.87,    8787,  1.79
 270,-243.00,   -3907, -0.39,  -13979, -2.84,   10072,  2.05
 271,-242.00,   -2172, -0.22,  -13303, -2.71,   11131,  2.26
 272,-241.00,    -667, -0.07,  -12479, -2.54,   11812,  2.40
 273,-240.00,     404,  0.04,  -11673, -2.37,   12077,  2.46
 274,-239.00,    1522,  0.15,  -11116, -2.26,   12638,  2.57
 275,-238.00,    2474,  0.25,  -10640, -2.16,   13114,  2.67
 276,-237.00,    3016,  0.30,  -10403, -2.12,   13419,  2.73
 277,-236.00,    3404,  0.34,   -9870, -2.01,   13274,  2.70
 278,-235.00,    3896,  0.39,   -9080, -1.85,   12976,  2.64
 279,-234.00,    4559,  0.46,   -8608, -1.75,   13167,  2.68
 280,-233.00,    5292,  0.53,   -8309, -1.69,   13601,  2.77
 281,-232.00,    5683,  0.57,   -8235, -1.68,   13918,  2.83
 282,-231.00,    5375,  0.54,   -8389, -1.71,   13764,  2.80
 283,-230.00,    5521,  0.55,   -8070, -1.64,   13591,  2.77
 284,-229.00,    6223,  0.62,   -7476, -1.52,   13699,  2.79
 285,-228.00,    6442,  0.64,   -7431, -1.51,   13873,  2.82
 286,-227.00,    6569,  0.66,   -7217, -1.47,   13786,  2.80
 287,-226.00,    6658,  0.67,   -6854, -1.39,   13512,  2.75
 288,-225.00,    6540,  0.65,   -6703, -1.36,   13243,  2.69
 289,-224.00,    6643,  0.66,   -6612, -1.35,   13255,  2.70
 290,-223.00,    6563,  0.66,   -6765, -1.38,   13328,  2.71
 291,-222.00,    6010,  0.60,   -6984, -1.42,   12994,  2.64
 292,-221.00,    5038,  0.50,   -7220, -1.47,   12258,  2.49
 293,-220.00,    4048,  0.41,   -7423, -1.51,   11471,  2.33
 294,-219.00,    3323,  0.33,   -7681, -1.56,   11004,  2.24
 295,-218.00,    3091,  0.31,   -7883, -1.60,   10974,  2.23
 296,-217.00,    3451,  0.35,   -8120, -1.65,   11571,  2.35
 297,-216.00,    3315,  0.33,   -8293, -1.69,   11608,  2.36
 298,-215.00,    2626,  0.26,   -8616, -1.75,   11242,  2.29
 299,-214.00,    1961,  0.20,   -8942, -1.82,   10903,  2.22
 300,-213.00,    1892,  0.19,   -9307, -1.89,   11199,  2.28
 301,-212.00,    1994,  0.20,   -9631, -1.96,   11625,  2.37
 302,-211.00,    1772,  0.18,   -9784, -1.99,   11556,  2.35
 303,-210.00,    1033,  0.10,   -9813, -2.00,   10846,  2.21
 304,-209.00,     664,  0.07,   -9763, -1.99,   10427,  2.12
 305,-208.00,     547,  0.05,   -9753, -1.98,   10300,  2.10
 306,-207.00,     818,  0.08,   -9839, -2.00,   10657,  2.17
 307,-206.00,    1125,  0.11,   -9664, -1.97,   10789,  2.20
 308,-205.00,    1019,  0.10,   -9362, -1.90,   10381,  2.11
 309,-204.00,     937,  0.09,   -8993, -1.83,    9930,  2.02
 310,-203.00,    1124,  0.11,   -8772, -1.78,    9896,  2.01
 311,-202.00,    1749,  0.18,   -8203, -1.67,    9952,  2.02
 312,-201.00,    2660,  0.27,   -7262, -1.48,    9922,  2.02
 313,-200.00,    3238,  0.32,   -6619, -1.35,    9857,  2.01
 314,-199.00,    3583,  0.36,   -6035, -1.23,    9618,  1.96
 315,-198.00,    3937,  0.39,   -5657, -1.15,    9594,  1.95
 316,-197.00,    4192,  0.42,   -5275, -1.07,    9467,  1.93
 317,-196.00,    4744,  0.47,   -4527, -0.92,    9271,  1.89
 318,-195.00,    5534,  0.55,   -3672, -0.75,    9206,  1.87
 319,-194.00,    6478,  0.65,   -2894, -0.59,    9372,  1.91
 320,-193.00,    7122,  0.71,   -2338, -0.48,    9460,  1.92
 321,-192.00,    7917,  0.79,   -1800, -0.37,    9717,  1.98
 322,-191.00,    8463,  0.85,   -1438, -0.29,    9901,  2.01
 323,-190.00,    9166,  0.92,   -1102, -0.22,   10268,  2.09
 324,-189.00,   10549,  1.06,    -445, -0.09,   10994,  2.24
 325,-188.00,   11750,  1.18,     300,  0.06,   11450,  2.33
 326,-187.00,   12211,  1.22,     716,  0.15,   11495,  2.34
 327,-186.00,   12290,  1.23,    1008,  0.21,   11282,  2.30
 328,-185.00,   12545,  1.26,    1002,  0.20,   11543,  2.35
 329,-184.00,   12949,  1.30,    1046,  0.21,   11903,  2.42
 330,-183.00,   13505,  1.35,    1244,  0.25,   12261,  2.49
 331,-182.00,   14208,  1.42,    1663,  0.34,   12545,  2.55
 332,-181.00,   14405,  1.44,    1952,  0.40,   12453,  2.53
 333,-180.00,   14135,  1.41,    1934,  0.39,   12201,  2.48
 334,-179.00,   13413,  1.34,    1691,  0.34,   11722,  2.38
 335,-178.00,   12145,  1.22,    1689,  0.34,   10456,  2.13
 336,-177.00,   10994,  1.10,    1777,  0.36,    9217,  1.88
 337,-176.00,    9939,  0.99,    1604,  0.33,    8335,  1.70
 338,-175.00,    9009,  0.90,    1494,  0.30,    7515,  1.53
 339,-174.00,    8213,  0.82,    1670,  0.34,    6543,  1.33
 340,-173.00,    7361,  0.74,    1813,  0.37,    5548,  1.13
 341,-172.00,    6341,  0.63,    1504,  0.31,    4837,  0.98
 342,-171.00,    5373,  0.54,    1173,  0.24,    4200,  0.85
 343,-170.00,    4669,  0.47,     766,  0.16,    3903,  0.79
 344,-169.00,    3680,  0.37,     546,  0.11,    3134,  0.64
 345,-168.00,    2951,  0.30,     702,  0.14,    2249,  0.46
 346,-167.00,    2561,  0.26,     804,  0.16,    1757,  0.36
 347,-166.00,    2488,  0.25,     808,  0.16,    1680,  0.34
 348,-165.00,    1996,  0.20,     564,  0.11,    1432,  0.29
 349,-164.00,    1242,  0.12,       8,  0.00,    1234,  0.25
 350,-163.00,     803,  0.08,    -584, -0.12,    1387,  0.28
 351,-162.00,     369,  0.04,    -999, -0.20,    1368,  0.28
 352,-161.00,     -86, -0.00,   -1551, -0.32,    1465,  0.30
 353,-160.00,    -309, -0.03,   -1932, -0.39,    1623,  0.33
 354,-159.00,    -589, -0.06,   -2309, -0.47,    1720,  0.35
 355,-158.00,    -955, -0.10,   -2641, -0.54,    1686,  0.34
 356,-157.00,   -1214, -0.12,   -2958, -0.60,    1744,  0.35
 357,-156.00,   -1481, -0.15,   -3085, -0.63,    1604,  0.33
 358,-155.00,   -2070, -0.21,   -3295, -0.67,    1225,  0.25
 359,-154.00,   -3015, -0.30,   -3628, -0.74,     613,  0.12
 360,-153.00,   -3661, -0.37,   -3718, -0.76,      57,  0.01
 361,-152.00,   -3572, -0.36,   -3562, -0.72,     -10, -0.00
 362,-151.00,   -2960, -0.30,   -3536, -0.72,     576,  0.12
 363,-150.00,   -2800, -0.28,   -3597, -0.73,     797,  0.16
 364,-149.00,   -2798, -0.28,   -3620, -0.74,     822,  0.17
 365,-148.00,   -3254, -0.33,   -3754, -0.76,     500,  0.10
 366,-147.00,   -3471, -0.35,   -3994, -0.81,     523,  0.11
 367,-146.00,   -3463, -0.35,   -4163, -0.85,     700,  0.14
 368,-145.00,   -3555, -0.36,   -4338, -0.88,     783,  0.16
 369,-144.00,   -3369, -0.34,   -4203, -0.86,     834,  0.17
 370,-143.00,   -2871, -0.29,   -3621, -0.74,     750,  0.15
 371,-142.00,   -2683, -0.27,   -3080, -0.63,     397,  0.08
 372,-141.00,   -2144, -0.21,   -2416, -0.49,     272,  0.06
 373,-140.00,   -1414, -0.14,   -1813, -0.37,     399,  0.08
 374,-139.00,    -677, -0.07,   -1167, -0.24,     490,  0.10
 375,-138.00,     -94, -0.00,    -584, -0.12,     490,  0.10
 376,-137.00,    -523, -0.05,    -463, -0.09,     -60, -0.01
 377,-136.00,    -969, -0.10,    -533, -0.11,    -436, -0.09
 378,-135.00,   -1068, -0.11,    -460, -0.09,    -608, -0.12
 379,-134.00,    -967, -0.10,    -535, -0.11,    -432, -0.09
 380,-133.00,    -484, -0.05,    -704, -0.14,     220,  0.04
 381,-132.00,    -501, -0.05,   -1032, -0.21,     531,  0.11
 382,-131.00,   -1206, -0.12,   -1707, -0.35,     501,  0.10
 383,-130.00,   -2335, -0.23,   -2450, -0.50,     115,  0.02
 384,-129.00,   -3067, -0.31,   -2821, -0.57,    -246, -0.05
 385,-128.00,   -3184, -0.32,   -2908, -0.59,    -276, -0.06
 386,-127.00,   -3924, -0.39,   -3325, -0.68,    -599, -0.12
 387,-126.00,   -4993, -0.50,   -3781, -0.77,   -1212, -0.25
 388,-125.00,   -5730, -0.57,   -4209, -0.86,   -1521, -0.31
 389,-124.00,   -6174, -0.62,   -4607, -0.94,   -1567, -0.32
 390,-123.00,   -6288, -0.63,   -4951, -1.01,   -1337, -0.27
 391,-122.00,   -6351, -0.64,   -5311, -1.08,   -1040, -0.21
 392,-121.00,   -5927, -0.59,   -5493, -1.12,    -434, -0.09
 393,-120.00,   -5498, -0.55,   -5538, -1.13,      40,  0.00
 394,-119.00,   -5691, -0.57,   -5658, -1.15,     -33, -0.00
 395,-118.00,   -5653, -0.57,   -5806, -1.18,     153,  0.03
 396,-117.00,   -4730, -0.47,   -5834, -1.19,    1104,  0.22
 397,-116.00,   -4350, -0.44,   -5654, -1.15,    1304,  0.27
 398,-115.00,   -4221, -0.42,   -5485, -1.12,    1264,  0.26
 399,-114.00,   -4085, -0.41,   -5576, -1.13,    1491,  0.30
 400,-113.00,   -3689, -0.37,   -5135, -1.04,    1446,  0.29
 401,-112.00,   -3249, -0.33,   -4691, -0.95,    1442,  0.29
 402,-111.00,   -2404, -0.24,   -3892, -0.79,    1488,  0.30
 403,-110.00,   -1896, -0.19,   -3178, -0.65,    1282,  0.26
 404,-109.00,   -1330, -0.13,   -2125, -0.43,     795,  0.16
 405,-108.00,    -554, -0.06,    -967, -0.20,     413,  0.08
 406,-107.00,     285,  0.03,     -19, -0.00,     304,  0.06
 407,-106.00,     565,  0.06,     827,  0.17,    -262, -0.05
 408,-105.00,    1250,  0.13,    1860,  0.38,    -610, -0.12
 409,-104.00,    1995,  0.20,    2683,  0.55,    -688, -0.14
 410,-103.00,    2784,  0.28,    3538,  0.72,    -754, -0.15
 411,-102.00,    3385,  0.34,    4275,  0.87,    -890, -0.18
 412,-101.00,    3638,  0.36,    4911,  1.00,   -1273, -0.26
 413,-100.00,    3759,  0.38,    5216,  1.06,   -1457, -0.30
 414,-99.00,    4074,  0.41,    5506,  1.12,   -1432, -0.29
 415,-98.00,    4537,  0.45,    5622,  1.14,   -1085, -0.22
 416,-97.00,    4369,  0.44,    5400,  1.10,   -1031, -0.21
 417,-96.00,    4190,  0.42,    5649,  1.15,   -1459, -0.30
 418,-95.00,    4326,  0.43,    6081,  1.24,   -1755, -0.36
 419,-94.00,    4180,  0.42,    5898,  1.20,   -1718, -0.35
 420,-93.00,    3615,  0.36,    5342,  1.09,   -1727, -0.35
 421,-92.00,    3348,  0.34,    4993,  1.02,   -1645, -0.33
 422,-91.00,    3476,  0.35,    4983,  1.01,   -1507, -0.31
 423,-90.00,    3100,  0.31,    4872,  0.99,   -1772, -0.36
 424,-89.00,    2011,  0.20,    4595,  0.93,   -2584, -0.53
 425,-88.00,     823,  0.08,    4770,  0.97,   -3947, -0.80
 426,-87.00,    -438, -0.04,    4793,  0.98,   -5231, -1.06
 427,-86.00,    -354, -0.04,    4543,  0.92,   -4897, -1.00
 428,-85.00,     707,  0.07,    4637,  0.94,   -3930, -0.80
 429,-84.00,    1586,  0.16,    4961,  1.01,   -3375, -0.69
 430,-83.00,    2461,  0.25,    5553,  1.13,   -3092, -0.63
 431,-82.00,    2604,  0.26,    5817,  1.18,   -3213, -0.65
 432,-81.00,    3013,  0.30,    6285,  1.28,   -3272, -0.67
 433,-80.00,    3744,  0.37,    6902,  1.40,   -3158, -0.64
 434,-79.00,    4540,  0.45,    7611,  1.55,   -3071, -0.62
 435,-78.00,    5598,  0.56,    8560,  1.74,   -2962, -0.60
 436,-77.00,    6434,  0.64,    9225,  1.88,   -2791, -0.57
 437,-76.00,    7881,  0.79,   10045,  2.04,   -2164, -0.44
 438,-75.00,    9644,  0.96,   11149,  2.27,   -1505, -0.31
 439,-74.00,   11258,  1.13,   12234,  2.49,    -976, -0.20
 440,-73.00,   12985,  1.30,   13420,  2.73,    -435, -0.09
 441,-72.00,   14462,  1.45,   14404,  2.93,      58,  0.01
 442,-71.00,   15740,  1.57,   15323,  3.12,     417,  0.08
 443,-70.00,   16843,  1.69,   16211,  3.30,     632,  0.13
 444,-69.00,   17978,  1.80,   17087,  3.48,     891,  0.18
 445,-68.00,   19191,  1.92,   17744,  3.61,    1447,  0.29
 446,-67.00,   20558,  2.06,   18217,  3.71,    2341,  0.48
 447,-66.00,   22612,  2.26,   18780,  3.82,    3832,  0.78
 448,-65.00,   24519,  2.45,   19419,  3.95,    5100,  1.04
 449,-64.00,   26031,  2.60,   19997,  4.07,    6034,  1.23
 450,-63.00,   27069,  2.71,   20125,  4.09,    6944,  1.41
 451,-62.00,   28234,  2.83,   19970,  4.06,    8264,  1.68
 452,-61.00,   29033,  2.91,   19827,  4.03,    9206,  1.87
 453,-60.00,   29494,  2.95,   19909,  4.05,    9585,  1.95
 454,-59.00,   29623,  2.96,   19821,  4.03,    9802,  1.99
 455,-58.00,   29148,  2.92,   19256,  3.92,    9892,  2.01
 456,-57.00,   28782,  2.88,   18262,  3.72,   10520,  2.14
 457,-56.00,   28613,  2.86,   17342,  3.53,   11271,  2.29
 458,-55.00,   28723,  2.87,   16888,  3.44,   11835,  2.41
 459,-54.00,   28297,  2.83,   16343,  3.33,   11954,  2.43
 460,-53.00,   27454,  2.75,   15280,  3.11,   12174,  2.48
 461,-52.00,   27994,  2.80,   14565,  2.96,   13429,  2.73
 462,-51.00,   28363,  2.84,   13864,  2.82,   14499,  2.95
 463,-50.00,   28388,  2.84,   13029,  2.65,   15359,  3.12
 464,-49.00,   28410,  2.84,   12158,  2.47,   16252,  3.31
 465,-48.00,   28283,  2.83,   11169,  2.27,   17114,  3.48
 466,-47.00,   28447,  2.85,   10078,  2.05,   18369,  3.74
 467,-46.00,   28864,  2.89,    8890,  1.81,   19974,  4.06
 468,-45.00,   29217,  2.92,    7978,  1.62,   21239,  4.32
 469,-44.00,   29520,  2.95,    7164,  1.46,   22356,  4.55
 470,-43.00,   29710,  2.97,    6690,  1.36,   23020,  4.68
 471,-42.00,   29540,  2.96,    6029,  1.23,   23511,  4.78
 472,-41.00,   29150,  2.92,    5217,  1.06,   23933,  4.87
 473,-40.00,   28817,  2.88,    4314,  0.88,   24503,  4.99
 474,-39.00,   28140,  2.82,    3388,  0.69,   24752,  5.04
 475,-38.00,   27159,  2.72,    2426,  0.49,   24733,  5.03
 476,-37.00,   26132,  2.61,    1513,  0.31,   24619,  5.01
 477,-36.00,   25435,  2.55,     841,  0.17,   24594,  5.00
 478,-35.00,   24878,  2.49,     383,  0.08,   24495,  4.98
 479,-34.00,   24086,  2.41,      -4, -0.00,   24090,  4.90
 480,-33.00,   23721,  2.37,    -218, -0.04,   23939,  4.87
 481,-32.00,   23306,  2.33,    -613, -0.12,   23919,  4.87
 482,-31.00,   22288,  2.23,   -1538, -0.31,   23826,  4.85
 483,-30.00,   21271,  2.13,   -2344, -0.48,   23615,  4.80
 484,-29.00,   20355,  2.04,   -2937, -0.60,   23292,  4.74
 485,-28.00,   19286,  1.93,   -3348, -0.68,   22634,  4.61
 486,-27.00,   18401,  1.84,   -3476, -0.71,   21877,  4.45
 487,-26.00,   17682,  1.77,   -3450, -0.70,   21132,  4.30
 488,-25.00,   16909,  1.69,   -3449, -0.70,   20358,  4.14
 489,-24.00,   16255,  1.63,   -3332, -0.68,   19587,  3.99
 490,-23.00,   15514,  1.55,   -2978, -0.61,   18492,  3.76
 491,-22.00,   14692,  1.47,   -2808, -0.57,   17500,  3.56
 492,-21.00,   13931,  1.39,   -2523, -0.51,   16454,  3.35
 493,-20.00,   12951,  1.30,   -2223, -0.45,   15174,  3.09
 494,-19.00,   11817,  1.18,   -2095, -0.43,   13912,  2.83
 495,-18.00,   10182,  1.02,   -2276, -0.46,   12458,  2.53
 496,-17.00,    8744,  0.87,   -2393, -0.49,   11137,  2.27
 497,-16.00,    6961,  0.70,   -2629, -0.53,    9590,  1.95
 498,-15.00,    4550,  0.46,   -3003, -0.61,    7553,  1.54
 499,-14.00,    2499,  0.25,   -3268, -0.66,    5767,  1.17
 500,-13.00,     275,  0.03,   -3532, -0.72,    3807,  0.77
 501,-12.00,   -1546, -0.15,   -3658, -0.74,    2112,  0.43
 502,-11.00,   -3197, -0.32,   -3653, -0.74,     456,  0.09
 503,-10.00,   -5326, -0.53,   -3939, -0.80,   -1387, -0.28
 504,-9.00,   -7200, -0.72,   -4216, -0.86,   -2984, -0.61
 505,-8.00,   -8485, -0.85,   -4401, -0.90,   -4084, -0.83
 506,-7.00,   -9919, -0.99,   -4688, -0.95,   -5231, -1.06
 507,-6.00,  -11658, -1.17,   -5136, -1.04,   -6522, -1.33
 508,-5.00,  -12553, -1.26,   -5336, -1.09,   -7217, -1.47
 509,-4.00,  -12946, -1.30,   -5252, -1.07,   -7694, -1.57
 510,-3.00,  -13139, -1.31,   -5008, -1.02,   -8131, -1.65
 511,-2.00,  -13093, -1.31,   -4596, -0.94,   -8497, -1.73
 512,-1.00,  -13875, -1.39,   -4709, -0.96,   -9166, -1.86
 513,0.00,  -15051, -1.51,   -5054, -1.03,   -9997, -2.03
 514,1.00,  -15437, -1.54,   -4919, -1.00,  -10518, -2.14
 515,2.00,  -15814, -1.58,   -4833, -0.98,  -10981, -2.23
 516,3.00,  -16005, -1.60,   -4821, -0.98,  -11184, -2.28
 517,4.00,  -15641, -1.57,   -4699, -0.96,  -10942, -2.23
 518,5.00,  -15073, -1.51,   -4362, -0.89,  -10711, -2.18
 519,6.00,  -14871, -1.49,   -4041, -0.82,  -10830, -2.20
 520,7.00,  -14728, -1.47,   -3475, -0.71,  -11253, -2.29
 521,8.00,  -14518, -1.45,   -2983, -0.61,  -11535, -2.35
 522,9.00,  -14613, -1.46,   -2796, -0.57,  -11817, -2.40
 523,10.00,  -14650, -1.47,   -2598, -0.53,  -12052, -2.45
 524,11.00,  -14961, -1.50,   -2531, -0.51,  -12430, -2.53
 525,12.00,  -15096, -1.51,   -2415, -0.49,  -12681, -2.58
 526,13.00,  -15296, -1.53,   -2362, -0.48,  -12934, -2.63
 527,14.00,  -16088, -1.61,   -2770, -0.56,  -13318, -2.71
 528,15.00,  -16725, -1.67,   -3301, -0.67,  -13424, -2.73
 529,16.00,  -17084, -1.71,   -3977, -0.81,  -13107, -2.67
 530,17.00,  -16544, -1.66,   -3978, -0.81,  -12566, -2.56
 531,18.00,  -15877, -1.59,   -3650, -0.74,  -12227, -2.49
 532,19.00,  -15895, -1.59,   -3740, -0.76,  -12155, -2.47
 533,20.00,  -15949, -1.60,   -4327, -0.88,  -11622, -2.36
 534,21.00,  -15905, -1.59,   -5045, -1.03,  -10860, -2.21
 535,22.00,  -15272, -1.53,   -5228, -1.06,  -10044, -2.04
 536,23.00,  -14358, -1.44,   -5015, -1.02,   -9343, -1.90
 537,24.00,  -13375, -1.34,   -4709, -0.96,   -8666, -1.76
 538,25.00,  -13181, -1.32,   -5137, -1.05,   -8044, -1.64
 539,26.00,  -13228, -1.32,   -5462, -1.11,   -7766, -1.58
 540,27.00,  -13222, -1.32,   -5639, -1.15,   -7583, -1.54
 541,28.00,  -12517, -1.25,   -5637, -1.15,   -6880, -1.40
 542,29.00,  -11537, -1.15,   -5469, -1.11,   -6068, -1.23
 543,30.00,  -11008, -1.10,   -5433, -1.11,   -5575, -1.13
 544,31.00,  -10384, -1.04,   -5355, -1.09,   -5029, -1.02
 545,32.00,   -9258, -0.93,   -5275, -1.07,   -3983, -0.81
 546,33.00,   -8204, -0.82,   -5555, -1.13,   -2649, -0.54
 547,34.00,   -7124, -0.71,   -5752, -1.17,   -1372, -0.28
 548,35.00,   -6296, -0.63,   -5959, -1.21,    -337, -0.07
 549,36.00,   -5589, -0.56,   -6054, -1.23,     465,  0.09
 550,37.00,   -4806, -0.48,   -6450, -1.31,    1644,  0.33
 551,38.00,   -4560, -0.46,   -6925, -1.41,    2365,  0.48
 552,39.00,   -4495, -0.45,   -7201, -1.47,    2706,  0.55
 553,40.00,   -4150, -0.42,   -7105, -1.45,    2955,  0.60
 554,41.00,   -3620, -0.36,   -6832, -1.39,    3212,  0.65
 555,42.00,   -3024, -0.30,   -6567, -1.34,    3543,  0.72
 556,43.00,   -2319, -0.23,   -6089, -1.24,    3770,  0.77
 557,44.00,   -1656, -0.17,   -5669, -1.15,    4013,  0.82
 558,45.00,    -926, -0.09,   -5234, -1.06,    4308,  0.88
 559,46.00,     195,  0.02,   -4185, -0.85,    4380,  0.89
 560,47.00,    1484,  0.15,   -3335, -0.68,    4819,  0.98
 561,48.00,    2133,  0.21,   -2878, -0.59,    5011,  1.02
 562,49.00,    2584,  0.26,   -2409, -0.49,    4993,  1.02
 563,50.00,    2971,  0.30,   -1555, -0.32,    4526,  0.92
 564,51.00,    3107,  0.31,    -982, -0.20,    4089,  0.83
 565,52.00,    2997,  0.30,    -788, -0.16,    3785,  0.77
 566,53.00,    3584,  0.36,    -422, -0.09,    4006,  0.82
 567,54.00,    4122,  0.41,     -18, -0.00,    4140,  0.84
 568,55.00,    4496,  0.45,     460,  0.09,    4036,  0.82
 569,56.00,    4333,  0.43,     836,  0.17,    3497,  0.71
 570,57.00,    4041,  0.40,    1030,  0.21,    3011,  0.61
 571,58.00,    4060,  0.41,    1202,  0.24,    2858,  0.58
 572,59.00,    4333,  0.43,    1748,  0.36,    2585,  0.53
 573,60.00,    4468,  0.45,    2069,  0.42,    2399,  0.49
 574,61.00,    4344,  0.43,    2326,  0.47,    2018,  0.41
 575,62.00,    4157,  0.42,    2456,  0.50,    1701,  0.35
 576,63.00,    3603,  0.36,    2335,  0.48,    1268,  0.26
 577,64.00,    2762,  0.28,    2073,  0.42,     689,  0.14
 578,65.00,    1843,  0.18,    1691,  0.34,     152,  0.03
 579,66.00,     972,  0.10,    1219,  0.25,    -247, -0.05
 580,67.00,      42,  0.00,     476,  0.10,    -434, -0.09
 581,68.00,    -658, -0.07,     -57, -0.01,    -601, -0.12
 582,69.00,   -1453, -0.15,    -516, -0.10,    -937, -0.19
 583,70.00,   -2701, -0.27,   -1393, -0.28,   -1308, -0.27
 584,71.00,   -3555, -0.36,   -2183, -0.44,   -1372, -0.28
 585,72.00,   -4416, -0.44,   -2810, -0.57,   -1606, -0.33
 586,73.00,   -5302, -0.53,   -3233, -0.66,   -2069, -0.42
 587,74.00,   -6729, -0.67,   -3772, -0.77,   -2957, -0.60
 588,75.00,   -8160, -0.82,   -4269, -0.87,   -3891, -0.79
 589,76.00,   -9588, -0.96,   -4843, -0.99,   -4745, -0.97
 590,77.00,  -11050, -1.11,   -5547, -1.13,   -5503, -1.12
 591,78.00,  -12323, -1.23,   -6146, -1.25,   -6177, -1.26
 592,79.00,  -13479, -1.35,   -6304, -1.28,   -7175, -1.46
 593,80.00,  -14421, -1.44,   -6330, -1.29,   -8091, -1.65
 594,81.00,  -15552, -1.56,   -6625, -1.35,   -8927, -1.82
 595,82.00,  -17076, -1.71,   -7329, -1.49,   -9747, -1.98
 596,83.00,  -18953, -1.90,   -8272, -1.68,  -10681, -2.17
 597,84.00,  -20684, -2.07,   -9194, -1.87,  -11490, -2.34
 598,85.00,  -21857, -2.19,   -9940, -2.02,  -11917, -2.42
 599,86.00,  -23361, -2.34,  -10866, -2.21,  -12495, -2.54
 600,87.00,  -25131, -2.51,  -11958, -2.43,  -13173, -2.68
 601,88.00,  -26891, -2.69,  -13017, -2.65,  -13874, -2.82
 602,89.00,  -28835, -2.89,  -13920, -2.83,  -14915, -3.03
 603,90.00,  -30799, -3.08,  -14874, -3.03,  -15925, -3.24
 604,91.00,  -32428, -3.24,  -15919, -3.24,  -16509, -3.36
 605,92.00,  -34017, -3.40,  -16989, -3.46,  -17028, -3.46
 606,93.00,  -36190, -3.62,  -18499, -3.76,  -17691, -3.60
 607,94.00,  -38409, -3.84,  -20001, -4.07,  -18408, -3.75
 608,95.00,  -41020, -4.10,  -21724, -4.42,  -19296, -3.93
 609,96.00,  -43459, -4.35,  -23316, -4.74,  -20143, -4.10
 610,97.00,  -45795, -4.58,  -24787, -5.04,  -21008, -4.27
 611,98.00,  -47780, -4.78,  -26053, -5.30,  -21727, -4.42
 612,99.00,  -49383, -4.94,  -26950, -5.48,  -22433, -4.56
 613,100.00,  -51202, -5.12,  -27695, -5.63,  -23507, -4.78
 614,101.00,  -53100, -5.31,  -28533, -5.81,  -24567, -5.00
 615,102.00,  -54346, -5.44,  -29417, -5.99,  -24929, -5.07
 616,103.00,  -55964, -5.60,  -30799, -6.27,  -25165, -5.12
 617,104.00,  -57476, -5.75,  -32281, -6.57,  -25195, -5.13
 618,105.00,  -58971, -5.90,  -33557, -6.83,  -25414, -5.17
 619,106.00,  -60485, -6.05,  -34682, -7.06,  -25803, -5.25
 620,107.00,  -61913, -6.20,  -35387, -7.20,  -26526, -5.40
 621,108.00,  -62875, -6.29,  -36005, -7.33,  -26870, -5.47
 622,109.00,  -62807, -6.28,  -35850, -7.29,  -26957, -5.48
 623,110.00,  -62661, -6.27,  -35545, -7.23,  -27116, -5.52
 624,111.00,  -63254, -6.33,  -35607, -7.24,  -27647, -5.62
 625,112.00,  -63867, -6.39,  -35718, -7.27,  -28149, -5.73
 626,113.00,  -63996, -6.40,  -35650, -7.25,  -28346, -5.77
 627,114.00,  -63559, -6.36,  -35403, -7.20,  -28156, -5.73
 628,115.00,  -62440, -6.25,  -34759, -7.07,  -27681, -5.63
 629,116.00,  -60928, -6.10,  -33607, -6.84,  -27321, -5.56
 630,117.00,  -59335, -5.94,  -32376, -6.59,  -26959, -5.48
 631,118.00,  -57569, -5.76,  -31114, -6.33,  -26455, -5.38
 632,119.00,  -55001, -5.50,  -29835, -6.07,  -25166, -5.12
 633,120.00,  -51824, -5.19,  -27964, -5.69,  -23860, -4.85
 634,121.00,  -49224, -4.93,  -26601, -5.41,  -22623, -4.60
 635,122.00,  -46934, -4.70,  -25333, -5.15,  -21601, -4.39
 636,123.00,  -44639, -4.47,  -24000, -4.88,  -20639, -4.20
 637,124.00,  -41994, -4.20,  -22606, -4.60,  -19388, -3.94
 638,125.00,  -39349, -3.94,  -21205, -4.31,  -18144, -3.69
 639,126.00,  -37260, -3.73,  -19821, -4.03,  -17439, -3.55
 640,127.00,  -34648, -3.47,  -18302, -3.72,  -16346, -3.33
 641,128.00,  -31127, -3.11,  -16686, -3.39,  -14441, -2.94
 642,129.00,  -27752, -2.78,  -15087, -3.07,  -12665, -2.58
 643,130.00,  -25283, -2.53,  -13774, -2.80,  -11509, -2.34
 644,131.00,  -23042, -2.31,  -12740, -2.59,  -10302, -2.10
 645,132.00,  -20880, -2.09,  -11916, -2.42,   -8964, -1.82
 646,133.00,  -18771, -1.88,  -10923, -2.22,   -7848, -1.60
 647,134.00,  -16563, -1.66,   -9786, -1.99,   -6777, -1.38
 648,135.00,  -13566, -1.36,   -8725, -1.78,   -4841, -0.98
 649,136.00,  -10894, -1.09,   -7816, -1.59,   -3078, -0.63
 650,137.00,   -8976, -0.90,   -7476, -1.52,   -1500, -0.31
 651,138.00,   -7180, -0.72,   -7075, -1.44,    -105, -0.02
 652,139.00,   -5352, -0.54,   -6497, -1.32,    1145,  0.23
 653,140.00,   -3604, -0.36,   -5632, -1.15,    2028,  0.41
 654,141.00,   -1542, -0.15,   -4726, -0.96,    3184,  0.65
 655,142.00,     347,  0.03,   -3958, -0.81,    4305,  0.88
 656,143.00,    2263,  0.23,   -3424, -0.70,    5687,  1.16
 657,144.00,    3974,  0.40,   -2940, -0.60,    6914,  1.41
 658,145.00,    5346,  0.53,   -2399, -0.49,    7745,  1.58
 659,146.00,    6881,  0.69,   -1483, -0.30,    8364,  1.70
 660,147.00,    8807,  0.88,    -751, -0.15,    9558,  1.94
 661,148.00,   10840,  1.08,      14,  0.00,   10826,  2.20
 662,149.00,   12349,  1.24,     595,  0.12,   11754,  2.39
 663,150.00,   13637,  1.36,     808,  0.16,   12829,  2.61
 664,151.00,   14930,  1.49,     998,  0.20,   13932,  2.83
 665,152.00,   15985,  1.60,    1457,  0.30,   14528,  2.96
 666,153.00,   16778,  1.68,    1863,  0.38,   14915,  3.03
 667,154.00,   17844,  1.79,    2235,  0.45,   15609,  3.18
 668,155.00,   18911,  1.89,    2891,  0.59,   16020,  3.26
 669,156.00,   19971,  2.00,    3374,  0.69,   16597,  3.38
 670,157.00,   21495,  2.15,    4138,  0.84,   17357,  3.53
 671,158.00,   22913,  2.29,    4622,  0.94,   18291,  3.72
 672,159.00,   24032,  2.40,    4886,  0.99,   19146,  3.90
 673,160.00,   25139,  2.52,    5174,  1.05,   19965,  4.06
 674,161.00,   25874,  2.59,    5467,  1.11,   20407,  4.15
 675,162.00,   26589,  2.66,    5923,  1.21,   20666,  4.20
 676,163.00,   27508,  2.75,    6577,  1.34,   20931,  4.26
 677,164.00,   28444,  2.85,    6892,  1.40,   21552,  4.38
 678,165.00,   28555,  2.86,    6510,  1.32,   22045,  4.49
 679,166.00,   28728,  2.87,    6312,  1.28,   22416,  4.56
 680,167.00,   29353,  2.94,    6169,  1.26,   23184,  4.72
 681,168.00,   29649,  2.97,    5936,  1.21,   23713,  4.82
 682,169.00,   29618,  2.96,    5436,  1.11,   24182,  4.92
 683,170.00,   29706,  2.97,    4772,  0.97,   24934,  5.07
 684,171.00,   29603,  2.96,    4121,  0.84,   25482,  5.18
 685,172.00,   29472,  2.95,    3621,  0.74,   25851,  5.26
 686,173.00,   28794,  2.88,    3148,  0.64,   25646,  5.22
 687,174.00,   28116,  2.81,    2814,  0.57,   25302,  5.15
 688,175.00,   28199,  2.82,    2872,  0.58,   25327,  5.15
 689,176.00,   28061,  2.81,    3008,  0.61,   25053,  5.10
 690,177.00,   27343,  2.74,    2874,  0.58,   24469,  4.98
 691,178.00,   26324,  2.63,    2458,  0.50,   23866,  4.86
 692,179.00,   25733,  2.57,    2310,  0.47,   23423,  4.77
 693,180.00,   25543,  2.56,    2509,  0.51,   23034,  4.69
 694,181.00,   25206,  2.52,    2594,  0.53,   22612,  4.60
 695,182.00,   24429,  2.44,    2440,  0.50,   21989,  4.47
 696,183.00,   23251,  2.33,    2368,  0.48,   20883,  4.25
 697,184.00,   22546,  2.26,    2564,  0.52,   19982,  4.07
 698,185.00,   21933,  2.19,    2791,  0.57,   19142,  3.89
 699,186.00,   21111,  2.11,    2808,  0.57,   18303,  3.72
 700,187.00,   20069,  2.01,    2513,  0.51,   17556,  3.57
 701,188.00,   18430,  1.84,    1997,  0.41,   16433,  3.34
 702,189.00,   15710,  1.57,     990,  0.20,   14720,  2.99
 703,190.00,   12598,  1.26,     122,  0.02,   12476,  2.54
 704,191.00,    9942,  0.99,    -370, -0.08,   10312,  2.10
 705,192.00,    8139,  0.81,    -517, -0.11,    8656,  1.76
 706,193.00,    6613,  0.66,    -321, -0.07,    6934,  1.41
 707,194.00,    4445,  0.44,    -411, -0.08,    4856,  0.99
 708,195.00,    1693,  0.17,    -917, -0.19,    2610,  0.53
 709,196.00,    -858, -0.09,   -1393, -0.28,     535,  0.11
 710,197.00,   -3546, -0.35,   -1934, -0.39,   -1612, -0.33
 711,198.00,   -6275, -0.63,   -2482, -0.50,   -3793, -0.77
 712,199.00,   -8796, -0.88,   -3185, -0.65,   -5611, -1.14
 713,200.00,  -11484, -1.15,   -4194, -0.85,   -7290, -1.48
 714,201.00,  -14243, -1.43,   -5204, -1.06,   -9039, -1.84
 715,202.00,  -16818, -1.68,   -6104, -1.24,  -10714, -2.18
 716,203.00,  -19117, -1.91,   -6871, -1.40,  -12246, -2.49
 717,204.00,  -20977, -2.10,   -7198, -1.46,  -13779, -2.80
 718,205.00,  -22572, -2.26,   -7476, -1.52,  -15096, -3.07
 719,206.00,  -24372, -2.44,   -8267, -1.68,  -16105, -3.28
 720,207.00,  -25777, -2.58,   -8977, -1.83,  -16800, -3.42
 721,208.00,  -27471, -2.75,   -9578, -1.95,  -17893, -3.64
 722,209.00,  -29663, -2.97,  -10345, -2.10,  -19318, -3.93
 723,210.00,  -31710, -3.17,  -11292, -2.30,  -20418, -4.15
 724,211.00,  -33502, -3.35,  -12377, -2.52,  -21125, -4.30
 725,212.00,  -35243, -3.53,  -13342, -2.71,  -21901, -4.46
 726,213.00,  -36940, -3.70,  -14401, -2.93,  -22539, -4.59
 727,214.00,  -38490, -3.85,  -15282, -3.11,  -23208, -4.72
 728,215.00,  -39897, -3.99,  -16143, -3.28,  -23754, -4.83
 729,216.00,  -41027, -4.11,  -16950, -3.45,  -24077, -4.90
 730,217.00,  -42114, -4.21,  -18019, -3.67,  -24095, -4.90
 731,218.00,  -43032, -4.31,  -18714, -3.81,  -24318, -4.95
 732,219.00,  -43713, -4.37,  -18971, -3.86,  -24742, -5.03
 733,220.00,  -44402, -4.44,  -19400, -3.95,  -25002, -5.09
 734,221.00,  -45281, -4.53,  -19993, -4.07,  -25288, -5.15
 735,222.00,  -46135, -4.62,  -20206, -4.11,  -25929, -5.28
 736,223.00,  -46416, -4.64,  -20124, -4.09,  -26292, -5.35
 737,224.00,  -46587, -4.66,  -20101, -4.09,  -26486, -5.39
 738,225.00,  -46453, -4.65,  -19974, -4.06,  -26479, -5.39
 739,226.00,  -45613, -4.56,  -19333, -3.93,  -26280, -5.35
 740,227.00,  -44103, -4.41,  -18117, -3.69,  -25986, -5.29
 741,228.00,  -42863, -4.29,  -17138, -3.49,  -25725, -5.23
 742,229.00,  -41828, -4.19,  -16350, -3.33,  -25478, -5.18
 743,230.00,  -40747, -4.08,  -15604, -3.17,  -25143, -5.12
 744,231.00,  -39565, -3.96,  -14860, -3.02,  -24705, -5.03
 745,232.00,  -38198, -3.82,  -14121, -2.87,  -24077, -4.90
 746,233.00,  -36415, -3.64,  -13168, -2.68,  -23247, -4.73
 747,234.00,  -34624, -3.46,  -12088, -2.46,  -22536, -4.59
 748,235.00,  -32923, -3.29,  -10910, -2.22,  -22013, -4.48
 749,236.00,  -31343, -3.14,   -9803, -1.99,  -21540, -4.38
 750,237.00,  -30087, -3.01,   -8812, -1.79,  -21275, -4.33
 751,238.00,  -29272, -2.93,   -8122, -1.65,  -21150, -4.30
 752,239.00,  -28739, -2.88,   -7558, -1.54,  -21181, -4.31
 753,240.00,  -27874, -2.79,   -6767, -1.38,  -21107, -4.29
 754,241.00,  -27038, -2.71,   -6079, -1.24,  -20959, -4.26
 755,242.00,  -26242, -2.63,   -5584, -1.14,  -20658, -4.20
 756,243.00,  -25930, -2.59,   -5224, -1.06,  -20706, -4.21
 757,244.00,  -25953, -2.60,   -5081, -1.03,  -20872, -4.25
 758,245.00,  -25928, -2.59,   -4975, -1.01,  -20953, -4.26
 759,246.00,  -25807, -2.58,   -4336, -0.88,  -21471, -4.37
 760,247.00,  -25331, -2.53,   -3484, -0.71,  -21847, -4.44
 761,248.00,  -24384, -2.44,   -2409, -0.49,  -21975, -4.47
 762,249.00,  -23938, -2.40,   -1705, -0.35,  -22233, -4.52
 763,250.00,  -23594, -2.36,   -1060, -0.22,  -22534, -4.58
 764,251.00,  -22749, -2.28,    -420, -0.09,  -22329, -4.54
 765,252.00,  -21459, -2.15,     424,  0.09,  -21883, -4.45
 766,253.00,  -20178, -2.02,    1202,  0.24,  -21380, -4.35
 767,254.00,  -18191, -1.82,    2206,  0.45,  -20397, -4.15
 768,255.00,  -16222, -1.62,    3272,  0.67,  -19494, -3.97
 769,256.00,  -14760, -1.48,    4290,  0.87,  -19050, -3.88
 770,257.00,  -13717, -1.37,    4992,  1.02,  -18709, -3.81
 771,258.00,  -12432, -1.24,    5828,  1.19,  -18260, -3.72
 772,259.00,  -10940, -1.09,    7192,  1.46,  -18132, -3.69
 773,260.00,   -9147, -0.92,    8515,  1.73,  -17662, -3.59
 774,261.00,   -7014, -0.70,    9933,  2.02,  -16947, -3.45
 775,262.00,   -4751, -0.48,   11453,  2.33,  -16204, -3.30
 776,263.00,   -2676, -0.27,   13102,  2.67,  -15778, -3.21
 777,264.00,   -1024, -0.10,   14552,  2.96,  -15576, -3.17
 778,265.00,     532,  0.05,   15903,  3.24,  -15371, -3.13
 779,266.00,    2047,  0.20,   17093,  3.48,  -15046, -3.06
 780,267.00,    3620,  0.36,   18368,  3.74,  -14748, -3.00
 781,268.00,    5497,  0.55,   19664,  4.00,  -14167, -2.88
 782,269.00,    7963,  0.80,   20960,  4.26,  -12997, -2.64
 783,270.00,   10092,  1.01,   22055,  4.49,  -11963, -2.43
 784,271.00,   12075,  1.21,   23215,  4.72,  -11140, -2.27
 785,272.00,   14136,  1.41,   24553,  5.00,  -10417, -2.12
 786,273.00,   16020,  1.60,   25602,  5.21,   -9582, -1.95
 787,274.00,   17013,  1.70,   26305,  5.35,   -9292, -1.89
 788,275.00,   18202,  1.82,   27086,  5.51,   -8884, -1.81
 789,276.00,   19986,  2.00,   28002,  5.70,   -8016, -1.63
 790,277.00,   21688,  2.17,   28460,  5.79,   -6772, -1.38
 791,278.00,   23432,  2.34,   28679,  5.83,   -5247, -1.07
 792,279.00,   24905,  2.49,   29026,  5.91,   -4121, -0.84
 793,280.00,   26755,  2.68,   29744,  6.05,   -2989, -0.61
 794,281.00,   28227,  2.82,   30057,  6.12,   -1830, -0.37
 795,282.00,   29567,  2.96,   30205,  6.15,    -638, -0.13
 796,283.00,   30438,  3.05,   29989,  6.10,     449,  0.09
 797,284.00,   31210,  3.12,   29481,  6.00,    1729,  0.35
 798,285.00,   31813,  3.18,   28608,  5.82,    3205,  0.65
 799,286.00,   32164,  3.22,   27587,  5.61,    4577,  0.93
 800,287.00,   33034,  3.31,   26843,  5.46,    6191,  1.26
 801,288.00,   33942,  3.40,   26066,  5.30,    7876,  1.60
 802,289.00,   34691,  3.47,   25390,  5.17,    9301,  1.89
 803,290.00,   35546,  3.56,   24999,  5.09,   10547,  2.15
 804,291.00,   35963,  3.60,   24379,  4.96,   11584,  2.36
 805,292.00,   36084,  3.61,   23802,  4.84,   12282,  2.50
 806,293.00,   36363,  3.64,   23434,  4.77,   12929,  2.63
 807,294.00,   36377,  3.64,   23044,  4.69,   13333,  2.71
 808,295.00,   36298,  3.63,   22738,  4.63,   13560,  2.76
 809,296.00,   36725,  3.67,   22673,  4.61,   14052,  2.86
 810,297.00,   36842,  3.69,   22255,  4.53,   14587,  2.97
 811,298.00,   36167,  3.62,   21288,  4.33,   14879,  3.03
 812,299.00,   35286,  3.53,   20287,  4.13,   14999,  3.05
 813,300.00,   35036,  3.51,   19662,  4.00,   15374,  3.13
 814,301.00,   35593,  3.56,   19133,  3.89,   16460,  3.35
 815,302.00,   35613,  3.56,   18667,  3.80,   16946,  3.45
 816,303.00,   34929,  3.50,   17831,  3.63,   17098,  3.48
 817,304.00,   34124,  3.41,   16817,  3.42,   17307,  3.52
 818,305.00,   33929,  3.39,   16200,  3.30,   17729,  3.61
 819,306.00,   33888,  3.39,   15797,  3.21,   18091,  3.68
 820,307.00,   33526,  3.35,   15196,  3.09,   18330,  3.73
 821,308.00,   33267,  3.33,   14912,  3.03,   18355,  3.73
 822,309.00,   32891,  3.29,   14580,  2.97,   18311,  3.73
 823,310.00,   32337,  3.24,   14113,  2.87,   18224,  3.71
 824,311.00,   32102,  3.21,   13980,  2.84,   18122,  3.69
 825,312.00,   31948,  3.20,   13868,  2.82,   18080,  3.68
 826,313.00,   31979,  3.20,   13849,  2.82,   18130,  3.69
 827,314.00,   31875,  3.19,   13821,  2.81,   18054,  3.67
 828,315.00,   32492,  3.25,   14013,  2.85,   18479,  3.76
 829,316.00,   33193,  3.32,   14284,  2.91,   18909,  3.85
 830,317.00,   34429,  3.44,   14673,  2.99,   19756,  4.02
 831,318.00,   35538,  3.56,   14935,  3.04,   20603,  4.19
 832,319.00,   36075,  3.61,   14838,  3.02,   21237,  4.32
 833,320.00,   36222,  3.62,   14573,  2.96,   21649,  4.40
 834,321.00,   35983,  3.60,   14146,  2.88,   21837,  4.44
 835,322.00,   36166,  3.62,   13838,  2.82,   22328,  4.54
 836,323.00,   36228,  3.62,   13472,  2.74,   22756,  4.63
 837,324.00,   35663,  3.57,   13015,  2.65,   22648,  4.61
 838,325.00,   35614,  3.56,   12612,  2.57,   23002,  4.68
 839,326.00,   35780,  3.58,   12571,  2.56,   23209,  4.72
 840,327.00,   36140,  3.62,   12694,  2.58,   23446,  4.77
 841,328.00,   36761,  3.68,   12507,  2.54,   24254,  4.93
 842,329.00,   36697,  3.67,   12219,  2.49,   24478,  4.98
 843,330.00,   36644,  3.67,   12210,  2.48,   24434,  4.97
 844,331.00,   37063,  3.71,   12812,  2.61,   24251,  4.93
 845,332.00,   37540,  3.76,   13375,  2.72,   24165,  4.92
 846,333.00,   37374,  3.74,   13626,  2.77,   23748,  4.83
 847,334.00,   37507,  3.75,   14228,  2.89,   23279,  4.74
 848,335.00,   37632,  3.77,   14911,  3.03,   22721,  4.62
 849,336.00,   37488,  3.75,   15480,  3.15,   22008,  4.48
 850,337.00,   37481,  3.75,   15765,  3.21,   21716,  4.42
 851,338.00,   37545,  3.76,   16154,  3.29,   21391,  4.35
 852,339.00,   38275,  3.83,   16638,  3.39,   21637,  4.40
 853,340.00,   38982,  3.90,   17469,  3.55,   21513,  4.38
 854,341.00,   39176,  3.92,   18203,  3.70,   20973,  4.27
 855,342.00,   39134,  3.92,   18738,  3.81,   20396,  4.15
 856,343.00,   38931,  3.90,   19198,  3.91,   19733,  4.01
 857,344.00,   39643,  3.97,   19813,  4.03,   19830,  4.03
 858,345.00,   40605,  4.06,   20686,  4.21,   19919,  4.05
 859,346.00,   41021,  4.10,   21646,  4.40,   19375,  3.94
 860,347.00,   40904,  4.09,   22254,  4.53,   18650,  3.79
 861,348.00,   40721,  4.07,   22512,  4.58,   18209,  3.70
 862,349.00,   41026,  4.11,   22792,  4.64,   18234,  3.71
 863,350.00,   42038,  4.21,   23189,  4.72,   18849,  3.83
 864,351.00,   42988,  4.30,   23638,  4.81,   19350,  3.94
 865,352.00,   43502,  4.35,   24330,  4.95,   19172,  3.90
 866,353.00,   43671,  4.37,   25019,  5.09,   18652,  3.79
 867,354.00,   43973,  4.40,   25653,  5.22,   18320,  3.73
 868,355.00,   44528,  4.46,   26327,  5.36,   18201,  3.70
 869,356.00,   44773,  4.48,   26884,  5.47,   17889,  3.64
 870,357.00,   45109,  4.51,   27486,  5.59,   17623,  3.59
 871,358.00,   45293,  4.53,   27832,  5.66,   17461,  3.55
 872,359.00,   45367,  4.54,   28221,  5.74,   17146,  3.49
 873,360.00,   45271,  4.53,   28769,  5.85,   16502,  3.36
 874,361.00,   45197,  4.52,   29390,  5.98,   15807,  3.22
 875,362.00,   45732,  4.58,   30402,  6.19,   15330,  3.12
 876,363.00,   46241,  4.63,   31296,  6.37,   14945,  3.04
 877,364.00,   46425,  4.65,   31764,  6.46,   14661,  2.98
 878,365.00,   46797,  4.68,   32210,  6.55,   14587,  2.97
 879,366.00,   47792,  4.78,   33028,  6.72,   14764,  3.00
 880,367.00,   48486,  4.85,   33921,  6.90,   14565,  2.96
 881,368.00,   48742,  4.88,   34379,  6.99,   14363,  2.92
 882,369.00,   48546,  4.86,   34595,  7.04,   13951,  2.84
 883,370.00,   49045,  4.91,   34834,  7.09,   14211,  2.89
 884,371.00,   49563,  4.96,   35073,  7.14,   14490,  2.95
 885,372.00,   50204,  5.02,   35461,  7.21,   14743,  3.00
 886,373.00,   51212,  5.12,   36275,  7.38,   14937,  3.04
 887,374.00,   52195,  5.22,   37261,  7.58,   14934,  3.04
 888,375.00,   52835,  5.29,   38261,  7.78,   14574,  2.97
 889,376.00,   53190,  5.32,   38901,  7.91,   14289,  2.91
 890,377.00,   53422,  5.35,   39435,  8.02,   13987,  2.85
 891,378.00,   53756,  5.38,   39946,  8.13,   13810,  2.81
 892,379.00,   53982,  5.40,   40416,  8.22,   13566,  2.76
 893,380.00,   54123,  5.42,   40769,  8.29,   13354,  2.72
 894,381.00,   53876,  5.39,   40871,  8.32,   13005,  2.65
 895,382.00,   53773,  5.38,   41221,  8.39,   12552,  2.55
 896,383.00,   53498,  5.35,   41584,  8.46,   11914,  2.42
 897,384.00,   53468,  5.35,   42009,  8.55,   11459,  2.33
 898,385.00,   52958,  5.30,   42017,  8.55,   10941,  2.23
 899,386.00,   51821,  5.19,   41781,  8.50,   10040,  2.04
 900,387.00,   51151,  5.12,   41708,  8.49,    9443,  1.92
 901,388.00,   50536,  5.06,   41620,  8.47,    8916,  1.81
 902,389.00,   49935,  5.00,   41435,  8.43,    8500,  1.73
 903,390.00,   49794,  4.98,   41344,  8.41,    8450,  1.72
 904,391.00,   49318,  4.93,   41070,  8.36,    8248,  1.68
 905,392.00,   47992,  4.80,   40488,  8.24,    7504,  1.53
 906,393.00,   46682,  4.67,   40014,  8.14,    6668,  1.36
 907,394.00,   45256,  4.53,   39464,  8.03,    5792,  1.18
 908,395.00,   43869,  4.39,   38859,  7.91,    5010,  1.02
 909,396.00,   42874,  4.29,   38580,  7.85,    4294,  0.87
 910,397.00,   41797,  4.18,   37994,  7.73,    3803,  0.77
 911,398.00,   39911,  3.99,   36738,  7.47,    3173,  0.65
 912,399.00,   37993,  3.80,   35571,  7.24,    2422,  0.49
 913,400.00,   36335,  3.64,   34451,  7.01,    1884,  0.38
 914,401.00,   34254,  3.43,   33180,  6.75,    1074,  0.22
 915,402.00,   32574,  3.26,   32458,  6.60,     116,  0.02
 916,403.00,   30760,  3.08,   31728,  6.46,    -968, -0.20
 917,404.00,   29018,  2.90,   30857,  6.28,   -1839, -0.37
 918,405.00,   27508,  2.75,   29882,  6.08,   -2374, -0.48
 919,406.00,   25905,  2.59,   28997,  5.90,   -3092, -0.63
 920,407.00,   24318,  2.43,   28036,  5.70,   -3718, -0.76
 921,408.00,   22380,  2.24,   27185,  5.53,   -4805, -0.98
 922,409.00,   20276,  2.03,   26572,  5.41,   -6296, -1.28
 923,410.00,   18232,  1.82,   25899,  5.27,   -7667, -1.56
 924,411.00,   16635,  1.66,   25317,  5.15,   -8682, -1.77
 925,412.00,   15136,  1.51,   24821,  5.05,   -9685, -1.97
 926,413.00,   13377,  1.34,   24046,  4.89,  -10669, -2.17
 927,414.00,   11890,  1.19,   23214,  4.72,  -11324, -2.30
 928,415.00,   10698,  1.07,   22453,  4.57,  -11755, -2.39
 929,416.00,    9666,  0.97,   21741,  4.42,  -12075, -2.46
 930,417.00,    9102,  0.91,   21234,  4.32,  -12132, -2.47
 931,418.00,    8601,  0.86,   20703,  4.21,  -12102, -2.46
 932,419.00,    7696,  0.77,   19948,  4.06,  -12252, -2.49
 933,420.00,    6368,  0.64,   18999,  3.87,  -12631, -2.57
 934,421.00,    5117,  0.51,   18099,  3.68,  -12982, -2.64
 935,422.00,    3781,  0.38,   17294,  3.52,  -13513, -2.75
 936,423.00,    2713,  0.27,   16560,  3.37,  -13847, -2.82
 937,424.00,    1563,  0.16,   15690,  3.19,  -14127, -2.87
 938,425.00,     105,  0.01,   14962,  3.04,  -14857, -3.02
 939,426.00,   -1026, -0.10,   14548,  2.96,  -15574, -3.17
 940,427.00,   -2234, -0.22,   14122,  2.87,  -16356, -3.33
 941,428.00,   -3145, -0.31,   13552,  2.76,  -16697, -3.40
 942,429.00,   -4319, -0.43,   12694,  2.58,  -17013, -3.46
 943,430.00,   -5585, -0.56,   12106,  2.46,  -17691, -3.60
 944,431.00,   -6519, -0.65,   11669,  2.37,  -18188, -3.70
 945,432.00,   -7648, -0.77,   11098,  2.26,  -18746, -3.81
 946,433.00,   -8824, -0.88,    9957,  2.03,  -18781, -3.82
 947,434.00,   -9581, -0.96,    8673,  1.76,  -18254, -3.71
 948,435.00,  -10032, -1.00,    7822,  1.59,  -17854, -3.63
 949,436.00,  -10178, -1.02,    7248,  1.47,  -17426, -3.55
 950,437.00,  -10363, -1.04,    6680,  1.36,  -17043, -3.47
 951,438.00,  -10358, -1.04,    6099,  1.24,  -16457, -3.35
 952,439.00,  -10086, -1.01,    5437,  1.11,  -15523, -3.16
 953,440.00,   -9761, -0.98,    5074,  1.03,  -14835, -3.02
 954,441.00,   -9559, -0.96,    4775,  0.97,  -14334, -2.92
 955,442.00,   -9209, -0.92,    4222,  0.86,  -13431, -2.73
 956,443.00,   -8432, -0.84,    3903,  0.79,  -12335, -2.51
 957,444.00,   -7182, -0.72,    3947,  0.80,  -11129, -2.26
 958,445.00,   -5906, -0.59,    4019,  0.82,   -9925, -2.02
 959,446.00,   -4693, -0.47,    3947,  0.80,   -8640, -1.76
 960,447.00,   -3526, -0.35,    4047,  0.82,   -7573, -1.54
 961,448.00,   -2492, -0.25,    4251,  0.86,   -6743, -1.37
 962,449.00,   -1558, -0.16,    4348,  0.88,   -5906, -1.20
 963,450.00,    -633, -0.06,    4389,  0.89,   -5022, -1.02
 964,451.00,    -108, -0.01,    4206,  0.86,   -4314, -0.88
 965,452.00,     391,  0.04,    3924,  0.80,   -3533, -0.72
 966,453.00,     762,  0.08,    3652,  0.74,   -2890, -0.59
 967,454.00,     814,  0.08,    3171,  0.65,   -2357, -0.48
 968,455.00,     757,  0.08,    2737,  0.56,   -1980, -0.40
 969,456.00,     839,  0.08,    2616,  0.53,   -1777, -0.36
 970,457.00,     471,  0.05,    2631,  0.54,   -2160, -0.44
 971,458.00,     282,  0.03,    2811,  0.57,   -2529, -0.51
 972,459.00,     269,  0.03,    3215,  0.65,   -2946, -0.60
 973,460.00,     275,  0.03,    3601,  0.73,   -3326, -0.68
 974,461.00,     328,  0.03,    3755,  0.76,   -3427, -0.70
 975,462.00,     108,  0.01,    3910,  0.80,   -3802, -0.77
 976,463.00,     -34, -0.00,    4249,  0.86,   -4283, -0.87
 977,464.00,    -434, -0.04,    4584,  0.93,   -5018, -1.02
 978,465.00,    -580, -0.06,    4914,  1.00,   -5494, -1.12
 979,466.00,    -178, -0.02,    5460,  1.11,   -5638, -1.15
 980,467.00,      63,  0.00,    5686,  1.16,   -5623, -1.14
 981,468.00,     494,  0.05,    5808,  1.18,   -5314, -1.08
 982,469.00,     423,  0.04,    5871,  1.19,   -5448, -1.11
 983,470.00,    -207, -0.02,    5619,  1.14,   -5826, -1.19
 984,471.00,    -582, -0.06,    5268,  1.07,   -5850, -1.19
 985,472.00,       2,  0.00,    5527,  1.12,   -5525, -1.12
 986,473.00,     437,  0.04,    5983,  1.22,   -5546, -1.13
 987,474.00,     912,  0.09,    6119,  1.24,   -5207, -1.06
 988,475.00,    1559,  0.16,    6222,  1.27,   -4663, -0.95
 989,476.00,    1553,  0.16,    6152,  1.25,   -4599, -0.94
 990,477.00,    1650,  0.17,    6007,  1.22,   -4357, -0.89
 991,478.00,    2161,  0.22,    6135,  1.25,   -3974, -0.81
 992,479.00,    2694,  0.27,    6510,  1.32,   -3816, -0.78
 993,480.00,    3223,  0.32,    6737,  1.37,   -3514, -0.71
 994,481.00,    3819,  0.38,    6812,  1.39,   -2993, -0.61
 995,482.00,    4689,  0.47,    7010,  1.43,   -2321, -0.47
 996,483.00,    5140,  0.51,    6889,  1.40,   -1749, -0.36
 997,484.00,    5803,  0.58,    6723,  1.37,    -920, -0.19
 998,485.00,    6684,  0.67,    6684,  1.36,       0,  0.00
 999,486.00,    7943,  0.79,    6972,  1.42,     971,  0.20
1000,487.00,    8775,  0.88,    6950,  1.41,    1825,  0.37
1001,488.00,    9293,  0.93,    6514,  1.33,    2779,  0.57
1002,489.00,    9396,  0.94,    5762,  1.17,    3634,  0.74
1003,490.00,    8922,  0.89,    4939,  1.00,    3983,  0.81
1004,491.00,    8561,  0.86,    4215,  0.86,    4346,  0.88
1005,492.00,    8515,  0.85,    3475,  0.71,    5040,  1.03
1006,493.00,    8429,  0.84,    2900,  0.59,    5529,  1.12
1007,494.00,    7623,  0.76,    1782,  0.36,    5841,  1.19
1008,495.00,    6792,  0.68,     621,  0.13,    6171,  1.26
1009,496.00,    5927,  0.59,    -405, -0.08,    6332,  1.29
1010,497.00,    4919,  0.49,   -1254, -0.26,    6173,  1.26
1011,498.00,    3924,  0.39,   -2023, -0.41,    5947,  1.21
1012,499.00,    2749,  0.28,   -3278, -0.67,    6027,  1.23
1013,500.00,    1048,  0.10,   -4854, -0.99,    5902,  1.20
1014,501.00,    -638, -0.06,   -6543, -1.33,    5905,  1.20
1015,502.00,   -2438, -0.24,   -8103, -1.65,    5665,  1.15
1016,503.00,   -4832, -0.48,   -9740, -1.98,    4908,  1.00
1017,504.00,   -6923, -0.69,  -11425, -2.32,    4502,  0.92
1018,505.00,   -8768, -0.88,  -13438, -2.73,    4670,  0.95
1019,506.00,  -10190, -1.02,  -15185, -3.09,    4995,  1.02
1020,507.00,  -11851, -1.19,  -16719, -3.40,    4868,  0.99
1021,508.00,  -13721, -1.37,  -18076, -3.68,    4355,  0.89
1022,509.00,  -15260, -1.53,  -19144, -3.89,    3884,  0.79
1023,510.00,  -16937, -1.69,  -20198, -4.11,    3261,  0.66
1024,511.00,  -18186, -1.82,  -21229, -4.32,    3043,  0.62
