-----------------------------------------------------------------------------------
Identifier:,IHS5922-20199501
File Name:,ASRP70A.3
Ear:,R
Channel:,1
Intensity:,70 dB HL
Stim. Rate:,  1.10/s
Stim. Mode:,0
Sweeps:,174
Artifacts:,62
Smp. Period:,1000.00 us
Amp. Gain:, 50.00 K
Low Pass:, 30.00 Hz
High Pass:,  1.00 Hz
Notch Filter:,TRUE
Stimulus:,100
Stim. Freq.:,1000 Hz
Stim. Dur.:,2000 pnts
Masking:,0 dB SPL
Stim. Point:,513
-----------------------------------------------------------------------------------
Peak Information:,Label,Peak(+),Peak(+)(ms),Peak(-),Peak(-)(ms)
,20, 678,165.00, 773,260.00,
,17, 601,88.00, 678,165.00,
-----------------------------------------------------------------------------------


Data Pnt:,Data Pnt(ms):,Average:,Average(uV):,Buffer1:,Buffer1(uV):,Buffer2:,Buffer2(uV):
   1,-512.00,       0,  0.00,       0,  0.00,       0,  0.00
   2,-511.00,       0,  0.00,       0,  0.00,       0,  0.00
   3,-510.00,       0,  0.00,       0,  0.00,       0,  0.00
   4,-509.00,       0,  0.00,       0,  0.00,       0,  0.00
   5,-508.00,       0,  0.00,       0,  0.00,       0,  0.00
   6,-507.00,       0,  0.00,       0,  0.00,       0,  0.00
   7,-506.00,       0,  0.00,       0,  0.00,       0,  0.00
   8,-505.00,       0,  0.00,       0,  0.00,       0,  0.00
   9,-504.00,       0,  0.00,       0,  0.00,       0,  0.00
  10,-503.00,       0,  0.00,       0,  0.00,       0,  0.00
  11,-502.00,       0,  0.00,       0,  0.00,       0,  0.00
  12,-501.00,       0,  0.00,       0,  0.00,       0,  0.00
  13,-500.00,       0,  0.00,       0,  0.00,       0,  0.00
  14,-499.00,       0,  0.00,       0,  0.00,       0,  0.00
  15,-498.00,       0,  0.00,       0,  0.00,       0,  0.00
  16,-497.00,       0,  0.00,       0,  0.00,       0,  0.00
  17,-496.00,       0,  0.00,       0,  0.00,       0,  0.00
  18,-495.00,       0,  0.00,       0,  0.00,       0,  0.00
  19,-494.00,       0,  0.00,       0,  0.00,       0,  0.00
  20,-493.00,       0,  0.00,       0,  0.00,       0,  0.00
  21,-492.00,       0,  0.00,       0,  0.00,       0,  0.00
  22,-491.00,       0,  0.00,       0,  0.00,       0,  0.00
  23,-490.00,       0,  0.00,       0,  0.00,       0,  0.00
  24,-489.00,       0,  0.00,       0,  0.00,       0,  0.00
  25,-488.00,       0,  0.00,       0,  0.00,       0,  0.00
  26,-487.00,       0,  0.00,       0,  0.00,       0,  0.00
  27,-486.00,       0,  0.00,       0,  0.00,       0,  0.00
  28,-485.00,       0,  0.00,       0,  0.00,       0,  0.00
  29,-484.00,       0,  0.00,       0,  0.00,       0,  0.00
  30,-483.00,       0,  0.00,       0,  0.00,       0,  0.00
  31,-482.00,       0,  0.00,       0,  0.00,       0,  0.00
  32,-481.00,       0,  0.00,       0,  0.00,       0,  0.00
  33,-480.00,       0,  0.00,       0,  0.00,       0,  0.00
  34,-479.00,       0,  0.00,       0,  0.00,       0,  0.00
  35,-478.00,       0,  0.00,       0,  0.00,       0,  0.00
  36,-477.00,       0,  0.00,       0,  0.00,       0,  0.00
  37,-476.00,       0,  0.00,       0,  0.00,       0,  0.00
  38,-475.00,       0,  0.00,       0,  0.00,       0,  0.00
  39,-474.00,       0,  0.00,       0,  0.00,       0,  0.00
  40,-473.00,       0,  0.00,       0,  0.00,       0,  0.00
  41,-472.00,       0,  0.00,       0,  0.00,       0,  0.00
  42,-471.00,       0,  0.00,       0,  0.00,       0,  0.00
  43,-470.00,       0,  0.00,       0,  0.00,       0,  0.00
  44,-469.00,       0,  0.00,       0,  0.00,       0,  0.00
  45,-468.00,       0,  0.00,       0,  0.00,       0,  0.00
  46,-467.00,       0,  0.00,       0,  0.00,       0,  0.00
  47,-466.00,       0,  0.00,       0,  0.00,       0,  0.00
  48,-465.00,       0,  0.00,       0,  0.00,       0,  0.00
  49,-464.00,       0,  0.00,       0,  0.00,       0,  0.00
  50,-463.00,       0,  0.00,       0,  0.00,       0,  0.00
  51,-462.00,       0,  0.00,       0,  0.00,       0,  0.00
  52,-461.00,       0,  0.00,       0,  0.00,       0,  0.00
  53,-460.00,       0,  0.00,       0,  0.00,       0,  0.00
  54,-459.00,       0,  0.00,       0,  0.00,       0,  0.00
  55,-458.00,       0,  0.00,       0,  0.00,       0,  0.00
  56,-457.00,       0,  0.00,       0,  0.00,       0,  0.00
  57,-456.00,       0,  0.00,       0,  0.00,       0,  0.00
  58,-455.00,       0,  0.00,       0,  0.00,       0,  0.00
  59,-454.00,       0,  0.00,       0,  0.00,       0,  0.00
  60,-453.00,       0,  0.00,       0,  0.00,       0,  0.00
  61,-452.00,       0,  0.00,       0,  0.00,       0,  0.00
  62,-451.00,       0,  0.00,       0,  0.00,       0,  0.00
  63,-450.00,       0,  0.00,       0,  0.00,       0,  0.00
  64,-449.00,       0,  0.00,       0,  0.00,       0,  0.00
  65,-448.00,       0,  0.00,       0,  0.00,       0,  0.00
  66,-447.00,       0,  0.00,       0,  0.00,       0,  0.00
  67,-446.00,       0,  0.00,       0,  0.00,       0,  0.00
  68,-445.00,       0,  0.00,       0,  0.00,       0,  0.00
  69,-444.00,       0,  0.00,       0,  0.00,       0,  0.00
  70,-443.00,       0,  0.00,       0,  0.00,       0,  0.00
  71,-442.00,       0,  0.00,       0,  0.00,       0,  0.00
  72,-441.00,       0,  0.00,       0,  0.00,       0,  0.00
  73,-440.00,       0,  0.00,       0,  0.00,       0,  0.00
  74,-439.00,       0,  0.00,       0,  0.00,       0,  0.00
  75,-438.00,       0,  0.00,       0,  0.00,       0,  0.00
  76,-437.00,       0,  0.00,       0,  0.00,       0,  0.00
  77,-436.00,       0,  0.00,       0,  0.00,       0,  0.00
  78,-435.00,       0,  0.00,       0,  0.00,       0,  0.00
  79,-434.00,       0,  0.00,       0,  0.00,       0,  0.00
  80,-433.00,       0,  0.00,       0,  0.00,       0,  0.00
  81,-432.00,       0,  0.00,       0,  0.00,       0,  0.00
  82,-431.00,       0,  0.00,       0,  0.00,       0,  0.00
  83,-430.00,       0,  0.00,       0,  0.00,       0,  0.00
  84,-429.00,       0,  0.00,       0,  0.00,       0,  0.00
  85,-428.00,       0,  0.00,       0,  0.00,       0,  0.00
  86,-427.00,       0,  0.00,       0,  0.00,       0,  0.00
  87,-426.00,       0,  0.00,       0,  0.00,       0,  0.00
  88,-425.00,       0,  0.00,       0,  0.00,       0,  0.00
  89,-424.00,       0,  0.00,       0,  0.00,       0,  0.00
  90,-423.00,       0,  0.00,       0,  0.00,       0,  0.00
  91,-422.00,       0,  0.00,       0,  0.00,       0,  0.00
  92,-421.00,       0,  0.00,       0,  0.00,       0,  0.00
  93,-420.00,       0,  0.00,       0,  0.00,       0,  0.00
  94,-419.00,       0,  0.00,       0,  0.00,       0,  0.00
  95,-418.00,       0,  0.00,       0,  0.00,       0,  0.00
  96,-417.00,       0,  0.00,       0,  0.00,       0,  0.00
  97,-416.00,       0,  0.00,       0,  0.00,       0,  0.00
  98,-415.00,       0,  0.00,       0,  0.00,       0,  0.00
  99,-414.00,       0,  0.00,       0,  0.00,       0,  0.00
 100,-413.00,       0,  0.00,       0,  0.00,       0,  0.00
 101,-412.00,       0,  0.00,       0,  0.00,       0,  0.00
 102,-411.00,       0,  0.00,       0,  0.00,       0,  0.00
 103,-410.00,       0,  0.00,       0,  0.00,       0,  0.00
 104,-409.00,       0,  0.00,       0,  0.00,       0,  0.00
 105,-408.00,       0,  0.00,       0,  0.00,       0,  0.00
 106,-407.00,       0,  0.00,       0,  0.00,       0,  0.00
 107,-406.00,       0,  0.00,       0,  0.00,       0,  0.00
 108,-405.00,       0,  0.00,       0,  0.00,       0,  0.00
 109,-404.00,       0,  0.00,       0,  0.00,       0,  0.00
 110,-403.00,       0,  0.00,       0,  0.00,       0,  0.00
 111,-402.00,       0,  0.00,       0,  0.00,       0,  0.00
 112,-401.00,       0,  0.00,       0,  0.00,       0,  0.00
 113,-400.00,       0,  0.00,       0,  0.00,       0,  0.00
 114,-399.00,       0,  0.00,       0,  0.00,       0,  0.00
 115,-398.00,       0,  0.00,       0,  0.00,       0,  0.00
 116,-397.00,   35715,  1.25,   21492,  1.51,   14223,  1.00
 117,-396.00,   38949,  1.37,   23065,  1.62,   15884,  1.11
 118,-395.00,   41910,  1.47,   26398,  1.85,   15512,  1.09
 119,-394.00,   45331,  1.59,   27283,  1.91,   18048,  1.27
 120,-393.00,   47375,  1.66,   28507,  2.00,   18868,  1.32
 121,-392.00,   51134,  1.79,   30783,  2.16,   20351,  1.43
 122,-391.00,   54202,  1.90,   30976,  2.17,   23226,  1.63
 123,-390.00,   52159,  1.83,   30199,  2.12,   21960,  1.54
 124,-389.00,   51567,  1.81,   30760,  2.16,   20807,  1.46
 125,-388.00,   52165,  1.83,   29948,  2.10,   22217,  1.56
 126,-387.00,   51064,  1.79,   27910,  1.96,   23154,  1.62
 127,-386.00,   52042,  1.83,   28577,  2.00,   23465,  1.65
 128,-385.00,   52683,  1.85,   29113,  2.04,   23570,  1.65
 129,-384.00,   52796,  1.85,   29702,  2.08,   23094,  1.62
 130,-383.00,   53561,  1.88,   28962,  2.03,   24599,  1.73
 131,-382.00,   52029,  1.83,   28693,  2.01,   23336,  1.64
 132,-381.00,   51276,  1.80,   27543,  1.93,   23733,  1.67
 133,-380.00,   49577,  1.74,   24997,  1.75,   24580,  1.72
 134,-379.00,   48864,  1.71,   24017,  1.68,   24847,  1.74
 135,-378.00,   46409,  1.63,   23267,  1.63,   23142,  1.62
 136,-377.00,   46592,  1.63,   23112,  1.62,   23480,  1.65
 137,-376.00,   47822,  1.68,   23292,  1.63,   24530,  1.72
 138,-375.00,   50001,  1.75,   24310,  1.71,   25691,  1.80
 139,-374.00,   50331,  1.77,   23195,  1.63,   27136,  1.90
 140,-373.00,   53139,  1.86,   22067,  1.55,   31072,  2.18
 141,-372.00,   52193,  1.83,   21020,  1.47,   31173,  2.19
 142,-371.00,   48843,  1.71,   20513,  1.44,   28330,  1.99
 143,-370.00,   47375,  1.66,   21959,  1.54,   25416,  1.78
 144,-369.00,   47870,  1.68,   23298,  1.63,   24572,  1.72
 145,-368.00,   51653,  1.81,   24631,  1.73,   27022,  1.90
 146,-367.00,   54331,  1.91,   25803,  1.81,   28528,  2.00
 147,-366.00,   51781,  1.82,   25375,  1.78,   26406,  1.85
 148,-365.00,   49360,  1.73,   24487,  1.72,   24873,  1.75
 149,-364.00,   46819,  1.64,   22251,  1.56,   24568,  1.72
 150,-363.00,   44934,  1.58,   20895,  1.47,   24039,  1.69
 151,-362.00,   41571,  1.46,   17912,  1.26,   23659,  1.66
 152,-361.00,   38270,  1.34,   16004,  1.12,   22266,  1.56
 153,-360.00,   39391,  1.38,   15086,  1.06,   24305,  1.71
 154,-359.00,   38686,  1.36,   14322,  1.00,   24364,  1.71
 155,-358.00,   41623,  1.46,   15630,  1.10,   25993,  1.82
 156,-357.00,   45815,  1.61,   19827,  1.39,   25988,  1.82
 157,-356.00,   46071,  1.62,   21149,  1.48,   24922,  1.75
 158,-355.00,   47534,  1.67,   21009,  1.47,   26525,  1.86
 159,-354.00,   48065,  1.69,   21364,  1.50,   26701,  1.87
 160,-353.00,   45192,  1.59,   18456,  1.29,   26736,  1.88
 161,-352.00,   41670,  1.46,   15838,  1.11,   25832,  1.81
 162,-351.00,   40999,  1.44,   15241,  1.07,   25758,  1.81
 163,-350.00,   42726,  1.50,   16043,  1.13,   26683,  1.87
 164,-349.00,   42688,  1.50,   14930,  1.05,   27758,  1.95
 165,-348.00,   42390,  1.49,   13141,  0.92,   29249,  2.05
 166,-347.00,   39165,  1.37,   10373,  0.73,   28792,  2.02
 167,-346.00,   35574,  1.25,    7196,  0.50,   28378,  1.99
 168,-345.00,   34704,  1.22,    5818,  0.41,   28886,  2.03
 169,-344.00,   35892,  1.26,    6459,  0.45,   29433,  2.06
 170,-343.00,   37429,  1.31,    7880,  0.55,   29549,  2.07
 171,-342.00,   37594,  1.32,    7934,  0.56,   29660,  2.08
 172,-341.00,   35392,  1.24,    5898,  0.41,   29494,  2.07
 173,-340.00,   32415,  1.14,    2803,  0.20,   29612,  2.08
 174,-339.00,   29806,  1.05,     602,  0.04,   29204,  2.05
 175,-338.00,   28098,  0.99,     294,  0.02,   27804,  1.95
 176,-337.00,   24186,  0.85,   -2817, -0.20,   27003,  1.89
 177,-336.00,   21931,  0.77,   -4386, -0.31,   26317,  1.85
 178,-335.00,   20796,  0.73,   -5034, -0.35,   25830,  1.81
 179,-334.00,   19908,  0.70,   -5923, -0.42,   25831,  1.81
 180,-333.00,   20313,  0.71,   -5638, -0.40,   25951,  1.82
 181,-332.00,   19483,  0.68,   -5667, -0.40,   25150,  1.76
 182,-331.00,   16128,  0.57,   -6405, -0.45,   22533,  1.58
 183,-330.00,   14320,  0.50,   -5192, -0.36,   19512,  1.37
 184,-329.00,   10931,  0.38,   -6295, -0.44,   17226,  1.21
 185,-328.00,    9786,  0.34,   -7111, -0.50,   16897,  1.19
 186,-327.00,    8213,  0.29,   -6747, -0.47,   14960,  1.05
 187,-326.00,    3664,  0.13,   -7487, -0.53,   11151,  0.78
 188,-325.00,    3155,  0.11,   -6379, -0.45,    9534,  0.67
 189,-324.00,    1574,  0.06,   -5663, -0.40,    7237,  0.51
 190,-323.00,   -2036, -0.07,   -5802, -0.41,    3766,  0.26
 191,-322.00,   -4456, -0.16,   -5388, -0.38,     932,  0.07
 192,-321.00,   -5066, -0.18,   -5503, -0.39,     437,  0.03
 193,-320.00,   -4266, -0.15,   -5483, -0.38,    1217,  0.09
 194,-319.00,   -3787, -0.13,   -4022, -0.28,     235,  0.02
 195,-318.00,   -8080, -0.28,   -5559, -0.39,   -2521, -0.18
 196,-317.00,  -11865, -0.42,   -5025, -0.35,   -6840, -0.48
 197,-316.00,  -15390, -0.54,   -4888, -0.34,  -10502, -0.74
 198,-315.00,  -19713, -0.69,   -5696, -0.40,  -14017, -0.98
 199,-314.00,  -23666, -0.83,   -6181, -0.43,  -17485, -1.23
 200,-313.00,  -24691, -0.87,   -4464, -0.31,  -20227, -1.42
 201,-312.00,  -24314, -0.85,   -3042, -0.21,  -21272, -1.49
 202,-311.00,  -25095, -0.88,   -2149, -0.15,  -22946, -1.61
 203,-310.00,  -30215, -1.06,   -2757, -0.19,  -27458, -1.93
 204,-309.00,  -31914, -1.12,   -2110, -0.15,  -29804, -2.09
 205,-308.00,  -31952, -1.12,     508,  0.04,  -32460, -2.28
 206,-307.00,  -33551, -1.18,     834,  0.06,  -34385, -2.41
 207,-306.00,  -36312, -1.27,     448,  0.03,  -36760, -2.58
 208,-305.00,  -38061, -1.34,    1468,  0.10,  -39529, -2.77
 209,-304.00,  -39184, -1.37,    2625,  0.18,  -41809, -2.93
 210,-303.00,  -43475, -1.53,     686,  0.05,  -44161, -3.10
 211,-302.00,  -47124, -1.65,    -958, -0.07,  -46166, -3.24
 212,-301.00,  -49818, -1.75,   -1700, -0.12,  -48118, -3.38
 213,-300.00,  -51697, -1.81,   -3058, -0.21,  -48639, -3.41
 214,-299.00,  -54228, -1.90,   -4997, -0.35,  -49231, -3.45
 215,-298.00,  -55515, -1.95,   -6348, -0.45,  -49167, -3.45
 216,-297.00,  -54695, -1.92,   -6582, -0.46,  -48113, -3.38
 217,-296.00,  -54929, -1.93,   -8387, -0.59,  -46542, -3.27
 218,-295.00,  -57594, -2.02,   -9908, -0.70,  -47686, -3.35
 219,-294.00,  -61536, -2.16,  -10822, -0.76,  -50714, -3.56
 220,-293.00,  -65025, -2.28,  -12452, -0.87,  -52573, -3.69
 221,-292.00,  -65916, -2.31,  -11536, -0.81,  -54380, -3.82
 222,-291.00,  -65285, -2.29,  -10159, -0.71,  -55126, -3.87
 223,-290.00,  -66961, -2.35,  -11679, -0.82,  -55282, -3.88
 224,-289.00,  -67581, -2.37,  -12914, -0.91,  -54667, -3.84
 225,-288.00,  -65521, -2.30,  -10792, -0.76,  -54729, -3.84
 226,-287.00,  -62244, -2.18,   -8357, -0.59,  -53887, -3.78
 227,-286.00,  -61174, -2.15,   -8206, -0.58,  -52968, -3.72
 228,-285.00,  -59245, -2.08,   -7065, -0.50,  -52180, -3.66
 229,-284.00,  -55836, -1.96,   -5411, -0.38,  -50425, -3.54
 230,-283.00,  -58014, -2.04,   -6114, -0.43,  -51900, -3.64
 231,-282.00,  -58782, -2.06,   -6586, -0.46,  -52196, -3.66
 232,-281.00,  -58177, -2.04,   -8331, -0.58,  -49846, -3.50
 233,-280.00,  -56320, -1.98,   -7825, -0.55,  -48495, -3.40
 234,-279.00,  -56128, -1.97,   -8230, -0.58,  -47898, -3.36
 235,-278.00,  -57053, -2.00,   -8297, -0.58,  -48756, -3.42
 236,-277.00,  -56379, -1.98,   -7326, -0.51,  -49053, -3.44
 237,-276.00,  -55575, -1.95,   -8735, -0.61,  -46840, -3.29
 238,-275.00,  -56735, -1.99,  -10731, -0.75,  -46004, -3.23
 239,-274.00,  -57608, -2.02,  -10845, -0.76,  -46763, -3.28
 240,-273.00,  -57511, -2.02,  -10886, -0.76,  -46625, -3.27
 241,-272.00,  -54353, -1.91,   -7622, -0.53,  -46731, -3.28
 242,-271.00,  -51902, -1.82,   -6819, -0.48,  -45083, -3.16
 243,-270.00,  -49715, -1.74,   -6346, -0.45,  -43369, -3.04
 244,-269.00,  -47770, -1.68,   -5110, -0.36,  -42660, -2.99
 245,-268.00,  -44684, -1.57,   -4449, -0.31,  -40235, -2.82
 246,-267.00,  -42172, -1.48,   -3661, -0.26,  -38511, -2.70
 247,-266.00,  -43496, -1.53,   -4776, -0.34,  -38720, -2.72
 248,-265.00,  -41925, -1.47,   -4237, -0.30,  -37688, -2.64
 249,-264.00,  -39727, -1.39,   -3406, -0.24,  -36321, -2.55
 250,-263.00,  -41604, -1.46,   -5596, -0.39,  -36008, -2.53
 251,-262.00,  -43871, -1.54,   -9201, -0.65,  -34670, -2.43
 252,-261.00,  -43984, -1.54,  -10430, -0.73,  -33554, -2.35
 253,-260.00,  -41041, -1.44,   -9896, -0.69,  -31145, -2.19
 254,-259.00,  -36329, -1.27,   -8776, -0.62,  -27553, -1.93
 255,-258.00,  -31978, -1.12,   -6882, -0.48,  -25096, -1.76
 256,-257.00,  -30273, -1.06,   -7426, -0.52,  -22847, -1.60
 257,-256.00,  -27365, -0.96,   -4451, -0.31,  -22914, -1.61
 258,-255.00,  -24389, -0.86,    -936, -0.07,  -23453, -1.65
 259,-254.00,  -25306, -0.89,   -1132, -0.08,  -24174, -1.70
 260,-253.00,  -23263, -0.82,     900,  0.06,  -24163, -1.70
 261,-252.00,  -21274, -0.75,    1937,  0.14,  -23211, -1.63
 262,-251.00,  -17574, -0.62,    5135,  0.36,  -22709, -1.59
 263,-250.00,  -15064, -0.53,    7500,  0.53,  -22564, -1.58
 264,-249.00,  -10265, -0.36,   10692,  0.75,  -20957, -1.47
 265,-248.00,   -5368, -0.19,   13899,  0.98,  -19267, -1.35
 266,-247.00,   -4375, -0.15,   13813,  0.97,  -18188, -1.28
 267,-246.00,   -2713, -0.10,   15012,  1.05,  -17725, -1.24
 268,-245.00,     995,  0.03,   16702,  1.17,  -15707, -1.10
 269,-244.00,    4752,  0.17,   16546,  1.16,  -11794, -0.83
 270,-243.00,    7698,  0.27,   17452,  1.22,   -9754, -0.68
 271,-242.00,    6615,  0.23,   16918,  1.19,  -10303, -0.72
 272,-241.00,    6637,  0.23,   15319,  1.07,   -8682, -0.61
 273,-240.00,    7529,  0.26,   14820,  1.04,   -7291, -0.51
 274,-239.00,    9791,  0.34,   16028,  1.12,   -6237, -0.44
 275,-238.00,   13438,  0.47,   18647,  1.31,   -5209, -0.37
 276,-237.00,   20058,  0.70,   22684,  1.59,   -2626, -0.18
 277,-236.00,   24558,  0.86,   24952,  1.75,    -394, -0.03
 278,-235.00,   23059,  0.81,   22439,  1.57,     620,  0.04
 279,-234.00,   24388,  0.86,   19319,  1.36,    5069,  0.36
 280,-233.00,   27527,  0.97,   19720,  1.38,    7807,  0.55
 281,-232.00,   31241,  1.10,   21197,  1.49,   10044,  0.70
 282,-231.00,   36562,  1.28,   25237,  1.77,   11325,  0.79
 283,-230.00,   43255,  1.52,   30240,  2.12,   13015,  0.91
 284,-229.00,   48340,  1.70,   33174,  2.33,   15166,  1.06
 285,-228.00,   49486,  1.74,   32936,  2.31,   16550,  1.16
 286,-227.00,   46482,  1.63,   29757,  2.09,   16725,  1.17
 287,-226.00,   44102,  1.55,   27931,  1.96,   16171,  1.13
 288,-225.00,   43789,  1.54,   25648,  1.80,   18141,  1.27
 289,-224.00,   47246,  1.66,   25464,  1.79,   21782,  1.53
 290,-223.00,   46282,  1.62,   22090,  1.55,   24192,  1.70
 291,-222.00,   45894,  1.61,   19557,  1.37,   26337,  1.85
 292,-221.00,   45651,  1.60,   18024,  1.26,   27627,  1.94
 293,-220.00,   45846,  1.61,   17285,  1.21,   28561,  2.00
 294,-219.00,   43644,  1.53,   15760,  1.11,   27884,  1.96
 295,-218.00,   42868,  1.50,   14656,  1.03,   28212,  1.98
 296,-217.00,   44108,  1.55,   14520,  1.02,   29588,  2.08
 297,-216.00,   44235,  1.55,   13563,  0.95,   30672,  2.15
 298,-215.00,   44712,  1.57,   13122,  0.92,   31590,  2.22
 299,-214.00,   45469,  1.59,   13504,  0.95,   31965,  2.24
 300,-213.00,   46953,  1.65,   13177,  0.92,   33776,  2.37
 301,-212.00,   49952,  1.75,   14195,  1.00,   35757,  2.51
 302,-211.00,   47441,  1.66,   11280,  0.79,   36161,  2.54
 303,-210.00,   45235,  1.59,    8816,  0.62,   36419,  2.56
 304,-209.00,   45415,  1.59,    6805,  0.48,   38610,  2.71
 305,-208.00,   48583,  1.70,    7449,  0.52,   41134,  2.89
 306,-207.00,   49926,  1.75,    7726,  0.54,   42200,  2.96
 307,-206.00,   49434,  1.73,    7191,  0.50,   42243,  2.96
 308,-205.00,   48604,  1.70,    8159,  0.57,   40445,  2.84
 309,-204.00,   48439,  1.70,    9151,  0.64,   39288,  2.76
 310,-203.00,   48356,  1.70,   10245,  0.72,   38111,  2.67
 311,-202.00,   49335,  1.73,   12639,  0.89,   36696,  2.57
 312,-201.00,   49239,  1.73,   13288,  0.93,   35951,  2.52
 313,-200.00,   44191,  1.55,   10925,  0.77,   33266,  2.33
 314,-199.00,   38952,  1.37,    6784,  0.48,   32168,  2.26
 315,-198.00,   35403,  1.24,    3264,  0.23,   32139,  2.25
 316,-197.00,   36784,  1.29,    1764,  0.12,   35020,  2.46
 317,-196.00,   36787,  1.29,    1259,  0.09,   35528,  2.49
 318,-195.00,   33823,  1.19,     589,  0.04,   33234,  2.33
 319,-194.00,   32029,  1.12,    1641,  0.12,   30388,  2.13
 320,-193.00,   30286,  1.06,    2214,  0.16,   28072,  1.97
 321,-192.00,   29718,  1.04,    2862,  0.20,   26856,  1.88
 322,-191.00,   28082,  0.99,     894,  0.06,   27188,  1.91
 323,-190.00,   25990,  0.91,     118,  0.00,   25872,  1.82
 324,-189.00,   23196,  0.81,   -1735, -0.12,   24931,  1.75
 325,-188.00,   21838,  0.77,   -2685, -0.19,   24523,  1.72
 326,-187.00,   22274,  0.78,   -1266, -0.09,   23540,  1.65
 327,-186.00,   20063,  0.70,   -2795, -0.20,   22858,  1.60
 328,-185.00,   14366,  0.50,   -6847, -0.48,   21213,  1.49
 329,-184.00,   14592,  0.51,   -6247, -0.44,   20839,  1.46
 330,-183.00,   12032,  0.42,   -6349, -0.45,   18381,  1.29
 331,-182.00,    9940,  0.35,   -5154, -0.36,   15094,  1.06
 332,-181.00,    9570,  0.34,   -4878, -0.34,   14448,  1.01
 333,-180.00,    7319,  0.26,   -6888, -0.48,   14207,  1.00
 334,-179.00,    6060,  0.21,   -7034, -0.49,   13094,  0.92
 335,-178.00,    6772,  0.24,   -6415, -0.45,   13187,  0.93
 336,-177.00,    6768,  0.24,   -7714, -0.54,   14482,  1.02
 337,-176.00,    4489,  0.16,   -9018, -0.63,   13507,  0.95
 338,-175.00,    3390,  0.12,  -10854, -0.76,   14244,  1.00
 339,-174.00,     239,  0.00,  -13273, -0.93,   13512,  0.95
 340,-173.00,   -2427, -0.09,  -14489, -1.02,   12062,  0.85
 341,-172.00,   -3851, -0.14,  -15841, -1.11,   11990,  0.84
 342,-171.00,   -3603, -0.13,  -18358, -1.29,   14755,  1.04
 343,-170.00,   -3794, -0.13,  -19682, -1.38,   15888,  1.11
 344,-169.00,   -4956, -0.17,  -20290, -1.42,   15334,  1.08
 345,-168.00,   -6794, -0.24,  -19874, -1.39,   13080,  0.92
 346,-167.00,   -6888, -0.24,  -19131, -1.34,   12243,  0.86
 347,-166.00,   -7903, -0.28,  -19685, -1.38,   11782,  0.83
 348,-165.00,   -7922, -0.28,  -20071, -1.41,   12149,  0.85
 349,-164.00,   -8544, -0.30,  -20447, -1.43,   11903,  0.84
 350,-163.00,  -10185, -0.36,  -20982, -1.47,   10797,  0.76
 351,-162.00,  -11354, -0.40,  -20913, -1.47,    9559,  0.67
 352,-161.00,  -12640, -0.44,  -21968, -1.54,    9328,  0.65
 353,-160.00,  -13057, -0.46,  -20972, -1.47,    7915,  0.56
 354,-159.00,  -11734, -0.41,  -19057, -1.34,    7323,  0.51
 355,-158.00,  -11438, -0.40,  -18217, -1.28,    6779,  0.48
 356,-157.00,  -11825, -0.41,  -17236, -1.21,    5411,  0.38
 357,-156.00,  -11952, -0.42,  -17927, -1.26,    5975,  0.42
 358,-155.00,  -12669, -0.44,  -18038, -1.27,    5369,  0.38
 359,-154.00,  -10054, -0.35,  -15770, -1.11,    5716,  0.40
 360,-153.00,   -7236, -0.25,  -12553, -0.88,    5317,  0.37
 361,-152.00,   -8929, -0.31,  -12072, -0.85,    3143,  0.22
 362,-151.00,   -9006, -0.32,  -11611, -0.81,    2605,  0.18
 363,-150.00,  -11233, -0.39,  -12328, -0.86,    1095,  0.08
 364,-149.00,  -13531, -0.47,  -13691, -0.96,     160,  0.01
 365,-148.00,  -11756, -0.41,  -12091, -0.85,     335,  0.02
 366,-147.00,  -10428, -0.37,  -10309, -0.72,    -119, -0.00
 367,-146.00,   -9057, -0.32,   -8985, -0.63,     -72, -0.00
 368,-145.00,  -10018, -0.35,   -8587, -0.60,   -1431, -0.10
 369,-144.00,  -13165, -0.46,  -10522, -0.74,   -2643, -0.19
 370,-143.00,  -12915, -0.45,  -10810, -0.76,   -2105, -0.15
 371,-142.00,  -10428, -0.37,   -9751, -0.68,    -677, -0.05
 372,-141.00,  -11123, -0.39,  -10855, -0.76,    -268, -0.02
 373,-140.00,  -12129, -0.43,  -12790, -0.90,     661,  0.05
 374,-139.00,  -11143, -0.39,  -13031, -0.91,    1888,  0.13
 375,-138.00,   -8045, -0.28,  -11711, -0.82,    3666,  0.26
 376,-137.00,   -7520, -0.26,  -12073, -0.85,    4553,  0.32
 377,-136.00,  -10669, -0.37,  -14670, -1.03,    4001,  0.28
 378,-135.00,  -13002, -0.46,  -16834, -1.18,    3832,  0.27
 379,-134.00,  -13493, -0.47,  -18511, -1.30,    5018,  0.35
 380,-133.00,  -13594, -0.48,  -19143, -1.34,    5549,  0.39
 381,-132.00,  -14614, -0.51,  -19148, -1.34,    4534,  0.32
 382,-131.00,  -13121, -0.46,  -18809, -1.32,    5688,  0.40
 383,-130.00,   -9632, -0.34,  -17051, -1.20,    7419,  0.52
 384,-129.00,   -8314, -0.29,  -16043, -1.13,    7729,  0.54
 385,-128.00,   -8843, -0.31,  -16993, -1.19,    8150,  0.57
 386,-127.00,  -10375, -0.36,  -17247, -1.21,    6872,  0.48
 387,-126.00,  -12869, -0.45,  -18437, -1.29,    5568,  0.39
 388,-125.00,  -14202, -0.50,  -18541, -1.30,    4339,  0.30
 389,-124.00,  -13684, -0.48,  -17655, -1.24,    3971,  0.28
 390,-123.00,  -12858, -0.45,  -16340, -1.15,    3482,  0.24
 391,-122.00,  -13422, -0.47,  -14989, -1.05,    1567,  0.11
 392,-121.00,  -11143, -0.39,  -12341, -0.87,    1198,  0.08
 393,-120.00,  -10013, -0.35,   -9776, -0.69,    -237, -0.02
 394,-119.00,  -10258, -0.36,   -8402, -0.59,   -1856, -0.13
 395,-118.00,  -10034, -0.35,   -8411, -0.59,   -1623, -0.11
 396,-117.00,   -8857, -0.31,   -7920, -0.56,    -937, -0.07
 397,-116.00,   -6921, -0.24,   -6553, -0.46,    -368, -0.03
 398,-115.00,   -6412, -0.22,   -5269, -0.37,   -1143, -0.08
 399,-114.00,   -7376, -0.26,   -3438, -0.24,   -3938, -0.28
 400,-113.00,   -7398, -0.26,   -1280, -0.09,   -6118, -0.43
 401,-112.00,   -7574, -0.27,   -1574, -0.11,   -6000, -0.42
 402,-111.00,   -4771, -0.17,     548,  0.04,   -5319, -0.37
 403,-110.00,   -2978, -0.10,    2496,  0.18,   -5474, -0.38
 404,-109.00,   -1369, -0.05,    3823,  0.27,   -5192, -0.36
 405,-108.00,     157,  0.00,    7045,  0.49,   -6888, -0.48
 406,-107.00,    -895, -0.03,    7959,  0.56,   -8854, -0.62
 407,-106.00,   -1399, -0.05,    8321,  0.58,   -9720, -0.68
 408,-105.00,    -932, -0.03,    9160,  0.64,  -10092, -0.71
 409,-104.00,    -690, -0.02,    8327,  0.58,   -9017, -0.63
 410,-103.00,   -2259, -0.08,    7221,  0.51,   -9480, -0.67
 411,-102.00,    -790, -0.03,    7883,  0.55,   -8673, -0.61
 412,-101.00,     -36, -0.00,    9046,  0.63,   -9082, -0.64
 413,-100.00,     503,  0.02,    9596,  0.67,   -9093, -0.64
 414,-99.00,    -663, -0.02,    9653,  0.68,  -10316, -0.72
 415,-98.00,   -3043, -0.11,   10383,  0.73,  -13426, -0.94
 416,-97.00,   -4236, -0.15,    9886,  0.69,  -14122, -0.99
 417,-96.00,   -4312, -0.15,    9442,  0.66,  -13754, -0.96
 418,-95.00,   -4031, -0.14,    9330,  0.65,  -13361, -0.94
 419,-94.00,   -6998, -0.25,    7305,  0.51,  -14303, -1.00
 420,-93.00,   -9514, -0.33,    4890,  0.34,  -14404, -1.01
 421,-92.00,  -10652, -0.37,    3922,  0.28,  -14574, -1.02
 422,-91.00,  -12540, -0.44,    2653,  0.19,  -15193, -1.07
 423,-90.00,  -13634, -0.48,    2728,  0.19,  -16362, -1.15
 424,-89.00,  -13903, -0.49,    4002,  0.28,  -17905, -1.26
 425,-88.00,  -13358, -0.47,    5488,  0.39,  -18846, -1.32
 426,-87.00,  -15913, -0.56,    4385,  0.31,  -20298, -1.42
 427,-86.00,  -15713, -0.55,    4263,  0.30,  -19976, -1.40
 428,-85.00,  -16408, -0.58,    3390,  0.24,  -19798, -1.39
 429,-84.00,  -16223, -0.57,    3798,  0.27,  -20021, -1.40
 430,-83.00,  -15531, -0.54,    4532,  0.32,  -20063, -1.41
 431,-82.00,  -16258, -0.57,    3608,  0.25,  -19866, -1.39
 432,-81.00,  -17186, -0.60,    2546,  0.18,  -19732, -1.38
 433,-80.00,  -17720, -0.62,    1771,  0.12,  -19491, -1.37
 434,-79.00,  -19247, -0.68,     740,  0.05,  -19987, -1.40
 435,-78.00,  -20716, -0.73,     313,  0.02,  -21029, -1.48
 436,-77.00,  -22912, -0.80,     197,  0.01,  -23109, -1.62
 437,-76.00,  -24350, -0.85,   -1186, -0.08,  -23164, -1.63
 438,-75.00,  -27427, -0.96,   -5162, -0.36,  -22265, -1.56
 439,-74.00,  -28782, -1.01,   -7530, -0.53,  -21252, -1.49
 440,-73.00,  -29442, -1.03,   -8446, -0.59,  -20996, -1.47
 441,-72.00,  -32953, -1.16,   -9390, -0.66,  -23563, -1.65
 442,-71.00,  -36492, -1.28,  -11283, -0.79,  -25209, -1.77
 443,-70.00,  -39396, -1.38,  -13506, -0.95,  -25890, -1.82
 444,-69.00,  -41150, -1.44,  -14600, -1.02,  -26550, -1.86
 445,-68.00,  -43394, -1.52,  -16614, -1.17,  -26780, -1.88
 446,-67.00,  -45549, -1.60,  -16689, -1.17,  -28860, -2.02
 447,-66.00,  -49429, -1.73,  -19490, -1.37,  -29939, -2.10
 448,-65.00,  -50861, -1.78,  -21444, -1.50,  -29417, -2.06
 449,-64.00,  -50643, -1.78,  -23203, -1.63,  -27440, -1.93
 450,-63.00,  -49423, -1.73,  -23486, -1.65,  -25937, -1.82
 451,-62.00,  -46670, -1.64,  -22153, -1.55,  -24517, -1.72
 452,-61.00,  -46682, -1.64,  -21895, -1.54,  -24787, -1.74
 453,-60.00,  -46146, -1.62,  -22093, -1.55,  -24053, -1.69
 454,-59.00,  -43711, -1.53,  -20268, -1.42,  -23443, -1.64
 455,-58.00,  -44320, -1.55,  -20764, -1.46,  -23556, -1.65
 456,-57.00,  -46085, -1.62,  -22198, -1.56,  -23887, -1.68
 457,-56.00,  -44381, -1.56,  -22409, -1.57,  -21972, -1.54
 458,-55.00,  -40998, -1.44,  -22313, -1.57,  -18685, -1.31
 459,-54.00,  -41423, -1.45,  -23839, -1.67,  -17584, -1.23
 460,-53.00,  -44085, -1.55,  -26190, -1.84,  -17895, -1.26
 461,-52.00,  -43881, -1.54,  -26877, -1.89,  -17004, -1.19
 462,-51.00,  -44503, -1.56,  -27442, -1.93,  -17061, -1.20
 463,-50.00,  -44473, -1.56,  -27579, -1.93,  -16894, -1.19
 464,-49.00,  -45269, -1.59,  -28164, -1.98,  -17105, -1.20
 465,-48.00,  -43977, -1.54,  -27863, -1.95,  -16114, -1.13
 466,-47.00,  -44500, -1.56,  -28915, -2.03,  -15585, -1.09
 467,-46.00,  -46632, -1.64,  -31748, -2.23,  -14884, -1.04
 468,-45.00,  -47561, -1.67,  -33136, -2.32,  -14425, -1.01
 469,-44.00,  -47592, -1.67,  -33368, -2.34,  -14224, -1.00
 470,-43.00,  -45685, -1.60,  -33190, -2.33,  -12495, -0.88
 471,-42.00,  -43081, -1.51,  -32476, -2.28,  -10605, -0.74
 472,-41.00,  -42603, -1.49,  -32889, -2.31,   -9714, -0.68
 473,-40.00,  -42118, -1.48,  -33265, -2.33,   -8853, -0.62
 474,-39.00,  -38724, -1.36,  -31906, -2.24,   -6818, -0.48
 475,-38.00,  -33908, -1.19,  -29239, -2.05,   -4669, -0.33
 476,-37.00,  -32718, -1.15,  -27407, -1.92,   -5311, -0.37
 477,-36.00,  -30509, -1.07,  -27754, -1.95,   -2755, -0.19
 478,-35.00,  -28288, -0.99,  -28059, -1.97,    -229, -0.02
 479,-34.00,  -26302, -0.92,  -27331, -1.92,    1029,  0.07
 480,-33.00,  -25590, -0.90,  -28062, -1.97,    2472,  0.17
 481,-32.00,  -24217, -0.85,  -28688, -2.01,    4471,  0.31
 482,-31.00,  -20769, -0.73,  -26129, -1.83,    5360,  0.38
 483,-30.00,  -20417, -0.72,  -24376, -1.71,    3959,  0.28
 484,-29.00,  -18927, -0.66,  -23533, -1.65,    4606,  0.32
 485,-28.00,  -19629, -0.69,  -23143, -1.62,    3514,  0.25
 486,-27.00,  -19747, -0.69,  -22886, -1.61,    3139,  0.22
 487,-26.00,  -17372, -0.61,  -21398, -1.50,    4026,  0.28
 488,-25.00,  -17110, -0.60,  -20582, -1.44,    3472,  0.24
 489,-24.00,  -16432, -0.58,  -20465, -1.44,    4033,  0.28
 490,-23.00,  -14346, -0.50,  -17920, -1.26,    3574,  0.25
 491,-22.00,  -10481, -0.37,  -14125, -0.99,    3644,  0.26
 492,-21.00,   -7690, -0.27,  -11038, -0.77,    3348,  0.23
 493,-20.00,   -7881, -0.28,  -12425, -0.87,    4544,  0.32
 494,-19.00,   -8215, -0.29,  -12531, -0.88,    4316,  0.30
 495,-18.00,   -5541, -0.19,  -10828, -0.76,    5287,  0.37
 496,-17.00,   -2002, -0.07,   -7134, -0.50,    5132,  0.36
 497,-16.00,    -440, -0.02,   -4231, -0.30,    3791,  0.27
 498,-15.00,    1738,  0.06,   -3113, -0.22,    4851,  0.34
 499,-14.00,    5455,  0.19,   -1668, -0.12,    7123,  0.50
 500,-13.00,    8201,  0.29,    -607, -0.04,    8808,  0.62
 501,-12.00,   11526,  0.40,    2454,  0.17,    9072,  0.64
 502,-11.00,   14917,  0.52,    3696,  0.26,   11221,  0.79
 503,-10.00,   18891,  0.66,    6337,  0.44,   12554,  0.88
 504,-9.00,   21700,  0.76,    8099,  0.57,   13601,  0.95
 505,-8.00,   23091,  0.81,    8872,  0.62,   14219,  1.00
 506,-7.00,   24689,  0.87,   10590,  0.74,   14099,  0.99
 507,-6.00,   28239,  0.99,   12390,  0.87,   15849,  1.11
 508,-5.00,   32676,  1.15,   15332,  1.08,   17344,  1.22
 509,-4.00,   36775,  1.29,   17996,  1.26,   18779,  1.32
 510,-3.00,   39459,  1.38,   21090,  1.48,   18369,  1.29
 511,-2.00,   42050,  1.48,   23664,  1.66,   18386,  1.29
 512,-1.00,   44252,  1.55,   26688,  1.87,   17564,  1.23
 513,0.00,   47555,  1.67,   29728,  2.09,   17827,  1.25
 514,1.00,   48498,  1.70,   31017,  2.18,   17481,  1.23
 515,2.00,   47571,  1.67,   29225,  2.05,   18346,  1.29
 516,3.00,   47832,  1.68,   30019,  2.11,   17813,  1.25
 517,4.00,   47211,  1.66,   31486,  2.21,   15725,  1.10
 518,5.00,   46968,  1.65,   32925,  2.31,   14043,  0.99
 519,6.00,   44231,  1.55,   30942,  2.17,   13289,  0.93
 520,7.00,   41953,  1.47,   29276,  2.05,   12677,  0.89
 521,8.00,   41724,  1.46,   29579,  2.08,   12145,  0.85
 522,9.00,   43697,  1.53,   30580,  2.15,   13117,  0.92
 523,10.00,   45204,  1.59,   32820,  2.30,   12384,  0.87
 524,11.00,   45943,  1.61,   34086,  2.39,   11857,  0.83
 525,12.00,   45548,  1.60,   34765,  2.44,   10783,  0.76
 526,13.00,   47322,  1.66,   36687,  2.57,   10635,  0.75
 527,14.00,   49885,  1.75,   38887,  2.73,   10998,  0.77
 528,15.00,   48592,  1.70,   38072,  2.67,   10520,  0.74
 529,16.00,   47789,  1.68,   38453,  2.70,    9336,  0.65
 530,17.00,   50332,  1.77,   39211,  2.75,   11121,  0.78
 531,18.00,   53180,  1.87,   39766,  2.79,   13414,  0.94
 532,19.00,   55786,  1.96,   41727,  2.93,   14059,  0.99
 533,20.00,   55598,  1.95,   41932,  2.94,   13666,  0.96
 534,21.00,   54141,  1.90,   42032,  2.95,   12109,  0.85
 535,22.00,   53563,  1.88,   42455,  2.98,   11108,  0.78
 536,23.00,   51452,  1.80,   41611,  2.92,    9841,  0.69
 537,24.00,   49868,  1.75,   39293,  2.76,   10575,  0.74
 538,25.00,   49635,  1.74,   37099,  2.60,   12536,  0.88
 539,26.00,   50969,  1.79,   37397,  2.62,   13572,  0.95
 540,27.00,   51001,  1.79,   37374,  2.62,   13627,  0.96
 541,28.00,   48025,  1.68,   35995,  2.53,   12030,  0.84
 542,29.00,   45608,  1.60,   34883,  2.45,   10725,  0.75
 543,30.00,   41880,  1.47,   31529,  2.21,   10351,  0.73
 544,31.00,   37552,  1.32,   29292,  2.06,    8260,  0.58
 545,32.00,   33436,  1.17,   26854,  1.88,    6582,  0.46
 546,33.00,   30568,  1.07,   25615,  1.80,    4953,  0.35
 547,34.00,   28932,  1.01,   24300,  1.70,    4632,  0.32
 548,35.00,   28214,  0.99,   23409,  1.64,    4805,  0.34
 549,36.00,   28229,  0.99,   23459,  1.65,    4770,  0.33
 550,37.00,   31016,  1.09,   25311,  1.78,    5705,  0.40
 551,38.00,   34523,  1.21,   27901,  1.96,    6622,  0.46
 552,39.00,   36550,  1.28,   28977,  2.03,    7573,  0.53
 553,40.00,   39336,  1.38,   30747,  2.16,    8589,  0.60
 554,41.00,   39436,  1.38,   32058,  2.25,    7378,  0.52
 555,42.00,   36065,  1.27,   29747,  2.09,    6318,  0.44
 556,43.00,   33852,  1.19,   27643,  1.94,    6209,  0.44
 557,44.00,   34728,  1.22,   27640,  1.94,    7088,  0.50
 558,45.00,   34232,  1.20,   27283,  1.91,    6949,  0.49
 559,46.00,   32643,  1.15,   26429,  1.85,    6214,  0.44
 560,47.00,   32465,  1.14,   26088,  1.83,    6377,  0.45
 561,48.00,   31893,  1.12,   26176,  1.84,    5717,  0.40
 562,49.00,   30935,  1.09,   24640,  1.73,    6295,  0.44
 563,50.00,   28572,  1.00,   23297,  1.63,    5275,  0.37
 564,51.00,   26806,  0.94,   21712,  1.52,    5094,  0.36
 565,52.00,   28650,  1.01,   22427,  1.57,    6223,  0.44
 566,53.00,   30607,  1.07,   24279,  1.70,    6328,  0.44
 567,54.00,   33239,  1.17,   25366,  1.78,    7873,  0.55
 568,55.00,   33540,  1.18,   24283,  1.70,    9257,  0.65
 569,56.00,   33444,  1.17,   22820,  1.60,   10624,  0.75
 570,57.00,   34361,  1.21,   21828,  1.53,   12533,  0.88
 571,58.00,   34833,  1.22,   21737,  1.53,   13096,  0.92
 572,59.00,   35347,  1.24,   21840,  1.53,   13507,  0.95
 573,60.00,   37457,  1.31,   23145,  1.62,   14312,  1.00
 574,61.00,   40270,  1.41,   24283,  1.70,   15987,  1.12
 575,62.00,   44965,  1.58,   27514,  1.93,   17451,  1.22
 576,63.00,   47328,  1.66,   29089,  2.04,   18239,  1.28
 577,64.00,   49910,  1.75,   31162,  2.19,   18748,  1.32
 578,65.00,   52617,  1.85,   32760,  2.30,   19857,  1.39
 579,66.00,   52898,  1.86,   34706,  2.43,   18192,  1.28
 580,67.00,   52717,  1.85,   35615,  2.50,   17102,  1.20
 581,68.00,   51918,  1.82,   35909,  2.52,   16009,  1.12
 582,69.00,   52986,  1.86,   36197,  2.54,   16789,  1.18
 583,70.00,   56660,  1.99,   40228,  2.82,   16432,  1.15
 584,71.00,   56688,  1.99,   42115,  2.95,   14573,  1.02
 585,72.00,   56435,  1.98,   42141,  2.96,   14294,  1.00
 586,73.00,   56730,  1.99,   42208,  2.96,   14522,  1.02
 587,74.00,   57747,  2.03,   43895,  3.08,   13852,  0.97
 588,75.00,   55103,  1.93,   43709,  3.07,   11394,  0.80
 589,76.00,   57268,  2.01,   45362,  3.18,   11906,  0.84
 590,77.00,   60275,  2.11,   48752,  3.42,   11523,  0.81
 591,78.00,   62676,  2.20,   51110,  3.59,   11566,  0.81
 592,79.00,   62781,  2.20,   50235,  3.52,   12546,  0.88
 593,80.00,   61606,  2.16,   48801,  3.42,   12805,  0.90
 594,81.00,   62600,  2.20,   48951,  3.43,   13649,  0.96
 595,82.00,   64239,  2.25,   50554,  3.55,   13685,  0.96
 596,83.00,   65005,  2.28,   50229,  3.52,   14776,  1.04
 597,84.00,   64849,  2.27,   49629,  3.48,   15220,  1.07
 598,85.00,   64382,  2.26,   49195,  3.45,   15187,  1.07
 599,86.00,   64043,  2.25,   48624,  3.41,   15419,  1.08
 600,87.00,   65169,  2.29,   49120,  3.45,   16049,  1.13
 601,88.00,   68168,  2.39,   50990,  3.58,   17178,  1.21
 602,89.00,   67895,  2.38,   51092,  3.58,   16803,  1.18
 603,90.00,   65182,  2.29,   49477,  3.47,   15705,  1.10
 604,91.00,   65391,  2.29,   49368,  3.46,   16023,  1.12
 605,92.00,   64051,  2.25,   49315,  3.46,   14736,  1.03
 606,93.00,   63770,  2.24,   48831,  3.43,   14939,  1.05
 607,94.00,   62971,  2.21,   47482,  3.33,   15489,  1.09
 608,95.00,   60781,  2.13,   44316,  3.11,   16465,  1.16
 609,96.00,   59330,  2.08,   44010,  3.09,   15320,  1.07
 610,97.00,   60533,  2.12,   44173,  3.10,   16360,  1.15
 611,98.00,   59998,  2.10,   42608,  2.99,   17390,  1.22
 612,99.00,   56694,  1.99,   38549,  2.70,   18145,  1.27
 613,100.00,   54199,  1.90,   35839,  2.51,   18360,  1.29
 614,101.00,   51103,  1.79,   33911,  2.38,   17192,  1.21
 615,102.00,   49184,  1.73,   32527,  2.28,   16657,  1.17
 616,103.00,   46857,  1.64,   30099,  2.11,   16758,  1.18
 617,104.00,   44436,  1.56,   27326,  1.92,   17110,  1.20
 618,105.00,   40745,  1.43,   23278,  1.63,   17467,  1.23
 619,106.00,   37450,  1.31,   21154,  1.48,   16296,  1.14
 620,107.00,   31576,  1.11,   16251,  1.14,   15325,  1.08
 621,108.00,   27129,  0.95,   12739,  0.89,   14390,  1.01
 622,109.00,   24885,  0.87,   11957,  0.84,   12928,  0.91
 623,110.00,   22574,  0.79,   10587,  0.74,   11987,  0.84
 624,111.00,   20629,  0.72,    8307,  0.58,   12322,  0.86
 625,112.00,   18905,  0.66,    6197,  0.43,   12708,  0.89
 626,113.00,   16093,  0.56,    5433,  0.38,   10660,  0.75
 627,114.00,   11093,  0.39,    3233,  0.23,    7860,  0.55
 628,115.00,    7448,  0.26,    2080,  0.15,    5368,  0.38
 629,116.00,    2630,  0.09,    -298, -0.02,    2928,  0.21
 630,117.00,   -3840, -0.13,   -4915, -0.34,    1075,  0.08
 631,118.00,   -6432, -0.23,   -7427, -0.52,     995,  0.07
 632,119.00,  -10257, -0.36,  -10850, -0.76,     593,  0.04
 633,120.00,  -14709, -0.52,  -13583, -0.95,   -1126, -0.08
 634,121.00,  -20901, -0.73,  -16312, -1.14,   -4589, -0.32
 635,122.00,  -25457, -0.89,  -18543, -1.30,   -6914, -0.49
 636,123.00,  -29518, -1.04,  -22475, -1.58,   -7043, -0.49
 637,124.00,  -33153, -1.16,  -24381, -1.71,   -8772, -0.62
 638,125.00,  -37954, -1.33,  -28222, -1.98,   -9732, -0.68
 639,126.00,  -42953, -1.51,  -31031, -2.18,  -11922, -0.84
 640,127.00,  -48199, -1.69,  -33385, -2.34,  -14814, -1.04
 641,128.00,  -52520, -1.84,  -35198, -2.47,  -17322, -1.22
 642,129.00,  -58159, -2.04,  -36931, -2.59,  -21228, -1.49
 643,130.00,  -62991, -2.21,  -38996, -2.74,  -23995, -1.68
 644,131.00,  -69696, -2.44,  -43931, -3.08,  -25765, -1.81
 645,132.00,  -80960, -2.84,  -50927, -3.57,  -30033, -2.11
 646,133.00,  -89734, -3.15,  -54100, -3.80,  -35634, -2.50
 647,134.00,  -95399, -3.35,  -57277, -4.02,  -38122, -2.67
 648,135.00, -102007, -3.58,  -60449, -4.24,  -41558, -2.92
 649,136.00, -107575, -3.77,  -62536, -4.39,  -45039, -3.16
 650,137.00, -111024, -3.89,  -64287, -4.51,  -46737, -3.28
 651,138.00, -115186, -4.04,  -66397, -4.66,  -48789, -3.42
 652,139.00, -125998, -4.42,  -71601, -5.02,  -54397, -3.82
 653,140.00, -135586, -4.76,  -75960, -5.33,  -59626, -4.18
 654,141.00, -140907, -4.94,  -78184, -5.49,  -62723, -4.40
 655,142.00, -145607, -5.11,  -79843, -5.60,  -65764, -4.61
 656,143.00, -150471, -5.28,  -82971, -5.82,  -67500, -4.74
 657,144.00, -156740, -5.50,  -86342, -6.06,  -70398, -4.94
 658,145.00, -158757, -5.57,  -87875, -6.17,  -70882, -4.97
 659,146.00, -160332, -5.62,  -89803, -6.30,  -70529, -4.95
 660,147.00, -162810, -5.71,  -91790, -6.44,  -71020, -4.98
 661,148.00, -165516, -5.81,  -94349, -6.62,  -71167, -4.99
 662,149.00, -169302, -5.94,  -96425, -6.76,  -72877, -5.11
 663,150.00, -172139, -6.04,  -97701, -6.85,  -74438, -5.22
 664,151.00, -178970, -6.28, -100572, -7.06,  -78398, -5.50
 665,152.00, -184795, -6.48, -102754, -7.21,  -82041, -5.76
 666,153.00, -187697, -6.58, -104633, -7.34,  -83064, -5.83
 667,154.00, -188424, -6.61, -106306, -7.46,  -82118, -5.76
 668,155.00, -189884, -6.66, -107912, -7.57,  -81972, -5.75
 669,156.00, -191097, -6.70, -110143, -7.73,  -80954, -5.68
 670,157.00, -191473, -6.72, -111734, -7.84,  -79739, -5.59
 671,158.00, -192748, -6.76, -111952, -7.85,  -80796, -5.67
 672,159.00, -194849, -6.84, -112066, -7.86,  -82783, -5.81
 673,160.00, -196616, -6.90, -113831, -7.99,  -82785, -5.81
 674,161.00, -197832, -6.94, -114487, -8.03,  -83345, -5.85
 675,162.00, -198800, -6.97, -115106, -8.08,  -83694, -5.87
 676,163.00, -199671, -7.00, -115149, -8.08,  -84522, -5.93
 677,164.00, -201800, -7.08, -115968, -8.14,  -85832, -6.02
 678,165.00, -201886, -7.08, -116164, -8.15,  -85722, -6.01
 679,166.00, -201284, -7.06, -117046, -8.21,  -84238, -5.91
 680,167.00, -199820, -7.01, -116334, -8.16,  -83486, -5.86
 681,168.00, -195261, -6.85, -113653, -7.97,  -81608, -5.73
 682,169.00, -190578, -6.69, -110043, -7.72,  -80535, -5.65
 683,170.00, -189583, -6.65, -109320, -7.67,  -80263, -5.63
 684,171.00, -190086, -6.67, -109925, -7.71,  -80161, -5.62
 685,172.00, -188773, -6.62, -109571, -7.69,  -79202, -5.56
 686,173.00, -186872, -6.56, -110534, -7.75,  -76338, -5.36
 687,174.00, -185467, -6.51, -111469, -7.82,  -73998, -5.19
 688,175.00, -182538, -6.40, -111250, -7.81,  -71288, -5.00
 689,176.00, -181160, -6.35, -109918, -7.71,  -71242, -5.00
 690,177.00, -179571, -6.30, -108709, -7.63,  -70862, -4.97
 691,178.00, -175835, -6.17, -107702, -7.56,  -68133, -4.78
 692,179.00, -173882, -6.10, -106994, -7.51,  -66888, -4.69
 693,180.00, -173186, -6.08, -105777, -7.42,  -67409, -4.73
 694,181.00, -173652, -6.09, -106498, -7.47,  -67154, -4.71
 695,182.00, -173534, -6.09, -105553, -7.41,  -67981, -4.77
 696,183.00, -173515, -6.09, -104085, -7.30,  -69430, -4.87
 697,184.00, -172135, -6.04, -102760, -7.21,  -69375, -4.87
 698,185.00, -170779, -5.99, -101373, -7.11,  -69406, -4.87
 699,186.00, -166647, -5.85,  -98041, -6.88,  -68606, -4.81
 700,187.00, -164902, -5.78,  -96674, -6.78,  -68228, -4.79
 701,188.00, -163214, -5.73,  -95873, -6.73,  -67341, -4.72
 702,189.00, -164591, -5.77,  -95153, -6.68,  -69438, -4.87
 703,190.00, -164897, -5.78,  -94830, -6.65,  -70067, -4.92
 704,191.00, -164071, -5.76,  -94504, -6.63,  -69567, -4.88
 705,192.00, -164965, -5.79,  -94723, -6.65,  -70242, -4.93
 706,193.00, -166283, -5.83,  -94135, -6.60,  -72148, -5.06
 707,194.00, -162345, -5.69,  -90853, -6.37,  -71492, -5.02
 708,195.00, -158591, -5.56,  -89040, -6.25,  -69551, -4.88
 709,196.00, -155247, -5.45,  -87383, -6.13,  -67864, -4.76
 710,197.00, -154362, -5.41,  -86282, -6.05,  -68080, -4.78
 711,198.00, -153773, -5.39,  -86592, -6.08,  -67181, -4.71
 712,199.00, -152416, -5.35,  -85360, -5.99,  -67056, -4.70
 713,200.00, -152502, -5.35,  -84587, -5.93,  -67915, -4.76
 714,201.00, -150265, -5.27,  -82224, -5.77,  -68041, -4.77
 715,202.00, -149268, -5.24,  -80530, -5.65,  -68738, -4.82
 716,203.00, -147137, -5.16,  -79945, -5.61,  -67192, -4.71
 717,204.00, -145322, -5.10,  -79392, -5.57,  -65930, -4.63
 718,205.00, -142907, -5.01,  -77954, -5.47,  -64953, -4.56
 719,206.00, -142460, -5.00,  -77516, -5.44,  -64944, -4.56
 720,207.00, -139210, -4.88,  -75328, -5.28,  -63882, -4.48
 721,208.00, -135863, -4.77,  -71737, -5.03,  -64126, -4.50
 722,209.00, -132456, -4.65,  -67803, -4.76,  -64653, -4.54
 723,210.00, -128998, -4.53,  -64200, -4.50,  -64798, -4.55
 724,211.00, -127507, -4.47,  -62870, -4.41,  -64637, -4.53
 725,212.00, -124436, -4.37,  -59449, -4.17,  -64987, -4.56
 726,213.00, -120057, -4.21,  -55773, -3.91,  -64284, -4.51
 727,214.00, -115037, -4.04,  -51927, -3.64,  -63110, -4.43
 728,215.00, -109826, -3.85,  -47669, -3.34,  -62157, -4.36
 729,216.00, -108080, -3.79,  -47824, -3.36,  -60256, -4.23
 730,217.00, -107411, -3.77,  -46991, -3.30,  -60420, -4.24
 731,218.00, -104431, -3.66,  -44761, -3.14,  -59670, -4.19
 732,219.00, -101363, -3.56,  -42519, -2.98,  -58844, -4.13
 733,220.00, -100774, -3.54,  -42037, -2.95,  -58737, -4.12
 734,221.00,  -98152, -3.44,  -39215, -2.75,  -58937, -4.13
 735,222.00,  -97843, -3.43,  -38544, -2.70,  -59299, -4.16
 736,223.00,  -96287, -3.38,  -36390, -2.55,  -59897, -4.20
 737,224.00,  -93670, -3.29,  -35021, -2.46,  -58649, -4.11
 738,225.00,  -91666, -3.22,  -33833, -2.37,  -57833, -4.06
 739,226.00,  -89731, -3.15,  -33681, -2.36,  -56050, -3.93
 740,227.00,  -85384, -3.00,  -32162, -2.26,  -53222, -3.73
 741,228.00,  -83032, -2.91,  -29877, -2.10,  -53155, -3.73
 742,229.00,  -77530, -2.72,  -25823, -1.81,  -51707, -3.63
 743,230.00,  -74033, -2.60,  -23467, -1.65,  -50566, -3.55
 744,231.00,  -68587, -2.41,  -20945, -1.47,  -47642, -3.34
 745,232.00,  -66384, -2.33,  -20347, -1.43,  -46037, -3.23
 746,233.00,  -65050, -2.28,  -19090, -1.34,  -45960, -3.22
 747,234.00,  -60977, -2.14,  -17448, -1.22,  -43529, -3.05
 748,235.00,  -53797, -1.89,  -12294, -0.86,  -41503, -2.91
 749,236.00,  -45289, -1.59,   -7082, -0.50,  -38207, -2.68
 750,237.00,  -38509, -1.35,   -4745, -0.33,  -33764, -2.37
 751,238.00,  -38363, -1.35,   -5285, -0.37,  -33078, -2.32
 752,239.00,  -38753, -1.36,   -5524, -0.39,  -33229, -2.33
 753,240.00,  -37985, -1.33,   -5633, -0.40,  -32352, -2.27
 754,241.00,  -36948, -1.30,   -5018, -0.35,  -31930, -2.24
 755,242.00,  -34655, -1.22,   -4447, -0.31,  -30208, -2.12
 756,243.00,  -30402, -1.07,   -3819, -0.27,  -26583, -1.86
 757,244.00,  -28576, -1.00,   -4708, -0.33,  -23868, -1.67
 758,245.00,  -29292, -1.03,   -5546, -0.39,  -23746, -1.67
 759,246.00,  -30015, -1.05,   -6664, -0.47,  -23351, -1.64
 760,247.00,  -31807, -1.12,   -8382, -0.59,  -23425, -1.64
 761,248.00,  -30952, -1.09,   -6471, -0.45,  -24481, -1.72
 762,249.00,  -29021, -1.02,   -5117, -0.36,  -23904, -1.68
 763,250.00,  -26674, -0.94,   -3561, -0.25,  -23113, -1.62
 764,251.00,  -26383, -0.93,   -2835, -0.20,  -23548, -1.65
 765,252.00,  -27660, -0.97,   -3897, -0.27,  -23763, -1.67
 766,253.00,  -28955, -1.02,   -2730, -0.19,  -26225, -1.84
 767,254.00,  -29872, -1.05,   -2592, -0.18,  -27280, -1.91
 768,255.00,  -33004, -1.16,   -5261, -0.37,  -27743, -1.95
 769,256.00,  -32264, -1.13,   -5325, -0.37,  -26939, -1.89
 770,257.00,  -28669, -1.01,   -4635, -0.33,  -24034, -1.69
 771,258.00,  -22401, -0.79,   -2702, -0.19,  -19699, -1.38
 772,259.00,  -20692, -0.73,   -2202, -0.15,  -18490, -1.30
 773,260.00,  -22163, -0.78,   -3919, -0.27,  -18244, -1.28
 774,261.00,  -23782, -0.83,   -6063, -0.43,  -17719, -1.24
 775,262.00,  -23849, -0.84,   -7532, -0.53,  -16317, -1.14
 776,263.00,  -25168, -0.88,   -9051, -0.63,  -16117, -1.13
 777,264.00,  -25011, -0.88,   -9216, -0.65,  -15795, -1.11
 778,265.00,  -23959, -0.84,  -10818, -0.76,  -13141, -0.92
 779,266.00,  -22973, -0.81,  -11641, -0.82,  -11332, -0.80
 780,267.00,  -23458, -0.82,  -12250, -0.86,  -11208, -0.79
 781,268.00,  -23692, -0.83,  -12596, -0.88,  -11096, -0.78
 782,269.00,  -27003, -0.95,  -14540, -1.02,  -12463, -0.87
 783,270.00,  -28825, -1.01,  -15114, -1.06,  -13711, -0.96
 784,271.00,  -29867, -1.05,  -15942, -1.12,  -13925, -0.98
 785,272.00,  -27441, -0.96,  -16278, -1.14,  -11163, -0.78
 786,273.00,  -25265, -0.89,  -14792, -1.04,  -10473, -0.73
 787,274.00,  -25172, -0.88,  -15347, -1.08,   -9825, -0.69
 788,275.00,  -23938, -0.84,  -15998, -1.12,   -7940, -0.56
 789,276.00,  -23946, -0.84,  -16656, -1.17,   -7290, -0.51
 790,277.00,  -22953, -0.81,  -16639, -1.17,   -6314, -0.44
 791,278.00,  -19807, -0.69,  -14090, -0.99,   -5717, -0.40
 792,279.00,  -18097, -0.63,  -13695, -0.96,   -4402, -0.31
 793,280.00,  -18579, -0.65,  -13848, -0.97,   -4731, -0.33
 794,281.00,  -21216, -0.74,  -14983, -1.05,   -6233, -0.44
 795,282.00,  -19694, -0.69,  -13604, -0.95,   -6090, -0.43
 796,283.00,  -16613, -0.58,  -10989, -0.77,   -5624, -0.39
 797,284.00,  -14398, -0.51,   -8941, -0.63,   -5457, -0.38
 798,285.00,  -10911, -0.38,   -7907, -0.55,   -3004, -0.21
 799,286.00,   -8944, -0.31,   -8531, -0.60,    -413, -0.03
 800,287.00,   -6825, -0.24,   -7440, -0.52,     615,  0.04
 801,288.00,    -126, -0.00,   -3426, -0.24,    3300,  0.23
 802,289.00,    3085,  0.11,   -1158, -0.08,    4243,  0.30
 803,290.00,    3379,  0.12,   -1175, -0.08,    4554,  0.32
 804,291.00,    4415,  0.15,   -1305, -0.09,    5720,  0.40
 805,292.00,    8129,  0.29,     376,  0.03,    7753,  0.54
 806,293.00,   11013,  0.39,    2117,  0.15,    8896,  0.62
 807,294.00,   14326,  0.50,    3677,  0.26,   10649,  0.75
 808,295.00,   21418,  0.75,    8234,  0.58,   13184,  0.92
 809,296.00,   28353,  0.99,   12721,  0.89,   15632,  1.10
 810,297.00,   34362,  1.21,   15827,  1.11,   18535,  1.30
 811,298.00,   38740,  1.36,   17597,  1.23,   21143,  1.48
 812,299.00,   41605,  1.46,   19107,  1.34,   22498,  1.58
 813,300.00,   42041,  1.47,   22777,  1.60,   19264,  1.35
 814,301.00,   42387,  1.49,   25800,  1.81,   16587,  1.16
 815,302.00,   43570,  1.53,   26352,  1.85,   17218,  1.21
 816,303.00,   45204,  1.59,   27243,  1.91,   17961,  1.26
 817,304.00,   48035,  1.69,   28632,  2.01,   19403,  1.36
 818,305.00,   50489,  1.77,   30534,  2.14,   19955,  1.40
 819,306.00,   51709,  1.81,   31709,  2.22,   20000,  1.40
 820,307.00,   54915,  1.93,   34443,  2.42,   20472,  1.44
 821,308.00,   51877,  1.82,   34610,  2.43,   17267,  1.21
 822,309.00,   46944,  1.65,   33466,  2.35,   13478,  0.95
 823,310.00,   43572,  1.53,   34444,  2.42,    9128,  0.64
 824,311.00,   44469,  1.56,   36912,  2.59,    7557,  0.53
 825,312.00,   45131,  1.58,   39318,  2.76,    5813,  0.41
 826,313.00,   49511,  1.74,   41765,  2.93,    7746,  0.54
 827,314.00,   51598,  1.81,   43435,  3.05,    8163,  0.57
 828,315.00,   55870,  1.96,   45082,  3.16,   10788,  0.76
 829,316.00,   60351,  2.12,   47282,  3.32,   13069,  0.92
 830,317.00,   61342,  2.15,   48437,  3.40,   12905,  0.91
 831,318.00,   63937,  2.24,   50251,  3.53,   13686,  0.96
 832,319.00,   69905,  2.45,   52094,  3.65,   17811,  1.25
 833,320.00,   74240,  2.60,   53761,  3.77,   20479,  1.44
 834,321.00,   77992,  2.74,   55498,  3.89,   22494,  1.58
 835,322.00,   79534,  2.79,   58967,  4.14,   20567,  1.44
 836,323.00,   82657,  2.90,   61427,  4.31,   21230,  1.49
 837,324.00,   86236,  3.03,   64126,  4.50,   22110,  1.55
 838,325.00,   87338,  3.06,   64964,  4.56,   22374,  1.57
 839,326.00,   88830,  3.12,   65796,  4.62,   23034,  1.62
 840,327.00,   89495,  3.14,   64383,  4.52,   25112,  1.76
 841,328.00,   88072,  3.09,   62878,  4.41,   25194,  1.77
 842,329.00,   86227,  3.02,   61517,  4.32,   24710,  1.73
 843,330.00,   83693,  2.94,   60382,  4.24,   23311,  1.64
 844,331.00,   81108,  2.85,   59542,  4.18,   21566,  1.51
 845,332.00,   80945,  2.84,   60401,  4.24,   20544,  1.44
 846,333.00,   83858,  2.94,   61707,  4.33,   22151,  1.55
 847,334.00,   88007,  3.09,   62987,  4.42,   25020,  1.76
 848,335.00,   89852,  3.15,   63505,  4.46,   26347,  1.85
 849,336.00,   87917,  3.08,   62457,  4.38,   25460,  1.79
 850,337.00,   87833,  3.08,   62763,  4.40,   25070,  1.76
 851,338.00,   86613,  3.04,   61549,  4.32,   25064,  1.76
 852,339.00,   87432,  3.07,   61250,  4.30,   26182,  1.84
 853,340.00,   87591,  3.07,   60974,  4.28,   26617,  1.87
 854,341.00,   87053,  3.05,   59492,  4.17,   27561,  1.93
 855,342.00,   86905,  3.05,   56671,  3.98,   30234,  2.12
 856,343.00,   89989,  3.16,   55051,  3.86,   34938,  2.45
 857,344.00,   91524,  3.21,   55205,  3.87,   36319,  2.55
 858,345.00,   90482,  3.17,   55537,  3.90,   34945,  2.45
 859,346.00,   89935,  3.15,   53989,  3.79,   35946,  2.52
 860,347.00,   91937,  3.23,   52323,  3.67,   39614,  2.78
 861,348.00,   91255,  3.20,   50165,  3.52,   41090,  2.88
 862,349.00,   88383,  3.10,   47286,  3.32,   41097,  2.88
 863,350.00,   83299,  2.92,   43662,  3.06,   39637,  2.78
 864,351.00,   80347,  2.82,   42535,  2.98,   37812,  2.65
 865,352.00,   78693,  2.76,   42995,  3.02,   35698,  2.50
 866,353.00,   74600,  2.62,   42307,  2.97,   32293,  2.27
 867,354.00,   67525,  2.37,   39315,  2.76,   28210,  1.98
 868,355.00,   66849,  2.34,   41123,  2.89,   25726,  1.80
 869,356.00,   69710,  2.45,   42992,  3.02,   26718,  1.87
 870,357.00,   70090,  2.46,   43230,  3.03,   26860,  1.88
 871,358.00,   70600,  2.48,   44065,  3.09,   26535,  1.86
 872,359.00,   72158,  2.53,   46363,  3.25,   25795,  1.81
 873,360.00,   73711,  2.59,   47047,  3.30,   26664,  1.87
 874,361.00,   77433,  2.72,   48564,  3.41,   28869,  2.03
 875,362.00,   79330,  2.78,   50635,  3.55,   28695,  2.01
 876,363.00,   80830,  2.84,   51818,  3.64,   29012,  2.04
 877,364.00,   78376,  2.75,   51194,  3.59,   27182,  1.91
 878,365.00,   78006,  2.74,   50362,  3.53,   27644,  1.94
 879,366.00,   80538,  2.83,   49779,  3.49,   30759,  2.16
 880,367.00,   81980,  2.88,   50500,  3.54,   31480,  2.21
 881,368.00,   81724,  2.87,   52770,  3.70,   28954,  2.03
 882,369.00,   82296,  2.89,   53061,  3.72,   29235,  2.05
 883,370.00,   82463,  2.89,   53611,  3.76,   28852,  2.02
 884,371.00,   83408,  2.93,   54853,  3.85,   28555,  2.00
 885,372.00,   81053,  2.84,   53029,  3.72,   28024,  1.97
 886,373.00,   82073,  2.88,   52928,  3.71,   29145,  2.04
 887,374.00,   82068,  2.88,   51559,  3.62,   30509,  2.14
 888,375.00,   80505,  2.82,   49954,  3.50,   30551,  2.14
 889,376.00,   78027,  2.74,   46708,  3.28,   31319,  2.20
 890,377.00,   74379,  2.61,   42944,  3.01,   31435,  2.21
 891,378.00,   69292,  2.43,   40031,  2.81,   29261,  2.05
 892,379.00,   64766,  2.27,   37279,  2.62,   27487,  1.93
 893,380.00,   62767,  2.20,   36511,  2.56,   26256,  1.84
 894,381.00,   62066,  2.18,   35944,  2.52,   26122,  1.83
 895,382.00,   64023,  2.25,   35570,  2.50,   28453,  2.00
 896,383.00,   63947,  2.24,   34282,  2.41,   29665,  2.08
 897,384.00,   60140,  2.11,   32974,  2.31,   27166,  1.91
 898,385.00,   56078,  1.97,   30332,  2.13,   25746,  1.81
 899,386.00,   51690,  1.81,   26476,  1.86,   25214,  1.77
 900,387.00,   47675,  1.67,   22012,  1.54,   25663,  1.80
 901,388.00,   46204,  1.62,   19151,  1.34,   27053,  1.90
 902,389.00,   45324,  1.59,   18323,  1.29,   27001,  1.89
 903,390.00,   44509,  1.56,   17662,  1.24,   26847,  1.88
 904,391.00,   45552,  1.60,   17392,  1.22,   28160,  1.98
 905,392.00,   45801,  1.61,   17101,  1.20,   28700,  2.01
 906,393.00,   45134,  1.58,   16723,  1.17,   28411,  1.99
 907,394.00,   44367,  1.56,   16125,  1.13,   28242,  1.98
 908,395.00,   44294,  1.55,   17061,  1.20,   27233,  1.91
 909,396.00,   42878,  1.50,   16235,  1.14,   26643,  1.87
 910,397.00,   40411,  1.42,   13259,  0.93,   27152,  1.90
 911,398.00,   38298,  1.34,    9993,  0.70,   28305,  1.99
 912,399.00,   38850,  1.36,    7519,  0.53,   31331,  2.20
 913,400.00,   39780,  1.40,    8438,  0.59,   31342,  2.20
 914,401.00,   38971,  1.37,    7222,  0.51,   31749,  2.23
 915,402.00,   36072,  1.27,    3994,  0.28,   32078,  2.25
 916,403.00,   32554,  1.14,     425,  0.03,   32129,  2.25
 917,404.00,   32692,  1.15,   -1096, -0.08,   33788,  2.37
 918,405.00,   34319,  1.20,   -1623, -0.11,   35942,  2.52
 919,406.00,   34409,  1.21,   -2139, -0.15,   36548,  2.56
 920,407.00,   31006,  1.09,   -2789, -0.20,   33795,  2.37
 921,408.00,   25914,  0.91,   -4387, -0.31,   30301,  2.13
 922,409.00,   20401,  0.72,   -7474, -0.52,   27875,  1.96
 923,410.00,   16295,  0.57,   -9591, -0.67,   25886,  1.82
 924,411.00,   15909,  0.56,   -9633, -0.68,   25542,  1.79
 925,412.00,   14255,  0.50,  -10126, -0.71,   24381,  1.71
 926,413.00,   10923,  0.38,  -11522, -0.81,   22445,  1.57
 927,414.00,    9937,  0.35,  -11533, -0.81,   21470,  1.51
 928,415.00,    5575,  0.20,  -12503, -0.88,   18078,  1.27
 929,416.00,    1464,  0.05,  -13898, -0.98,   15362,  1.08
 930,417.00,   -2077, -0.07,  -14937, -1.05,   12860,  0.90
 931,418.00,   -6030, -0.21,  -14725, -1.03,    8695,  0.61
 932,419.00,   -9590, -0.34,  -14268, -1.00,    4678,  0.33
 933,420.00,  -10732, -0.38,  -12287, -0.86,    1555,  0.11
 934,421.00,  -11996, -0.42,  -11391, -0.80,    -605, -0.04
 935,422.00,  -15013, -0.53,  -12230, -0.86,   -2783, -0.20
 936,423.00,  -16010, -0.56,  -13065, -0.92,   -2945, -0.21
 937,424.00,  -15860, -0.56,  -13103, -0.92,   -2757, -0.19
 938,425.00,  -14004, -0.49,  -11883, -0.83,   -2121, -0.15
 939,426.00,  -14129, -0.50,  -11318, -0.79,   -2811, -0.20
 940,427.00,  -15246, -0.53,  -11739, -0.82,   -3507, -0.25
 941,428.00,  -16979, -0.60,  -13159, -0.92,   -3820, -0.27
 942,429.00,  -21741, -0.76,  -15029, -1.05,   -6712, -0.47
 943,430.00,  -23557, -0.83,  -14972, -1.05,   -8585, -0.60
 944,431.00,  -24928, -0.87,  -14788, -1.04,  -10140, -0.71
 945,432.00,  -26211, -0.92,  -13516, -0.95,  -12695, -0.89
 946,433.00,  -25845, -0.91,  -13753, -0.96,  -12092, -0.85
 947,434.00,  -25733, -0.90,  -13424, -0.94,  -12309, -0.86
 948,435.00,  -26418, -0.93,  -13606, -0.95,  -12812, -0.90
 949,436.00,  -26065, -0.91,  -13548, -0.95,  -12517, -0.88
 950,437.00,  -27515, -0.97,  -14766, -1.04,  -12749, -0.89
 951,438.00,  -30344, -1.06,  -14704, -1.03,  -15640, -1.10
 952,439.00,  -32007, -1.12,  -14625, -1.03,  -17382, -1.22
 953,440.00,  -30628, -1.07,  -13881, -0.97,  -16747, -1.17
 954,441.00,  -30574, -1.07,  -13422, -0.94,  -17152, -1.20
 955,442.00,  -30748, -1.08,  -13459, -0.94,  -17289, -1.21
 956,443.00,  -27806, -0.98,  -12310, -0.86,  -15496, -1.09
 957,444.00,  -27032, -0.95,  -11664, -0.82,  -15368, -1.08
 958,445.00,  -28482, -1.00,  -11738, -0.82,  -16744, -1.17
 959,446.00,  -26286, -0.92,  -12708, -0.89,  -13578, -0.95
 960,447.00,  -24168, -0.85,  -12607, -0.88,  -11561, -0.81
 961,448.00,  -21779, -0.76,  -12533, -0.88,   -9246, -0.65
 962,449.00,  -20541, -0.72,  -12318, -0.86,   -8223, -0.58
 963,450.00,  -17766, -0.62,   -9422, -0.66,   -8344, -0.59
 964,451.00,  -13641, -0.48,   -7651, -0.54,   -5990, -0.42
 965,452.00,  -10343, -0.36,   -7324, -0.51,   -3019, -0.21
 966,453.00,   -7634, -0.27,   -6088, -0.43,   -1546, -0.11
 967,454.00,   -3310, -0.12,   -3570, -0.25,     260,  0.02
 968,455.00,   -2039, -0.07,   -2964, -0.21,     925,  0.06
 969,456.00,   -1999, -0.07,   -2643, -0.19,     644,  0.05
 970,457.00,     295,  0.01,   -2155, -0.15,    2450,  0.17
 971,458.00,    -177, -0.00,   -2348, -0.16,    2171,  0.15
 972,459.00,     334,  0.01,   -2180, -0.15,    2514,  0.18
 973,460.00,    4156,  0.15,      34,  0.00,    4122,  0.29
 974,461.00,    5630,  0.20,    2595,  0.18,    3035,  0.21
 975,462.00,   10009,  0.35,    6102,  0.43,    3907,  0.27
 976,463.00,   12512,  0.44,    7282,  0.51,    5230,  0.37
 977,464.00,   15582,  0.55,    8578,  0.60,    7004,  0.49
 978,465.00,   16073,  0.56,    9860,  0.69,    6213,  0.44
 979,466.00,   19027,  0.67,   10732,  0.75,    8295,  0.58
 980,467.00,   18982,  0.67,   10387,  0.73,    8595,  0.60
 981,468.00,   14384,  0.50,    7413,  0.52,    6971,  0.49
 982,469.00,   13212,  0.46,    5302,  0.37,    7910,  0.55
 983,470.00,   15381,  0.54,    5370,  0.38,   10011,  0.70
 984,471.00,   14259,  0.50,    5142,  0.36,    9117,  0.64
 985,472.00,   11244,  0.39,    2915,  0.20,    8329,  0.58
 986,473.00,    9661,  0.34,    2515,  0.18,    7146,  0.50
 987,474.00,    7927,  0.28,    1783,  0.13,    6144,  0.43
 988,475.00,   11674,  0.41,    4732,  0.33,    6942,  0.49
 989,476.00,   13318,  0.47,    5290,  0.37,    8028,  0.56
 990,477.00,   13229,  0.46,    4767,  0.33,    8462,  0.59
 991,478.00,   14052,  0.49,    4252,  0.30,    9800,  0.69
 992,479.00,   15403,  0.54,    5167,  0.36,   10236,  0.72
 993,480.00,   15013,  0.53,    4346,  0.30,   10667,  0.75
 994,481.00,   13109,  0.46,    3326,  0.23,    9783,  0.69
 995,482.00,   13722,  0.48,    3174,  0.22,   10548,  0.74
 996,483.00,   16438,  0.58,    4593,  0.32,   11845,  0.83
 997,484.00,   18256,  0.64,    5029,  0.35,   13227,  0.93
 998,485.00,   18505,  0.65,    6437,  0.45,   12068,  0.85
 999,486.00,   17392,  0.61,    7569,  0.53,    9823,  0.69
1000,487.00,   17502,  0.61,    8368,  0.59,    9134,  0.64
1001,488.00,   18783,  0.66,    8495,  0.60,   10288,  0.72
1002,489.00,   19625,  0.69,    7574,  0.53,   12051,  0.85
1003,490.00,   18306,  0.64,    6065,  0.43,   12241,  0.86
1004,491.00,   16814,  0.59,    3969,  0.28,   12845,  0.90
1005,492.00,   12991,  0.46,    1528,  0.11,   11463,  0.80
1006,493.00,    9979,  0.35,    -747, -0.05,   10726,  0.75
1007,494.00,   10041,  0.35,   -1380, -0.10,   11421,  0.80
1008,495.00,    7721,  0.27,   -3000, -0.21,   10721,  0.75
1009,496.00,    6889,  0.24,   -3463, -0.24,   10352,  0.73
1010,497.00,    5715,  0.20,   -3256, -0.23,    8971,  0.63
1011,498.00,    4699,  0.16,   -4564, -0.32,    9263,  0.65
1012,499.00,    6455,  0.23,   -3447, -0.24,    9902,  0.69
1013,500.00,    6857,  0.24,   -3975, -0.28,   10832,  0.76
1014,501.00,    5726,  0.20,   -6017, -0.42,   11743,  0.82
1015,502.00,    6702,  0.24,   -6701, -0.47,   13403,  0.94
1016,503.00,    7790,  0.27,   -7643, -0.54,   15433,  1.08
1017,504.00,    6928,  0.24,   -9542, -0.67,   16470,  1.16
1018,505.00,    8689,  0.30,  -10447, -0.73,   19136,  1.34
1019,506.00,   12150,  0.43,   -8308, -0.58,   20458,  1.44
1020,507.00,   15488,  0.54,   -6391, -0.45,   21879,  1.53
1021,508.00,   14884,  0.52,   -7554, -0.53,   22438,  1.57
1022,509.00,   14267,  0.50,   -9402, -0.66,   23669,  1.66
1023,510.00,   17476,  0.61,   -8080, -0.57,   25556,  1.79
1024,511.00,   22637,  0.79,   -5930, -0.42,   28567,  2.00
