-----------------------------------------------------------------------------------
Identifier:,IHS5922-2017CE01
File Name:,GPLP70B.5
Ear:,L
Channel:,2
Intensity:,70 dB HL
Stim. Rate:,  1.10/s
Stim. Mode:,0
Sweeps:,180
Artifacts:,62
Smp. Period:,1000.00 us
Amp. Gain:, 50.00 K
Low Pass:, 30.00 Hz
High Pass:,  1.00 Hz
Notch Filter:,TRUE
Stimulus:,100
Stim. Freq.:,1000 Hz
Stim. Dur.:,2000 pnts
Masking:,0 dB SPL
Stim. Point:,513
-----------------------------------------------------------------------------------
Peak Information:,Label,Peak(+),Peak(+)(ms),Peak(-),Peak(-)(ms)
,20, 781,268.00, 839,326.00,
,19, 720,207.00, 781,268.00,
,18, 687,174.00, 720,207.00,
,17, 614,101.00, 687,174.00,
-----------------------------------------------------------------------------------


Data Pnt:,Data Pnt(ms):,Average:,Average(uV):,Buffer1:,Buffer1(uV):,Buffer2:,Buffer2(uV):
   1,-512.00,       0,  0.00,       0,  0.00,       0,  0.00
   2,-511.00,       0,  0.00,       0,  0.00,       0,  0.00
   3,-510.00,       0,  0.00,       0,  0.00,       0,  0.00
   4,-509.00,       0,  0.00,       0,  0.00,       0,  0.00
   5,-508.00,       0,  0.00,       0,  0.00,       0,  0.00
   6,-507.00,       0,  0.00,       0,  0.00,       0,  0.00
   7,-506.00,       0,  0.00,       0,  0.00,       0,  0.00
   8,-505.00,       0,  0.00,       0,  0.00,       0,  0.00
   9,-504.00,       0,  0.00,       0,  0.00,       0,  0.00
  10,-503.00,       0,  0.00,       0,  0.00,       0,  0.00
  11,-502.00,       0,  0.00,       0,  0.00,       0,  0.00
  12,-501.00,       0,  0.00,       0,  0.00,       0,  0.00
  13,-500.00,       0,  0.00,       0,  0.00,       0,  0.00
  14,-499.00,       0,  0.00,       0,  0.00,       0,  0.00
  15,-498.00,       0,  0.00,       0,  0.00,       0,  0.00
  16,-497.00,       0,  0.00,       0,  0.00,       0,  0.00
  17,-496.00,       0,  0.00,       0,  0.00,       0,  0.00
  18,-495.00,       0,  0.00,       0,  0.00,       0,  0.00
  19,-494.00,       0,  0.00,       0,  0.00,       0,  0.00
  20,-493.00,       0,  0.00,       0,  0.00,       0,  0.00
  21,-492.00,       0,  0.00,       0,  0.00,       0,  0.00
  22,-491.00,       0,  0.00,       0,  0.00,       0,  0.00
  23,-490.00,       0,  0.00,       0,  0.00,       0,  0.00
  24,-489.00,       0,  0.00,       0,  0.00,       0,  0.00
  25,-488.00,       0,  0.00,       0,  0.00,       0,  0.00
  26,-487.00,       0,  0.00,       0,  0.00,       0,  0.00
  27,-486.00,       0,  0.00,       0,  0.00,       0,  0.00
  28,-485.00,       0,  0.00,       0,  0.00,       0,  0.00
  29,-484.00,       0,  0.00,       0,  0.00,       0,  0.00
  30,-483.00,       0,  0.00,       0,  0.00,       0,  0.00
  31,-482.00,       0,  0.00,       0,  0.00,       0,  0.00
  32,-481.00,       0,  0.00,       0,  0.00,       0,  0.00
  33,-480.00,       0,  0.00,       0,  0.00,       0,  0.00
  34,-479.00,       0,  0.00,       0,  0.00,       0,  0.00
  35,-478.00,       0,  0.00,       0,  0.00,       0,  0.00
  36,-477.00,       0,  0.00,       0,  0.00,       0,  0.00
  37,-476.00,       0,  0.00,       0,  0.00,       0,  0.00
  38,-475.00,       0,  0.00,       0,  0.00,       0,  0.00
  39,-474.00,       0,  0.00,       0,  0.00,       0,  0.00
  40,-473.00,       0,  0.00,       0,  0.00,       0,  0.00
  41,-472.00,       0,  0.00,       0,  0.00,       0,  0.00
  42,-471.00,       0,  0.00,       0,  0.00,       0,  0.00
  43,-470.00,       0,  0.00,       0,  0.00,       0,  0.00
  44,-469.00,       0,  0.00,       0,  0.00,       0,  0.00
  45,-468.00,       0,  0.00,       0,  0.00,       0,  0.00
  46,-467.00,       0,  0.00,       0,  0.00,       0,  0.00
  47,-466.00,       0,  0.00,       0,  0.00,       0,  0.00
  48,-465.00,       0,  0.00,       0,  0.00,       0,  0.00
  49,-464.00,       0,  0.00,       0,  0.00,       0,  0.00
  50,-463.00,       0,  0.00,       0,  0.00,       0,  0.00
  51,-462.00,       0,  0.00,       0,  0.00,       0,  0.00
  52,-461.00,       0,  0.00,       0,  0.00,       0,  0.00
  53,-460.00,       0,  0.00,       0,  0.00,       0,  0.00
  54,-459.00,       0,  0.00,       0,  0.00,       0,  0.00
  55,-458.00,       0,  0.00,       0,  0.00,       0,  0.00
  56,-457.00,       0,  0.00,       0,  0.00,       0,  0.00
  57,-456.00,       0,  0.00,       0,  0.00,       0,  0.00
  58,-455.00,       0,  0.00,       0,  0.00,       0,  0.00
  59,-454.00,       0,  0.00,       0,  0.00,       0,  0.00
  60,-453.00,       0,  0.00,       0,  0.00,       0,  0.00
  61,-452.00,       0,  0.00,       0,  0.00,       0,  0.00
  62,-451.00,       0,  0.00,       0,  0.00,       0,  0.00
  63,-450.00,       0,  0.00,       0,  0.00,       0,  0.00
  64,-449.00,       0,  0.00,       0,  0.00,       0,  0.00
  65,-448.00,       0,  0.00,       0,  0.00,       0,  0.00
  66,-447.00,       0,  0.00,       0,  0.00,       0,  0.00
  67,-446.00,       0,  0.00,       0,  0.00,       0,  0.00
  68,-445.00,       0,  0.00,       0,  0.00,       0,  0.00
  69,-444.00,       0,  0.00,       0,  0.00,       0,  0.00
  70,-443.00,       0,  0.00,       0,  0.00,       0,  0.00
  71,-442.00,       0,  0.00,       0,  0.00,       0,  0.00
  72,-441.00,       0,  0.00,       0,  0.00,       0,  0.00
  73,-440.00,       0,  0.00,       0,  0.00,       0,  0.00
  74,-439.00,       0,  0.00,       0,  0.00,       0,  0.00
  75,-438.00,       0,  0.00,       0,  0.00,       0,  0.00
  76,-437.00,       0,  0.00,       0,  0.00,       0,  0.00
  77,-436.00,       0,  0.00,       0,  0.00,       0,  0.00
  78,-435.00,       0,  0.00,       0,  0.00,       0,  0.00
  79,-434.00,       0,  0.00,       0,  0.00,       0,  0.00
  80,-433.00,       0,  0.00,       0,  0.00,       0,  0.00
  81,-432.00,       0,  0.00,       0,  0.00,       0,  0.00
  82,-431.00,       0,  0.00,       0,  0.00,       0,  0.00
  83,-430.00,       0,  0.00,       0,  0.00,       0,  0.00
  84,-429.00,       0,  0.00,       0,  0.00,       0,  0.00
  85,-428.00,       0,  0.00,       0,  0.00,       0,  0.00
  86,-427.00,       0,  0.00,       0,  0.00,       0,  0.00
  87,-426.00,       0,  0.00,       0,  0.00,       0,  0.00
  88,-425.00,       0,  0.00,       0,  0.00,       0,  0.00
  89,-424.00,       0,  0.00,       0,  0.00,       0,  0.00
  90,-423.00,       0,  0.00,       0,  0.00,       0,  0.00
  91,-422.00,       0,  0.00,       0,  0.00,       0,  0.00
  92,-421.00,       0,  0.00,       0,  0.00,       0,  0.00
  93,-420.00,       0,  0.00,       0,  0.00,       0,  0.00
  94,-419.00,       0,  0.00,       0,  0.00,       0,  0.00
  95,-418.00,       0,  0.00,       0,  0.00,       0,  0.00
  96,-417.00,       0,  0.00,       0,  0.00,       0,  0.00
  97,-416.00,       0,  0.00,       0,  0.00,       0,  0.00
  98,-415.00,       0,  0.00,       0,  0.00,       0,  0.00
  99,-414.00,       0,  0.00,       0,  0.00,       0,  0.00
 100,-413.00,       0,  0.00,       0,  0.00,       0,  0.00
 101,-412.00,       0,  0.00,       0,  0.00,       0,  0.00
 102,-411.00,       0,  0.00,       0,  0.00,       0,  0.00
 103,-410.00,       0,  0.00,       0,  0.00,       0,  0.00
 104,-409.00,       0,  0.00,       0,  0.00,       0,  0.00
 105,-408.00,       0,  0.00,       0,  0.00,       0,  0.00
 106,-407.00,       0,  0.00,       0,  0.00,       0,  0.00
 107,-406.00,       0,  0.00,       0,  0.00,       0,  0.00
 108,-405.00,       0,  0.00,       0,  0.00,       0,  0.00
 109,-404.00,       0,  0.00,       0,  0.00,       0,  0.00
 110,-403.00,       0,  0.00,       0,  0.00,       0,  0.00
 111,-402.00,       0,  0.00,       0,  0.00,       0,  0.00
 112,-401.00,       0,  0.00,       0,  0.00,       0,  0.00
 113,-400.00,       0,  0.00,       0,  0.00,       0,  0.00
 114,-399.00,       0,  0.00,       0,  0.00,       0,  0.00
 115,-398.00,       0,  0.00,       0,  0.00,       0,  0.00
 116,-397.00,   46804,  1.59,   39178,  2.66,    7626,  0.52
 117,-396.00,   47482,  1.61,   39946,  2.71,    7536,  0.51
 118,-395.00,   46182,  1.57,   38856,  2.64,    7326,  0.50
 119,-394.00,   45754,  1.55,   37864,  2.57,    7890,  0.54
 120,-393.00,   45976,  1.56,   37549,  2.55,    8427,  0.57
 121,-392.00,   45861,  1.56,   37787,  2.56,    8074,  0.55
 122,-391.00,   45997,  1.56,   38139,  2.59,    7858,  0.53
 123,-390.00,   46267,  1.57,   38358,  2.60,    7909,  0.54
 124,-389.00,   45749,  1.55,   38648,  2.62,    7101,  0.48
 125,-388.00,   45740,  1.55,   39106,  2.65,    6634,  0.45
 126,-387.00,   45950,  1.56,   39460,  2.68,    6490,  0.44
 127,-386.00,   45747,  1.55,   39346,  2.67,    6401,  0.43
 128,-385.00,   45131,  1.53,   38615,  2.62,    6516,  0.44
 129,-384.00,   43878,  1.49,   37863,  2.57,    6015,  0.41
 130,-383.00,   43528,  1.48,   37709,  2.56,    5819,  0.39
 131,-382.00,   42383,  1.44,   37261,  2.53,    5122,  0.35
 132,-381.00,   40530,  1.37,   36457,  2.47,    4073,  0.28
 133,-380.00,   39796,  1.35,   35464,  2.41,    4332,  0.29
 134,-379.00,   38755,  1.31,   34703,  2.35,    4052,  0.27
 135,-378.00,   37663,  1.28,   33826,  2.29,    3837,  0.26
 136,-377.00,   37600,  1.27,   33835,  2.29,    3765,  0.26
 137,-376.00,   38041,  1.29,   33531,  2.27,    4510,  0.31
 138,-375.00,   39588,  1.34,   33853,  2.30,    5735,  0.39
 139,-374.00,   41617,  1.41,   34495,  2.34,    7122,  0.48
 140,-373.00,   42367,  1.44,   33962,  2.30,    8405,  0.57
 141,-372.00,   42296,  1.43,   32563,  2.21,    9733,  0.66
 142,-371.00,   43082,  1.46,   31855,  2.16,   11227,  0.76
 143,-370.00,   43891,  1.49,   31190,  2.12,   12701,  0.86
 144,-369.00,   45673,  1.55,   31496,  2.14,   14177,  0.96
 145,-368.00,   46960,  1.59,   31595,  2.14,   15365,  1.04
 146,-367.00,   47737,  1.62,   31586,  2.14,   16151,  1.10
 147,-366.00,   47414,  1.61,   31066,  2.11,   16348,  1.11
 148,-365.00,   47822,  1.62,   30900,  2.10,   16922,  1.15
 149,-364.00,   49445,  1.68,   31814,  2.16,   17631,  1.20
 150,-363.00,   51113,  1.73,   32711,  2.22,   18402,  1.25
 151,-362.00,   52708,  1.79,   33284,  2.26,   19424,  1.32
 152,-361.00,   55492,  1.88,   34510,  2.34,   20982,  1.42
 153,-360.00,   57569,  1.95,   35513,  2.41,   22056,  1.50
 154,-359.00,   59321,  2.01,   36233,  2.46,   23088,  1.57
 155,-358.00,   60902,  2.07,   36543,  2.48,   24359,  1.65
 156,-357.00,   62463,  2.12,   37118,  2.52,   25345,  1.72
 157,-356.00,   64356,  2.18,   38270,  2.60,   26086,  1.77
 158,-355.00,   65960,  2.24,   39013,  2.65,   26947,  1.83
 159,-354.00,   67813,  2.30,   39501,  2.68,   28312,  1.92
 160,-353.00,   69926,  2.37,   39956,  2.71,   29970,  2.03
 161,-352.00,   71969,  2.44,   40591,  2.75,   31378,  2.13
 162,-351.00,   72609,  2.46,   40382,  2.74,   32227,  2.19
 163,-350.00,   73199,  2.48,   39888,  2.71,   33311,  2.26
 164,-349.00,   73450,  2.49,   39582,  2.68,   33868,  2.30
 165,-348.00,   73296,  2.49,   39010,  2.65,   34286,  2.33
 166,-347.00,   73406,  2.49,   38650,  2.62,   34756,  2.36
 167,-346.00,   73977,  2.51,   38268,  2.60,   35709,  2.42
 168,-345.00,   74632,  2.53,   38136,  2.59,   36496,  2.48
 169,-344.00,   73483,  2.49,   37723,  2.56,   35760,  2.43
 170,-343.00,   71356,  2.42,   36437,  2.47,   34919,  2.37
 171,-342.00,   69142,  2.34,   35078,  2.38,   34064,  2.31
 172,-341.00,   67617,  2.29,   34342,  2.33,   33275,  2.26
 173,-340.00,   66282,  2.25,   34031,  2.31,   32251,  2.19
 174,-339.00,   65176,  2.21,   33702,  2.29,   31474,  2.13
 175,-338.00,   64578,  2.19,   33179,  2.25,   31399,  2.13
 176,-337.00,   64772,  2.20,   32687,  2.22,   32085,  2.18
 177,-336.00,   64399,  2.18,   32128,  2.18,   32271,  2.19
 178,-335.00,   64508,  2.19,   32413,  2.20,   32095,  2.18
 179,-334.00,   64193,  2.18,   32787,  2.22,   31406,  2.13
 180,-333.00,   63733,  2.16,   33176,  2.25,   30557,  2.07
 181,-332.00,   63403,  2.15,   33235,  2.25,   30168,  2.05
 182,-331.00,   63493,  2.15,   33627,  2.28,   29866,  2.03
 183,-330.00,   64166,  2.18,   34315,  2.33,   29851,  2.02
 184,-329.00,   64326,  2.18,   34170,  2.32,   30156,  2.05
 185,-328.00,   64189,  2.18,   33757,  2.29,   30432,  2.06
 186,-327.00,   64075,  2.17,   33134,  2.25,   30941,  2.10
 187,-326.00,   64336,  2.18,   32678,  2.22,   31658,  2.15
 188,-325.00,   63989,  2.17,   31884,  2.16,   32105,  2.18
 189,-324.00,   64783,  2.20,   32065,  2.17,   32718,  2.22
 190,-323.00,   64427,  2.18,   32074,  2.18,   32353,  2.19
 191,-322.00,   64002,  2.17,   31511,  2.14,   32491,  2.20
 192,-321.00,   63092,  2.14,   30471,  2.07,   32621,  2.21
 193,-320.00,   61808,  2.10,   29696,  2.01,   32112,  2.18
 194,-319.00,   60704,  2.06,   28976,  1.97,   31728,  2.15
 195,-318.00,   59639,  2.02,   28125,  1.91,   31514,  2.14
 196,-317.00,   57852,  1.96,   26821,  1.82,   31031,  2.10
 197,-316.00,   56508,  1.92,   25595,  1.74,   30913,  2.10
 198,-315.00,   55603,  1.89,   24511,  1.66,   31092,  2.11
 199,-314.00,   54425,  1.85,   23168,  1.57,   31257,  2.12
 200,-313.00,   53531,  1.82,   22285,  1.51,   31246,  2.12
 201,-312.00,   52611,  1.78,   21094,  1.43,   31517,  2.14
 202,-311.00,   52050,  1.76,   20640,  1.40,   31410,  2.13
 203,-310.00,   52325,  1.77,   20431,  1.39,   31894,  2.16
 204,-309.00,   53130,  1.80,   20074,  1.36,   33056,  2.24
 205,-308.00,   52742,  1.79,   18808,  1.28,   33934,  2.30
 206,-307.00,   51899,  1.76,   17222,  1.17,   34677,  2.35
 207,-306.00,   50944,  1.73,   15884,  1.08,   35060,  2.38
 208,-305.00,   51027,  1.73,   15062,  1.02,   35965,  2.44
 209,-304.00,   51981,  1.76,   14804,  1.00,   37177,  2.52
 210,-303.00,   52390,  1.78,   14176,  0.96,   38214,  2.59
 211,-302.00,   52045,  1.76,   13176,  0.89,   38869,  2.64
 212,-301.00,   51030,  1.73,   12231,  0.83,   38799,  2.63
 213,-300.00,   49739,  1.69,   11326,  0.77,   38413,  2.61
 214,-299.00,   48100,  1.63,    9619,  0.65,   38481,  2.61
 215,-298.00,   46383,  1.57,    7713,  0.52,   38670,  2.62
 216,-297.00,   44862,  1.52,    6274,  0.43,   38588,  2.62
 217,-296.00,   43729,  1.48,    4644,  0.31,   39085,  2.65
 218,-295.00,   42445,  1.44,    3182,  0.22,   39263,  2.66
 219,-294.00,   41215,  1.40,    2672,  0.18,   38543,  2.61
 220,-293.00,   40645,  1.38,    2138,  0.14,   38507,  2.61
 221,-292.00,   39944,  1.35,    1192,  0.08,   38752,  2.63
 222,-291.00,   38862,  1.32,     617,  0.04,   38245,  2.59
 223,-290.00,   37822,  1.28,      47,  0.00,   37775,  2.56
 224,-289.00,   36594,  1.24,    -616, -0.04,   37210,  2.52
 225,-288.00,   35063,  1.19,   -1620, -0.11,   36683,  2.49
 226,-287.00,   33641,  1.14,   -2430, -0.16,   36071,  2.45
 227,-286.00,   32272,  1.09,   -3128, -0.21,   35400,  2.40
 228,-285.00,   32053,  1.09,   -3446, -0.23,   35499,  2.41
 229,-284.00,   32477,  1.10,   -3375, -0.23,   35852,  2.43
 230,-283.00,   32230,  1.09,   -3846, -0.26,   36076,  2.45
 231,-282.00,   31685,  1.07,   -4232, -0.29,   35917,  2.44
 232,-281.00,   31381,  1.06,   -4599, -0.31,   35980,  2.44
 233,-280.00,   30900,  1.05,   -5041, -0.34,   35941,  2.44
 234,-279.00,   29048,  0.99,   -6771, -0.46,   35819,  2.43
 235,-278.00,   28447,  0.96,   -7474, -0.51,   35921,  2.44
 236,-277.00,   28263,  0.96,   -7837, -0.53,   36100,  2.45
 237,-276.00,   27758,  0.94,   -8752, -0.59,   36510,  2.48
 238,-275.00,   27402,  0.93,   -9728, -0.66,   37130,  2.52
 239,-274.00,   26470,  0.90,  -10561, -0.72,   37031,  2.51
 240,-273.00,   25149,  0.85,  -11181, -0.76,   36330,  2.46
 241,-272.00,   24504,  0.83,  -11387, -0.77,   35891,  2.43
 242,-271.00,   24785,  0.84,  -11775, -0.80,   36560,  2.48
 243,-270.00,   25318,  0.86,  -12115, -0.82,   37433,  2.54
 244,-269.00,   25826,  0.88,  -12229, -0.83,   38055,  2.58
 245,-268.00,   26260,  0.89,  -12094, -0.82,   38354,  2.60
 246,-267.00,   26977,  0.91,  -11713, -0.79,   38690,  2.62
 247,-266.00,   27664,  0.94,  -10867, -0.74,   38531,  2.61
 248,-265.00,   29447,  1.00,   -9766, -0.66,   39213,  2.66
 249,-264.00,   31553,  1.07,   -8445, -0.57,   39998,  2.71
 250,-263.00,   33604,  1.14,   -6963, -0.47,   40567,  2.75
 251,-262.00,   34104,  1.16,   -6151, -0.42,   40255,  2.73
 252,-261.00,   34015,  1.15,   -5659, -0.38,   39674,  2.69
 253,-260.00,   34522,  1.17,   -4989, -0.34,   39511,  2.68
 254,-259.00,   36146,  1.23,   -3206, -0.22,   39352,  2.67
 255,-258.00,   37635,  1.28,   -1390, -0.09,   39025,  2.65
 256,-257.00,   39649,  1.34,     244,  0.02,   39405,  2.67
 257,-256.00,   41786,  1.42,    2182,  0.15,   39604,  2.69
 258,-255.00,   43151,  1.46,    3449,  0.23,   39702,  2.69
 259,-254.00,   43725,  1.48,    3967,  0.27,   39758,  2.70
 260,-253.00,   43647,  1.48,    4371,  0.30,   39276,  2.66
 261,-252.00,   42985,  1.46,    5153,  0.35,   37832,  2.57
 262,-251.00,   41476,  1.41,    5199,  0.35,   36277,  2.46
 263,-250.00,   39833,  1.35,    4612,  0.31,   35221,  2.39
 264,-249.00,   39065,  1.32,    4208,  0.29,   34857,  2.36
 265,-248.00,   38160,  1.29,    4054,  0.27,   34106,  2.31
 266,-247.00,   37042,  1.26,    4043,  0.27,   32999,  2.24
 267,-246.00,   35706,  1.21,    4174,  0.28,   31532,  2.14
 268,-245.00,   34272,  1.16,    4261,  0.29,   30011,  2.04
 269,-244.00,   32546,  1.10,    3910,  0.27,   28636,  1.94
 270,-243.00,   30164,  1.02,    2954,  0.20,   27210,  1.85
 271,-242.00,   27850,  0.94,    1932,  0.13,   25918,  1.76
 272,-241.00,   26070,  0.88,    1060,  0.07,   25010,  1.70
 273,-240.00,   24164,  0.82,      90,  0.00,   24074,  1.63
 274,-239.00,   23186,  0.79,    -760, -0.05,   23946,  1.62
 275,-238.00,   22543,  0.76,    -811, -0.06,   23354,  1.58
 276,-237.00,   21341,  0.72,   -1353, -0.09,   22694,  1.54
 277,-236.00,   19918,  0.68,   -2514, -0.17,   22432,  1.52
 278,-235.00,   18493,  0.63,   -4355, -0.30,   22848,  1.55
 279,-234.00,   17003,  0.58,   -6066, -0.41,   23069,  1.56
 280,-233.00,   16336,  0.55,   -6633, -0.45,   22969,  1.56
 281,-232.00,   15026,  0.51,   -7213, -0.49,   22239,  1.51
 282,-231.00,   13970,  0.47,   -7814, -0.53,   21784,  1.48
 283,-230.00,   13325,  0.45,   -8035, -0.54,   21360,  1.45
 284,-229.00,   13967,  0.47,   -7246, -0.49,   21213,  1.44
 285,-228.00,   14914,  0.51,   -6686, -0.45,   21600,  1.46
 286,-227.00,   14485,  0.49,   -7605, -0.52,   22090,  1.50
 287,-226.00,   13835,  0.47,   -8814, -0.60,   22649,  1.54
 288,-225.00,   13908,  0.47,   -9212, -0.62,   23120,  1.57
 289,-224.00,   14830,  0.50,   -9112, -0.62,   23942,  1.62
 290,-223.00,   15461,  0.52,   -9678, -0.66,   25139,  1.70
 291,-222.00,   15525,  0.53,  -10333, -0.70,   25858,  1.75
 292,-221.00,   15902,  0.54,  -10802, -0.73,   26704,  1.81
 293,-220.00,   16904,  0.57,  -10919, -0.74,   27823,  1.89
 294,-219.00,   19685,  0.67,  -10197, -0.69,   29882,  2.03
 295,-218.00,   21867,  0.74,   -9513, -0.65,   31380,  2.13
 296,-217.00,   23894,  0.81,   -8742, -0.59,   32636,  2.21
 297,-216.00,   25767,  0.87,   -8646, -0.59,   34413,  2.33
 298,-215.00,   27420,  0.93,   -9222, -0.63,   36642,  2.49
 299,-214.00,   28390,  0.96,   -9950, -0.67,   38340,  2.60
 300,-213.00,   29561,  1.00,  -10239, -0.69,   39800,  2.70
 301,-212.00,   31498,  1.07,  -10408, -0.71,   41906,  2.84
 302,-211.00,   32908,  1.12,  -10610, -0.72,   43518,  2.95
 303,-210.00,   34308,  1.16,  -10740, -0.73,   45048,  3.06
 304,-209.00,   35259,  1.20,  -10941, -0.74,   46200,  3.13
 305,-208.00,   35804,  1.21,  -11237, -0.76,   47041,  3.19
 306,-207.00,   36405,  1.23,  -11114, -0.75,   47519,  3.22
 307,-206.00,   36875,  1.25,  -10722, -0.73,   47597,  3.23
 308,-205.00,   37085,  1.26,  -11131, -0.75,   48216,  3.27
 309,-204.00,   37655,  1.28,  -11493, -0.78,   49148,  3.33
 310,-203.00,   38127,  1.29,  -11200, -0.76,   49327,  3.35
 311,-202.00,   38774,  1.31,  -10673, -0.72,   49447,  3.35
 312,-201.00,   38964,  1.32,  -10262, -0.70,   49226,  3.34
 313,-200.00,   38924,  1.32,  -10129, -0.69,   49053,  3.33
 314,-199.00,   38951,  1.32,  -10055, -0.68,   49006,  3.32
 315,-198.00,   38741,  1.31,   -9530, -0.65,   48271,  3.27
 316,-197.00,   39507,  1.34,   -8484, -0.58,   47991,  3.25
 317,-196.00,   39181,  1.33,   -8258, -0.56,   47439,  3.22
 318,-195.00,   38825,  1.32,   -7720, -0.52,   46545,  3.16
 319,-194.00,   38175,  1.29,   -7210, -0.49,   45385,  3.08
 320,-193.00,   36777,  1.25,   -7028, -0.48,   43805,  2.97
 321,-192.00,   35880,  1.22,   -7231, -0.49,   43111,  2.92
 322,-191.00,   35192,  1.19,   -7490, -0.51,   42682,  2.89
 323,-190.00,   33634,  1.14,   -7967, -0.54,   41601,  2.82
 324,-189.00,   32269,  1.09,   -7590, -0.51,   39859,  2.70
 325,-188.00,   30470,  1.03,   -7766, -0.53,   38236,  2.59
 326,-187.00,   28202,  0.96,   -8545, -0.58,   36747,  2.49
 327,-186.00,   25705,  0.87,   -9184, -0.62,   34889,  2.37
 328,-185.00,   23951,  0.81,   -9442, -0.64,   33393,  2.26
 329,-184.00,   22275,  0.76,   -9969, -0.68,   32244,  2.19
 330,-183.00,   20949,  0.71,  -10112, -0.69,   31061,  2.11
 331,-182.00,   19171,  0.65,  -10401, -0.71,   29572,  2.01
 332,-181.00,   17550,  0.60,  -10518, -0.71,   28068,  1.90
 333,-180.00,   16739,  0.57,   -9748, -0.66,   26487,  1.80
 334,-179.00,   15084,  0.51,   -9892, -0.67,   24976,  1.69
 335,-178.00,   13848,  0.47,  -10325, -0.70,   24173,  1.64
 336,-177.00,   13126,  0.45,  -10568, -0.72,   23694,  1.61
 337,-176.00,   11525,  0.39,  -10629, -0.72,   22154,  1.50
 338,-175.00,   10445,  0.35,   -9907, -0.67,   20352,  1.38
 339,-174.00,   10441,  0.35,   -8295, -0.56,   18736,  1.27
 340,-173.00,   10244,  0.35,   -6976, -0.47,   17220,  1.17
 341,-172.00,    9614,  0.33,   -5793, -0.39,   15407,  1.04
 342,-171.00,   10201,  0.35,   -3743, -0.25,   13944,  0.95
 343,-170.00,   11001,  0.37,   -2034, -0.14,   13035,  0.88
 344,-169.00,   11809,  0.40,    -260, -0.02,   12069,  0.82
 345,-168.00,   12618,  0.43,     808,  0.05,   11810,  0.80
 346,-167.00,   13007,  0.44,    1622,  0.11,   11385,  0.77
 347,-166.00,   13153,  0.45,    2212,  0.15,   10941,  0.74
 348,-165.00,   12931,  0.44,    2682,  0.18,   10249,  0.70
 349,-164.00,   12963,  0.44,    3404,  0.23,    9559,  0.65
 350,-163.00,   13313,  0.45,    4404,  0.30,    8909,  0.60
 351,-162.00,   14027,  0.48,    5563,  0.38,    8464,  0.57
 352,-161.00,   14478,  0.49,    6509,  0.44,    7969,  0.54
 353,-160.00,   15425,  0.52,    7679,  0.52,    7746,  0.53
 354,-159.00,   17098,  0.58,    9270,  0.63,    7828,  0.53
 355,-158.00,   18460,  0.63,   11140,  0.76,    7320,  0.50
 356,-157.00,   18735,  0.64,   12472,  0.85,    6263,  0.42
 357,-156.00,   19079,  0.65,   13319,  0.90,    5760,  0.39
 358,-155.00,   19670,  0.67,   13872,  0.94,    5798,  0.39
 359,-154.00,   20120,  0.68,   14672,  1.00,    5448,  0.37
 360,-153.00,   20613,  0.70,   15056,  1.02,    5557,  0.38
 361,-152.00,   20587,  0.70,   15641,  1.06,    4946,  0.34
 362,-151.00,   19638,  0.67,   16072,  1.09,    3566,  0.24
 363,-150.00,   19667,  0.67,   16733,  1.13,    2934,  0.20
 364,-149.00,   20180,  0.68,   17550,  1.19,    2630,  0.18
 365,-148.00,   19953,  0.68,   18018,  1.22,    1935,  0.13
 366,-147.00,   19539,  0.66,   18081,  1.23,    1458,  0.10
 367,-146.00,   18649,  0.63,   18567,  1.26,      82,  0.00
 368,-145.00,   17464,  0.59,   18755,  1.27,   -1291, -0.09
 369,-144.00,   16516,  0.56,   18915,  1.28,   -2399, -0.16
 370,-143.00,   16485,  0.56,   19755,  1.34,   -3270, -0.22
 371,-142.00,   15768,  0.53,   19605,  1.33,   -3837, -0.26
 372,-141.00,   15330,  0.52,   19720,  1.34,   -4390, -0.30
 373,-140.00,   15216,  0.52,   20059,  1.36,   -4843, -0.33
 374,-139.00,   15022,  0.51,   20251,  1.37,   -5229, -0.35
 375,-138.00,   14454,  0.49,   20942,  1.42,   -6488, -0.44
 376,-137.00,   13386,  0.45,   21215,  1.44,   -7829, -0.53
 377,-136.00,   11822,  0.40,   21119,  1.43,   -9297, -0.63
 378,-135.00,    8969,  0.30,   20244,  1.37,  -11275, -0.76
 379,-134.00,    6621,  0.22,   19257,  1.31,  -12636, -0.86
 380,-133.00,    4143,  0.14,   17807,  1.21,  -13664, -0.93
 381,-132.00,    1999,  0.07,   16597,  1.13,  -14598, -0.99
 382,-131.00,    1649,  0.06,   16216,  1.10,  -14567, -0.99
 383,-130.00,     774,  0.03,   15411,  1.05,  -14637, -0.99
 384,-129.00,    -374, -0.01,   14469,  0.98,  -14843, -1.01
 385,-128.00,    -919, -0.03,   14067,  0.95,  -14986, -1.02
 386,-127.00,   -1478, -0.05,   13919,  0.94,  -15397, -1.04
 387,-126.00,   -3198, -0.11,   13187,  0.89,  -16385, -1.11
 388,-125.00,   -5574, -0.19,   12043,  0.82,  -17617, -1.19
 389,-124.00,   -7759, -0.26,   11010,  0.75,  -18769, -1.27
 390,-123.00,   -9327, -0.32,   10531,  0.71,  -19858, -1.35
 391,-122.00,  -10104, -0.34,   10115,  0.69,  -20219, -1.37
 392,-121.00,  -11147, -0.38,    9158,  0.62,  -20305, -1.38
 393,-120.00,  -12382, -0.42,    8342,  0.57,  -20724, -1.41
 394,-119.00,  -12870, -0.44,    8145,  0.55,  -21015, -1.43
 395,-118.00,  -12559, -0.43,    9465,  0.64,  -22024, -1.49
 396,-117.00,  -12101, -0.41,   10944,  0.74,  -23045, -1.56
 397,-116.00,  -11408, -0.39,   12253,  0.83,  -23661, -1.60
 398,-115.00,  -11110, -0.38,   13145,  0.89,  -24255, -1.64
 399,-114.00,  -11223, -0.38,   14268,  0.97,  -25491, -1.73
 400,-113.00,  -10549, -0.36,   15908,  1.08,  -26457, -1.79
 401,-112.00,   -8774, -0.30,   18090,  1.23,  -26864, -1.82
 402,-111.00,   -8045, -0.27,   19229,  1.30,  -27274, -1.85
 403,-110.00,   -7651, -0.26,   19964,  1.35,  -27615, -1.87
 404,-109.00,   -7692, -0.26,   20146,  1.37,  -27838, -1.89
 405,-108.00,   -8655, -0.29,   19816,  1.34,  -28471, -1.93
 406,-107.00,   -8690, -0.29,   20577,  1.40,  -29267, -1.98
 407,-106.00,   -8015, -0.27,   21949,  1.49,  -29964, -2.03
 408,-105.00,   -7652, -0.26,   22803,  1.55,  -30455, -2.07
 409,-104.00,   -7948, -0.27,   23070,  1.56,  -31018, -2.10
 410,-103.00,   -7939, -0.27,   23617,  1.60,  -31556, -2.14
 411,-102.00,   -7152, -0.24,   24481,  1.66,  -31633, -2.15
 412,-101.00,   -5986, -0.20,   25674,  1.74,  -31660, -2.15
 413,-100.00,   -4926, -0.17,   27178,  1.84,  -32104, -2.18
 414,-99.00,   -4429, -0.15,   27617,  1.87,  -32046, -2.17
 415,-98.00,   -4494, -0.15,   27186,  1.84,  -31680, -2.15
 416,-97.00,   -3801, -0.13,   27044,  1.83,  -30845, -2.09
 417,-96.00,   -3562, -0.12,   26852,  1.82,  -30414, -2.06
 418,-95.00,   -2440, -0.08,   27471,  1.86,  -29911, -2.03
 419,-94.00,   -1402, -0.05,   28151,  1.91,  -29553, -2.00
 420,-93.00,   -1199, -0.04,   27978,  1.90,  -29177, -1.98
 421,-92.00,    -831, -0.03,   27851,  1.89,  -28682, -1.95
 422,-91.00,     179,  0.00,   28027,  1.90,  -27848, -1.89
 423,-90.00,    1376,  0.05,   27986,  1.90,  -26610, -1.80
 424,-89.00,    2323,  0.08,   27683,  1.88,  -25360, -1.72
 425,-88.00,    2941,  0.10,   27218,  1.85,  -24277, -1.65
 426,-87.00,    3299,  0.11,   26714,  1.81,  -23415, -1.59
 427,-86.00,    3085,  0.10,   26094,  1.77,  -23009, -1.56
 428,-85.00,    2593,  0.09,   25292,  1.72,  -22699, -1.54
 429,-84.00,    1917,  0.07,   24642,  1.67,  -22725, -1.54
 430,-83.00,    1186,  0.04,   23466,  1.59,  -22280, -1.51
 431,-82.00,    -387, -0.01,   22335,  1.51,  -22722, -1.54
 432,-81.00,   -1034, -0.04,   21807,  1.48,  -22841, -1.55
 433,-80.00,   -1961, -0.07,   21377,  1.45,  -23338, -1.58
 434,-79.00,   -3088, -0.10,   20760,  1.41,  -23848, -1.62
 435,-78.00,   -3986, -0.14,   20358,  1.38,  -24344, -1.65
 436,-77.00,   -4776, -0.16,   20160,  1.37,  -24936, -1.69
 437,-76.00,   -5948, -0.20,   19639,  1.33,  -25587, -1.74
 438,-75.00,   -7322, -0.25,   19014,  1.29,  -26336, -1.79
 439,-74.00,   -8522, -0.29,   18937,  1.28,  -27459, -1.86
 440,-73.00,   -8869, -0.30,   19682,  1.33,  -28551, -1.94
 441,-72.00,  -10562, -0.36,   19490,  1.32,  -30052, -2.04
 442,-71.00,  -12293, -0.42,   19029,  1.29,  -31322, -2.12
 443,-70.00,  -13921, -0.47,   18649,  1.26,  -32570, -2.21
 444,-69.00,  -16337, -0.55,   17658,  1.20,  -33995, -2.31
 445,-68.00,  -18516, -0.63,   16766,  1.14,  -35282, -2.39
 446,-67.00,  -20333, -0.69,   16414,  1.11,  -36747, -2.49
 447,-66.00,  -22145, -0.75,   16205,  1.10,  -38350, -2.60
 448,-65.00,  -24007, -0.81,   16285,  1.10,  -40292, -2.73
 449,-64.00,  -25566, -0.87,   16251,  1.10,  -41817, -2.84
 450,-63.00,  -27123, -0.92,   15854,  1.08,  -42977, -2.91
 451,-62.00,  -27981, -0.95,   15800,  1.07,  -43781, -2.97
 452,-61.00,  -28223, -0.96,   16257,  1.10,  -44480, -3.02
 453,-60.00,  -28484, -0.97,   16439,  1.11,  -44923, -3.05
 454,-59.00,  -29917, -1.01,   15771,  1.07,  -45688, -3.10
 455,-58.00,  -30684, -1.04,   15832,  1.07,  -46516, -3.15
 456,-57.00,  -30676, -1.04,   16118,  1.09,  -46794, -3.17
 457,-56.00,  -31731, -1.08,   14901,  1.01,  -46632, -3.16
 458,-55.00,  -32729, -1.11,   13693,  0.93,  -46422, -3.15
 459,-54.00,  -33726, -1.14,   12565,  0.85,  -46291, -3.14
 460,-53.00,  -35353, -1.20,   10665,  0.72,  -46018, -3.12
 461,-52.00,  -35915, -1.22,    9313,  0.63,  -45228, -3.07
 462,-51.00,  -36691, -1.24,    7958,  0.54,  -44649, -3.03
 463,-50.00,  -38150, -1.29,    6071,  0.41,  -44221, -3.00
 464,-49.00,  -39510, -1.34,    4687,  0.32,  -44197, -3.00
 465,-48.00,  -41388, -1.40,    3241,  0.22,  -44629, -3.03
 466,-47.00,  -43495, -1.47,    1608,  0.11,  -45103, -3.06
 467,-46.00,  -46108, -1.56,    -633, -0.04,  -45475, -3.08
 468,-45.00,  -48831, -1.66,   -2823, -0.19,  -46008, -3.12
 469,-44.00,  -51667, -1.75,   -5225, -0.35,  -46442, -3.15
 470,-43.00,  -54910, -1.86,   -7347, -0.50,  -47563, -3.23
 471,-42.00,  -57038, -1.93,   -8828, -0.60,  -48210, -3.27
 472,-41.00,  -57813, -1.96,   -9448, -0.64,  -48365, -3.28
 473,-40.00,  -59973, -2.03,  -10797, -0.73,  -49176, -3.34
 474,-39.00,  -62737, -2.13,  -12594, -0.85,  -50143, -3.40
 475,-38.00,  -66494, -2.25,  -14987, -1.02,  -51507, -3.49
 476,-37.00,  -68676, -2.33,  -16433, -1.11,  -52243, -3.54
 477,-36.00,  -69974, -2.37,  -17716, -1.20,  -52258, -3.54
 478,-35.00,  -71366, -2.42,  -18530, -1.26,  -52836, -3.58
 479,-34.00,  -72868, -2.47,  -19055, -1.29,  -53813, -3.65
 480,-33.00,  -73928, -2.51,  -19294, -1.31,  -54634, -3.71
 481,-32.00,  -74824, -2.54,  -19642, -1.33,  -55182, -3.74
 482,-31.00,  -75960, -2.58,  -20251, -1.37,  -55709, -3.78
 483,-30.00,  -76325, -2.59,  -20740, -1.41,  -55585, -3.77
 484,-29.00,  -77127, -2.62,  -21119, -1.43,  -56008, -3.80
 485,-28.00,  -78234, -2.65,  -21758, -1.48,  -56476, -3.83
 486,-27.00,  -79249, -2.69,  -22189, -1.50,  -57060, -3.87
 487,-26.00,  -79934, -2.71,  -22802, -1.55,  -57132, -3.87
 488,-25.00,  -80194, -2.72,  -22708, -1.54,  -57486, -3.90
 489,-24.00,  -80470, -2.73,  -22628, -1.53,  -57842, -3.92
 490,-23.00,  -80328, -2.72,  -22498, -1.53,  -57830, -3.92
 491,-22.00,  -80310, -2.72,  -22526, -1.53,  -57784, -3.92
 492,-21.00,  -79921, -2.71,  -22045, -1.50,  -57876, -3.93
 493,-20.00,  -79720, -2.70,  -21678, -1.47,  -58042, -3.94
 494,-19.00,  -79954, -2.71,  -21588, -1.46,  -58366, -3.96
 495,-18.00,  -80626, -2.73,  -21625, -1.47,  -59001, -4.00
 496,-17.00,  -81078, -2.75,  -22161, -1.50,  -58917, -4.00
 497,-16.00,  -82415, -2.79,  -23120, -1.57,  -59295, -4.02
 498,-15.00,  -83215, -2.82,  -23314, -1.58,  -59901, -4.06
 499,-14.00,  -83661, -2.84,  -23873, -1.62,  -59788, -4.05
 500,-13.00,  -83931, -2.85,  -24473, -1.66,  -59458, -4.03
 501,-12.00,  -84045, -2.85,  -24741, -1.68,  -59304, -4.02
 502,-11.00,  -84516, -2.87,  -25630, -1.74,  -58886, -3.99
 503,-10.00,  -84434, -2.86,  -25965, -1.76,  -58469, -3.97
 504,-9.00,  -85345, -2.89,  -26427, -1.79,  -58918, -4.00
 505,-8.00,  -85977, -2.92,  -26357, -1.79,  -59620, -4.04
 506,-7.00,  -85856, -2.91,  -26111, -1.77,  -59745, -4.05
 507,-6.00,  -85871, -2.91,  -26202, -1.78,  -59669, -4.05
 508,-5.00,  -86309, -2.93,  -26770, -1.82,  -59539, -4.04
 509,-4.00,  -86042, -2.92,  -27320, -1.85,  -58722, -3.98
 510,-3.00,  -85392, -2.90,  -27336, -1.85,  -58056, -3.94
 511,-2.00,  -84426, -2.86,  -26791, -1.82,  -57635, -3.91
 512,-1.00,  -83942, -2.85,  -26023, -1.76,  -57919, -3.93
 513,0.00,  -83634, -2.84,  -25313, -1.72,  -58321, -3.96
 514,1.00,  -83521, -2.83,  -24633, -1.67,  -58888, -3.99
 515,2.00,  -83691, -2.84,  -24813, -1.68,  -58878, -3.99
 516,3.00,  -83480, -2.83,  -24941, -1.69,  -58539, -3.97
 517,4.00,  -83469, -2.83,  -24780, -1.68,  -58689, -3.98
 518,5.00,  -82712, -2.80,  -24207, -1.64,  -58505, -3.97
 519,6.00,  -83220, -2.82,  -24129, -1.64,  -59091, -4.01
 520,7.00,  -83661, -2.84,  -24253, -1.64,  -59408, -4.03
 521,8.00,  -83448, -2.83,  -24018, -1.63,  -59430, -4.03
 522,9.00,  -84197, -2.86,  -23554, -1.60,  -60643, -4.11
 523,10.00,  -83306, -2.82,  -22468, -1.52,  -60838, -4.13
 524,11.00,  -81654, -2.77,  -21154, -1.43,  -60500, -4.10
 525,12.00,  -80311, -2.72,  -20237, -1.37,  -60074, -4.07
 526,13.00,  -77810, -2.64,  -18484, -1.25,  -59326, -4.02
 527,14.00,  -74688, -2.53,  -16834, -1.14,  -57854, -3.92
 528,15.00,  -72677, -2.46,  -16019, -1.09,  -56658, -3.84
 529,16.00,  -70737, -2.40,  -15417, -1.05,  -55320, -3.75
 530,17.00,  -68033, -2.31,  -14589, -0.99,  -53444, -3.62
 531,18.00,  -65177, -2.21,  -13135, -0.89,  -52042, -3.53
 532,19.00,  -62364, -2.11,  -11675, -0.79,  -50689, -3.44
 533,20.00,  -59564, -2.02,  -10366, -0.70,  -49198, -3.34
 534,21.00,  -57567, -1.95,   -9562, -0.65,  -48005, -3.26
 535,22.00,  -54635, -1.85,   -8667, -0.59,  -45968, -3.12
 536,23.00,  -50550, -1.71,   -6904, -0.47,  -43646, -2.96
 537,24.00,  -47122, -1.60,   -5887, -0.40,  -41235, -2.80
 538,25.00,  -44530, -1.51,   -4896, -0.33,  -39634, -2.69
 539,26.00,  -41805, -1.42,   -4016, -0.27,  -37789, -2.56
 540,27.00,  -37898, -1.29,   -2571, -0.17,  -35327, -2.40
 541,28.00,  -34795, -1.18,   -1140, -0.08,  -33655, -2.28
 542,29.00,  -32582, -1.10,    -385, -0.03,  -32197, -2.18
 543,30.00,  -30805, -1.04,     -11, -0.00,  -30794, -2.09
 544,31.00,  -29187, -0.99,     166,  0.01,  -29353, -1.99
 545,32.00,  -27612, -0.94,     259,  0.02,  -27871, -1.89
 546,33.00,  -26358, -0.89,    -291, -0.02,  -26067, -1.77
 547,34.00,  -23935, -0.81,    -181, -0.01,  -23754, -1.61
 548,35.00,  -20509, -0.70,     818,  0.06,  -21327, -1.45
 549,36.00,  -17744, -0.60,    1314,  0.09,  -19058, -1.29
 550,37.00,  -14336, -0.49,    2203,  0.15,  -16539, -1.12
 551,38.00,  -10226, -0.35,    3737,  0.25,  -13963, -0.95
 552,39.00,   -7314, -0.25,    4887,  0.33,  -12201, -0.83
 553,40.00,   -5439, -0.18,    5019,  0.34,  -10458, -0.71
 554,41.00,   -3413, -0.12,    5464,  0.37,   -8877, -0.60
 555,42.00,   -1974, -0.07,    5342,  0.36,   -7316, -0.50
 556,43.00,    -226, -0.00,    5771,  0.39,   -5997, -0.41
 557,44.00,    1986,  0.07,    6336,  0.43,   -4350, -0.30
 558,45.00,    3672,  0.12,    6685,  0.45,   -3013, -0.20
 559,46.00,    5838,  0.20,    8089,  0.55,   -2251, -0.15
 560,47.00,    8162,  0.28,    9918,  0.67,   -1756, -0.12
 561,48.00,   10559,  0.36,   11342,  0.77,    -783, -0.05
 562,49.00,   12658,  0.43,   12380,  0.84,     278,  0.02
 563,50.00,   15464,  0.52,   14281,  0.97,    1183,  0.08
 564,51.00,   16650,  0.56,   15085,  1.02,    1565,  0.11
 565,52.00,   17837,  0.60,   15502,  1.05,    2335,  0.16
 566,53.00,   19389,  0.66,   16431,  1.11,    2958,  0.20
 567,54.00,   21171,  0.72,   17503,  1.19,    3668,  0.25
 568,55.00,   23432,  0.79,   18669,  1.27,    4763,  0.32
 569,56.00,   25733,  0.87,   20104,  1.36,    5629,  0.38
 570,57.00,   28932,  0.98,   22143,  1.50,    6789,  0.46
 571,58.00,   31472,  1.07,   23939,  1.62,    7533,  0.51
 572,59.00,   34126,  1.16,   25887,  1.76,    8239,  0.56
 573,60.00,   37046,  1.26,   27766,  1.88,    9280,  0.63
 574,61.00,   40075,  1.36,   29455,  2.00,   10620,  0.72
 575,62.00,   43210,  1.47,   31357,  2.13,   11853,  0.80
 576,63.00,   46436,  1.57,   33174,  2.25,   13262,  0.90
 577,64.00,   49577,  1.68,   34451,  2.34,   15126,  1.03
 578,65.00,   53648,  1.82,   36436,  2.47,   17212,  1.17
 579,66.00,   57585,  1.95,   38583,  2.62,   19002,  1.29
 580,67.00,   61586,  2.09,   40918,  2.78,   20668,  1.40
 581,68.00,   65839,  2.23,   43281,  2.94,   22558,  1.53
 582,69.00,   69144,  2.34,   44925,  3.05,   24219,  1.64
 583,70.00,   72924,  2.47,   46823,  3.18,   26101,  1.77
 584,71.00,   77231,  2.62,   48945,  3.32,   28286,  1.92
 585,72.00,   80808,  2.74,   50775,  3.44,   30033,  2.04
 586,73.00,   84146,  2.85,   52387,  3.55,   31759,  2.15
 587,74.00,   86709,  2.94,   53626,  3.64,   33083,  2.24
 588,75.00,   89387,  3.03,   54932,  3.73,   34455,  2.34
 589,76.00,   91959,  3.12,   56050,  3.80,   35909,  2.44
 590,77.00,   93913,  3.18,   56534,  3.83,   37379,  2.54
 591,78.00,   95663,  3.24,   56763,  3.85,   38900,  2.64
 592,79.00,   97132,  3.29,   56524,  3.83,   40608,  2.75
 593,80.00,   98552,  3.34,   56413,  3.83,   42139,  2.86
 594,81.00,  100048,  3.39,   56588,  3.84,   43460,  2.95
 595,82.00,  101236,  3.43,   56967,  3.86,   44269,  3.00
 596,83.00,  102314,  3.47,   57223,  3.88,   45091,  3.06
 597,84.00,  104135,  3.53,   57671,  3.91,   46464,  3.15
 598,85.00,  105988,  3.59,   58669,  3.98,   47319,  3.21
 599,86.00,  107272,  3.64,   59438,  4.03,   47834,  3.24
 600,87.00,  109007,  3.70,   60276,  4.09,   48731,  3.30
 601,88.00,  110992,  3.76,   60811,  4.12,   50181,  3.40
 602,89.00,  112077,  3.80,   60639,  4.11,   51438,  3.49
 603,90.00,  113667,  3.85,   60675,  4.11,   52992,  3.59
 604,91.00,  116667,  3.96,   61702,  4.18,   54965,  3.73
 605,92.00,  119689,  4.06,   63213,  4.29,   56476,  3.83
 606,93.00,  122272,  4.15,   64166,  4.35,   58106,  3.94
 607,94.00,  125017,  4.24,   65317,  4.43,   59700,  4.05
 608,95.00,  127224,  4.31,   65872,  4.47,   61352,  4.16
 609,96.00,  128802,  4.37,   65926,  4.47,   62876,  4.26
 610,97.00,  128616,  4.36,   64886,  4.40,   63730,  4.32
 611,98.00,  128295,  4.35,   63923,  4.34,   64372,  4.37
 612,99.00,  129005,  4.37,   63464,  4.30,   65541,  4.44
 613,100.00,  130232,  4.42,   63294,  4.29,   66938,  4.54
 614,101.00,  130947,  4.44,   63364,  4.30,   67583,  4.58
 615,102.00,  130589,  4.43,   62630,  4.25,   67959,  4.61
 616,103.00,  129261,  4.38,   61022,  4.14,   68239,  4.63
 617,104.00,  127822,  4.33,   59420,  4.03,   68402,  4.64
 618,105.00,  126009,  4.27,   57460,  3.90,   68549,  4.65
 619,106.00,  123432,  4.19,   54945,  3.73,   68487,  4.64
 620,107.00,  121041,  4.10,   52554,  3.56,   68487,  4.64
 621,108.00,  119196,  4.04,   50763,  3.44,   68433,  4.64
 622,109.00,  116233,  3.94,   48567,  3.29,   67666,  4.59
 623,110.00,  113551,  3.85,   46557,  3.16,   66994,  4.54
 624,111.00,  110505,  3.75,   44225,  3.00,   66280,  4.50
 625,112.00,  106748,  3.62,   40685,  2.76,   66063,  4.48
 626,113.00,  103069,  3.50,   37819,  2.56,   65250,  4.43
 627,114.00,  100070,  3.39,   35774,  2.43,   64296,  4.36
 628,115.00,   96142,  3.26,   32767,  2.22,   63375,  4.30
 629,116.00,   91910,  3.12,   29855,  2.02,   62055,  4.21
 630,117.00,   87382,  2.96,   27081,  1.84,   60301,  4.09
 631,118.00,   82883,  2.81,   24263,  1.65,   58620,  3.98
 632,119.00,   77804,  2.64,   20885,  1.42,   56919,  3.86
 633,120.00,   72220,  2.45,   17174,  1.16,   55046,  3.73
 634,121.00,   67449,  2.29,   14306,  0.97,   53143,  3.60
 635,122.00,   62622,  2.12,   11815,  0.80,   50807,  3.45
 636,123.00,   57267,  1.94,    9057,  0.61,   48210,  3.27
 637,124.00,   52001,  1.76,    6370,  0.43,   45631,  3.09
 638,125.00,   46502,  1.58,    3492,  0.24,   43010,  2.92
 639,126.00,   40538,  1.37,     593,  0.04,   39945,  2.71
 640,127.00,   34654,  1.18,   -2371, -0.16,   37025,  2.51
 641,128.00,   28624,  0.97,   -5429, -0.37,   34053,  2.31
 642,129.00,   22526,  0.76,   -8168, -0.55,   30694,  2.08
 643,130.00,   14860,  0.50,  -11927, -0.81,   26787,  1.82
 644,131.00,    7416,  0.25,  -15296, -1.04,   22712,  1.54
 645,132.00,     616,  0.02,  -18821, -1.28,   19437,  1.32
 646,133.00,   -5946, -0.20,  -22179, -1.50,   16233,  1.10
 647,134.00,  -11600, -0.39,  -24590, -1.67,   12990,  0.88
 648,135.00,  -16330, -0.55,  -26410, -1.79,   10080,  0.68
 649,136.00,  -21033, -0.71,  -27604, -1.87,    6571,  0.45
 650,137.00,  -26388, -0.89,  -29387, -1.99,    2999,  0.20
 651,138.00,  -32375, -1.10,  -31737, -2.15,    -638, -0.04
 652,139.00,  -38141, -1.29,  -34019, -2.31,   -4122, -0.28
 653,140.00,  -44277, -1.50,  -36190, -2.45,   -8087, -0.55
 654,141.00,  -50648, -1.72,  -38448, -2.61,  -12200, -0.83
 655,142.00,  -56346, -1.91,  -40298, -2.73,  -16048, -1.09
 656,143.00,  -62820, -2.13,  -42732, -2.90,  -20088, -1.36
 657,144.00,  -68506, -2.32,  -44207, -3.00,  -24299, -1.65
 658,145.00,  -73611, -2.50,  -45237, -3.07,  -28374, -1.92
 659,146.00,  -78993, -2.68,  -46819, -3.18,  -32174, -2.18
 660,147.00,  -83189, -2.82,  -47920, -3.25,  -35269, -2.39
 661,148.00,  -87590, -2.97,  -49357, -3.35,  -38233, -2.59
 662,149.00,  -91503, -3.10,  -50655, -3.44,  -40848, -2.77
 663,150.00,  -96627, -3.28,  -52791, -3.58,  -43836, -2.97
 664,151.00, -101566, -3.44,  -54447, -3.69,  -47119, -3.20
 665,152.00, -105575, -3.58,  -55629, -3.77,  -49946, -3.39
 666,153.00, -109544, -3.71,  -56885, -3.86,  -52659, -3.57
 667,154.00, -112447, -3.81,  -57776, -3.92,  -54671, -3.71
 668,155.00, -114791, -3.89,  -58369, -3.96,  -56422, -3.83
 669,156.00, -117709, -3.99,  -59437, -4.03,  -58272, -3.95
 670,157.00, -121042, -4.10,  -60608, -4.11,  -60434, -4.10
 671,158.00, -123428, -4.19,  -60986, -4.14,  -62442, -4.23
 672,159.00, -124915, -4.24,  -61198, -4.15,  -63717, -4.32
 673,160.00, -126009, -4.27,  -61276, -4.16,  -64733, -4.39
 674,161.00, -126983, -4.31,  -60810, -4.12,  -66173, -4.49
 675,162.00, -127934, -4.34,  -59705, -4.05,  -68229, -4.63
 676,163.00, -128329, -4.35,  -59138, -4.01,  -69191, -4.69
 677,164.00, -129036, -4.38,  -59406, -4.03,  -69630, -4.72
 678,165.00, -130308, -4.42,  -59676, -4.05,  -70632, -4.79
 679,166.00, -131618, -4.46,  -59900, -4.06,  -71718, -4.86
 680,167.00, -131697, -4.47,  -59685, -4.05,  -72012, -4.88
 681,168.00, -131911, -4.47,  -59485, -4.03,  -72426, -4.91
 682,169.00, -132699, -4.50,  -59361, -4.03,  -73338, -4.97
 683,170.00, -133151, -4.52,  -59363, -4.03,  -73788, -5.00
 684,171.00, -134218, -4.55,  -59658, -4.05,  -74560, -5.06
 685,172.00, -134923, -4.58,  -59945, -4.07,  -74978, -5.08
 686,173.00, -136161, -4.62,  -60377, -4.09,  -75784, -5.14
 687,174.00, -137068, -4.65,  -60801, -4.12,  -76267, -5.17
 688,175.00, -137174, -4.65,  -61276, -4.16,  -75898, -5.15
 689,176.00, -136271, -4.62,  -61038, -4.14,  -75233, -5.10
 690,177.00, -135027, -4.58,  -60201, -4.08,  -74826, -5.07
 691,178.00, -134046, -4.55,  -59297, -4.02,  -74749, -5.07
 692,179.00, -133753, -4.54,  -59172, -4.01,  -74581, -5.06
 693,180.00, -133364, -4.52,  -58573, -3.97,  -74791, -5.07
 694,181.00, -132724, -4.50,  -57554, -3.90,  -75170, -5.10
 695,182.00, -131957, -4.47,  -57241, -3.88,  -74716, -5.07
 696,183.00, -132316, -4.49,  -58170, -3.95,  -74146, -5.03
 697,184.00, -132942, -4.51,  -59719, -4.05,  -73223, -4.97
 698,185.00, -132624, -4.50,  -60188, -4.08,  -72436, -4.91
 699,186.00, -131246, -4.45,  -59663, -4.05,  -71583, -4.85
 700,187.00, -129635, -4.40,  -58756, -3.98,  -70879, -4.81
 701,188.00, -128632, -4.36,  -58181, -3.95,  -70451, -4.78
 702,189.00, -127856, -4.34,  -57746, -3.92,  -70110, -4.75
 703,190.00, -126961, -4.31,  -58261, -3.95,  -68700, -4.66
 704,191.00, -126286, -4.28,  -58896, -3.99,  -67390, -4.57
 705,192.00, -125383, -4.25,  -59259, -4.02,  -66124, -4.48
 706,193.00, -123925, -4.20,  -59260, -4.02,  -64665, -4.39
 707,194.00, -122064, -4.14,  -59264, -4.02,  -62800, -4.26
 708,195.00, -119834, -4.06,  -58958, -4.00,  -60876, -4.13
 709,196.00, -117177, -3.97,  -58515, -3.97,  -58662, -3.98
 710,197.00, -115595, -3.92,  -58335, -3.96,  -57260, -3.88
 711,198.00, -114931, -3.90,  -58526, -3.97,  -56405, -3.83
 712,199.00, -114487, -3.88,  -59307, -4.02,  -55180, -3.74
 713,200.00, -113740, -3.86,  -59860, -4.06,  -53880, -3.65
 714,201.00, -112828, -3.83,  -60541, -4.11,  -52287, -3.55
 715,202.00, -112898, -3.83,  -62174, -4.22,  -50724, -3.44
 716,203.00, -112292, -3.81,  -62804, -4.26,  -49488, -3.36
 717,204.00, -111181, -3.77,  -62972, -4.27,  -48209, -3.27
 718,205.00, -110078, -3.73,  -63321, -4.29,  -46757, -3.17
 719,206.00, -108919, -3.69,  -63463, -4.30,  -45456, -3.08
 720,207.00, -107467, -3.64,  -63136, -4.28,  -44331, -3.01
 721,208.00, -106067, -3.60,  -63321, -4.29,  -42746, -2.90
 722,209.00, -106924, -3.63,  -64591, -4.38,  -42333, -2.87
 723,210.00, -107840, -3.66,  -65655, -4.45,  -42185, -2.86
 724,211.00, -108273, -3.67,  -65679, -4.45,  -42594, -2.89
 725,212.00, -109650, -3.72,  -66780, -4.53,  -42870, -2.91
 726,213.00, -110875, -3.76,  -68147, -4.62,  -42728, -2.90
 727,214.00, -111107, -3.77,  -68416, -4.64,  -42691, -2.90
 728,215.00, -111267, -3.77,  -68341, -4.63,  -42926, -2.91
 729,216.00, -111339, -3.78,  -68559, -4.65,  -42780, -2.90
 730,217.00, -111080, -3.77,  -67996, -4.61,  -43084, -2.92
 731,218.00, -110866, -3.76,  -66818, -4.53,  -44048, -2.99
 732,219.00, -110603, -3.75,  -65425, -4.44,  -45178, -3.06
 733,220.00, -111132, -3.77,  -64691, -4.39,  -46441, -3.15
 734,221.00, -111489, -3.78,  -64121, -4.35,  -47368, -3.21
 735,222.00, -111278, -3.77,  -63069, -4.28,  -48209, -3.27
 736,223.00, -110051, -3.73,  -61282, -4.16,  -48769, -3.31
 737,224.00, -109239, -3.70,  -60297, -4.09,  -48942, -3.32
 738,225.00, -109257, -3.70,  -59706, -4.05,  -49551, -3.36
 739,226.00, -109727, -3.72,  -59618, -4.04,  -50109, -3.40
 740,227.00, -110986, -3.76,  -59530, -4.04,  -51456, -3.49
 741,228.00, -111482, -3.78,  -58768, -3.99,  -52714, -3.58
 742,229.00, -111150, -3.77,  -58188, -3.95,  -52962, -3.59
 743,230.00, -110943, -3.76,  -57824, -3.92,  -53119, -3.60
 744,231.00, -109870, -3.73,  -56457, -3.83,  -53413, -3.62
 745,232.00, -107725, -3.65,  -54416, -3.69,  -53309, -3.62
 746,233.00, -106577, -3.61,  -53013, -3.60,  -53564, -3.63
 747,234.00, -105705, -3.58,  -51697, -3.51,  -54008, -3.66
 748,235.00, -106011, -3.59,  -51317, -3.48,  -54694, -3.71
 749,236.00, -106377, -3.61,  -51434, -3.49,  -54943, -3.73
 750,237.00, -106443, -3.61,  -51142, -3.47,  -55301, -3.75
 751,238.00, -105819, -3.59,  -50502, -3.42,  -55317, -3.75
 752,239.00, -105878, -3.59,  -50115, -3.40,  -55763, -3.78
 753,240.00, -107170, -3.63,  -50572, -3.43,  -56598, -3.84
 754,241.00, -108152, -3.67,  -50723, -3.44,  -57429, -3.89
 755,242.00, -109595, -3.72,  -51071, -3.46,  -58524, -3.97
 756,243.00, -110294, -3.74,  -50930, -3.45,  -59364, -4.03
 757,244.00, -110934, -3.76,  -50639, -3.43,  -60295, -4.09
 758,245.00, -111070, -3.77,  -49545, -3.36,  -61525, -4.17
 759,246.00, -111907, -3.79,  -49212, -3.34,  -62695, -4.25
 760,247.00, -112875, -3.83,  -49141, -3.33,  -63734, -4.32
 761,248.00, -113380, -3.84,  -49125, -3.33,  -64255, -4.36
 762,249.00, -114664, -3.89,  -49332, -3.35,  -65332, -4.43
 763,250.00, -116559, -3.95,  -49761, -3.37,  -66798, -4.53
 764,251.00, -118449, -4.02,  -50504, -3.43,  -67945, -4.61
 765,252.00, -119599, -4.06,  -50708, -3.44,  -68891, -4.67
 766,253.00, -120478, -4.09,  -50295, -3.41,  -70183, -4.76
 767,254.00, -121305, -4.11,  -49914, -3.39,  -71391, -4.84
 768,255.00, -122834, -4.17,  -50182, -3.40,  -72652, -4.93
 769,256.00, -123413, -4.18,  -50396, -3.42,  -73017, -4.95
 770,257.00, -124281, -4.21,  -50662, -3.44,  -73619, -4.99
 771,258.00, -125106, -4.24,  -51289, -3.48,  -73817, -5.01
 772,259.00, -127069, -4.31,  -52192, -3.54,  -74877, -5.08
 773,260.00, -129235, -4.38,  -52893, -3.59,  -76342, -5.18
 774,261.00, -130572, -4.43,  -53336, -3.62,  -77236, -5.24
 775,262.00, -131278, -4.45,  -53978, -3.66,  -77300, -5.24
 776,263.00, -132140, -4.48,  -54755, -3.71,  -77385, -5.25
 777,264.00, -133490, -4.53,  -55093, -3.74,  -78397, -5.32
 778,265.00, -133968, -4.54,  -54908, -3.72,  -79060, -5.36
 779,266.00, -135110, -4.58,  -55747, -3.78,  -79363, -5.38
 780,267.00, -136788, -4.64,  -57247, -3.88,  -79541, -5.39
 781,268.00, -136391, -4.62,  -57218, -3.88,  -79173, -5.37
 782,269.00, -134850, -4.57,  -56479, -3.83,  -78371, -5.32
 783,270.00, -132969, -4.51,  -55229, -3.75,  -77740, -5.27
 784,271.00, -131416, -4.46,  -54496, -3.70,  -76920, -5.22
 785,272.00, -129812, -4.40,  -53402, -3.62,  -76410, -5.18
 786,273.00, -129236, -4.38,  -52871, -3.59,  -76365, -5.18
 787,274.00, -127828, -4.33,  -52012, -3.53,  -75816, -5.14
 788,275.00, -125918, -4.27,  -50901, -3.45,  -75017, -5.09
 789,276.00, -122846, -4.17,  -49268, -3.34,  -73578, -4.99
 790,277.00, -119891, -4.07,  -47680, -3.23,  -72211, -4.90
 791,278.00, -117846, -4.00,  -46687, -3.17,  -71159, -4.83
 792,279.00, -114802, -3.89,  -44921, -3.05,  -69881, -4.74
 793,280.00, -111748, -3.79,  -43366, -2.94,  -68382, -4.64
 794,281.00, -109028, -3.70,  -42335, -2.87,  -66693, -4.52
 795,282.00, -106021, -3.60,  -41268, -2.80,  -64753, -4.39
 796,283.00, -102792, -3.49,  -40152, -2.72,  -62640, -4.25
 797,284.00, -100780, -3.42,  -39477, -2.68,  -61303, -4.16
 798,285.00,  -98268, -3.33,  -38658, -2.62,  -59610, -4.04
 799,286.00,  -95551, -3.24,  -38226, -2.59,  -57325, -3.89
 800,287.00,  -92357, -3.13,  -37619, -2.55,  -54738, -3.71
 801,288.00,  -88433, -3.00,  -36243, -2.46,  -52190, -3.54
 802,289.00,  -84787, -2.88,  -34896, -2.37,  -49891, -3.38
 803,290.00,  -80626, -2.73,  -33601, -2.28,  -47025, -3.19
 804,291.00,  -75652, -2.57,  -31374, -2.13,  -44278, -3.00
 805,292.00,  -71394, -2.42,  -29473, -2.00,  -41921, -2.84
 806,293.00,  -67757, -2.30,  -28154, -1.91,  -39603, -2.69
 807,294.00,  -64853, -2.20,  -27356, -1.86,  -37497, -2.54
 808,295.00,  -60257, -2.04,  -25229, -1.71,  -35028, -2.38
 809,296.00,  -55495, -1.88,  -22958, -1.56,  -32537, -2.21
 810,297.00,  -52126, -1.77,  -21338, -1.45,  -30788, -2.09
 811,298.00,  -49224, -1.67,  -20274, -1.37,  -28950, -1.96
 812,299.00,  -45273, -1.54,  -18424, -1.25,  -26849, -1.82
 813,300.00,  -41863, -1.42,  -16482, -1.12,  -25381, -1.72
 814,301.00,  -37644, -1.28,  -13605, -0.92,  -24039, -1.63
 815,302.00,  -33655, -1.14,  -11141, -0.76,  -22514, -1.53
 816,303.00,  -30190, -1.02,   -9206, -0.62,  -20984, -1.42
 817,304.00,  -26762, -0.91,   -7510, -0.51,  -19252, -1.31
 818,305.00,  -22988, -0.78,   -5380, -0.36,  -17608, -1.19
 819,306.00,  -19101, -0.65,   -3522, -0.24,  -15579, -1.06
 820,307.00,  -15461, -0.52,   -1840, -0.12,  -13621, -0.92
 821,308.00,  -10839, -0.37,     577,  0.04,  -11416, -0.77
 822,309.00,   -5940, -0.20,    3035,  0.21,   -8975, -0.61
 823,310.00,    -337, -0.01,    6106,  0.41,   -6443, -0.44
 824,311.00,    4163,  0.14,    8199,  0.56,   -4036, -0.27
 825,312.00,    8434,  0.29,    9588,  0.65,   -1154, -0.08
 826,313.00,   14800,  0.50,   12776,  0.87,    2024,  0.14
 827,314.00,   21746,  0.74,   16584,  1.12,    5162,  0.35
 828,315.00,   26359,  0.89,   17944,  1.22,    8415,  0.57
 829,316.00,   30257,  1.03,   19037,  1.29,   11220,  0.76
 830,317.00,   34057,  1.15,   20233,  1.37,   13824,  0.94
 831,318.00,   37465,  1.27,   21188,  1.44,   16277,  1.10
 832,319.00,   40358,  1.37,   22091,  1.50,   18267,  1.24
 833,320.00,   43330,  1.47,   23477,  1.59,   19853,  1.35
 834,321.00,   46325,  1.57,   24817,  1.68,   21508,  1.46
 835,322.00,   49758,  1.69,   26539,  1.80,   23219,  1.57
 836,323.00,   53170,  1.80,   28863,  1.96,   24307,  1.65
 837,324.00,   56164,  1.90,   30358,  2.06,   25806,  1.75
 838,325.00,   57976,  1.97,   31019,  2.10,   26957,  1.83
 839,326.00,   59039,  2.00,   31306,  2.12,   27733,  1.88
 840,327.00,   60175,  2.04,   31584,  2.14,   28591,  1.94
 841,328.00,   61021,  2.07,   31441,  2.13,   29580,  2.01
 842,329.00,   61500,  2.09,   31018,  2.10,   30482,  2.07
 843,330.00,   62465,  2.12,   30694,  2.08,   31771,  2.15
 844,331.00,   62885,  2.13,   30497,  2.07,   32388,  2.20
 845,332.00,   64229,  2.18,   31440,  2.13,   32789,  2.22
 846,333.00,   66177,  2.24,   32204,  2.18,   33973,  2.30
 847,334.00,   67402,  2.29,   31557,  2.14,   35845,  2.43
 848,335.00,   66747,  2.26,   29821,  2.02,   36926,  2.50
 849,336.00,   66839,  2.27,   28558,  1.94,   38281,  2.60
 850,337.00,   68364,  2.32,   28612,  1.94,   39752,  2.70
 851,338.00,   67941,  2.30,   27486,  1.86,   40455,  2.74
 852,339.00,   68654,  2.33,   26641,  1.81,   42013,  2.85
 853,340.00,   69382,  2.35,   25490,  1.73,   43892,  2.98
 854,341.00,   70595,  2.39,   24620,  1.67,   45975,  3.12
 855,342.00,   72389,  2.45,   24484,  1.66,   47905,  3.25
 856,343.00,   73277,  2.48,   23810,  1.61,   49467,  3.35
 857,344.00,   73677,  2.50,   23241,  1.58,   50436,  3.42
 858,345.00,   75325,  2.55,   23680,  1.61,   51645,  3.50
 859,346.00,   77266,  2.62,   24389,  1.65,   52877,  3.59
 860,347.00,   78633,  2.67,   24822,  1.68,   53811,  3.65
 861,348.00,   79477,  2.70,   24311,  1.65,   55166,  3.74
 862,349.00,   80095,  2.72,   23577,  1.60,   56518,  3.83
 863,350.00,   81936,  2.78,   23749,  1.61,   58187,  3.95
 864,351.00,   82936,  2.81,   23286,  1.58,   59650,  4.05
 865,352.00,   82561,  2.80,   22167,  1.50,   60394,  4.10
 866,353.00,   82349,  2.79,   22044,  1.50,   60305,  4.09
 867,354.00,   82510,  2.80,   22218,  1.51,   60292,  4.09
 868,355.00,   83702,  2.84,   22314,  1.51,   61388,  4.16
 869,356.00,   86010,  2.92,   23086,  1.57,   62924,  4.27
 870,357.00,   88072,  2.99,   23527,  1.60,   64545,  4.38
 871,358.00,   89197,  3.02,   23774,  1.61,   65423,  4.44
 872,359.00,   89568,  3.04,   23780,  1.61,   65788,  4.46
 873,360.00,   89560,  3.04,   23624,  1.60,   65936,  4.47
 874,361.00,   89418,  3.03,   23022,  1.56,   66396,  4.50
 875,362.00,   89442,  3.03,   22491,  1.53,   66951,  4.54
 876,363.00,   90116,  3.06,   22576,  1.53,   67540,  4.58
 877,364.00,   90613,  3.07,   23156,  1.57,   67457,  4.57
 878,365.00,   90950,  3.08,   23942,  1.62,   67008,  4.54
 879,366.00,   91614,  3.11,   24698,  1.67,   66916,  4.54
 880,367.00,   93186,  3.16,   25979,  1.76,   67207,  4.56
 881,368.00,   93934,  3.19,   26738,  1.81,   67196,  4.56
 882,369.00,   95667,  3.24,   28316,  1.92,   67351,  4.57
 883,370.00,   96601,  3.28,   29617,  2.01,   66984,  4.54
 884,371.00,   96455,  3.27,   30087,  2.04,   66368,  4.50
 885,372.00,   95636,  3.24,   30270,  2.05,   65366,  4.43
 886,373.00,   94793,  3.21,   30559,  2.07,   64234,  4.36
 887,374.00,   94124,  3.19,   30623,  2.08,   63501,  4.31
 888,375.00,   92787,  3.15,   30545,  2.07,   62242,  4.22
 889,376.00,   91295,  3.10,   30628,  2.08,   60667,  4.11
 890,377.00,   91277,  3.10,   31539,  2.14,   59738,  4.05
 891,378.00,   90512,  3.07,   31499,  2.14,   59013,  4.00
 892,379.00,   89292,  3.03,   30848,  2.09,   58444,  3.96
 893,380.00,   88262,  2.99,   30270,  2.05,   57992,  3.93
 894,381.00,   86903,  2.95,   29305,  1.99,   57598,  3.91
 895,382.00,   84720,  2.87,   27908,  1.89,   56812,  3.85
 896,383.00,   82002,  2.78,   26398,  1.79,   55604,  3.77
 897,384.00,   79553,  2.70,   25428,  1.72,   54125,  3.67
 898,385.00,   78257,  2.65,   24984,  1.69,   53273,  3.61
 899,386.00,   76555,  2.60,   24239,  1.64,   52316,  3.55
 900,387.00,   74074,  2.51,   23480,  1.59,   50594,  3.43
 901,388.00,   70799,  2.40,   21937,  1.49,   48862,  3.31
 902,389.00,   68517,  2.32,   21175,  1.44,   47342,  3.21
 903,390.00,   67257,  2.28,   20509,  1.39,   46748,  3.17
 904,391.00,   65023,  2.20,   19117,  1.30,   45906,  3.11
 905,392.00,   62033,  2.10,   17770,  1.21,   44263,  3.00
 906,393.00,   59730,  2.03,   17288,  1.17,   42442,  2.88
 907,394.00,   58115,  1.97,   17629,  1.20,   40486,  2.75
 908,395.00,   56439,  1.91,   17884,  1.21,   38555,  2.61
 909,396.00,   53848,  1.83,   17263,  1.17,   36585,  2.48
 910,397.00,   50819,  1.72,   16250,  1.10,   34569,  2.34
 911,398.00,   48532,  1.65,   15675,  1.06,   32857,  2.23
 912,399.00,   45769,  1.55,   14711,  1.00,   31058,  2.11
 913,400.00,   42614,  1.45,   13075,  0.89,   29539,  2.00
 914,401.00,   39737,  1.35,   11573,  0.78,   28164,  1.91
 915,402.00,   37678,  1.28,   10902,  0.74,   26776,  1.82
 916,403.00,   35065,  1.19,    9747,  0.66,   25318,  1.72
 917,404.00,   32561,  1.10,    8824,  0.60,   23737,  1.61
 918,405.00,   30685,  1.04,    8082,  0.55,   22603,  1.53
 919,406.00,   28080,  0.95,    6701,  0.45,   21379,  1.45
 920,407.00,   25027,  0.85,    5260,  0.36,   19767,  1.34
 921,408.00,   22556,  0.76,    4312,  0.29,   18244,  1.24
 922,409.00,   20444,  0.69,    3514,  0.24,   16930,  1.15
 923,410.00,   18461,  0.63,    2619,  0.18,   15842,  1.07
 924,411.00,   16950,  0.57,    2085,  0.14,   14865,  1.01
 925,412.00,   16147,  0.55,    1412,  0.10,   14735,  1.00
 926,413.00,   17145,  0.58,    2103,  0.14,   15042,  1.02
 927,414.00,   18304,  0.62,    2602,  0.18,   15702,  1.06
 928,415.00,   19037,  0.65,    2421,  0.16,   16616,  1.13
 929,416.00,   19664,  0.67,    2665,  0.18,   16999,  1.15
 930,417.00,   19645,  0.67,    2780,  0.19,   16865,  1.14
 931,418.00,   20144,  0.68,    3101,  0.21,   17043,  1.16
 932,419.00,   20892,  0.71,    3258,  0.22,   17634,  1.20
 933,420.00,   21982,  0.75,    3827,  0.26,   18155,  1.23
 934,421.00,   22274,  0.76,    3934,  0.27,   18340,  1.24
 935,422.00,   22948,  0.78,    4218,  0.29,   18730,  1.27
 936,423.00,   23660,  0.80,    3930,  0.27,   19730,  1.34
 937,424.00,   24008,  0.81,    3306,  0.22,   20702,  1.40
 938,425.00,   25257,  0.86,    3669,  0.25,   21588,  1.46
 939,426.00,   26035,  0.88,    3757,  0.25,   22278,  1.51
 940,427.00,   26651,  0.90,    3620,  0.25,   23031,  1.56
 941,428.00,   27606,  0.94,    3734,  0.25,   23872,  1.62
 942,429.00,   26998,  0.92,    2249,  0.15,   24749,  1.68
 943,430.00,   25835,  0.88,     640,  0.04,   25195,  1.71
 944,431.00,   24470,  0.83,    -653, -0.04,   25123,  1.70
 945,432.00,   23408,  0.79,   -2213, -0.15,   25621,  1.74
 946,433.00,   21734,  0.74,   -3994, -0.27,   25728,  1.74
 947,434.00,   21125,  0.72,   -5464, -0.37,   26589,  1.80
 948,435.00,   21461,  0.73,   -6300, -0.43,   27761,  1.88
 949,436.00,   22275,  0.76,   -6589, -0.45,   28864,  1.96
 950,437.00,   22023,  0.75,   -7419, -0.50,   29442,  2.00
 951,438.00,   20698,  0.70,   -9020, -0.61,   29718,  2.02
 952,439.00,   19980,  0.68,  -10048, -0.68,   30028,  2.04
 953,440.00,   19796,  0.67,  -10602, -0.72,   30398,  2.06
 954,441.00,   19916,  0.68,  -10861, -0.74,   30777,  2.09
 955,442.00,   19983,  0.68,  -11148, -0.76,   31131,  2.11
 956,443.00,   19196,  0.65,  -11513, -0.78,   30709,  2.08
 957,444.00,   17561,  0.60,  -12592, -0.85,   30153,  2.04
 958,445.00,   16072,  0.54,  -14196, -0.96,   30268,  2.05
 959,446.00,   15005,  0.51,  -14591, -0.99,   29596,  2.01
 960,447.00,   13779,  0.47,  -15116, -1.03,   28895,  1.96
 961,448.00,   13557,  0.46,  -15285, -1.04,   28842,  1.96
 962,449.00,   13831,  0.47,  -14712, -1.00,   28543,  1.94
 963,450.00,   12859,  0.44,  -14684, -1.00,   27543,  1.87
 964,451.00,   12283,  0.42,  -14471, -0.98,   26754,  1.81
 965,452.00,   10908,  0.37,  -14780, -1.00,   25688,  1.74
 966,453.00,    9410,  0.32,  -15139, -1.03,   24549,  1.66
 967,454.00,    8245,  0.28,  -15691, -1.06,   23936,  1.62
 968,455.00,    7297,  0.25,  -16148, -1.10,   23445,  1.59
 969,456.00,    7678,  0.26,  -15712, -1.07,   23390,  1.59
 970,457.00,    7573,  0.26,  -15410, -1.05,   22983,  1.56
 971,458.00,    7052,  0.24,  -15676, -1.06,   22728,  1.54
 972,459.00,    6474,  0.22,  -15320, -1.04,   21794,  1.48
 973,460.00,    6338,  0.21,  -14880, -1.01,   21218,  1.44
 974,461.00,    5315,  0.18,  -15512, -1.05,   20827,  1.41
 975,462.00,    4747,  0.16,  -15751, -1.07,   20498,  1.39
 976,463.00,    4750,  0.16,  -15240, -1.03,   19990,  1.36
 977,464.00,    5963,  0.20,  -14233, -0.97,   20196,  1.37
 978,465.00,    7008,  0.24,  -13262, -0.90,   20270,  1.37
 979,466.00,    7893,  0.27,  -12367, -0.84,   20260,  1.37
 980,467.00,    8543,  0.29,  -11828, -0.80,   20371,  1.38
 981,468.00,    9474,  0.32,  -11402, -0.77,   20876,  1.42
 982,469.00,   10360,  0.35,  -11119, -0.75,   21479,  1.46
 983,470.00,   11728,  0.40,  -10862, -0.74,   22590,  1.53
 984,471.00,   12769,  0.43,  -10985, -0.74,   23754,  1.61
 985,472.00,   13617,  0.46,  -11178, -0.76,   24795,  1.68
 986,473.00,   14501,  0.49,  -11112, -0.75,   25613,  1.74
 987,474.00,   15944,  0.54,  -10839, -0.74,   26783,  1.82
 988,475.00,   17642,  0.60,  -10669, -0.72,   28311,  1.92
 989,476.00,   20270,  0.69,   -9419, -0.64,   29689,  2.01
 990,477.00,   22719,  0.77,   -8646, -0.59,   31365,  2.13
 991,478.00,   25114,  0.85,   -7948, -0.54,   33062,  2.24
 992,479.00,   26891,  0.91,   -7466, -0.51,   34357,  2.33
 993,480.00,   27649,  0.94,   -7659, -0.52,   35308,  2.39
 994,481.00,   28377,  0.96,   -7897, -0.54,   36274,  2.46
 995,482.00,   29048,  0.99,   -7796, -0.53,   36844,  2.50
 996,483.00,   29585,  1.00,   -7851, -0.53,   37436,  2.54
 997,484.00,   31569,  1.07,   -6862, -0.47,   38431,  2.61
 998,485.00,   33422,  1.13,   -5884, -0.40,   39306,  2.67
 999,486.00,   34903,  1.18,   -5417, -0.37,   40320,  2.73
1000,487.00,   36415,  1.23,   -4836, -0.33,   41251,  2.80
1001,488.00,   37701,  1.28,   -4175, -0.28,   41876,  2.84
1002,489.00,   39231,  1.33,   -3278, -0.22,   42509,  2.88
1003,490.00,   40755,  1.38,   -2871, -0.19,   43626,  2.96
1004,491.00,   41150,  1.40,   -3279, -0.22,   44429,  3.01
1005,492.00,   41542,  1.41,   -3324, -0.23,   44866,  3.04
1006,493.00,   41180,  1.40,   -3443, -0.23,   44623,  3.03
1007,494.00,   40429,  1.37,   -4097, -0.28,   44526,  3.02
1008,495.00,   40542,  1.37,   -4342, -0.29,   44884,  3.04
1009,496.00,   40467,  1.37,   -4373, -0.30,   44840,  3.04
1010,497.00,   39956,  1.35,   -4917, -0.33,   44873,  3.04
1011,498.00,   39971,  1.36,   -5257, -0.36,   45228,  3.07
1012,499.00,   40785,  1.38,   -4931, -0.33,   45716,  3.10
1013,500.00,   42377,  1.44,   -4005, -0.27,   46382,  3.15
1014,501.00,   42554,  1.44,   -4357, -0.30,   46911,  3.18
1015,502.00,   43073,  1.46,   -4307, -0.29,   47380,  3.21
1016,503.00,   43591,  1.48,   -4141, -0.28,   47732,  3.24
1017,504.00,   44756,  1.52,   -3564, -0.24,   48320,  3.28
1018,505.00,   46045,  1.56,   -3161, -0.21,   49206,  3.34
1019,506.00,   46005,  1.56,   -3569, -0.24,   49574,  3.36
1020,507.00,   47267,  1.60,   -3339, -0.23,   50606,  3.43
1021,508.00,   48492,  1.64,   -3038, -0.21,   51530,  3.49
1022,509.00,   49449,  1.68,   -2843, -0.19,   52292,  3.55
1023,510.00,   50653,  1.72,   -2268, -0.15,   52921,  3.59
1024,511.00,   50897,  1.73,   -2566, -0.17,   53463,  3.63
