-----------------------------------------------------------------------------------
Identifier:,IHS5922-20181C01
File Name:,GCLP70B.4
Ear:,L
Channel:,2
Intensity:,70 dB HL
Stim. Rate:,  1.10/s
Stim. Mode:,0
Sweeps:,60
Artifacts:,0
Smp. Period:,1000.00 us
Amp. Gain:, 50.00 K
Low Pass:, 30.00 Hz
High Pass:,  1.00 Hz
Notch Filter:,TRUE
Stimulus:,100
Stim. Freq.:,1000 Hz
Stim. Dur.:,2000 pnts
Masking:,0 dB SPL
Stim. Point:,513
-----------------------------------------------------------------------------------
Peak Information:,Label,Peak(+),Peak(+)(ms),Peak(-),Peak(-)(ms)
,21, 839,326.00, 851,338.00,
-----------------------------------------------------------------------------------


Data Pnt:,Data Pnt(ms):,Average:,Average(uV):,Buffer1:,Buffer1(uV):,Buffer2:,Buffer2(uV):
   1,-512.00,       0,  0.00,       0,  0.00,       0,  0.00
   2,-511.00,       0,  0.00,       0,  0.00,       0,  0.00
   3,-510.00,       0,  0.00,       0,  0.00,       0,  0.00
   4,-509.00,       0,  0.00,       0,  0.00,       0,  0.00
   5,-508.00,       0,  0.00,       0,  0.00,       0,  0.00
   6,-507.00,       0,  0.00,       0,  0.00,       0,  0.00
   7,-506.00,       0,  0.00,       0,  0.00,       0,  0.00
   8,-505.00,       0,  0.00,       0,  0.00,       0,  0.00
   9,-504.00,       0,  0.00,       0,  0.00,       0,  0.00
  10,-503.00,       0,  0.00,       0,  0.00,       0,  0.00
  11,-502.00,       0,  0.00,       0,  0.00,       0,  0.00
  12,-501.00,       0,  0.00,       0,  0.00,       0,  0.00
  13,-500.00,       0,  0.00,       0,  0.00,       0,  0.00
  14,-499.00,       0,  0.00,       0,  0.00,       0,  0.00
  15,-498.00,       0,  0.00,       0,  0.00,       0,  0.00
  16,-497.00,       0,  0.00,       0,  0.00,       0,  0.00
  17,-496.00,       0,  0.00,       0,  0.00,       0,  0.00
  18,-495.00,       0,  0.00,       0,  0.00,       0,  0.00
  19,-494.00,       0,  0.00,       0,  0.00,       0,  0.00
  20,-493.00,       0,  0.00,       0,  0.00,       0,  0.00
  21,-492.00,       0,  0.00,       0,  0.00,       0,  0.00
  22,-491.00,       0,  0.00,       0,  0.00,       0,  0.00
  23,-490.00,       0,  0.00,       0,  0.00,       0,  0.00
  24,-489.00,       0,  0.00,       0,  0.00,       0,  0.00
  25,-488.00,       0,  0.00,       0,  0.00,       0,  0.00
  26,-487.00,       0,  0.00,       0,  0.00,       0,  0.00
  27,-486.00,       0,  0.00,       0,  0.00,       0,  0.00
  28,-485.00,       0,  0.00,       0,  0.00,       0,  0.00
  29,-484.00,       0,  0.00,       0,  0.00,       0,  0.00
  30,-483.00,       0,  0.00,       0,  0.00,       0,  0.00
  31,-482.00,       0,  0.00,       0,  0.00,       0,  0.00
  32,-481.00,       0,  0.00,       0,  0.00,       0,  0.00
  33,-480.00,       0,  0.00,       0,  0.00,       0,  0.00
  34,-479.00,       0,  0.00,       0,  0.00,       0,  0.00
  35,-478.00,       0,  0.00,       0,  0.00,       0,  0.00
  36,-477.00,       0,  0.00,       0,  0.00,       0,  0.00
  37,-476.00,       0,  0.00,       0,  0.00,       0,  0.00
  38,-475.00,       0,  0.00,       0,  0.00,       0,  0.00
  39,-474.00,       0,  0.00,       0,  0.00,       0,  0.00
  40,-473.00,       0,  0.00,       0,  0.00,       0,  0.00
  41,-472.00,       0,  0.00,       0,  0.00,       0,  0.00
  42,-471.00,       0,  0.00,       0,  0.00,       0,  0.00
  43,-470.00,       0,  0.00,       0,  0.00,       0,  0.00
  44,-469.00,       0,  0.00,       0,  0.00,       0,  0.00
  45,-468.00,       0,  0.00,       0,  0.00,       0,  0.00
  46,-467.00,       0,  0.00,       0,  0.00,       0,  0.00
  47,-466.00,       0,  0.00,       0,  0.00,       0,  0.00
  48,-465.00,       0,  0.00,       0,  0.00,       0,  0.00
  49,-464.00,       0,  0.00,       0,  0.00,       0,  0.00
  50,-463.00,       0,  0.00,       0,  0.00,       0,  0.00
  51,-462.00,       0,  0.00,       0,  0.00,       0,  0.00
  52,-461.00,       0,  0.00,       0,  0.00,       0,  0.00
  53,-460.00,       0,  0.00,       0,  0.00,       0,  0.00
  54,-459.00,       0,  0.00,       0,  0.00,       0,  0.00
  55,-458.00,       0,  0.00,       0,  0.00,       0,  0.00
  56,-457.00,       0,  0.00,       0,  0.00,       0,  0.00
  57,-456.00,       0,  0.00,       0,  0.00,       0,  0.00
  58,-455.00,       0,  0.00,       0,  0.00,       0,  0.00
  59,-454.00,       0,  0.00,       0,  0.00,       0,  0.00
  60,-453.00,       0,  0.00,       0,  0.00,       0,  0.00
  61,-452.00,       0,  0.00,       0,  0.00,       0,  0.00
  62,-451.00,       0,  0.00,       0,  0.00,       0,  0.00
  63,-450.00,       0,  0.00,       0,  0.00,       0,  0.00
  64,-449.00,       0,  0.00,       0,  0.00,       0,  0.00
  65,-448.00,       0,  0.00,       0,  0.00,       0,  0.00
  66,-447.00,       0,  0.00,       0,  0.00,       0,  0.00
  67,-446.00,       0,  0.00,       0,  0.00,       0,  0.00
  68,-445.00,       0,  0.00,       0,  0.00,       0,  0.00
  69,-444.00,       0,  0.00,       0,  0.00,       0,  0.00
  70,-443.00,       0,  0.00,       0,  0.00,       0,  0.00
  71,-442.00,       0,  0.00,       0,  0.00,       0,  0.00
  72,-441.00,       0,  0.00,       0,  0.00,       0,  0.00
  73,-440.00,       0,  0.00,       0,  0.00,       0,  0.00
  74,-439.00,       0,  0.00,       0,  0.00,       0,  0.00
  75,-438.00,       0,  0.00,       0,  0.00,       0,  0.00
  76,-437.00,       0,  0.00,       0,  0.00,       0,  0.00
  77,-436.00,       0,  0.00,       0,  0.00,       0,  0.00
  78,-435.00,       0,  0.00,       0,  0.00,       0,  0.00
  79,-434.00,       0,  0.00,       0,  0.00,       0,  0.00
  80,-433.00,       0,  0.00,       0,  0.00,       0,  0.00
  81,-432.00,       0,  0.00,       0,  0.00,       0,  0.00
  82,-431.00,       0,  0.00,       0,  0.00,       0,  0.00
  83,-430.00,       0,  0.00,       0,  0.00,       0,  0.00
  84,-429.00,       0,  0.00,       0,  0.00,       0,  0.00
  85,-428.00,       0,  0.00,       0,  0.00,       0,  0.00
  86,-427.00,       0,  0.00,       0,  0.00,       0,  0.00
  87,-426.00,       0,  0.00,       0,  0.00,       0,  0.00
  88,-425.00,       0,  0.00,       0,  0.00,       0,  0.00
  89,-424.00,       0,  0.00,       0,  0.00,       0,  0.00
  90,-423.00,       0,  0.00,       0,  0.00,       0,  0.00
  91,-422.00,       0,  0.00,       0,  0.00,       0,  0.00
  92,-421.00,       0,  0.00,       0,  0.00,       0,  0.00
  93,-420.00,       0,  0.00,       0,  0.00,       0,  0.00
  94,-419.00,       0,  0.00,       0,  0.00,       0,  0.00
  95,-418.00,       0,  0.00,       0,  0.00,       0,  0.00
  96,-417.00,       0,  0.00,       0,  0.00,       0,  0.00
  97,-416.00,       0,  0.00,       0,  0.00,       0,  0.00
  98,-415.00,       0,  0.00,       0,  0.00,       0,  0.00
  99,-414.00,       0,  0.00,       0,  0.00,       0,  0.00
 100,-413.00,       0,  0.00,       0,  0.00,       0,  0.00
 101,-412.00,       0,  0.00,       0,  0.00,       0,  0.00
 102,-411.00,       0,  0.00,       0,  0.00,       0,  0.00
 103,-410.00,       0,  0.00,       0,  0.00,       0,  0.00
 104,-409.00,       0,  0.00,       0,  0.00,       0,  0.00
 105,-408.00,       0,  0.00,       0,  0.00,       0,  0.00
 106,-407.00,       0,  0.00,       0,  0.00,       0,  0.00
 107,-406.00,       0,  0.00,       0,  0.00,       0,  0.00
 108,-405.00,       0,  0.00,       0,  0.00,       0,  0.00
 109,-404.00,       0,  0.00,       0,  0.00,       0,  0.00
 110,-403.00,       0,  0.00,       0,  0.00,       0,  0.00
 111,-402.00,       0,  0.00,       0,  0.00,       0,  0.00
 112,-401.00,       0,  0.00,       0,  0.00,       0,  0.00
 113,-400.00,       0,  0.00,       0,  0.00,       0,  0.00
 114,-399.00,       0,  0.00,       0,  0.00,       0,  0.00
 115,-398.00,       0,  0.00,       0,  0.00,       0,  0.00
 116,-397.00,   34132,  3.47,    8027,  1.63,   26105,  5.31
 117,-396.00,   33880,  3.45,    7425,  1.51,   26455,  5.38
 118,-395.00,   33013,  3.36,    6725,  1.37,   26288,  5.35
 119,-394.00,   33140,  3.37,    6557,  1.33,   26583,  5.41
 120,-393.00,   33481,  3.41,    6719,  1.37,   26762,  5.44
 121,-392.00,   33513,  3.41,    6781,  1.38,   26732,  5.44
 122,-391.00,   33713,  3.43,    7124,  1.45,   26589,  5.41
 123,-390.00,   33852,  3.44,    7314,  1.49,   26538,  5.40
 124,-389.00,   34359,  3.50,    7566,  1.54,   26793,  5.45
 125,-388.00,   34429,  3.50,    7140,  1.45,   27289,  5.55
 126,-387.00,   34329,  3.49,    6710,  1.37,   27619,  5.62
 127,-386.00,   34903,  3.55,    6954,  1.41,   27949,  5.69
 128,-385.00,   35664,  3.63,    7344,  1.49,   28320,  5.76
 129,-384.00,   35564,  3.62,    7310,  1.49,   28254,  5.75
 130,-383.00,   35876,  3.65,    7518,  1.53,   28358,  5.77
 131,-382.00,   36897,  3.75,    7907,  1.61,   28990,  5.90
 132,-381.00,   38023,  3.87,    8302,  1.69,   29721,  6.05
 133,-380.00,   38792,  3.95,    8538,  1.74,   30254,  6.16
 134,-379.00,   39522,  4.02,    8455,  1.72,   31067,  6.32
 135,-378.00,   39856,  4.05,    8307,  1.69,   31549,  6.42
 136,-377.00,   39615,  4.03,    8040,  1.64,   31575,  6.42
 137,-376.00,   39880,  4.06,    7525,  1.53,   32355,  6.58
 138,-375.00,   39778,  4.05,    7007,  1.43,   32771,  6.67
 139,-374.00,   39499,  4.02,    6681,  1.36,   32818,  6.68
 140,-373.00,   38376,  3.90,    5983,  1.22,   32393,  6.59
 141,-372.00,   36806,  3.74,    5126,  1.04,   31680,  6.45
 142,-371.00,   35953,  3.66,    4434,  0.90,   31519,  6.41
 143,-370.00,   34819,  3.54,    3897,  0.79,   30922,  6.29
 144,-369.00,   33700,  3.43,    3160,  0.64,   30540,  6.21
 145,-368.00,   33253,  3.38,    2711,  0.55,   30542,  6.21
 146,-367.00,   32407,  3.30,    2374,  0.48,   30033,  6.11
 147,-366.00,   30882,  3.14,    1954,  0.40,   28928,  5.89
 148,-365.00,   29694,  3.02,    1580,  0.32,   28114,  5.72
 149,-364.00,   28603,  2.91,    1275,  0.26,   27328,  5.56
 150,-363.00,   27515,  2.80,     696,  0.14,   26819,  5.46
 151,-362.00,   26139,  2.66,     264,  0.05,   25875,  5.26
 152,-361.00,   25449,  2.59,     411,  0.08,   25038,  5.09
 153,-360.00,   25267,  2.57,     891,  0.18,   24376,  4.96
 154,-359.00,   25053,  2.55,    1265,  0.26,   23788,  4.84
 155,-358.00,   24472,  2.49,    1506,  0.31,   22966,  4.67
 156,-357.00,   23919,  2.43,    1667,  0.34,   22252,  4.53
 157,-356.00,   23510,  2.39,    1886,  0.38,   21624,  4.40
 158,-355.00,   23319,  2.37,    2280,  0.46,   21039,  4.28
 159,-354.00,   23351,  2.38,    2208,  0.45,   21143,  4.30
 160,-353.00,   23520,  2.39,    2218,  0.45,   21302,  4.33
 161,-352.00,   23359,  2.38,    2304,  0.47,   21055,  4.28
 162,-351.00,   23246,  2.36,    2220,  0.45,   21026,  4.28
 163,-350.00,   23269,  2.37,    2213,  0.45,   21056,  4.28
 164,-349.00,   23542,  2.39,    2519,  0.51,   21023,  4.28
 165,-348.00,   23315,  2.37,    2487,  0.51,   20828,  4.24
 166,-347.00,   23040,  2.34,    2479,  0.50,   20561,  4.18
 167,-346.00,   22539,  2.29,    2405,  0.49,   20134,  4.10
 168,-345.00,   22292,  2.27,    2534,  0.52,   19758,  4.02
 169,-344.00,   22416,  2.28,    2770,  0.56,   19646,  4.00
 170,-343.00,   22858,  2.33,    3181,  0.65,   19677,  4.00
 171,-342.00,   22973,  2.34,    3532,  0.72,   19441,  3.96
 172,-341.00,   22941,  2.33,    3829,  0.78,   19112,  3.89
 173,-340.00,   23393,  2.38,    4146,  0.84,   19247,  3.92
 174,-339.00,   23300,  2.37,    4267,  0.87,   19033,  3.87
 175,-338.00,   22924,  2.33,    4350,  0.89,   18574,  3.78
 176,-337.00,   22595,  2.30,    4491,  0.91,   18104,  3.68
 177,-336.00,   22766,  2.32,    4932,  1.00,   17834,  3.63
 178,-335.00,   23076,  2.35,    5054,  1.03,   18022,  3.67
 179,-334.00,   22725,  2.31,    4838,  0.98,   17887,  3.64
 180,-333.00,   23581,  2.40,    5235,  1.07,   18346,  3.73
 181,-332.00,   24282,  2.47,    5893,  1.20,   18389,  3.74
 182,-331.00,   23464,  2.39,    5830,  1.19,   17634,  3.59
 183,-330.00,   22951,  2.33,    5671,  1.15,   17280,  3.52
 184,-329.00,   23271,  2.37,    5849,  1.19,   17422,  3.54
 185,-328.00,   23737,  2.41,    6174,  1.26,   17563,  3.57
 186,-327.00,   23568,  2.40,    6292,  1.28,   17276,  3.51
 187,-326.00,   23418,  2.38,    6769,  1.38,   16649,  3.39
 188,-325.00,   23123,  2.35,    6715,  1.37,   16408,  3.34
 189,-324.00,   22886,  2.33,    6940,  1.41,   15946,  3.24
 190,-323.00,   22672,  2.31,    7461,  1.52,   15211,  3.09
 191,-322.00,   22374,  2.28,    7842,  1.60,   14532,  2.96
 192,-321.00,   22069,  2.25,    8026,  1.63,   14043,  2.86
 193,-320.00,   21844,  2.22,    8480,  1.73,   13364,  2.72
 194,-319.00,   21517,  2.19,    9128,  1.86,   12389,  2.52
 195,-318.00,   21502,  2.19,    9973,  2.03,   11529,  2.35
 196,-317.00,   21465,  2.18,   10934,  2.22,   10531,  2.14
 197,-316.00,   21695,  2.21,   12226,  2.49,    9469,  1.93
 198,-315.00,   22140,  2.25,   13654,  2.78,    8486,  1.73
 199,-314.00,   22418,  2.28,   14850,  3.02,    7568,  1.54
 200,-313.00,   22560,  2.29,   15796,  3.21,    6764,  1.38
 201,-312.00,   22382,  2.28,   16454,  3.35,    5928,  1.21
 202,-311.00,   21871,  2.22,   17006,  3.46,    4865,  0.99
 203,-310.00,   21470,  2.18,   17881,  3.64,    3589,  0.73
 204,-309.00,   21016,  2.14,   18532,  3.77,    2484,  0.51
 205,-308.00,   20271,  2.06,   18949,  3.86,    1322,  0.27
 206,-307.00,   19713,  2.01,   19364,  3.94,     349,  0.07
 207,-306.00,   19003,  1.93,   19837,  4.04,    -834, -0.17
 208,-305.00,   18196,  1.85,   20186,  4.11,   -1990, -0.40
 209,-304.00,   17210,  1.75,   20272,  4.12,   -3062, -0.62
 210,-303.00,   16159,  1.64,   20352,  4.14,   -4193, -0.85
 211,-302.00,   14712,  1.50,   20126,  4.09,   -5414, -1.10
 212,-301.00,   12979,  1.32,   19699,  4.01,   -6720, -1.37
 213,-300.00,   10585,  1.08,   18905,  3.85,   -8320, -1.69
 214,-299.00,    8353,  0.85,   18008,  3.66,   -9655, -1.96
 215,-298.00,    6229,  0.63,   17281,  3.52,  -11052, -2.25
 216,-297.00,    4794,  0.49,   17011,  3.46,  -12217, -2.49
 217,-296.00,    3174,  0.32,   16419,  3.34,  -13245, -2.69
 218,-295.00,    1465,  0.15,   15567,  3.17,  -14102, -2.87
 219,-294.00,      69,  0.00,   14794,  3.01,  -14725, -3.00
 220,-293.00,   -1469, -0.15,   14110,  2.87,  -15579, -3.17
 221,-292.00,   -3029, -0.31,   13194,  2.68,  -16223, -3.30
 222,-291.00,   -5065, -0.52,   12593,  2.56,  -17658, -3.59
 223,-290.00,   -6885, -0.70,   12242,  2.49,  -19127, -3.89
 224,-289.00,   -8864, -0.90,   11594,  2.36,  -20458, -4.16
 225,-288.00,  -10612, -1.08,   11063,  2.25,  -21675, -4.41
 226,-287.00,  -12469, -1.27,   10482,  2.13,  -22951, -4.67
 227,-286.00,  -13779, -1.40,   10065,  2.05,  -23844, -4.85
 228,-285.00,  -14687, -1.49,    9875,  2.01,  -24562, -5.00
 229,-284.00,  -15606, -1.59,    9773,  1.99,  -25379, -5.16
 230,-283.00,  -16502, -1.68,    9558,  1.94,  -26060, -5.30
 231,-282.00,  -17171, -1.75,    9373,  1.91,  -26544, -5.40
 232,-281.00,  -18192, -1.85,    8979,  1.83,  -27171, -5.53
 233,-280.00,  -19619, -2.00,    8439,  1.72,  -28058, -5.71
 234,-279.00,  -20164, -2.05,    8358,  1.70,  -28522, -5.80
 235,-278.00,  -20302, -2.07,    8660,  1.76,  -28962, -5.89
 236,-277.00,  -20960, -2.13,    8617,  1.75,  -29577, -6.02
 237,-276.00,  -21018, -2.14,    9157,  1.86,  -30175, -6.14
 238,-275.00,  -20449, -2.08,    9834,  2.00,  -30283, -6.16
 239,-274.00,  -19336, -1.97,   11029,  2.24,  -30365, -6.18
 240,-273.00,  -18294, -1.86,   11706,  2.38,  -30000, -6.10
 241,-272.00,  -17718, -1.80,   11821,  2.41,  -29539, -6.01
 242,-271.00,  -17708, -1.80,   11975,  2.44,  -29683, -6.04
 243,-270.00,  -18215, -1.85,   12111,  2.46,  -30326, -6.17
 244,-269.00,  -18656, -1.90,   12146,  2.47,  -30802, -6.27
 245,-268.00,  -18684, -1.90,   12307,  2.50,  -30991, -6.31
 246,-267.00,  -19209, -1.95,   12036,  2.45,  -31245, -6.36
 247,-266.00,  -19502, -1.98,   11621,  2.36,  -31123, -6.33
 248,-265.00,  -19650, -2.00,   11446,  2.33,  -31096, -6.33
 249,-264.00,  -19983, -2.03,   11468,  2.33,  -31451, -6.40
 250,-263.00,  -20176, -2.05,   11435,  2.33,  -31611, -6.43
 251,-262.00,  -20329, -2.07,   11144,  2.27,  -31473, -6.40
 252,-261.00,  -20717, -2.11,   10541,  2.14,  -31258, -6.36
 253,-260.00,  -20864, -2.12,    9985,  2.03,  -30849, -6.28
 254,-259.00,  -20933, -2.13,    9401,  1.91,  -30334, -6.17
 255,-258.00,  -20827, -2.12,    8700,  1.77,  -29527, -6.01
 256,-257.00,  -20571, -2.09,    8302,  1.69,  -28873, -5.87
 257,-256.00,  -20705, -2.11,    7906,  1.61,  -28611, -5.82
 258,-255.00,  -20974, -2.13,    7132,  1.45,  -28106, -5.72
 259,-254.00,  -21034, -2.14,    6333,  1.29,  -27367, -5.57
 260,-253.00,  -20691, -2.10,    5852,  1.19,  -26543, -5.40
 261,-252.00,  -20424, -2.08,    5546,  1.13,  -25970, -5.28
 262,-251.00,  -20469, -2.08,    5183,  1.05,  -25652, -5.22
 263,-250.00,  -19910, -2.03,    5147,  1.05,  -25057, -5.10
 264,-249.00,  -18707, -1.90,    5287,  1.08,  -23994, -4.88
 265,-248.00,  -17681, -1.80,    5361,  1.09,  -23042, -4.69
 266,-247.00,  -16624, -1.69,    5591,  1.14,  -22215, -4.52
 267,-246.00,  -15951, -1.62,    5530,  1.13,  -21481, -4.37
 268,-245.00,  -15830, -1.61,    5105,  1.04,  -20935, -4.26
 269,-244.00,  -15798, -1.61,    4757,  0.97,  -20555, -4.18
 270,-243.00,  -15207, -1.55,    4445,  0.90,  -19652, -4.00
 271,-242.00,  -14464, -1.47,    4130,  0.84,  -18594, -3.78
 272,-241.00,  -13799, -1.40,    4149,  0.84,  -17948, -3.65
 273,-240.00,  -12417, -1.26,    4246,  0.86,  -16663, -3.39
 274,-239.00,  -10984, -1.12,    4318,  0.88,  -15302, -3.11
 275,-238.00,   -9390, -0.96,    4428,  0.90,  -13818, -2.81
 276,-237.00,   -8002, -0.81,    4462,  0.91,  -12464, -2.54
 277,-236.00,   -6324, -0.64,    4765,  0.97,  -11089, -2.26
 278,-235.00,   -4324, -0.44,    5219,  1.06,   -9543, -1.94
 279,-234.00,   -3041, -0.31,    5098,  1.04,   -8139, -1.66
 280,-233.00,   -2096, -0.21,    5262,  1.07,   -7358, -1.50
 281,-232.00,    -465, -0.05,    5674,  1.15,   -6139, -1.25
 282,-231.00,    1432,  0.15,    6290,  1.28,   -4858, -0.99
 283,-230.00,    2689,  0.27,    6737,  1.37,   -4048, -0.82
 284,-229.00,    3058,  0.31,    7013,  1.43,   -3955, -0.80
 285,-228.00,    3625,  0.37,    7483,  1.52,   -3858, -0.78
 286,-227.00,    4447,  0.45,    7670,  1.56,   -3223, -0.66
 287,-226.00,    5097,  0.52,    7878,  1.60,   -2781, -0.57
 288,-225.00,    5860,  0.60,    8455,  1.72,   -2595, -0.53
 289,-224.00,    7272,  0.74,    9184,  1.87,   -1912, -0.39
 290,-223.00,    8025,  0.82,    9670,  1.97,   -1645, -0.33
 291,-222.00,    8289,  0.84,   10187,  2.07,   -1898, -0.39
 292,-221.00,    9426,  0.96,   10926,  2.22,   -1500, -0.31
 293,-220.00,   10830,  1.10,   11668,  2.37,    -838, -0.17
 294,-219.00,   11697,  1.19,   12072,  2.46,    -375, -0.08
 295,-218.00,   12105,  1.23,   12248,  2.49,    -143, -0.03
 296,-217.00,   12046,  1.23,   12410,  2.52,    -364, -0.07
 297,-216.00,   12372,  1.26,   12615,  2.57,    -243, -0.05
 298,-215.00,   12557,  1.28,   12745,  2.59,    -188, -0.04
 299,-214.00,   12572,  1.28,   12832,  2.61,    -260, -0.05
 300,-213.00,   12340,  1.26,   12618,  2.57,    -278, -0.06
 301,-212.00,   12358,  1.26,   12550,  2.55,    -192, -0.04
 302,-211.00,   12389,  1.26,   12503,  2.54,    -114, -0.02
 303,-210.00,   11877,  1.21,   12278,  2.50,    -401, -0.08
 304,-209.00,   11010,  1.12,   11805,  2.40,    -795, -0.16
 305,-208.00,   10235,  1.04,   11319,  2.30,   -1084, -0.22
 306,-207.00,    9933,  1.01,   11305,  2.30,   -1372, -0.28
 307,-206.00,    9942,  1.01,   11261,  2.29,   -1319, -0.27
 308,-205.00,    9223,  0.94,   10831,  2.20,   -1608, -0.33
 309,-204.00,    8705,  0.89,   10613,  2.16,   -1908, -0.39
 310,-203.00,    8362,  0.85,   10671,  2.17,   -2309, -0.47
 311,-202.00,    8143,  0.83,   11098,  2.26,   -2955, -0.60
 312,-201.00,    8545,  0.87,   11817,  2.40,   -3272, -0.67
 313,-200.00,    9026,  0.92,   12335,  2.51,   -3309, -0.67
 314,-199.00,    8797,  0.89,   12703,  2.58,   -3906, -0.79
 315,-198.00,    8193,  0.83,   12983,  2.64,   -4790, -0.97
 316,-197.00,    7825,  0.80,   13053,  2.66,   -5228, -1.06
 317,-196.00,    8164,  0.83,   13551,  2.76,   -5387, -1.10
 318,-195.00,    8153,  0.83,   14050,  2.86,   -5897, -1.20
 319,-194.00,    7685,  0.78,   14246,  2.90,   -6561, -1.33
 320,-193.00,    7264,  0.74,   14229,  2.89,   -6965, -1.42
 321,-192.00,    7440,  0.76,   14643,  2.98,   -7203, -1.47
 322,-191.00,    7468,  0.76,   14969,  3.05,   -7501, -1.53
 323,-190.00,    7602,  0.77,   15357,  3.12,   -7755, -1.58
 324,-189.00,    7394,  0.75,   15411,  3.14,   -8017, -1.63
 325,-188.00,    6984,  0.71,   15630,  3.18,   -8646, -1.76
 326,-187.00,    6016,  0.61,   15619,  3.18,   -9603, -1.95
 327,-186.00,    4529,  0.46,   15425,  3.14,  -10896, -2.22
 328,-185.00,    3897,  0.40,   15402,  3.13,  -11505, -2.34
 329,-184.00,    3482,  0.35,   15311,  3.12,  -11829, -2.41
 330,-183.00,    2635,  0.27,   14796,  3.01,  -12161, -2.47
 331,-182.00,    2081,  0.21,   14198,  2.89,  -12117, -2.47
 332,-181.00,    1264,  0.13,   13389,  2.72,  -12125, -2.47
 333,-180.00,      55,  0.00,   12778,  2.60,  -12723, -2.59
 334,-179.00,   -1264, -0.13,   12198,  2.48,  -13462, -2.74
 335,-178.00,   -2112, -0.21,   11689,  2.38,  -13801, -2.81
 336,-177.00,   -3106, -0.32,   11098,  2.26,  -14204, -2.89
 337,-176.00,   -4030, -0.41,   10349,  2.11,  -14379, -2.93
 338,-175.00,   -5004, -0.51,    9592,  1.95,  -14596, -2.97
 339,-174.00,   -5972, -0.61,    8853,  1.80,  -14825, -3.02
 340,-173.00,   -6736, -0.69,    8259,  1.68,  -14995, -3.05
 341,-172.00,   -8095, -0.82,    7430,  1.51,  -15525, -3.16
 342,-171.00,  -10030, -1.02,    6236,  1.27,  -16266, -3.31
 343,-170.00,  -11598, -1.18,    4857,  0.99,  -16455, -3.35
 344,-169.00,  -12716, -1.29,    3991,  0.81,  -16707, -3.40
 345,-168.00,  -13661, -1.39,    3260,  0.66,  -16921, -3.44
 346,-167.00,  -14565, -1.48,    2708,  0.55,  -17273, -3.51
 347,-166.00,  -15228, -1.55,    2248,  0.46,  -17476, -3.56
 348,-165.00,  -15982, -1.63,    1910,  0.39,  -17892, -3.64
 349,-164.00,  -16795, -1.71,    1295,  0.26,  -18090, -3.68
 350,-163.00,  -17515, -1.78,     649,  0.13,  -18164, -3.70
 351,-162.00,  -18463, -1.88,     -41, -0.00,  -18422, -3.75
 352,-161.00,  -19834, -2.02,    -817, -0.17,  -19017, -3.87
 353,-160.00,  -20403, -2.08,   -1336, -0.27,  -19067, -3.88
 354,-159.00,  -20988, -2.14,   -1780, -0.36,  -19208, -3.91
 355,-158.00,  -21388, -2.18,   -2097, -0.43,  -19291, -3.92
 356,-157.00,  -21254, -2.16,   -2242, -0.46,  -19012, -3.87
 357,-156.00,  -21124, -2.15,   -2551, -0.52,  -18573, -3.78
 358,-155.00,  -21128, -2.15,   -2825, -0.57,  -18303, -3.72
 359,-154.00,  -21107, -2.15,   -3123, -0.64,  -17984, -3.66
 360,-153.00,  -21435, -2.18,   -3363, -0.68,  -18072, -3.68
 361,-152.00,  -21597, -2.20,   -3768, -0.77,  -17829, -3.63
 362,-151.00,  -21326, -2.17,   -4098, -0.83,  -17228, -3.51
 363,-150.00,  -20307, -2.07,   -3649, -0.74,  -16658, -3.39
 364,-149.00,  -19947, -2.03,   -3303, -0.67,  -16644, -3.39
 365,-148.00,  -19453, -1.98,   -3061, -0.62,  -16392, -3.34
 366,-147.00,  -19123, -1.95,   -3129, -0.64,  -15994, -3.25
 367,-146.00,  -18872, -1.92,   -3414, -0.69,  -15458, -3.15
 368,-145.00,  -18900, -1.92,   -3499, -0.71,  -15401, -3.13
 369,-144.00,  -18932, -1.93,   -3563, -0.72,  -15369, -3.13
 370,-143.00,  -19182, -1.95,   -3843, -0.78,  -15339, -3.12
 371,-142.00,  -19654, -2.00,   -4179, -0.85,  -15475, -3.15
 372,-141.00,  -20086, -2.04,   -4496, -0.91,  -15590, -3.17
 373,-140.00,  -20401, -2.08,   -4757, -0.97,  -15644, -3.18
 374,-139.00,  -20858, -2.12,   -4826, -0.98,  -16032, -3.26
 375,-138.00,  -21324, -2.17,   -5134, -1.04,  -16190, -3.29
 376,-137.00,  -22027, -2.24,   -5939, -1.21,  -16088, -3.27
 377,-136.00,  -22097, -2.25,   -6417, -1.31,  -15680, -3.19
 378,-135.00,  -21971, -2.24,   -6843, -1.39,  -15128, -3.08
 379,-134.00,  -21514, -2.19,   -7178, -1.46,  -14336, -2.92
 380,-133.00,  -21384, -2.18,   -7569, -1.54,  -13815, -2.81
 381,-132.00,  -21065, -2.14,   -7834, -1.59,  -13231, -2.69
 382,-131.00,  -20427, -2.08,   -7729, -1.57,  -12698, -2.58
 383,-130.00,  -20416, -2.08,   -7800, -1.59,  -12616, -2.57
 384,-129.00,  -19710, -2.01,   -7568, -1.54,  -12142, -2.47
 385,-128.00,  -19180, -1.95,   -7130, -1.45,  -12050, -2.45
 386,-127.00,  -18755, -1.91,   -7029, -1.43,  -11726, -2.39
 387,-126.00,  -18841, -1.92,   -7498, -1.53,  -11343, -2.31
 388,-125.00,  -18301, -1.86,   -7382, -1.50,  -10919, -2.22
 389,-124.00,  -17237, -1.75,   -6795, -1.38,  -10442, -2.12
 390,-123.00,  -16373, -1.67,   -6334, -1.29,  -10039, -2.04
 391,-122.00,  -16350, -1.66,   -6259, -1.27,  -10091, -2.05
 392,-121.00,  -16605, -1.69,   -6380, -1.30,  -10225, -2.08
 393,-120.00,  -16715, -1.70,   -6612, -1.35,  -10103, -2.06
 394,-119.00,  -16700, -1.70,   -7063, -1.44,   -9637, -1.96
 395,-118.00,  -16908, -1.72,   -7244, -1.47,   -9664, -1.97
 396,-117.00,  -17313, -1.76,   -7443, -1.51,   -9870, -2.01
 397,-116.00,  -17603, -1.79,   -7799, -1.59,   -9804, -1.99
 398,-115.00,  -18020, -1.83,   -8279, -1.68,   -9741, -1.98
 399,-114.00,  -18657, -1.90,   -8729, -1.78,   -9928, -2.02
 400,-113.00,  -19329, -1.97,   -9130, -1.86,  -10199, -2.08
 401,-112.00,  -19976, -2.03,   -9541, -1.94,  -10435, -2.12
 402,-111.00,  -20765, -2.11,  -10298, -2.10,  -10467, -2.13
 403,-110.00,  -21741, -2.21,  -10892, -2.22,  -10849, -2.21
 404,-109.00,  -22615, -2.30,  -11463, -2.33,  -11152, -2.27
 405,-108.00,  -22742, -2.31,  -11751, -2.39,  -10991, -2.24
 406,-107.00,  -23518, -2.39,  -12055, -2.45,  -11463, -2.33
 407,-106.00,  -24104, -2.45,  -12528, -2.55,  -11576, -2.36
 408,-105.00,  -24022, -2.44,  -13113, -2.67,  -10909, -2.22
 409,-104.00,  -24097, -2.45,  -13355, -2.72,  -10742, -2.19
 410,-103.00,  -23987, -2.44,  -13574, -2.76,  -10413, -2.12
 411,-102.00,  -24078, -2.45,  -14013, -2.85,  -10065, -2.05
 412,-101.00,  -24249, -2.47,  -14346, -2.92,   -9903, -2.01
 413,-100.00,  -24781, -2.52,  -14822, -3.02,   -9959, -2.03
 414,-99.00,  -25536, -2.60,  -15273, -3.11,  -10263, -2.09
 415,-98.00,  -26023, -2.65,  -15690, -3.19,  -10333, -2.10
 416,-97.00,  -26370, -2.68,  -16504, -3.36,   -9866, -2.01
 417,-96.00,  -26595, -2.71,  -17268, -3.51,   -9327, -1.90
 418,-95.00,  -26558, -2.70,  -17663, -3.59,   -8895, -1.81
 419,-94.00,  -26963, -2.74,  -17985, -3.66,   -8978, -1.83
 420,-93.00,  -26320, -2.68,  -17829, -3.63,   -8491, -1.73
 421,-92.00,  -25783, -2.62,  -18005, -3.66,   -7778, -1.58
 422,-91.00,  -25772, -2.62,  -18133, -3.69,   -7639, -1.55
 423,-90.00,  -26096, -2.65,  -18377, -3.74,   -7719, -1.57
 424,-89.00,  -25832, -2.63,  -18181, -3.70,   -7651, -1.56
 425,-88.00,  -25019, -2.55,  -17625, -3.59,   -7394, -1.50
 426,-87.00,  -23870, -2.43,  -16608, -3.38,   -7262, -1.48
 427,-86.00,  -24048, -2.45,  -16586, -3.37,   -7462, -1.52
 428,-85.00,  -24075, -2.45,  -16757, -3.41,   -7318, -1.49
 429,-84.00,  -23654, -2.41,  -16633, -3.38,   -7021, -1.43
 430,-83.00,  -23407, -2.38,  -16594, -3.38,   -6813, -1.39
 431,-82.00,  -23151, -2.36,  -16289, -3.31,   -6862, -1.40
 432,-81.00,  -21457, -2.18,  -15336, -3.12,   -6121, -1.25
 433,-80.00,  -19880, -2.02,  -14460, -2.94,   -5420, -1.10
 434,-79.00,  -18734, -1.91,  -14117, -2.87,   -4617, -0.94
 435,-78.00,  -17803, -1.81,  -13980, -2.84,   -3823, -0.78
 436,-77.00,  -17112, -1.74,  -14040, -2.86,   -3072, -0.63
 437,-76.00,  -16151, -1.64,  -13671, -2.78,   -2480, -0.50
 438,-75.00,  -14482, -1.47,  -12930, -2.63,   -1552, -0.32
 439,-74.00,  -13081, -1.33,  -12619, -2.57,    -462, -0.09
 440,-73.00,  -12315, -1.25,  -12601, -2.56,     286,  0.06
 441,-72.00,  -11889, -1.21,  -12924, -2.63,    1035,  0.21
 442,-71.00,  -11395, -1.16,  -13210, -2.69,    1815,  0.37
 443,-70.00,  -11141, -1.13,  -13635, -2.77,    2494,  0.51
 444,-69.00,  -10832, -1.10,  -13881, -2.82,    3049,  0.62
 445,-68.00,  -10371, -1.06,  -13690, -2.79,    3319,  0.68
 446,-67.00,   -9892, -1.01,  -13779, -2.80,    3887,  0.79
 447,-66.00,   -9844, -1.00,  -14297, -2.91,    4453,  0.91
 448,-65.00,   -9476, -0.96,  -14365, -2.92,    4889,  0.99
 449,-64.00,   -9198, -0.94,  -14259, -2.90,    5061,  1.03
 450,-63.00,   -8212, -0.84,  -13915, -2.83,    5703,  1.16
 451,-62.00,   -7429, -0.76,  -14006, -2.85,    6577,  1.34
 452,-61.00,   -7050, -0.72,  -13947, -2.84,    6897,  1.40
 453,-60.00,   -6607, -0.67,  -14247, -2.90,    7640,  1.55
 454,-59.00,   -5828, -0.59,  -14545, -2.96,    8717,  1.77
 455,-58.00,   -5470, -0.56,  -14996, -3.05,    9526,  1.94
 456,-57.00,   -5478, -0.56,  -15504, -3.15,   10026,  2.04
 457,-56.00,   -4920, -0.50,  -15761, -3.21,   10841,  2.21
 458,-55.00,   -4081, -0.42,  -16131, -3.28,   12050,  2.45
 459,-54.00,   -2927, -0.30,  -16362, -3.33,   13435,  2.73
 460,-53.00,   -1610, -0.16,  -16151, -3.29,   14541,  2.96
 461,-52.00,    -437, -0.04,  -15949, -3.24,   15512,  3.16
 462,-51.00,     510,  0.05,  -16033, -3.26,   16543,  3.37
 463,-50.00,    1625,  0.17,  -16177, -3.29,   17802,  3.62
 464,-49.00,    2353,  0.24,  -16315, -3.32,   18668,  3.80
 465,-48.00,    2954,  0.30,  -16527, -3.36,   19481,  3.96
 466,-47.00,    3674,  0.37,  -16569, -3.37,   20243,  4.12
 467,-46.00,    4402,  0.45,  -16487, -3.35,   20889,  4.25
 468,-45.00,    5085,  0.52,  -16574, -3.37,   21659,  4.41
 469,-44.00,    6012,  0.61,  -16687, -3.40,   22699,  4.62
 470,-43.00,    6295,  0.64,  -17122, -3.48,   23417,  4.76
 471,-42.00,    6171,  0.63,  -17656, -3.59,   23827,  4.85
 472,-41.00,    5960,  0.61,  -18184, -3.70,   24144,  4.91
 473,-40.00,    5742,  0.58,  -18662, -3.80,   24404,  4.97
 474,-39.00,    5615,  0.57,  -19113, -3.89,   24728,  5.03
 475,-38.00,    4766,  0.48,  -19616, -3.99,   24382,  4.96
 476,-37.00,    4325,  0.44,  -19928, -4.05,   24253,  4.93
 477,-36.00,    3863,  0.39,  -20276, -4.13,   24139,  4.91
 478,-35.00,    3613,  0.37,  -20653, -4.20,   24266,  4.94
 479,-34.00,    3356,  0.34,  -21358, -4.35,   24714,  5.03
 480,-33.00,    3052,  0.31,  -21721, -4.42,   24773,  5.04
 481,-32.00,    2803,  0.29,  -21717, -4.42,   24520,  4.99
 482,-31.00,    2288,  0.23,  -21674, -4.41,   23962,  4.88
 483,-30.00,    1730,  0.18,  -22224, -4.52,   23954,  4.87
 484,-29.00,     909,  0.09,  -22661, -4.61,   23570,  4.80
 485,-28.00,    -318, -0.03,  -22939, -4.67,   22621,  4.60
 486,-27.00,   -1171, -0.12,  -23046, -4.69,   21875,  4.45
 487,-26.00,   -1909, -0.19,  -23021, -4.68,   21112,  4.30
 488,-25.00,   -3025, -0.31,  -23287, -4.74,   20262,  4.12
 489,-24.00,   -4312, -0.44,  -23588, -4.80,   19276,  3.92
 490,-23.00,   -4847, -0.49,  -23007, -4.68,   18160,  3.69
 491,-22.00,   -5317, -0.54,  -22473, -4.57,   17156,  3.49
 492,-21.00,   -6272, -0.64,  -22201, -4.52,   15929,  3.24
 493,-20.00,   -6844, -0.70,  -21981, -4.47,   15137,  3.08
 494,-19.00,   -7156, -0.73,  -21768, -4.43,   14612,  2.97
 495,-18.00,   -7748, -0.79,  -21619, -4.40,   13871,  2.82
 496,-17.00,   -8367, -0.85,  -21324, -4.34,   12957,  2.64
 497,-16.00,   -9241, -0.94,  -21011, -4.27,   11770,  2.39
 498,-15.00,   -9876, -1.00,  -20517, -4.17,   10641,  2.16
 499,-14.00,  -10489, -1.07,  -19791, -4.03,    9302,  1.89
 500,-13.00,  -10691, -1.09,  -18858, -3.84,    8167,  1.66
 501,-12.00,  -10818, -1.10,  -17908, -3.64,    7090,  1.44
 502,-11.00,  -11411, -1.16,  -17317, -3.52,    5906,  1.20
 503,-10.00,  -11754, -1.20,  -16670, -3.39,    4916,  1.00
 504,-9.00,  -12469, -1.27,  -16184, -3.29,    3715,  0.76
 505,-8.00,  -13251, -1.35,  -15785, -3.21,    2534,  0.52
 506,-7.00,  -13168, -1.34,  -15108, -3.07,    1940,  0.39
 507,-6.00,  -13294, -1.35,  -14563, -2.96,    1269,  0.26
 508,-5.00,  -13603, -1.38,  -14305, -2.91,     702,  0.14
 509,-4.00,  -12861, -1.31,  -13345, -2.72,     484,  0.10
 510,-3.00,  -12181, -1.24,  -12752, -2.59,     571,  0.12
 511,-2.00,  -12211, -1.24,  -12375, -2.52,     164,  0.03
 512,-1.00,  -12737, -1.30,  -12202, -2.48,    -535, -0.11
 513,0.00,  -12754, -1.30,  -11911, -2.42,    -843, -0.17
 514,1.00,  -12069, -1.23,  -11118, -2.26,    -951, -0.19
 515,2.00,  -12005, -1.22,  -10526, -2.14,   -1479, -0.30
 516,3.00,  -12006, -1.22,   -9903, -2.01,   -2103, -0.43
 517,4.00,  -11533, -1.17,   -9351, -1.90,   -2182, -0.44
 518,5.00,  -11334, -1.15,   -9137, -1.86,   -2197, -0.45
 519,6.00,  -11308, -1.15,   -9156, -1.86,   -2152, -0.44
 520,7.00,  -11305, -1.15,   -9063, -1.84,   -2242, -0.46
 521,8.00,  -11199, -1.14,   -8911, -1.81,   -2288, -0.47
 522,9.00,  -11143, -1.13,   -8855, -1.80,   -2288, -0.47
 523,10.00,  -11268, -1.15,   -8821, -1.79,   -2447, -0.50
 524,11.00,  -11222, -1.14,   -8752, -1.78,   -2470, -0.50
 525,12.00,  -11155, -1.13,   -8671, -1.76,   -2484, -0.51
 526,13.00,  -10840, -1.10,   -8367, -1.70,   -2473, -0.50
 527,14.00,  -10159, -1.03,   -7896, -1.61,   -2263, -0.46
 528,15.00,  -10435, -1.06,   -7887, -1.60,   -2548, -0.52
 529,16.00,  -11148, -1.13,   -8037, -1.64,   -3111, -0.63
 530,17.00,  -11920, -1.21,   -8275, -1.68,   -3645, -0.74
 531,18.00,  -11885, -1.21,   -7978, -1.62,   -3907, -0.79
 532,19.00,  -11895, -1.21,   -7632, -1.55,   -4263, -0.87
 533,20.00,  -11562, -1.18,   -7329, -1.49,   -4233, -0.86
 534,21.00,  -11459, -1.17,   -7074, -1.44,   -4385, -0.89
 535,22.00,  -11778, -1.20,   -7023, -1.43,   -4755, -0.97
 536,23.00,  -12342, -1.26,   -6975, -1.42,   -5367, -1.09
 537,24.00,  -13092, -1.33,   -7015, -1.43,   -6077, -1.24
 538,25.00,  -13667, -1.39,   -6859, -1.40,   -6808, -1.39
 539,26.00,  -13978, -1.42,   -6608, -1.34,   -7370, -1.50
 540,27.00,  -14948, -1.52,   -6598, -1.34,   -8350, -1.70
 541,28.00,  -15613, -1.59,   -6171, -1.26,   -9442, -1.92
 542,29.00,  -15783, -1.61,   -5706, -1.16,  -10077, -2.05
 543,30.00,  -15952, -1.62,   -5057, -1.03,  -10895, -2.22
 544,31.00,  -16420, -1.67,   -4469, -0.91,  -11951, -2.43
 545,32.00,  -17171, -1.75,   -4294, -0.87,  -12877, -2.62
 546,33.00,  -17846, -1.82,   -4122, -0.84,  -13724, -2.79
 547,34.00,  -18228, -1.85,   -3939, -0.80,  -14289, -2.91
 548,35.00,  -18549, -1.89,   -3750, -0.76,  -14799, -3.01
 549,36.00,  -19159, -1.95,   -3693, -0.75,  -15466, -3.15
 550,37.00,  -18709, -1.90,   -3147, -0.64,  -15562, -3.17
 551,38.00,  -18368, -1.87,   -2493, -0.51,  -15875, -3.23
 552,39.00,  -18751, -1.91,   -1940, -0.39,  -16811, -3.42
 553,40.00,  -19640, -2.00,   -1932, -0.39,  -17708, -3.60
 554,41.00,  -20222, -2.06,   -1777, -0.36,  -18445, -3.75
 555,42.00,  -20464, -2.08,   -1186, -0.24,  -19278, -3.92
 556,43.00,  -20468, -2.08,    -562, -0.11,  -19906, -4.05
 557,44.00,  -20145, -2.05,      85,  0.02,  -20230, -4.12
 558,45.00,  -19836, -2.02,     479,  0.10,  -20315, -4.13
 559,46.00,  -19645, -2.00,    1001,  0.20,  -20646, -4.20
 560,47.00,  -19653, -2.00,    1186,  0.24,  -20839, -4.24
 561,48.00,  -19688, -2.00,    1065,  0.22,  -20753, -4.22
 562,49.00,  -19549, -1.99,    1060,  0.22,  -20609, -4.19
 563,50.00,  -19037, -1.94,    1506,  0.31,  -20543, -4.18
 564,51.00,  -18561, -1.89,    2072,  0.42,  -20633, -4.20
 565,52.00,  -17386, -1.77,    2801,  0.57,  -20187, -4.11
 566,53.00,  -15794, -1.61,    3620,  0.74,  -19414, -3.95
 567,54.00,  -14556, -1.48,    4203,  0.86,  -18759, -3.82
 568,55.00,  -13802, -1.40,    4556,  0.93,  -18358, -3.74
 569,56.00,  -12742, -1.30,    5127,  1.04,  -17869, -3.64
 570,57.00,  -10875, -1.11,    5994,  1.22,  -16869, -3.43
 571,58.00,   -8792, -0.89,    7103,  1.45,  -15895, -3.23
 572,59.00,   -7232, -0.74,    8020,  1.63,  -15252, -3.10
 573,60.00,   -5697, -0.58,    8802,  1.79,  -14499, -2.95
 574,61.00,   -4601, -0.47,    9273,  1.89,  -13874, -2.82
 575,62.00,   -3490, -0.36,    9734,  1.98,  -13224, -2.69
 576,63.00,   -2725, -0.28,   10097,  2.05,  -12822, -2.61
 577,64.00,   -2302, -0.23,   10126,  2.06,  -12428, -2.53
 578,65.00,   -1518, -0.15,   10013,  2.04,  -11531, -2.35
 579,66.00,   -1187, -0.12,    9924,  2.02,  -11111, -2.26
 580,67.00,   -1000, -0.10,    9898,  2.01,  -10898, -2.22
 581,68.00,    -419, -0.04,    9761,  1.99,  -10180, -2.07
 582,69.00,     890,  0.09,   10349,  2.11,   -9459, -1.92
 583,70.00,    1618,  0.16,   10771,  2.19,   -9153, -1.86
 584,71.00,    1597,  0.16,   10485,  2.13,   -8888, -1.81
 585,72.00,    1098,  0.11,   10016,  2.04,   -8918, -1.81
 586,73.00,     732,  0.07,    9711,  1.98,   -8979, -1.83
 587,74.00,     199,  0.02,    9172,  1.87,   -8973, -1.83
 588,75.00,     -85, -0.00,    8391,  1.71,   -8476, -1.72
 589,76.00,    -441, -0.04,    7688,  1.56,   -8129, -1.65
 590,77.00,    -897, -0.09,    7150,  1.45,   -8047, -1.64
 591,78.00,   -1335, -0.14,    6594,  1.34,   -7929, -1.61
 592,79.00,   -2354, -0.24,    5929,  1.21,   -8283, -1.69
 593,80.00,   -3576, -0.36,    4984,  1.01,   -8560, -1.74
 594,81.00,   -4414, -0.45,    4088,  0.83,   -8502, -1.73
 595,82.00,   -5436, -0.55,    3266,  0.66,   -8702, -1.77
 596,83.00,   -6887, -0.70,    2032,  0.41,   -8919, -1.81
 597,84.00,   -8477, -0.86,     735,  0.15,   -9212, -1.87
 598,85.00,  -10266, -1.04,    -560, -0.11,   -9706, -1.97
 599,86.00,  -11279, -1.15,   -1360, -0.28,   -9919, -2.02
 600,87.00,  -13088, -1.33,   -2625, -0.53,  -10463, -2.13
 601,88.00,  -14464, -1.47,   -3779, -0.77,  -10685, -2.17
 602,89.00,  -15550, -1.58,   -4739, -0.96,  -10811, -2.20
 603,90.00,  -17167, -1.75,   -5961, -1.21,  -11206, -2.28
 604,91.00,  -18250, -1.86,   -6788, -1.38,  -11462, -2.33
 605,92.00,  -19519, -1.99,   -7645, -1.56,  -11874, -2.42
 606,93.00,  -20490, -2.08,   -8395, -1.71,  -12095, -2.46
 607,94.00,  -21875, -2.23,   -9316, -1.90,  -12559, -2.56
 608,95.00,  -23901, -2.43,  -10502, -2.14,  -13399, -2.73
 609,96.00,  -26121, -2.66,  -11581, -2.36,  -14540, -2.96
 610,97.00,  -28155, -2.86,  -12447, -2.53,  -15708, -3.20
 611,98.00,  -30236, -3.08,  -13554, -2.76,  -16682, -3.39
 612,99.00,  -31982, -3.25,  -14081, -2.86,  -17901, -3.64
 613,100.00,  -33405, -3.40,  -14338, -2.92,  -19067, -3.88
 614,101.00,  -34779, -3.54,  -14898, -3.03,  -19881, -4.04
 615,102.00,  -36106, -3.67,  -15440, -3.14,  -20666, -4.20
 616,103.00,  -37698, -3.83,  -16112, -3.28,  -21586, -4.39
 617,104.00,  -39560, -4.02,  -16705, -3.40,  -22855, -4.65
 618,105.00,  -40982, -4.17,  -17283, -3.52,  -23699, -4.82
 619,106.00,  -42952, -4.37,  -18151, -3.69,  -24801, -5.05
 620,107.00,  -44647, -4.54,  -18568, -3.78,  -26079, -5.31
 621,108.00,  -45775, -4.66,  -18892, -3.84,  -26883, -5.47
 622,109.00,  -47051, -4.79,  -19574, -3.98,  -27477, -5.59
 623,110.00,  -48833, -4.97,  -20120, -4.09,  -28713, -5.84
 624,111.00,  -50648, -5.15,  -20797, -4.23,  -29851, -6.07
 625,112.00,  -51966, -5.29,  -21293, -4.33,  -30673, -6.24
 626,113.00,  -53223, -5.41,  -21932, -4.46,  -31291, -6.37
 627,114.00,  -54204, -5.51,  -22367, -4.55,  -31837, -6.48
 628,115.00,  -55542, -5.65,  -22892, -4.66,  -32650, -6.64
 629,116.00,  -56789, -5.78,  -23280, -4.74,  -33509, -6.82
 630,117.00,  -57670, -5.87,  -23374, -4.76,  -34296, -6.98
 631,118.00,  -58239, -5.92,  -23462, -4.77,  -34777, -7.08
 632,119.00,  -59199, -6.02,  -23753, -4.83,  -35446, -7.21
 633,120.00,  -59967, -6.10,  -24069, -4.90,  -35898, -7.30
 634,121.00,  -60736, -6.18,  -24358, -4.96,  -36378, -7.40
 635,122.00,  -60433, -6.15,  -24135, -4.91,  -36298, -7.39
 636,123.00,  -59810, -6.08,  -23328, -4.75,  -36482, -7.42
 637,124.00,  -59002, -6.00,  -22224, -4.52,  -36778, -7.48
 638,125.00,  -57970, -5.90,  -21254, -4.32,  -36716, -7.47
 639,126.00,  -56288, -5.73,  -20164, -4.10,  -36124, -7.35
 640,127.00,  -54182, -5.51,  -18886, -3.84,  -35296, -7.18
 641,128.00,  -52021, -5.29,  -17614, -3.58,  -34407, -7.00
 642,129.00,  -50420, -5.13,  -16683, -3.39,  -33737, -6.86
 643,130.00,  -48547, -4.94,  -15549, -3.16,  -32998, -6.71
 644,131.00,  -46870, -4.77,  -14560, -2.96,  -32310, -6.57
 645,132.00,  -45092, -4.59,  -13623, -2.77,  -31469, -6.40
 646,133.00,  -43412, -4.42,  -12744, -2.59,  -30668, -6.24
 647,134.00,  -41673, -4.24,  -11564, -2.35,  -30109, -6.13
 648,135.00,  -41153, -4.19,  -10989, -2.24,  -30164, -6.14
 649,136.00,  -39899, -4.06,  -10508, -2.14,  -29391, -5.98
 650,137.00,  -37950, -3.86,   -9819, -2.00,  -28131, -5.72
 651,138.00,  -36549, -3.72,   -9207, -1.87,  -27342, -5.56
 652,139.00,  -35791, -3.64,   -8870, -1.80,  -26921, -5.48
 653,140.00,  -34569, -3.52,   -8656, -1.76,  -25913, -5.27
 654,141.00,  -33125, -3.37,   -8224, -1.67,  -24901, -5.07
 655,142.00,  -32120, -3.27,   -7885, -1.60,  -24235, -4.93
 656,143.00,  -31093, -3.16,   -7561, -1.54,  -23532, -4.79
 657,144.00,  -30098, -3.06,   -7273, -1.48,  -22825, -4.64
 658,145.00,  -29221, -2.97,   -7038, -1.43,  -22183, -4.51
 659,146.00,  -28285, -2.88,   -6845, -1.39,  -21440, -4.36
 660,147.00,  -26908, -2.74,   -6508, -1.32,  -20400, -4.15
 661,148.00,  -25746, -2.62,   -6340, -1.29,  -19406, -3.95
 662,149.00,  -24014, -2.44,   -5590, -1.14,  -18424, -3.75
 663,150.00,  -22608, -2.30,   -5332, -1.08,  -17276, -3.51
 664,151.00,  -22250, -2.26,   -5969, -1.21,  -16281, -3.31
 665,152.00,  -21183, -2.15,   -5885, -1.20,  -15298, -3.11
 666,153.00,  -20452, -2.08,   -5986, -1.22,  -14466, -2.94
 667,154.00,  -20352, -2.07,   -6461, -1.31,  -13891, -2.83
 668,155.00,  -20212, -2.06,   -6804, -1.38,  -13408, -2.73
 669,156.00,  -19140, -1.95,   -6924, -1.41,  -12216, -2.49
 670,157.00,  -18142, -1.85,   -6878, -1.40,  -11264, -2.29
 671,158.00,  -17157, -1.75,   -6777, -1.38,  -10380, -2.11
 672,159.00,  -16000, -1.63,   -6664, -1.36,   -9336, -1.90
 673,160.00,  -15212, -1.55,   -6839, -1.39,   -8373, -1.70
 674,161.00,  -14263, -1.45,   -6763, -1.38,   -7500, -1.53
 675,162.00,  -13589, -1.38,   -6876, -1.40,   -6713, -1.37
 676,163.00,  -12687, -1.29,   -6922, -1.41,   -5765, -1.17
 677,164.00,  -11768, -1.20,   -6785, -1.38,   -4983, -1.01
 678,165.00,  -11100, -1.13,   -6645, -1.35,   -4455, -0.91
 679,166.00,  -10953, -1.11,   -6801, -1.38,   -4152, -0.84
 680,167.00,  -10695, -1.09,   -6823, -1.39,   -3872, -0.79
 681,168.00,  -10355, -1.05,   -6916, -1.41,   -3439, -0.70
 682,169.00,   -9899, -1.01,   -7316, -1.49,   -2583, -0.53
 683,170.00,  -10161, -1.03,   -7649, -1.56,   -2512, -0.51
 684,171.00,  -10194, -1.04,   -7735, -1.57,   -2459, -0.50
 685,172.00,  -10149, -1.03,   -7309, -1.49,   -2840, -0.58
 686,173.00,  -10975, -1.12,   -7317, -1.49,   -3658, -0.74
 687,174.00,  -11530, -1.17,   -7218, -1.47,   -4312, -0.88
 688,175.00,  -12748, -1.30,   -7492, -1.52,   -5256, -1.07
 689,176.00,  -14185, -1.44,   -7777, -1.58,   -6408, -1.30
 690,177.00,  -15925, -1.62,   -8290, -1.69,   -7635, -1.55
 691,178.00,  -17457, -1.78,   -8596, -1.75,   -8861, -1.80
 692,179.00,  -18901, -1.92,   -8944, -1.82,   -9957, -2.03
 693,180.00,  -20597, -2.10,   -9262, -1.88,  -11335, -2.31
 694,181.00,  -22360, -2.27,   -9617, -1.96,  -12743, -2.59
 695,182.00,  -24347, -2.48,   -9950, -2.02,  -14397, -2.93
 696,183.00,  -26642, -2.71,  -10573, -2.15,  -16069, -3.27
 697,184.00,  -28213, -2.87,  -10720, -2.18,  -17493, -3.56
 698,185.00,  -29406, -2.99,  -10559, -2.15,  -18847, -3.83
 699,186.00,  -30817, -3.13,  -10496, -2.14,  -20321, -4.13
 700,187.00,  -32077, -3.26,  -10271, -2.09,  -21806, -4.44
 701,188.00,  -33717, -3.43,  -10510, -2.14,  -23207, -4.72
 702,189.00,  -35165, -3.58,  -10611, -2.16,  -24554, -5.00
 703,190.00,  -36378, -3.70,  -10545, -2.15,  -25833, -5.26
 704,191.00,  -37468, -3.81,  -11043, -2.25,  -26425, -5.38
 705,192.00,  -38070, -3.87,  -11357, -2.31,  -26713, -5.43
 706,193.00,  -38569, -3.92,  -11681, -2.38,  -26888, -5.47
 707,194.00,  -39576, -4.03,  -12098, -2.46,  -27478, -5.59
 708,195.00,  -40780, -4.15,  -12785, -2.60,  -27995, -5.70
 709,196.00,  -41950, -4.27,  -13496, -2.75,  -28454, -5.79
 710,197.00,  -42607, -4.33,  -13951, -2.84,  -28656, -5.83
 711,198.00,  -43166, -4.39,  -14339, -2.92,  -28827, -5.87
 712,199.00,  -43531, -4.43,  -14924, -3.04,  -28607, -5.82
 713,200.00,  -44209, -4.50,  -15705, -3.20,  -28504, -5.80
 714,201.00,  -44921, -4.57,  -16364, -3.33,  -28557, -5.81
 715,202.00,  -46196, -4.70,  -17483, -3.56,  -28713, -5.84
 716,203.00,  -47363, -4.82,  -18284, -3.72,  -29079, -5.92
 717,204.00,  -47606, -4.84,  -18573, -3.78,  -29033, -5.91
 718,205.00,  -47860, -4.87,  -19237, -3.91,  -28623, -5.82
 719,206.00,  -48259, -4.91,  -19974, -4.06,  -28285, -5.75
 720,207.00,  -48853, -4.97,  -20682, -4.21,  -28171, -5.73
 721,208.00,  -49540, -5.04,  -21638, -4.40,  -27902, -5.68
 722,209.00,  -49745, -5.06,  -22357, -4.55,  -27388, -5.57
 723,210.00,  -49935, -5.08,  -22888, -4.66,  -27047, -5.50
 724,211.00,  -50088, -5.10,  -23319, -4.74,  -26769, -5.45
 725,212.00,  -50314, -5.12,  -23877, -4.86,  -26437, -5.38
 726,213.00,  -50350, -5.12,  -23963, -4.88,  -26387, -5.37
 727,214.00,  -49685, -5.05,  -23555, -4.79,  -26130, -5.32
 728,215.00,  -49331, -5.02,  -23290, -4.74,  -26041, -5.30
 729,216.00,  -49157, -5.00,  -22984, -4.68,  -26173, -5.33
 730,217.00,  -49254, -5.01,  -23122, -4.70,  -26132, -5.32
 731,218.00,  -49321, -5.02,  -23252, -4.73,  -26069, -5.30
 732,219.00,  -49106, -5.00,  -22850, -4.65,  -26256, -5.34
 733,220.00,  -48560, -4.94,  -22301, -4.54,  -26259, -5.34
 734,221.00,  -47619, -4.84,  -21696, -4.41,  -25923, -5.27
 735,222.00,  -47403, -4.82,  -21372, -4.35,  -26031, -5.30
 736,223.00,  -47562, -4.84,  -21051, -4.28,  -26511, -5.39
 737,224.00,  -47775, -4.86,  -20945, -4.26,  -26830, -5.46
 738,225.00,  -47837, -4.87,  -20619, -4.20,  -27218, -5.54
 739,226.00,  -48019, -4.88,  -20231, -4.12,  -27788, -5.65
 740,227.00,  -47806, -4.86,  -19548, -3.98,  -28258, -5.75
 741,228.00,  -47940, -4.88,  -19190, -3.90,  -28750, -5.85
 742,229.00,  -47570, -4.84,  -18538, -3.77,  -29032, -5.91
 743,230.00,  -47262, -4.81,  -18043, -3.67,  -29219, -5.94
 744,231.00,  -47372, -4.82,  -17713, -3.60,  -29659, -6.03
 745,232.00,  -47652, -4.85,  -17501, -3.56,  -30151, -6.13
 746,233.00,  -48115, -4.89,  -17345, -3.53,  -30770, -6.26
 747,234.00,  -48598, -4.94,  -17193, -3.50,  -31405, -6.39
 748,235.00,  -48710, -4.96,  -17015, -3.46,  -31695, -6.45
 749,236.00,  -48519, -4.94,  -16736, -3.41,  -31783, -6.47
 750,237.00,  -48934, -4.98,  -16662, -3.39,  -32272, -6.57
 751,238.00,  -50656, -5.15,  -17256, -3.51,  -33400, -6.80
 752,239.00,  -52097, -5.30,  -17821, -3.63,  -34276, -6.97
 753,240.00,  -52866, -5.38,  -18071, -3.68,  -34795, -7.08
 754,241.00,  -52862, -5.38,  -17740, -3.61,  -35122, -7.15
 755,242.00,  -52858, -5.38,  -17245, -3.51,  -35613, -7.25
 756,243.00,  -52781, -5.37,  -16910, -3.44,  -35871, -7.30
 757,244.00,  -52435, -5.33,  -16692, -3.40,  -35743, -7.27
 758,245.00,  -51769, -5.27,  -16307, -3.32,  -35462, -7.21
 759,246.00,  -50823, -5.17,  -15681, -3.19,  -35142, -7.15
 760,247.00,  -50049, -5.09,  -15256, -3.10,  -34793, -7.08
 761,248.00,  -49322, -5.02,  -14580, -2.97,  -34742, -7.07
 762,249.00,  -48730, -4.96,  -14012, -2.85,  -34718, -7.06
 763,250.00,  -47221, -4.80,  -13194, -2.68,  -34027, -6.92
 764,251.00,  -45671, -4.65,  -12450, -2.53,  -33221, -6.76
 765,252.00,  -44630, -4.54,  -11821, -2.41,  -32809, -6.68
 766,253.00,  -43178, -4.39,  -10937, -2.23,  -32241, -6.56
 767,254.00,  -42095, -4.28,  -10344, -2.10,  -31751, -6.46
 768,255.00,  -40311, -4.10,   -9190, -1.87,  -31121, -6.33
 769,256.00,  -38447, -3.91,   -8086, -1.65,  -30361, -6.18
 770,257.00,  -36759, -3.74,   -6879, -1.40,  -29880, -6.08
 771,258.00,  -35965, -3.66,   -6096, -1.24,  -29869, -6.08
 772,259.00,  -35254, -3.59,   -5608, -1.14,  -29646, -6.03
 773,260.00,  -33479, -3.41,   -4768, -0.97,  -28711, -5.84
 774,261.00,  -31764, -3.23,   -3637, -0.74,  -28127, -5.72
 775,262.00,  -30645, -3.12,   -2712, -0.55,  -27933, -5.68
 776,263.00,  -29591, -3.01,   -1987, -0.40,  -27604, -5.62
 777,264.00,  -29112, -2.96,   -1609, -0.33,  -27503, -5.60
 778,265.00,  -28689, -2.92,   -1117, -0.23,  -27572, -5.61
 779,266.00,  -27805, -2.83,    -228, -0.05,  -27577, -5.61
 780,267.00,  -26706, -2.72,     597,  0.12,  -27303, -5.55
 781,268.00,  -25591, -2.60,    1370,  0.28,  -26961, -5.49
 782,269.00,  -24368, -2.48,    2277,  0.46,  -26645, -5.42
 783,270.00,  -22961, -2.34,    3279,  0.67,  -26240, -5.34
 784,271.00,  -21530, -2.19,    4459,  0.91,  -25989, -5.29
 785,272.00,  -20515, -2.09,    5331,  1.08,  -25846, -5.26
 786,273.00,  -20119, -2.05,    6022,  1.23,  -26141, -5.32
 787,274.00,  -19884, -2.02,    6405,  1.30,  -26289, -5.35
 788,275.00,  -18940, -1.93,    6815,  1.39,  -25755, -5.24
 789,276.00,  -17753, -1.81,    7263,  1.48,  -25016, -5.09
 790,277.00,  -16883, -1.72,    7667,  1.56,  -24550, -4.99
 791,278.00,  -15702, -1.60,    8071,  1.64,  -23773, -4.84
 792,279.00,  -14870, -1.51,    8013,  1.63,  -22883, -4.66
 793,280.00,  -14423, -1.47,    7669,  1.56,  -22092, -4.49
 794,281.00,  -14623, -1.49,    7156,  1.46,  -21779, -4.43
 795,282.00,  -14332, -1.46,    6737,  1.37,  -21069, -4.29
 796,283.00,  -14217, -1.45,    5876,  1.20,  -20093, -4.09
 797,284.00,  -14132, -1.44,    4861,  0.99,  -18993, -3.86
 798,285.00,  -14186, -1.44,    4140,  0.84,  -18326, -3.73
 799,286.00,  -14046, -1.43,    3390,  0.69,  -17436, -3.55
 800,287.00,  -14511, -1.48,    1978,  0.40,  -16489, -3.35
 801,288.00,  -15126, -1.54,     530,  0.11,  -15656, -3.19
 802,289.00,  -16077, -1.64,   -1119, -0.23,  -14958, -3.04
 803,290.00,  -17071, -1.74,   -2538, -0.52,  -14533, -2.96
 804,291.00,  -18200, -1.85,   -4191, -0.85,  -14009, -2.85
 805,292.00,  -18704, -1.90,   -5424, -1.10,  -13280, -2.70
 806,293.00,  -18384, -1.87,   -6327, -1.29,  -12057, -2.45
 807,294.00,  -18177, -1.85,   -7152, -1.46,  -11025, -2.24
 808,295.00,  -18369, -1.87,   -8240, -1.68,  -10129, -2.06
 809,296.00,  -19220, -1.96,   -9724, -1.98,   -9496, -1.93
 810,297.00,  -19880, -2.02,  -11092, -2.26,   -8788, -1.79
 811,298.00,  -20354, -2.07,  -12347, -2.51,   -8007, -1.63
 812,299.00,  -20308, -2.07,  -13270, -2.70,   -7038, -1.43
 813,300.00,  -20451, -2.08,  -14092, -2.87,   -6359, -1.29
 814,301.00,  -21383, -2.18,  -15262, -3.11,   -6121, -1.25
 815,302.00,  -21640, -2.20,  -16193, -3.29,   -5447, -1.11
 816,303.00,  -21501, -2.19,  -17233, -3.51,   -4268, -0.87
 817,304.00,  -21468, -2.18,  -18139, -3.69,   -3329, -0.68
 818,305.00,  -21196, -2.16,  -18885, -3.84,   -2311, -0.47
 819,306.00,  -21197, -2.16,  -19828, -4.03,   -1369, -0.28
 820,307.00,  -21862, -2.22,  -20988, -4.27,    -874, -0.18
 821,308.00,  -22386, -2.28,  -22206, -4.52,    -180, -0.04
 822,309.00,  -22917, -2.33,  -23429, -4.77,     512,  0.10
 823,310.00,  -23283, -2.37,  -24324, -4.95,    1041,  0.21
 824,311.00,  -23338, -2.37,  -24694, -5.02,    1356,  0.28
 825,312.00,  -23155, -2.36,  -25006, -5.09,    1851,  0.38
 826,313.00,  -22624, -2.30,  -25266, -5.14,    2642,  0.54
 827,314.00,  -22274, -2.27,  -25767, -5.24,    3493,  0.71
 828,315.00,  -21960, -2.23,  -26275, -5.35,    4315,  0.88
 829,316.00,  -21720, -2.21,  -26800, -5.45,    5080,  1.03
 830,317.00,  -21504, -2.19,  -27338, -5.56,    5834,  1.19
 831,318.00,  -21308, -2.17,  -27519, -5.60,    6211,  1.26
 832,319.00,  -20859, -2.12,  -27339, -5.56,    6480,  1.32
 833,320.00,  -20747, -2.11,  -27446, -5.58,    6699,  1.36
 834,321.00,  -20548, -2.09,  -27577, -5.61,    7029,  1.43
 835,322.00,  -20116, -2.05,  -27484, -5.59,    7368,  1.50
 836,323.00,  -19719, -2.01,  -26945, -5.48,    7226,  1.47
 837,324.00,  -19522, -1.99,  -26106, -5.31,    6584,  1.34
 838,325.00,  -19522, -1.99,  -25408, -5.17,    5886,  1.20
 839,326.00,  -19324, -1.97,  -24912, -5.07,    5588,  1.14
 840,327.00,  -19765, -2.01,  -24769, -5.04,    5004,  1.02
 841,328.00,  -20389, -2.07,  -24540, -4.99,    4151,  0.84
 842,329.00,  -20690, -2.10,  -24161, -4.92,    3471,  0.71
 843,330.00,  -21109, -2.15,  -23616, -4.80,    2507,  0.51
 844,331.00,  -21594, -2.20,  -23356, -4.75,    1762,  0.36
 845,332.00,  -22326, -2.27,  -23226, -4.73,     900,  0.18
 846,333.00,  -23011, -2.34,  -23013, -4.68,       2,  0.00
 847,334.00,  -23444, -2.38,  -22793, -4.64,    -651, -0.13
 848,335.00,  -24069, -2.45,  -22686, -4.62,   -1383, -0.28
 849,336.00,  -24658, -2.51,  -22142, -4.50,   -2516, -0.51
 850,337.00,  -25587, -2.60,  -21767, -4.43,   -3820, -0.78
 851,338.00,  -26514, -2.70,  -21910, -4.46,   -4604, -0.94
 852,339.00,  -26057, -2.65,  -21531, -4.38,   -4526, -0.92
 853,340.00,  -24940, -2.54,  -20624, -4.20,   -4316, -0.88
 854,341.00,  -24114, -2.45,  -19798, -4.03,   -4316, -0.88
 855,342.00,  -23546, -2.40,  -19226, -3.91,   -4320, -0.88
 856,343.00,  -23234, -2.36,  -18729, -3.81,   -4505, -0.92
 857,344.00,  -23188, -2.36,  -18217, -3.71,   -4971, -1.01
 858,345.00,  -22851, -2.32,  -17545, -3.57,   -5306, -1.08
 859,346.00,  -21982, -2.24,  -16685, -3.39,   -5297, -1.08
 860,347.00,  -21219, -2.16,  -16196, -3.30,   -5023, -1.02
 861,348.00,  -20644, -2.10,  -15572, -3.17,   -5072, -1.03
 862,349.00,  -20053, -2.04,  -14959, -3.04,   -5094, -1.04
 863,350.00,  -19281, -1.96,  -14357, -2.92,   -4924, -1.00
 864,351.00,  -18159, -1.85,  -13473, -2.74,   -4686, -0.95
 865,352.00,  -17312, -1.76,  -12716, -2.59,   -4596, -0.94
 866,353.00,  -16434, -1.67,  -11752, -2.39,   -4682, -0.95
 867,354.00,  -15875, -1.61,  -11014, -2.24,   -4861, -0.99
 868,355.00,  -15070, -1.53,  -10279, -2.09,   -4791, -0.97
 869,356.00,  -13630, -1.39,   -9271, -1.89,   -4359, -0.89
 870,357.00,  -12518, -1.27,   -8495, -1.73,   -4023, -0.82
 871,358.00,  -11555, -1.18,   -7912, -1.61,   -3643, -0.74
 872,359.00,  -10707, -1.09,   -7073, -1.44,   -3634, -0.74
 873,360.00,  -10000, -1.02,   -6271, -1.28,   -3729, -0.76
 874,361.00,   -9430, -0.96,   -5745, -1.17,   -3685, -0.75
 875,362.00,   -9348, -0.95,   -5176, -1.05,   -4172, -0.85
 876,363.00,   -8390, -0.85,   -4381, -0.89,   -4009, -0.82
 877,364.00,   -6801, -0.69,   -3466, -0.71,   -3335, -0.68
 878,365.00,   -5473, -0.56,   -2277, -0.46,   -3196, -0.65
 879,366.00,   -4173, -0.42,   -1396, -0.28,   -2777, -0.56
 880,367.00,   -2855, -0.29,    -370, -0.08,   -2485, -0.51
 881,368.00,   -1621, -0.16,    1207,  0.25,   -2828, -0.58
 882,369.00,     -90, -0.00,    2319,  0.47,   -2409, -0.49
 883,370.00,    1286,  0.13,    3064,  0.62,   -1778, -0.36
 884,371.00,    2265,  0.23,    3805,  0.77,   -1540, -0.31
 885,372.00,    3257,  0.33,    4825,  0.98,   -1568, -0.32
 886,373.00,    3903,  0.40,    5562,  1.13,   -1659, -0.34
 887,374.00,    4464,  0.45,    6169,  1.26,   -1705, -0.35
 888,375.00,    5371,  0.55,    6919,  1.41,   -1548, -0.31
 889,376.00,    6676,  0.68,    7898,  1.61,   -1222, -0.25
 890,377.00,    7768,  0.79,    8712,  1.77,    -944, -0.19
 891,378.00,    8761,  0.89,    9793,  1.99,   -1032, -0.21
 892,379.00,    9437,  0.96,   10710,  2.18,   -1273, -0.26
 893,380.00,   10855,  1.10,   11854,  2.41,    -999, -0.20
 894,381.00,   13639,  1.39,   14442,  2.94,    -803, -0.16
 895,382.00,   14171,  1.44,   14800,  3.01,    -629, -0.13
 896,383.00,   14586,  1.48,   15300,  3.11,    -714, -0.15
 897,384.00,   15359,  1.56,   15927,  3.24,    -568, -0.12
 898,385.00,   16346,  1.66,   16741,  3.41,    -395, -0.08
 899,386.00,   17635,  1.79,   17815,  3.62,    -180, -0.04
 900,387.00,   18392,  1.87,   18841,  3.83,    -449, -0.09
 901,388.00,   18960,  1.93,   19494,  3.97,    -534, -0.11
 902,389.00,   20103,  2.05,   20046,  4.08,      57,  0.01
 903,390.00,   21499,  2.19,   21144,  4.30,     355,  0.07
 904,391.00,   22317,  2.27,   21759,  4.43,     558,  0.11
 905,392.00,   22414,  2.28,   21881,  4.45,     533,  0.11
 906,393.00,   22660,  2.31,   21882,  4.45,     778,  0.16
 907,394.00,   23422,  2.38,   22063,  4.49,    1359,  0.28
 908,395.00,   23839,  2.43,   22200,  4.52,    1639,  0.33
 909,396.00,   24009,  2.44,   22425,  4.56,    1584,  0.32
 910,397.00,   23769,  2.42,   22222,  4.52,    1547,  0.31
 911,398.00,   23739,  2.41,   21771,  4.43,    1968,  0.40
 912,399.00,   23885,  2.43,   21435,  4.36,    2450,  0.50
 913,400.00,   24223,  2.46,   21397,  4.35,    2826,  0.57
 914,401.00,   24441,  2.49,   21133,  4.30,    3308,  0.67
 915,402.00,   25122,  2.56,   20892,  4.25,    4230,  0.86
 916,403.00,   25144,  2.56,   20271,  4.12,    4873,  0.99
 917,404.00,   25445,  2.59,   20069,  4.08,    5376,  1.09
 918,405.00,   25714,  2.62,   19824,  4.03,    5890,  1.20
 919,406.00,   26228,  2.67,   19582,  3.98,    6646,  1.35
 920,407.00,   26665,  2.71,   19415,  3.95,    7250,  1.48
 921,408.00,   27450,  2.79,   19222,  3.91,    8228,  1.67
 922,409.00,   28054,  2.85,   19143,  3.89,    8911,  1.81
 923,410.00,   28903,  2.94,   19194,  3.91,    9709,  1.98
 924,411.00,   30262,  3.08,   19555,  3.98,   10707,  2.18
 925,412.00,   31531,  3.21,   19891,  4.05,   11640,  2.37
 926,413.00,   32997,  3.36,   20336,  4.14,   12661,  2.58
 927,414.00,   34114,  3.47,   20661,  4.20,   13453,  2.74
 928,415.00,   35112,  3.57,   20891,  4.25,   14221,  2.89
 929,416.00,   35962,  3.66,   21356,  4.35,   14606,  2.97
 930,417.00,   37356,  3.80,   22360,  4.55,   14996,  3.05
 931,418.00,   38216,  3.89,   23078,  4.70,   15138,  3.08
 932,419.00,   38811,  3.95,   23864,  4.86,   14947,  3.04
 933,420.00,   39576,  4.03,   24634,  5.01,   14942,  3.04
 934,421.00,   39676,  4.04,   24904,  5.07,   14772,  3.01
 935,422.00,   39400,  4.01,   25194,  5.13,   14206,  2.89
 936,423.00,   39566,  4.02,   25595,  5.21,   13971,  2.84
 937,424.00,   40441,  4.11,   26215,  5.33,   14226,  2.89
 938,425.00,   41500,  4.22,   26995,  5.49,   14505,  2.95
 939,426.00,   41938,  4.27,   27593,  5.61,   14345,  2.92
 940,427.00,   41804,  4.25,   27787,  5.65,   14017,  2.85
 941,428.00,   41597,  4.23,   27855,  5.67,   13742,  2.80
 942,429.00,   41546,  4.23,   27988,  5.69,   13558,  2.76
 943,430.00,   41072,  4.18,   27677,  5.63,   13395,  2.73
 944,431.00,   40629,  4.13,   27392,  5.57,   13237,  2.69
 945,432.00,   40641,  4.13,   27284,  5.55,   13357,  2.72
 946,433.00,   40615,  4.13,   27243,  5.54,   13372,  2.72
 947,434.00,   40605,  4.13,   27018,  5.50,   13587,  2.76
 948,435.00,   40854,  4.16,   27154,  5.52,   13700,  2.79
 949,436.00,   41455,  4.22,   27464,  5.59,   13991,  2.85
 950,437.00,   42015,  4.27,   27897,  5.68,   14118,  2.87
 951,438.00,   42619,  4.34,   28060,  5.71,   14559,  2.96
 952,439.00,   42758,  4.35,   27963,  5.69,   14795,  3.01
 953,440.00,   43268,  4.40,   28206,  5.74,   15062,  3.06
 954,441.00,   43942,  4.47,   28300,  5.76,   15642,  3.18
 955,442.00,   44879,  4.57,   28536,  5.81,   16343,  3.33
 956,443.00,   46426,  4.72,   29024,  5.91,   17402,  3.54
 957,444.00,   47973,  4.88,   29666,  6.04,   18307,  3.72
 958,445.00,   48617,  4.95,   29886,  6.08,   18731,  3.81
 959,446.00,   49581,  5.04,   30033,  6.11,   19548,  3.98
 960,447.00,   50484,  5.14,   30126,  6.13,   20358,  4.14
 961,448.00,   51598,  5.25,   29976,  6.10,   21622,  4.40
 962,449.00,   53050,  5.40,   30056,  6.12,   22994,  4.68
 963,450.00,   54456,  5.54,   30135,  6.13,   24321,  4.95
 964,451.00,   55490,  5.64,   29879,  6.08,   25611,  5.21
 965,452.00,   56613,  5.76,   29851,  6.07,   26762,  5.44
 966,453.00,   58387,  5.94,   30082,  6.12,   28305,  5.76
 967,454.00,   59759,  6.08,   29915,  6.09,   29844,  6.07
 968,455.00,   60679,  6.17,   29429,  5.99,   31250,  6.36
 969,456.00,   61584,  6.26,   29306,  5.96,   32278,  6.57
 970,457.00,   62596,  6.37,   29316,  5.96,   33280,  6.77
 971,458.00,   63567,  6.47,   29414,  5.98,   34153,  6.95
 972,459.00,   64197,  6.53,   29436,  5.99,   34761,  7.07
 973,460.00,   65276,  6.64,   29949,  6.09,   35327,  7.19
 974,461.00,   66860,  6.80,   31151,  6.34,   35709,  7.27
 975,462.00,   67904,  6.91,   31791,  6.47,   36113,  7.35
 976,463.00,   69193,  7.04,   32452,  6.60,   36741,  7.48
 977,464.00,   70731,  7.20,   33314,  6.78,   37417,  7.61
 978,465.00,   72412,  7.37,   34427,  7.00,   37985,  7.73
 979,466.00,   74021,  7.53,   35595,  7.24,   38426,  7.82
 980,467.00,   75247,  7.65,   36721,  7.47,   38526,  7.84
 981,468.00,   76299,  7.76,   37742,  7.68,   38557,  7.84
 982,469.00,   77671,  7.90,   38918,  7.92,   38753,  7.88
 983,470.00,   78531,  7.99,   39734,  8.08,   38797,  7.89
 984,471.00,   79110,  8.05,   40257,  8.19,   38853,  7.90
 985,472.00,   80019,  8.14,   40942,  8.33,   39077,  7.95
 986,473.00,   81553,  8.30,   42269,  8.60,   39284,  7.99
 987,474.00,   82972,  8.44,   43592,  8.87,   39380,  8.01
 988,475.00,   84208,  8.57,   44650,  9.08,   39558,  8.05
 989,476.00,   84770,  8.62,   45452,  9.25,   39318,  8.00
 990,477.00,   84588,  8.60,   45775,  9.31,   38813,  7.90
 991,478.00,   84378,  8.58,   46266,  9.41,   38112,  7.75
 992,479.00,   84841,  8.63,   46967,  9.56,   37874,  7.71
 993,480.00,   85372,  8.68,   47386,  9.64,   37986,  7.73
 994,481.00,   85599,  8.71,   47833,  9.73,   37766,  7.68
 995,482.00,   85156,  8.66,   48009,  9.77,   37147,  7.56
 996,483.00,   84205,  8.57,   47741,  9.71,   36464,  7.42
 997,484.00,   83002,  8.44,   47357,  9.64,   35645,  7.25
 998,485.00,   82248,  8.37,   47390,  9.64,   34858,  7.09
 999,486.00,   81767,  8.32,   47373,  9.64,   34394,  7.00
1000,487.00,   80817,  8.22,   47395,  9.64,   33422,  6.80
1001,488.00,   79892,  8.13,   47633,  9.69,   32259,  6.56
1002,489.00,   79517,  8.09,   47808,  9.73,   31709,  6.45
1003,490.00,   78626,  8.00,   47515,  9.67,   31111,  6.33
1004,491.00,   77593,  7.89,   46958,  9.55,   30635,  6.23
1005,492.00,   76584,  7.79,   46425,  9.45,   30159,  6.14
1006,493.00,   75548,  7.69,   45989,  9.36,   29559,  6.01
1007,494.00,   74374,  7.57,   45576,  9.27,   28798,  5.86
1008,495.00,   73139,  7.44,   45090,  9.17,   28049,  5.71
1009,496.00,   72007,  7.33,   44654,  9.09,   27353,  5.57
1010,497.00,   71191,  7.24,   44460,  9.05,   26731,  5.44
1011,498.00,   70755,  7.20,   44466,  9.05,   26289,  5.35
1012,499.00,   70142,  7.14,   44130,  8.98,   26012,  5.29
1013,500.00,   69009,  7.02,   43629,  8.88,   25380,  5.16
1014,501.00,   68182,  6.94,   43247,  8.80,   24935,  5.07
1015,502.00,   66948,  6.81,   43005,  8.75,   23943,  4.87
1016,503.00,   65831,  6.70,   42921,  8.73,   22910,  4.66
1017,504.00,   65046,  6.62,   42704,  8.69,   22342,  4.55
1018,505.00,   64461,  6.56,   42664,  8.68,   21797,  4.43
1019,506.00,   63524,  6.46,   42748,  8.70,   20776,  4.23
1020,507.00,   62612,  6.37,   42569,  8.66,   20043,  4.08
1021,508.00,   61825,  6.29,   42263,  8.60,   19562,  3.98
1022,509.00,   61106,  6.22,   42232,  8.59,   18874,  3.84
1023,510.00,   59922,  6.10,   41790,  8.50,   18132,  3.69
1024,511.00,   58578,  5.96,   41136,  8.37,   17442,  3.55
