-----------------------------------------------------------------------------------
Identifier:,IHS5922-20196E01
File Name:,MMLP70B.4
Ear:,L
Channel:,2
Intensity:,70 dB HL
Stim. Rate:,  1.10/s
Stim. Mode:,0
Sweeps:,60
Artifacts:,1
Smp. Period:,1000.00 us
Amp. Gain:, 50.00 K
Low Pass:, 30.00 Hz
High Pass:,  1.00 Hz
Notch Filter:,TRUE
Stimulus:,100
Stim. Freq.:,1000 Hz
Stim. Dur.:,2000 pnts
Masking:,0 dB SPL
Stim. Point:,513
-----------------------------------------------------------------------------------
Peak Information:,Label,Peak(+),Peak(+)(ms),Peak(-),Peak(-)(ms)
,21, 853,340.00, 896,383.00,
-----------------------------------------------------------------------------------


Data Pnt:,Data Pnt(ms):,Average:,Average(uV):,Buffer1:,Buffer1(uV):,Buffer2:,Buffer2(uV):
   1,-512.00,       0,  0.00,       0,  0.00,       0,  0.00
   2,-511.00,       0,  0.00,       0,  0.00,       0,  0.00
   3,-510.00,       0,  0.00,       0,  0.00,       0,  0.00
   4,-509.00,       0,  0.00,       0,  0.00,       0,  0.00
   5,-508.00,       0,  0.00,       0,  0.00,       0,  0.00
   6,-507.00,       0,  0.00,       0,  0.00,       0,  0.00
   7,-506.00,       0,  0.00,       0,  0.00,       0,  0.00
   8,-505.00,       0,  0.00,       0,  0.00,       0,  0.00
   9,-504.00,       0,  0.00,       0,  0.00,       0,  0.00
  10,-503.00,       0,  0.00,       0,  0.00,       0,  0.00
  11,-502.00,       0,  0.00,       0,  0.00,       0,  0.00
  12,-501.00,       0,  0.00,       0,  0.00,       0,  0.00
  13,-500.00,       0,  0.00,       0,  0.00,       0,  0.00
  14,-499.00,       0,  0.00,       0,  0.00,       0,  0.00
  15,-498.00,       0,  0.00,       0,  0.00,       0,  0.00
  16,-497.00,       0,  0.00,       0,  0.00,       0,  0.00
  17,-496.00,       0,  0.00,       0,  0.00,       0,  0.00
  18,-495.00,       0,  0.00,       0,  0.00,       0,  0.00
  19,-494.00,       0,  0.00,       0,  0.00,       0,  0.00
  20,-493.00,       0,  0.00,       0,  0.00,       0,  0.00
  21,-492.00,       0,  0.00,       0,  0.00,       0,  0.00
  22,-491.00,       0,  0.00,       0,  0.00,       0,  0.00
  23,-490.00,       0,  0.00,       0,  0.00,       0,  0.00
  24,-489.00,       0,  0.00,       0,  0.00,       0,  0.00
  25,-488.00,       0,  0.00,       0,  0.00,       0,  0.00
  26,-487.00,       0,  0.00,       0,  0.00,       0,  0.00
  27,-486.00,       0,  0.00,       0,  0.00,       0,  0.00
  28,-485.00,       0,  0.00,       0,  0.00,       0,  0.00
  29,-484.00,       0,  0.00,       0,  0.00,       0,  0.00
  30,-483.00,       0,  0.00,       0,  0.00,       0,  0.00
  31,-482.00,       0,  0.00,       0,  0.00,       0,  0.00
  32,-481.00,       0,  0.00,       0,  0.00,       0,  0.00
  33,-480.00,       0,  0.00,       0,  0.00,       0,  0.00
  34,-479.00,       0,  0.00,       0,  0.00,       0,  0.00
  35,-478.00,       0,  0.00,       0,  0.00,       0,  0.00
  36,-477.00,       0,  0.00,       0,  0.00,       0,  0.00
  37,-476.00,       0,  0.00,       0,  0.00,       0,  0.00
  38,-475.00,       0,  0.00,       0,  0.00,       0,  0.00
  39,-474.00,       0,  0.00,       0,  0.00,       0,  0.00
  40,-473.00,       0,  0.00,       0,  0.00,       0,  0.00
  41,-472.00,       0,  0.00,       0,  0.00,       0,  0.00
  42,-471.00,       0,  0.00,       0,  0.00,       0,  0.00
  43,-470.00,       0,  0.00,       0,  0.00,       0,  0.00
  44,-469.00,       0,  0.00,       0,  0.00,       0,  0.00
  45,-468.00,       0,  0.00,       0,  0.00,       0,  0.00
  46,-467.00,       0,  0.00,       0,  0.00,       0,  0.00
  47,-466.00,       0,  0.00,       0,  0.00,       0,  0.00
  48,-465.00,       0,  0.00,       0,  0.00,       0,  0.00
  49,-464.00,       0,  0.00,       0,  0.00,       0,  0.00
  50,-463.00,       0,  0.00,       0,  0.00,       0,  0.00
  51,-462.00,       0,  0.00,       0,  0.00,       0,  0.00
  52,-461.00,       0,  0.00,       0,  0.00,       0,  0.00
  53,-460.00,       0,  0.00,       0,  0.00,       0,  0.00
  54,-459.00,       0,  0.00,       0,  0.00,       0,  0.00
  55,-458.00,       0,  0.00,       0,  0.00,       0,  0.00
  56,-457.00,       0,  0.00,       0,  0.00,       0,  0.00
  57,-456.00,       0,  0.00,       0,  0.00,       0,  0.00
  58,-455.00,       0,  0.00,       0,  0.00,       0,  0.00
  59,-454.00,       0,  0.00,       0,  0.00,       0,  0.00
  60,-453.00,       0,  0.00,       0,  0.00,       0,  0.00
  61,-452.00,       0,  0.00,       0,  0.00,       0,  0.00
  62,-451.00,       0,  0.00,       0,  0.00,       0,  0.00
  63,-450.00,       0,  0.00,       0,  0.00,       0,  0.00
  64,-449.00,       0,  0.00,       0,  0.00,       0,  0.00
  65,-448.00,       0,  0.00,       0,  0.00,       0,  0.00
  66,-447.00,       0,  0.00,       0,  0.00,       0,  0.00
  67,-446.00,       0,  0.00,       0,  0.00,       0,  0.00
  68,-445.00,       0,  0.00,       0,  0.00,       0,  0.00
  69,-444.00,       0,  0.00,       0,  0.00,       0,  0.00
  70,-443.00,       0,  0.00,       0,  0.00,       0,  0.00
  71,-442.00,       0,  0.00,       0,  0.00,       0,  0.00
  72,-441.00,       0,  0.00,       0,  0.00,       0,  0.00
  73,-440.00,       0,  0.00,       0,  0.00,       0,  0.00
  74,-439.00,       0,  0.00,       0,  0.00,       0,  0.00
  75,-438.00,       0,  0.00,       0,  0.00,       0,  0.00
  76,-437.00,       0,  0.00,       0,  0.00,       0,  0.00
  77,-436.00,       0,  0.00,       0,  0.00,       0,  0.00
  78,-435.00,       0,  0.00,       0,  0.00,       0,  0.00
  79,-434.00,       0,  0.00,       0,  0.00,       0,  0.00
  80,-433.00,       0,  0.00,       0,  0.00,       0,  0.00
  81,-432.00,       0,  0.00,       0,  0.00,       0,  0.00
  82,-431.00,       0,  0.00,       0,  0.00,       0,  0.00
  83,-430.00,       0,  0.00,       0,  0.00,       0,  0.00
  84,-429.00,       0,  0.00,       0,  0.00,       0,  0.00
  85,-428.00,       0,  0.00,       0,  0.00,       0,  0.00
  86,-427.00,       0,  0.00,       0,  0.00,       0,  0.00
  87,-426.00,       0,  0.00,       0,  0.00,       0,  0.00
  88,-425.00,       0,  0.00,       0,  0.00,       0,  0.00
  89,-424.00,       0,  0.00,       0,  0.00,       0,  0.00
  90,-423.00,       0,  0.00,       0,  0.00,       0,  0.00
  91,-422.00,       0,  0.00,       0,  0.00,       0,  0.00
  92,-421.00,       0,  0.00,       0,  0.00,       0,  0.00
  93,-420.00,       0,  0.00,       0,  0.00,       0,  0.00
  94,-419.00,       0,  0.00,       0,  0.00,       0,  0.00
  95,-418.00,       0,  0.00,       0,  0.00,       0,  0.00
  96,-417.00,       0,  0.00,       0,  0.00,       0,  0.00
  97,-416.00,       0,  0.00,       0,  0.00,       0,  0.00
  98,-415.00,       0,  0.00,       0,  0.00,       0,  0.00
  99,-414.00,       0,  0.00,       0,  0.00,       0,  0.00
 100,-413.00,       0,  0.00,       0,  0.00,       0,  0.00
 101,-412.00,       0,  0.00,       0,  0.00,       0,  0.00
 102,-411.00,       0,  0.00,       0,  0.00,       0,  0.00
 103,-410.00,       0,  0.00,       0,  0.00,       0,  0.00
 104,-409.00,       0,  0.00,       0,  0.00,       0,  0.00
 105,-408.00,       0,  0.00,       0,  0.00,       0,  0.00
 106,-407.00,       0,  0.00,       0,  0.00,       0,  0.00
 107,-406.00,       0,  0.00,       0,  0.00,       0,  0.00
 108,-405.00,       0,  0.00,       0,  0.00,       0,  0.00
 109,-404.00,       0,  0.00,       0,  0.00,       0,  0.00
 110,-403.00,       0,  0.00,       0,  0.00,       0,  0.00
 111,-402.00,       0,  0.00,       0,  0.00,       0,  0.00
 112,-401.00,       0,  0.00,       0,  0.00,       0,  0.00
 113,-400.00,       0,  0.00,       0,  0.00,       0,  0.00
 114,-399.00,       0,  0.00,       0,  0.00,       0,  0.00
 115,-398.00,       0,  0.00,       0,  0.00,       0,  0.00
 116,-397.00,   10911,  1.11,    5348,  1.09,    5563,  1.13
 117,-396.00,   11660,  1.19,    5588,  1.14,    6072,  1.24
 118,-395.00,   12444,  1.27,    5833,  1.19,    6611,  1.35
 119,-394.00,   13221,  1.34,    6032,  1.23,    7189,  1.46
 120,-393.00,   13913,  1.42,    6134,  1.25,    7779,  1.58
 121,-392.00,   14438,  1.47,    6101,  1.24,    8337,  1.70
 122,-391.00,   15048,  1.53,    6069,  1.23,    8979,  1.83
 123,-390.00,   14616,  1.49,    6064,  1.23,    8552,  1.74
 124,-389.00,   14141,  1.44,    6180,  1.26,    7961,  1.62
 125,-388.00,   14260,  1.45,    6479,  1.32,    7781,  1.58
 126,-387.00,   13965,  1.42,    6715,  1.37,    7250,  1.48
 127,-386.00,   13832,  1.41,    6943,  1.41,    6889,  1.40
 128,-385.00,   13511,  1.37,    7232,  1.47,    6279,  1.28
 129,-384.00,   13020,  1.32,    7407,  1.51,    5613,  1.14
 130,-383.00,   12065,  1.23,    6931,  1.41,    5134,  1.04
 131,-382.00,   11179,  1.14,    6463,  1.31,    4716,  0.96
 132,-381.00,   10771,  1.10,    6412,  1.30,    4359,  0.89
 133,-380.00,   10057,  1.02,    6016,  1.22,    4041,  0.82
 134,-379.00,    9437,  0.96,    5304,  1.08,    4133,  0.84
 135,-378.00,    9005,  0.92,    4902,  1.00,    4103,  0.83
 136,-377.00,    8090,  0.82,    4308,  0.88,    3782,  0.77
 137,-376.00,    6939,  0.71,    3281,  0.67,    3658,  0.74
 138,-375.00,    6144,  0.63,    2762,  0.56,    3382,  0.69
 139,-374.00,    4579,  0.47,    2012,  0.41,    2567,  0.52
 140,-373.00,    2768,  0.28,     862,  0.18,    1906,  0.39
 141,-372.00,    1000,  0.10,    -223, -0.05,    1223,  0.25
 142,-371.00,    -668, -0.07,   -1323, -0.27,     655,  0.13
 143,-370.00,   -1915, -0.19,   -1903, -0.39,     -12, -0.00
 144,-369.00,   -3031, -0.31,   -2064, -0.42,    -967, -0.20
 145,-368.00,   -3648, -0.37,   -1848, -0.38,   -1800, -0.37
 146,-367.00,   -3304, -0.34,   -1306, -0.27,   -1998, -0.41
 147,-366.00,   -2418, -0.25,    -602, -0.12,   -1816, -0.37
 148,-365.00,   -2608, -0.27,    -672, -0.14,   -1936, -0.39
 149,-364.00,   -2585, -0.26,    -933, -0.19,   -1652, -0.34
 150,-363.00,   -2471, -0.25,   -1406, -0.29,   -1065, -0.22
 151,-362.00,   -2571, -0.26,   -2171, -0.44,    -400, -0.08
 152,-361.00,   -2570, -0.26,   -2799, -0.57,     229,  0.05
 153,-360.00,   -2436, -0.25,   -3510, -0.71,    1074,  0.22
 154,-359.00,   -3263, -0.33,   -4758, -0.97,    1495,  0.30
 155,-358.00,   -3617, -0.37,   -5309, -1.08,    1692,  0.34
 156,-357.00,   -3609, -0.37,   -5542, -1.13,    1933,  0.39
 157,-356.00,   -2766, -0.28,   -5095, -1.04,    2329,  0.47
 158,-355.00,   -1951, -0.20,   -5045, -1.03,    3094,  0.63
 159,-354.00,   -1204, -0.12,   -5205, -1.06,    4001,  0.81
 160,-353.00,    -504, -0.05,   -5147, -1.05,    4643,  0.94
 161,-352.00,     -21, -0.00,   -4818, -0.98,    4797,  0.98
 162,-351.00,     380,  0.04,   -4648, -0.95,    5028,  1.02
 163,-350.00,     880,  0.09,   -4676, -0.95,    5556,  1.13
 164,-349.00,    2022,  0.21,   -4749, -0.97,    6771,  1.38
 165,-348.00,    3030,  0.31,   -4768, -0.97,    7798,  1.59
 166,-347.00,    4345,  0.44,   -4496, -0.91,    8841,  1.80
 167,-346.00,    5798,  0.59,   -4260, -0.87,   10058,  2.05
 168,-345.00,    6838,  0.70,   -4468, -0.91,   11306,  2.30
 169,-344.00,    8320,  0.85,   -4598, -0.94,   12918,  2.63
 170,-343.00,    8762,  0.89,   -5556, -1.13,   14318,  2.91
 171,-342.00,    8790,  0.89,   -6310, -1.28,   15100,  3.07
 172,-341.00,    9251,  0.94,   -6338, -1.29,   15589,  3.17
 173,-340.00,   10136,  1.03,   -5988, -1.22,   16124,  3.28
 174,-339.00,   10536,  1.07,   -5910, -1.20,   16446,  3.35
 175,-338.00,   10951,  1.11,   -5642, -1.15,   16593,  3.38
 176,-337.00,   11742,  1.19,   -5074, -1.03,   16816,  3.42
 177,-336.00,   12621,  1.28,   -4777, -0.97,   17398,  3.54
 178,-335.00,   13083,  1.33,   -4528, -0.92,   17611,  3.58
 179,-334.00,   13934,  1.42,   -3695, -0.75,   17629,  3.59
 180,-333.00,   14929,  1.52,   -2916, -0.59,   17845,  3.63
 181,-332.00,   16466,  1.68,   -1609, -0.33,   18075,  3.68
 182,-331.00,   18178,  1.85,    -172, -0.03,   18350,  3.73
 183,-330.00,   19398,  1.97,     976,  0.20,   18422,  3.75
 184,-329.00,   20077,  2.04,    1731,  0.35,   18346,  3.73
 185,-328.00,   20594,  2.09,    2555,  0.52,   18039,  3.67
 186,-327.00,   20557,  2.09,    3121,  0.63,   17436,  3.55
 187,-326.00,   20261,  2.06,    3299,  0.67,   16962,  3.45
 188,-325.00,   20011,  2.04,    3617,  0.74,   16394,  3.34
 189,-324.00,   19806,  2.01,    4056,  0.83,   15750,  3.20
 190,-323.00,   19051,  1.94,    3885,  0.79,   15166,  3.09
 191,-322.00,   17699,  1.80,    3110,  0.63,   14589,  2.97
 192,-321.00,   16564,  1.69,    2700,  0.55,   13864,  2.82
 193,-320.00,   16657,  1.69,    3334,  0.68,   13323,  2.71
 194,-319.00,   16075,  1.64,    3866,  0.79,   12209,  2.48
 195,-318.00,   15623,  1.59,    4487,  0.91,   11136,  2.27
 196,-317.00,   15528,  1.58,    5150,  1.05,   10378,  2.11
 197,-316.00,   15379,  1.56,    5825,  1.19,    9554,  1.94
 198,-315.00,   15500,  1.58,    6745,  1.37,    8755,  1.78
 199,-314.00,   15660,  1.59,    7474,  1.52,    8186,  1.67
 200,-313.00,   15647,  1.59,    7960,  1.62,    7687,  1.56
 201,-312.00,   15838,  1.61,    8506,  1.73,    7332,  1.49
 202,-311.00,   15860,  1.61,    8794,  1.79,    7066,  1.44
 203,-310.00,   15558,  1.58,    8781,  1.79,    6777,  1.38
 204,-309.00,   15434,  1.57,    9193,  1.87,    6241,  1.27
 205,-308.00,   15146,  1.54,    9514,  1.94,    5632,  1.15
 206,-307.00,   14592,  1.48,    9678,  1.97,    4914,  1.00
 207,-306.00,   14351,  1.46,   10324,  2.10,    4027,  0.82
 208,-305.00,   14028,  1.43,   10839,  2.21,    3189,  0.65
 209,-304.00,   13165,  1.34,   10897,  2.22,    2268,  0.46
 210,-303.00,   11680,  1.19,   10967,  2.23,     713,  0.15
 211,-302.00,   10248,  1.04,   11146,  2.27,    -898, -0.18
 212,-301.00,    9102,  0.93,   11448,  2.33,   -2346, -0.48
 213,-300.00,    8176,  0.83,   11877,  2.42,   -3701, -0.75
 214,-299.00,    8278,  0.84,   12738,  2.59,   -4460, -0.91
 215,-298.00,    8031,  0.82,   13237,  2.69,   -5206, -1.06
 216,-297.00,    7500,  0.76,   13372,  2.72,   -5872, -1.19
 217,-296.00,    7277,  0.74,   13797,  2.81,   -6520, -1.33
 218,-295.00,    6800,  0.69,   14029,  2.85,   -7229, -1.47
 219,-294.00,    6186,  0.63,   13852,  2.82,   -7666, -1.56
 220,-293.00,    4937,  0.50,   13084,  2.66,   -8147, -1.66
 221,-292.00,    3393,  0.35,   12358,  2.51,   -8965, -1.82
 222,-291.00,    2319,  0.24,   11897,  2.42,   -9578, -1.95
 223,-290.00,     850,  0.09,   11239,  2.29,  -10389, -2.11
 224,-289.00,    -592, -0.06,   10857,  2.21,  -11449, -2.33
 225,-288.00,   -1444, -0.15,   11117,  2.26,  -12561, -2.56
 226,-287.00,   -2235, -0.23,   11361,  2.31,  -13596, -2.77
 227,-286.00,   -3345, -0.34,   11182,  2.28,  -14527, -2.96
 228,-285.00,   -3648, -0.37,   11274,  2.29,  -14922, -3.04
 229,-284.00,   -3278, -0.33,   11501,  2.34,  -14779, -3.01
 230,-283.00,   -2984, -0.30,   11558,  2.35,  -14542, -2.96
 231,-282.00,   -2784, -0.28,   11538,  2.35,  -14322, -2.91
 232,-281.00,   -2159, -0.22,   11682,  2.38,  -13841, -2.82
 233,-280.00,   -1992, -0.20,   11502,  2.34,  -13494, -2.75
 234,-279.00,   -1556, -0.16,   11383,  2.32,  -12939, -2.63
 235,-278.00,    -830, -0.08,   11598,  2.36,  -12428, -2.53
 236,-277.00,      23,  0.00,   11309,  2.30,  -11286, -2.30
 237,-276.00,     870,  0.09,   11053,  2.25,  -10183, -2.07
 238,-275.00,     692,  0.07,   10818,  2.20,  -10126, -2.06
 239,-274.00,     544,  0.06,   10695,  2.18,  -10151, -2.07
 240,-273.00,    1013,  0.10,   10704,  2.18,   -9691, -1.97
 241,-272.00,    1536,  0.16,   10376,  2.11,   -8840, -1.80
 242,-271.00,    1553,  0.16,    9665,  1.97,   -8112, -1.65
 243,-270.00,    1610,  0.16,    9374,  1.91,   -7764, -1.58
 244,-269.00,    1719,  0.17,    9729,  1.98,   -8010, -1.63
 245,-268.00,    1796,  0.18,    9997,  2.03,   -8201, -1.67
 246,-267.00,    2301,  0.23,   10212,  2.08,   -7911, -1.61
 247,-266.00,    3110,  0.32,   10162,  2.07,   -7052, -1.43
 248,-265.00,    3890,  0.40,   10100,  2.05,   -6210, -1.26
 249,-264.00,    4009,  0.41,    9828,  2.00,   -5819, -1.18
 250,-263.00,    3517,  0.36,    9271,  1.89,   -5754, -1.17
 251,-262.00,    2761,  0.28,    8501,  1.73,   -5740, -1.17
 252,-261.00,    2145,  0.22,    7553,  1.54,   -5408, -1.10
 253,-260.00,    1860,  0.19,    6363,  1.29,   -4503, -0.92
 254,-259.00,     599,  0.06,    4833,  0.98,   -4234, -0.86
 255,-258.00,   -1287, -0.13,    3436,  0.70,   -4723, -0.96
 256,-257.00,   -3657, -0.37,    1934,  0.39,   -5591, -1.14
 257,-256.00,   -5664, -0.58,     563,  0.11,   -6227, -1.27
 258,-255.00,   -7680, -0.78,    -929, -0.19,   -6751, -1.37
 259,-254.00,   -9771, -0.99,   -2357, -0.48,   -7414, -1.51
 260,-253.00,  -11842, -1.20,   -3322, -0.68,   -8520, -1.73
 261,-252.00,  -13814, -1.41,   -4135, -0.84,   -9679, -1.97
 262,-251.00,  -15204, -1.55,   -4642, -0.94,  -10562, -2.15
 263,-250.00,  -16117, -1.64,   -5129, -1.04,  -10988, -2.24
 264,-249.00,  -16850, -1.71,   -5461, -1.11,  -11389, -2.32
 265,-248.00,  -17024, -1.73,   -5455, -1.11,  -11569, -2.35
 266,-247.00,  -16791, -1.71,   -5203, -1.06,  -11588, -2.36
 267,-246.00,  -16523, -1.68,   -5058, -1.03,  -11465, -2.33
 268,-245.00,  -17033, -1.73,   -5419, -1.10,  -11614, -2.36
 269,-244.00,  -17959, -1.83,   -6212, -1.26,  -11747, -2.39
 270,-243.00,  -18519, -1.88,   -6864, -1.40,  -11655, -2.37
 271,-242.00,  -18532, -1.89,   -7249, -1.47,  -11283, -2.30
 272,-241.00,  -18887, -1.92,   -7664, -1.56,  -11223, -2.28
 273,-240.00,  -20097, -2.04,   -8228, -1.67,  -11869, -2.41
 274,-239.00,  -21290, -2.17,   -8398, -1.71,  -12892, -2.62
 275,-238.00,  -21995, -2.24,   -8374, -1.70,  -13621, -2.77
 276,-237.00,  -22476, -2.29,   -8734, -1.78,  -13742, -2.80
 277,-236.00,  -22278, -2.27,   -8362, -1.70,  -13916, -2.83
 278,-235.00,  -21139, -2.15,   -7079, -1.44,  -14060, -2.86
 279,-234.00,  -19580, -1.99,   -5837, -1.19,  -13743, -2.80
 280,-233.00,  -18558, -1.89,   -5356, -1.09,  -13202, -2.69
 281,-232.00,  -17810, -1.81,   -4821, -0.98,  -12989, -2.64
 282,-231.00,  -17179, -1.75,   -4467, -0.91,  -12712, -2.59
 283,-230.00,  -16216, -1.65,   -3722, -0.76,  -12494, -2.54
 284,-229.00,  -15155, -1.54,   -3127, -0.64,  -12028, -2.45
 285,-228.00,  -13772, -1.40,   -2696, -0.55,  -11076, -2.25
 286,-227.00,  -12419, -1.26,   -2642, -0.54,   -9777, -1.99
 287,-226.00,  -11364, -1.16,   -2867, -0.58,   -8497, -1.73
 288,-225.00,  -10346, -1.05,   -2648, -0.54,   -7698, -1.57
 289,-224.00,   -9392, -0.96,   -2315, -0.47,   -7077, -1.44
 290,-223.00,   -8860, -0.90,   -2358, -0.48,   -6502, -1.32
 291,-222.00,   -8491, -0.86,   -2444, -0.50,   -6047, -1.23
 292,-221.00,   -8998, -0.92,   -2965, -0.60,   -6033, -1.23
 293,-220.00,   -9453, -0.96,   -3337, -0.68,   -6116, -1.24
 294,-219.00,   -9561, -0.97,   -3199, -0.65,   -6362, -1.29
 295,-218.00,   -8398, -0.85,   -2333, -0.47,   -6065, -1.23
 296,-217.00,   -6780, -0.69,   -1230, -0.25,   -5550, -1.13
 297,-216.00,   -5118, -0.52,     -58, -0.01,   -5060, -1.03
 298,-215.00,   -3808, -0.39,    1065,  0.22,   -4873, -0.99
 299,-214.00,   -2291, -0.23,    2133,  0.43,   -4424, -0.90
 300,-213.00,    -319, -0.03,    2880,  0.59,   -3199, -0.65
 301,-212.00,    1837,  0.19,    3726,  0.76,   -1889, -0.38
 302,-211.00,    3596,  0.37,    4068,  0.83,    -472, -0.10
 303,-210.00,    4312,  0.44,    3860,  0.79,     452,  0.09
 304,-209.00,    5333,  0.54,    3936,  0.80,    1397,  0.28
 305,-208.00,    6082,  0.62,    3857,  0.78,    2225,  0.45
 306,-207.00,    6626,  0.67,    4056,  0.83,    2570,  0.52
 307,-206.00,    7605,  0.77,    4933,  1.00,    2672,  0.54
 308,-205.00,    8248,  0.84,    5549,  1.13,    2699,  0.55
 309,-204.00,    8957,  0.91,    6125,  1.25,    2832,  0.58
 310,-203.00,    9787,  1.00,    6935,  1.41,    2852,  0.58
 311,-202.00,   10289,  1.05,    7251,  1.48,    3038,  0.62
 312,-201.00,   10681,  1.09,    7683,  1.56,    2998,  0.61
 313,-200.00,   11386,  1.16,    8482,  1.73,    2904,  0.59
 314,-199.00,   12068,  1.23,    9162,  1.86,    2906,  0.59
 315,-198.00,   13049,  1.33,   10170,  2.07,    2879,  0.59
 316,-197.00,   13341,  1.36,   10731,  2.18,    2610,  0.53
 317,-196.00,   13926,  1.42,   11378,  2.31,    2548,  0.52
 318,-195.00,   15051,  1.53,   12306,  2.50,    2745,  0.56
 319,-194.00,   15957,  1.62,   12775,  2.60,    3182,  0.65
 320,-193.00,   17009,  1.73,   13273,  2.70,    3736,  0.76
 321,-192.00,   18128,  1.84,   13838,  2.82,    4290,  0.87
 322,-191.00,   18672,  1.90,   14406,  2.93,    4266,  0.87
 323,-190.00,   19367,  1.97,   15145,  3.08,    4222,  0.86
 324,-189.00,   20077,  2.04,   15697,  3.19,    4380,  0.89
 325,-188.00,   20751,  2.11,   15893,  3.23,    4858,  0.99
 326,-187.00,   20939,  2.13,   15959,  3.25,    4980,  1.01
 327,-186.00,   20809,  2.12,   16041,  3.26,    4768,  0.97
 328,-185.00,   20848,  2.12,   16594,  3.38,    4254,  0.87
 329,-184.00,   21072,  2.14,   17389,  3.54,    3683,  0.75
 330,-183.00,   21540,  2.19,   18064,  3.68,    3476,  0.71
 331,-182.00,   22445,  2.28,   18550,  3.77,    3895,  0.79
 332,-181.00,   23141,  2.35,   19083,  3.88,    4058,  0.83
 333,-180.00,   23195,  2.36,   19727,  4.01,    3468,  0.71
 334,-179.00,   22768,  2.32,   20108,  4.09,    2660,  0.54
 335,-178.00,   22508,  2.29,   20338,  4.14,    2170,  0.44
 336,-177.00,   22378,  2.28,   20415,  4.15,    1963,  0.40
 337,-176.00,   21772,  2.21,   20146,  4.10,    1626,  0.33
 338,-175.00,   20524,  2.09,   19682,  4.00,     842,  0.17
 339,-174.00,   19468,  1.98,   19251,  3.92,     217,  0.04
 340,-173.00,   18697,  1.90,   18929,  3.85,    -232, -0.05
 341,-172.00,   17385,  1.77,   18218,  3.71,    -833, -0.17
 342,-171.00,   16087,  1.64,   17641,  3.59,   -1554, -0.32
 343,-170.00,   15624,  1.59,   17454,  3.55,   -1830, -0.37
 344,-169.00,   14967,  1.52,   17265,  3.51,   -2298, -0.47
 345,-168.00,   14062,  1.43,   16718,  3.40,   -2656, -0.54
 346,-167.00,   13518,  1.38,   16215,  3.30,   -2697, -0.55
 347,-166.00,   13562,  1.38,   15481,  3.15,   -1919, -0.39
 348,-165.00,   14160,  1.44,   15060,  3.06,    -900, -0.18
 349,-164.00,   14803,  1.51,   14483,  2.95,     320,  0.07
 350,-163.00,   15745,  1.60,   14183,  2.89,    1562,  0.32
 351,-162.00,   17397,  1.77,   14343,  2.92,    3054,  0.62
 352,-161.00,   18664,  1.90,   14319,  2.91,    4345,  0.88
 353,-160.00,   19516,  1.99,   13986,  2.85,    5530,  1.13
 354,-159.00,   19708,  2.00,   13387,  2.72,    6321,  1.29
 355,-158.00,   19851,  2.02,   12767,  2.60,    7084,  1.44
 356,-157.00,   19772,  2.01,   12301,  2.50,    7471,  1.52
 357,-156.00,   19523,  1.99,   11812,  2.40,    7711,  1.57
 358,-155.00,   18779,  1.91,   11028,  2.24,    7751,  1.58
 359,-154.00,   18023,  1.83,   10348,  2.11,    7675,  1.56
 360,-153.00,   18220,  1.85,   10220,  2.08,    8000,  1.63
 361,-152.00,   18283,  1.86,   10425,  2.12,    7858,  1.60
 362,-151.00,   18334,  1.87,   10764,  2.19,    7570,  1.54
 363,-150.00,   19076,  1.94,   11064,  2.25,    8012,  1.63
 364,-149.00,   19964,  2.03,   11090,  2.26,    8874,  1.81
 365,-148.00,   20569,  2.09,   10852,  2.21,    9717,  1.98
 366,-147.00,   21514,  2.19,   10841,  2.21,   10673,  2.17
 367,-146.00,   22435,  2.28,   10688,  2.17,   11747,  2.39
 368,-145.00,   22615,  2.30,   10137,  2.06,   12478,  2.54
 369,-144.00,   22995,  2.34,    9412,  1.91,   13583,  2.76
 370,-143.00,   23486,  2.39,    9116,  1.85,   14370,  2.92
 371,-142.00,   23931,  2.43,    8876,  1.81,   15055,  3.06
 372,-141.00,   23768,  2.42,    7966,  1.62,   15802,  3.22
 373,-140.00,   23634,  2.40,    7207,  1.47,   16427,  3.34
 374,-139.00,   23789,  2.42,    6349,  1.29,   17440,  3.55
 375,-138.00,   23791,  2.42,    5581,  1.14,   18210,  3.70
 376,-137.00,   23360,  2.38,    4886,  0.99,   18474,  3.76
 377,-136.00,   22799,  2.32,    4312,  0.88,   18487,  3.76
 378,-135.00,   22890,  2.33,    4947,  1.01,   17943,  3.65
 379,-134.00,   22612,  2.30,    5511,  1.12,   17101,  3.48
 380,-133.00,   21870,  2.22,    5542,  1.13,   16328,  3.32
 381,-132.00,   21063,  2.14,    5112,  1.04,   15951,  3.25
 382,-131.00,   20427,  2.08,    4668,  0.95,   15759,  3.21
 383,-130.00,   19890,  2.02,    4720,  0.96,   15170,  3.09
 384,-129.00,   19290,  1.96,    4663,  0.95,   14627,  2.98
 385,-128.00,   19014,  1.93,    4471,  0.91,   14543,  2.96
 386,-127.00,   19558,  1.99,    4871,  0.99,   14687,  2.99
 387,-126.00,   20115,  2.05,    5389,  1.10,   14726,  3.00
 388,-125.00,   19699,  2.00,    5517,  1.12,   14182,  2.89
 389,-124.00,   19119,  1.94,    5421,  1.10,   13698,  2.79
 390,-123.00,   18459,  1.88,    5129,  1.04,   13330,  2.71
 391,-122.00,   17921,  1.82,    4463,  0.91,   13458,  2.74
 392,-121.00,   17893,  1.82,    4467,  0.91,   13426,  2.73
 393,-120.00,   17610,  1.79,    4578,  0.93,   13032,  2.65
 394,-119.00,   17282,  1.76,    4864,  0.99,   12418,  2.53
 395,-118.00,   17035,  1.73,    5523,  1.12,   11512,  2.34
 396,-117.00,   17116,  1.74,    6028,  1.23,   11088,  2.26
 397,-116.00,   17259,  1.76,    6633,  1.35,   10626,  2.16
 398,-115.00,   16928,  1.72,    6805,  1.38,   10123,  2.06
 399,-114.00,   16575,  1.69,    6933,  1.41,    9642,  1.96
 400,-113.00,   16236,  1.65,    6869,  1.40,    9367,  1.91
 401,-112.00,   15335,  1.56,    6243,  1.27,    9092,  1.85
 402,-111.00,   14034,  1.43,    5464,  1.11,    8570,  1.74
 403,-110.00,   12851,  1.31,    4687,  0.95,    8164,  1.66
 404,-109.00,   11824,  1.20,    3806,  0.77,    8018,  1.63
 405,-108.00,   10351,  1.05,    3004,  0.61,    7347,  1.49
 406,-107.00,    8426,  0.86,    2159,  0.44,    6267,  1.28
 407,-106.00,    5964,  0.61,    1047,  0.21,    4917,  1.00
 408,-105.00,    4140,  0.42,     175,  0.04,    3965,  0.81
 409,-104.00,    2090,  0.21,    -558, -0.11,    2648,  0.54
 410,-103.00,     163,  0.02,   -1158, -0.24,    1321,  0.27
 411,-102.00,   -1302, -0.13,   -1785, -0.36,     483,  0.10
 412,-101.00,   -1881, -0.19,   -2202, -0.45,     321,  0.07
 413,-100.00,   -2124, -0.22,   -2512, -0.51,     388,  0.08
 414,-99.00,   -2192, -0.22,   -2860, -0.58,     668,  0.14
 415,-98.00,   -1696, -0.17,   -2777, -0.56,    1081,  0.22
 416,-97.00,    -816, -0.08,   -2243, -0.46,    1427,  0.29
 417,-96.00,    -792, -0.08,   -2324, -0.47,    1532,  0.31
 418,-95.00,   -1080, -0.11,   -2768, -0.56,    1688,  0.34
 419,-94.00,    -518, -0.05,   -2959, -0.60,    2441,  0.50
 420,-93.00,       8,  0.00,   -3405, -0.69,    3413,  0.69
 421,-92.00,    -117, -0.01,   -4256, -0.87,    4139,  0.84
 422,-91.00,    -462, -0.05,   -5048, -1.03,    4586,  0.93
 423,-90.00,    -837, -0.09,   -5787, -1.18,    4950,  1.01
 424,-89.00,   -1223, -0.12,   -6257, -1.27,    5034,  1.02
 425,-88.00,   -2186, -0.22,   -6851, -1.39,    4665,  0.95
 426,-87.00,   -3424, -0.35,   -7366, -1.50,    3942,  0.80
 427,-86.00,   -4857, -0.49,   -7745, -1.58,    2888,  0.59
 428,-85.00,   -6039, -0.61,   -7904, -1.61,    1865,  0.38
 429,-84.00,   -6191, -0.63,   -7754, -1.58,    1563,  0.32
 430,-83.00,   -5161, -0.53,   -7112, -1.45,    1951,  0.40
 431,-82.00,   -4459, -0.45,   -6391, -1.30,    1932,  0.39
 432,-81.00,   -4103, -0.42,   -5769, -1.17,    1666,  0.34
 433,-80.00,   -4236, -0.43,   -5393, -1.10,    1157,  0.24
 434,-79.00,   -4013, -0.41,   -5056, -1.03,    1043,  0.21
 435,-78.00,   -4101, -0.42,   -4961, -1.01,     860,  0.17
 436,-77.00,   -3942, -0.40,   -4785, -0.97,     843,  0.17
 437,-76.00,   -3685, -0.37,   -4561, -0.93,     876,  0.18
 438,-75.00,   -3831, -0.39,   -4527, -0.92,     696,  0.14
 439,-74.00,   -3861, -0.39,   -4571, -0.93,     710,  0.14
 440,-73.00,   -3633, -0.37,   -4499, -0.92,     866,  0.18
 441,-72.00,   -4260, -0.43,   -5075, -1.03,     815,  0.17
 442,-71.00,   -4853, -0.49,   -5359, -1.09,     506,  0.10
 443,-70.00,   -4725, -0.48,   -4954, -1.01,     229,  0.05
 444,-69.00,   -4800, -0.49,   -4391, -0.89,    -409, -0.08
 445,-68.00,   -4722, -0.48,   -4044, -0.82,    -678, -0.14
 446,-67.00,   -4446, -0.45,   -3721, -0.76,    -725, -0.15
 447,-66.00,   -3971, -0.40,   -3488, -0.71,    -483, -0.10
 448,-65.00,   -3754, -0.38,   -3325, -0.68,    -429, -0.09
 449,-64.00,   -3369, -0.34,   -2895, -0.59,    -474, -0.10
 450,-63.00,   -2412, -0.25,   -2373, -0.48,     -39, -0.00
 451,-62.00,   -1357, -0.14,   -1954, -0.40,     597,  0.12
 452,-61.00,    -604, -0.06,   -1640, -0.33,    1036,  0.21
 453,-60.00,     233,  0.02,   -1283, -0.26,    1516,  0.31
 454,-59.00,     841,  0.09,   -1158, -0.24,    1999,  0.41
 455,-58.00,     891,  0.09,   -1230, -0.25,    2121,  0.43
 456,-57.00,     423,  0.04,   -1213, -0.25,    1636,  0.33
 457,-56.00,     155,  0.02,    -946, -0.19,    1101,  0.22
 458,-55.00,    -315, -0.03,   -1034, -0.21,     719,  0.15
 459,-54.00,   -1307, -0.13,   -1403, -0.29,      96,  0.02
 460,-53.00,   -1964, -0.20,   -1442, -0.29,    -522, -0.11
 461,-52.00,   -2030, -0.21,    -972, -0.20,   -1058, -0.22
 462,-51.00,   -1865, -0.19,    -754, -0.15,   -1111, -0.23
 463,-50.00,   -1620, -0.16,    -553, -0.11,   -1067, -0.22
 464,-49.00,   -2025, -0.21,    -791, -0.16,   -1234, -0.25
 465,-48.00,   -2650, -0.27,   -1167, -0.24,   -1483, -0.30
 466,-47.00,   -2029, -0.21,   -1013, -0.21,   -1016, -0.21
 467,-46.00,   -1539, -0.16,    -969, -0.20,    -570, -0.12
 468,-45.00,   -1512, -0.15,    -915, -0.19,    -597, -0.12
 469,-44.00,   -2113, -0.21,   -1279, -0.26,    -834, -0.17
 470,-43.00,   -3444, -0.35,   -2572, -0.52,    -872, -0.18
 471,-42.00,   -5299, -0.54,   -3929, -0.80,   -1370, -0.28
 472,-41.00,   -6996, -0.71,   -5220, -1.06,   -1776, -0.36
 473,-40.00,   -8247, -0.84,   -6250, -1.27,   -1997, -0.41
 474,-39.00,   -9364, -0.95,   -7116, -1.45,   -2248, -0.46
 475,-38.00,  -10821, -1.10,   -7739, -1.57,   -3082, -0.63
 476,-37.00,  -11818, -1.20,   -7642, -1.55,   -4176, -0.85
 477,-36.00,  -12453, -1.27,   -7051, -1.43,   -5402, -1.10
 478,-35.00,  -13335, -1.36,   -6647, -1.35,   -6688, -1.36
 479,-34.00,  -13957, -1.42,   -6285, -1.28,   -7672, -1.56
 480,-33.00,  -14183, -1.44,   -5979, -1.22,   -8204, -1.67
 481,-32.00,  -14714, -1.50,   -5810, -1.18,   -8904, -1.81
 482,-31.00,  -14831, -1.51,   -5226, -1.06,   -9605, -1.95
 483,-30.00,  -15024, -1.53,   -4794, -0.98,  -10230, -2.08
 484,-29.00,  -15652, -1.59,   -4591, -0.93,  -11061, -2.25
 485,-28.00,  -15936, -1.62,   -4234, -0.86,  -11702, -2.38
 486,-27.00,  -15787, -1.61,   -4149, -0.84,  -11638, -2.37
 487,-26.00,  -15980, -1.63,   -4505, -0.92,  -11475, -2.33
 488,-25.00,  -17025, -1.73,   -5336, -1.09,  -11689, -2.38
 489,-24.00,  -18264, -1.86,   -5941, -1.21,  -12323, -2.51
 490,-23.00,  -19449, -1.98,   -6452, -1.31,  -12997, -2.64
 491,-22.00,  -20741, -2.11,   -6846, -1.39,  -13895, -2.83
 492,-21.00,  -22109, -2.25,   -7395, -1.50,  -14714, -2.99
 493,-20.00,  -22784, -2.32,   -7355, -1.50,  -15429, -3.14
 494,-19.00,  -23539, -2.39,   -7265, -1.48,  -16274, -3.31
 495,-18.00,  -25374, -2.58,   -7926, -1.61,  -17448, -3.55
 496,-17.00,  -26463, -2.69,   -8440, -1.72,  -18023, -3.67
 497,-16.00,  -26466, -2.69,   -8459, -1.72,  -18007, -3.66
 498,-15.00,  -26438, -2.69,   -8425, -1.71,  -18013, -3.66
 499,-14.00,  -26664, -2.71,   -8327, -1.69,  -18337, -3.73
 500,-13.00,  -26718, -2.72,   -8061, -1.64,  -18657, -3.80
 501,-12.00,  -26609, -2.71,   -7861, -1.60,  -18748, -3.81
 502,-11.00,  -25528, -2.60,   -7491, -1.52,  -18037, -3.67
 503,-10.00,  -23984, -2.44,   -7409, -1.51,  -16575, -3.37
 504,-9.00,  -22895, -2.33,   -7630, -1.55,  -15265, -3.11
 505,-8.00,  -22603, -2.30,   -7940, -1.62,  -14663, -2.98
 506,-7.00,  -22572, -2.30,   -7890, -1.61,  -14682, -2.99
 507,-6.00,  -22235, -2.26,   -7783, -1.58,  -14452, -2.94
 508,-5.00,  -22140, -2.25,   -8219, -1.67,  -13921, -2.83
 509,-4.00,  -21592, -2.20,   -8252, -1.68,  -13340, -2.71
 510,-3.00,  -20714, -2.11,   -7952, -1.62,  -12762, -2.60
 511,-2.00,  -20012, -2.04,   -7773, -1.58,  -12239, -2.49
 512,-1.00,  -19090, -1.94,   -7397, -1.50,  -11693, -2.38
 513,0.00,  -18293, -1.86,   -6963, -1.42,  -11330, -2.31
 514,1.00,  -17057, -1.74,   -6403, -1.30,  -10654, -2.17
 515,2.00,  -15249, -1.55,   -5945, -1.21,   -9304, -1.89
 516,3.00,  -13344, -1.36,   -5306, -1.08,   -8038, -1.64
 517,4.00,  -12164, -1.24,   -4966, -1.01,   -7198, -1.46
 518,5.00,  -11317, -1.15,   -4776, -0.97,   -6541, -1.33
 519,6.00,  -10784, -1.10,   -5129, -1.04,   -5655, -1.15
 520,7.00,   -9813, -1.00,   -4965, -1.01,   -4848, -0.99
 521,8.00,   -9034, -0.92,   -5019, -1.02,   -4015, -0.82
 522,9.00,   -8284, -0.84,   -5239, -1.07,   -3045, -0.62
 523,10.00,   -7788, -0.79,   -5645, -1.15,   -2143, -0.44
 524,11.00,   -8095, -0.82,   -6353, -1.29,   -1742, -0.35
 525,12.00,   -8490, -0.86,   -7057, -1.44,   -1433, -0.29
 526,13.00,   -8604, -0.88,   -7464, -1.52,   -1140, -0.23
 527,14.00,   -9226, -0.94,   -8051, -1.64,   -1175, -0.24
 528,15.00,  -10606, -1.08,   -9202, -1.87,   -1404, -0.29
 529,16.00,  -11599, -1.18,  -10322, -2.10,   -1277, -0.26
 530,17.00,  -12399, -1.26,  -11410, -2.32,    -989, -0.20
 531,18.00,  -13154, -1.34,  -12050, -2.45,   -1104, -0.22
 532,19.00,  -13147, -1.34,  -12142, -2.47,   -1005, -0.20
 533,20.00,  -13209, -1.34,  -12366, -2.52,    -843, -0.17
 534,21.00,  -13582, -1.38,  -13006, -2.65,    -576, -0.12
 535,22.00,  -14106, -1.43,  -13602, -2.77,    -504, -0.10
 536,23.00,  -14622, -1.49,  -14302, -2.91,    -320, -0.07
 537,24.00,  -15339, -1.56,  -15415, -3.14,      76,  0.02
 538,25.00,  -15986, -1.63,  -16395, -3.34,     409,  0.08
 539,26.00,  -15790, -1.61,  -16552, -3.37,     762,  0.16
 540,27.00,  -15873, -1.61,  -16681, -3.39,     808,  0.16
 541,28.00,  -16041, -1.63,  -16687, -3.40,     646,  0.13
 542,29.00,  -16359, -1.66,  -16553, -3.37,     194,  0.04
 543,30.00,  -17245, -1.75,  -16465, -3.35,    -780, -0.16
 544,31.00,  -18417, -1.87,  -16250, -3.31,   -2167, -0.44
 545,32.00,  -18630, -1.90,  -15795, -3.21,   -2835, -0.58
 546,33.00,  -17134, -1.74,  -14656, -2.98,   -2478, -0.50
 547,34.00,  -15783, -1.61,  -13513, -2.75,   -2270, -0.46
 548,35.00,  -14264, -1.45,  -12304, -2.50,   -1960, -0.40
 549,36.00,  -13392, -1.36,  -11398, -2.32,   -1994, -0.41
 550,37.00,  -12996, -1.32,  -11044, -2.25,   -1952, -0.40
 551,38.00,  -12626, -1.28,  -10820, -2.20,   -1806, -0.37
 552,39.00,  -12180, -1.24,  -10402, -2.12,   -1778, -0.36
 553,40.00,  -11765, -1.20,  -10425, -2.12,   -1340, -0.27
 554,41.00,  -12060, -1.23,  -10631, -2.16,   -1429, -0.29
 555,42.00,  -11896, -1.21,  -10293, -2.09,   -1603, -0.33
 556,43.00,  -11698, -1.19,   -9916, -2.02,   -1782, -0.36
 557,44.00,  -11863, -1.21,   -9985, -2.03,   -1878, -0.38
 558,45.00,  -12047, -1.23,  -10296, -2.09,   -1751, -0.36
 559,46.00,  -11477, -1.17,  -10562, -2.15,    -915, -0.19
 560,47.00,  -11072, -1.13,  -10766, -2.19,    -306, -0.06
 561,48.00,  -11055, -1.12,  -10836, -2.20,    -219, -0.04
 562,49.00,  -10793, -1.10,  -10405, -2.12,    -388, -0.08
 563,50.00,  -10807, -1.10,  -10221, -2.08,    -586, -0.12
 564,51.00,  -10198, -1.04,   -9687, -1.97,    -511, -0.10
 565,52.00,   -9115, -0.93,   -9030, -1.84,     -85, -0.02
 566,53.00,   -8243, -0.84,   -8467, -1.72,     224,  0.05
 567,54.00,   -6564, -0.67,   -7387, -1.50,     823,  0.17
 568,55.00,   -4707, -0.48,   -6492, -1.32,    1785,  0.36
 569,56.00,   -3362, -0.34,   -6406, -1.30,    3044,  0.62
 570,57.00,   -2940, -0.30,   -6679, -1.36,    3739,  0.76
 571,58.00,   -2129, -0.22,   -6543, -1.33,    4414,  0.90
 572,59.00,   -1190, -0.12,   -6513, -1.33,    5323,  1.08
 573,60.00,    -788, -0.08,   -6687, -1.36,    5899,  1.20
 574,61.00,    -353, -0.04,   -6765, -1.38,    6412,  1.30
 575,62.00,     424,  0.04,   -6473, -1.32,    6897,  1.40
 576,63.00,    1422,  0.14,   -6058, -1.23,    7480,  1.52
 577,64.00,    2560,  0.26,   -5390, -1.10,    7950,  1.62
 578,65.00,    3852,  0.39,   -4500, -0.92,    8352,  1.70
 579,66.00,    5003,  0.51,   -3617, -0.74,    8620,  1.75
 580,67.00,    5867,  0.60,   -2806, -0.57,    8673,  1.76
 581,68.00,    7745,  0.79,   -1786, -0.36,    9531,  1.94
 582,69.00,   10075,  1.02,    -339, -0.07,   10414,  2.12
 583,70.00,   11941,  1.21,     913,  0.19,   11028,  2.24
 584,71.00,   13308,  1.35,    1937,  0.39,   11371,  2.31
 585,72.00,   14510,  1.48,    2836,  0.58,   11674,  2.38
 586,73.00,   15706,  1.60,    3661,  0.74,   12045,  2.45
 587,74.00,   15869,  1.61,    3936,  0.80,   11933,  2.43
 588,75.00,   15471,  1.57,    3808,  0.77,   11663,  2.37
 589,76.00,   14671,  1.49,    3660,  0.74,   11011,  2.24
 590,77.00,   13800,  1.40,    3600,  0.73,   10200,  2.08
 591,78.00,   12332,  1.25,    3021,  0.61,    9311,  1.89
 592,79.00,   10858,  1.10,    2531,  0.51,    8327,  1.69
 593,80.00,    9770,  0.99,    2340,  0.48,    7430,  1.51
 594,81.00,    8797,  0.89,    2115,  0.43,    6682,  1.36
 595,82.00,    8108,  0.82,    2021,  0.41,    6087,  1.24
 596,83.00,    7809,  0.79,    2351,  0.48,    5458,  1.11
 597,84.00,    7679,  0.78,    3100,  0.63,    4579,  0.93
 598,85.00,    8058,  0.82,    4029,  0.82,    4029,  0.82
 599,86.00,    8368,  0.85,    4359,  0.89,    4009,  0.82
 600,87.00,    8444,  0.86,    4448,  0.90,    3996,  0.81
 601,88.00,    8818,  0.90,    4746,  0.97,    4072,  0.83
 602,89.00,    9311,  0.95,    5287,  1.08,    4024,  0.82
 603,90.00,   10055,  1.02,    6126,  1.25,    3929,  0.80
 604,91.00,   10151,  1.03,    6713,  1.37,    3438,  0.70
 605,92.00,    9796,  1.00,    7040,  1.43,    2756,  0.56
 606,93.00,    9225,  0.94,    7191,  1.46,    2034,  0.41
 607,94.00,    8901,  0.91,    7360,  1.50,    1541,  0.31
 608,95.00,    8639,  0.88,    7772,  1.58,     867,  0.18
 609,96.00,    7703,  0.78,    7988,  1.63,    -285, -0.06
 610,97.00,    7101,  0.72,    8701,  1.77,   -1600, -0.33
 611,98.00,    6791,  0.69,    9452,  1.92,   -2661, -0.54
 612,99.00,    6549,  0.67,    9914,  2.02,   -3365, -0.68
 613,100.00,    5619,  0.57,   10093,  2.05,   -4474, -0.91
 614,101.00,    4593,  0.47,   10451,  2.13,   -5858, -1.19
 615,102.00,    3778,  0.38,   10996,  2.24,   -7218, -1.47
 616,103.00,    3621,  0.37,   11505,  2.34,   -7884, -1.60
 617,104.00,    2862,  0.29,   11412,  2.32,   -8550, -1.74
 618,105.00,    2344,  0.24,   11422,  2.32,   -9078, -1.85
 619,106.00,    2372,  0.24,   11253,  2.29,   -8881, -1.81
 620,107.00,    2600,  0.26,   11109,  2.26,   -8509, -1.73
 621,108.00,    2609,  0.27,   10854,  2.21,   -8245, -1.68
 622,109.00,    1843,  0.19,   10526,  2.14,   -8683, -1.77
 623,110.00,     666,  0.07,    9971,  2.03,   -9305, -1.89
 624,111.00,     -74, -0.00,    9523,  1.94,   -9597, -1.95
 625,112.00,    -199, -0.02,    9433,  1.92,   -9632, -1.96
 626,113.00,    -654, -0.07,    8844,  1.80,   -9498, -1.93
 627,114.00,   -1198, -0.12,    8174,  1.66,   -9372, -1.91
 628,115.00,   -1904, -0.19,    7523,  1.53,   -9427, -1.92
 629,116.00,   -2480, -0.25,    7031,  1.43,   -9511, -1.94
 630,117.00,   -3318, -0.34,    6666,  1.36,   -9984, -2.03
 631,118.00,   -3455, -0.35,    6626,  1.35,  -10081, -2.05
 632,119.00,   -3192, -0.32,    6853,  1.39,  -10045, -2.04
 633,120.00,   -3244, -0.33,    7060,  1.44,  -10304, -2.10
 634,121.00,   -3365, -0.34,    7149,  1.45,  -10514, -2.14
 635,122.00,   -3389, -0.34,    6948,  1.41,  -10337, -2.10
 636,123.00,   -3285, -0.33,    6759,  1.38,  -10044, -2.04
 637,124.00,   -3100, -0.32,    6597,  1.34,   -9697, -1.97
 638,125.00,   -3189, -0.32,    6357,  1.29,   -9546, -1.94
 639,126.00,   -3626, -0.37,    6220,  1.27,   -9846, -2.00
 640,127.00,   -4661, -0.47,    5806,  1.18,  -10467, -2.13
 641,128.00,   -6362, -0.65,    5114,  1.04,  -11476, -2.33
 642,129.00,   -8536, -0.87,    4064,  0.83,  -12600, -2.56
 643,130.00,  -10074, -1.02,    3194,  0.65,  -13268, -2.70
 644,131.00,  -10277, -1.05,    3199,  0.65,  -13476, -2.74
 645,132.00,  -10109, -1.03,    3500,  0.71,  -13609, -2.77
 646,133.00,  -10060, -1.02,    3675,  0.75,  -13735, -2.79
 647,134.00,   -9988, -1.02,    3774,  0.77,  -13762, -2.80
 648,135.00,   -9514, -0.97,    3925,  0.80,  -13439, -2.73
 649,136.00,   -8475, -0.86,    4405,  0.90,  -12880, -2.62
 650,137.00,   -7597, -0.77,    4603,  0.94,  -12200, -2.48
 651,138.00,   -6772, -0.69,    4910,  1.00,  -11682, -2.38
 652,139.00,   -6079, -0.62,    5154,  1.05,  -11233, -2.29
 653,140.00,   -5533, -0.56,    4987,  1.01,  -10520, -2.14
 654,141.00,   -5732, -0.58,    4310,  0.88,  -10042, -2.04
 655,142.00,   -5690, -0.58,    3882,  0.79,   -9572, -1.95
 656,143.00,   -5376, -0.55,    3870,  0.79,   -9246, -1.88
 657,144.00,   -5468, -0.56,    3841,  0.78,   -9309, -1.89
 658,145.00,   -5516, -0.56,    3828,  0.78,   -9344, -1.90
 659,146.00,   -5634, -0.57,    3825,  0.78,   -9459, -1.92
 660,147.00,   -6563, -0.67,    3238,  0.66,   -9801, -1.99
 661,148.00,   -7470, -0.76,    3178,  0.65,  -10648, -2.17
 662,149.00,   -8184, -0.83,    3095,  0.63,  -11279, -2.29
 663,150.00,   -7652, -0.78,    3333,  0.68,  -10985, -2.23
 664,151.00,   -6819, -0.69,    3626,  0.74,  -10445, -2.13
 665,152.00,   -5457, -0.56,    3992,  0.81,   -9449, -1.92
 666,153.00,   -4519, -0.46,    4268,  0.87,   -8787, -1.79
 667,154.00,   -3699, -0.38,    4549,  0.93,   -8248, -1.68
 668,155.00,   -3153, -0.32,    4684,  0.95,   -7837, -1.59
 669,156.00,   -2633, -0.27,    4455,  0.91,   -7088, -1.44
 670,157.00,   -2497, -0.25,    3904,  0.79,   -6401, -1.30
 671,158.00,   -3134, -0.32,    2772,  0.56,   -5906, -1.20
 672,159.00,   -3479, -0.35,    1763,  0.36,   -5242, -1.07
 673,160.00,   -2783, -0.28,    1577,  0.32,   -4360, -0.89
 674,161.00,   -2457, -0.25,    1446,  0.29,   -3903, -0.79
 675,162.00,   -2328, -0.24,    1404,  0.29,   -3732, -0.76
 676,163.00,   -1409, -0.14,    1807,  0.37,   -3216, -0.65
 677,164.00,    -729, -0.07,    2377,  0.48,   -3106, -0.63
 678,165.00,    -838, -0.09,    2880,  0.59,   -3718, -0.76
 679,166.00,    -567, -0.06,    3400,  0.69,   -3967, -0.81
 680,167.00,     -84, -0.00,    4009,  0.82,   -4093, -0.83
 681,168.00,     805,  0.08,    4426,  0.90,   -3621, -0.74
 682,169.00,    2135,  0.22,    4925,  1.00,   -2790, -0.57
 683,170.00,    3558,  0.36,    5758,  1.17,   -2200, -0.45
 684,171.00,    4571,  0.47,    6394,  1.30,   -1823, -0.37
 685,172.00,    5328,  0.54,    6757,  1.37,   -1429, -0.29
 686,173.00,    5849,  0.60,    6747,  1.37,    -898, -0.18
 687,174.00,    5955,  0.61,    6355,  1.29,    -400, -0.08
 688,175.00,    6629,  0.67,    6381,  1.30,     248,  0.05
 689,176.00,    7526,  0.77,    7002,  1.42,     524,  0.11
 690,177.00,    8260,  0.84,    7386,  1.50,     874,  0.18
 691,178.00,    7677,  0.78,    7042,  1.43,     635,  0.13
 692,179.00,    6301,  0.64,    6076,  1.24,     225,  0.05
 693,180.00,    5323,  0.54,    5294,  1.08,      29,  0.00
 694,181.00,    4066,  0.41,    4685,  0.95,    -619, -0.13
 695,182.00,    3502,  0.36,    4914,  1.00,   -1412, -0.29
 696,183.00,    3545,  0.36,    5137,  1.05,   -1592, -0.32
 697,184.00,    3486,  0.35,    5264,  1.07,   -1778, -0.36
 698,185.00,    3559,  0.36,    5240,  1.07,   -1681, -0.34
 699,186.00,    3238,  0.33,    5019,  1.02,   -1781, -0.36
 700,187.00,    1948,  0.20,    4461,  0.91,   -2513, -0.51
 701,188.00,     864,  0.09,    3644,  0.74,   -2780, -0.57
 702,189.00,     160,  0.02,    2961,  0.60,   -2801, -0.57
 703,190.00,     107,  0.01,    2300,  0.47,   -2193, -0.45
 704,191.00,     671,  0.07,    1638,  0.33,    -967, -0.20
 705,192.00,     656,  0.07,    1001,  0.20,    -345, -0.07
 706,193.00,      43,  0.00,     593,  0.12,    -550, -0.11
 707,194.00,    -647, -0.07,     266,  0.05,    -913, -0.19
 708,195.00,   -2197, -0.22,   -1071, -0.22,   -1126, -0.23
 709,196.00,   -4264, -0.43,   -2628, -0.53,   -1636, -0.33
 710,197.00,   -5774, -0.59,   -3602, -0.73,   -2172, -0.44
 711,198.00,   -7354, -0.75,   -4525, -0.92,   -2829, -0.58
 712,199.00,   -8749, -0.89,   -5121, -1.04,   -3628, -0.74
 713,200.00,   -9772, -0.99,   -5649, -1.15,   -4123, -0.84
 714,201.00,  -11186, -1.14,   -6603, -1.34,   -4583, -0.93
 715,202.00,  -12660, -1.29,   -7821, -1.59,   -4839, -0.98
 716,203.00,  -13826, -1.41,   -8729, -1.78,   -5097, -1.04
 717,204.00,  -14348, -1.46,   -9251, -1.88,   -5097, -1.04
 718,205.00,  -15316, -1.56,  -10063, -2.05,   -5253, -1.07
 719,206.00,  -16582, -1.69,  -10948, -2.23,   -5634, -1.15
 720,207.00,  -18417, -1.87,  -12202, -2.48,   -6215, -1.26
 721,208.00,  -20729, -2.11,  -14127, -2.87,   -6602, -1.34
 722,209.00,  -22760, -2.32,  -15664, -3.19,   -7096, -1.44
 723,210.00,  -24693, -2.51,  -16777, -3.41,   -7916, -1.61
 724,211.00,  -26669, -2.71,  -17708, -3.60,   -8961, -1.82
 725,212.00,  -28580, -2.91,  -18813, -3.83,   -9767, -1.99
 726,213.00,  -30474, -3.10,  -20039, -4.08,  -10435, -2.12
 727,214.00,  -31521, -3.21,  -20722, -4.22,  -10799, -2.20
 728,215.00,  -32404, -3.30,  -21104, -4.29,  -11300, -2.30
 729,216.00,  -32596, -3.32,  -21028, -4.28,  -11568, -2.35
 730,217.00,  -32493, -3.31,  -20589, -4.19,  -11904, -2.42
 731,218.00,  -32379, -3.29,  -20179, -4.11,  -12200, -2.48
 732,219.00,  -31747, -3.23,  -20047, -4.08,  -11700, -2.38
 733,220.00,  -31591, -3.21,  -20262, -4.12,  -11329, -2.30
 734,221.00,  -31671, -3.22,  -20330, -4.14,  -11341, -2.31
 735,222.00,  -31450, -3.20,  -20220, -4.11,  -11230, -2.28
 736,223.00,  -30940, -3.15,  -19948, -4.06,  -10992, -2.24
 737,224.00,  -30061, -3.06,  -19281, -3.92,  -10780, -2.19
 738,225.00,  -29469, -3.00,  -19002, -3.87,  -10467, -2.13
 739,226.00,  -29271, -2.98,  -19211, -3.91,  -10060, -2.05
 740,227.00,  -29708, -3.02,  -19383, -3.94,  -10325, -2.10
 741,228.00,  -30400, -3.09,  -19340, -3.93,  -11060, -2.25
 742,229.00,  -31465, -3.20,  -19473, -3.96,  -11992, -2.44
 743,230.00,  -32074, -3.26,  -19592, -3.99,  -12482, -2.54
 744,231.00,  -31872, -3.24,  -19108, -3.89,  -12764, -2.60
 745,232.00,  -31691, -3.22,  -18656, -3.80,  -13035, -2.65
 746,233.00,  -31807, -3.24,  -18199, -3.70,  -13608, -2.77
 747,234.00,  -32274, -3.28,  -18045, -3.67,  -14229, -2.89
 748,235.00,  -32495, -3.31,  -17676, -3.60,  -14819, -3.02
 749,236.00,  -32188, -3.27,  -16857, -3.43,  -15331, -3.12
 750,237.00,  -31407, -3.19,  -15746, -3.20,  -15661, -3.19
 751,238.00,  -30802, -3.13,  -14800, -3.01,  -16002, -3.26
 752,239.00,  -30798, -3.13,  -14365, -2.92,  -16433, -3.34
 753,240.00,  -31655, -3.22,  -14834, -3.02,  -16821, -3.42
 754,241.00,  -32643, -3.32,  -15224, -3.10,  -17419, -3.54
 755,242.00,  -34355, -3.49,  -15706, -3.20,  -18649, -3.79
 756,243.00,  -35660, -3.63,  -15959, -3.25,  -19701, -4.01
 757,244.00,  -35771, -3.64,  -15837, -3.22,  -19934, -4.06
 758,245.00,  -35974, -3.66,  -15815, -3.22,  -20159, -4.10
 759,246.00,  -36714, -3.73,  -15759, -3.21,  -20955, -4.26
 760,247.00,  -37932, -3.86,  -15652, -3.18,  -22280, -4.53
 761,248.00,  -39179, -3.99,  -15554, -3.16,  -23625, -4.81
 762,249.00,  -40134, -4.08,  -15482, -3.15,  -24652, -5.02
 763,250.00,  -40547, -4.12,  -15536, -3.16,  -25011, -5.09
 764,251.00,  -40642, -4.13,  -15283, -3.11,  -25359, -5.16
 765,252.00,  -40153, -4.08,  -14371, -2.92,  -25782, -5.25
 766,253.00,  -39571, -4.03,  -13294, -2.70,  -26277, -5.35
 767,254.00,  -39028, -3.97,  -12733, -2.59,  -26295, -5.35
 768,255.00,  -38631, -3.93,  -12656, -2.57,  -25975, -5.28
 769,256.00,  -38603, -3.93,  -13091, -2.66,  -25512, -5.19
 770,257.00,  -38505, -3.92,  -13760, -2.80,  -24745, -5.03
 771,258.00,  -37931, -3.86,  -14377, -2.93,  -23554, -4.79
 772,259.00,  -37259, -3.79,  -14979, -3.05,  -22280, -4.53
 773,260.00,  -36822, -3.75,  -15179, -3.09,  -21643, -4.40
 774,261.00,  -37104, -3.77,  -15584, -3.17,  -21520, -4.38
 775,262.00,  -37514, -3.82,  -16167, -3.29,  -21347, -4.34
 776,263.00,  -37258, -3.79,  -16420, -3.34,  -20838, -4.24
 777,264.00,  -36915, -3.76,  -16407, -3.34,  -20508, -4.17
 778,265.00,  -36300, -3.69,  -16526, -3.36,  -19774, -4.02
 779,266.00,  -35939, -3.66,  -16616, -3.38,  -19323, -3.93
 780,267.00,  -35646, -3.63,  -16935, -3.45,  -18711, -3.81
 781,268.00,  -35178, -3.58,  -17160, -3.49,  -18018, -3.67
 782,269.00,  -34281, -3.49,  -17018, -3.46,  -17263, -3.51
 783,270.00,  -33102, -3.37,  -16636, -3.38,  -16466, -3.35
 784,271.00,  -31877, -3.24,  -16250, -3.31,  -15627, -3.18
 785,272.00,  -30953, -3.15,  -15847, -3.22,  -15106, -3.07
 786,273.00,  -29668, -3.02,  -15683, -3.19,  -13985, -2.85
 787,274.00,  -28255, -2.87,  -15638, -3.18,  -12617, -2.57
 788,275.00,  -26873, -2.73,  -15481, -3.15,  -11392, -2.32
 789,276.00,  -25661, -2.61,  -15646, -3.18,  -10015, -2.04
 790,277.00,  -24627, -2.51,  -15929, -3.24,   -8698, -1.77
 791,278.00,  -23600, -2.40,  -16111, -3.28,   -7489, -1.52
 792,279.00,  -22881, -2.33,  -16308, -3.32,   -6573, -1.34
 793,280.00,  -22378, -2.28,  -16701, -3.40,   -5677, -1.16
 794,281.00,  -21339, -2.17,  -16547, -3.37,   -4792, -0.97
 795,282.00,  -19127, -1.95,  -15320, -3.12,   -3807, -0.77
 796,283.00,  -16661, -1.69,  -13946, -2.84,   -2715, -0.55
 797,284.00,  -14501, -1.48,  -12926, -2.63,   -1575, -0.32
 798,285.00,  -12957, -1.32,  -12364, -2.52,    -593, -0.12
 799,286.00,  -11275, -1.15,  -11640, -2.37,     365,  0.07
 800,287.00,   -9319, -0.95,  -10812, -2.20,    1493,  0.30
 801,288.00,   -7468, -0.76,   -9888, -2.01,    2420,  0.49
 802,289.00,   -5140, -0.52,   -8623, -1.75,    3483,  0.71
 803,290.00,   -3430, -0.35,   -7837, -1.59,    4407,  0.90
 804,291.00,   -2828, -0.29,   -7892, -1.61,    5064,  1.03
 805,292.00,   -2678, -0.27,   -8084, -1.64,    5406,  1.10
 806,293.00,   -1851, -0.19,   -7654, -1.56,    5803,  1.18
 807,294.00,    -701, -0.07,   -7147, -1.45,    6446,  1.31
 808,295.00,     438,  0.04,   -6731, -1.37,    7169,  1.46
 809,296.00,    1391,  0.14,   -6097, -1.24,    7488,  1.52
 810,297.00,    1836,  0.19,   -5339, -1.09,    7175,  1.46
 811,298.00,    2051,  0.21,   -4705, -0.96,    6756,  1.37
 812,299.00,    1492,  0.15,   -4646, -0.95,    6138,  1.25
 813,300.00,    1481,  0.15,   -4692, -0.95,    6173,  1.26
 814,301.00,    2775,  0.28,   -3804, -0.77,    6579,  1.34
 815,302.00,    4326,  0.44,   -3005, -0.61,    7331,  1.49
 816,303.00,    6081,  0.62,   -1965, -0.40,    8046,  1.64
 817,304.00,    8140,  0.83,    -653, -0.13,    8793,  1.79
 818,305.00,    9566,  0.97,      81,  0.02,    9485,  1.93
 819,306.00,   10327,  1.05,     411,  0.08,    9916,  2.02
 820,307.00,   11097,  1.13,    1042,  0.21,   10055,  2.05
 821,308.00,   11231,  1.14,    1293,  0.26,    9938,  2.02
 822,309.00,   11176,  1.14,    1507,  0.31,    9669,  1.97
 823,310.00,   10943,  1.11,    1680,  0.34,    9263,  1.88
 824,311.00,   10245,  1.04,    1491,  0.30,    8754,  1.78
 825,312.00,    9518,  0.97,    1512,  0.31,    8006,  1.63
 826,313.00,    9702,  0.99,    1982,  0.40,    7720,  1.57
 827,314.00,    9939,  1.01,    2248,  0.46,    7691,  1.56
 828,315.00,   10662,  1.08,    2535,  0.52,    8127,  1.65
 829,316.00,   11316,  1.15,    3129,  0.64,    8187,  1.67
 830,317.00,   12163,  1.24,    4006,  0.82,    8157,  1.66
 831,318.00,   13673,  1.39,    5391,  1.10,    8282,  1.69
 832,319.00,   16128,  1.64,    6986,  1.42,    9142,  1.86
 833,320.00,   18205,  1.85,    8183,  1.66,   10022,  2.04
 834,321.00,   19932,  2.03,    9303,  1.89,   10629,  2.16
 835,322.00,   22109,  2.25,   10653,  2.17,   11456,  2.33
 836,323.00,   24095,  2.45,   11747,  2.39,   12348,  2.51
 837,324.00,   25445,  2.59,   12191,  2.48,   13254,  2.70
 838,325.00,   26406,  2.69,   12378,  2.52,   14028,  2.85
 839,326.00,   27488,  2.80,   12742,  2.59,   14746,  3.00
 840,327.00,   28643,  2.91,   12960,  2.64,   15683,  3.19
 841,328.00,   29459,  3.00,   12872,  2.62,   16587,  3.37
 842,329.00,   30361,  3.09,   13387,  2.72,   16974,  3.45
 843,330.00,   31774,  3.23,   14551,  2.96,   17223,  3.50
 844,331.00,   32460,  3.30,   15360,  3.13,   17100,  3.48
 845,332.00,   32597,  3.32,   15995,  3.25,   16602,  3.38
 846,333.00,   33030,  3.36,   16402,  3.34,   16628,  3.38
 847,334.00,   33957,  3.45,   16979,  3.45,   16978,  3.45
 848,335.00,   35175,  3.58,   17955,  3.65,   17220,  3.50
 849,336.00,   35785,  3.64,   18856,  3.84,   16929,  3.44
 850,337.00,   36206,  3.68,   19185,  3.90,   17021,  3.46
 851,338.00,   37042,  3.77,   19563,  3.98,   17479,  3.56
 852,339.00,   37911,  3.86,   19962,  4.06,   17949,  3.65
 853,340.00,   38161,  3.88,   19767,  4.02,   18394,  3.74
 854,341.00,   38353,  3.90,   19519,  3.97,   18834,  3.83
 855,342.00,   37910,  3.86,   19040,  3.87,   18870,  3.84
 856,343.00,   36482,  3.71,   17986,  3.66,   18496,  3.76
 857,344.00,   34544,  3.51,   16662,  3.39,   17882,  3.64
 858,345.00,   33225,  3.38,   15809,  3.22,   17416,  3.54
 859,346.00,   33412,  3.40,   15918,  3.24,   17494,  3.56
 860,347.00,   33244,  3.38,   15866,  3.23,   17378,  3.54
 861,348.00,   32481,  3.30,   15848,  3.22,   16633,  3.38
 862,349.00,   31047,  3.16,   15533,  3.16,   15514,  3.16
 863,350.00,   29901,  3.04,   15453,  3.14,   14448,  2.94
 864,351.00,   29300,  2.98,   15561,  3.17,   13739,  2.80
 865,352.00,   28799,  2.93,   15703,  3.19,   13096,  2.66
 866,353.00,   28133,  2.86,   15947,  3.24,   12186,  2.48
 867,354.00,   27482,  2.80,   15978,  3.25,   11504,  2.34
 868,355.00,   26667,  2.71,   15880,  3.23,   10787,  2.19
 869,356.00,   25565,  2.60,   15566,  3.17,    9999,  2.03
 870,357.00,   23977,  2.44,   14801,  3.01,    9176,  1.87
 871,358.00,   21838,  2.22,   13576,  2.76,    8262,  1.68
 872,359.00,   19606,  1.99,   12252,  2.49,    7354,  1.50
 873,360.00,   17256,  1.76,   10869,  2.21,    6387,  1.30
 874,361.00,   15022,  1.53,    9707,  1.97,    5315,  1.08
 875,362.00,   12255,  1.25,    8540,  1.74,    3715,  0.76
 876,363.00,    9184,  0.93,    7203,  1.47,    1981,  0.40
 877,364.00,    6126,  0.62,    5647,  1.15,     479,  0.10
 878,365.00,    3804,  0.39,    4242,  0.86,    -438, -0.09
 879,366.00,    1496,  0.15,    2567,  0.52,   -1071, -0.22
 880,367.00,    -814, -0.08,    1073,  0.22,   -1887, -0.38
 881,368.00,   -2844, -0.29,    -202, -0.04,   -2642, -0.54
 882,369.00,   -4659, -0.47,   -1584, -0.32,   -3075, -0.63
 883,370.00,   -6170, -0.63,   -2669, -0.54,   -3501, -0.71
 884,371.00,   -7644, -0.78,   -3537, -0.72,   -4107, -0.84
 885,372.00,   -8837, -0.90,   -4341, -0.88,   -4496, -0.91
 886,373.00,   -9854, -1.00,   -5319, -1.08,   -4535, -0.92
 887,374.00,  -11235, -1.14,   -6211, -1.26,   -5024, -1.02
 888,375.00,  -12925, -1.31,   -6957, -1.42,   -5968, -1.21
 889,376.00,  -14506, -1.48,   -7856, -1.60,   -6650, -1.35
 890,377.00,  -15828, -1.61,   -8732, -1.78,   -7096, -1.44
 891,378.00,  -17247, -1.75,   -9647, -1.96,   -7600, -1.55
 892,379.00,  -18403, -1.87,  -10213, -2.08,   -8190, -1.67
 893,380.00,  -19325, -1.97,  -10471, -2.13,   -8854, -1.80
 894,381.00,  -19894, -2.02,  -10596, -2.16,   -9298, -1.89
 895,382.00,  -20368, -2.07,  -10531, -2.14,   -9837, -2.00
 896,383.00,  -20321, -2.07,   -9897, -2.01,  -10424, -2.12
 897,384.00,  -20135, -2.05,   -9142, -1.86,  -10993, -2.24
 898,385.00,  -19867, -2.02,   -8858, -1.80,  -11009, -2.24
 899,386.00,  -18375, -1.87,   -8055, -1.64,  -10320, -2.10
 900,387.00,  -16734, -1.70,   -7195, -1.46,   -9539, -1.94
 901,388.00,  -15013, -1.53,   -6058, -1.23,   -8955, -1.82
 902,389.00,  -13372, -1.36,   -4868, -0.99,   -8504, -1.73
 903,390.00,  -12065, -1.23,   -4120, -0.84,   -7945, -1.62
 904,391.00,  -11044, -1.12,   -3872, -0.79,   -7172, -1.46
 905,392.00,   -9517, -0.97,   -3485, -0.71,   -6032, -1.23
 906,393.00,   -8386, -0.85,   -3239, -0.66,   -5147, -1.05
 907,394.00,   -7698, -0.78,   -3134, -0.64,   -4564, -0.93
 908,395.00,   -7414, -0.75,   -3335, -0.68,   -4079, -0.83
 909,396.00,   -7652, -0.78,   -3757, -0.76,   -3895, -0.79
 910,397.00,   -7812, -0.79,   -4031, -0.82,   -3781, -0.77
 911,398.00,   -8038, -0.82,   -4361, -0.89,   -3677, -0.75
 912,399.00,   -8345, -0.85,   -4741, -0.96,   -3604, -0.73
 913,400.00,   -8481, -0.86,   -5195, -1.06,   -3286, -0.67
 914,401.00,   -8323, -0.85,   -5732, -1.17,   -2591, -0.53
 915,402.00,   -7999, -0.81,   -6291, -1.28,   -1708, -0.35
 916,403.00,   -7906, -0.80,   -6626, -1.35,   -1280, -0.26
 917,404.00,   -7628, -0.78,   -6459, -1.31,   -1169, -0.24
 918,405.00,   -6672, -0.68,   -6090, -1.24,    -582, -0.12
 919,406.00,   -5346, -0.54,   -6240, -1.27,     894,  0.18
 920,407.00,   -4147, -0.42,   -6582, -1.34,    2435,  0.50
 921,408.00,   -3987, -0.41,   -7099, -1.44,    3112,  0.63
 922,409.00,   -4374, -0.44,   -7608, -1.55,    3234,  0.66
 923,410.00,   -4663, -0.47,   -7969, -1.62,    3306,  0.67
 924,411.00,   -5179, -0.53,   -8220, -1.67,    3041,  0.62
 925,412.00,   -5304, -0.54,   -8402, -1.71,    3098,  0.63
 926,413.00,   -5074, -0.52,   -8436, -1.72,    3362,  0.68
 927,414.00,   -4589, -0.47,   -8405, -1.71,    3816,  0.78
 928,415.00,   -4203, -0.43,   -8322, -1.69,    4119,  0.84
 929,416.00,   -3977, -0.40,   -7898, -1.61,    3921,  0.80
 930,417.00,   -3296, -0.34,   -7233, -1.47,    3937,  0.80
 931,418.00,   -1789, -0.18,   -6011, -1.22,    4222,  0.86
 932,419.00,     314,  0.03,   -4702, -0.96,    5016,  1.02
 933,420.00,    1445,  0.15,   -4019, -0.82,    5464,  1.11
 934,421.00,    2187,  0.22,   -3527, -0.72,    5714,  1.16
 935,422.00,    2606,  0.27,   -3132, -0.64,    5738,  1.17
 936,423.00,    2759,  0.28,   -3485, -0.71,    6244,  1.27
 937,424.00,    3049,  0.31,   -3836, -0.78,    6885,  1.40
 938,425.00,    2006,  0.20,   -4888, -0.99,    6894,  1.40
 939,426.00,     346,  0.04,   -5655, -1.15,    6001,  1.22
 940,427.00,    -147, -0.01,   -5575, -1.13,    5428,  1.10
 941,428.00,    -228, -0.02,   -5344, -1.09,    5116,  1.04
 942,429.00,   -1094, -0.11,   -5758, -1.17,    4664,  0.95
 943,430.00,   -2372, -0.24,   -6619, -1.35,    4247,  0.86
 944,431.00,   -2882, -0.29,   -7163, -1.46,    4281,  0.87
 945,432.00,   -3843, -0.39,   -7591, -1.54,    3748,  0.76
 946,433.00,   -5114, -0.52,   -7954, -1.62,    2840,  0.58
 947,434.00,   -5771, -0.59,   -7817, -1.59,    2046,  0.42
 948,435.00,   -6052, -0.62,   -7600, -1.55,    1548,  0.31
 949,436.00,   -6612, -0.67,   -7601, -1.55,     989,  0.20
 950,437.00,   -6528, -0.66,   -7351, -1.50,     823,  0.17
 951,438.00,   -6417, -0.65,   -7166, -1.46,     749,  0.15
 952,439.00,   -6335, -0.64,   -7191, -1.46,     856,  0.17
 953,440.00,   -6149, -0.63,   -7747, -1.58,    1598,  0.33
 954,441.00,   -6310, -0.64,   -8561, -1.74,    2251,  0.46
 955,442.00,   -6516, -0.66,   -8923, -1.82,    2407,  0.49
 956,443.00,   -7074, -0.72,   -9328, -1.90,    2254,  0.46
 957,444.00,   -7978, -0.81,   -9712, -1.98,    1734,  0.35
 958,445.00,   -9432, -0.96,  -10426, -2.12,     994,  0.20
 959,446.00,  -10384, -1.06,  -11252, -2.29,     868,  0.18
 960,447.00,  -10960, -1.11,  -11798, -2.40,     838,  0.17
 961,448.00,  -11562, -1.18,  -12013, -2.44,     451,  0.09
 962,449.00,  -11979, -1.22,  -12138, -2.47,     159,  0.03
 963,450.00,  -12077, -1.23,  -11886, -2.42,    -191, -0.04
 964,451.00,  -12394, -1.26,  -11885, -2.42,    -509, -0.10
 965,452.00,  -12385, -1.26,  -11573, -2.35,    -812, -0.17
 966,453.00,  -11738, -1.19,  -11116, -2.26,    -622, -0.13
 967,454.00,  -11235, -1.14,  -10906, -2.22,    -329, -0.07
 968,455.00,  -10251, -1.04,  -10332, -2.10,      81,  0.02
 969,456.00,   -8626, -0.88,   -9536, -1.94,     910,  0.19
 970,457.00,   -7829, -0.80,   -9165, -1.86,    1336,  0.27
 971,458.00,   -7404, -0.75,   -8654, -1.76,    1250,  0.25
 972,459.00,   -7248, -0.74,   -8491, -1.73,    1243,  0.25
 973,460.00,   -7713, -0.78,   -8444, -1.72,     731,  0.15
 974,461.00,   -8769, -0.89,   -8708, -1.77,     -61, -0.01
 975,462.00,   -9687, -0.99,   -9216, -1.88,    -471, -0.10
 976,463.00,  -10775, -1.10,   -9791, -1.99,    -984, -0.20
 977,464.00,  -11894, -1.21,  -10444, -2.12,   -1450, -0.30
 978,465.00,  -12647, -1.29,  -10650, -2.17,   -1997, -0.41
 979,466.00,  -12850, -1.31,  -10180, -2.07,   -2670, -0.54
 980,467.00,  -12324, -1.25,   -9249, -1.88,   -3075, -0.63
 981,468.00,  -11980, -1.22,   -8482, -1.73,   -3498, -0.71
 982,469.00,  -12021, -1.22,   -8244, -1.68,   -3777, -0.77
 983,470.00,  -12537, -1.28,   -8548, -1.74,   -3989, -0.81
 984,471.00,  -12915, -1.31,   -8725, -1.78,   -4190, -0.85
 985,472.00,  -13124, -1.34,   -8614, -1.75,   -4510, -0.92
 986,473.00,  -13049, -1.33,   -8238, -1.68,   -4811, -0.98
 987,474.00,  -13559, -1.38,   -8342, -1.70,   -5217, -1.06
 988,475.00,  -14571, -1.48,   -9001, -1.83,   -5570, -1.13
 989,476.00,  -16226, -1.65,   -9845, -2.00,   -6381, -1.30
 990,477.00,  -17123, -1.74,   -9849, -2.00,   -7274, -1.48
 991,478.00,  -17235, -1.75,   -9269, -1.89,   -7966, -1.62
 992,479.00,  -17804, -1.81,   -9274, -1.89,   -8530, -1.74
 993,480.00,  -18941, -1.93,   -9846, -2.00,   -9095, -1.85
 994,481.00,  -20862, -2.12,  -10908, -2.22,   -9954, -2.03
 995,482.00,  -22584, -2.30,  -11611, -2.36,  -10973, -2.23
 996,483.00,  -23824, -2.42,  -11820, -2.40,  -12004, -2.44
 997,484.00,  -24890, -2.53,  -11718, -2.38,  -13172, -2.68
 998,485.00,  -25682, -2.61,  -11372, -2.31,  -14310, -2.91
 999,486.00,  -26241, -2.67,  -11064, -2.25,  -15177, -3.09
1000,487.00,  -26923, -2.74,  -10985, -2.23,  -15938, -3.24
1001,488.00,  -27766, -2.82,  -11259, -2.29,  -16507, -3.36
1002,489.00,  -28104, -2.86,  -11336, -2.31,  -16768, -3.41
1003,490.00,  -28356, -2.88,  -11669, -2.37,  -16687, -3.40
1004,491.00,  -28483, -2.90,  -12272, -2.50,  -16211, -3.30
1005,492.00,  -29198, -2.97,  -12848, -2.61,  -16350, -3.33
1006,493.00,  -30271, -3.08,  -13105, -2.67,  -17166, -3.49
1007,494.00,  -30588, -3.11,  -13218, -2.69,  -17370, -3.53
1008,495.00,  -30964, -3.15,  -13801, -2.81,  -17163, -3.49
1009,496.00,  -31755, -3.23,  -14721, -3.00,  -17034, -3.47
1010,497.00,  -32326, -3.29,  -15315, -3.12,  -17011, -3.46
1011,498.00,  -32852, -3.34,  -15474, -3.15,  -17378, -3.54
1012,499.00,  -33137, -3.37,  -15281, -3.11,  -17856, -3.63
1013,500.00,  -33051, -3.36,  -15107, -3.07,  -17944, -3.65
1014,501.00,  -32148, -3.27,  -14560, -2.96,  -17588, -3.58
1015,502.00,  -30821, -3.14,  -13924, -2.83,  -16897, -3.44
1016,503.00,  -29483, -3.00,  -13445, -2.74,  -16038, -3.26
1017,504.00,  -29054, -2.96,  -13603, -2.77,  -15451, -3.14
1018,505.00,  -28504, -2.90,  -13472, -2.74,  -15032, -3.06
1019,506.00,  -27659, -2.81,  -13087, -2.66,  -14572, -2.96
1020,507.00,  -26775, -2.72,  -12650, -2.57,  -14125, -2.87
1021,508.00,  -25630, -2.61,  -12130, -2.47,  -13500, -2.75
1022,509.00,  -25928, -2.64,  -12192, -2.48,  -13736, -2.79
1023,510.00,  -26512, -2.70,  -12426, -2.53,  -14086, -2.87
1024,511.00,  -25780, -2.62,  -12197, -2.48,  -13583, -2.76
