-----------------------------------------------------------------------------------
Identifier:,IHS5922-20197502
File Name:,BARP70A.11
Ear:,R
Channel:,1
Intensity:,70 dB HL
Stim. Rate:,  1.10/s
Stim. Mode:,0
Sweeps:,173
Artifacts:,65
Smp. Period:,1000.00 us
Amp. Gain:, 50.00 K
Low Pass:, 30.00 Hz
High Pass:,  1.00 Hz
Notch Filter:,TRUE
Stimulus:,100
Stim. Freq.:,1000 Hz
Stim. Dur.:,2000 pnts
Masking:,0 dB SPL
Stim. Point:,513
-----------------------------------------------------------------------------------
Peak Information:,Label,Peak(+),Peak(+)(ms),Peak(-),Peak(-)(ms)
,20, 719,206.00, 788,275.00,
,19, 693,180.00, 718,205.00,
,18, 651,138.00, 669,156.00,
,17, 605,92.00, 651,138.00,
-----------------------------------------------------------------------------------


Data Pnt:,Data Pnt(ms):,Average:,Average(uV):,Buffer1:,Buffer1(uV):,Buffer2:,Buffer2(uV):
   1,-512.00,       0,  0.00,       0,  0.00,       0,  0.00
   2,-511.00,       0,  0.00,       0,  0.00,       0,  0.00
   3,-510.00,       0,  0.00,       0,  0.00,       0,  0.00
   4,-509.00,       0,  0.00,       0,  0.00,       0,  0.00
   5,-508.00,       0,  0.00,       0,  0.00,       0,  0.00
   6,-507.00,       0,  0.00,       0,  0.00,       0,  0.00
   7,-506.00,       0,  0.00,       0,  0.00,       0,  0.00
   8,-505.00,       0,  0.00,       0,  0.00,       0,  0.00
   9,-504.00,       0,  0.00,       0,  0.00,       0,  0.00
  10,-503.00,       0,  0.00,       0,  0.00,       0,  0.00
  11,-502.00,       0,  0.00,       0,  0.00,       0,  0.00
  12,-501.00,       0,  0.00,       0,  0.00,       0,  0.00
  13,-500.00,       0,  0.00,       0,  0.00,       0,  0.00
  14,-499.00,       0,  0.00,       0,  0.00,       0,  0.00
  15,-498.00,       0,  0.00,       0,  0.00,       0,  0.00
  16,-497.00,       0,  0.00,       0,  0.00,       0,  0.00
  17,-496.00,       0,  0.00,       0,  0.00,       0,  0.00
  18,-495.00,       0,  0.00,       0,  0.00,       0,  0.00
  19,-494.00,       0,  0.00,       0,  0.00,       0,  0.00
  20,-493.00,       0,  0.00,       0,  0.00,       0,  0.00
  21,-492.00,       0,  0.00,       0,  0.00,       0,  0.00
  22,-491.00,       0,  0.00,       0,  0.00,       0,  0.00
  23,-490.00,       0,  0.00,       0,  0.00,       0,  0.00
  24,-489.00,       0,  0.00,       0,  0.00,       0,  0.00
  25,-488.00,       0,  0.00,       0,  0.00,       0,  0.00
  26,-487.00,       0,  0.00,       0,  0.00,       0,  0.00
  27,-486.00,       0,  0.00,       0,  0.00,       0,  0.00
  28,-485.00,       0,  0.00,       0,  0.00,       0,  0.00
  29,-484.00,       0,  0.00,       0,  0.00,       0,  0.00
  30,-483.00,       0,  0.00,       0,  0.00,       0,  0.00
  31,-482.00,       0,  0.00,       0,  0.00,       0,  0.00
  32,-481.00,       0,  0.00,       0,  0.00,       0,  0.00
  33,-480.00,       0,  0.00,       0,  0.00,       0,  0.00
  34,-479.00,       0,  0.00,       0,  0.00,       0,  0.00
  35,-478.00,       0,  0.00,       0,  0.00,       0,  0.00
  36,-477.00,       0,  0.00,       0,  0.00,       0,  0.00
  37,-476.00,       0,  0.00,       0,  0.00,       0,  0.00
  38,-475.00,       0,  0.00,       0,  0.00,       0,  0.00
  39,-474.00,       0,  0.00,       0,  0.00,       0,  0.00
  40,-473.00,       0,  0.00,       0,  0.00,       0,  0.00
  41,-472.00,       0,  0.00,       0,  0.00,       0,  0.00
  42,-471.00,       0,  0.00,       0,  0.00,       0,  0.00
  43,-470.00,       0,  0.00,       0,  0.00,       0,  0.00
  44,-469.00,       0,  0.00,       0,  0.00,       0,  0.00
  45,-468.00,       0,  0.00,       0,  0.00,       0,  0.00
  46,-467.00,       0,  0.00,       0,  0.00,       0,  0.00
  47,-466.00,       0,  0.00,       0,  0.00,       0,  0.00
  48,-465.00,       0,  0.00,       0,  0.00,       0,  0.00
  49,-464.00,       0,  0.00,       0,  0.00,       0,  0.00
  50,-463.00,       0,  0.00,       0,  0.00,       0,  0.00
  51,-462.00,       0,  0.00,       0,  0.00,       0,  0.00
  52,-461.00,       0,  0.00,       0,  0.00,       0,  0.00
  53,-460.00,       0,  0.00,       0,  0.00,       0,  0.00
  54,-459.00,       0,  0.00,       0,  0.00,       0,  0.00
  55,-458.00,       0,  0.00,       0,  0.00,       0,  0.00
  56,-457.00,       0,  0.00,       0,  0.00,       0,  0.00
  57,-456.00,       0,  0.00,       0,  0.00,       0,  0.00
  58,-455.00,       0,  0.00,       0,  0.00,       0,  0.00
  59,-454.00,       0,  0.00,       0,  0.00,       0,  0.00
  60,-453.00,       0,  0.00,       0,  0.00,       0,  0.00
  61,-452.00,       0,  0.00,       0,  0.00,       0,  0.00
  62,-451.00,       0,  0.00,       0,  0.00,       0,  0.00
  63,-450.00,       0,  0.00,       0,  0.00,       0,  0.00
  64,-449.00,       0,  0.00,       0,  0.00,       0,  0.00
  65,-448.00,       0,  0.00,       0,  0.00,       0,  0.00
  66,-447.00,       0,  0.00,       0,  0.00,       0,  0.00
  67,-446.00,       0,  0.00,       0,  0.00,       0,  0.00
  68,-445.00,       0,  0.00,       0,  0.00,       0,  0.00
  69,-444.00,       0,  0.00,       0,  0.00,       0,  0.00
  70,-443.00,       0,  0.00,       0,  0.00,       0,  0.00
  71,-442.00,       0,  0.00,       0,  0.00,       0,  0.00
  72,-441.00,       0,  0.00,       0,  0.00,       0,  0.00
  73,-440.00,       0,  0.00,       0,  0.00,       0,  0.00
  74,-439.00,       0,  0.00,       0,  0.00,       0,  0.00
  75,-438.00,       0,  0.00,       0,  0.00,       0,  0.00
  76,-437.00,       0,  0.00,       0,  0.00,       0,  0.00
  77,-436.00,       0,  0.00,       0,  0.00,       0,  0.00
  78,-435.00,       0,  0.00,       0,  0.00,       0,  0.00
  79,-434.00,       0,  0.00,       0,  0.00,       0,  0.00
  80,-433.00,       0,  0.00,       0,  0.00,       0,  0.00
  81,-432.00,       0,  0.00,       0,  0.00,       0,  0.00
  82,-431.00,       0,  0.00,       0,  0.00,       0,  0.00
  83,-430.00,       0,  0.00,       0,  0.00,       0,  0.00
  84,-429.00,       0,  0.00,       0,  0.00,       0,  0.00
  85,-428.00,       0,  0.00,       0,  0.00,       0,  0.00
  86,-427.00,       0,  0.00,       0,  0.00,       0,  0.00
  87,-426.00,       0,  0.00,       0,  0.00,       0,  0.00
  88,-425.00,       0,  0.00,       0,  0.00,       0,  0.00
  89,-424.00,       0,  0.00,       0,  0.00,       0,  0.00
  90,-423.00,       0,  0.00,       0,  0.00,       0,  0.00
  91,-422.00,       0,  0.00,       0,  0.00,       0,  0.00
  92,-421.00,       0,  0.00,       0,  0.00,       0,  0.00
  93,-420.00,       0,  0.00,       0,  0.00,       0,  0.00
  94,-419.00,       0,  0.00,       0,  0.00,       0,  0.00
  95,-418.00,       0,  0.00,       0,  0.00,       0,  0.00
  96,-417.00,       0,  0.00,       0,  0.00,       0,  0.00
  97,-416.00,       0,  0.00,       0,  0.00,       0,  0.00
  98,-415.00,       0,  0.00,       0,  0.00,       0,  0.00
  99,-414.00,       0,  0.00,       0,  0.00,       0,  0.00
 100,-413.00,       0,  0.00,       0,  0.00,       0,  0.00
 101,-412.00,       0,  0.00,       0,  0.00,       0,  0.00
 102,-411.00,       0,  0.00,       0,  0.00,       0,  0.00
 103,-410.00,       0,  0.00,       0,  0.00,       0,  0.00
 104,-409.00,       0,  0.00,       0,  0.00,       0,  0.00
 105,-408.00,       0,  0.00,       0,  0.00,       0,  0.00
 106,-407.00,       0,  0.00,       0,  0.00,       0,  0.00
 107,-406.00,       0,  0.00,       0,  0.00,       0,  0.00
 108,-405.00,       0,  0.00,       0,  0.00,       0,  0.00
 109,-404.00,       0,  0.00,       0,  0.00,       0,  0.00
 110,-403.00,       0,  0.00,       0,  0.00,       0,  0.00
 111,-402.00,       0,  0.00,       0,  0.00,       0,  0.00
 112,-401.00,       0,  0.00,       0,  0.00,       0,  0.00
 113,-400.00,       0,  0.00,       0,  0.00,       0,  0.00
 114,-399.00,       0,  0.00,       0,  0.00,       0,  0.00
 115,-398.00,       0,  0.00,       0,  0.00,       0,  0.00
 116,-397.00,  100084,  3.53,   41500,  2.95,   58584,  4.16
 117,-396.00,  103809,  3.66,   42768,  3.04,   61041,  4.33
 118,-395.00,  108985,  3.85,   44196,  3.14,   64789,  4.60
 119,-394.00,  113393,  4.00,   45523,  3.23,   67870,  4.82
 120,-393.00,  116894,  4.12,   46323,  3.29,   70571,  5.01
 121,-392.00,  120058,  4.24,   46810,  3.32,   73248,  5.20
 122,-391.00,  121239,  4.28,   46925,  3.33,   74314,  5.27
 123,-390.00,  122235,  4.31,   46701,  3.31,   75534,  5.36
 124,-389.00,  123580,  4.36,   46295,  3.29,   77285,  5.49
 125,-388.00,  125350,  4.42,   45996,  3.26,   79354,  5.63
 126,-387.00,  127093,  4.48,   45581,  3.24,   81512,  5.79
 127,-386.00,  128942,  4.55,   44998,  3.19,   83944,  5.96
 128,-385.00,  131392,  4.64,   44942,  3.19,   86450,  6.14
 129,-384.00,  134125,  4.73,   44574,  3.16,   89551,  6.36
 130,-383.00,  136600,  4.82,   43838,  3.11,   92762,  6.58
 131,-382.00,  139532,  4.92,   43405,  3.08,   96127,  6.82
 132,-381.00,  142482,  5.03,   43641,  3.10,   98841,  7.02
 133,-380.00,  145246,  5.12,   43644,  3.10,  101602,  7.21
 134,-379.00,  148059,  5.22,   43814,  3.11,  104245,  7.40
 135,-378.00,  150695,  5.32,   44123,  3.13,  106572,  7.56
 136,-377.00,  153075,  5.40,   44357,  3.15,  108718,  7.72
 137,-376.00,  155644,  5.49,   45123,  3.20,  110521,  7.84
 138,-375.00,  159451,  5.63,   46748,  3.32,  112703,  8.00
 139,-374.00,  163490,  5.77,   48590,  3.45,  114900,  8.15
 140,-373.00,  167417,  5.91,   50037,  3.55,  117380,  8.33
 141,-372.00,  170854,  6.03,   51154,  3.63,  119700,  8.50
 142,-371.00,  173083,  6.11,   52697,  3.74,  120386,  8.54
 143,-370.00,  174590,  6.16,   55016,  3.90,  119574,  8.49
 144,-369.00,  176531,  6.23,   57202,  4.06,  119329,  8.47
 145,-368.00,  179202,  6.32,   59503,  4.22,  119699,  8.50
 146,-367.00,  182180,  6.43,   62107,  4.41,  120073,  8.52
 147,-366.00,  184022,  6.49,   64496,  4.58,  119526,  8.48
 148,-365.00,  184769,  6.52,   66447,  4.72,  118322,  8.40
 149,-364.00,  184315,  6.50,   67644,  4.80,  116671,  8.28
 150,-363.00,  183603,  6.48,   68852,  4.89,  114751,  8.14
 151,-362.00,  183189,  6.46,   69661,  4.94,  113528,  8.06
 152,-361.00,  181712,  6.41,   70130,  4.98,  111582,  7.92
 153,-360.00,  179042,  6.32,   70003,  4.97,  109039,  7.74
 154,-359.00,  176492,  6.23,   70000,  4.97,  106492,  7.56
 155,-358.00,  172838,  6.10,   69729,  4.95,  103109,  7.32
 156,-357.00,  169010,  5.96,   69268,  4.92,   99742,  7.08
 157,-356.00,  165005,  5.82,   68833,  4.89,   96172,  6.83
 158,-355.00,  160043,  5.65,   68335,  4.85,   91708,  6.51
 159,-354.00,  154838,  5.46,   67338,  4.78,   87500,  6.21
 160,-353.00,  150335,  5.30,   66813,  4.74,   83522,  5.93
 161,-352.00,  145630,  5.14,   66091,  4.69,   79539,  5.65
 162,-351.00,  140380,  4.95,   65389,  4.64,   74991,  5.32
 163,-350.00,  134911,  4.76,   65315,  4.64,   69596,  4.94
 164,-349.00,  129293,  4.56,   65842,  4.67,   63451,  4.50
 165,-348.00,  123461,  4.36,   66245,  4.70,   57216,  4.06
 166,-347.00,  118571,  4.18,   66955,  4.75,   51616,  3.66
 167,-346.00,  114147,  4.03,   67421,  4.79,   46726,  3.32
 168,-345.00,  111127,  3.92,   68240,  4.84,   42887,  3.04
 169,-344.00,  108109,  3.81,   68819,  4.88,   39290,  2.79
 170,-343.00,  103702,  3.66,   69229,  4.91,   34473,  2.45
 171,-342.00,   98826,  3.49,   69626,  4.94,   29200,  2.07
 172,-341.00,   95404,  3.37,   70077,  4.97,   25327,  1.80
 173,-340.00,   92146,  3.25,   70472,  5.00,   21674,  1.54
 174,-339.00,   89490,  3.16,   71020,  5.04,   18470,  1.31
 175,-338.00,   87331,  3.08,   71738,  5.09,   15593,  1.11
 176,-337.00,   84233,  2.97,   71745,  5.09,   12488,  0.89
 177,-336.00,   81195,  2.86,   71711,  5.09,    9484,  0.67
 178,-335.00,   78255,  2.76,   71705,  5.09,    6550,  0.46
 179,-334.00,   76009,  2.68,   71983,  5.11,    4026,  0.29
 180,-333.00,   74740,  2.64,   72055,  5.11,    2685,  0.19
 181,-332.00,   72344,  2.55,   71508,  5.08,     836,  0.06
 182,-331.00,   69519,  2.45,   71012,  5.04,   -1493, -0.11
 183,-330.00,   67271,  2.37,   70989,  5.04,   -3718, -0.26
 184,-329.00,   64843,  2.29,   71169,  5.05,   -6326, -0.45
 185,-328.00,   62516,  2.21,   71361,  5.06,   -8845, -0.63
 186,-327.00,   60175,  2.12,   71242,  5.06,  -11067, -0.79
 187,-326.00,   57182,  2.02,   70570,  5.01,  -13388, -0.95
 188,-325.00,   52249,  1.84,   68776,  4.88,  -16527, -1.17
 189,-324.00,   46886,  1.65,   66862,  4.75,  -19976, -1.42
 190,-323.00,   41064,  1.45,   64980,  4.61,  -23916, -1.70
 191,-322.00,   36423,  1.29,   63409,  4.50,  -26986, -1.92
 192,-321.00,   31830,  1.12,   62257,  4.42,  -30427, -2.16
 193,-320.00,   27089,  0.96,   60469,  4.29,  -33380, -2.37
 194,-319.00,   21772,  0.77,   58301,  4.14,  -36529, -2.59
 195,-318.00,   16542,  0.58,   55806,  3.96,  -39264, -2.79
 196,-317.00,   12396,  0.44,   53428,  3.79,  -41032, -2.91
 197,-316.00,    8203,  0.29,   51070,  3.62,  -42867, -3.04
 198,-315.00,    3669,  0.13,   48382,  3.43,  -44713, -3.17
 199,-314.00,     265,  0.00,   46366,  3.29,  -46101, -3.27
 200,-313.00,   -3358, -0.12,   44362,  3.15,  -47720, -3.39
 201,-312.00,   -5667, -0.20,   42698,  3.03,  -48365, -3.43
 202,-311.00,   -7873, -0.28,   40964,  2.91,  -48837, -3.47
 203,-310.00,   -9991, -0.35,   39635,  2.81,  -49626, -3.52
 204,-309.00,  -12363, -0.44,   38008,  2.70,  -50371, -3.57
 205,-308.00,  -13815, -0.49,   37192,  2.64,  -51007, -3.62
 206,-307.00,  -15360, -0.54,   36221,  2.57,  -51581, -3.66
 207,-306.00,  -17650, -0.62,   34681,  2.46,  -52331, -3.71
 208,-305.00,  -20713, -0.73,   32604,  2.31,  -53317, -3.78
 209,-304.00,  -23763, -0.84,   29984,  2.13,  -53747, -3.81
 210,-303.00,  -26948, -0.95,   27302,  1.94,  -54250, -3.85
 211,-302.00,  -29723, -1.05,   24685,  1.75,  -54408, -3.86
 212,-301.00,  -32259, -1.14,   22278,  1.58,  -54537, -3.87
 213,-300.00,  -34865, -1.23,   19742,  1.40,  -54607, -3.88
 214,-299.00,  -36389, -1.28,   17434,  1.24,  -53823, -3.82
 215,-298.00,  -38529, -1.36,   14675,  1.04,  -53204, -3.78
 216,-297.00,  -40712, -1.44,   11939,  0.85,  -52651, -3.74
 217,-296.00,  -43704, -1.54,    9394,  0.67,  -53098, -3.77
 218,-295.00,  -45930, -1.62,    6917,  0.49,  -52847, -3.75
 219,-294.00,  -47774, -1.69,    4391,  0.31,  -52165, -3.70
 220,-293.00,  -48440, -1.71,    2892,  0.21,  -51332, -3.64
 221,-292.00,  -48902, -1.73,    1065,  0.08,  -49967, -3.55
 222,-291.00,  -50685, -1.79,   -1005, -0.07,  -49680, -3.53
 223,-290.00,  -52799, -1.86,   -3388, -0.24,  -49411, -3.51
 224,-289.00,  -53608, -1.89,   -5677, -0.40,  -47931, -3.40
 225,-288.00,  -54066, -1.91,   -8429, -0.60,  -45637, -3.24
 226,-287.00,  -53804, -1.90,  -10899, -0.77,  -42905, -3.05
 227,-286.00,  -54628, -1.93,  -13404, -0.95,  -41224, -2.93
 228,-285.00,  -54859, -1.94,  -15776, -1.12,  -39083, -2.77
 229,-284.00,  -54477, -1.92,  -17595, -1.25,  -36882, -2.62
 230,-283.00,  -55288, -1.95,  -19732, -1.40,  -35556, -2.52
 231,-282.00,  -55878, -1.97,  -21646, -1.54,  -34232, -2.43
 232,-281.00,  -55046, -1.94,  -22809, -1.62,  -32237, -2.29
 233,-280.00,  -54418, -1.92,  -23788, -1.69,  -30630, -2.17
 234,-279.00,  -52285, -1.84,  -24446, -1.74,  -27839, -1.98
 235,-278.00,  -50004, -1.76,  -25022, -1.78,  -24982, -1.77
 236,-277.00,  -47807, -1.69,  -25460, -1.81,  -22347, -1.59
 237,-276.00,  -45507, -1.61,  -25755, -1.83,  -19752, -1.40
 238,-275.00,  -43126, -1.52,  -25754, -1.83,  -17372, -1.23
 239,-274.00,  -41276, -1.46,  -25888, -1.84,  -15388, -1.09
 240,-273.00,  -40015, -1.41,  -25999, -1.85,  -14016, -0.99
 241,-272.00,  -39459, -1.39,  -26200, -1.86,  -13259, -0.94
 242,-271.00,  -39184, -1.38,  -26587, -1.89,  -12597, -0.89
 243,-270.00,  -38292, -1.35,  -26704, -1.90,  -11588, -0.82
 244,-269.00,  -37819, -1.33,  -26573, -1.89,  -11246, -0.80
 245,-268.00,  -38198, -1.35,  -26721, -1.90,  -11477, -0.81
 246,-267.00,  -38499, -1.36,  -26812, -1.90,  -11687, -0.83
 247,-266.00,  -38387, -1.35,  -26955, -1.91,  -11432, -0.81
 248,-265.00,  -38778, -1.37,  -27365, -1.94,  -11413, -0.81
 249,-264.00,  -38192, -1.35,  -27977, -1.99,  -10215, -0.72
 250,-263.00,  -38144, -1.35,  -29050, -2.06,   -9094, -0.65
 251,-262.00,  -39201, -1.38,  -30562, -2.17,   -8639, -0.61
 252,-261.00,  -40262, -1.42,  -31984, -2.27,   -8278, -0.59
 253,-260.00,  -40749, -1.44,  -33097, -2.35,   -7652, -0.54
 254,-259.00,  -41469, -1.46,  -34758, -2.47,   -6711, -0.48
 255,-258.00,  -42205, -1.49,  -36354, -2.58,   -5851, -0.42
 256,-257.00,  -42176, -1.49,  -37371, -2.65,   -4805, -0.34
 257,-256.00,  -41847, -1.48,  -38105, -2.70,   -3742, -0.27
 258,-255.00,  -42451, -1.50,  -39219, -2.78,   -3232, -0.23
 259,-254.00,  -44696, -1.58,  -40720, -2.89,   -3976, -0.28
 260,-253.00,  -46779, -1.65,  -41915, -2.97,   -4864, -0.35
 261,-252.00,  -49253, -1.74,  -43191, -3.07,   -6062, -0.43
 262,-251.00,  -50123, -1.77,  -43315, -3.07,   -6808, -0.48
 263,-250.00,  -50734, -1.79,  -43310, -3.07,   -7424, -0.53
 264,-249.00,  -50893, -1.80,  -43274, -3.07,   -7619, -0.54
 265,-248.00,  -50814, -1.79,  -43018, -3.05,   -7796, -0.55
 266,-247.00,  -51186, -1.81,  -42157, -2.99,   -9029, -0.64
 267,-246.00,  -50519, -1.78,  -40696, -2.89,   -9823, -0.70
 268,-245.00,  -48779, -1.72,  -38781, -2.75,   -9998, -0.71
 269,-244.00,  -47134, -1.66,  -36750, -2.61,  -10384, -0.74
 270,-243.00,  -44756, -1.58,  -34859, -2.47,   -9897, -0.70
 271,-242.00,  -43639, -1.54,  -33282, -2.36,  -10357, -0.74
 272,-241.00,  -42815, -1.51,  -31486, -2.23,  -11329, -0.80
 273,-240.00,  -41003, -1.45,  -29092, -2.06,  -11911, -0.85
 274,-239.00,  -39019, -1.38,  -26631, -1.89,  -12388, -0.88
 275,-238.00,  -36233, -1.28,  -23776, -1.69,  -12457, -0.88
 276,-237.00,  -32834, -1.16,  -21137, -1.50,  -11697, -0.83
 277,-236.00,  -29101, -1.03,  -18745, -1.33,  -10356, -0.73
 278,-235.00,  -25449, -0.90,  -16303, -1.16,   -9146, -0.65
 279,-234.00,  -21627, -0.76,  -13765, -0.98,   -7862, -0.56
 280,-233.00,  -17847, -0.63,  -11153, -0.79,   -6694, -0.48
 281,-232.00,  -14914, -0.53,   -8708, -0.62,   -6206, -0.44
 282,-231.00,  -12253, -0.43,   -6252, -0.44,   -6001, -0.43
 283,-230.00,   -9451, -0.33,   -3770, -0.27,   -5681, -0.40
 284,-229.00,   -6527, -0.23,   -1048, -0.07,   -5479, -0.39
 285,-228.00,   -3093, -0.11,    1402,  0.10,   -4495, -0.32
 286,-227.00,    -941, -0.03,    3305,  0.23,   -4246, -0.30
 287,-226.00,     691,  0.02,    4928,  0.35,   -4237, -0.30
 288,-225.00,    1144,  0.04,    6033,  0.43,   -4889, -0.35
 289,-224.00,    2000,  0.07,    7391,  0.52,   -5391, -0.38
 290,-223.00,    3097,  0.11,    8626,  0.61,   -5529, -0.39
 291,-222.00,    4415,  0.16,   10023,  0.71,   -5608, -0.40
 292,-221.00,    6138,  0.22,   11488,  0.82,   -5350, -0.38
 293,-220.00,    7819,  0.28,   12694,  0.90,   -4875, -0.35
 294,-219.00,    8505,  0.30,   13363,  0.95,   -4858, -0.34
 295,-218.00,    9214,  0.33,   14045,  1.00,   -4831, -0.34
 296,-217.00,   10109,  0.36,   14633,  1.04,   -4524, -0.32
 297,-216.00,   11807,  0.42,   15166,  1.08,   -3359, -0.24
 298,-215.00,   13745,  0.48,   15409,  1.09,   -1664, -0.12
 299,-214.00,   16037,  0.57,   15942,  1.13,      95,  0.00
 300,-213.00,   17932,  0.63,   16298,  1.16,    1634,  0.12
 301,-212.00,   18881,  0.67,   16355,  1.16,    2526,  0.18
 302,-211.00,   20384,  0.72,   15887,  1.13,    4497,  0.32
 303,-210.00,   22181,  0.78,   15414,  1.09,    6767,  0.48
 304,-209.00,   23903,  0.84,   14905,  1.06,    8998,  0.64
 305,-208.00,   25490,  0.90,   14544,  1.03,   10946,  0.78
 306,-207.00,   26610,  0.94,   14349,  1.02,   12261,  0.87
 307,-206.00,   28596,  1.01,   14448,  1.03,   14148,  1.00
 308,-205.00,   29413,  1.04,   13838,  0.98,   15575,  1.11
 309,-204.00,   29853,  1.05,   13438,  0.95,   16415,  1.17
 310,-203.00,   29809,  1.05,   12516,  0.89,   17293,  1.23
 311,-202.00,   30243,  1.07,   11321,  0.80,   18922,  1.34
 312,-201.00,   30725,  1.08,   10212,  0.72,   20513,  1.46
 313,-200.00,   29814,  1.05,    8612,  0.61,   21202,  1.50
 314,-199.00,   27683,  0.98,    6912,  0.49,   20771,  1.47
 315,-198.00,   25566,  0.90,    5314,  0.38,   20252,  1.44
 316,-197.00,   23605,  0.83,    3885,  0.28,   19720,  1.40
 317,-196.00,   21817,  0.77,    2294,  0.16,   19523,  1.39
 318,-195.00,   20232,  0.71,     878,  0.06,   19354,  1.37
 319,-194.00,   18519,  0.65,    -605, -0.04,   19124,  1.36
 320,-193.00,   16127,  0.57,   -1929, -0.14,   18056,  1.28
 321,-192.00,   13399,  0.47,   -3298, -0.23,   16697,  1.19
 322,-191.00,   11287,  0.40,   -4854, -0.34,   16141,  1.15
 323,-190.00,    9054,  0.32,   -6166, -0.44,   15220,  1.08
 324,-189.00,    6733,  0.24,   -7826, -0.56,   14559,  1.03
 325,-188.00,    4727,  0.17,   -9035, -0.64,   13762,  0.98
 326,-187.00,    1829,  0.06,  -10416, -0.74,   12245,  0.87
 327,-186.00,   -1199, -0.04,  -11741, -0.83,   10542,  0.75
 328,-185.00,   -4660, -0.16,  -13307, -0.94,    8647,  0.61
 329,-184.00,   -7410, -0.26,  -14713, -1.04,    7303,  0.52
 330,-183.00,   -8641, -0.30,  -15794, -1.12,    7153,  0.51
 331,-182.00,   -9965, -0.35,  -16711, -1.19,    6746,  0.48
 332,-181.00,  -10319, -0.36,  -16830, -1.19,    6511,  0.46
 333,-180.00,  -10113, -0.36,  -16913, -1.20,    6800,  0.48
 334,-179.00,  -10080, -0.36,  -16855, -1.20,    6775,  0.48
 335,-178.00,   -9743, -0.34,  -16523, -1.17,    6780,  0.48
 336,-177.00,  -10243, -0.36,  -16932, -1.20,    6689,  0.47
 337,-176.00,  -10461, -0.37,  -17194, -1.22,    6733,  0.48
 338,-175.00,  -10067, -0.36,  -17250, -1.22,    7183,  0.51
 339,-174.00,  -10280, -0.36,  -17596, -1.25,    7316,  0.52
 340,-173.00,  -11057, -0.39,  -18103, -1.28,    7046,  0.50
 341,-172.00,  -11887, -0.42,  -18519, -1.31,    6632,  0.47
 342,-171.00,  -13376, -0.47,  -19295, -1.37,    5919,  0.42
 343,-170.00,  -14873, -0.52,  -20342, -1.44,    5469,  0.39
 344,-169.00,  -15683, -0.55,  -21511, -1.53,    5828,  0.41
 345,-168.00,  -16261, -0.57,  -22492, -1.60,    6231,  0.44
 346,-167.00,  -16369, -0.58,  -23582, -1.67,    7213,  0.51
 347,-166.00,  -17242, -0.61,  -24660, -1.75,    7418,  0.53
 348,-165.00,  -17994, -0.63,  -25600, -1.82,    7606,  0.54
 349,-164.00,  -18090, -0.64,  -26036, -1.85,    7946,  0.56
 350,-163.00,  -18579, -0.66,  -26228, -1.86,    7649,  0.54
 351,-162.00,  -19771, -0.70,  -26934, -1.91,    7163,  0.51
 352,-161.00,  -19893, -0.70,  -27337, -1.94,    7444,  0.53
 353,-160.00,  -19879, -0.70,  -27713, -1.97,    7834,  0.56
 354,-159.00,  -19400, -0.68,  -28041, -1.99,    8641,  0.61
 355,-158.00,  -19101, -0.67,  -27940, -1.98,    8839,  0.63
 356,-157.00,  -18687, -0.66,  -27644, -1.96,    8957,  0.64
 357,-156.00,  -18514, -0.65,  -27319, -1.94,    8805,  0.62
 358,-155.00,  -18650, -0.66,  -27175, -1.93,    8525,  0.61
 359,-154.00,  -18871, -0.67,  -26890, -1.91,    8019,  0.57
 360,-153.00,  -19556, -0.69,  -26288, -1.87,    6732,  0.48
 361,-152.00,  -19921, -0.70,  -25392, -1.80,    5471,  0.39
 362,-151.00,  -20787, -0.73,  -24601, -1.75,    3814,  0.27
 363,-150.00,  -20969, -0.74,  -23182, -1.65,    2213,  0.16
 364,-149.00,  -21123, -0.75,  -22011, -1.56,     888,  0.06
 365,-148.00,  -20580, -0.73,  -20585, -1.46,       5,  0.00
 366,-147.00,  -20297, -0.72,  -19046, -1.35,   -1251, -0.09
 367,-146.00,  -19175, -0.68,  -16974, -1.20,   -2201, -0.16
 368,-145.00,  -17693, -0.62,  -14849, -1.05,   -2844, -0.20
 369,-144.00,  -15955, -0.56,  -12657, -0.90,   -3298, -0.23
 370,-143.00,  -14527, -0.51,  -10532, -0.75,   -3995, -0.28
 371,-142.00,  -13728, -0.48,   -8708, -0.62,   -5020, -0.36
 372,-141.00,  -13058, -0.46,   -7067, -0.50,   -5991, -0.43
 373,-140.00,  -12084, -0.43,   -5302, -0.38,   -6782, -0.48
 374,-139.00,  -10835, -0.38,   -3199, -0.23,   -7636, -0.54
 375,-138.00,   -8946, -0.32,    -487, -0.03,   -8459, -0.60
 376,-137.00,   -7273, -0.26,    1807,  0.13,   -9080, -0.64
 377,-136.00,   -6044, -0.21,    3956,  0.28,  -10000, -0.71
 378,-135.00,   -5130, -0.18,    6143,  0.44,  -11273, -0.80
 379,-134.00,   -3714, -0.13,    8300,  0.59,  -12014, -0.85
 380,-133.00,    -987, -0.03,   11144,  0.79,  -12131, -0.86
 381,-132.00,     921,  0.03,   14174,  1.01,  -13253, -0.94
 382,-131.00,    2648,  0.09,   17349,  1.23,  -14701, -1.04
 383,-130.00,    4261,  0.15,   20261,  1.44,  -16000, -1.14
 384,-129.00,    6330,  0.22,   23005,  1.63,  -16675, -1.18
 385,-128.00,    8529,  0.30,   25706,  1.82,  -17177, -1.22
 386,-127.00,   11704,  0.41,   28953,  2.05,  -17249, -1.22
 387,-126.00,   14501,  0.51,   32195,  2.28,  -17694, -1.26
 388,-125.00,   16815,  0.59,   34789,  2.47,  -17974, -1.28
 389,-124.00,   19384,  0.68,   37501,  2.66,  -18117, -1.29
 390,-123.00,   21829,  0.77,   39775,  2.82,  -17946, -1.27
 391,-122.00,   23813,  0.84,   41415,  2.94,  -17602, -1.25
 392,-121.00,   25825,  0.91,   43171,  3.06,  -17346, -1.23
 393,-120.00,   27598,  0.97,   44979,  3.19,  -17381, -1.23
 394,-119.00,   27658,  0.98,   46132,  3.27,  -18474, -1.31
 395,-118.00,   27068,  0.96,   46271,  3.28,  -19203, -1.36
 396,-117.00,   26393,  0.93,   46050,  3.27,  -19657, -1.40
 397,-116.00,   25796,  0.91,   45549,  3.23,  -19753, -1.40
 398,-115.00,   25965,  0.92,   45255,  3.21,  -19290, -1.37
 399,-114.00,   25712,  0.91,   44908,  3.19,  -19196, -1.36
 400,-113.00,   24773,  0.87,   43865,  3.11,  -19092, -1.36
 401,-112.00,   23466,  0.83,   42510,  3.02,  -19044, -1.35
 402,-111.00,   22037,  0.78,   41300,  2.93,  -19263, -1.37
 403,-110.00,   20618,  0.73,   40361,  2.86,  -19743, -1.40
 404,-109.00,   18925,  0.67,   38882,  2.76,  -19957, -1.42
 405,-108.00,   17244,  0.61,   37545,  2.66,  -20301, -1.44
 406,-107.00,   15634,  0.55,   36447,  2.59,  -20813, -1.48
 407,-106.00,   14126,  0.50,   35242,  2.50,  -21116, -1.50
 408,-105.00,   12749,  0.45,   33589,  2.38,  -20840, -1.48
 409,-104.00,   11197,  0.40,   31592,  2.24,  -20395, -1.45
 410,-103.00,    8500,  0.30,   28962,  2.06,  -20462, -1.45
 411,-102.00,    5692,  0.20,   26488,  1.88,  -20796, -1.48
 412,-101.00,    3480,  0.12,   24156,  1.71,  -20676, -1.47
 413,-100.00,    1282,  0.05,   21842,  1.55,  -20560, -1.46
 414,-99.00,    -661, -0.02,   19769,  1.40,  -20430, -1.45
 415,-98.00,   -3008, -0.11,   17245,  1.22,  -20253, -1.44
 416,-97.00,   -5185, -0.18,   14788,  1.05,  -19973, -1.42
 417,-96.00,   -6674, -0.24,   12812,  0.91,  -19486, -1.38
 418,-95.00,   -8542, -0.30,   10329,  0.73,  -18871, -1.34
 419,-94.00,  -10871, -0.38,    7682,  0.55,  -18553, -1.32
 420,-93.00,  -13349, -0.47,    4968,  0.35,  -18317, -1.30
 421,-92.00,  -15983, -0.56,    1722,  0.12,  -17705, -1.26
 422,-91.00,  -18227, -0.64,   -1397, -0.10,  -16830, -1.19
 423,-90.00,  -20540, -0.72,   -4626, -0.33,  -15914, -1.13
 424,-89.00,  -22777, -0.80,   -8051, -0.57,  -14726, -1.05
 425,-88.00,  -25118, -0.89,  -11695, -0.83,  -13423, -0.95
 426,-87.00,  -27541, -0.97,  -15306, -1.09,  -12235, -0.87
 427,-86.00,  -29890, -1.05,  -18671, -1.33,  -11219, -0.80
 428,-85.00,  -32487, -1.15,  -22381, -1.59,  -10106, -0.72
 429,-84.00,  -34600, -1.22,  -26160, -1.86,   -8440, -0.60
 430,-83.00,  -36426, -1.29,  -29921, -2.12,   -6505, -0.46
 431,-82.00,  -39084, -1.38,  -33891, -2.41,   -5193, -0.37
 432,-81.00,  -41951, -1.48,  -38048, -2.70,   -3903, -0.28
 433,-80.00,  -44585, -1.57,  -42277, -3.00,   -2308, -0.16
 434,-79.00,  -46966, -1.66,  -46358, -3.29,    -608, -0.04
 435,-78.00,  -49018, -1.73,  -49982, -3.55,     964,  0.07
 436,-77.00,  -52169, -1.84,  -54139, -3.84,    1970,  0.14
 437,-76.00,  -55541, -1.96,  -58382, -4.14,    2841,  0.20
 438,-75.00,  -58770, -2.07,  -62459, -4.43,    3689,  0.26
 439,-74.00,  -62210, -2.19,  -66693, -4.73,    4483,  0.32
 440,-73.00,  -64433, -2.27,  -70035, -4.97,    5602,  0.40
 441,-72.00,  -66378, -2.34,  -72841, -5.17,    6463,  0.46
 442,-71.00,  -68768, -2.43,  -75926, -5.39,    7158,  0.51
 443,-70.00,  -72123, -2.54,  -79548, -5.65,    7425,  0.53
 444,-69.00,  -75978, -2.68,  -83661, -5.94,    7683,  0.55
 445,-68.00,  -78845, -2.78,  -87341, -6.20,    8496,  0.60
 446,-67.00,  -81638, -2.88,  -90497, -6.42,    8859,  0.63
 447,-66.00,  -84369, -2.98,  -93728, -6.65,    9359,  0.66
 448,-65.00,  -86223, -3.04,  -96213, -6.83,    9990,  0.71
 449,-64.00,  -87579, -3.09,  -98040, -6.96,   10461,  0.74
 450,-63.00,  -89763, -3.17, -100036, -7.10,   10273,  0.73
 451,-62.00,  -91510, -3.23, -101739, -7.22,   10229,  0.73
 452,-61.00,  -92044, -3.25, -102509, -7.28,   10465,  0.74
 453,-60.00,  -93173, -3.29, -103582, -7.35,   10409,  0.74
 454,-59.00,  -94899, -3.35, -105159, -7.46,   10260,  0.73
 455,-58.00,  -96613, -3.41, -106850, -7.58,   10237,  0.73
 456,-57.00,  -98556, -3.48, -108805, -7.72,   10249,  0.73
 457,-56.00, -100736, -3.55, -110386, -7.83,    9650,  0.68
 458,-55.00, -102869, -3.63, -112047, -7.95,    9178,  0.65
 459,-54.00, -103594, -3.65, -112767, -8.00,    9173,  0.65
 460,-53.00, -104067, -3.67, -112784, -8.00,    8717,  0.62
 461,-52.00, -104852, -3.70, -112634, -7.99,    7782,  0.55
 462,-51.00, -105060, -3.71, -112015, -7.95,    6955,  0.49
 463,-50.00, -104898, -3.70, -111497, -7.91,    6599,  0.47
 464,-49.00, -104825, -3.70, -111086, -7.88,    6261,  0.44
 465,-48.00, -103962, -3.67, -110229, -7.82,    6267,  0.44
 466,-47.00, -102200, -3.61, -108566, -7.71,    6366,  0.45
 467,-46.00, -100284, -3.54, -106685, -7.57,    6401,  0.45
 468,-45.00,  -98577, -3.48, -104388, -7.41,    5811,  0.41
 469,-44.00,  -96628, -3.41, -102459, -7.27,    5831,  0.41
 470,-43.00,  -94908, -3.35, -100545, -7.14,    5637,  0.40
 471,-42.00,  -92956, -3.28,  -98180, -6.97,    5224,  0.37
 472,-41.00,  -90048, -3.18,  -95132, -6.75,    5084,  0.36
 473,-40.00,  -86668, -3.06,  -91540, -6.50,    4872,  0.35
 474,-39.00,  -83429, -2.94,  -88054, -6.25,    4625,  0.33
 475,-38.00,  -79692, -2.81,  -84061, -5.97,    4369,  0.31
 476,-37.00,  -76432, -2.70,  -80037, -5.68,    3605,  0.26
 477,-36.00,  -73673, -2.60,  -75898, -5.39,    2225,  0.16
 478,-35.00,  -70819, -2.50,  -71465, -5.07,     646,  0.05
 479,-34.00,  -67839, -2.39,  -67329, -4.78,    -510, -0.04
 480,-33.00,  -64695, -2.28,  -63062, -4.48,   -1633, -0.12
 481,-32.00,  -60803, -2.15,  -58801, -4.17,   -2002, -0.14
 482,-31.00,  -56814, -2.00,  -54380, -3.86,   -2434, -0.17
 483,-30.00,  -54308, -1.92,  -50550, -3.59,   -3758, -0.27
 484,-29.00,  -50564, -1.78,  -45664, -3.24,   -4900, -0.35
 485,-28.00,  -46147, -1.63,  -40561, -2.88,   -5586, -0.40
 486,-27.00,  -42564, -1.50,  -36548, -2.59,   -6016, -0.43
 487,-26.00,  -39260, -1.39,  -32789, -2.33,   -6471, -0.46
 488,-25.00,  -36356, -1.28,  -29447, -2.09,   -6909, -0.49
 489,-24.00,  -33373, -1.18,  -25541, -1.81,   -7832, -0.56
 490,-23.00,  -30387, -1.07,  -21719, -1.54,   -8668, -0.62
 491,-22.00,  -27178, -0.96,  -17965, -1.28,   -9213, -0.65
 492,-21.00,  -24705, -0.87,  -14895, -1.06,   -9810, -0.70
 493,-20.00,  -23267, -0.82,  -12227, -0.87,  -11040, -0.78
 494,-19.00,  -22994, -0.81,  -10081, -0.72,  -12913, -0.92
 495,-18.00,  -22369, -0.79,   -7726, -0.55,  -14643, -1.04
 496,-17.00,  -21354, -0.75,   -5440, -0.39,  -15914, -1.13
 497,-16.00,  -19795, -0.70,   -2698, -0.19,  -17097, -1.21
 498,-15.00,  -18046, -0.64,     371,  0.03,  -18417, -1.31
 499,-14.00,  -16400, -0.58,    3368,  0.24,  -19768, -1.40
 500,-13.00,  -14310, -0.50,    6761,  0.48,  -21071, -1.50
 501,-12.00,  -12381, -0.44,   10459,  0.74,  -22840, -1.62
 502,-11.00,  -11027, -0.39,   13930,  0.99,  -24957, -1.77
 503,-10.00,   -9723, -0.34,   17412,  1.24,  -27135, -1.93
 504,-9.00,   -8438, -0.30,   20350,  1.44,  -28788, -2.04
 505,-8.00,   -7203, -0.25,   23090,  1.64,  -30293, -2.15
 506,-7.00,   -6758, -0.24,   25513,  1.81,  -32271, -2.29
 507,-6.00,   -5590, -0.20,   28585,  2.03,  -34175, -2.43
 508,-5.00,   -3938, -0.14,   31962,  2.27,  -35900, -2.55
 509,-4.00,   -2943, -0.10,   34788,  2.47,  -37731, -2.68
 510,-3.00,   -2017, -0.07,   37330,  2.65,  -39347, -2.79
 511,-2.00,   -1353, -0.05,   39761,  2.82,  -41114, -2.92
 512,-1.00,   -1176, -0.04,   41729,  2.96,  -42905, -3.05
 513,0.00,   -1166, -0.04,   43304,  3.07,  -44470, -3.16
 514,1.00,    -925, -0.03,   44889,  3.19,  -45814, -3.25
 515,2.00,     213,  0.00,   46852,  3.33,  -46639, -3.31
 516,3.00,    1437,  0.05,   49034,  3.48,  -47597, -3.38
 517,4.00,    2171,  0.08,   50656,  3.60,  -48485, -3.44
 518,5.00,    2303,  0.08,   51675,  3.67,  -49372, -3.50
 519,6.00,    3063,  0.11,   53099,  3.77,  -50036, -3.55
 520,7.00,    3704,  0.13,   54671,  3.88,  -50967, -3.62
 521,8.00,    4830,  0.17,   56159,  3.99,  -51329, -3.64
 522,9.00,    4726,  0.17,   56938,  4.04,  -52212, -3.71
 523,10.00,    3508,  0.12,   57278,  4.07,  -53770, -3.82
 524,11.00,    1926,  0.07,   57050,  4.05,  -55124, -3.91
 525,12.00,     854,  0.03,   56892,  4.04,  -56038, -3.98
 526,13.00,    -531, -0.02,   55980,  3.97,  -56511, -4.01
 527,14.00,   -2328, -0.08,   54811,  3.89,  -57139, -4.06
 528,15.00,   -3915, -0.14,   54140,  3.84,  -58055, -4.12
 529,16.00,   -5274, -0.19,   53030,  3.76,  -58304, -4.14
 530,17.00,   -7383, -0.26,   51116,  3.63,  -58499, -4.15
 531,18.00,  -10239, -0.36,   48691,  3.46,  -58930, -4.18
 532,19.00,  -12797, -0.45,   45998,  3.26,  -58795, -4.17
 533,20.00,  -14632, -0.52,   43677,  3.10,  -58309, -4.14
 534,21.00,  -15860, -0.56,   42096,  2.99,  -57956, -4.11
 535,22.00,  -17425, -0.61,   40009,  2.84,  -57434, -4.08
 536,23.00,  -18718, -0.66,   37641,  2.67,  -56359, -4.00
 537,24.00,  -19967, -0.70,   35092,  2.49,  -55059, -3.91
 538,25.00,  -20824, -0.73,   32674,  2.32,  -53498, -3.80
 539,26.00,  -21983, -0.78,   29770,  2.11,  -51753, -3.67
 540,27.00,  -23260, -0.82,   26764,  1.90,  -50024, -3.55
 541,28.00,  -24898, -0.88,   23354,  1.66,  -48252, -3.42
 542,29.00,  -26497, -0.93,   20119,  1.43,  -46616, -3.31
 543,30.00,  -28294, -1.00,   17200,  1.22,  -45494, -3.23
 544,31.00,  -30206, -1.07,   14218,  1.01,  -44424, -3.15
 545,32.00,  -31879, -1.12,   11024,  0.78,  -42903, -3.04
 546,33.00,  -32062, -1.13,    8398,  0.60,  -40460, -2.87
 547,34.00,  -33610, -1.19,    5592,  0.40,  -39202, -2.78
 548,35.00,  -35280, -1.24,    3092,  0.22,  -38372, -2.72
 549,36.00,  -37114, -1.31,     186,  0.01,  -37300, -2.65
 550,37.00,  -38928, -1.37,   -2541, -0.18,  -36387, -2.58
 551,38.00,  -40607, -1.43,   -5564, -0.39,  -35043, -2.49
 552,39.00,  -41465, -1.46,   -8614, -0.61,  -32851, -2.33
 553,40.00,  -42264, -1.49,  -11579, -0.82,  -30685, -2.18
 554,41.00,  -42781, -1.51,  -14015, -0.99,  -28766, -2.04
 555,42.00,  -42444, -1.50,  -16164, -1.15,  -26280, -1.87
 556,43.00,  -42036, -1.48,  -18258, -1.30,  -23778, -1.69
 557,44.00,  -42889, -1.51,  -20703, -1.47,  -22186, -1.57
 558,45.00,  -42442, -1.50,  -22448, -1.59,  -19994, -1.42
 559,46.00,  -41834, -1.48,  -24281, -1.72,  -17553, -1.25
 560,47.00,  -41743, -1.47,  -25795, -1.83,  -15948, -1.13
 561,48.00,  -41749, -1.47,  -27519, -1.95,  -14230, -1.01
 562,49.00,  -41305, -1.46,  -29279, -2.08,  -12026, -0.85
 563,50.00,  -38992, -1.38,  -30087, -2.14,   -8905, -0.63
 564,51.00,  -35704, -1.26,  -30479, -2.16,   -5225, -0.37
 565,52.00,  -33100, -1.17,  -30885, -2.19,   -2215, -0.16
 566,53.00,  -30275, -1.07,  -30891, -2.19,     616,  0.04
 567,54.00,  -28689, -1.01,  -31172, -2.21,    2483,  0.18
 568,55.00,  -26746, -0.94,  -31031, -2.20,    4285,  0.30
 569,56.00,  -24885, -0.88,  -31031, -2.20,    6146,  0.44
 570,57.00,  -22900, -0.81,  -31232, -2.22,    8332,  0.59
 571,58.00,  -22018, -0.78,  -31844, -2.26,    9826,  0.70
 572,59.00,  -20875, -0.74,  -32146, -2.28,   11271,  0.80
 573,60.00,  -18279, -0.64,  -31503, -2.24,   13224,  0.94
 574,61.00,  -15181, -0.54,  -30640, -2.17,   15459,  1.10
 575,62.00,  -12477, -0.44,  -30085, -2.14,   17608,  1.25
 576,63.00,  -10468, -0.37,  -29714, -2.11,   19246,  1.37
 577,64.00,   -9639, -0.34,  -29935, -2.12,   20296,  1.44
 578,65.00,   -8329, -0.29,  -29823, -2.12,   21494,  1.53
 579,66.00,   -6580, -0.23,  -29179, -2.07,   22599,  1.60
 580,67.00,   -5766, -0.20,  -28860, -2.05,   23094,  1.64
 581,68.00,   -4950, -0.17,  -28055, -1.99,   23105,  1.64
 582,69.00,   -4208, -0.15,  -26842, -1.91,   22634,  1.61
 583,70.00,   -3084, -0.11,  -25075, -1.78,   21991,  1.56
 584,71.00,    -995, -0.04,  -22795, -1.62,   21800,  1.55
 585,72.00,     794,  0.03,  -20582, -1.46,   21376,  1.52
 586,73.00,    3885,  0.14,  -17934, -1.27,   21819,  1.55
 587,74.00,    6801,  0.24,  -15327, -1.09,   22128,  1.57
 588,75.00,    9409,  0.33,  -12630, -0.90,   22039,  1.56
 589,76.00,   11806,  0.42,  -10083, -0.72,   21889,  1.55
 590,77.00,   14341,  0.51,   -7430, -0.53,   21771,  1.55
 591,78.00,   17116,  0.60,   -4990, -0.35,   22106,  1.57
 592,79.00,   20224,  0.71,   -2593, -0.18,   22817,  1.62
 593,80.00,   23623,  0.83,     172,  0.01,   23451,  1.66
 594,81.00,   26747,  0.94,    2630,  0.19,   24117,  1.71
 595,82.00,   29324,  1.03,    4403,  0.31,   24921,  1.77
 596,83.00,   33058,  1.17,    6817,  0.48,   26241,  1.86
 597,84.00,   35467,  1.25,    8624,  0.61,   26843,  1.91
 598,85.00,   37249,  1.31,   10173,  0.72,   27076,  1.92
 599,86.00,   38514,  1.36,   11442,  0.81,   27072,  1.92
 600,87.00,   39436,  1.39,   12434,  0.88,   27002,  1.92
 601,88.00,   40181,  1.42,   13628,  0.97,   26553,  1.88
 602,89.00,   40545,  1.43,   14689,  1.04,   25856,  1.84
 603,90.00,   40647,  1.43,   15310,  1.09,   25337,  1.80
 604,91.00,   40888,  1.44,   15797,  1.12,   25091,  1.78
 605,92.00,   41191,  1.45,   16775,  1.19,   24416,  1.73
 606,93.00,   40757,  1.44,   17516,  1.24,   23241,  1.65
 607,94.00,   39210,  1.38,   18013,  1.28,   21197,  1.50
 608,95.00,   37971,  1.34,   18503,  1.31,   19468,  1.38
 609,96.00,   36533,  1.29,   18992,  1.35,   17541,  1.24
 610,97.00,   35511,  1.25,   19666,  1.40,   15845,  1.12
 611,98.00,   34157,  1.21,   20255,  1.44,   13902,  0.99
 612,99.00,   32817,  1.16,   20466,  1.45,   12351,  0.88
 613,100.00,   31887,  1.13,   20442,  1.45,   11445,  0.81
 614,101.00,   30917,  1.09,   19938,  1.42,   10979,  0.78
 615,102.00,   29089,  1.03,   18923,  1.34,   10166,  0.72
 616,103.00,   27132,  0.96,   18344,  1.30,    8788,  0.62
 617,104.00,   24394,  0.86,   17220,  1.22,    7174,  0.51
 618,105.00,   22116,  0.78,   16234,  1.15,    5882,  0.42
 619,106.00,   20379,  0.72,   15592,  1.11,    4787,  0.34
 620,107.00,   18247,  0.64,   14928,  1.06,    3319,  0.24
 621,108.00,   15258,  0.54,   14006,  0.99,    1252,  0.09
 622,109.00,   12148,  0.43,   12522,  0.89,    -374, -0.03
 623,110.00,    8547,  0.30,   10339,  0.73,   -1792, -0.13
 624,111.00,    5004,  0.18,    8114,  0.58,   -3110, -0.22
 625,112.00,    1200,  0.04,    5907,  0.42,   -4707, -0.33
 626,113.00,   -2894, -0.10,    3630,  0.26,   -6524, -0.46
 627,114.00,   -7644, -0.27,    1281,  0.09,   -8925, -0.63
 628,115.00,  -11869, -0.42,    -840, -0.06,  -11029, -0.78
 629,116.00,  -16240, -0.57,   -2944, -0.21,  -13296, -0.94
 630,117.00,  -20605, -0.73,   -4968, -0.35,  -15637, -1.11
 631,118.00,  -25320, -0.89,   -7091, -0.50,  -18229, -1.29
 632,119.00,  -29934, -1.06,   -9290, -0.66,  -20644, -1.47
 633,120.00,  -34185, -1.21,  -10854, -0.77,  -23331, -1.66
 634,121.00,  -37629, -1.33,  -11999, -0.85,  -25630, -1.82
 635,122.00,  -40437, -1.43,  -13185, -0.94,  -27252, -1.93
 636,123.00,  -42450, -1.50,  -14152, -1.00,  -28298, -2.01
 637,124.00,  -46431, -1.64,  -16174, -1.15,  -30257, -2.15
 638,125.00,  -50708, -1.79,  -18357, -1.30,  -32351, -2.30
 639,126.00,  -55249, -1.95,  -20553, -1.46,  -34696, -2.46
 640,127.00,  -59136, -2.09,  -22316, -1.58,  -36820, -2.61
 641,128.00,  -63146, -2.23,  -24124, -1.71,  -39022, -2.77
 642,129.00,  -67096, -2.37,  -25999, -1.85,  -41097, -2.92
 643,130.00,  -70619, -2.49,  -27509, -1.95,  -43110, -3.06
 644,131.00,  -73279, -2.59,  -28453, -2.02,  -44826, -3.18
 645,132.00,  -75420, -2.66,  -29138, -2.07,  -46282, -3.28
 646,133.00,  -77101, -2.72,  -30086, -2.14,  -47015, -3.34
 647,134.00,  -78611, -2.77,  -31101, -2.21,  -47510, -3.37
 648,135.00,  -80133, -2.83,  -31973, -2.27,  -48160, -3.42
 649,136.00,  -81643, -2.88,  -33270, -2.36,  -48373, -3.43
 650,137.00,  -83045, -2.93,  -34520, -2.45,  -48525, -3.44
 651,138.00,  -83388, -2.94,  -35429, -2.51,  -47959, -3.40
 652,139.00,  -82940, -2.93,  -36145, -2.57,  -46795, -3.32
 653,140.00,  -82012, -2.89,  -36623, -2.60,  -45389, -3.22
 654,141.00,  -80998, -2.86,  -36651, -2.60,  -44347, -3.15
 655,142.00,  -79666, -2.81,  -36316, -2.58,  -43350, -3.08
 656,143.00,  -77632, -2.74,  -35275, -2.50,  -42357, -3.01
 657,144.00,  -76143, -2.69,  -35055, -2.49,  -41088, -2.92
 658,145.00,  -74192, -2.62,  -34921, -2.48,  -39271, -2.79
 659,146.00,  -72149, -2.55,  -34886, -2.48,  -37263, -2.64
 660,147.00,  -70181, -2.48,  -34825, -2.47,  -35356, -2.51
 661,148.00,  -70345, -2.48,  -36127, -2.56,  -34218, -2.43
 662,149.00,  -70539, -2.49,  -37501, -2.66,  -33038, -2.34
 663,150.00,  -70342, -2.48,  -38672, -2.74,  -31670, -2.25
 664,151.00,  -69597, -2.46,  -39459, -2.80,  -30138, -2.14
 665,152.00,  -68295, -2.41,  -39247, -2.79,  -29048, -2.06
 666,153.00,  -67157, -2.37,  -38794, -2.75,  -28363, -2.01
 667,154.00,  -67324, -2.38,  -39064, -2.77,  -28260, -2.01
 668,155.00,  -67442, -2.38,  -39771, -2.82,  -27671, -1.96
 669,156.00,  -66954, -2.36,  -39939, -2.83,  -27015, -1.92
 670,157.00,  -66887, -2.36,  -40328, -2.86,  -26559, -1.88
 671,158.00,  -67975, -2.40,  -41105, -2.92,  -26870, -1.91
 672,159.00,  -69664, -2.46,  -42388, -3.01,  -27276, -1.94
 673,160.00,  -71393, -2.52,  -43886, -3.11,  -27507, -1.95
 674,161.00,  -72570, -2.56,  -45216, -3.21,  -27354, -1.94
 675,162.00,  -73149, -2.58,  -46329, -3.29,  -26820, -1.90
 676,163.00,  -73183, -2.58,  -47171, -3.35,  -26012, -1.85
 677,164.00,  -73922, -2.61,  -48222, -3.42,  -25700, -1.82
 678,165.00,  -75269, -2.66,  -49278, -3.50,  -25991, -1.84
 679,166.00,  -76656, -2.70,  -50318, -3.57,  -26338, -1.87
 680,167.00,  -77002, -2.72,  -51090, -3.63,  -25912, -1.84
 681,168.00,  -77088, -2.72,  -51752, -3.67,  -25336, -1.80
 682,169.00,  -76864, -2.71,  -52143, -3.70,  -24721, -1.75
 683,170.00,  -76698, -2.71,  -52107, -3.70,  -24591, -1.75
 684,171.00,  -76581, -2.70,  -52202, -3.70,  -24379, -1.73
 685,172.00,  -76771, -2.71,  -52708, -3.74,  -24063, -1.71
 686,173.00,  -76899, -2.71,  -53460, -3.79,  -23439, -1.66
 687,174.00,  -76678, -2.71,  -53897, -3.83,  -22781, -1.62
 688,175.00,  -76413, -2.70,  -53785, -3.82,  -22628, -1.61
 689,176.00,  -76054, -2.68,  -53397, -3.79,  -22657, -1.61
 690,177.00,  -75072, -2.65,  -52929, -3.76,  -22143, -1.57
 691,178.00,  -73862, -2.61,  -52370, -3.72,  -21492, -1.53
 692,179.00,  -73557, -2.60,  -52138, -3.70,  -21419, -1.52
 693,180.00,  -73958, -2.61,  -52169, -3.70,  -21789, -1.55
 694,181.00,  -74342, -2.62,  -51987, -3.69,  -22355, -1.59
 695,182.00,  -74507, -2.63,  -51399, -3.65,  -23108, -1.64
 696,183.00,  -75093, -2.65,  -51319, -3.64,  -23774, -1.69
 697,184.00,  -75271, -2.66,  -50810, -3.61,  -24461, -1.74
 698,185.00,  -75031, -2.65,  -49600, -3.52,  -25431, -1.80
 699,186.00,  -75284, -2.66,  -48605, -3.45,  -26679, -1.89
 700,187.00,  -75233, -2.65,  -47120, -3.34,  -28113, -2.00
 701,188.00,  -75151, -2.65,  -45166, -3.21,  -29985, -2.13
 702,189.00,  -76405, -2.70,  -44349, -3.15,  -32056, -2.28
 703,190.00,  -76506, -2.70,  -42990, -3.05,  -33516, -2.38
 704,191.00,  -76998, -2.72,  -42169, -2.99,  -34829, -2.47
 705,192.00,  -78953, -2.79,  -42180, -2.99,  -36773, -2.61
 706,193.00,  -81806, -2.89,  -42872, -3.04,  -38934, -2.76
 707,194.00,  -84657, -2.99,  -43426, -3.08,  -41231, -2.93
 708,195.00,  -87130, -3.07,  -43672, -3.10,  -43458, -3.08
 709,196.00,  -89470, -3.16,  -43931, -3.12,  -45539, -3.23
 710,197.00,  -92120, -3.25,  -44592, -3.16,  -47528, -3.37
 711,198.00,  -94348, -3.33,  -44771, -3.18,  -49577, -3.52
 712,199.00,  -96102, -3.39,  -44228, -3.14,  -51874, -3.68
 713,200.00,  -97624, -3.44,  -43943, -3.12,  -53681, -3.81
 714,201.00,  -99352, -3.51,  -44038, -3.13,  -55314, -3.93
 715,202.00, -100794, -3.56,  -44239, -3.14,  -56555, -4.01
 716,203.00, -102016, -3.60,  -44084, -3.13,  -57932, -4.11
 717,204.00, -103243, -3.64,  -43865, -3.11,  -59378, -4.21
 718,205.00, -104554, -3.69,  -44110, -3.13,  -60444, -4.29
 719,206.00, -104478, -3.69,  -43918, -3.12,  -60560, -4.30
 720,207.00, -104365, -3.68,  -43356, -3.08,  -61009, -4.33
 721,208.00, -104074, -3.67,  -42780, -3.04,  -61294, -4.35
 722,209.00, -102930, -3.63,  -41555, -2.95,  -61375, -4.36
 723,210.00, -102047, -3.60,  -40365, -2.86,  -61682, -4.38
 724,211.00, -101526, -3.58,  -39550, -2.81,  -61976, -4.40
 725,212.00, -101062, -3.57,  -39067, -2.77,  -61995, -4.40
 726,213.00, -100842, -3.56,  -38994, -2.77,  -61848, -4.39
 727,214.00,  -99939, -3.53,  -38812, -2.75,  -61127, -4.34
 728,215.00,  -98854, -3.49,  -38507, -2.73,  -60347, -4.28
 729,216.00,  -97593, -3.44,  -38017, -2.70,  -59576, -4.23
 730,217.00,  -96315, -3.40,  -37924, -2.69,  -58391, -4.14
 731,218.00,  -94967, -3.35,  -37694, -2.68,  -57273, -4.06
 732,219.00,  -93623, -3.30,  -37417, -2.66,  -56206, -3.99
 733,220.00,  -91869, -3.24,  -36840, -2.61,  -55029, -3.91
 734,221.00,  -90393, -3.19,  -36321, -2.58,  -54072, -3.84
 735,222.00,  -90660, -3.20,  -36754, -2.61,  -53906, -3.83
 736,223.00,  -90867, -3.21,  -37458, -2.66,  -53409, -3.79
 737,224.00,  -91230, -3.22,  -38251, -2.71,  -52979, -3.76
 738,225.00,  -92101, -3.25,  -39220, -2.78,  -52881, -3.75
 739,226.00,  -93315, -3.29,  -40327, -2.86,  -52988, -3.76
 740,227.00,  -93280, -3.29,  -40531, -2.88,  -52749, -3.74
 741,228.00,  -93316, -3.29,  -40755, -2.89,  -52561, -3.73
 742,229.00,  -93249, -3.29,  -40942, -2.91,  -52307, -3.71
 743,230.00,  -93798, -3.31,  -41428, -2.94,  -52370, -3.72
 744,231.00,  -95141, -3.36,  -42510, -3.02,  -52631, -3.74
 745,232.00,  -96107, -3.39,  -43050, -3.06,  -53057, -3.77
 746,233.00,  -96066, -3.39,  -42755, -3.03,  -53311, -3.78
 747,234.00,  -95837, -3.38,  -41930, -2.98,  -53907, -3.83
 748,235.00,  -95660, -3.38,  -40735, -2.89,  -54925, -3.90
 749,236.00,  -95465, -3.37,  -39349, -2.79,  -56116, -3.98
 750,237.00,  -95294, -3.36,  -37919, -2.69,  -57375, -4.07
 751,238.00,  -94318, -3.33,  -36092, -2.56,  -58226, -4.13
 752,239.00,  -92130, -3.25,  -33800, -2.40,  -58330, -4.14
 753,240.00,  -90332, -3.19,  -31516, -2.24,  -58816, -4.17
 754,241.00,  -88929, -3.14,  -29390, -2.09,  -59539, -4.23
 755,242.00,  -87312, -3.08,  -26931, -1.91,  -60381, -4.29
 756,243.00,  -85748, -3.03,  -24698, -1.75,  -61050, -4.33
 757,244.00,  -84066, -2.97,  -22501, -1.60,  -61565, -4.37
 758,245.00,  -82192, -2.90,  -20382, -1.45,  -61810, -4.39
 759,246.00,  -79701, -2.81,  -18158, -1.29,  -61543, -4.37
 760,247.00,  -78761, -2.78,  -16934, -1.20,  -61827, -4.39
 761,248.00,  -78925, -2.78,  -16796, -1.19,  -62129, -4.41
 762,249.00,  -78518, -2.77,  -16292, -1.16,  -62226, -4.42
 763,250.00,  -77273, -2.73,  -15418, -1.09,  -61855, -4.39
 764,251.00,  -76123, -2.69,  -14905, -1.06,  -61218, -4.34
 765,252.00,  -75362, -2.66,  -15121, -1.07,  -60241, -4.28
 766,253.00,  -74357, -2.62,  -15289, -1.09,  -59068, -4.19
 767,254.00,  -73164, -2.58,  -15717, -1.12,  -57447, -4.08
 768,255.00,  -72056, -2.54,  -16109, -1.14,  -55947, -3.97
 769,256.00,  -71374, -2.52,  -16358, -1.16,  -55016, -3.90
 770,257.00,  -70676, -2.49,  -16678, -1.18,  -53998, -3.83
 771,258.00,  -70751, -2.50,  -17799, -1.26,  -52952, -3.76
 772,259.00,  -70721, -2.50,  -18842, -1.34,  -51879, -3.68
 773,260.00,  -70169, -2.48,  -19475, -1.38,  -50694, -3.60
 774,261.00,  -69032, -2.44,  -19706, -1.40,  -49326, -3.50
 775,262.00,  -67332, -2.38,  -19696, -1.40,  -47636, -3.38
 776,263.00,  -66134, -2.33,  -20285, -1.44,  -45849, -3.25
 777,264.00,  -65429, -2.31,  -21493, -1.53,  -43936, -3.12
 778,265.00,  -65102, -2.30,  -22588, -1.60,  -42514, -3.02
 779,266.00,  -64831, -2.29,  -23583, -1.67,  -41248, -2.93
 780,267.00,  -64732, -2.28,  -24997, -1.77,  -39735, -2.82
 781,268.00,  -63823, -2.25,  -25680, -1.82,  -38143, -2.71
 782,269.00,  -63441, -2.24,  -26904, -1.91,  -36537, -2.59
 783,270.00,  -63736, -2.25,  -28841, -2.05,  -34895, -2.48
 784,271.00,  -63575, -2.24,  -30293, -2.15,  -33282, -2.36
 785,272.00,  -62461, -2.20,  -30698, -2.18,  -31763, -2.25
 786,273.00,  -60716, -2.14,  -30876, -2.19,  -29840, -2.12
 787,274.00,  -59946, -2.11,  -31574, -2.24,  -28372, -2.01
 788,275.00,  -59953, -2.12,  -32367, -2.30,  -27586, -1.96
 789,276.00,  -60605, -2.14,  -33628, -2.39,  -26977, -1.91
 790,277.00,  -61905, -2.18,  -35210, -2.50,  -26695, -1.89
 791,278.00,  -62309, -2.20,  -36348, -2.58,  -25961, -1.84
 792,279.00,  -62921, -2.22,  -37324, -2.65,  -25597, -1.82
 793,280.00,  -63671, -2.25,  -38096, -2.70,  -25575, -1.82
 794,281.00,  -64185, -2.26,  -38814, -2.75,  -25371, -1.80
 795,282.00,  -65419, -2.31,  -40263, -2.86,  -25156, -1.79
 796,283.00,  -66964, -2.36,  -41829, -2.97,  -25135, -1.78
 797,284.00,  -67688, -2.39,  -42658, -3.03,  -25030, -1.78
 798,285.00,  -68047, -2.40,  -43411, -3.08,  -24636, -1.75
 799,286.00,  -67533, -2.38,  -43491, -3.09,  -24042, -1.71
 800,287.00,  -66880, -2.36,  -43129, -3.06,  -23751, -1.69
 801,288.00,  -66401, -2.34,  -42795, -3.04,  -23606, -1.68
 802,289.00,  -66976, -2.36,  -42753, -3.03,  -24223, -1.72
 803,290.00,  -67111, -2.37,  -42620, -3.02,  -24491, -1.74
 804,291.00,  -67413, -2.38,  -42298, -3.00,  -25115, -1.78
 805,292.00,  -68738, -2.43,  -42309, -3.00,  -26429, -1.88
 806,293.00,  -70340, -2.48,  -42690, -3.03,  -27650, -1.96
 807,294.00,  -71873, -2.54,  -43247, -3.07,  -28626, -2.03
 808,295.00,  -72817, -2.57,  -43119, -3.06,  -29698, -2.11
 809,296.00,  -74415, -2.63,  -43339, -3.08,  -31076, -2.21
 810,297.00,  -75849, -2.68,  -43447, -3.08,  -32402, -2.30
 811,298.00,  -76360, -2.69,  -43257, -3.07,  -33103, -2.35
 812,299.00,  -77016, -2.72,  -42600, -3.02,  -34416, -2.44
 813,300.00,  -77521, -2.74,  -41337, -2.93,  -36184, -2.57
 814,301.00,  -77972, -2.75,  -40478, -2.87,  -37494, -2.66
 815,302.00,  -78413, -2.77,  -39989, -2.84,  -38424, -2.73
 816,303.00,  -79006, -2.79,  -39439, -2.80,  -39567, -2.81
 817,304.00,  -79870, -2.82,  -39140, -2.78,  -40730, -2.89
 818,305.00,  -80197, -2.83,  -38540, -2.74,  -41657, -2.96
 819,306.00,  -79997, -2.82,  -37420, -2.66,  -42577, -3.02
 820,307.00,  -79236, -2.80,  -36043, -2.56,  -43193, -3.07
 821,308.00,  -78898, -2.78,  -35086, -2.49,  -43812, -3.11
 822,309.00,  -77627, -2.74,  -33413, -2.37,  -44214, -3.14
 823,310.00,  -75981, -2.68,  -31561, -2.24,  -44420, -3.15
 824,311.00,  -74486, -2.63,  -29991, -2.13,  -44495, -3.16
 825,312.00,  -72883, -2.57,  -28567, -2.03,  -44316, -3.15
 826,313.00,  -71213, -2.51,  -27244, -1.93,  -43969, -3.12
 827,314.00,  -69791, -2.46,  -25718, -1.83,  -44073, -3.13
 828,315.00,  -67922, -2.40,  -23357, -1.66,  -44565, -3.16
 829,316.00,  -65339, -2.31,  -20522, -1.46,  -44817, -3.18
 830,317.00,  -63007, -2.22,  -18533, -1.32,  -44474, -3.16
 831,318.00,  -60993, -2.15,  -16858, -1.20,  -44135, -3.13
 832,319.00,  -58515, -2.06,  -14735, -1.05,  -43780, -3.11
 833,320.00,  -55447, -1.96,  -12369, -0.88,  -43078, -3.06
 834,321.00,  -52182, -1.84,   -9763, -0.69,  -42419, -3.01
 835,322.00,  -48350, -1.71,   -7313, -0.52,  -41037, -2.91
 836,323.00,  -44162, -1.56,   -4842, -0.34,  -39320, -2.79
 837,324.00,  -40061, -1.41,   -2197, -0.16,  -37864, -2.69
 838,325.00,  -36479, -1.29,      54,  0.00,  -36533, -2.59
 839,326.00,  -33381, -1.18,    1973,  0.14,  -35354, -2.51
 840,327.00,  -30900, -1.09,    3508,  0.25,  -34408, -2.44
 841,328.00,  -29046, -1.02,    4815,  0.34,  -33861, -2.40
 842,329.00,  -27343, -0.96,    6021,  0.43,  -33364, -2.37
 843,330.00,  -25789, -0.91,    7475,  0.53,  -33264, -2.36
 844,331.00,  -24623, -0.87,    8664,  0.61,  -33287, -2.36
 845,332.00,  -23255, -0.82,   10075,  0.72,  -33330, -2.37
 846,333.00,  -21594, -0.76,   11439,  0.81,  -33033, -2.34
 847,334.00,  -19209, -0.68,   13272,  0.94,  -32481, -2.31
 848,335.00,  -17210, -0.61,   14859,  1.05,  -32069, -2.28
 849,336.00,  -15633, -0.55,   16071,  1.14,  -31704, -2.25
 850,337.00,  -14172, -0.50,   17361,  1.23,  -31533, -2.24
 851,338.00,  -12011, -0.42,   19098,  1.36,  -31109, -2.21
 852,339.00,   -9376, -0.33,   21201,  1.50,  -30577, -2.17
 853,340.00,   -7432, -0.26,   22562,  1.60,  -29994, -2.13
 854,341.00,   -5373, -0.19,   24490,  1.74,  -29863, -2.12
 855,342.00,   -2219, -0.08,   27092,  1.92,  -29311, -2.08
 856,343.00,     853,  0.03,   29531,  2.10,  -28678, -2.04
 857,344.00,    3571,  0.13,   31533,  2.24,  -27962, -1.98
 858,345.00,    5841,  0.21,   33123,  2.35,  -27282, -1.94
 859,346.00,    7773,  0.27,   34548,  2.45,  -26775, -1.90
 860,347.00,   10408,  0.37,   36413,  2.58,  -26005, -1.85
 861,348.00,   12662,  0.45,   38020,  2.70,  -25358, -1.80
 862,349.00,   14901,  0.53,   39097,  2.77,  -24196, -1.72
 863,350.00,   17452,  0.62,   40359,  2.86,  -22907, -1.63
 864,351.00,   20371,  0.72,   42006,  2.98,  -21635, -1.54
 865,352.00,   23583,  0.83,   43995,  3.12,  -20412, -1.45
 866,353.00,   26500,  0.93,   45372,  3.22,  -18872, -1.34
 867,354.00,   29447,  1.04,   46349,  3.29,  -16902, -1.20
 868,355.00,   32720,  1.15,   47519,  3.37,  -14799, -1.05
 869,356.00,   35748,  1.26,   48722,  3.46,  -12974, -0.92
 870,357.00,   38506,  1.36,   49294,  3.50,  -10788, -0.77
 871,358.00,   40935,  1.44,   48869,  3.47,   -7934, -0.56
 872,359.00,   43153,  1.52,   47933,  3.40,   -4780, -0.34
 873,360.00,   45180,  1.59,   47056,  3.34,   -1876, -0.13
 874,361.00,   47619,  1.68,   46321,  3.29,    1298,  0.09
 875,362.00,   51423,  1.81,   46619,  3.31,    4804,  0.34
 876,363.00,   55575,  1.96,   47505,  3.37,    8070,  0.57
 877,364.00,   59006,  2.08,   47685,  3.38,   11321,  0.80
 878,365.00,   61703,  2.18,   47541,  3.37,   14162,  1.01
 879,366.00,   63519,  2.24,   46103,  3.27,   17416,  1.24
 880,367.00,   65024,  2.29,   43577,  3.09,   21447,  1.52
 881,368.00,   65950,  2.33,   40705,  2.89,   25245,  1.79
 882,369.00,   67489,  2.38,   38850,  2.76,   28639,  2.03
 883,370.00,   69621,  2.46,   37808,  2.68,   31813,  2.26
 884,371.00,   71869,  2.54,   36597,  2.60,   35272,  2.50
 885,372.00,   74415,  2.63,   35692,  2.53,   38723,  2.75
 886,373.00,   77182,  2.72,   34700,  2.46,   42482,  3.02
 887,374.00,   79480,  2.80,   33155,  2.35,   46325,  3.29
 888,375.00,   81863,  2.89,   31622,  2.24,   50241,  3.57
 889,376.00,   82830,  2.92,   29331,  2.08,   53499,  3.80
 890,377.00,   83059,  2.93,   26354,  1.87,   56705,  4.02
 891,378.00,   82445,  2.91,   22534,  1.60,   59911,  4.25
 892,379.00,   81501,  2.88,   18810,  1.34,   62691,  4.45
 893,380.00,   82870,  2.92,   17506,  1.24,   65364,  4.64
 894,381.00,   82801,  2.92,   14537,  1.03,   68264,  4.84
 895,382.00,   83138,  2.93,   11819,  0.84,   71319,  5.06
 896,383.00,   84008,  2.96,    9626,  0.68,   74382,  5.28
 897,384.00,   83847,  2.96,    6753,  0.48,   77094,  5.47
 898,385.00,   83141,  2.93,    4207,  0.30,   78934,  5.60
 899,386.00,   83930,  2.96,    3178,  0.23,   80752,  5.73
 900,387.00,   85047,  3.00,    2497,  0.18,   82550,  5.86
 901,388.00,   86128,  3.04,    2047,  0.15,   84081,  5.97
 902,389.00,   87462,  3.09,    1460,  0.10,   86002,  6.10
 903,390.00,   88000,  3.10,      98,  0.00,   87902,  6.24
 904,391.00,   88626,  3.13,    -693, -0.05,   89319,  6.34
 905,392.00,   88797,  3.13,   -1240, -0.09,   90037,  6.39
 906,393.00,   88408,  3.12,   -1981, -0.14,   90389,  6.42
 907,394.00,   87123,  3.07,   -3784, -0.27,   90907,  6.45
 908,395.00,   84342,  2.98,   -6859, -0.49,   91201,  6.47
 909,396.00,   82857,  2.92,   -7871, -0.56,   90728,  6.44
 910,397.00,   81691,  2.88,   -8170, -0.58,   89861,  6.38
 911,398.00,   79393,  2.80,   -9380, -0.67,   88773,  6.30
 912,399.00,   77638,  2.74,  -10180, -0.72,   87818,  6.23
 913,400.00,   76136,  2.69,  -10435, -0.74,   86571,  6.14
 914,401.00,   75399,  2.66,  -10365, -0.74,   85764,  6.09
 915,402.00,   74454,  2.63,  -10529, -0.75,   84983,  6.03
 916,403.00,   73019,  2.58,  -11040, -0.78,   84059,  5.97
 917,404.00,   71828,  2.53,  -11034, -0.78,   82862,  5.88
 918,405.00,   71121,  2.51,  -10562, -0.75,   81683,  5.80
 919,406.00,   70206,  2.48,  -10279, -0.73,   80485,  5.71
 920,407.00,   69579,  2.45,  -10015, -0.71,   79594,  5.65
 921,408.00,   68135,  2.40,   -9972, -0.71,   78107,  5.54
 922,409.00,   67387,  2.38,   -9249, -0.66,   76636,  5.44
 923,410.00,   67586,  2.38,   -8031, -0.57,   75617,  5.37
 924,411.00,   68189,  2.41,   -6778, -0.48,   74967,  5.32
 925,412.00,   68281,  2.41,   -6115, -0.43,   74396,  5.28
 926,413.00,   68062,  2.40,   -5581, -0.40,   73643,  5.23
 927,414.00,   67954,  2.40,   -4699, -0.33,   72653,  5.16
 928,415.00,   67316,  2.38,   -4095, -0.29,   71411,  5.07
 929,416.00,   66756,  2.36,   -3334, -0.24,   70090,  4.97
 930,417.00,   66051,  2.33,   -2408, -0.17,   68459,  4.86
 931,418.00,   65181,  2.30,   -1681, -0.12,   66862,  4.75
 932,419.00,   65102,  2.30,    -287, -0.02,   65389,  4.64
 933,420.00,   64992,  2.29,    1608,  0.11,   63384,  4.50
 934,421.00,   65051,  2.30,    3911,  0.28,   61140,  4.34
 935,422.00,   65825,  2.32,    6916,  0.49,   58909,  4.18
 936,423.00,   66812,  2.36,    9568,  0.68,   57244,  4.06
 937,424.00,   67431,  2.38,   12086,  0.86,   55345,  3.93
 938,425.00,   67910,  2.40,   14570,  1.03,   53340,  3.79
 939,426.00,   68842,  2.43,   17338,  1.23,   51504,  3.66
 940,427.00,   70475,  2.49,   20675,  1.47,   49800,  3.53
 941,428.00,   70982,  2.50,   23046,  1.64,   47936,  3.40
 942,429.00,   71324,  2.52,   25371,  1.80,   45953,  3.26
 943,430.00,   71354,  2.52,   27854,  1.98,   43500,  3.09
 944,431.00,   71334,  2.52,   30543,  2.17,   40791,  2.90
 945,432.00,   71543,  2.52,   33506,  2.38,   38037,  2.70
 946,433.00,   72033,  2.54,   36687,  2.60,   35346,  2.51
 947,434.00,   71503,  2.52,   39043,  2.77,   32460,  2.30
 948,435.00,   70674,  2.49,   40972,  2.91,   29702,  2.11
 949,436.00,   70359,  2.48,   43236,  3.07,   27123,  1.93
 950,437.00,   70291,  2.48,   45970,  3.26,   24321,  1.73
 951,438.00,   70365,  2.48,   48434,  3.44,   21931,  1.56
 952,439.00,   70334,  2.48,   50791,  3.60,   19543,  1.39
 953,440.00,   70750,  2.50,   53003,  3.76,   17747,  1.26
 954,441.00,   71493,  2.52,   55133,  3.91,   16360,  1.16
 955,442.00,   72553,  2.56,   58273,  4.14,   14280,  1.01
 956,443.00,   73671,  2.60,   61378,  4.36,   12293,  0.87
 957,444.00,   73861,  2.61,   63676,  4.52,   10185,  0.72
 958,445.00,   72921,  2.57,   65282,  4.63,    7639,  0.54
 959,446.00,   71766,  2.53,   66389,  4.71,    5377,  0.38
 960,447.00,   70760,  2.50,   67347,  4.78,    3413,  0.24
 961,448.00,   69710,  2.46,   67971,  4.82,    1739,  0.12
 962,449.00,   68831,  2.43,   68716,  4.88,     115,  0.00
 963,450.00,   67835,  2.39,   69635,  4.94,   -1800, -0.13
 964,451.00,   67186,  2.37,   70535,  5.01,   -3349, -0.24
 965,452.00,   66972,  2.36,   71510,  5.08,   -4538, -0.32
 966,453.00,   66002,  2.33,   72367,  5.14,   -6365, -0.45
 967,454.00,   64128,  2.26,   72794,  5.17,   -8666, -0.62
 968,455.00,   62759,  2.21,   73546,  5.22,  -10787, -0.77
 969,456.00,   61797,  2.18,   74173,  5.26,  -12376, -0.88
 970,457.00,   61125,  2.16,   74688,  5.30,  -13563, -0.96
 971,458.00,   59220,  2.09,   74797,  5.31,  -15577, -1.11
 972,459.00,   57050,  2.01,   74518,  5.29,  -17468, -1.24
 973,460.00,   56228,  1.98,   74923,  5.32,  -18695, -1.33
 974,461.00,   55236,  1.95,   75065,  5.33,  -19829, -1.41
 975,462.00,   53820,  1.90,   74501,  5.29,  -20681, -1.47
 976,463.00,   52373,  1.85,   73746,  5.23,  -21373, -1.52
 977,464.00,   51128,  1.80,   73168,  5.19,  -22040, -1.56
 978,465.00,   49556,  1.75,   72429,  5.14,  -22873, -1.62
 979,466.00,   48820,  1.72,   71992,  5.11,  -23172, -1.64
 980,467.00,   48694,  1.72,   71668,  5.09,  -22974, -1.63
 981,468.00,   48656,  1.72,   71095,  5.05,  -22439, -1.59
 982,469.00,   49508,  1.75,   70700,  5.02,  -21192, -1.50
 983,470.00,   50007,  1.76,   70198,  4.98,  -20191, -1.43
 984,471.00,   50417,  1.78,   69705,  4.95,  -19288, -1.37
 985,472.00,   51603,  1.82,   69710,  4.95,  -18107, -1.29
 986,473.00,   52192,  1.84,   69126,  4.91,  -16934, -1.20
 987,474.00,   52785,  1.86,   68644,  4.87,  -15859, -1.13
 988,475.00,   53056,  1.87,   68110,  4.83,  -15054, -1.07
 989,476.00,   53671,  1.89,   67909,  4.82,  -14238, -1.01
 990,477.00,   54676,  1.93,   68149,  4.84,  -13473, -0.96
 991,478.00,   55164,  1.95,   67838,  4.81,  -12674, -0.90
 992,479.00,   55248,  1.95,   66964,  4.75,  -11716, -0.83
 993,480.00,   55252,  1.95,   65954,  4.68,  -10702, -0.76
 994,481.00,   55388,  1.95,   65113,  4.62,   -9725, -0.69
 995,482.00,   55676,  1.96,   64460,  4.57,   -8784, -0.62
 996,483.00,   55558,  1.96,   63497,  4.51,   -7939, -0.56
 997,484.00,   56377,  1.99,   63372,  4.50,   -6995, -0.50
 998,485.00,   57512,  2.03,   63490,  4.51,   -5978, -0.42
 999,486.00,   58754,  2.07,   63681,  4.52,   -4927, -0.35
1000,487.00,   59108,  2.09,   63097,  4.48,   -3989, -0.28
1001,488.00,   59654,  2.10,   62381,  4.43,   -2727, -0.19
1002,489.00,   61359,  2.16,   62369,  4.43,   -1010, -0.07
1003,490.00,   63854,  2.25,   62607,  4.44,    1247,  0.09
1004,491.00,   65290,  2.30,   62143,  4.41,    3147,  0.22
1005,492.00,   66369,  2.34,   61896,  4.39,    4473,  0.32
1006,493.00,   67768,  2.39,   62064,  4.40,    5704,  0.40
1007,494.00,   68996,  2.43,   61950,  4.40,    7046,  0.50
1008,495.00,   69791,  2.46,   61395,  4.36,    8396,  0.60
1009,496.00,   70878,  2.50,   60985,  4.33,    9893,  0.70
1010,497.00,   71630,  2.53,   60279,  4.28,   11351,  0.81
1011,498.00,   71995,  2.54,   59362,  4.21,   12633,  0.90
1012,499.00,   71707,  2.53,   58165,  4.13,   13542,  0.96
1013,500.00,   71020,  2.51,   56787,  4.03,   14233,  1.01
1014,501.00,   70131,  2.47,   55154,  3.91,   14977,  1.06
1015,502.00,   68878,  2.43,   53588,  3.80,   15290,  1.09
1016,503.00,   67876,  2.39,   52166,  3.70,   15710,  1.11
1017,504.00,   67292,  2.37,   50971,  3.62,   16321,  1.16
1018,505.00,   67310,  2.37,   50328,  3.57,   16982,  1.21
1019,506.00,   68055,  2.40,   49878,  3.54,   18177,  1.29
1020,507.00,   68998,  2.43,   49295,  3.50,   19703,  1.40
1021,508.00,   70052,  2.47,   49018,  3.48,   21034,  1.49
1022,509.00,   71079,  2.51,   49187,  3.49,   21892,  1.55
1023,510.00,   72674,  2.56,   49751,  3.53,   22923,  1.63
1024,511.00,   73892,  2.61,   49811,  3.54,   24081,  1.71
