-----------------------------------------------------------------------------------
Identifier:,IHS5922-2017B803
File Name:,GORP70A.9
Ear:,R
Channel:,1
Intensity:,70 dB HL
Stim. Rate:,  1.10/s
Stim. Mode:,0
Sweeps:,185
Artifacts:,62
Smp. Period:,1000.00 us
Amp. Gain:, 50.00 K
Low Pass:, 30.00 Hz
High Pass:,  1.00 Hz
Notch Filter:,TRUE
Stimulus:,100
Stim. Freq.:,1000 Hz
Stim. Dur.:,2000 pnts
Masking:,0 dB SPL
Stim. Point:,513
-----------------------------------------------------------------------------------
Peak Information:,Label,Peak(+),Peak(+)(ms),Peak(-),Peak(-)(ms)
,20, 787,274.00, 869,356.00,
,19, 718,205.00, 787,274.00,
,18, 674,161.00, 719,206.00,
,17, 608,95.00, 673,160.00,
-----------------------------------------------------------------------------------


Data Pnt:,Data Pnt(ms):,Average:,Average(uV):,Buffer1:,Buffer1(uV):,Buffer2:,Buffer2(uV):
   1,-512.00,       0,  0.00,       0,  0.00,       0,  0.00
   2,-511.00,       0,  0.00,       0,  0.00,       0,  0.00
   3,-510.00,       0,  0.00,       0,  0.00,       0,  0.00
   4,-509.00,       0,  0.00,       0,  0.00,       0,  0.00
   5,-508.00,       0,  0.00,       0,  0.00,       0,  0.00
   6,-507.00,       0,  0.00,       0,  0.00,       0,  0.00
   7,-506.00,       0,  0.00,       0,  0.00,       0,  0.00
   8,-505.00,       0,  0.00,       0,  0.00,       0,  0.00
   9,-504.00,       0,  0.00,       0,  0.00,       0,  0.00
  10,-503.00,       0,  0.00,       0,  0.00,       0,  0.00
  11,-502.00,       0,  0.00,       0,  0.00,       0,  0.00
  12,-501.00,       0,  0.00,       0,  0.00,       0,  0.00
  13,-500.00,       0,  0.00,       0,  0.00,       0,  0.00
  14,-499.00,       0,  0.00,       0,  0.00,       0,  0.00
  15,-498.00,       0,  0.00,       0,  0.00,       0,  0.00
  16,-497.00,       0,  0.00,       0,  0.00,       0,  0.00
  17,-496.00,       0,  0.00,       0,  0.00,       0,  0.00
  18,-495.00,       0,  0.00,       0,  0.00,       0,  0.00
  19,-494.00,       0,  0.00,       0,  0.00,       0,  0.00
  20,-493.00,       0,  0.00,       0,  0.00,       0,  0.00
  21,-492.00,       0,  0.00,       0,  0.00,       0,  0.00
  22,-491.00,       0,  0.00,       0,  0.00,       0,  0.00
  23,-490.00,       0,  0.00,       0,  0.00,       0,  0.00
  24,-489.00,       0,  0.00,       0,  0.00,       0,  0.00
  25,-488.00,       0,  0.00,       0,  0.00,       0,  0.00
  26,-487.00,       0,  0.00,       0,  0.00,       0,  0.00
  27,-486.00,       0,  0.00,       0,  0.00,       0,  0.00
  28,-485.00,       0,  0.00,       0,  0.00,       0,  0.00
  29,-484.00,       0,  0.00,       0,  0.00,       0,  0.00
  30,-483.00,       0,  0.00,       0,  0.00,       0,  0.00
  31,-482.00,       0,  0.00,       0,  0.00,       0,  0.00
  32,-481.00,       0,  0.00,       0,  0.00,       0,  0.00
  33,-480.00,       0,  0.00,       0,  0.00,       0,  0.00
  34,-479.00,       0,  0.00,       0,  0.00,       0,  0.00
  35,-478.00,       0,  0.00,       0,  0.00,       0,  0.00
  36,-477.00,       0,  0.00,       0,  0.00,       0,  0.00
  37,-476.00,       0,  0.00,       0,  0.00,       0,  0.00
  38,-475.00,       0,  0.00,       0,  0.00,       0,  0.00
  39,-474.00,       0,  0.00,       0,  0.00,       0,  0.00
  40,-473.00,       0,  0.00,       0,  0.00,       0,  0.00
  41,-472.00,       0,  0.00,       0,  0.00,       0,  0.00
  42,-471.00,       0,  0.00,       0,  0.00,       0,  0.00
  43,-470.00,       0,  0.00,       0,  0.00,       0,  0.00
  44,-469.00,       0,  0.00,       0,  0.00,       0,  0.00
  45,-468.00,       0,  0.00,       0,  0.00,       0,  0.00
  46,-467.00,       0,  0.00,       0,  0.00,       0,  0.00
  47,-466.00,       0,  0.00,       0,  0.00,       0,  0.00
  48,-465.00,       0,  0.00,       0,  0.00,       0,  0.00
  49,-464.00,       0,  0.00,       0,  0.00,       0,  0.00
  50,-463.00,       0,  0.00,       0,  0.00,       0,  0.00
  51,-462.00,       0,  0.00,       0,  0.00,       0,  0.00
  52,-461.00,       0,  0.00,       0,  0.00,       0,  0.00
  53,-460.00,       0,  0.00,       0,  0.00,       0,  0.00
  54,-459.00,       0,  0.00,       0,  0.00,       0,  0.00
  55,-458.00,       0,  0.00,       0,  0.00,       0,  0.00
  56,-457.00,       0,  0.00,       0,  0.00,       0,  0.00
  57,-456.00,       0,  0.00,       0,  0.00,       0,  0.00
  58,-455.00,       0,  0.00,       0,  0.00,       0,  0.00
  59,-454.00,       0,  0.00,       0,  0.00,       0,  0.00
  60,-453.00,       0,  0.00,       0,  0.00,       0,  0.00
  61,-452.00,       0,  0.00,       0,  0.00,       0,  0.00
  62,-451.00,       0,  0.00,       0,  0.00,       0,  0.00
  63,-450.00,       0,  0.00,       0,  0.00,       0,  0.00
  64,-449.00,       0,  0.00,       0,  0.00,       0,  0.00
  65,-448.00,       0,  0.00,       0,  0.00,       0,  0.00
  66,-447.00,       0,  0.00,       0,  0.00,       0,  0.00
  67,-446.00,       0,  0.00,       0,  0.00,       0,  0.00
  68,-445.00,       0,  0.00,       0,  0.00,       0,  0.00
  69,-444.00,       0,  0.00,       0,  0.00,       0,  0.00
  70,-443.00,       0,  0.00,       0,  0.00,       0,  0.00
  71,-442.00,       0,  0.00,       0,  0.00,       0,  0.00
  72,-441.00,       0,  0.00,       0,  0.00,       0,  0.00
  73,-440.00,       0,  0.00,       0,  0.00,       0,  0.00
  74,-439.00,       0,  0.00,       0,  0.00,       0,  0.00
  75,-438.00,       0,  0.00,       0,  0.00,       0,  0.00
  76,-437.00,       0,  0.00,       0,  0.00,       0,  0.00
  77,-436.00,       0,  0.00,       0,  0.00,       0,  0.00
  78,-435.00,       0,  0.00,       0,  0.00,       0,  0.00
  79,-434.00,       0,  0.00,       0,  0.00,       0,  0.00
  80,-433.00,       0,  0.00,       0,  0.00,       0,  0.00
  81,-432.00,       0,  0.00,       0,  0.00,       0,  0.00
  82,-431.00,       0,  0.00,       0,  0.00,       0,  0.00
  83,-430.00,       0,  0.00,       0,  0.00,       0,  0.00
  84,-429.00,       0,  0.00,       0,  0.00,       0,  0.00
  85,-428.00,       0,  0.00,       0,  0.00,       0,  0.00
  86,-427.00,       0,  0.00,       0,  0.00,       0,  0.00
  87,-426.00,       0,  0.00,       0,  0.00,       0,  0.00
  88,-425.00,       0,  0.00,       0,  0.00,       0,  0.00
  89,-424.00,       0,  0.00,       0,  0.00,       0,  0.00
  90,-423.00,       0,  0.00,       0,  0.00,       0,  0.00
  91,-422.00,       0,  0.00,       0,  0.00,       0,  0.00
  92,-421.00,       0,  0.00,       0,  0.00,       0,  0.00
  93,-420.00,       0,  0.00,       0,  0.00,       0,  0.00
  94,-419.00,       0,  0.00,       0,  0.00,       0,  0.00
  95,-418.00,       0,  0.00,       0,  0.00,       0,  0.00
  96,-417.00,       0,  0.00,       0,  0.00,       0,  0.00
  97,-416.00,       0,  0.00,       0,  0.00,       0,  0.00
  98,-415.00,       0,  0.00,       0,  0.00,       0,  0.00
  99,-414.00,       0,  0.00,       0,  0.00,       0,  0.00
 100,-413.00,       0,  0.00,       0,  0.00,       0,  0.00
 101,-412.00,       0,  0.00,       0,  0.00,       0,  0.00
 102,-411.00,       0,  0.00,       0,  0.00,       0,  0.00
 103,-410.00,       0,  0.00,       0,  0.00,       0,  0.00
 104,-409.00,       0,  0.00,       0,  0.00,       0,  0.00
 105,-408.00,       0,  0.00,       0,  0.00,       0,  0.00
 106,-407.00,       0,  0.00,       0,  0.00,       0,  0.00
 107,-406.00,       0,  0.00,       0,  0.00,       0,  0.00
 108,-405.00,       0,  0.00,       0,  0.00,       0,  0.00
 109,-404.00,       0,  0.00,       0,  0.00,       0,  0.00
 110,-403.00,       0,  0.00,       0,  0.00,       0,  0.00
 111,-402.00,       0,  0.00,       0,  0.00,       0,  0.00
 112,-401.00,       0,  0.00,       0,  0.00,       0,  0.00
 113,-400.00,       0,  0.00,       0,  0.00,       0,  0.00
 114,-399.00,       0,  0.00,       0,  0.00,       0,  0.00
 115,-398.00,       0,  0.00,       0,  0.00,       0,  0.00
 116,-397.00,   37249,  1.23,   18680,  1.24,   18569,  1.23
 117,-396.00,   37684,  1.24,   18701,  1.24,   18983,  1.26
 118,-395.00,   36113,  1.19,   17936,  1.19,   18177,  1.21
 119,-394.00,   33495,  1.11,   16975,  1.13,   16520,  1.10
 120,-393.00,   31898,  1.05,   16509,  1.10,   15389,  1.02
 121,-392.00,   32537,  1.07,   16369,  1.09,   16168,  1.07
 122,-391.00,   31250,  1.03,   14900,  0.99,   16350,  1.08
 123,-390.00,   28889,  0.95,   13114,  0.87,   15775,  1.05
 124,-389.00,   26608,  0.88,   11304,  0.75,   15304,  1.02
 125,-388.00,   24830,  0.82,    9667,  0.64,   15163,  1.01
 126,-387.00,   23588,  0.78,    8141,  0.54,   15447,  1.02
 127,-386.00,   22069,  0.73,    6840,  0.45,   15229,  1.01
 128,-385.00,   19472,  0.64,    5434,  0.36,   14038,  0.93
 129,-384.00,   17416,  0.57,    4132,  0.27,   13284,  0.88
 130,-383.00,   15784,  0.52,    3358,  0.22,   12426,  0.82
 131,-382.00,   13452,  0.44,    1876,  0.12,   11576,  0.77
 132,-381.00,   10858,  0.36,    -411, -0.03,   11269,  0.75
 133,-380.00,    8515,  0.28,   -2646, -0.18,   11161,  0.74
 134,-379.00,    7814,  0.26,   -3605, -0.24,   11419,  0.76
 135,-378.00,    8178,  0.27,   -4178, -0.28,   12356,  0.82
 136,-377.00,    9166,  0.30,   -3947, -0.26,   13113,  0.87
 137,-376.00,   10207,  0.34,   -3889, -0.26,   14096,  0.94
 138,-375.00,   11405,  0.38,   -3793, -0.25,   15198,  1.01
 139,-374.00,   12984,  0.43,   -3470, -0.23,   16454,  1.09
 140,-373.00,   14438,  0.48,   -2973, -0.20,   17411,  1.16
 141,-372.00,   15421,  0.51,   -3183, -0.21,   18604,  1.23
 142,-371.00,   16401,  0.54,   -3299, -0.22,   19700,  1.31
 143,-370.00,   17073,  0.56,   -2958, -0.20,   20031,  1.33
 144,-369.00,   17994,  0.59,   -2639, -0.18,   20633,  1.37
 145,-368.00,   19004,  0.63,   -1921, -0.13,   20925,  1.39
 146,-367.00,   19437,  0.64,   -1001, -0.07,   20438,  1.36
 147,-366.00,   19265,  0.64,    -318, -0.02,   19583,  1.30
 148,-365.00,   19485,  0.64,    -383, -0.03,   19868,  1.32
 149,-364.00,   20565,  0.68,    -200, -0.01,   20765,  1.38
 150,-363.00,   21214,  0.70,     275,  0.02,   20939,  1.39
 151,-362.00,   20498,  0.68,    -264, -0.02,   20762,  1.38
 152,-361.00,   20758,  0.68,     -33, -0.00,   20791,  1.38
 153,-360.00,   22765,  0.75,     763,  0.05,   22002,  1.46
 154,-359.00,   24358,  0.80,    2139,  0.14,   22219,  1.47
 155,-358.00,   27626,  0.91,    3813,  0.25,   23813,  1.58
 156,-357.00,   30397,  1.00,    4409,  0.29,   25988,  1.72
 157,-356.00,   33272,  1.10,    5345,  0.35,   27927,  1.85
 158,-355.00,   35589,  1.17,    6421,  0.43,   29168,  1.94
 159,-354.00,   38275,  1.26,    8360,  0.55,   29915,  1.98
 160,-353.00,   38517,  1.27,    9489,  0.63,   29028,  1.93
 161,-352.00,   38397,  1.27,    9504,  0.63,   28893,  1.92
 162,-351.00,   39809,  1.31,    9780,  0.65,   30029,  1.99
 163,-350.00,   41260,  1.36,   10579,  0.70,   30681,  2.04
 164,-349.00,   41721,  1.38,   11160,  0.74,   30561,  2.03
 165,-348.00,   42041,  1.39,   11895,  0.79,   30146,  2.00
 166,-347.00,   41616,  1.37,   12422,  0.82,   29194,  1.94
 167,-346.00,   39865,  1.32,   12636,  0.84,   27229,  1.81
 168,-345.00,   37663,  1.24,   13123,  0.87,   24540,  1.63
 169,-344.00,   36955,  1.22,   13623,  0.90,   23332,  1.55
 170,-343.00,   37835,  1.25,   13895,  0.92,   23940,  1.59
 171,-342.00,   37287,  1.23,   13724,  0.91,   23563,  1.56
 172,-341.00,   35492,  1.17,   13638,  0.90,   21854,  1.45
 173,-340.00,   33889,  1.12,   13172,  0.87,   20717,  1.37
 174,-339.00,   32767,  1.08,   12160,  0.81,   20607,  1.37
 175,-338.00,   31310,  1.03,   11047,  0.73,   20263,  1.34
 176,-337.00,   30210,  1.00,    9707,  0.64,   20503,  1.36
 177,-336.00,   30957,  1.02,    9800,  0.65,   21157,  1.40
 178,-335.00,   31777,  1.05,   10474,  0.69,   21303,  1.41
 179,-334.00,   33287,  1.10,   10747,  0.71,   22540,  1.50
 180,-333.00,   33678,  1.11,   10436,  0.69,   23242,  1.54
 181,-332.00,   33051,  1.09,   10416,  0.69,   22635,  1.50
 182,-331.00,   31974,  1.05,   10075,  0.67,   21899,  1.45
 183,-330.00,   30474,  1.01,    9376,  0.62,   21098,  1.40
 184,-329.00,   29961,  0.99,    8738,  0.58,   21223,  1.41
 185,-328.00,   29792,  0.98,    8281,  0.55,   21511,  1.43
 186,-327.00,   30171,  1.00,    8655,  0.57,   21516,  1.43
 187,-326.00,   29520,  0.97,    9110,  0.60,   20410,  1.35
 188,-325.00,   26975,  0.89,    7958,  0.53,   19017,  1.26
 189,-324.00,   25244,  0.83,    6980,  0.46,   18264,  1.21
 190,-323.00,   24955,  0.82,    6505,  0.43,   18450,  1.22
 191,-322.00,   25228,  0.83,    6592,  0.44,   18636,  1.24
 192,-321.00,   25771,  0.85,    6685,  0.44,   19086,  1.27
 193,-320.00,   25226,  0.83,    5921,  0.39,   19305,  1.28
 194,-319.00,   27022,  0.89,    6660,  0.44,   20362,  1.35
 195,-318.00,   28487,  0.94,    7130,  0.47,   21357,  1.42
 196,-317.00,   30771,  1.02,    7750,  0.51,   23021,  1.53
 197,-316.00,   33419,  1.10,    8373,  0.56,   25046,  1.66
 198,-315.00,   34872,  1.15,    9065,  0.60,   25807,  1.71
 199,-314.00,   36027,  1.19,    9645,  0.64,   26382,  1.75
 200,-313.00,   35718,  1.18,    9228,  0.61,   26490,  1.76
 201,-312.00,   36010,  1.19,    8813,  0.58,   27197,  1.80
 202,-311.00,   34114,  1.13,    6439,  0.43,   27675,  1.84
 203,-310.00,   32507,  1.07,    5530,  0.37,   26977,  1.79
 204,-309.00,   32101,  1.06,    5714,  0.38,   26387,  1.75
 205,-308.00,   31191,  1.03,    5826,  0.39,   25365,  1.68
 206,-307.00,   30691,  1.01,    5787,  0.38,   24904,  1.65
 207,-306.00,   29594,  0.98,    5483,  0.36,   24111,  1.60
 208,-305.00,   27960,  0.92,    6015,  0.40,   21945,  1.46
 209,-304.00,   26441,  0.87,    6482,  0.43,   19959,  1.32
 210,-303.00,   24768,  0.82,    6316,  0.42,   18452,  1.22
 211,-302.00,   23650,  0.78,    6412,  0.43,   17238,  1.14
 212,-301.00,   22174,  0.73,    6025,  0.40,   16149,  1.07
 213,-300.00,   20685,  0.68,    6000,  0.40,   14685,  0.97
 214,-299.00,   19294,  0.64,    6280,  0.42,   13014,  0.86
 215,-298.00,   18816,  0.62,    7789,  0.52,   11027,  0.73
 216,-297.00,   18130,  0.60,    8984,  0.60,    9146,  0.61
 217,-296.00,   17547,  0.58,   10157,  0.67,    7390,  0.49
 218,-295.00,   16468,  0.54,   10395,  0.69,    6073,  0.40
 219,-294.00,   16656,  0.55,   10902,  0.72,    5754,  0.38
 220,-293.00,   16634,  0.55,   11567,  0.77,    5067,  0.34
 221,-292.00,   16365,  0.54,   12449,  0.83,    3916,  0.26
 222,-291.00,   17350,  0.57,   13939,  0.92,    3411,  0.23
 223,-290.00,   17371,  0.57,   15173,  1.01,    2198,  0.15
 224,-289.00,   15838,  0.52,   14359,  0.95,    1479,  0.10
 225,-288.00,   17310,  0.57,   14928,  0.99,    2382,  0.16
 226,-287.00,   16877,  0.56,   14874,  0.99,    2003,  0.13
 227,-286.00,   17404,  0.57,   15635,  1.04,    1769,  0.12
 228,-285.00,   17747,  0.59,   16502,  1.09,    1245,  0.08
 229,-284.00,   18857,  0.62,   17243,  1.14,    1614,  0.11
 230,-283.00,   19738,  0.65,   17786,  1.18,    1952,  0.13
 231,-282.00,   20535,  0.68,   18316,  1.22,    2219,  0.15
 232,-281.00,   20379,  0.67,   19115,  1.27,    1264,  0.08
 233,-280.00,   20689,  0.68,   19938,  1.32,     751,  0.05
 234,-279.00,   20318,  0.67,   19871,  1.32,     447,  0.03
 235,-278.00,   21299,  0.70,   21258,  1.41,      41,  0.00
 236,-277.00,   21540,  0.71,   21855,  1.45,    -315, -0.02
 237,-276.00,   21199,  0.70,   20782,  1.38,     417,  0.03
 238,-275.00,   20882,  0.69,   20950,  1.39,     -68, -0.00
 239,-274.00,   20788,  0.69,   21806,  1.45,   -1018, -0.07
 240,-273.00,   19835,  0.65,   21197,  1.41,   -1362, -0.09
 241,-272.00,   18562,  0.61,   20041,  1.33,   -1479, -0.10
 242,-271.00,   18213,  0.60,   19703,  1.31,   -1490, -0.10
 243,-270.00,   17778,  0.59,   19793,  1.31,   -2015, -0.13
 244,-269.00,   14777,  0.49,   17509,  1.16,   -2732, -0.18
 245,-268.00,   13163,  0.43,   15679,  1.04,   -2516, -0.17
 246,-267.00,   14089,  0.46,   14983,  0.99,    -894, -0.06
 247,-266.00,   15043,  0.50,   14603,  0.97,     440,  0.03
 248,-265.00,   14551,  0.48,   13558,  0.90,     993,  0.07
 249,-264.00,   14454,  0.48,   12246,  0.81,    2208,  0.15
 250,-263.00,   13271,  0.44,   10206,  0.68,    3065,  0.20
 251,-262.00,   10643,  0.35,    8374,  0.56,    2269,  0.15
 252,-261.00,    9519,  0.31,    6940,  0.46,    2579,  0.17
 253,-260.00,    9574,  0.32,    5572,  0.37,    4002,  0.27
 254,-259.00,    9603,  0.32,    4714,  0.31,    4889,  0.32
 255,-258.00,   10474,  0.35,    4822,  0.32,    5652,  0.37
 256,-257.00,    9022,  0.30,    4133,  0.27,    4889,  0.32
 257,-256.00,    7338,  0.24,    2651,  0.18,    4687,  0.31
 258,-255.00,    5252,  0.17,    1294,  0.09,    3958,  0.26
 259,-254.00,    2525,  0.08,    -534, -0.04,    3059,  0.20
 260,-253.00,    1046,  0.03,   -1012, -0.07,    2058,  0.14
 261,-252.00,     -83, -0.00,   -1034, -0.07,     951,  0.06
 262,-251.00,   -2142, -0.07,   -2199, -0.15,      57,  0.00
 263,-250.00,   -4230, -0.14,   -3735, -0.25,    -495, -0.03
 264,-249.00,   -6085, -0.20,   -4688, -0.31,   -1397, -0.09
 265,-248.00,   -8296, -0.27,   -5972, -0.40,   -2324, -0.15
 266,-247.00,  -10636, -0.35,   -8039, -0.53,   -2597, -0.17
 267,-246.00,  -11171, -0.37,   -9978, -0.66,   -1193, -0.08
 268,-245.00,  -11592, -0.38,  -11985, -0.80,     393,  0.03
 269,-244.00,  -11469, -0.38,  -13075, -0.87,    1606,  0.11
 270,-243.00,  -12150, -0.40,  -14418, -0.96,    2268,  0.15
 271,-242.00,  -12626, -0.42,  -15580, -1.03,    2954,  0.20
 272,-241.00,  -13524, -0.45,  -16631, -1.10,    3107,  0.21
 273,-240.00,  -15559, -0.51,  -18472, -1.23,    2913,  0.19
 274,-239.00,  -18680, -0.62,  -21547, -1.43,    2867,  0.19
 275,-238.00,  -21788, -0.72,  -24416, -1.62,    2628,  0.17
 276,-237.00,  -24282, -0.80,  -26635, -1.77,    2353,  0.16
 277,-236.00,  -26994, -0.89,  -28659, -1.90,    1665,  0.11
 278,-235.00,  -28527, -0.94,  -30060, -1.99,    1533,  0.10
 279,-234.00,  -29313, -0.97,  -31007, -2.06,    1694,  0.11
 280,-233.00,  -29535, -0.97,  -31610, -2.10,    2075,  0.14
 281,-232.00,  -32293, -1.07,  -33421, -2.22,    1128,  0.07
 282,-231.00,  -34431, -1.14,  -34256, -2.27,    -175, -0.01
 283,-230.00,  -37937, -1.25,  -35695, -2.37,   -2242, -0.15
 284,-229.00,  -41486, -1.37,  -36879, -2.45,   -4607, -0.31
 285,-228.00,  -45447, -1.50,  -37638, -2.50,   -7809, -0.52
 286,-227.00,  -47968, -1.58,  -37606, -2.49,  -10362, -0.69
 287,-226.00,  -49842, -1.64,  -38541, -2.56,  -11301, -0.75
 288,-225.00,  -51806, -1.71,  -39488, -2.62,  -12318, -0.82
 289,-224.00,  -53510, -1.77,  -40102, -2.66,  -13408, -0.89
 290,-223.00,  -55269, -1.82,  -40843, -2.71,  -14426, -0.96
 291,-222.00,  -54805, -1.81,  -41186, -2.73,  -13619, -0.90
 292,-221.00,  -52564, -1.73,  -40079, -2.66,  -12485, -0.83
 293,-220.00,  -51492, -1.70,  -39401, -2.61,  -12091, -0.80
 294,-219.00,  -50167, -1.66,  -38136, -2.53,  -12031, -0.80
 295,-218.00,  -50884, -1.68,  -37530, -2.49,  -13354, -0.89
 296,-217.00,  -50143, -1.65,  -36302, -2.41,  -13841, -0.92
 297,-216.00,  -49144, -1.62,  -34894, -2.32,  -14250, -0.95
 298,-215.00,  -48386, -1.60,  -33517, -2.22,  -14869, -0.99
 299,-214.00,  -48604, -1.60,  -32300, -2.14,  -16304, -1.08
 300,-213.00,  -48725, -1.61,  -31324, -2.08,  -17401, -1.15
 301,-212.00,  -48747, -1.61,  -31000, -2.06,  -17747, -1.18
 302,-211.00,  -47360, -1.56,  -30229, -2.01,  -17131, -1.14
 303,-210.00,  -47712, -1.57,  -29904, -1.98,  -17808, -1.18
 304,-209.00,  -48882, -1.61,  -29842, -1.98,  -19040, -1.26
 305,-208.00,  -50407, -1.66,  -29585, -1.96,  -20822, -1.38
 306,-207.00,  -50801, -1.68,  -28401, -1.88,  -22400, -1.49
 307,-206.00,  -51768, -1.71,  -28018, -1.86,  -23750, -1.58
 308,-205.00,  -52876, -1.74,  -27702, -1.84,  -25174, -1.67
 309,-204.00,  -54349, -1.79,  -27422, -1.82,  -26927, -1.79
 310,-203.00,  -53873, -1.78,  -25672, -1.70,  -28201, -1.87
 311,-202.00,  -51140, -1.69,  -22275, -1.48,  -28865, -1.92
 312,-201.00,  -49048, -1.62,  -19599, -1.30,  -29449, -1.95
 313,-200.00,  -47921, -1.58,  -17832, -1.18,  -30089, -2.00
 314,-199.00,  -45221, -1.49,  -16174, -1.07,  -29047, -1.93
 315,-198.00,  -42394, -1.40,  -14226, -0.94,  -28168, -1.87
 316,-197.00,  -39238, -1.29,  -10838, -0.72,  -28400, -1.88
 317,-196.00,  -36602, -1.21,   -7813, -0.52,  -28789, -1.91
 318,-195.00,  -33472, -1.10,   -4387, -0.29,  -29085, -1.93
 319,-194.00,  -30779, -1.02,    -924, -0.06,  -29855, -1.98
 320,-193.00,  -27508, -0.91,    2776,  0.18,  -30284, -2.01
 321,-192.00,  -25325, -0.84,    5507,  0.37,  -30832, -2.05
 322,-191.00,  -24491, -0.81,    6834,  0.45,  -31325, -2.08
 323,-190.00,  -24160, -0.80,    7998,  0.53,  -32158, -2.13
 324,-189.00,  -24032, -0.79,    9203,  0.61,  -33235, -2.20
 325,-188.00,  -23662, -0.78,   10073,  0.67,  -33735, -2.24
 326,-187.00,  -23045, -0.76,   10782,  0.72,  -33827, -2.24
 327,-186.00,  -24119, -0.80,   11127,  0.74,  -35246, -2.34
 328,-185.00,  -24056, -0.79,   12587,  0.84,  -36643, -2.43
 329,-184.00,  -24364, -0.80,   13017,  0.86,  -37381, -2.48
 330,-183.00,  -25401, -0.84,   11954,  0.79,  -37355, -2.48
 331,-182.00,  -26718, -0.88,   11785,  0.78,  -38503, -2.55
 332,-181.00,  -27027, -0.89,   12569,  0.83,  -39596, -2.63
 333,-180.00,  -27213, -0.90,   13657,  0.91,  -40870, -2.71
 334,-179.00,  -27204, -0.90,   14080,  0.93,  -41284, -2.74
 335,-178.00,  -28714, -0.95,   13412,  0.89,  -42126, -2.79
 336,-177.00,  -28644, -0.95,   14228,  0.94,  -42872, -2.84
 337,-176.00,  -26459, -0.87,   16275,  1.08,  -42734, -2.84
 338,-175.00,  -23980, -0.79,   18240,  1.21,  -42220, -2.80
 339,-174.00,  -22396, -0.74,   20332,  1.35,  -42728, -2.83
 340,-173.00,  -20950, -0.69,   22104,  1.47,  -43054, -2.86
 341,-172.00,  -19281, -0.64,   24029,  1.59,  -43310, -2.87
 342,-171.00,  -18240, -0.60,   25405,  1.69,  -43645, -2.90
 343,-170.00,  -17790, -0.59,   26130,  1.73,  -43920, -2.91
 344,-169.00,  -15079, -0.50,   27049,  1.79,  -42128, -2.79
 345,-168.00,  -11432, -0.38,   28798,  1.91,  -40230, -2.67
 346,-167.00,   -8395, -0.28,   30451,  2.02,  -38846, -2.58
 347,-166.00,   -8815, -0.29,   30156,  2.00,  -38971, -2.59
 348,-165.00,   -8852, -0.29,   29595,  1.96,  -38447, -2.55
 349,-164.00,   -8647, -0.29,   29224,  1.94,  -37871, -2.51
 350,-163.00,   -7944, -0.26,   29328,  1.95,  -37272, -2.47
 351,-162.00,   -6768, -0.22,   30145,  2.00,  -36913, -2.45
 352,-161.00,   -4906, -0.16,   31556,  2.09,  -36462, -2.42
 353,-160.00,   -4178, -0.14,   32389,  2.15,  -36567, -2.43
 354,-159.00,   -4949, -0.16,   32049,  2.13,  -36998, -2.45
 355,-158.00,   -4373, -0.14,   33200,  2.20,  -37573, -2.49
 356,-157.00,   -3357, -0.11,   34560,  2.29,  -37917, -2.52
 357,-156.00,   -2384, -0.08,   35404,  2.35,  -37788, -2.51
 358,-155.00,   -1719, -0.06,   36398,  2.41,  -38117, -2.53
 359,-154.00,   -1491, -0.05,   36631,  2.43,  -38122, -2.53
 360,-153.00,   -2020, -0.07,   36095,  2.39,  -38115, -2.53
 361,-152.00,   -2399, -0.08,   35581,  2.36,  -37980, -2.52
 362,-151.00,   -3473, -0.11,   34713,  2.30,  -38186, -2.53
 363,-150.00,   -5103, -0.17,   34224,  2.27,  -39327, -2.61
 364,-149.00,   -6175, -0.20,   33919,  2.25,  -40094, -2.66
 365,-148.00,   -3944, -0.13,   35156,  2.33,  -39100, -2.59
 366,-147.00,    -886, -0.03,   35305,  2.34,  -36191, -2.40
 367,-146.00,     819,  0.03,   34468,  2.29,  -33649, -2.23
 368,-145.00,    2547,  0.08,   34667,  2.30,  -32120, -2.13
 369,-144.00,    3800,  0.13,   35325,  2.34,  -31525, -2.09
 370,-143.00,    2979,  0.10,   34059,  2.26,  -31080, -2.06
 371,-142.00,    1440,  0.05,   32156,  2.13,  -30716, -2.04
 372,-141.00,    1407,  0.05,   31946,  2.12,  -30539, -2.03
 373,-140.00,    2342,  0.08,   31574,  2.09,  -29232, -1.94
 374,-139.00,    3433,  0.11,   30668,  2.03,  -27235, -1.81
 375,-138.00,    4341,  0.14,   29995,  1.99,  -25654, -1.70
 376,-137.00,    5404,  0.18,   29897,  1.98,  -24493, -1.62
 377,-136.00,    6741,  0.22,   30596,  2.03,  -23855, -1.58
 378,-135.00,    7102,  0.23,   30575,  2.03,  -23473, -1.56
 379,-134.00,    7703,  0.25,   30073,  2.00,  -22370, -1.48
 380,-133.00,    7554,  0.25,   28404,  1.88,  -20850, -1.38
 381,-132.00,    8021,  0.26,   27088,  1.80,  -19067, -1.26
 382,-131.00,    8701,  0.29,   26287,  1.74,  -17586, -1.17
 383,-130.00,    9837,  0.32,   26088,  1.73,  -16251, -1.08
 384,-129.00,   10952,  0.36,   25495,  1.69,  -14543, -0.96
 385,-128.00,   11000,  0.36,   24064,  1.60,  -13064, -0.87
 386,-127.00,   12049,  0.40,   22555,  1.50,  -10506, -0.70
 387,-126.00,   12394,  0.41,   20998,  1.39,   -8604, -0.57
 388,-125.00,   12932,  0.43,   19939,  1.32,   -7007, -0.46
 389,-124.00,   13099,  0.43,   18047,  1.20,   -4948, -0.33
 390,-123.00,   13455,  0.44,   15978,  1.06,   -2523, -0.17
 391,-122.00,   13582,  0.45,   13765,  0.91,    -183, -0.01
 392,-121.00,   13750,  0.45,   12892,  0.86,     858,  0.06
 393,-120.00,   12925,  0.43,   11875,  0.79,    1050,  0.07
 394,-119.00,   12831,  0.42,   12087,  0.80,     744,  0.05
 395,-118.00,   12797,  0.42,   12345,  0.82,     452,  0.03
 396,-117.00,   12603,  0.42,   11778,  0.78,     825,  0.05
 397,-116.00,   11674,  0.39,   10296,  0.68,    1378,  0.09
 398,-115.00,   10746,  0.35,    9307,  0.62,    1439,  0.10
 399,-114.00,    9253,  0.31,    8941,  0.59,     312,  0.02
 400,-113.00,    8721,  0.29,    9888,  0.66,   -1167, -0.08
 401,-112.00,    8316,  0.27,   10661,  0.71,   -2345, -0.16
 402,-111.00,    8268,  0.27,   10840,  0.72,   -2572, -0.17
 403,-110.00,    7255,  0.24,   10140,  0.67,   -2885, -0.19
 404,-109.00,    6473,  0.21,    9794,  0.65,   -3321, -0.22
 405,-108.00,    6644,  0.22,    9683,  0.64,   -3039, -0.20
 406,-107.00,    5839,  0.19,    9254,  0.61,   -3415, -0.23
 407,-106.00,    5431,  0.18,    9592,  0.64,   -4161, -0.28
 408,-105.00,    3898,  0.13,    9306,  0.62,   -5408, -0.36
 409,-104.00,     854,  0.03,    7420,  0.49,   -6566, -0.44
 410,-103.00,    -425, -0.01,    6274,  0.42,   -6699, -0.44
 411,-102.00,   -1135, -0.04,    5095,  0.34,   -6230, -0.41
 412,-101.00,   -2665, -0.09,    3744,  0.25,   -6409, -0.43
 413,-100.00,   -4271, -0.14,    2648,  0.18,   -6919, -0.46
 414,-99.00,   -6951, -0.23,    1323,  0.09,   -8274, -0.55
 415,-98.00,  -10070, -0.33,    -680, -0.05,   -9390, -0.62
 416,-97.00,  -13046, -0.43,   -2888, -0.19,  -10158, -0.67
 417,-96.00,  -14549, -0.48,   -4275, -0.28,  -10274, -0.68
 418,-95.00,  -15994, -0.53,   -5315, -0.35,  -10679, -0.71
 419,-94.00,  -18045, -0.60,   -6081, -0.40,  -11964, -0.79
 420,-93.00,  -18892, -0.62,   -6423, -0.43,  -12469, -0.83
 421,-92.00,  -18075, -0.60,   -6350, -0.42,  -11725, -0.78
 422,-91.00,  -17307, -0.57,   -6008, -0.40,  -11299, -0.75
 423,-90.00,  -16223, -0.54,   -5564, -0.37,  -10659, -0.71
 424,-89.00,  -15244, -0.50,   -4957, -0.33,  -10287, -0.68
 425,-88.00,  -14647, -0.48,   -4999, -0.33,   -9648, -0.64
 426,-87.00,  -15437, -0.51,   -5731, -0.38,   -9706, -0.64
 427,-86.00,  -17350, -0.57,   -6875, -0.46,  -10475, -0.69
 428,-85.00,  -18210, -0.60,   -6714, -0.45,  -11496, -0.76
 429,-84.00,  -19940, -0.66,   -7578, -0.50,  -12362, -0.82
 430,-83.00,  -21355, -0.70,   -8492, -0.56,  -12863, -0.85
 431,-82.00,  -21707, -0.72,   -9040, -0.60,  -12667, -0.84
 432,-81.00,  -21489, -0.71,   -9957, -0.66,  -11532, -0.77
 433,-80.00,  -22108, -0.73,  -11183, -0.74,  -10925, -0.72
 434,-79.00,  -22459, -0.74,  -11962, -0.79,  -10497, -0.70
 435,-78.00,  -21598, -0.71,  -12092, -0.80,   -9506, -0.63
 436,-77.00,  -21962, -0.72,  -12398, -0.82,   -9564, -0.63
 437,-76.00,  -21957, -0.72,  -12967, -0.86,   -8990, -0.60
 438,-75.00,  -23716, -0.78,  -14771, -0.98,   -8945, -0.59
 439,-74.00,  -24585, -0.81,  -16138, -1.07,   -8447, -0.56
 440,-73.00,  -23571, -0.78,  -16664, -1.11,   -6907, -0.46
 441,-72.00,  -23287, -0.77,  -16819, -1.12,   -6468, -0.43
 442,-71.00,  -22653, -0.75,  -16053, -1.07,   -6600, -0.44
 443,-70.00,  -21031, -0.69,  -15123, -1.00,   -5908, -0.39
 444,-69.00,  -20013, -0.66,  -14061, -0.93,   -5952, -0.39
 445,-68.00,  -18670, -0.62,  -12551, -0.83,   -6119, -0.41
 446,-67.00,  -17680, -0.58,  -11502, -0.76,   -6178, -0.41
 447,-66.00,  -16448, -0.54,  -11028, -0.73,   -5420, -0.36
 448,-65.00,  -15032, -0.50,   -9647, -0.64,   -5385, -0.36
 449,-64.00,  -13807, -0.46,   -8826, -0.59,   -4981, -0.33
 450,-63.00,  -13224, -0.44,   -8592, -0.57,   -4632, -0.31
 451,-62.00,  -12451, -0.41,   -7649, -0.51,   -4802, -0.32
 452,-61.00,  -12982, -0.43,   -7421, -0.49,   -5561, -0.37
 453,-60.00,  -13804, -0.46,   -7372, -0.49,   -6432, -0.43
 454,-59.00,  -14945, -0.49,   -7559, -0.50,   -7386, -0.49
 455,-58.00,  -16182, -0.53,   -7987, -0.53,   -8195, -0.54
 456,-57.00,  -17216, -0.57,   -9029, -0.60,   -8187, -0.54
 457,-56.00,  -18618, -0.61,  -10065, -0.67,   -8553, -0.57
 458,-55.00,  -19654, -0.65,   -9760, -0.65,   -9894, -0.66
 459,-54.00,  -20676, -0.68,  -10820, -0.72,   -9856, -0.65
 460,-53.00,  -21453, -0.71,  -12533, -0.83,   -8920, -0.59
 461,-52.00,  -22610, -0.75,  -14342, -0.95,   -8268, -0.55
 462,-51.00,  -24130, -0.80,  -16397, -1.09,   -7733, -0.51
 463,-50.00,  -25414, -0.84,  -18076, -1.20,   -7338, -0.49
 464,-49.00,  -25227, -0.83,  -18652, -1.24,   -6575, -0.44
 465,-48.00,  -24640, -0.81,  -18876, -1.25,   -5764, -0.38
 466,-47.00,  -25172, -0.83,  -20245, -1.34,   -4927, -0.33
 467,-46.00,  -24897, -0.82,  -20422, -1.35,   -4475, -0.30
 468,-45.00,  -24952, -0.82,  -20687, -1.37,   -4265, -0.28
 469,-44.00,  -25037, -0.83,  -21267, -1.41,   -3770, -0.25
 470,-43.00,  -24523, -0.81,  -21069, -1.40,   -3454, -0.23
 471,-42.00,  -22856, -0.75,  -19667, -1.30,   -3189, -0.21
 472,-41.00,  -22405, -0.74,  -19010, -1.26,   -3395, -0.23
 473,-40.00,  -23303, -0.77,  -19508, -1.29,   -3795, -0.25
 474,-39.00,  -23673, -0.78,  -19178, -1.27,   -4495, -0.30
 475,-38.00,  -23647, -0.78,  -18653, -1.24,   -4994, -0.33
 476,-37.00,  -24174, -0.80,  -18465, -1.23,   -5709, -0.38
 477,-36.00,  -23918, -0.79,  -17714, -1.18,   -6204, -0.41
 478,-35.00,  -23651, -0.78,  -16975, -1.13,   -6676, -0.44
 479,-34.00,  -23915, -0.79,  -17407, -1.15,   -6508, -0.43
 480,-33.00,  -22215, -0.73,  -16641, -1.10,   -5574, -0.37
 481,-32.00,  -21917, -0.72,  -16199, -1.07,   -5718, -0.38
 482,-31.00,  -22372, -0.74,  -17295, -1.15,   -5077, -0.34
 483,-30.00,  -21217, -0.70,  -17485, -1.16,   -3732, -0.25
 484,-29.00,  -19666, -0.65,  -16376, -1.09,   -3290, -0.22
 485,-28.00,  -18748, -0.62,  -15170, -1.01,   -3578, -0.24
 486,-27.00,  -17716, -0.58,  -13604, -0.90,   -4112, -0.27
 487,-26.00,  -16809, -0.55,  -12993, -0.86,   -3816, -0.25
 488,-25.00,  -16746, -0.55,  -13125, -0.87,   -3621, -0.24
 489,-24.00,  -16790, -0.55,  -13321, -0.88,   -3469, -0.23
 490,-23.00,  -15265, -0.50,  -12924, -0.86,   -2341, -0.16
 491,-22.00,  -13013, -0.43,  -12216, -0.81,    -797, -0.05
 492,-21.00,  -11616, -0.38,  -11352, -0.75,    -264, -0.02
 493,-20.00,   -9257, -0.31,   -8608, -0.57,    -649, -0.04
 494,-19.00,   -7906, -0.26,   -6540, -0.43,   -1366, -0.09
 495,-18.00,   -8768, -0.29,   -5710, -0.38,   -3058, -0.20
 496,-17.00,   -9455, -0.31,   -4399, -0.29,   -5056, -0.34
 497,-16.00,   -9187, -0.30,   -3287, -0.22,   -5900, -0.39
 498,-15.00,   -9400, -0.31,   -1766, -0.12,   -7634, -0.51
 499,-14.00,  -10028, -0.33,     -86, -0.00,   -9942, -0.66
 500,-13.00,  -11150, -0.37,     653,  0.04,  -11803, -0.78
 501,-12.00,  -12465, -0.41,    1016,  0.07,  -13481, -0.89
 502,-11.00,  -12054, -0.40,    2359,  0.16,  -14413, -0.96
 503,-10.00,  -13576, -0.45,    2721,  0.18,  -16297, -1.08
 504,-9.00,  -16289, -0.54,    2379,  0.16,  -18668, -1.24
 505,-8.00,  -18677, -0.62,    3213,  0.21,  -21890, -1.45
 506,-7.00,  -20995, -0.69,    3663,  0.24,  -24658, -1.64
 507,-6.00,  -23118, -0.76,    3258,  0.22,  -26376, -1.75
 508,-5.00,  -24580, -0.81,    3054,  0.20,  -27634, -1.83
 509,-4.00,  -23786, -0.78,    3649,  0.24,  -27435, -1.82
 510,-3.00,  -24145, -0.80,    3824,  0.25,  -27969, -1.86
 511,-2.00,  -26036, -0.86,    3771,  0.25,  -29807, -1.98
 512,-1.00,  -27362, -0.90,    3673,  0.24,  -31035, -2.06
 513,0.00,  -28382, -0.94,    3629,  0.24,  -32011, -2.12
 514,1.00,  -29467, -0.97,    3607,  0.24,  -33074, -2.19
 515,2.00,  -28842, -0.95,    4596,  0.30,  -33438, -2.22
 516,3.00,  -29169, -0.96,    4188,  0.28,  -33357, -2.21
 517,4.00,  -29364, -0.97,    3939,  0.26,  -33303, -2.21
 518,5.00,  -28014, -0.92,    5017,  0.33,  -33031, -2.19
 519,6.00,  -26636, -0.88,    5181,  0.34,  -31817, -2.11
 520,7.00,  -24109, -0.80,    6275,  0.42,  -30384, -2.02
 521,8.00,  -21417, -0.71,    7525,  0.50,  -28942, -1.92
 522,9.00,  -18542, -0.61,    9361,  0.62,  -27903, -1.85
 523,10.00,  -15845, -0.52,   11206,  0.74,  -27051, -1.79
 524,11.00,  -14619, -0.48,   11706,  0.78,  -26325, -1.75
 525,12.00,  -14484, -0.48,   12340,  0.82,  -26824, -1.78
 526,13.00,  -13526, -0.45,   13503,  0.90,  -27029, -1.79
 527,14.00,  -12672, -0.42,   13718,  0.91,  -26390, -1.75
 528,15.00,  -11622, -0.38,   13909,  0.92,  -25531, -1.69
 529,16.00,  -10345, -0.34,   14625,  0.97,  -24970, -1.66
 530,17.00,   -9175, -0.30,   15743,  1.04,  -24918, -1.65
 531,18.00,   -8197, -0.27,   16573,  1.10,  -24770, -1.64
 532,19.00,   -5631, -0.19,   18052,  1.20,  -23683, -1.57
 533,20.00,   -4537, -0.15,   18696,  1.24,  -23233, -1.54
 534,21.00,   -4892, -0.16,   18578,  1.23,  -23470, -1.56
 535,22.00,   -4884, -0.16,   18304,  1.21,  -23188, -1.54
 536,23.00,   -4573, -0.15,   17893,  1.19,  -22466, -1.49
 537,24.00,   -4219, -0.14,   17812,  1.18,  -22031, -1.46
 538,25.00,   -2299, -0.08,   18384,  1.22,  -20683, -1.37
 539,26.00,     257,  0.00,   18871,  1.25,  -18614, -1.23
 540,27.00,    2282,  0.08,   19168,  1.27,  -16886, -1.12
 541,28.00,    3348,  0.11,   19112,  1.27,  -15764, -1.05
 542,29.00,    3357,  0.11,   18903,  1.25,  -15546, -1.03
 543,30.00,    3481,  0.11,   18635,  1.24,  -15154, -1.01
 544,31.00,    4497,  0.15,   18971,  1.26,  -14474, -0.96
 545,32.00,    6828,  0.23,   19940,  1.32,  -13112, -0.87
 546,33.00,    9097,  0.30,   20544,  1.36,  -11447, -0.76
 547,34.00,   10706,  0.35,   20996,  1.39,  -10290, -0.68
 548,35.00,   10710,  0.35,   20744,  1.38,  -10034, -0.67
 549,36.00,   10805,  0.36,   20449,  1.36,   -9644, -0.64
 550,37.00,   10432,  0.34,   20035,  1.33,   -9603, -0.64
 551,38.00,    9721,  0.32,   18895,  1.25,   -9174, -0.61
 552,39.00,    9291,  0.31,   18810,  1.25,   -9519, -0.63
 553,40.00,    9858,  0.33,   19227,  1.28,   -9369, -0.62
 554,41.00,   11274,  0.37,   19964,  1.32,   -8690, -0.58
 555,42.00,   13084,  0.43,   20828,  1.38,   -7744, -0.51
 556,43.00,   14919,  0.49,   21465,  1.42,   -6546, -0.43
 557,44.00,   16950,  0.56,   21496,  1.43,   -4546, -0.30
 558,45.00,   17428,  0.58,   20633,  1.37,   -3205, -0.21
 559,46.00,   19006,  0.63,   20509,  1.36,   -1503, -0.10
 560,47.00,   21086,  0.70,   20846,  1.38,     240,  0.02
 561,48.00,   22025,  0.73,   20611,  1.37,    1414,  0.09
 562,49.00,   23547,  0.78,   20219,  1.34,    3328,  0.22
 563,50.00,   25851,  0.85,   20320,  1.35,    5531,  0.37
 564,51.00,   27418,  0.90,   20519,  1.36,    6899,  0.46
 565,52.00,   30072,  0.99,   21533,  1.43,    8539,  0.57
 566,53.00,   31288,  1.03,   21952,  1.46,    9336,  0.62
 567,54.00,   30222,  1.00,   20840,  1.38,    9382,  0.62
 568,55.00,   28026,  0.92,   18911,  1.25,    9115,  0.60
 569,56.00,   25950,  0.86,   16925,  1.12,    9025,  0.60
 570,57.00,   25762,  0.85,   16012,  1.06,    9750,  0.65
 571,58.00,   27640,  0.91,   16875,  1.12,   10765,  0.71
 572,59.00,   29137,  0.96,   17794,  1.18,   11343,  0.75
 573,60.00,   29289,  0.97,   17406,  1.15,   11883,  0.79
 574,61.00,   29846,  0.98,   17268,  1.15,   12578,  0.83
 575,62.00,   30408,  1.00,   17130,  1.14,   13278,  0.88
 576,63.00,   32326,  1.07,   18147,  1.20,   14179,  0.94
 577,64.00,   34118,  1.13,   18634,  1.24,   15484,  1.03
 578,65.00,   32772,  1.08,   17880,  1.19,   14892,  0.99
 579,66.00,   30658,  1.01,   16361,  1.09,   14297,  0.95
 580,67.00,   29525,  0.97,   15132,  1.00,   14393,  0.95
 581,68.00,   29585,  0.98,   14414,  0.96,   15171,  1.01
 582,69.00,   31069,  1.03,   14876,  0.99,   16193,  1.07
 583,70.00,   33992,  1.12,   16098,  1.07,   17894,  1.19
 584,71.00,   36645,  1.21,   16929,  1.12,   19716,  1.31
 585,72.00,   40295,  1.33,   17837,  1.18,   22458,  1.49
 586,73.00,   44930,  1.48,   19444,  1.29,   25486,  1.69
 587,74.00,   48073,  1.59,   20595,  1.37,   27478,  1.82
 588,75.00,   50113,  1.65,   21837,  1.45,   28276,  1.88
 589,76.00,   52654,  1.74,   23826,  1.58,   28828,  1.91
 590,77.00,   53999,  1.78,   25157,  1.67,   28842,  1.91
 591,78.00,   55570,  1.83,   26861,  1.78,   28709,  1.90
 592,79.00,   57141,  1.89,   28487,  1.89,   28654,  1.90
 593,80.00,   58769,  1.94,   29738,  1.97,   29031,  1.93
 594,81.00,   61249,  2.02,   31161,  2.07,   30088,  2.00
 595,82.00,   64795,  2.14,   32969,  2.19,   31826,  2.11
 596,83.00,   67506,  2.23,   34215,  2.27,   33291,  2.21
 597,84.00,   71235,  2.35,   35934,  2.38,   35301,  2.34
 598,85.00,   73428,  2.42,   36707,  2.44,   36721,  2.44
 599,86.00,   75262,  2.48,   37816,  2.51,   37446,  2.48
 600,87.00,   77482,  2.56,   39400,  2.61,   38082,  2.53
 601,88.00,   80666,  2.66,   40799,  2.71,   39867,  2.64
 602,89.00,   84739,  2.80,   42899,  2.85,   41840,  2.78
 603,90.00,   88856,  2.93,   44742,  2.97,   44114,  2.93
 604,91.00,   91710,  3.03,   46092,  3.06,   45618,  3.03
 605,92.00,   94147,  3.11,   46823,  3.11,   47324,  3.14
 606,93.00,   97277,  3.21,   47878,  3.18,   49399,  3.28
 607,94.00,   99708,  3.29,   48753,  3.23,   50955,  3.38
 608,95.00,   99331,  3.28,   48790,  3.24,   50541,  3.35
 609,96.00,   98636,  3.25,   48639,  3.23,   49997,  3.32
 610,97.00,   98643,  3.25,   48876,  3.24,   49767,  3.30
 611,98.00,   97756,  3.23,   48741,  3.23,   49015,  3.25
 612,99.00,   94956,  3.13,   47294,  3.14,   47662,  3.16
 613,100.00,   92719,  3.06,   45772,  3.04,   46947,  3.11
 614,101.00,   91400,  3.02,   45456,  3.02,   45944,  3.05
 615,102.00,   90234,  2.98,   45380,  3.01,   44854,  2.98
 616,103.00,   88303,  2.91,   44405,  2.95,   43898,  2.91
 617,104.00,   85375,  2.82,   42507,  2.82,   42868,  2.84
 618,105.00,   80651,  2.66,   39286,  2.61,   41365,  2.74
 619,106.00,   76409,  2.52,   36289,  2.41,   40120,  2.66
 620,107.00,   72138,  2.38,   34248,  2.27,   37890,  2.51
 621,108.00,   67561,  2.23,   32245,  2.14,   35316,  2.34
 622,109.00,   64375,  2.12,   30679,  2.04,   33696,  2.24
 623,110.00,   60980,  2.01,   29123,  1.93,   31857,  2.11
 624,111.00,   58409,  1.93,   27953,  1.85,   30456,  2.02
 625,112.00,   56557,  1.87,   27386,  1.82,   29171,  1.94
 626,113.00,   54532,  1.80,   26583,  1.76,   27949,  1.85
 627,114.00,   54575,  1.80,   25859,  1.72,   28716,  1.91
 628,115.00,   53983,  1.78,   24700,  1.64,   29283,  1.94
 629,116.00,   51527,  1.70,   23270,  1.54,   28257,  1.87
 630,117.00,   48516,  1.60,   22701,  1.51,   25815,  1.71
 631,118.00,   45167,  1.49,   21146,  1.40,   24021,  1.59
 632,119.00,   41184,  1.36,   19059,  1.26,   22125,  1.47
 633,120.00,   37041,  1.22,   17541,  1.16,   19500,  1.29
 634,121.00,   34002,  1.12,   15996,  1.06,   18006,  1.19
 635,122.00,   30615,  1.01,   14857,  0.99,   15758,  1.05
 636,123.00,   28036,  0.92,   14382,  0.95,   13654,  0.91
 637,124.00,   24401,  0.81,   12551,  0.83,   11850,  0.79
 638,125.00,   18929,  0.62,   10006,  0.66,    8923,  0.59
 639,126.00,   14709,  0.49,    8684,  0.58,    6025,  0.40
 640,127.00,   10218,  0.34,    7098,  0.47,    3120,  0.21
 641,128.00,    6236,  0.21,    4948,  0.33,    1288,  0.09
 642,129.00,    4038,  0.13,    3900,  0.26,     138,  0.00
 643,130.00,    2295,  0.08,    3488,  0.23,   -1193, -0.08
 644,131.00,    1088,  0.04,    3646,  0.24,   -2558, -0.17
 645,132.00,      56,  0.00,    3362,  0.22,   -3306, -0.22
 646,133.00,   -2368, -0.08,    2149,  0.14,   -4517, -0.30
 647,134.00,   -4815, -0.16,     940,  0.06,   -5755, -0.38
 648,135.00,   -8061, -0.27,    -125, -0.00,   -7936, -0.53
 649,136.00,  -12489, -0.41,   -1852, -0.12,  -10637, -0.71
 650,137.00,  -17909, -0.59,   -4494, -0.30,  -13415, -0.89
 651,138.00,  -22222, -0.73,   -7211, -0.48,  -15011, -1.00
 652,139.00,  -26163, -0.86,  -10028, -0.67,  -16135, -1.07
 653,140.00,  -31530, -1.04,  -12890, -0.86,  -18640, -1.24
 654,141.00,  -34664, -1.14,  -13878, -0.92,  -20786, -1.38
 655,142.00,  -33509, -1.11,  -12116, -0.80,  -21393, -1.42
 656,143.00,  -33639, -1.11,  -11293, -0.75,  -22346, -1.48
 657,144.00,  -35955, -1.19,  -12242, -0.81,  -23713, -1.57
 658,145.00,  -41092, -1.36,  -15003, -1.00,  -26089, -1.73
 659,146.00,  -45118, -1.49,  -17775, -1.18,  -27343, -1.81
 660,147.00,  -47186, -1.56,  -19854, -1.32,  -27332, -1.81
 661,148.00,  -48541, -1.60,  -21631, -1.44,  -26910, -1.79
 662,149.00,  -49839, -1.64,  -23435, -1.55,  -26404, -1.75
 663,150.00,  -53158, -1.75,  -26415, -1.75,  -26743, -1.77
 664,151.00,  -56735, -1.87,  -29376, -1.95,  -27359, -1.82
 665,152.00,  -58064, -1.92,  -30868, -2.05,  -27196, -1.80
 666,153.00,  -59512, -1.96,  -32936, -2.19,  -26576, -1.76
 667,154.00,  -60124, -1.98,  -34795, -2.31,  -25329, -1.68
 668,155.00,  -62736, -2.07,  -38006, -2.52,  -24730, -1.64
 669,156.00,  -66349, -2.19,  -41462, -2.75,  -24887, -1.65
 670,157.00,  -69139, -2.28,  -43779, -2.90,  -25360, -1.68
 671,158.00,  -72627, -2.40,  -46700, -3.10,  -25927, -1.72
 672,159.00,  -74304, -2.45,  -48294, -3.20,  -26010, -1.73
 673,160.00,  -74545, -2.46,  -48905, -3.24,  -25640, -1.70
 674,161.00,  -74424, -2.46,  -49869, -3.31,  -24555, -1.63
 675,162.00,  -73741, -2.43,  -50160, -3.33,  -23581, -1.56
 676,163.00,  -72572, -2.39,  -49977, -3.32,  -22595, -1.50
 677,164.00,  -70494, -2.33,  -49320, -3.27,  -21174, -1.40
 678,165.00,  -69471, -2.29,  -49159, -3.26,  -20312, -1.35
 679,166.00,  -68997, -2.28,  -48973, -3.25,  -20024, -1.33
 680,167.00,  -68910, -2.27,  -48304, -3.20,  -20606, -1.37
 681,168.00,  -68647, -2.26,  -47622, -3.16,  -21025, -1.39
 682,169.00,  -67151, -2.22,  -47078, -3.12,  -20073, -1.33
 683,170.00,  -64640, -2.13,  -45232, -3.00,  -19408, -1.29
 684,171.00,  -62755, -2.07,  -43508, -2.89,  -19247, -1.28
 685,172.00,  -61336, -2.02,  -42292, -2.81,  -19044, -1.26
 686,173.00,  -60660, -2.00,  -41539, -2.76,  -19121, -1.27
 687,174.00,  -59802, -1.97,  -40798, -2.71,  -19004, -1.26
 688,175.00,  -58816, -1.94,  -40615, -2.69,  -18201, -1.21
 689,176.00,  -58317, -1.92,  -41403, -2.75,  -16914, -1.12
 690,177.00,  -58245, -1.92,  -41511, -2.75,  -16734, -1.11
 691,178.00,  -56128, -1.85,  -39826, -2.64,  -16302, -1.08
 692,179.00,  -53189, -1.75,  -37536, -2.49,  -15653, -1.04
 693,180.00,  -52147, -1.72,  -36483, -2.42,  -15664, -1.04
 694,181.00,  -51070, -1.68,  -35945, -2.38,  -15125, -1.00
 695,182.00,  -49656, -1.64,  -34839, -2.31,  -14817, -0.98
 696,183.00,  -47813, -1.58,  -33829, -2.24,  -13984, -0.93
 697,184.00,  -46128, -1.52,  -33366, -2.21,  -12762, -0.85
 698,185.00,  -42928, -1.42,  -31676, -2.10,  -11252, -0.75
 699,186.00,  -40037, -1.32,  -29697, -1.97,  -10340, -0.69
 700,187.00,  -36836, -1.22,  -27634, -1.83,   -9202, -0.61
 701,188.00,  -33922, -1.12,  -25896, -1.72,   -8026, -0.53
 702,189.00,  -31022, -1.02,  -23761, -1.58,   -7261, -0.48
 703,190.00,  -28310, -0.93,  -22179, -1.47,   -6131, -0.41
 704,191.00,  -26166, -0.86,  -21515, -1.43,   -4651, -0.31
 705,192.00,  -24771, -0.82,  -21458, -1.42,   -3313, -0.22
 706,193.00,  -23825, -0.79,  -20747, -1.38,   -3078, -0.20
 707,194.00,  -23403, -0.77,  -19966, -1.32,   -3437, -0.23
 708,195.00,  -22654, -0.75,  -19033, -1.26,   -3621, -0.24
 709,196.00,  -21116, -0.70,  -17660, -1.17,   -3456, -0.23
 710,197.00,  -18907, -0.62,  -15846, -1.05,   -3061, -0.20
 711,198.00,  -16614, -0.55,  -13893, -0.92,   -2721, -0.18
 712,199.00,  -14784, -0.49,  -12192, -0.81,   -2592, -0.17
 713,200.00,  -14788, -0.49,  -10914, -0.72,   -3874, -0.26
 714,201.00,  -16425, -0.54,  -10451, -0.69,   -5974, -0.40
 715,202.00,  -16313, -0.54,   -8886, -0.59,   -7427, -0.49
 716,203.00,  -14339, -0.47,   -7425, -0.49,   -6914, -0.46
 717,204.00,  -13735, -0.45,   -6681, -0.44,   -7054, -0.47
 718,205.00,  -13696, -0.45,   -6089, -0.40,   -7607, -0.50
 719,206.00,  -13856, -0.46,   -5785, -0.38,   -8071, -0.54
 720,207.00,  -14455, -0.48,   -5810, -0.39,   -8645, -0.57
 721,208.00,  -15506, -0.51,   -5860, -0.39,   -9646, -0.64
 722,209.00,  -16612, -0.55,   -5446, -0.36,  -11166, -0.74
 723,210.00,  -18271, -0.60,   -5696, -0.38,  -12575, -0.83
 724,211.00,  -20231, -0.67,   -5914, -0.39,  -14317, -0.95
 725,212.00,  -21610, -0.71,   -5849, -0.39,  -15761, -1.05
 726,213.00,  -22941, -0.76,   -6136, -0.41,  -16805, -1.11
 727,214.00,  -25225, -0.83,   -6937, -0.46,  -18288, -1.21
 728,215.00,  -26647, -0.88,   -7173, -0.48,  -19474, -1.29
 729,216.00,  -27530, -0.91,   -6810, -0.45,  -20720, -1.37
 730,217.00,  -27384, -0.90,   -6164, -0.41,  -21220, -1.41
 731,218.00,  -27908, -0.92,   -6512, -0.43,  -21396, -1.42
 732,219.00,  -30320, -1.00,   -7792, -0.52,  -22528, -1.49
 733,220.00,  -33014, -1.09,   -8958, -0.59,  -24056, -1.60
 734,221.00,  -34956, -1.15,   -9872, -0.65,  -25084, -1.66
 735,222.00,  -36869, -1.22,  -10440, -0.69,  -26429, -1.75
 736,223.00,  -39499, -1.30,  -11762, -0.78,  -27737, -1.84
 737,224.00,  -41926, -1.38,  -13375, -0.89,  -28551, -1.89
 738,225.00,  -44507, -1.47,  -15024, -1.00,  -29483, -1.96
 739,226.00,  -46521, -1.53,  -16347, -1.08,  -30174, -2.00
 740,227.00,  -47105, -1.55,  -16655, -1.10,  -30450, -2.02
 741,228.00,  -48922, -1.61,  -17531, -1.16,  -31391, -2.08
 742,229.00,  -51559, -1.70,  -18375, -1.22,  -33184, -2.20
 743,230.00,  -53640, -1.77,  -19609, -1.30,  -34031, -2.26
 744,231.00,  -55247, -1.82,  -20724, -1.37,  -34523, -2.29
 745,232.00,  -56366, -1.86,  -21721, -1.44,  -34645, -2.30
 746,233.00,  -57664, -1.90,  -23277, -1.54,  -34387, -2.28
 747,234.00,  -59126, -1.95,  -24988, -1.66,  -34138, -2.26
 748,235.00,  -62474, -2.06,  -27724, -1.84,  -34750, -2.31
 749,236.00,  -66283, -2.19,  -29842, -1.98,  -36441, -2.42
 750,237.00,  -68400, -2.26,  -30734, -2.04,  -37666, -2.50
 751,238.00,  -70367, -2.32,  -32861, -2.18,  -37506, -2.49
 752,239.00,  -71917, -2.37,  -33817, -2.24,  -38100, -2.53
 753,240.00,  -73685, -2.43,  -34703, -2.30,  -38982, -2.59
 754,241.00,  -75375, -2.49,  -35862, -2.38,  -39513, -2.62
 755,242.00,  -78027, -2.57,  -37804, -2.51,  -40223, -2.67
 756,243.00,  -81718, -2.70,  -40911, -2.71,  -40807, -2.71
 757,244.00,  -84643, -2.79,  -43259, -2.87,  -41384, -2.75
 758,245.00,  -87367, -2.88,  -44454, -2.95,  -42913, -2.85
 759,246.00,  -89599, -2.96,  -45344, -3.01,  -44255, -2.94
 760,247.00,  -91663, -3.02,  -45800, -3.04,  -45863, -3.04
 761,248.00,  -94849, -3.13,  -46142, -3.06,  -48707, -3.23
 762,249.00,  -97652, -3.22,  -46822, -3.11,  -50830, -3.37
 763,250.00, -100633, -3.32,  -48883, -3.24,  -51750, -3.43
 764,251.00, -102654, -3.39,  -50195, -3.33,  -52459, -3.48
 765,252.00, -105152, -3.47,  -51237, -3.40,  -53915, -3.58
 766,253.00, -107433, -3.54,  -52168, -3.46,  -55265, -3.67
 767,254.00, -109196, -3.60,  -53181, -3.53,  -56015, -3.72
 768,255.00, -110340, -3.64,  -53264, -3.53,  -57076, -3.79
 769,256.00, -111480, -3.68,  -53035, -3.52,  -58445, -3.88
 770,257.00, -113569, -3.75,  -53929, -3.58,  -59640, -3.96
 771,258.00, -115214, -3.80,  -54408, -3.61,  -60806, -4.03
 772,259.00, -116794, -3.85,  -54927, -3.64,  -61867, -4.10
 773,260.00, -119423, -3.94,  -56616, -3.76,  -62807, -4.17
 774,261.00, -123255, -4.07,  -59466, -3.95,  -63789, -4.23
 775,262.00, -125666, -4.15,  -61178, -4.06,  -64488, -4.28
 776,263.00, -127738, -4.21,  -62240, -4.13,  -65498, -4.35
 777,264.00, -130008, -4.29,  -63558, -4.22,  -66450, -4.41
 778,265.00, -131838, -4.35,  -65002, -4.31,  -66836, -4.43
 779,266.00, -134192, -4.43,  -67273, -4.46,  -66919, -4.44
 780,267.00, -136334, -4.50,  -69770, -4.63,  -66564, -4.42
 781,268.00, -137271, -4.53,  -71487, -4.74,  -65784, -4.36
 782,269.00, -138888, -4.58,  -73306, -4.86,  -65582, -4.35
 783,270.00, -142115, -4.69,  -75507, -5.01,  -66608, -4.42
 784,271.00, -143417, -4.73,  -76870, -5.10,  -66547, -4.42
 785,272.00, -144191, -4.76,  -78493, -5.21,  -65698, -4.36
 786,273.00, -145224, -4.79,  -80432, -5.34,  -64792, -4.30
 787,274.00, -146360, -4.83,  -81503, -5.41,  -64857, -4.30
 788,275.00, -145651, -4.81,  -81554, -5.41,  -64097, -4.25
 789,276.00, -144830, -4.78,  -81498, -5.41,  -63332, -4.20
 790,277.00, -145185, -4.79,  -82047, -5.44,  -63138, -4.19
 791,278.00, -144774, -4.78,  -82024, -5.44,  -62750, -4.16
 792,279.00, -143887, -4.75,  -82178, -5.45,  -61709, -4.09
 793,280.00, -142905, -4.71,  -82149, -5.45,  -60756, -4.03
 794,281.00, -141552, -4.67,  -81540, -5.41,  -60012, -3.98
 795,282.00, -139096, -4.59,  -79978, -5.31,  -59118, -3.92
 796,283.00, -136786, -4.51,  -78228, -5.19,  -58558, -3.89
 797,284.00, -136007, -4.49,  -77499, -5.14,  -58508, -3.88
 798,285.00, -135150, -4.46,  -76366, -5.07,  -58784, -3.90
 799,286.00, -134778, -4.45,  -75896, -5.04,  -58882, -3.91
 800,287.00, -133493, -4.40,  -75301, -5.00,  -58192, -3.86
 801,288.00, -130920, -4.32,  -73911, -4.90,  -57009, -3.78
 802,289.00, -128614, -4.24,  -72542, -4.81,  -56072, -3.72
 803,290.00, -125807, -4.15,  -70662, -4.69,  -55145, -3.66
 804,291.00, -123951, -4.09,  -69446, -4.61,  -54505, -3.62
 805,292.00, -122756, -4.05,  -67677, -4.49,  -55079, -3.65
 806,293.00, -120807, -3.99,  -65357, -4.34,  -55450, -3.68
 807,294.00, -117957, -3.89,  -63512, -4.21,  -54445, -3.61
 808,295.00, -114627, -3.78,  -61590, -4.09,  -53037, -3.52
 809,296.00, -111742, -3.69,  -59623, -3.96,  -52119, -3.46
 810,297.00, -108548, -3.58,  -57513, -3.82,  -51035, -3.39
 811,298.00, -105664, -3.49,  -56252, -3.73,  -49412, -3.28
 812,299.00, -102204, -3.37,  -54290, -3.60,  -47914, -3.18
 813,300.00,  -98263, -3.24,  -51682, -3.43,  -46581, -3.09
 814,301.00,  -96431, -3.18,  -49950, -3.31,  -46481, -3.08
 815,302.00,  -94416, -3.12,  -47917, -3.18,  -46499, -3.08
 816,303.00,  -90784, -3.00,  -45578, -3.02,  -45206, -3.00
 817,304.00,  -87081, -2.87,  -43016, -2.85,  -44065, -2.92
 818,305.00,  -82799, -2.73,  -40048, -2.66,  -42751, -2.84
 819,306.00,  -78077, -2.58,  -37235, -2.47,  -40842, -2.71
 820,307.00,  -74987, -2.47,  -35707, -2.37,  -39280, -2.61
 821,308.00,  -73388, -2.42,  -34668, -2.30,  -38720, -2.57
 822,309.00,  -70812, -2.34,  -33600, -2.23,  -37212, -2.47
 823,310.00,  -66150, -2.18,  -30965, -2.05,  -35185, -2.33
 824,311.00,  -62096, -2.05,  -28871, -1.92,  -33225, -2.20
 825,312.00,  -58747, -1.94,  -28453, -1.89,  -30294, -2.01
 826,313.00,  -54275, -1.79,  -27144, -1.80,  -27131, -1.80
 827,314.00,  -49453, -1.63,  -24986, -1.66,  -24467, -1.62
 828,315.00,  -45578, -1.50,  -23166, -1.54,  -22412, -1.49
 829,316.00,  -40651, -1.34,  -20603, -1.37,  -20048, -1.33
 830,317.00,  -35236, -1.16,  -17962, -1.19,  -17274, -1.15
 831,318.00,  -30480, -1.01,  -15750, -1.04,  -14730, -0.98
 832,319.00,  -25119, -0.83,  -13730, -0.91,  -11389, -0.76
 833,320.00,  -22244, -0.73,  -13153, -0.87,   -9091, -0.60
 834,321.00,  -19971, -0.66,  -12870, -0.85,   -7101, -0.47
 835,322.00,  -17934, -0.59,  -12750, -0.85,   -5184, -0.34
 836,323.00,  -15531, -0.51,  -12294, -0.82,   -3237, -0.21
 837,324.00,  -13217, -0.44,  -11348, -0.75,   -1869, -0.12
 838,325.00,  -10682, -0.35,  -10281, -0.68,    -401, -0.03
 839,326.00,   -7950, -0.26,   -9409, -0.62,    1459,  0.10
 840,327.00,   -5699, -0.19,   -8874, -0.59,    3175,  0.21
 841,328.00,   -2077, -0.07,   -6619, -0.44,    4542,  0.30
 842,329.00,    -212, -0.00,   -5688, -0.38,    5476,  0.36
 843,330.00,     900,  0.03,   -5913, -0.39,    6813,  0.45
 844,331.00,    2889,  0.10,   -5090, -0.34,    7979,  0.53
 845,332.00,    5269,  0.17,   -4335, -0.29,    9604,  0.64
 846,333.00,    7601,  0.25,   -4288, -0.28,   11889,  0.79
 847,334.00,   10325,  0.34,   -3481, -0.23,   13806,  0.92
 848,335.00,   13944,  0.46,   -1640, -0.11,   15584,  1.03
 849,336.00,   19527,  0.64,     511,  0.03,   19016,  1.26
 850,337.00,   24764,  0.82,    2412,  0.16,   22352,  1.48
 851,338.00,   29005,  0.96,    4426,  0.29,   24579,  1.63
 852,339.00,   32664,  1.08,    5619,  0.37,   27045,  1.79
 853,340.00,   37165,  1.23,    6486,  0.43,   30679,  2.04
 854,341.00,   41899,  1.38,    7631,  0.51,   34268,  2.27
 855,342.00,   44185,  1.46,    8018,  0.53,   36167,  2.40
 856,343.00,   47995,  1.58,    9363,  0.62,   38632,  2.56
 857,344.00,   51354,  1.69,   10529,  0.70,   40825,  2.71
 858,345.00,   55540,  1.83,   11497,  0.76,   44043,  2.92
 859,346.00,   60188,  1.99,   13215,  0.88,   46973,  3.12
 860,347.00,   65249,  2.15,   16087,  1.07,   49162,  3.26
 861,348.00,   69539,  2.29,   18509,  1.23,   51030,  3.39
 862,349.00,   72690,  2.40,   20651,  1.37,   52039,  3.45
 863,350.00,   75228,  2.48,   22088,  1.47,   53140,  3.53
 864,351.00,   76657,  2.53,   23175,  1.54,   53482,  3.55
 865,352.00,   77242,  2.55,   24335,  1.61,   52907,  3.51
 866,353.00,   79213,  2.61,   26292,  1.74,   52921,  3.51
 867,354.00,   80344,  2.65,   27034,  1.79,   53310,  3.54
 868,355.00,   81211,  2.68,   27346,  1.81,   53865,  3.57
 869,356.00,   82292,  2.72,   28172,  1.87,   54120,  3.59
 870,357.00,   82187,  2.71,   28338,  1.88,   53849,  3.57
 871,358.00,   81942,  2.70,   27951,  1.85,   53991,  3.58
 872,359.00,   80817,  2.67,   26881,  1.78,   53936,  3.58
 873,360.00,   79380,  2.62,   25705,  1.71,   53675,  3.56
 874,361.00,   78089,  2.58,   24654,  1.64,   53435,  3.55
 875,362.00,   76619,  2.53,   23564,  1.56,   53055,  3.52
 876,363.00,   75886,  2.50,   23086,  1.53,   52800,  3.50
 877,364.00,   75957,  2.51,   22917,  1.52,   53040,  3.52
 878,365.00,   75982,  2.51,   23087,  1.53,   52895,  3.51
 879,366.00,   76233,  2.52,   22648,  1.50,   53585,  3.56
 880,367.00,   76297,  2.52,   22354,  1.48,   53943,  3.58
 881,368.00,   76256,  2.52,   22138,  1.47,   54118,  3.59
 882,369.00,   76624,  2.53,   21617,  1.43,   55007,  3.65
 883,370.00,   76529,  2.52,   20614,  1.37,   55915,  3.71
 884,371.00,   77466,  2.56,   20597,  1.37,   56869,  3.77
 885,372.00,   80283,  2.65,   22284,  1.48,   57999,  3.85
 886,373.00,   83194,  2.74,   23960,  1.59,   59234,  3.93
 887,374.00,   86957,  2.87,   25122,  1.67,   61835,  4.10
 888,375.00,   89472,  2.95,   25459,  1.69,   64013,  4.25
 889,376.00,   92144,  3.04,   26425,  1.75,   65719,  4.36
 890,377.00,   92390,  3.05,   25856,  1.72,   66534,  4.41
 891,378.00,   91299,  3.01,   25115,  1.67,   66184,  4.39
 892,379.00,   90474,  2.99,   25247,  1.68,   65227,  4.33
 893,380.00,   89943,  2.97,   25210,  1.67,   64733,  4.29
 894,381.00,   90339,  2.98,   25538,  1.69,   64801,  4.30
 895,382.00,   89843,  2.96,   24654,  1.64,   65189,  4.32
 896,383.00,   89261,  2.94,   23132,  1.53,   66129,  4.39
 897,384.00,   88942,  2.93,   22388,  1.49,   66554,  4.42
 898,385.00,   87957,  2.90,   22168,  1.47,   65789,  4.36
 899,386.00,   87052,  2.87,   22582,  1.50,   64470,  4.28
 900,387.00,   85352,  2.82,   22064,  1.46,   63288,  4.20
 901,388.00,   81403,  2.69,   19929,  1.32,   61474,  4.08
 902,389.00,   80679,  2.66,   19778,  1.31,   60901,  4.04
 903,390.00,   79756,  2.63,   19301,  1.28,   60455,  4.01
 904,391.00,   78079,  2.58,   18892,  1.25,   59187,  3.93
 905,392.00,   76848,  2.54,   18895,  1.25,   57953,  3.84
 906,393.00,   75038,  2.48,   18813,  1.25,   56225,  3.73
 907,394.00,   73407,  2.42,   17922,  1.19,   55485,  3.68
 908,395.00,   71929,  2.37,   17540,  1.16,   54389,  3.61
 909,396.00,   72136,  2.38,   18921,  1.26,   53215,  3.53
 910,397.00,   71232,  2.35,   19391,  1.29,   51841,  3.44
 911,398.00,   70852,  2.34,   20097,  1.33,   50755,  3.37
 912,399.00,   70901,  2.34,   20875,  1.38,   50026,  3.32
 913,400.00,   70003,  2.31,   21112,  1.40,   48891,  3.24
 914,401.00,   69961,  2.31,   21770,  1.44,   48191,  3.20
 915,402.00,   69081,  2.28,   22074,  1.46,   47007,  3.12
 916,403.00,   68168,  2.25,   22639,  1.50,   45529,  3.02
 917,404.00,   67260,  2.22,   23167,  1.54,   44093,  2.93
 918,405.00,   66237,  2.19,   24159,  1.60,   42078,  2.79
 919,406.00,   67400,  2.22,   27130,  1.80,   40270,  2.67
 920,407.00,   68210,  2.25,   29003,  1.92,   39207,  2.60
 921,408.00,   68716,  2.27,   30521,  2.02,   38195,  2.53
 922,409.00,   68759,  2.27,   31503,  2.09,   37256,  2.47
 923,410.00,   68100,  2.25,   31609,  2.10,   36491,  2.42
 924,411.00,   66600,  2.20,   31204,  2.07,   35396,  2.35
 925,412.00,   64661,  2.13,   30864,  2.05,   33797,  2.24
 926,413.00,   62209,  2.05,   30450,  2.02,   31759,  2.11
 927,414.00,   60463,  1.99,   30366,  2.01,   30097,  2.00
 928,415.00,   58750,  1.94,   29945,  1.99,   28805,  1.91
 929,416.00,   57420,  1.89,   29630,  1.97,   27790,  1.84
 930,417.00,   54679,  1.80,   28005,  1.86,   26674,  1.77
 931,418.00,   52431,  1.73,   26098,  1.73,   26333,  1.75
 932,419.00,   50833,  1.68,   25091,  1.66,   25742,  1.71
 933,420.00,   47535,  1.57,   23193,  1.54,   24342,  1.61
 934,421.00,   43407,  1.43,   20674,  1.37,   22733,  1.51
 935,422.00,   39752,  1.31,   18338,  1.22,   21414,  1.42
 936,423.00,   35596,  1.17,   16366,  1.09,   19230,  1.28
 937,424.00,   32147,  1.06,   13943,  0.93,   18204,  1.21
 938,425.00,   28996,  0.96,   12177,  0.81,   16819,  1.12
 939,426.00,   25781,  0.85,   11059,  0.73,   14722,  0.98
 940,427.00,   24318,  0.80,   11928,  0.79,   12390,  0.82
 941,428.00,   23268,  0.77,   12095,  0.80,   11173,  0.74
 942,429.00,   21305,  0.70,   11729,  0.78,    9576,  0.64
 943,430.00,   20171,  0.67,   11766,  0.78,    8405,  0.56
 944,431.00,   18395,  0.61,   10869,  0.72,    7526,  0.50
 945,432.00,   16094,  0.53,    9184,  0.61,    6910,  0.46
 946,433.00,   13471,  0.44,    7875,  0.52,    5596,  0.37
 947,434.00,   11418,  0.38,    6721,  0.45,    4697,  0.31
 948,435.00,   10604,  0.35,    6251,  0.41,    4353,  0.29
 949,436.00,   10217,  0.34,    5687,  0.38,    4530,  0.30
 950,437.00,    8339,  0.28,    4984,  0.33,    3355,  0.22
 951,438.00,    6523,  0.22,    3892,  0.26,    2631,  0.17
 952,439.00,    6472,  0.21,    4049,  0.27,    2423,  0.16
 953,440.00,    7742,  0.26,    4920,  0.33,    2822,  0.19
 954,441.00,    7678,  0.25,    5086,  0.34,    2592,  0.17
 955,442.00,    6652,  0.22,    4476,  0.30,    2176,  0.14
 956,443.00,    7461,  0.25,    4850,  0.32,    2611,  0.17
 957,444.00,    8226,  0.27,    5770,  0.38,    2456,  0.16
 958,445.00,    8713,  0.29,    5733,  0.38,    2980,  0.20
 959,446.00,    7333,  0.24,    4398,  0.29,    2935,  0.19
 960,447.00,    6457,  0.21,    3865,  0.26,    2592,  0.17
 961,448.00,    5822,  0.19,    2999,  0.20,    2823,  0.19
 962,449.00,    4673,  0.15,    2193,  0.15,    2480,  0.16
 963,450.00,    3825,  0.13,    2222,  0.15,    1603,  0.11
 964,451.00,    3361,  0.11,    2924,  0.19,     437,  0.03
 965,452.00,    3005,  0.10,    3246,  0.22,    -241, -0.02
 966,453.00,    4178,  0.14,    3673,  0.24,     505,  0.03
 967,454.00,    4399,  0.15,    3494,  0.23,     905,  0.06
 968,455.00,    2631,  0.09,    2509,  0.17,     122,  0.00
 969,456.00,     699,  0.02,    1531,  0.10,    -832, -0.06
 970,457.00,   -1846, -0.06,    -829, -0.05,   -1017, -0.07
 971,458.00,   -3046, -0.10,   -2360, -0.16,    -686, -0.05
 972,459.00,   -4862, -0.16,   -3781, -0.25,   -1081, -0.07
 973,460.00,   -7298, -0.24,   -5284, -0.35,   -2014, -0.13
 974,461.00,   -9615, -0.32,   -6665, -0.44,   -2950, -0.20
 975,462.00,  -10368, -0.34,   -7116, -0.47,   -3252, -0.22
 976,463.00,   -9638, -0.32,   -6514, -0.43,   -3124, -0.21
 977,464.00,   -8503, -0.28,   -5454, -0.36,   -3049, -0.20
 978,465.00,   -7584, -0.25,   -4627, -0.31,   -2957, -0.20
 979,466.00,   -5776, -0.19,   -3432, -0.23,   -2344, -0.16
 980,467.00,   -3869, -0.13,   -1344, -0.09,   -2525, -0.17
 981,468.00,   -1413, -0.05,     981,  0.07,   -2394, -0.16
 982,469.00,     206,  0.00,    2162,  0.14,   -1956, -0.13
 983,470.00,     959,  0.03,    3010,  0.20,   -2051, -0.14
 984,471.00,    1716,  0.06,    4052,  0.27,   -2336, -0.15
 985,472.00,    2232,  0.07,    5331,  0.35,   -3099, -0.21
 986,473.00,    2051,  0.07,    5627,  0.37,   -3576, -0.24
 987,474.00,    2290,  0.08,    6183,  0.41,   -3893, -0.26
 988,475.00,    2357,  0.08,    6707,  0.44,   -4350, -0.29
 989,476.00,    2851,  0.09,    7707,  0.51,   -4856, -0.32
 990,477.00,    3565,  0.12,    8542,  0.57,   -4977, -0.33
 991,478.00,    3290,  0.11,    8161,  0.54,   -4871, -0.32
 992,479.00,    3721,  0.12,    8363,  0.55,   -4642, -0.31
 993,480.00,    6886,  0.23,    9920,  0.66,   -3034, -0.20
 994,481.00,    9548,  0.32,   11063,  0.73,   -1515, -0.10
 995,482.00,   10950,  0.36,   12170,  0.81,   -1220, -0.08
 996,483.00,   13232,  0.44,   13437,  0.89,    -205, -0.01
 997,484.00,   15606,  0.51,   14299,  0.95,    1307,  0.09
 998,485.00,   17457,  0.58,   14977,  0.99,    2480,  0.16
 999,486.00,   20120,  0.66,   16134,  1.07,    3986,  0.26
1000,487.00,   23393,  0.77,   18271,  1.21,    5122,  0.34
1001,488.00,   26060,  0.86,   20335,  1.35,    5725,  0.38
1002,489.00,   28213,  0.93,   21083,  1.40,    7130,  0.47
1003,490.00,   30527,  1.01,   21777,  1.44,    8750,  0.58
1004,491.00,   34346,  1.13,   23540,  1.56,   10806,  0.72
1005,492.00,   38346,  1.27,   25194,  1.67,   13152,  0.87
1006,493.00,   43099,  1.42,   27371,  1.82,   15728,  1.04
1007,494.00,   47443,  1.57,   29642,  1.97,   17801,  1.18
1008,495.00,   49955,  1.65,   30409,  2.02,   19546,  1.30
1009,496.00,   51116,  1.69,   30808,  2.04,   20308,  1.35
1010,497.00,   50961,  1.68,   30723,  2.04,   20238,  1.34
1011,498.00,   51450,  1.70,   30775,  2.04,   20675,  1.37
1012,499.00,   52319,  1.73,   31009,  2.06,   21310,  1.41
1013,500.00,   51538,  1.70,   31028,  2.06,   20510,  1.36
1014,501.00,   50557,  1.67,   31143,  2.07,   19414,  1.29
1015,502.00,   51242,  1.69,   30926,  2.05,   20316,  1.35
1016,503.00,   53350,  1.76,   30930,  2.05,   22420,  1.49
1017,504.00,   55395,  1.83,   30647,  2.03,   24748,  1.64
1018,505.00,   55199,  1.82,   29159,  1.93,   26040,  1.73
1019,506.00,   55128,  1.82,   29232,  1.94,   25896,  1.72
1020,507.00,   55189,  1.82,   30669,  2.03,   24520,  1.63
1021,508.00,   55581,  1.83,   31685,  2.10,   23896,  1.59
1022,509.00,   55913,  1.84,   31490,  2.09,   24423,  1.62
1023,510.00,   56069,  1.85,   30649,  2.03,   25420,  1.69
1024,511.00,   57367,  1.89,   30615,  2.03,   26752,  1.77
