-----------------------------------------------------------------------------------
Identifier:,IHS5922-20185P01
File Name:,AGLP70B.10
Ear:,L
Channel:,2
Intensity:,70 dB HL
Stim. Rate:,  1.10/s
Stim. Mode:,0
Sweeps:,61
Artifacts:,0
Smp. Period:,1000.00 us
Amp. Gain:, 50.00 K
Low Pass:, 30.00 Hz
High Pass:,  1.00 Hz
Notch Filter:,TRUE
Stimulus:,100
Stim. Freq.:,1000 Hz
Stim. Dur.:,2000 pnts
Masking:,0 dB SPL
Stim. Point:,513
-----------------------------------------------------------------------------------
Peak Information:,Label,Peak(+),Peak(+)(ms),Peak(-),Peak(-)(ms)
,21, 876,363.00, 910,397.00,
-----------------------------------------------------------------------------------


Data Pnt:,Data Pnt(ms):,Average:,Average(uV):,Buffer1:,Buffer1(uV):,Buffer2:,Buffer2(uV):
   1,-512.00,       0,  0.00,       0,  0.00,       0,  0.00
   2,-511.00,       0,  0.00,       0,  0.00,       0,  0.00
   3,-510.00,       0,  0.00,       0,  0.00,       0,  0.00
   4,-509.00,       0,  0.00,       0,  0.00,       0,  0.00
   5,-508.00,       0,  0.00,       0,  0.00,       0,  0.00
   6,-507.00,       0,  0.00,       0,  0.00,       0,  0.00
   7,-506.00,       0,  0.00,       0,  0.00,       0,  0.00
   8,-505.00,       0,  0.00,       0,  0.00,       0,  0.00
   9,-504.00,       0,  0.00,       0,  0.00,       0,  0.00
  10,-503.00,       0,  0.00,       0,  0.00,       0,  0.00
  11,-502.00,       0,  0.00,       0,  0.00,       0,  0.00
  12,-501.00,       0,  0.00,       0,  0.00,       0,  0.00
  13,-500.00,       0,  0.00,       0,  0.00,       0,  0.00
  14,-499.00,       0,  0.00,       0,  0.00,       0,  0.00
  15,-498.00,       0,  0.00,       0,  0.00,       0,  0.00
  16,-497.00,       0,  0.00,       0,  0.00,       0,  0.00
  17,-496.00,       0,  0.00,       0,  0.00,       0,  0.00
  18,-495.00,       0,  0.00,       0,  0.00,       0,  0.00
  19,-494.00,       0,  0.00,       0,  0.00,       0,  0.00
  20,-493.00,       0,  0.00,       0,  0.00,       0,  0.00
  21,-492.00,       0,  0.00,       0,  0.00,       0,  0.00
  22,-491.00,       0,  0.00,       0,  0.00,       0,  0.00
  23,-490.00,       0,  0.00,       0,  0.00,       0,  0.00
  24,-489.00,       0,  0.00,       0,  0.00,       0,  0.00
  25,-488.00,       0,  0.00,       0,  0.00,       0,  0.00
  26,-487.00,       0,  0.00,       0,  0.00,       0,  0.00
  27,-486.00,       0,  0.00,       0,  0.00,       0,  0.00
  28,-485.00,       0,  0.00,       0,  0.00,       0,  0.00
  29,-484.00,       0,  0.00,       0,  0.00,       0,  0.00
  30,-483.00,       0,  0.00,       0,  0.00,       0,  0.00
  31,-482.00,       0,  0.00,       0,  0.00,       0,  0.00
  32,-481.00,       0,  0.00,       0,  0.00,       0,  0.00
  33,-480.00,       0,  0.00,       0,  0.00,       0,  0.00
  34,-479.00,       0,  0.00,       0,  0.00,       0,  0.00
  35,-478.00,       0,  0.00,       0,  0.00,       0,  0.00
  36,-477.00,       0,  0.00,       0,  0.00,       0,  0.00
  37,-476.00,       0,  0.00,       0,  0.00,       0,  0.00
  38,-475.00,       0,  0.00,       0,  0.00,       0,  0.00
  39,-474.00,       0,  0.00,       0,  0.00,       0,  0.00
  40,-473.00,       0,  0.00,       0,  0.00,       0,  0.00
  41,-472.00,       0,  0.00,       0,  0.00,       0,  0.00
  42,-471.00,       0,  0.00,       0,  0.00,       0,  0.00
  43,-470.00,       0,  0.00,       0,  0.00,       0,  0.00
  44,-469.00,       0,  0.00,       0,  0.00,       0,  0.00
  45,-468.00,       0,  0.00,       0,  0.00,       0,  0.00
  46,-467.00,       0,  0.00,       0,  0.00,       0,  0.00
  47,-466.00,       0,  0.00,       0,  0.00,       0,  0.00
  48,-465.00,       0,  0.00,       0,  0.00,       0,  0.00
  49,-464.00,       0,  0.00,       0,  0.00,       0,  0.00
  50,-463.00,       0,  0.00,       0,  0.00,       0,  0.00
  51,-462.00,       0,  0.00,       0,  0.00,       0,  0.00
  52,-461.00,       0,  0.00,       0,  0.00,       0,  0.00
  53,-460.00,       0,  0.00,       0,  0.00,       0,  0.00
  54,-459.00,       0,  0.00,       0,  0.00,       0,  0.00
  55,-458.00,       0,  0.00,       0,  0.00,       0,  0.00
  56,-457.00,       0,  0.00,       0,  0.00,       0,  0.00
  57,-456.00,       0,  0.00,       0,  0.00,       0,  0.00
  58,-455.00,       0,  0.00,       0,  0.00,       0,  0.00
  59,-454.00,       0,  0.00,       0,  0.00,       0,  0.00
  60,-453.00,       0,  0.00,       0,  0.00,       0,  0.00
  61,-452.00,       0,  0.00,       0,  0.00,       0,  0.00
  62,-451.00,       0,  0.00,       0,  0.00,       0,  0.00
  63,-450.00,       0,  0.00,       0,  0.00,       0,  0.00
  64,-449.00,       0,  0.00,       0,  0.00,       0,  0.00
  65,-448.00,       0,  0.00,       0,  0.00,       0,  0.00
  66,-447.00,       0,  0.00,       0,  0.00,       0,  0.00
  67,-446.00,       0,  0.00,       0,  0.00,       0,  0.00
  68,-445.00,       0,  0.00,       0,  0.00,       0,  0.00
  69,-444.00,       0,  0.00,       0,  0.00,       0,  0.00
  70,-443.00,       0,  0.00,       0,  0.00,       0,  0.00
  71,-442.00,       0,  0.00,       0,  0.00,       0,  0.00
  72,-441.00,       0,  0.00,       0,  0.00,       0,  0.00
  73,-440.00,       0,  0.00,       0,  0.00,       0,  0.00
  74,-439.00,       0,  0.00,       0,  0.00,       0,  0.00
  75,-438.00,       0,  0.00,       0,  0.00,       0,  0.00
  76,-437.00,       0,  0.00,       0,  0.00,       0,  0.00
  77,-436.00,       0,  0.00,       0,  0.00,       0,  0.00
  78,-435.00,       0,  0.00,       0,  0.00,       0,  0.00
  79,-434.00,       0,  0.00,       0,  0.00,       0,  0.00
  80,-433.00,       0,  0.00,       0,  0.00,       0,  0.00
  81,-432.00,       0,  0.00,       0,  0.00,       0,  0.00
  82,-431.00,       0,  0.00,       0,  0.00,       0,  0.00
  83,-430.00,       0,  0.00,       0,  0.00,       0,  0.00
  84,-429.00,       0,  0.00,       0,  0.00,       0,  0.00
  85,-428.00,       0,  0.00,       0,  0.00,       0,  0.00
  86,-427.00,       0,  0.00,       0,  0.00,       0,  0.00
  87,-426.00,       0,  0.00,       0,  0.00,       0,  0.00
  88,-425.00,       0,  0.00,       0,  0.00,       0,  0.00
  89,-424.00,       0,  0.00,       0,  0.00,       0,  0.00
  90,-423.00,       0,  0.00,       0,  0.00,       0,  0.00
  91,-422.00,       0,  0.00,       0,  0.00,       0,  0.00
  92,-421.00,       0,  0.00,       0,  0.00,       0,  0.00
  93,-420.00,       0,  0.00,       0,  0.00,       0,  0.00
  94,-419.00,       0,  0.00,       0,  0.00,       0,  0.00
  95,-418.00,       0,  0.00,       0,  0.00,       0,  0.00
  96,-417.00,       0,  0.00,       0,  0.00,       0,  0.00
  97,-416.00,       0,  0.00,       0,  0.00,       0,  0.00
  98,-415.00,       0,  0.00,       0,  0.00,       0,  0.00
  99,-414.00,       0,  0.00,       0,  0.00,       0,  0.00
 100,-413.00,       0,  0.00,       0,  0.00,       0,  0.00
 101,-412.00,       0,  0.00,       0,  0.00,       0,  0.00
 102,-411.00,       0,  0.00,       0,  0.00,       0,  0.00
 103,-410.00,       0,  0.00,       0,  0.00,       0,  0.00
 104,-409.00,       0,  0.00,       0,  0.00,       0,  0.00
 105,-408.00,       0,  0.00,       0,  0.00,       0,  0.00
 106,-407.00,       0,  0.00,       0,  0.00,       0,  0.00
 107,-406.00,       0,  0.00,       0,  0.00,       0,  0.00
 108,-405.00,       0,  0.00,       0,  0.00,       0,  0.00
 109,-404.00,       0,  0.00,       0,  0.00,       0,  0.00
 110,-403.00,       0,  0.00,       0,  0.00,       0,  0.00
 111,-402.00,       0,  0.00,       0,  0.00,       0,  0.00
 112,-401.00,       0,  0.00,       0,  0.00,       0,  0.00
 113,-400.00,       0,  0.00,       0,  0.00,       0,  0.00
 114,-399.00,       0,  0.00,       0,  0.00,       0,  0.00
 115,-398.00,       0,  0.00,       0,  0.00,       0,  0.00
 116,-397.00,   13976,  1.40,    8604,  1.75,    5372,  1.09
 117,-396.00,   13960,  1.40,    8623,  1.75,    5337,  1.09
 118,-395.00,   14478,  1.45,    8683,  1.77,    5795,  1.18
 119,-394.00,   14721,  1.47,    8601,  1.75,    6120,  1.25
 120,-393.00,   15031,  1.50,    8939,  1.82,    6092,  1.24
 121,-392.00,   14771,  1.48,    8892,  1.81,    5879,  1.20
 122,-391.00,   14279,  1.43,    8951,  1.82,    5328,  1.08
 123,-390.00,   13671,  1.37,    8874,  1.81,    4797,  0.98
 124,-389.00,   13027,  1.30,    8471,  1.72,    4556,  0.93
 125,-388.00,   12360,  1.24,    7858,  1.60,    4502,  0.92
 126,-387.00,   12726,  1.27,    8123,  1.65,    4603,  0.94
 127,-386.00,   12671,  1.27,    8319,  1.69,    4352,  0.89
 128,-385.00,   12347,  1.24,    8489,  1.73,    3858,  0.78
 129,-384.00,   12484,  1.25,    8857,  1.80,    3627,  0.74
 130,-383.00,   12662,  1.27,    9299,  1.89,    3363,  0.68
 131,-382.00,   13108,  1.31,    9642,  1.96,    3466,  0.71
 132,-381.00,   13708,  1.37,   10085,  2.05,    3623,  0.74
 133,-380.00,   14263,  1.43,   10498,  2.14,    3765,  0.77
 134,-379.00,   14314,  1.43,   10765,  2.19,    3549,  0.72
 135,-378.00,   14430,  1.44,   10977,  2.23,    3453,  0.70
 136,-377.00,   14280,  1.43,   10633,  2.16,    3647,  0.74
 137,-376.00,   14201,  1.42,   10265,  2.09,    3936,  0.80
 138,-375.00,   14164,  1.42,    9996,  2.03,    4168,  0.85
 139,-374.00,   14085,  1.41,    9826,  2.00,    4259,  0.87
 140,-373.00,   13959,  1.40,    9296,  1.89,    4663,  0.95
 141,-372.00,   13235,  1.32,    8637,  1.76,    4598,  0.94
 142,-371.00,   12207,  1.22,    7664,  1.56,    4543,  0.92
 143,-370.00,   11502,  1.15,    6945,  1.41,    4557,  0.93
 144,-369.00,   10848,  1.09,    6894,  1.40,    3954,  0.80
 145,-368.00,    9838,  0.98,    6785,  1.38,    3053,  0.62
 146,-367.00,    8756,  0.88,    6332,  1.29,    2424,  0.49
 147,-366.00,    8783,  0.88,    6461,  1.31,    2322,  0.47
 148,-365.00,    8868,  0.89,    6429,  1.31,    2439,  0.50
 149,-364.00,    7836,  0.78,    5880,  1.20,    1956,  0.40
 150,-363.00,    5915,  0.59,    5132,  1.04,     783,  0.16
 151,-362.00,    4888,  0.49,    5011,  1.02,    -123, -0.03
 152,-361.00,    3881,  0.39,    4597,  0.94,    -716, -0.15
 153,-360.00,    2399,  0.24,    3823,  0.78,   -1424, -0.29
 154,-359.00,     978,  0.10,    3077,  0.63,   -2099, -0.43
 155,-358.00,     134,  0.01,    3032,  0.62,   -2898, -0.59
 156,-357.00,    -456, -0.05,    3166,  0.64,   -3622, -0.74
 157,-356.00,    -780, -0.08,    3415,  0.69,   -4195, -0.85
 158,-355.00,   -1681, -0.17,    3441,  0.70,   -5122, -1.04
 159,-354.00,   -2938, -0.29,    3297,  0.67,   -6235, -1.27
 160,-353.00,   -4561, -0.46,    2484,  0.51,   -7045, -1.43
 161,-352.00,   -6107, -0.61,    1821,  0.37,   -7928, -1.61
 162,-351.00,   -8263, -0.83,     821,  0.17,   -9084, -1.85
 163,-350.00,  -10048, -1.01,     -20, -0.00,  -10028, -2.04
 164,-349.00,  -11286, -1.13,    -388, -0.08,  -10898, -2.22
 165,-348.00,  -12709, -1.27,   -1214, -0.25,  -11495, -2.34
 166,-347.00,  -14879, -1.49,   -2852, -0.58,  -12027, -2.45
 167,-346.00,  -17150, -1.72,   -4276, -0.87,  -12874, -2.62
 168,-345.00,  -18519, -1.85,   -5362, -1.09,  -13157, -2.68
 169,-344.00,  -19571, -1.96,   -6463, -1.31,  -13108, -2.67
 170,-343.00,  -20490, -2.05,   -7233, -1.47,  -13257, -2.70
 171,-342.00,  -21285, -2.13,   -8168, -1.66,  -13117, -2.67
 172,-341.00,  -22118, -2.21,   -9328, -1.90,  -12790, -2.60
 173,-340.00,  -23125, -2.31,  -10354, -2.11,  -12771, -2.60
 174,-339.00,  -23841, -2.39,  -11079, -2.25,  -12762, -2.60
 175,-338.00,  -23942, -2.40,  -11248, -2.29,  -12694, -2.58
 176,-337.00,  -23824, -2.38,  -11317, -2.30,  -12507, -2.54
 177,-336.00,  -23603, -2.36,  -11535, -2.35,  -12068, -2.46
 178,-335.00,  -23106, -2.31,  -11859, -2.41,  -11247, -2.29
 179,-334.00,  -22434, -2.24,  -11787, -2.40,  -10647, -2.17
 180,-333.00,  -21412, -2.14,  -11011, -2.24,  -10401, -2.12
 181,-332.00,  -20239, -2.03,  -10056, -2.05,  -10183, -2.07
 182,-331.00,  -19348, -1.94,   -9455, -1.92,   -9893, -2.01
 183,-330.00,  -18721, -1.87,   -8914, -1.81,   -9807, -2.00
 184,-329.00,  -18033, -1.80,   -8485, -1.73,   -9548, -1.94
 185,-328.00,  -16632, -1.66,   -7518, -1.53,   -9114, -1.85
 186,-327.00,  -14923, -1.49,   -6250, -1.27,   -8673, -1.76
 187,-326.00,  -13624, -1.36,   -5333, -1.09,   -8291, -1.69
 188,-325.00,  -12142, -1.21,   -4579, -0.93,   -7563, -1.54
 189,-324.00,  -10286, -1.03,   -3685, -0.75,   -6601, -1.34
 190,-323.00,   -8374, -0.84,   -2262, -0.46,   -6112, -1.24
 191,-322.00,   -6742, -0.67,    -964, -0.20,   -5778, -1.18
 192,-321.00,   -4871, -0.49,     552,  0.11,   -5423, -1.10
 193,-320.00,   -3085, -0.31,    1931,  0.39,   -5016, -1.02
 194,-319.00,   -1819, -0.18,    3006,  0.61,   -4825, -0.98
 195,-318.00,   -1311, -0.13,    3724,  0.76,   -5035, -1.02
 196,-317.00,    -838, -0.08,    4585,  0.93,   -5423, -1.10
 197,-316.00,     -56, -0.00,    5903,  1.20,   -5959, -1.21
 198,-315.00,     621,  0.06,    6999,  1.42,   -6378, -1.30
 199,-314.00,    1242,  0.12,    7605,  1.55,   -6363, -1.29
 200,-313.00,    2334,  0.23,    8561,  1.74,   -6227, -1.27
 201,-312.00,    3628,  0.36,    9701,  1.97,   -6073, -1.24
 202,-311.00,    4514,  0.45,   10408,  2.12,   -5894, -1.20
 203,-310.00,    5453,  0.55,   11294,  2.30,   -5841, -1.19
 204,-309.00,    6188,  0.62,   12230,  2.49,   -6042, -1.23
 205,-308.00,    7235,  0.72,   13054,  2.66,   -5819, -1.18
 206,-307.00,    8235,  0.82,   13719,  2.79,   -5484, -1.12
 207,-306.00,    9539,  0.95,   14338,  2.92,   -4799, -0.98
 208,-305.00,   10143,  1.01,   14336,  2.92,   -4193, -0.85
 209,-304.00,   10310,  1.03,   14152,  2.88,   -3842, -0.78
 210,-303.00,    9874,  0.99,   13955,  2.84,   -4081, -0.83
 211,-302.00,    9857,  0.99,   14017,  2.85,   -4160, -0.85
 212,-301.00,   10423,  1.04,   14681,  2.99,   -4258, -0.87
 213,-300.00,   11693,  1.17,   15533,  3.16,   -3840, -0.78
 214,-299.00,   12106,  1.21,   15553,  3.16,   -3447, -0.70
 215,-298.00,   12513,  1.25,   15511,  3.16,   -2998, -0.61
 216,-297.00,   13310,  1.33,   15902,  3.24,   -2592, -0.53
 217,-296.00,   14243,  1.43,   16248,  3.31,   -2005, -0.41
 218,-295.00,   14790,  1.48,   16230,  3.30,   -1440, -0.29
 219,-294.00,   14446,  1.45,   15841,  3.22,   -1395, -0.28
 220,-293.00,   14529,  1.45,   15866,  3.23,   -1337, -0.27
 221,-292.00,   14664,  1.47,   15993,  3.25,   -1329, -0.27
 222,-291.00,   14624,  1.46,   15903,  3.24,   -1279, -0.26
 223,-290.00,   14877,  1.49,   16099,  3.28,   -1222, -0.25
 224,-289.00,   14700,  1.47,   16055,  3.27,   -1355, -0.28
 225,-288.00,   14041,  1.40,   15871,  3.23,   -1830, -0.37
 226,-287.00,   13602,  1.36,   15468,  3.15,   -1866, -0.38
 227,-286.00,   13235,  1.32,   14670,  2.98,   -1435, -0.29
 228,-285.00,   12982,  1.30,   14262,  2.90,   -1280, -0.26
 229,-284.00,   12394,  1.24,   13761,  2.80,   -1367, -0.28
 230,-283.00,   11629,  1.16,   13012,  2.65,   -1383, -0.28
 231,-282.00,   10550,  1.06,   12318,  2.51,   -1768, -0.36
 232,-281.00,    8595,  0.86,   11088,  2.26,   -2493, -0.51
 233,-280.00,    7278,  0.73,   10283,  2.09,   -3005, -0.61
 234,-279.00,    6974,  0.70,   10052,  2.05,   -3078, -0.63
 235,-278.00,    6497,  0.65,    9673,  1.97,   -3176, -0.65
 236,-277.00,    6576,  0.66,    9746,  1.98,   -3170, -0.64
 237,-276.00,    6472,  0.65,    9444,  1.92,   -2972, -0.60
 238,-275.00,    6296,  0.63,    8927,  1.82,   -2631, -0.54
 239,-274.00,    5635,  0.56,    8094,  1.65,   -2459, -0.50
 240,-273.00,    4993,  0.50,    7136,  1.45,   -2143, -0.44
 241,-272.00,    4791,  0.48,    6837,  1.39,   -2046, -0.42
 242,-271.00,    4396,  0.44,    6362,  1.29,   -1966, -0.40
 243,-270.00,    4453,  0.45,    6257,  1.27,   -1804, -0.37
 244,-269.00,    4387,  0.44,    5917,  1.20,   -1530, -0.31
 245,-268.00,    4529,  0.45,    5477,  1.11,    -948, -0.19
 246,-267.00,    4531,  0.45,    4999,  1.02,    -468, -0.10
 247,-266.00,    4385,  0.44,    4538,  0.92,    -153, -0.03
 248,-265.00,    4635,  0.46,    4587,  0.93,      48,  0.00
 249,-264.00,    4174,  0.42,    3927,  0.80,     247,  0.05
 250,-263.00,    3862,  0.39,    3140,  0.64,     722,  0.15
 251,-262.00,    3467,  0.35,    2406,  0.49,    1061,  0.22
 252,-261.00,    2189,  0.22,    1534,  0.31,     655,  0.13
 253,-260.00,     414,  0.04,     341,  0.07,      73,  0.01
 254,-259.00,    -558, -0.06,    -422, -0.09,    -136, -0.03
 255,-258.00,   -1465, -0.15,   -1481, -0.30,      16,  0.00
 256,-257.00,   -2152, -0.22,   -2331, -0.47,     179,  0.04
 257,-256.00,   -2544, -0.25,   -3028, -0.62,     484,  0.10
 258,-255.00,   -2490, -0.25,   -3393, -0.69,     903,  0.18
 259,-254.00,   -2494, -0.25,   -3401, -0.69,     907,  0.18
 260,-253.00,   -2551, -0.26,   -3161, -0.64,     610,  0.12
 261,-252.00,   -2479, -0.25,   -2708, -0.55,     229,  0.05
 262,-251.00,   -2457, -0.25,   -2433, -0.50,     -24, -0.00
 263,-250.00,   -2677, -0.27,   -2581, -0.53,     -96, -0.02
 264,-249.00,   -3218, -0.32,   -3173, -0.65,     -45, -0.00
 265,-248.00,   -4111, -0.41,   -3840, -0.78,    -271, -0.06
 266,-247.00,   -4826, -0.48,   -4341, -0.88,    -485, -0.10
 267,-246.00,   -5068, -0.51,   -4449, -0.91,    -619, -0.13
 268,-245.00,   -4775, -0.48,   -4076, -0.83,    -699, -0.14
 269,-244.00,   -5071, -0.51,   -4049, -0.82,   -1022, -0.21
 270,-243.00,   -5658, -0.57,   -4119, -0.84,   -1539, -0.31
 271,-242.00,   -5967, -0.60,   -4323, -0.88,   -1644, -0.33
 272,-241.00,   -5593, -0.56,   -4250, -0.86,   -1343, -0.27
 273,-240.00,   -5116, -0.51,   -4189, -0.85,    -927, -0.19
 274,-239.00,   -5089, -0.51,   -4581, -0.93,    -508, -0.10
 275,-238.00,   -5080, -0.51,   -4715, -0.96,    -365, -0.07
 276,-237.00,   -5365, -0.54,   -4761, -0.97,    -604, -0.12
 277,-236.00,   -5245, -0.52,   -4408, -0.90,    -837, -0.17
 278,-235.00,   -4957, -0.50,   -3761, -0.77,   -1196, -0.24
 279,-234.00,   -5078, -0.51,   -3217, -0.65,   -1861, -0.38
 280,-233.00,   -5167, -0.52,   -2964, -0.60,   -2203, -0.45
 281,-232.00,   -5184, -0.52,   -2928, -0.60,   -2256, -0.46
 282,-231.00,   -5635, -0.56,   -3001, -0.61,   -2634, -0.54
 283,-230.00,   -5701, -0.57,   -2496, -0.51,   -3205, -0.65
 284,-229.00,   -5859, -0.59,   -1894, -0.39,   -3965, -0.81
 285,-228.00,   -5952, -0.60,   -1300, -0.26,   -4652, -0.95
 286,-227.00,   -6049, -0.61,    -865, -0.18,   -5184, -1.05
 287,-226.00,   -6175, -0.62,    -682, -0.14,   -5493, -1.12
 288,-225.00,   -6606, -0.66,    -661, -0.13,   -5945, -1.21
 289,-224.00,   -7436, -0.74,    -669, -0.14,   -6767, -1.38
 290,-223.00,   -7971, -0.80,    -295, -0.06,   -7676, -1.56
 291,-222.00,   -8317, -0.83,     175,  0.04,   -8492, -1.73
 292,-221.00,   -7943, -0.79,     827,  0.17,   -8770, -1.78
 293,-220.00,   -7775, -0.78,    1330,  0.27,   -9105, -1.85
 294,-219.00,   -7830, -0.78,    1966,  0.40,   -9796, -1.99
 295,-218.00,   -8190, -0.82,    2483,  0.51,  -10673, -2.17
 296,-217.00,   -8587, -0.86,    3019,  0.61,  -11606, -2.36
 297,-216.00,   -8090, -0.81,    4125,  0.84,  -12215, -2.49
 298,-215.00,   -7743, -0.77,    5013,  1.02,  -12756, -2.60
 299,-214.00,   -7028, -0.70,    5830,  1.19,  -12858, -2.62
 300,-213.00,   -6547, -0.66,    6666,  1.36,  -13213, -2.69
 301,-212.00,   -5726, -0.57,    7670,  1.56,  -13396, -2.73
 302,-211.00,   -4214, -0.42,    9116,  1.85,  -13330, -2.71
 303,-210.00,   -3022, -0.30,   10042,  2.04,  -13064, -2.66
 304,-209.00,   -1693, -0.17,   10696,  2.18,  -12389, -2.52
 305,-208.00,    -185, -0.02,   11709,  2.38,  -11894, -2.42
 306,-207.00,    1108,  0.11,   12923,  2.63,  -11815, -2.40
 307,-206.00,    2010,  0.20,   13895,  2.83,  -11885, -2.42
 308,-205.00,    2917,  0.29,   14535,  2.96,  -11618, -2.36
 309,-204.00,    4041,  0.40,   15257,  3.10,  -11216, -2.28
 310,-203.00,    4949,  0.50,   15999,  3.26,  -11050, -2.25
 311,-202.00,    5555,  0.56,   16470,  3.35,  -10915, -2.22
 312,-201.00,    5924,  0.59,   16864,  3.43,  -10940, -2.23
 313,-200.00,    6176,  0.62,   16930,  3.44,  -10754, -2.19
 314,-199.00,    6211,  0.62,   16750,  3.41,  -10539, -2.14
 315,-198.00,    6629,  0.66,   16834,  3.42,  -10205, -2.08
 316,-197.00,    6749,  0.68,   16552,  3.37,   -9803, -1.99
 317,-196.00,    7014,  0.70,   16387,  3.33,   -9373, -1.91
 318,-195.00,    6684,  0.67,   16169,  3.29,   -9485, -1.93
 319,-194.00,    6112,  0.61,   15847,  3.22,   -9735, -1.98
 320,-193.00,    6120,  0.61,   15816,  3.22,   -9696, -1.97
 321,-192.00,    6567,  0.66,   15642,  3.18,   -9075, -1.85
 322,-191.00,    6678,  0.67,   15208,  3.09,   -8530, -1.74
 323,-190.00,    6452,  0.65,   14549,  2.96,   -8097, -1.65
 324,-189.00,    6039,  0.60,   13958,  2.84,   -7919, -1.61
 325,-188.00,    6006,  0.60,   13261,  2.70,   -7255, -1.48
 326,-187.00,    5721,  0.57,   12281,  2.50,   -6560, -1.33
 327,-186.00,    5215,  0.52,   11189,  2.28,   -5974, -1.22
 328,-185.00,    5033,  0.50,   10152,  2.07,   -5119, -1.04
 329,-184.00,    4851,  0.49,    9089,  1.85,   -4238, -0.86
 330,-183.00,    4573,  0.46,    8094,  1.65,   -3521, -0.72
 331,-182.00,    4288,  0.43,    7123,  1.45,   -2835, -0.58
 332,-181.00,    3694,  0.37,    5617,  1.14,   -1923, -0.39
 333,-180.00,    2842,  0.28,    4213,  0.86,   -1371, -0.28
 334,-179.00,    1896,  0.19,    2614,  0.53,    -718, -0.15
 335,-178.00,     916,  0.09,    1123,  0.23,    -207, -0.04
 336,-177.00,     329,  0.03,    -242, -0.05,     571,  0.12
 337,-176.00,    -515, -0.05,   -1588, -0.32,    1073,  0.22
 338,-175.00,   -1610, -0.16,   -3260, -0.66,    1650,  0.34
 339,-174.00,   -2442, -0.24,   -4917, -1.00,    2475,  0.50
 340,-173.00,   -2674, -0.27,   -5734, -1.17,    3060,  0.62
 341,-172.00,   -2680, -0.27,   -6123, -1.25,    3443,  0.70
 342,-171.00,   -3928, -0.39,   -7432, -1.51,    3504,  0.71
 343,-170.00,   -4786, -0.48,   -8630, -1.76,    3844,  0.78
 344,-169.00,   -5249, -0.53,   -9265, -1.89,    4016,  0.82
 345,-168.00,   -6495, -0.65,  -10238, -2.08,    3743,  0.76
 346,-167.00,   -7659, -0.77,  -11107, -2.26,    3448,  0.70
 347,-166.00,   -8331, -0.83,  -11310, -2.30,    2979,  0.61
 348,-165.00,   -8702, -0.87,  -11253, -2.29,    2551,  0.52
 349,-164.00,   -9307, -0.93,  -11657, -2.37,    2350,  0.48
 350,-163.00,   -9919, -0.99,  -12207, -2.48,    2288,  0.47
 351,-162.00,  -11060, -1.11,  -12776, -2.60,    1716,  0.35
 352,-161.00,  -11963, -1.20,  -12863, -2.62,     900,  0.18
 353,-160.00,  -12712, -1.27,  -13059, -2.66,     347,  0.07
 354,-159.00,  -12779, -1.28,  -12670, -2.58,    -109, -0.02
 355,-158.00,  -12634, -1.26,  -12126, -2.47,    -508, -0.10
 356,-157.00,  -12274, -1.23,  -11419, -2.32,    -855, -0.17
 357,-156.00,  -12161, -1.22,  -11053, -2.25,   -1108, -0.23
 358,-155.00,  -12622, -1.26,  -10972, -2.23,   -1650, -0.34
 359,-154.00,  -13675, -1.37,  -11634, -2.37,   -2041, -0.42
 360,-153.00,  -14306, -1.43,  -11671, -2.37,   -2635, -0.54
 361,-152.00,  -14752, -1.48,  -11529, -2.35,   -3223, -0.66
 362,-151.00,  -14149, -1.42,  -10672, -2.17,   -3477, -0.71
 363,-150.00,  -14204, -1.42,  -10765, -2.19,   -3439, -0.70
 364,-149.00,  -14746, -1.48,  -10958, -2.23,   -3788, -0.77
 365,-148.00,  -15174, -1.52,  -10901, -2.22,   -4273, -0.87
 366,-147.00,  -16182, -1.62,  -11364, -2.31,   -4818, -0.98
 367,-146.00,  -17020, -1.70,  -11679, -2.38,   -5341, -1.09
 368,-145.00,  -17819, -1.78,  -11794, -2.40,   -6025, -1.23
 369,-144.00,  -17995, -1.80,  -11691, -2.38,   -6304, -1.28
 370,-143.00,  -18178, -1.82,  -11657, -2.37,   -6521, -1.33
 371,-142.00,  -18489, -1.85,  -11907, -2.42,   -6582, -1.34
 372,-141.00,  -18552, -1.86,  -12073, -2.46,   -6479, -1.32
 373,-140.00,  -18294, -1.83,  -11851, -2.41,   -6443, -1.31
 374,-139.00,  -17738, -1.77,  -11257, -2.29,   -6481, -1.32
 375,-138.00,  -17250, -1.73,  -10716, -2.18,   -6534, -1.33
 376,-137.00,  -16767, -1.68,  -10289, -2.09,   -6478, -1.32
 377,-136.00,  -15712, -1.57,   -9486, -1.93,   -6226, -1.27
 378,-135.00,  -14781, -1.48,   -8728, -1.78,   -6053, -1.23
 379,-134.00,  -14517, -1.45,   -8202, -1.67,   -6315, -1.28
 380,-133.00,  -13892, -1.39,   -7563, -1.54,   -6329, -1.29
 381,-132.00,  -12857, -1.29,   -6016, -1.22,   -6841, -1.39
 382,-131.00,  -12215, -1.22,   -5085, -1.03,   -7130, -1.45
 383,-130.00,  -11793, -1.18,   -4383, -0.89,   -7410, -1.51
 384,-129.00,  -11836, -1.18,   -3915, -0.80,   -7921, -1.61
 385,-128.00,  -11517, -1.15,   -3215, -0.65,   -8302, -1.69
 386,-127.00,  -11029, -1.10,   -2633, -0.54,   -8396, -1.71
 387,-126.00,  -11300, -1.13,   -2452, -0.50,   -8848, -1.80
 388,-125.00,  -11623, -1.16,   -2499, -0.51,   -9124, -1.86
 389,-124.00,  -11386, -1.14,   -2320, -0.47,   -9066, -1.84
 390,-123.00,  -10769, -1.08,   -1626, -0.33,   -9143, -1.86
 391,-122.00,  -10413, -1.04,   -1319, -0.27,   -9094, -1.85
 392,-121.00,  -10384, -1.04,    -938, -0.19,   -9446, -1.92
 393,-120.00,  -10632, -1.06,    -718, -0.15,   -9914, -2.02
 394,-119.00,  -10877, -1.09,    -606, -0.12,  -10271, -2.09
 395,-118.00,  -10305, -1.03,     -61, -0.01,  -10244, -2.08
 396,-117.00,   -9729, -0.97,     529,  0.11,  -10258, -2.09
 397,-116.00,   -9704, -0.97,    1227,  0.25,  -10931, -2.22
 398,-115.00,   -9652, -0.97,    2000,  0.41,  -11652, -2.37
 399,-114.00,   -9046, -0.91,    2642,  0.54,  -11688, -2.38
 400,-113.00,   -8221, -0.82,    3265,  0.66,  -11486, -2.34
 401,-112.00,   -7725, -0.77,    3693,  0.75,  -11418, -2.32
 402,-111.00,   -7662, -0.77,    3784,  0.77,  -11446, -2.33
 403,-110.00,   -7052, -0.71,    4167,  0.85,  -11219, -2.28
 404,-109.00,   -6357, -0.64,    4934,  1.00,  -11291, -2.30
 405,-108.00,   -5998, -0.60,    5509,  1.12,  -11507, -2.34
 406,-107.00,   -5135, -0.51,    6502,  1.32,  -11637, -2.37
 407,-106.00,   -4404, -0.44,    7462,  1.52,  -11866, -2.41
 408,-105.00,   -3581, -0.36,    8399,  1.71,  -11980, -2.44
 409,-104.00,   -3074, -0.31,    9325,  1.90,  -12399, -2.52
 410,-103.00,   -2843, -0.28,   10073,  2.05,  -12916, -2.63
 411,-102.00,   -2935, -0.29,   10273,  2.09,  -13208, -2.69
 412,-101.00,   -2833, -0.28,   10870,  2.21,  -13703, -2.79
 413,-100.00,   -2706, -0.27,   11688,  2.38,  -14394, -2.93
 414,-99.00,   -2279, -0.23,   12431,  2.53,  -14710, -2.99
 415,-98.00,   -2159, -0.22,   12646,  2.57,  -14805, -3.01
 416,-97.00,   -2921, -0.29,   12496,  2.54,  -15417, -3.14
 417,-96.00,   -4059, -0.41,   12169,  2.48,  -16228, -3.30
 418,-95.00,   -5245, -0.52,   11845,  2.41,  -17090, -3.48
 419,-94.00,   -6406, -0.64,   11710,  2.38,  -18116, -3.69
 420,-93.00,   -7175, -0.72,   11822,  2.41,  -18997, -3.87
 421,-92.00,   -7978, -0.80,   12092,  2.46,  -20070, -4.08
 422,-91.00,   -8934, -0.89,   12234,  2.49,  -21168, -4.31
 423,-90.00,   -9452, -0.95,   12038,  2.45,  -21490, -4.37
 424,-89.00,   -9978, -1.00,   11644,  2.37,  -21622, -4.40
 425,-88.00,  -10496, -1.05,   11334,  2.31,  -21830, -4.44
 426,-87.00,  -10705, -1.07,   10920,  2.22,  -21625, -4.40
 427,-86.00,  -11458, -1.15,   10260,  2.09,  -21718, -4.42
 428,-85.00,  -12017, -1.20,    9811,  2.00,  -21828, -4.44
 429,-84.00,  -11949, -1.20,    9583,  1.95,  -21532, -4.38
 430,-83.00,  -11677, -1.17,    9557,  1.94,  -21234, -4.32
 431,-82.00,  -11087, -1.11,    9276,  1.89,  -20363, -4.14
 432,-81.00,  -10941, -1.09,    8483,  1.73,  -19424, -3.95
 433,-80.00,  -11052, -1.11,    7414,  1.51,  -18466, -3.76
 434,-79.00,  -10890, -1.09,    6456,  1.31,  -17346, -3.53
 435,-78.00,  -10692, -1.07,    5521,  1.12,  -16213, -3.30
 436,-77.00,  -10316, -1.03,    4774,  0.97,  -15090, -3.07
 437,-76.00,  -10084, -1.01,    4194,  0.85,  -14278, -2.90
 438,-75.00,  -10211, -1.02,    3101,  0.63,  -13312, -2.71
 439,-74.00,  -10444, -1.05,    2033,  0.41,  -12477, -2.54
 440,-73.00,   -9996, -1.00,    1428,  0.29,  -11424, -2.32
 441,-72.00,  -10380, -1.04,     246,  0.05,  -10626, -2.16
 442,-71.00,  -11173, -1.12,   -1345, -0.27,   -9828, -2.00
 443,-70.00,  -11588, -1.16,   -2882, -0.59,   -8706, -1.77
 444,-69.00,  -12033, -1.20,   -4179, -0.85,   -7854, -1.60
 445,-68.00,  -12274, -1.23,   -5081, -1.03,   -7193, -1.46
 446,-67.00,  -12592, -1.26,   -5601, -1.14,   -6991, -1.42
 447,-66.00,  -13659, -1.37,   -6629, -1.35,   -7030, -1.43
 448,-65.00,  -15070, -1.51,   -7899, -1.61,   -7171, -1.46
 449,-64.00,  -16493, -1.65,   -9232, -1.88,   -7261, -1.48
 450,-63.00,  -17662, -1.77,  -10664, -2.17,   -6998, -1.42
 451,-62.00,  -18530, -1.85,  -11963, -2.43,   -6567, -1.34
 452,-61.00,  -18971, -1.90,  -12755, -2.60,   -6216, -1.26
 453,-60.00,  -20714, -2.07,  -14486, -2.95,   -6228, -1.27
 454,-59.00,  -22143, -2.22,  -15997, -3.25,   -6146, -1.25
 455,-58.00,  -23018, -2.30,  -17220, -3.50,   -5798, -1.18
 456,-57.00,  -23478, -2.35,  -18417, -3.75,   -5061, -1.03
 457,-56.00,  -24308, -2.43,  -19847, -4.04,   -4461, -0.91
 458,-55.00,  -25356, -2.54,  -21248, -4.32,   -4108, -0.84
 459,-54.00,  -25638, -2.57,  -21915, -4.46,   -3723, -0.76
 460,-53.00,  -25641, -2.57,  -22183, -4.51,   -3458, -0.70
 461,-52.00,  -25662, -2.57,  -22743, -4.63,   -2919, -0.59
 462,-51.00,  -26484, -2.65,  -23686, -4.82,   -2798, -0.57
 463,-50.00,  -27284, -2.73,  -24580, -5.00,   -2704, -0.55
 464,-49.00,  -27878, -2.79,  -25039, -5.09,   -2839, -0.58
 465,-48.00,  -27789, -2.78,  -24718, -5.03,   -3071, -0.62
 466,-47.00,  -27374, -2.74,  -24450, -4.97,   -2924, -0.59
 467,-46.00,  -26569, -2.66,  -24300, -4.94,   -2269, -0.46
 468,-45.00,  -25550, -2.56,  -24269, -4.94,   -1281, -0.26
 469,-44.00,  -24517, -2.45,  -24072, -4.90,    -445, -0.09
 470,-43.00,  -23517, -2.35,  -23741, -4.83,     224,  0.05
 471,-42.00,  -23325, -2.33,  -24114, -4.91,     789,  0.16
 472,-41.00,  -23381, -2.34,  -24458, -4.98,    1077,  0.22
 473,-40.00,  -23249, -2.33,  -24119, -4.91,     870,  0.18
 474,-39.00,  -22642, -2.27,  -23646, -4.81,    1004,  0.20
 475,-38.00,  -22395, -2.24,  -23359, -4.75,     964,  0.20
 476,-37.00,  -21518, -2.15,  -22899, -4.66,    1381,  0.28
 477,-36.00,  -20611, -2.06,  -22488, -4.58,    1877,  0.38
 478,-35.00,  -20449, -2.05,  -22564, -4.59,    2115,  0.43
 479,-34.00,  -20631, -2.06,  -22696, -4.62,    2065,  0.42
 480,-33.00,  -20555, -2.06,  -22679, -4.61,    2124,  0.43
 481,-32.00,  -20757, -2.08,  -22886, -4.66,    2129,  0.43
 482,-31.00,  -20844, -2.09,  -22909, -4.66,    2065,  0.42
 483,-30.00,  -20736, -2.07,  -22721, -4.62,    1985,  0.40
 484,-29.00,  -20561, -2.06,  -22358, -4.55,    1797,  0.37
 485,-28.00,  -21572, -2.16,  -23042, -4.69,    1470,  0.30
 486,-27.00,  -22616, -2.26,  -23704, -4.82,    1088,  0.22
 487,-26.00,  -24166, -2.42,  -24857, -5.06,     691,  0.14
 488,-25.00,  -26086, -2.61,  -26015, -5.29,     -71, -0.01
 489,-24.00,  -26956, -2.70,  -26552, -5.40,    -404, -0.08
 490,-23.00,  -27288, -2.73,  -26785, -5.45,    -503, -0.10
 491,-22.00,  -27011, -2.70,  -26735, -5.44,    -276, -0.06
 492,-21.00,  -26526, -2.65,  -26731, -5.44,     205,  0.04
 493,-20.00,  -26582, -2.66,  -26901, -5.47,     319,  0.06
 494,-19.00,  -26820, -2.68,  -27136, -5.52,     316,  0.06
 495,-18.00,  -26799, -2.68,  -27258, -5.55,     459,  0.09
 496,-17.00,  -26161, -2.62,  -27063, -5.51,     902,  0.18
 497,-16.00,  -25292, -2.53,  -26630, -5.42,    1338,  0.27
 498,-15.00,  -24758, -2.48,  -26532, -5.40,    1774,  0.36
 499,-14.00,  -24496, -2.45,  -26523, -5.40,    2027,  0.41
 500,-13.00,  -24160, -2.42,  -26172, -5.32,    2012,  0.41
 501,-12.00,  -24358, -2.44,  -26385, -5.37,    2027,  0.41
 502,-11.00,  -23851, -2.39,  -26415, -5.37,    2564,  0.52
 503,-10.00,  -23232, -2.32,  -26116, -5.31,    2884,  0.59
 504,-9.00,  -22491, -2.25,  -25669, -5.22,    3178,  0.65
 505,-8.00,  -21091, -2.11,  -24941, -5.07,    3850,  0.78
 506,-7.00,  -19782, -1.98,  -24381, -4.96,    4599,  0.94
 507,-6.00,  -18564, -1.86,  -23793, -4.84,    5229,  1.06
 508,-5.00,  -17293, -1.73,  -23255, -4.73,    5962,  1.21
 509,-4.00,  -16709, -1.67,  -23135, -4.71,    6426,  1.31
 510,-3.00,  -16223, -1.62,  -22971, -4.67,    6748,  1.37
 511,-2.00,  -15630, -1.56,  -22693, -4.62,    7063,  1.44
 512,-1.00,  -14793, -1.48,  -22358, -4.55,    7565,  1.54
 513,0.00,  -13988, -1.40,  -21819, -4.44,    7831,  1.59
 514,1.00,  -13526, -1.35,  -21426, -4.36,    7900,  1.61
 515,2.00,  -12715, -1.27,  -20987, -4.27,    8272,  1.68
 516,3.00,  -11652, -1.17,  -20321, -4.13,    8669,  1.76
 517,4.00,  -10585, -1.06,  -19507, -3.97,    8922,  1.82
 518,5.00,   -8628, -0.86,  -18249, -3.71,    9621,  1.96
 519,6.00,   -6548, -0.66,  -17201, -3.50,   10653,  2.17
 520,7.00,   -4883, -0.49,  -16251, -3.31,   11368,  2.31
 521,8.00,   -3739, -0.37,  -15181, -3.09,   11442,  2.33
 522,9.00,   -2401, -0.24,  -13959, -2.84,   11558,  2.35
 523,10.00,    -942, -0.09,  -12685, -2.58,   11743,  2.39
 524,11.00,     683,  0.07,  -11398, -2.32,   12081,  2.46
 525,12.00,    2991,  0.30,   -9700, -1.97,   12691,  2.58
 526,13.00,    4682,  0.47,   -8460, -1.72,   13142,  2.67
 527,14.00,    6389,  0.64,   -7241, -1.47,   13630,  2.77
 528,15.00,    8442,  0.84,   -5726, -1.16,   14168,  2.88
 529,16.00,   10137,  1.01,   -4686, -0.95,   14823,  3.02
 530,17.00,   11693,  1.17,   -3737, -0.76,   15430,  3.14
 531,18.00,   12323,  1.23,   -3331, -0.68,   15654,  3.18
 532,19.00,   12399,  1.24,   -3132, -0.64,   15531,  3.16
 533,20.00,   12029,  1.20,   -2831, -0.58,   14860,  3.02
 534,21.00,   11630,  1.16,   -2561, -0.52,   14191,  2.89
 535,22.00,   11045,  1.11,   -2700, -0.55,   13745,  2.80
 536,23.00,   10656,  1.07,   -2824, -0.57,   13480,  2.74
 537,24.00,   11076,  1.11,   -2597, -0.53,   13673,  2.78
 538,25.00,   11715,  1.17,   -2455, -0.50,   14170,  2.88
 539,26.00,   12149,  1.22,   -2462, -0.50,   14611,  2.97
 540,27.00,   11600,  1.16,   -2295, -0.47,   13895,  2.83
 541,28.00,   10115,  1.01,   -2998, -0.61,   13113,  2.67
 542,29.00,    7770,  0.78,   -4348, -0.88,   12118,  2.47
 543,30.00,    6382,  0.64,   -5032, -1.02,   11414,  2.32
 544,31.00,    5805,  0.58,   -5253, -1.07,   11058,  2.25
 545,32.00,    6101,  0.61,   -4757, -0.97,   10858,  2.21
 546,33.00,    6852,  0.69,   -4298, -0.87,   11150,  2.27
 547,34.00,    7421,  0.74,   -4012, -0.82,   11433,  2.33
 548,35.00,    7945,  0.79,   -3727, -0.76,   11672,  2.37
 549,36.00,    7956,  0.80,   -3590, -0.73,   11546,  2.35
 550,37.00,    7832,  0.78,   -3638, -0.74,   11470,  2.33
 551,38.00,    6833,  0.68,   -3991, -0.81,   10824,  2.20
 552,39.00,    5472,  0.55,   -4425, -0.90,    9897,  2.01
 553,40.00,    4191,  0.42,   -4833, -0.98,    9024,  1.84
 554,41.00,    3813,  0.38,   -4971, -1.01,    8784,  1.79
 555,42.00,    5048,  0.51,   -4312, -0.88,    9360,  1.90
 556,43.00,    5948,  0.60,   -3878, -0.79,    9826,  2.00
 557,44.00,    6280,  0.63,   -3663, -0.75,    9943,  2.02
 558,45.00,    5992,  0.60,   -3706, -0.75,    9698,  1.97
 559,46.00,    4999,  0.50,   -3965, -0.81,    8964,  1.82
 560,47.00,    3686,  0.37,   -4214, -0.86,    7900,  1.61
 561,48.00,    2230,  0.22,   -4443, -0.90,    6673,  1.36
 562,49.00,    1290,  0.13,   -4646, -0.95,    5936,  1.21
 563,50.00,    1092,  0.11,   -4781, -0.97,    5873,  1.19
 564,51.00,    2177,  0.22,   -4337, -0.88,    6514,  1.33
 565,52.00,    2876,  0.29,   -3834, -0.78,    6710,  1.37
 566,53.00,    2775,  0.28,   -3623, -0.74,    6398,  1.30
 567,54.00,    2625,  0.26,   -3071, -0.62,    5696,  1.16
 568,55.00,    1907,  0.19,   -2879, -0.59,    4786,  0.97
 569,56.00,     511,  0.05,   -3329, -0.68,    3840,  0.78
 570,57.00,    -761, -0.08,   -3686, -0.75,    2925,  0.60
 571,58.00,    -985, -0.10,   -3310, -0.67,    2325,  0.47
 572,59.00,   -1253, -0.13,   -2879, -0.59,    1626,  0.33
 573,60.00,    -862, -0.09,   -2094, -0.43,    1232,  0.25
 574,61.00,    -436, -0.04,   -1195, -0.24,     759,  0.15
 575,62.00,    -274, -0.03,    -630, -0.13,     356,  0.07
 576,63.00,     -10, -0.00,      31,  0.00,     -41, -0.00
 577,64.00,   -1185, -0.12,      40,  0.00,   -1225, -0.25
 578,65.00,   -3106, -0.31,    -388, -0.08,   -2718, -0.55
 579,66.00,   -4750, -0.48,    -636, -0.13,   -4114, -0.84
 580,67.00,   -6259, -0.63,    -941, -0.19,   -5318, -1.08
 581,68.00,   -7678, -0.77,   -1053, -0.21,   -6625, -1.35
 582,69.00,   -8808, -0.88,   -1318, -0.27,   -7490, -1.52
 583,70.00,   -9712, -0.97,   -1661, -0.34,   -8051, -1.64
 584,71.00,   -9633, -0.96,   -1316, -0.27,   -8317, -1.69
 585,72.00,   -9685, -0.97,    -929, -0.19,   -8756, -1.78
 586,73.00,  -10368, -1.04,    -928, -0.19,   -9440, -1.92
 587,74.00,  -12095, -1.21,   -1538, -0.31,  -10557, -2.15
 588,75.00,  -13946, -1.40,   -2228, -0.45,  -11718, -2.38
 589,76.00,  -15258, -1.53,   -2258, -0.46,  -13000, -2.64
 590,77.00,  -16695, -1.67,   -2479, -0.50,  -14216, -2.89
 591,78.00,  -17773, -1.78,   -2662, -0.54,  -15111, -3.07
 592,79.00,  -19122, -1.91,   -2970, -0.60,  -16152, -3.29
 593,80.00,  -19781, -1.98,   -2744, -0.56,  -17037, -3.47
 594,81.00,  -20383, -2.04,   -2611, -0.53,  -17772, -3.62
 595,82.00,  -21045, -2.11,   -2355, -0.48,  -18690, -3.80
 596,83.00,  -22358, -2.24,   -2522, -0.51,  -19836, -4.04
 597,84.00,  -23240, -2.33,   -2541, -0.52,  -20699, -4.21
 598,85.00,  -23789, -2.38,   -2343, -0.48,  -21446, -4.36
 599,86.00,  -24448, -2.45,   -2179, -0.44,  -22269, -4.53
 600,87.00,  -25281, -2.53,   -2016, -0.41,  -23265, -4.73
 601,88.00,  -25877, -2.59,   -1747, -0.36,  -24130, -4.91
 602,89.00,  -26123, -2.61,   -1766, -0.36,  -24357, -4.96
 603,90.00,  -25918, -2.59,   -1827, -0.37,  -24091, -4.90
 604,91.00,  -24771, -2.48,   -1339, -0.27,  -23432, -4.77
 605,92.00,  -23974, -2.40,    -956, -0.19,  -23018, -4.68
 606,93.00,  -23370, -2.34,    -559, -0.11,  -22811, -4.64
 607,94.00,  -23150, -2.32,    -223, -0.05,  -22927, -4.66
 608,95.00,  -22593, -2.26,      55,  0.01,  -22648, -4.61
 609,96.00,  -21846, -2.19,     276,  0.06,  -22122, -4.50
 610,97.00,  -20170, -2.02,     853,  0.17,  -21023, -4.28
 611,98.00,  -18469, -1.85,    1428,  0.29,  -19897, -4.05
 612,99.00,  -16983, -1.70,    1869,  0.38,  -18852, -3.84
 613,100.00,  -15888, -1.59,    2365,  0.48,  -18253, -3.71
 614,101.00,  -14737, -1.47,    3296,  0.67,  -18033, -3.67
 615,102.00,  -13475, -1.35,    4188,  0.85,  -17663, -3.59
 616,103.00,  -13100, -1.31,    4198,  0.85,  -17298, -3.52
 617,104.00,  -12443, -1.25,    4370,  0.89,  -16813, -3.42
 618,105.00,  -11705, -1.17,    4489,  0.91,  -16194, -3.29
 619,106.00,  -10596, -1.06,    4716,  0.96,  -15312, -3.12
 620,107.00,   -8981, -0.90,    5110,  1.04,  -14091, -2.87
 621,108.00,   -6558, -0.66,    6014,  1.22,  -12572, -2.56
 622,109.00,   -4609, -0.46,    6929,  1.41,  -11538, -2.35
 623,110.00,   -3543, -0.35,    7191,  1.46,  -10734, -2.18
 624,111.00,   -3432, -0.34,    7227,  1.47,  -10659, -2.17
 625,112.00,   -3896, -0.39,    7074,  1.44,  -10970, -2.23
 626,113.00,   -3796, -0.38,    6822,  1.39,  -10618, -2.16
 627,114.00,   -3206, -0.32,    6921,  1.41,  -10127, -2.06
 628,115.00,   -2716, -0.27,    6709,  1.36,   -9425, -1.92
 629,116.00,   -2291, -0.23,    6417,  1.31,   -8708, -1.77
 630,117.00,   -1044, -0.10,    6925,  1.41,   -7969, -1.62
 631,118.00,     340,  0.03,    7837,  1.59,   -7497, -1.53
 632,119.00,     715,  0.07,    7942,  1.62,   -7227, -1.47
 633,120.00,     482,  0.05,    7529,  1.53,   -7047, -1.43
 634,121.00,      81,  0.00,    7149,  1.45,   -7068, -1.44
 635,122.00,    -865, -0.09,    6297,  1.28,   -7162, -1.46
 636,123.00,   -1856, -0.19,    5427,  1.10,   -7283, -1.48
 637,124.00,   -2555, -0.26,    4552,  0.93,   -7107, -1.45
 638,125.00,   -2772, -0.28,    4010,  0.82,   -6782, -1.38
 639,126.00,   -2836, -0.28,    3898,  0.79,   -6734, -1.37
 640,127.00,   -1722, -0.17,    4267,  0.87,   -5989, -1.22
 641,128.00,     281,  0.03,    4981,  1.01,   -4700, -0.96
 642,129.00,    1585,  0.16,    5216,  1.06,   -3631, -0.74
 643,130.00,    2234,  0.22,    4859,  0.99,   -2625, -0.53
 644,131.00,    2681,  0.27,    4643,  0.94,   -1962, -0.40
 645,132.00,    2850,  0.29,    4449,  0.91,   -1599, -0.33
 646,133.00,    3228,  0.32,    4240,  0.86,   -1012, -0.21
 647,134.00,    3750,  0.38,    4111,  0.84,    -361, -0.07
 648,135.00,    4822,  0.48,    4319,  0.88,     503,  0.10
 649,136.00,    6044,  0.60,    4482,  0.91,    1562,  0.32
 650,137.00,    6901,  0.69,    4593,  0.93,    2308,  0.47
 651,138.00,    8343,  0.83,    5119,  1.04,    3224,  0.66
 652,139.00,   10134,  1.01,    5925,  1.21,    4209,  0.86
 653,140.00,   11466,  1.15,    6254,  1.27,    5212,  1.06
 654,141.00,   12033,  1.20,    6021,  1.23,    6012,  1.22
 655,142.00,   12287,  1.23,    5709,  1.16,    6578,  1.34
 656,143.00,   12606,  1.26,    5561,  1.13,    7045,  1.43
 657,144.00,   13323,  1.33,    5722,  1.16,    7601,  1.55
 658,145.00,   13843,  1.39,    5776,  1.18,    8067,  1.64
 659,146.00,   14487,  1.45,    5911,  1.20,    8576,  1.74
 660,147.00,   15860,  1.59,    6519,  1.33,    9341,  1.90
 661,148.00,   17764,  1.78,    7570,  1.54,   10194,  2.07
 662,149.00,   19067,  1.91,    8240,  1.68,   10827,  2.20
 663,150.00,   19113,  1.91,    8087,  1.65,   11026,  2.24
 664,151.00,   19450,  1.95,    8171,  1.66,   11279,  2.29
 665,152.00,   19463,  1.95,    8097,  1.65,   11366,  2.31
 666,153.00,   19339,  1.94,    8116,  1.65,   11223,  2.28
 667,154.00,   19627,  1.96,    8133,  1.65,   11494,  2.34
 668,155.00,   20241,  2.03,    8392,  1.71,   11849,  2.41
 669,156.00,   20554,  2.06,    8486,  1.73,   12068,  2.46
 670,157.00,   20707,  2.07,    8429,  1.71,   12278,  2.50
 671,158.00,   21412,  2.14,    8919,  1.81,   12493,  2.54
 672,159.00,   21803,  2.18,    9358,  1.90,   12445,  2.53
 673,160.00,   21933,  2.19,    9315,  1.90,   12618,  2.57
 674,161.00,   22100,  2.21,    9145,  1.86,   12955,  2.64
 675,162.00,   23225,  2.32,    9730,  1.98,   13495,  2.75
 676,163.00,   24147,  2.42,   10665,  2.17,   13482,  2.74
 677,164.00,   25148,  2.52,   11661,  2.37,   13487,  2.74
 678,165.00,   25403,  2.54,   12179,  2.48,   13224,  2.69
 679,166.00,   25511,  2.55,   12773,  2.60,   12738,  2.59
 680,167.00,   25336,  2.54,   13114,  2.67,   12222,  2.49
 681,168.00,   25589,  2.56,   13640,  2.78,   11949,  2.43
 682,169.00,   25963,  2.60,   14254,  2.90,   11709,  2.38
 683,170.00,   26509,  2.65,   14803,  3.01,   11706,  2.38
 684,171.00,   26565,  2.66,   15383,  3.13,   11182,  2.28
 685,172.00,   26286,  2.63,   15687,  3.19,   10599,  2.16
 686,173.00,   26267,  2.63,   15658,  3.19,   10609,  2.16
 687,174.00,   25959,  2.60,   15621,  3.18,   10338,  2.10
 688,175.00,   25937,  2.60,   15740,  3.20,   10197,  2.07
 689,176.00,   25741,  2.58,   16072,  3.27,    9669,  1.97
 690,177.00,   25308,  2.53,   16354,  3.33,    8954,  1.82
 691,178.00,   25541,  2.56,   17043,  3.47,    8498,  1.73
 692,179.00,   25888,  2.59,   17560,  3.57,    8328,  1.69
 693,180.00,   26196,  2.62,   17967,  3.66,    8229,  1.67
 694,181.00,   25637,  2.57,   18004,  3.66,    7633,  1.55
 695,182.00,   24983,  2.50,   17803,  3.62,    7180,  1.46
 696,183.00,   25129,  2.51,   18479,  3.76,    6650,  1.35
 697,184.00,   24841,  2.49,   18907,  3.85,    5934,  1.21
 698,185.00,   24329,  2.43,   18998,  3.87,    5331,  1.08
 699,186.00,   24478,  2.45,   19235,  3.91,    5243,  1.07
 700,187.00,   24576,  2.46,   19616,  3.99,    4960,  1.01
 701,188.00,   24868,  2.49,   20072,  4.08,    4796,  0.98
 702,189.00,   25084,  2.51,   20212,  4.11,    4872,  0.99
 703,190.00,   24680,  2.47,   20156,  4.10,    4524,  0.92
 704,191.00,   23547,  2.36,   20032,  4.08,    3515,  0.72
 705,192.00,   22453,  2.25,   19793,  4.03,    2660,  0.54
 706,193.00,   21472,  2.15,   19377,  3.94,    2095,  0.43
 707,194.00,   20958,  2.10,   19090,  3.88,    1868,  0.38
 708,195.00,   20092,  2.01,   18502,  3.76,    1590,  0.32
 709,196.00,   19760,  1.98,   17839,  3.63,    1921,  0.39
 710,197.00,   19900,  1.99,   17709,  3.60,    2191,  0.45
 711,198.00,   19953,  2.00,   17668,  3.59,    2285,  0.46
 712,199.00,   19631,  1.96,   17385,  3.54,    2246,  0.46
 713,200.00,   19059,  1.91,   16689,  3.40,    2370,  0.48
 714,201.00,   18750,  1.88,   16258,  3.31,    2492,  0.51
 715,202.00,   18450,  1.85,   15665,  3.19,    2785,  0.57
 716,203.00,   18503,  1.85,   15369,  3.13,    3134,  0.64
 717,204.00,   18695,  1.87,   15051,  3.06,    3644,  0.74
 718,205.00,   19268,  1.93,   14998,  3.05,    4270,  0.87
 719,206.00,   19862,  1.99,   14654,  2.98,    5208,  1.06
 720,207.00,   20038,  2.01,   14037,  2.86,    6001,  1.22
 721,208.00,   20013,  2.00,   13245,  2.69,    6768,  1.38
 722,209.00,   20447,  2.05,   13056,  2.66,    7391,  1.50
 723,210.00,   21293,  2.13,   12730,  2.59,    8563,  1.74
 724,211.00,   21853,  2.19,   11992,  2.44,    9861,  2.01
 725,212.00,   22421,  2.24,   11441,  2.33,   10980,  2.23
 726,213.00,   23233,  2.32,   11305,  2.30,   11928,  2.43
 727,214.00,   23764,  2.38,   11298,  2.30,   12466,  2.54
 728,215.00,   24383,  2.44,   11099,  2.26,   13284,  2.70
 729,216.00,   25067,  2.51,   11137,  2.27,   13930,  2.83
 730,217.00,   25699,  2.57,   11298,  2.30,   14401,  2.93
 731,218.00,   26049,  2.61,   11240,  2.29,   14809,  3.01
 732,219.00,   26298,  2.63,   11223,  2.28,   15075,  3.07
 733,220.00,   26463,  2.65,   10905,  2.22,   15558,  3.17
 734,221.00,   26837,  2.69,   10517,  2.14,   16320,  3.32
 735,222.00,   26832,  2.68,   10065,  2.05,   16767,  3.41
 736,223.00,   27397,  2.74,    9837,  2.00,   17560,  3.57
 737,224.00,   27553,  2.76,    9590,  1.95,   17963,  3.65
 738,225.00,   27598,  2.76,    9591,  1.95,   18007,  3.66
 739,226.00,   27995,  2.80,    9678,  1.97,   18317,  3.73
 740,227.00,   28221,  2.82,    9383,  1.91,   18838,  3.83
 741,228.00,   27947,  2.80,    8696,  1.77,   19251,  3.92
 742,229.00,   28037,  2.81,    8521,  1.73,   19516,  3.97
 743,230.00,   28069,  2.81,    8421,  1.71,   19648,  4.00
 744,231.00,   27421,  2.74,    7987,  1.63,   19434,  3.95
 745,232.00,   27330,  2.73,    7778,  1.58,   19552,  3.98
 746,233.00,   27096,  2.71,    7513,  1.53,   19583,  3.98
 747,234.00,   26351,  2.64,    6819,  1.39,   19532,  3.97
 748,235.00,   25190,  2.52,    5940,  1.21,   19250,  3.92
 749,236.00,   23639,  2.37,    5102,  1.04,   18537,  3.77
 750,237.00,   21680,  2.17,    3920,  0.80,   17760,  3.61
 751,238.00,   19992,  2.00,    2503,  0.51,   17489,  3.56
 752,239.00,   18637,  1.86,    1203,  0.24,   17434,  3.55
 753,240.00,   17197,  1.72,    -139, -0.03,   17336,  3.53
 754,241.00,   15319,  1.53,   -1658, -0.34,   16977,  3.45
 755,242.00,   13272,  1.33,   -3313, -0.67,   16585,  3.37
 756,243.00,   11297,  1.13,   -4931, -1.00,   16228,  3.30
 757,244.00,    9677,  0.97,   -6557, -1.33,   16234,  3.30
 758,245.00,    8335,  0.83,   -7655, -1.56,   15990,  3.25
 759,246.00,    7438,  0.74,   -8601, -1.75,   16039,  3.26
 760,247.00,    6833,  0.68,   -9547, -1.94,   16380,  3.33
 761,248.00,    5850,  0.59,  -10709, -2.18,   16559,  3.37
 762,249.00,    5189,  0.52,  -11394, -2.32,   16583,  3.37
 763,250.00,    4576,  0.46,  -11781, -2.40,   16357,  3.33
 764,251.00,    4311,  0.43,  -11835, -2.41,   16146,  3.29
 765,252.00,    4276,  0.43,  -11866, -2.41,   16142,  3.28
 766,253.00,    4775,  0.48,  -11796, -2.40,   16571,  3.37
 767,254.00,    5153,  0.52,  -11901, -2.42,   17054,  3.47
 768,255.00,    5316,  0.53,  -11670, -2.37,   16986,  3.46
 769,256.00,    4820,  0.48,  -11468, -2.33,   16288,  3.31
 770,257.00,    4438,  0.44,  -11473, -2.33,   15911,  3.24
 771,258.00,    3868,  0.39,  -11615, -2.36,   15483,  3.15
 772,259.00,    3086,  0.31,  -11742, -2.39,   14828,  3.02
 773,260.00,    2593,  0.26,  -11875, -2.42,   14468,  2.94
 774,261.00,    2013,  0.20,  -11879, -2.42,   13892,  2.83
 775,262.00,     446,  0.04,  -12198, -2.48,   12644,  2.57
 776,263.00,    -805, -0.08,  -12360, -2.51,   11555,  2.35
 777,264.00,   -1811, -0.18,  -12567, -2.56,   10756,  2.19
 778,265.00,   -3691, -0.37,  -13275, -2.70,    9584,  1.95
 779,266.00,   -5122, -0.51,  -13369, -2.72,    8247,  1.68
 780,267.00,   -6336, -0.63,  -13689, -2.79,    7353,  1.50
 781,268.00,   -7088, -0.71,  -13666, -2.78,    6578,  1.34
 782,269.00,   -7743, -0.77,  -13778, -2.80,    6035,  1.23
 783,270.00,   -9681, -0.97,  -14473, -2.94,    4792,  0.97
 784,271.00,  -11487, -1.15,  -15056, -3.06,    3569,  0.73
 785,272.00,  -12530, -1.25,  -15078, -3.07,    2548,  0.52
 786,273.00,  -12906, -1.29,  -14399, -2.93,    1493,  0.30
 787,274.00,  -13172, -1.32,  -13637, -2.77,     465,  0.09
 788,275.00,  -13267, -1.33,  -12781, -2.60,    -486, -0.10
 789,276.00,  -13206, -1.32,  -12259, -2.49,    -947, -0.19
 790,277.00,  -13418, -1.34,  -11910, -2.42,   -1508, -0.31
 791,278.00,  -14002, -1.40,  -11658, -2.37,   -2344, -0.48
 792,279.00,  -14848, -1.49,  -11377, -2.31,   -3471, -0.71
 793,280.00,  -15584, -1.56,  -11247, -2.29,   -4337, -0.88
 794,281.00,  -16219, -1.62,  -10891, -2.22,   -5328, -1.08
 795,282.00,  -16184, -1.62,  -10186, -2.07,   -5998, -1.22
 796,283.00,  -15875, -1.59,   -9558, -1.94,   -6317, -1.29
 797,284.00,  -15236, -1.52,   -8447, -1.72,   -6789, -1.38
 798,285.00,  -14191, -1.42,   -6929, -1.41,   -7262, -1.48
 799,286.00,  -13234, -1.32,   -5568, -1.13,   -7666, -1.56
 800,287.00,  -12409, -1.24,   -4301, -0.88,   -8108, -1.65
 801,288.00,  -12229, -1.22,   -3382, -0.69,   -8847, -1.80
 802,289.00,  -11810, -1.18,   -2328, -0.47,   -9482, -1.93
 803,290.00,  -10658, -1.07,    -975, -0.20,   -9683, -1.97
 804,291.00,   -9640, -0.96,     544,  0.11,  -10184, -2.07
 805,292.00,   -8134, -0.81,    2415,  0.49,  -10549, -2.15
 806,293.00,   -6536, -0.65,    4156,  0.85,  -10692, -2.18
 807,294.00,   -5189, -0.52,    5531,  1.13,  -10720, -2.18
 808,295.00,   -3447, -0.34,    7490,  1.52,  -10937, -2.23
 809,296.00,   -1907, -0.19,    8860,  1.80,  -10767, -2.19
 810,297.00,      36,  0.00,   10196,  2.07,  -10160, -2.07
 811,298.00,    1503,  0.15,   11633,  2.37,  -10130, -2.06
 812,299.00,    2054,  0.21,   12307,  2.50,  -10253, -2.09
 813,300.00,    2204,  0.22,   12845,  2.61,  -10641, -2.16
 814,301.00,    2599,  0.26,   13410,  2.73,  -10811, -2.20
 815,302.00,    3419,  0.34,   13747,  2.80,  -10328, -2.10
 816,303.00,    4086,  0.41,   13865,  2.82,   -9779, -1.99
 817,304.00,    4060,  0.41,   13559,  2.76,   -9499, -1.93
 818,305.00,    3356,  0.34,   13025,  2.65,   -9669, -1.97
 819,306.00,    2835,  0.28,   12651,  2.57,   -9816, -2.00
 820,307.00,    3111,  0.31,   12636,  2.57,   -9525, -1.94
 821,308.00,    3435,  0.34,   12548,  2.55,   -9113, -1.85
 822,309.00,    4035,  0.40,   12514,  2.55,   -8479, -1.73
 823,310.00,    4453,  0.45,   12376,  2.52,   -7923, -1.61
 824,311.00,    4990,  0.50,   12151,  2.47,   -7161, -1.46
 825,312.00,    5762,  0.58,   12299,  2.50,   -6537, -1.33
 826,313.00,    6710,  0.67,   12608,  2.57,   -5898, -1.20
 827,314.00,    7929,  0.79,   12893,  2.62,   -4964, -1.01
 828,315.00,    8330,  0.83,   12834,  2.61,   -4504, -0.92
 829,316.00,    8580,  0.86,   13022,  2.65,   -4442, -0.90
 830,317.00,    9116,  0.91,   13345,  2.72,   -4229, -0.86
 831,318.00,    9154,  0.92,   13174,  2.68,   -4020, -0.82
 832,319.00,    9213,  0.92,   13152,  2.68,   -3939, -0.80
 833,320.00,    9121,  0.91,   13229,  2.69,   -4108, -0.84
 834,321.00,    8774,  0.88,   13348,  2.72,   -4574, -0.93
 835,322.00,    8712,  0.87,   13366,  2.72,   -4654, -0.95
 836,323.00,    9109,  0.91,   13865,  2.82,   -4756, -0.97
 837,324.00,    8978,  0.90,   14174,  2.88,   -5196, -1.06
 838,325.00,    8112,  0.81,   14004,  2.85,   -5892, -1.20
 839,326.00,    7197,  0.72,   13902,  2.83,   -6705, -1.36
 840,327.00,    7059,  0.71,   14168,  2.88,   -7109, -1.45
 841,328.00,    6746,  0.68,   14464,  2.94,   -7718, -1.57
 842,329.00,    6490,  0.65,   14493,  2.95,   -8003, -1.63
 843,330.00,    6497,  0.65,   14323,  2.91,   -7826, -1.59
 844,331.00,    6345,  0.63,   14112,  2.87,   -7767, -1.58
 845,332.00,    6059,  0.61,   13752,  2.80,   -7693, -1.57
 846,333.00,    6327,  0.63,   13735,  2.79,   -7408, -1.51
 847,334.00,    6224,  0.62,   13524,  2.75,   -7300, -1.49
 848,335.00,    5847,  0.59,   13155,  2.68,   -7308, -1.49
 849,336.00,    5118,  0.51,   12534,  2.55,   -7416, -1.51
 850,337.00,    4213,  0.42,   11709,  2.38,   -7496, -1.53
 851,338.00,    3148,  0.31,   10547,  2.15,   -7399, -1.51
 852,339.00,    3132,  0.31,    9949,  2.02,   -6817, -1.39
 853,340.00,    2786,  0.28,    9218,  1.88,   -6432, -1.31
 854,341.00,    2317,  0.23,    8553,  1.74,   -6236, -1.27
 855,342.00,    2148,  0.21,    8220,  1.67,   -6072, -1.24
 856,343.00,    1561,  0.16,    7513,  1.53,   -5952, -1.21
 857,344.00,     380,  0.04,    6367,  1.30,   -5987, -1.22
 858,345.00,    -305, -0.03,    5561,  1.13,   -5866, -1.19
 859,346.00,    -299, -0.03,    5075,  1.03,   -5374, -1.09
 860,347.00,     390,  0.04,    5062,  1.03,   -4672, -0.95
 861,348.00,     757,  0.08,    4805,  0.98,   -4048, -0.82
 862,349.00,    1197,  0.12,    4777,  0.97,   -3580, -0.73
 863,350.00,    1981,  0.20,    5121,  1.04,   -3140, -0.64
 864,351.00,    3826,  0.38,    6151,  1.25,   -2325, -0.47
 865,352.00,    5505,  0.55,    7015,  1.43,   -1510, -0.31
 866,353.00,    6440,  0.64,    7305,  1.49,    -865, -0.18
 867,354.00,    7660,  0.77,    7492,  1.52,     168,  0.03
 868,355.00,    9470,  0.95,    7926,  1.61,    1544,  0.31
 869,356.00,   11699,  1.17,    8775,  1.79,    2924,  0.59
 870,357.00,   13661,  1.37,    9066,  1.84,    4595,  0.93
 871,358.00,   15243,  1.53,    9149,  1.86,    6094,  1.24
 872,359.00,   16083,  1.61,    8842,  1.80,    7241,  1.47
 873,360.00,   17062,  1.71,    8737,  1.78,    8325,  1.69
 874,361.00,   17087,  1.71,    8209,  1.67,    8878,  1.81
 875,362.00,   17233,  1.72,    7779,  1.58,    9454,  1.92
 876,363.00,   17148,  1.72,    7370,  1.50,    9778,  1.99
 877,364.00,   16955,  1.70,    6980,  1.42,    9975,  2.03
 878,365.00,   16870,  1.69,    6792,  1.38,   10078,  2.05
 879,366.00,   16333,  1.63,    6372,  1.30,    9961,  2.03
 880,367.00,   16006,  1.60,    5825,  1.19,   10181,  2.07
 881,368.00,   15251,  1.53,    4793,  0.98,   10458,  2.13
 882,369.00,   14649,  1.47,    3830,  0.78,   10819,  2.20
 883,370.00,   13906,  1.39,    2956,  0.60,   10950,  2.23
 884,371.00,   12639,  1.26,    1919,  0.39,   10720,  2.18
 885,372.00,   11165,  1.12,     594,  0.12,   10571,  2.15
 886,373.00,    9216,  0.92,    -925, -0.19,   10141,  2.06
 887,374.00,    8120,  0.81,   -1784, -0.36,    9904,  2.02
 888,375.00,    6638,  0.66,   -3121, -0.63,    9759,  1.99
 889,376.00,    5384,  0.54,   -4429, -0.90,    9813,  2.00
 890,377.00,    4067,  0.41,   -5632, -1.15,    9699,  1.97
 891,378.00,    2587,  0.26,   -6819, -1.39,    9406,  1.91
 892,379.00,    1172,  0.12,   -7755, -1.58,    8927,  1.82
 893,380.00,    -509, -0.05,   -8816, -1.79,    8307,  1.69
 894,381.00,   -1727, -0.17,   -9774, -1.99,    8047,  1.64
 895,382.00,   -2990, -0.30,  -10663, -2.17,    7673,  1.56
 896,383.00,   -4382, -0.44,  -11567, -2.35,    7185,  1.46
 897,384.00,   -5434, -0.54,  -12491, -2.54,    7057,  1.44
 898,385.00,   -6617, -0.66,  -13306, -2.71,    6689,  1.36
 899,386.00,   -8174, -0.82,  -14238, -2.90,    6064,  1.23
 900,387.00,   -9336, -0.93,  -14940, -3.04,    5604,  1.14
 901,388.00,  -10222, -1.02,  -15359, -3.12,    5137,  1.05
 902,389.00,  -10714, -1.07,  -15616, -3.18,    4902,  1.00
 903,390.00,  -11272, -1.13,  -16064, -3.27,    4792,  0.97
 904,391.00,  -11764, -1.18,  -16386, -3.33,    4622,  0.94
 905,392.00,  -12650, -1.27,  -16894, -3.44,    4244,  0.86
 906,393.00,  -14170, -1.42,  -17616, -3.58,    3446,  0.70
 907,394.00,  -15337, -1.53,  -18240, -3.71,    2903,  0.59
 908,395.00,  -15624, -1.56,  -18428, -3.75,    2804,  0.57
 909,396.00,  -15822, -1.58,  -18456, -3.75,    2634,  0.54
 910,397.00,  -16247, -1.63,  -18611, -3.79,    2364,  0.48
 911,398.00,  -15733, -1.57,  -18109, -3.68,    2376,  0.48
 912,399.00,  -15155, -1.52,  -17281, -3.52,    2126,  0.43
 913,400.00,  -15004, -1.50,  -16649, -3.39,    1645,  0.33
 914,401.00,  -15014, -1.50,  -16240, -3.30,    1226,  0.25
 915,402.00,  -15125, -1.51,  -15822, -3.22,     697,  0.14
 916,403.00,  -14938, -1.49,  -15075, -3.07,     137,  0.03
 917,404.00,  -14605, -1.46,  -14681, -2.99,      76,  0.02
 918,405.00,  -13703, -1.37,  -14199, -2.89,     496,  0.10
 919,406.00,  -12991, -1.30,  -13503, -2.75,     512,  0.10
 920,407.00,  -13089, -1.31,  -13099, -2.67,      10,  0.00
 921,408.00,  -12878, -1.29,  -12507, -2.54,    -371, -0.08
 922,409.00,  -12619, -1.26,  -12072, -2.46,    -547, -0.11
 923,410.00,  -11828, -1.18,  -11668, -2.37,    -160, -0.03
 924,411.00,  -10796, -1.08,  -11179, -2.27,     383,  0.08
 925,412.00,   -9721, -0.97,  -10451, -2.13,     730,  0.15
 926,413.00,   -9686, -0.97,   -9861, -2.01,     175,  0.04
 927,414.00,   -9544, -0.95,   -9236, -1.88,    -308, -0.06
 928,415.00,  -10017, -1.00,   -9151, -1.86,    -866, -0.18
 929,416.00,  -11100, -1.11,   -9586, -1.95,   -1514, -0.31
 930,417.00,  -11309, -1.13,   -9795, -1.99,   -1514, -0.31
 931,418.00,  -11007, -1.10,   -9607, -1.95,   -1400, -0.28
 932,419.00,  -11054, -1.11,   -9516, -1.94,   -1538, -0.31
 933,420.00,  -11348, -1.14,   -9337, -1.90,   -2011, -0.41
 934,421.00,  -11306, -1.13,   -8934, -1.82,   -2372, -0.48
 935,422.00,  -11057, -1.11,   -8624, -1.75,   -2433, -0.50
 936,423.00,  -10354, -1.04,   -8068, -1.64,   -2286, -0.47
 937,424.00,   -9419, -0.94,   -7223, -1.47,   -2196, -0.45
 938,425.00,   -8946, -0.90,   -6958, -1.42,   -1988, -0.40
 939,426.00,   -8471, -0.85,   -6897, -1.40,   -1574, -0.32
 940,427.00,   -7283, -0.73,   -6367, -1.30,    -916, -0.19
 941,428.00,   -6055, -0.61,   -5804, -1.18,    -251, -0.05
 942,429.00,   -4687, -0.47,   -5309, -1.08,     622,  0.13
 943,430.00,   -4132, -0.41,   -4941, -1.01,     809,  0.16
 944,431.00,   -3206, -0.32,   -4143, -0.84,     937,  0.19
 945,432.00,   -1763, -0.18,   -3216, -0.65,    1453,  0.30
 946,433.00,    -734, -0.07,   -2375, -0.48,    1641,  0.33
 947,434.00,     -71, -0.00,   -1411, -0.29,    1340,  0.27
 948,435.00,     631,  0.06,    -400, -0.08,    1031,  0.21
 949,436.00,    1221,  0.12,     520,  0.11,     701,  0.14
 950,437.00,    1581,  0.16,    1386,  0.28,     195,  0.04
 951,438.00,    2180,  0.22,    2443,  0.50,    -263, -0.05
 952,439.00,    3338,  0.33,    3666,  0.75,    -328, -0.07
 953,440.00,    4740,  0.47,    4874,  0.99,    -134, -0.03
 954,441.00,    5644,  0.56,    5802,  1.18,    -158, -0.03
 955,442.00,    6330,  0.63,    6469,  1.32,    -139, -0.03
 956,443.00,    7060,  0.71,    6936,  1.41,     124,  0.03
 957,444.00,    7632,  0.76,    7371,  1.50,     261,  0.05
 958,445.00,    7602,  0.76,    7651,  1.56,     -49, -0.00
 959,446.00,    7796,  0.78,    8321,  1.69,    -525, -0.11
 960,447.00,    8694,  0.87,    9162,  1.86,    -468, -0.10
 961,448.00,    9665,  0.97,    9714,  1.98,     -49, -0.00
 962,449.00,   10161,  1.02,    9860,  2.01,     301,  0.06
 963,450.00,   10407,  1.04,    9987,  2.03,     420,  0.09
 964,451.00,   11178,  1.12,   10195,  2.07,     983,  0.20
 965,452.00,   11824,  1.18,    9891,  2.01,    1933,  0.39
 966,453.00,   12670,  1.27,    9500,  1.93,    3170,  0.64
 967,454.00,   13226,  1.32,    9339,  1.90,    3887,  0.79
 968,455.00,   13333,  1.33,    9252,  1.88,    4081,  0.83
 969,456.00,   13578,  1.36,    9368,  1.91,    4210,  0.86
 970,457.00,   13483,  1.35,    9169,  1.87,    4314,  0.88
 971,458.00,   13182,  1.32,    8786,  1.79,    4396,  0.89
 972,459.00,   13209,  1.32,    8619,  1.75,    4590,  0.93
 973,460.00,   13459,  1.35,    8592,  1.75,    4867,  0.99
 974,461.00,   13960,  1.40,    8920,  1.81,    5040,  1.03
 975,462.00,   14525,  1.45,    9160,  1.86,    5365,  1.09
 976,463.00,   14796,  1.48,    9235,  1.88,    5561,  1.13
 977,464.00,   15187,  1.52,    9470,  1.93,    5717,  1.16
 978,465.00,   15156,  1.52,    9763,  1.99,    5393,  1.10
 979,466.00,   15316,  1.53,   10220,  2.08,    5096,  1.04
 980,467.00,   15023,  1.50,   10215,  2.08,    4808,  0.98
 981,468.00,   14411,  1.44,    9823,  2.00,    4588,  0.93
 982,469.00,   13609,  1.36,    9383,  1.91,    4226,  0.86
 983,470.00,   11930,  1.19,    8624,  1.75,    3306,  0.67
 984,471.00,   10375,  1.04,    8078,  1.64,    2297,  0.47
 985,472.00,    9307,  0.93,    7869,  1.60,    1438,  0.29
 986,473.00,    8308,  0.83,    7659,  1.56,     649,  0.13
 987,474.00,    6893,  0.69,    6801,  1.38,      92,  0.02
 988,475.00,    6078,  0.61,    5892,  1.20,     186,  0.04
 989,476.00,    5460,  0.55,    5107,  1.04,     353,  0.07
 990,477.00,    3996,  0.40,    3592,  0.73,     404,  0.08
 991,478.00,    2277,  0.23,    1747,  0.36,     530,  0.11
 992,479.00,     970,  0.10,     223,  0.05,     747,  0.15
 993,480.00,    -751, -0.08,    -992, -0.20,     241,  0.05
 994,481.00,   -2088, -0.21,   -1803, -0.37,    -285, -0.06
 995,482.00,   -3080, -0.31,   -2587, -0.53,    -493, -0.10
 996,483.00,   -3938, -0.39,   -3635, -0.74,    -303, -0.06
 997,484.00,   -5116, -0.51,   -4497, -0.91,    -619, -0.13
 998,485.00,   -7109, -0.71,   -5534, -1.13,   -1575, -0.32
 999,486.00,   -8583, -0.86,   -6525, -1.33,   -2058, -0.42
1000,487.00,   -9440, -0.94,   -7164, -1.46,   -2276, -0.46
1001,488.00,  -10661, -1.07,   -8073, -1.64,   -2588, -0.53
1002,489.00,  -12410, -1.24,   -9134, -1.86,   -3276, -0.67
1003,490.00,  -14150, -1.42,  -10207, -2.08,   -3943, -0.80
1004,491.00,  -15585, -1.56,  -11058, -2.25,   -4527, -0.92
1005,492.00,  -17113, -1.71,  -12039, -2.45,   -5074, -1.03
1006,493.00,  -18716, -1.87,  -12867, -2.62,   -5849, -1.19
1007,494.00,  -19453, -1.95,  -13174, -2.68,   -6279, -1.28
1008,495.00,  -20070, -2.01,  -13478, -2.74,   -6592, -1.34
1009,496.00,  -20853, -2.09,  -13760, -2.80,   -7093, -1.44
1010,497.00,  -21607, -2.16,  -14201, -2.89,   -7406, -1.51
1011,498.00,  -22483, -2.25,  -14777, -3.01,   -7706, -1.57
1012,499.00,  -23780, -2.38,  -15732, -3.20,   -8048, -1.64
1013,500.00,  -25020, -2.50,  -16777, -3.41,   -8243, -1.68
1014,501.00,  -25850, -2.59,  -17731, -3.61,   -8119, -1.65
1015,502.00,  -26550, -2.66,  -18086, -3.68,   -8464, -1.72
1016,503.00,  -26611, -2.66,  -18009, -3.66,   -8602, -1.75
1017,504.00,  -26547, -2.66,  -17649, -3.59,   -8898, -1.81
1018,505.00,  -27001, -2.70,  -17571, -3.57,   -9430, -1.92
1019,506.00,  -27555, -2.76,  -17721, -3.61,   -9834, -2.00
1020,507.00,  -27691, -2.77,  -17442, -3.55,  -10249, -2.09
1021,508.00,  -27527, -2.75,  -16788, -3.42,  -10739, -2.18
1022,509.00,  -27615, -2.76,  -15971, -3.25,  -11644, -2.37
1023,510.00,  -27658, -2.77,  -15249, -3.10,  -12409, -2.52
1024,511.00,  -27105, -2.71,  -14374, -2.92,  -12731, -2.59
