-----------------------------------------------------------------------------------
Identifier:,IHS5922-2018CK01
File Name:,CLLP70B.10
Ear:,L
Channel:,2
Intensity:,70 dB HL
Stim. Rate:,  1.10/s
Stim. Mode:,0
Sweeps:,60
Artifacts:,0
Smp. Period:,1000.00 us
Amp. Gain:, 50.00 K
Low Pass:, 30.00 Hz
High Pass:,  1.00 Hz
Notch Filter:,TRUE
Stimulus:,100
Stim. Freq.:,1000 Hz
Stim. Dur.:,2000 pnts
Masking:,0 dB SPL
Stim. Point:,513
-----------------------------------------------------------------------------------
Peak Information:,Label,Peak(+),Peak(+)(ms),Peak(-),Peak(-)(ms)
,21, 829,316.00, 908,395.00,
-----------------------------------------------------------------------------------


Data Pnt:,Data Pnt(ms):,Average:,Average(uV):,Buffer1:,Buffer1(uV):,Buffer2:,Buffer2(uV):
   1,-512.00,       0,  0.00,       0,  0.00,       0,  0.00
   2,-511.00,       0,  0.00,       0,  0.00,       0,  0.00
   3,-510.00,       0,  0.00,       0,  0.00,       0,  0.00
   4,-509.00,       0,  0.00,       0,  0.00,       0,  0.00
   5,-508.00,       0,  0.00,       0,  0.00,       0,  0.00
   6,-507.00,       0,  0.00,       0,  0.00,       0,  0.00
   7,-506.00,       0,  0.00,       0,  0.00,       0,  0.00
   8,-505.00,       0,  0.00,       0,  0.00,       0,  0.00
   9,-504.00,       0,  0.00,       0,  0.00,       0,  0.00
  10,-503.00,       0,  0.00,       0,  0.00,       0,  0.00
  11,-502.00,       0,  0.00,       0,  0.00,       0,  0.00
  12,-501.00,       0,  0.00,       0,  0.00,       0,  0.00
  13,-500.00,       0,  0.00,       0,  0.00,       0,  0.00
  14,-499.00,       0,  0.00,       0,  0.00,       0,  0.00
  15,-498.00,       0,  0.00,       0,  0.00,       0,  0.00
  16,-497.00,       0,  0.00,       0,  0.00,       0,  0.00
  17,-496.00,       0,  0.00,       0,  0.00,       0,  0.00
  18,-495.00,       0,  0.00,       0,  0.00,       0,  0.00
  19,-494.00,       0,  0.00,       0,  0.00,       0,  0.00
  20,-493.00,       0,  0.00,       0,  0.00,       0,  0.00
  21,-492.00,       0,  0.00,       0,  0.00,       0,  0.00
  22,-491.00,       0,  0.00,       0,  0.00,       0,  0.00
  23,-490.00,       0,  0.00,       0,  0.00,       0,  0.00
  24,-489.00,       0,  0.00,       0,  0.00,       0,  0.00
  25,-488.00,       0,  0.00,       0,  0.00,       0,  0.00
  26,-487.00,       0,  0.00,       0,  0.00,       0,  0.00
  27,-486.00,       0,  0.00,       0,  0.00,       0,  0.00
  28,-485.00,       0,  0.00,       0,  0.00,       0,  0.00
  29,-484.00,       0,  0.00,       0,  0.00,       0,  0.00
  30,-483.00,       0,  0.00,       0,  0.00,       0,  0.00
  31,-482.00,       0,  0.00,       0,  0.00,       0,  0.00
  32,-481.00,       0,  0.00,       0,  0.00,       0,  0.00
  33,-480.00,       0,  0.00,       0,  0.00,       0,  0.00
  34,-479.00,       0,  0.00,       0,  0.00,       0,  0.00
  35,-478.00,       0,  0.00,       0,  0.00,       0,  0.00
  36,-477.00,       0,  0.00,       0,  0.00,       0,  0.00
  37,-476.00,       0,  0.00,       0,  0.00,       0,  0.00
  38,-475.00,       0,  0.00,       0,  0.00,       0,  0.00
  39,-474.00,       0,  0.00,       0,  0.00,       0,  0.00
  40,-473.00,       0,  0.00,       0,  0.00,       0,  0.00
  41,-472.00,       0,  0.00,       0,  0.00,       0,  0.00
  42,-471.00,       0,  0.00,       0,  0.00,       0,  0.00
  43,-470.00,       0,  0.00,       0,  0.00,       0,  0.00
  44,-469.00,       0,  0.00,       0,  0.00,       0,  0.00
  45,-468.00,       0,  0.00,       0,  0.00,       0,  0.00
  46,-467.00,       0,  0.00,       0,  0.00,       0,  0.00
  47,-466.00,       0,  0.00,       0,  0.00,       0,  0.00
  48,-465.00,       0,  0.00,       0,  0.00,       0,  0.00
  49,-464.00,       0,  0.00,       0,  0.00,       0,  0.00
  50,-463.00,       0,  0.00,       0,  0.00,       0,  0.00
  51,-462.00,       0,  0.00,       0,  0.00,       0,  0.00
  52,-461.00,       0,  0.00,       0,  0.00,       0,  0.00
  53,-460.00,       0,  0.00,       0,  0.00,       0,  0.00
  54,-459.00,       0,  0.00,       0,  0.00,       0,  0.00
  55,-458.00,       0,  0.00,       0,  0.00,       0,  0.00
  56,-457.00,       0,  0.00,       0,  0.00,       0,  0.00
  57,-456.00,       0,  0.00,       0,  0.00,       0,  0.00
  58,-455.00,       0,  0.00,       0,  0.00,       0,  0.00
  59,-454.00,       0,  0.00,       0,  0.00,       0,  0.00
  60,-453.00,       0,  0.00,       0,  0.00,       0,  0.00
  61,-452.00,       0,  0.00,       0,  0.00,       0,  0.00
  62,-451.00,       0,  0.00,       0,  0.00,       0,  0.00
  63,-450.00,       0,  0.00,       0,  0.00,       0,  0.00
  64,-449.00,       0,  0.00,       0,  0.00,       0,  0.00
  65,-448.00,       0,  0.00,       0,  0.00,       0,  0.00
  66,-447.00,       0,  0.00,       0,  0.00,       0,  0.00
  67,-446.00,       0,  0.00,       0,  0.00,       0,  0.00
  68,-445.00,       0,  0.00,       0,  0.00,       0,  0.00
  69,-444.00,       0,  0.00,       0,  0.00,       0,  0.00
  70,-443.00,       0,  0.00,       0,  0.00,       0,  0.00
  71,-442.00,       0,  0.00,       0,  0.00,       0,  0.00
  72,-441.00,       0,  0.00,       0,  0.00,       0,  0.00
  73,-440.00,       0,  0.00,       0,  0.00,       0,  0.00
  74,-439.00,       0,  0.00,       0,  0.00,       0,  0.00
  75,-438.00,       0,  0.00,       0,  0.00,       0,  0.00
  76,-437.00,       0,  0.00,       0,  0.00,       0,  0.00
  77,-436.00,       0,  0.00,       0,  0.00,       0,  0.00
  78,-435.00,       0,  0.00,       0,  0.00,       0,  0.00
  79,-434.00,       0,  0.00,       0,  0.00,       0,  0.00
  80,-433.00,       0,  0.00,       0,  0.00,       0,  0.00
  81,-432.00,       0,  0.00,       0,  0.00,       0,  0.00
  82,-431.00,       0,  0.00,       0,  0.00,       0,  0.00
  83,-430.00,       0,  0.00,       0,  0.00,       0,  0.00
  84,-429.00,       0,  0.00,       0,  0.00,       0,  0.00
  85,-428.00,       0,  0.00,       0,  0.00,       0,  0.00
  86,-427.00,       0,  0.00,       0,  0.00,       0,  0.00
  87,-426.00,       0,  0.00,       0,  0.00,       0,  0.00
  88,-425.00,       0,  0.00,       0,  0.00,       0,  0.00
  89,-424.00,       0,  0.00,       0,  0.00,       0,  0.00
  90,-423.00,       0,  0.00,       0,  0.00,       0,  0.00
  91,-422.00,       0,  0.00,       0,  0.00,       0,  0.00
  92,-421.00,       0,  0.00,       0,  0.00,       0,  0.00
  93,-420.00,       0,  0.00,       0,  0.00,       0,  0.00
  94,-419.00,       0,  0.00,       0,  0.00,       0,  0.00
  95,-418.00,       0,  0.00,       0,  0.00,       0,  0.00
  96,-417.00,       0,  0.00,       0,  0.00,       0,  0.00
  97,-416.00,       0,  0.00,       0,  0.00,       0,  0.00
  98,-415.00,       0,  0.00,       0,  0.00,       0,  0.00
  99,-414.00,       0,  0.00,       0,  0.00,       0,  0.00
 100,-413.00,       0,  0.00,       0,  0.00,       0,  0.00
 101,-412.00,       0,  0.00,       0,  0.00,       0,  0.00
 102,-411.00,       0,  0.00,       0,  0.00,       0,  0.00
 103,-410.00,       0,  0.00,       0,  0.00,       0,  0.00
 104,-409.00,       0,  0.00,       0,  0.00,       0,  0.00
 105,-408.00,       0,  0.00,       0,  0.00,       0,  0.00
 106,-407.00,       0,  0.00,       0,  0.00,       0,  0.00
 107,-406.00,       0,  0.00,       0,  0.00,       0,  0.00
 108,-405.00,       0,  0.00,       0,  0.00,       0,  0.00
 109,-404.00,       0,  0.00,       0,  0.00,       0,  0.00
 110,-403.00,       0,  0.00,       0,  0.00,       0,  0.00
 111,-402.00,       0,  0.00,       0,  0.00,       0,  0.00
 112,-401.00,       0,  0.00,       0,  0.00,       0,  0.00
 113,-400.00,       0,  0.00,       0,  0.00,       0,  0.00
 114,-399.00,       0,  0.00,       0,  0.00,       0,  0.00
 115,-398.00,       0,  0.00,       0,  0.00,       0,  0.00
 116,-397.00,   39490,  4.02,   17718,  3.60,   21772,  4.43
 117,-396.00,   38532,  3.92,   17240,  3.51,   21292,  4.33
 118,-395.00,   37268,  3.79,   16997,  3.46,   20271,  4.12
 119,-394.00,   35627,  3.62,   16743,  3.41,   18884,  3.84
 120,-393.00,   34862,  3.55,   16376,  3.33,   18486,  3.76
 121,-392.00,   33617,  3.42,   15702,  3.19,   17915,  3.64
 122,-391.00,   33004,  3.36,   15319,  3.12,   17685,  3.60
 123,-390.00,   33217,  3.38,   14887,  3.03,   18330,  3.73
 124,-389.00,   33590,  3.42,   14397,  2.93,   19193,  3.90
 125,-388.00,   33854,  3.44,   13951,  2.84,   19903,  4.05
 126,-387.00,   34212,  3.48,   13805,  2.81,   20407,  4.15
 127,-386.00,   33231,  3.38,   12883,  2.62,   20348,  4.14
 128,-385.00,   32384,  3.29,   12192,  2.48,   20192,  4.11
 129,-384.00,   32147,  3.27,   12058,  2.45,   20089,  4.09
 130,-383.00,   31950,  3.25,   11764,  2.39,   20186,  4.11
 131,-382.00,   32163,  3.27,   12182,  2.48,   19981,  4.07
 132,-381.00,   32460,  3.30,   12826,  2.61,   19634,  3.99
 133,-380.00,   32043,  3.26,   12822,  2.61,   19221,  3.91
 134,-379.00,   31101,  3.16,   12421,  2.53,   18680,  3.80
 135,-378.00,   30745,  3.13,   11644,  2.37,   19101,  3.89
 136,-377.00,   30901,  3.14,   11157,  2.27,   19744,  4.02
 137,-376.00,   30919,  3.15,   10719,  2.18,   20200,  4.11
 138,-375.00,   30344,  3.09,    9996,  2.03,   20348,  4.14
 139,-374.00,   29665,  3.02,    9063,  1.84,   20602,  4.19
 140,-373.00,   28800,  2.93,    8675,  1.76,   20125,  4.09
 141,-372.00,   27351,  2.78,    7900,  1.61,   19451,  3.96
 142,-371.00,   26324,  2.68,    7743,  1.58,   18581,  3.78
 143,-370.00,   25948,  2.64,    7876,  1.60,   18072,  3.68
 144,-369.00,   25779,  2.62,    8264,  1.68,   17515,  3.56
 145,-368.00,   26152,  2.66,    8433,  1.72,   17719,  3.61
 146,-367.00,   26876,  2.73,    8869,  1.80,   18007,  3.66
 147,-366.00,   27541,  2.80,    9619,  1.96,   17922,  3.65
 148,-365.00,   28560,  2.91,   10147,  2.06,   18413,  3.75
 149,-364.00,   29818,  3.03,   10826,  2.20,   18992,  3.86
 150,-363.00,   31186,  3.17,   11777,  2.40,   19409,  3.95
 151,-362.00,   32609,  3.32,   12402,  2.52,   20207,  4.11
 152,-361.00,   33704,  3.43,   12745,  2.59,   20959,  4.26
 153,-360.00,   34646,  3.52,   13067,  2.66,   21579,  4.39
 154,-359.00,   35031,  3.56,   13209,  2.69,   21822,  4.44
 155,-358.00,   34788,  3.54,   13381,  2.72,   21407,  4.36
 156,-357.00,   33867,  3.45,   12977,  2.64,   20890,  4.25
 157,-356.00,   32743,  3.33,   11860,  2.41,   20883,  4.25
 158,-355.00,   31721,  3.23,   10912,  2.22,   20809,  4.23
 159,-354.00,   30204,  3.07,   10198,  2.07,   20006,  4.07
 160,-353.00,   29165,  2.97,    9556,  1.94,   19609,  3.99
 161,-352.00,   28014,  2.85,    8714,  1.77,   19300,  3.93
 162,-351.00,   26515,  2.70,    7707,  1.57,   18808,  3.83
 163,-350.00,   24321,  2.47,    7098,  1.44,   17223,  3.50
 164,-349.00,   23558,  2.40,    7531,  1.53,   16027,  3.26
 165,-348.00,   22823,  2.32,    7661,  1.56,   15162,  3.08
 166,-347.00,   22352,  2.27,    7510,  1.53,   14842,  3.02
 167,-346.00,   21936,  2.23,    7498,  1.53,   14438,  2.94
 168,-345.00,   21631,  2.20,    7585,  1.54,   14046,  2.86
 169,-344.00,   20940,  2.13,    7283,  1.48,   13657,  2.78
 170,-343.00,   21233,  2.16,    7192,  1.46,   14041,  2.86
 171,-342.00,   20792,  2.12,    6589,  1.34,   14203,  2.89
 172,-341.00,   20721,  2.11,    6380,  1.30,   14341,  2.92
 173,-340.00,   20881,  2.12,    6716,  1.37,   14165,  2.88
 174,-339.00,   20426,  2.08,    6963,  1.42,   13463,  2.74
 175,-338.00,   19597,  1.99,    6713,  1.37,   12884,  2.62
 176,-337.00,   18871,  1.92,    6308,  1.28,   12563,  2.56
 177,-336.00,   18074,  1.84,    5725,  1.16,   12349,  2.51
 178,-335.00,   16953,  1.72,    4710,  0.96,   12243,  2.49
 179,-334.00,   14998,  1.53,    3345,  0.68,   11653,  2.37
 180,-333.00,   12604,  1.28,    2188,  0.45,   10416,  2.12
 181,-332.00,   10775,  1.10,    1195,  0.24,    9580,  1.95
 182,-331.00,    9336,  0.95,     901,  0.18,    8435,  1.72
 183,-330.00,    7545,  0.77,     230,  0.05,    7315,  1.49
 184,-329.00,    5838,  0.59,    -387, -0.08,    6225,  1.27
 185,-328.00,    4678,  0.48,    -519, -0.11,    5197,  1.06
 186,-327.00,    4157,  0.42,     -39, -0.00,    4196,  0.85
 187,-326.00,    3297,  0.34,     276,  0.06,    3021,  0.61
 188,-325.00,    1777,  0.18,    -207, -0.04,    1984,  0.40
 189,-324.00,     626,  0.06,    -813, -0.17,    1439,  0.29
 190,-323.00,    -133, -0.01,   -1194, -0.24,    1061,  0.22
 191,-322.00,    -649, -0.07,   -1638, -0.33,     989,  0.20
 192,-321.00,   -1332, -0.14,   -2266, -0.46,     934,  0.19
 193,-320.00,   -2305, -0.23,   -3067, -0.62,     762,  0.16
 194,-319.00,   -2538, -0.26,   -3490, -0.71,     952,  0.19
 195,-318.00,   -1664, -0.17,   -3539, -0.72,    1875,  0.38
 196,-317.00,   -1435, -0.15,   -3954, -0.80,    2519,  0.51
 197,-316.00,   -2479, -0.25,   -4589, -0.93,    2110,  0.43
 198,-315.00,   -3214, -0.33,   -5078, -1.03,    1864,  0.38
 199,-314.00,   -4927, -0.50,   -6449, -1.31,    1522,  0.31
 200,-313.00,   -6815, -0.69,   -8084, -1.64,    1269,  0.26
 201,-312.00,   -8263, -0.84,   -9135, -1.86,     872,  0.18
 202,-311.00,   -9363, -0.95,   -9963, -2.03,     600,  0.12
 203,-310.00,  -10091, -1.03,  -10357, -2.11,     266,  0.05
 204,-309.00,  -10574, -1.08,  -10240, -2.08,    -334, -0.07
 205,-308.00,   -9992, -1.02,   -9794, -1.99,    -198, -0.04
 206,-307.00,   -9937, -1.01,  -10065, -2.05,     128,  0.03
 207,-306.00,   -9882, -1.01,  -10408, -2.12,     526,  0.11
 208,-305.00,   -9967, -1.01,  -10519, -2.14,     552,  0.11
 209,-304.00,  -10680, -1.09,  -10641, -2.16,     -39, -0.00
 210,-303.00,  -11870, -1.21,  -11122, -2.26,    -748, -0.15
 211,-302.00,  -12154, -1.24,  -10756, -2.19,   -1398, -0.28
 212,-301.00,  -11894, -1.21,  -10624, -2.16,   -1270, -0.26
 213,-300.00,  -11614, -1.18,  -10245, -2.08,   -1369, -0.28
 214,-299.00,  -10533, -1.07,   -9574, -1.95,    -959, -0.20
 215,-298.00,   -9907, -1.01,   -8817, -1.79,   -1090, -0.22
 216,-297.00,  -10734, -1.09,   -8898, -1.81,   -1836, -0.37
 217,-296.00,  -11751, -1.20,   -8985, -1.83,   -2766, -0.56
 218,-295.00,  -12347, -1.26,   -8544, -1.74,   -3803, -0.77
 219,-294.00,  -12549, -1.28,   -7885, -1.60,   -4664, -0.95
 220,-293.00,  -12418, -1.26,   -7391, -1.50,   -5027, -1.02
 221,-292.00,  -11843, -1.20,   -6564, -1.34,   -5279, -1.07
 222,-291.00,  -11430, -1.16,   -6449, -1.31,   -4981, -1.01
 223,-290.00,  -10602, -1.08,   -6098, -1.24,   -4504, -0.92
 224,-289.00,   -9378, -0.95,   -5155, -1.05,   -4223, -0.86
 225,-288.00,   -7550, -0.77,   -4283, -0.87,   -3267, -0.66
 226,-287.00,   -6264, -0.64,   -3781, -0.77,   -2483, -0.51
 227,-286.00,   -5639, -0.57,   -4114, -0.84,   -1525, -0.31
 228,-285.00,   -6025, -0.61,   -4767, -0.97,   -1258, -0.26
 229,-284.00,   -5320, -0.54,   -4584, -0.93,    -736, -0.15
 230,-283.00,   -4333, -0.44,   -4194, -0.85,    -139, -0.03
 231,-282.00,   -2719, -0.28,   -3765, -0.77,    1046,  0.21
 232,-281.00,    -622, -0.06,   -3276, -0.67,    2654,  0.54
 233,-280.00,     661,  0.07,   -2704, -0.55,    3365,  0.68
 234,-279.00,     548,  0.06,   -2603, -0.53,    3151,  0.64
 235,-278.00,     979,  0.10,   -2244, -0.46,    3223,  0.66
 236,-277.00,      62,  0.00,   -2295, -0.47,    2357,  0.48
 237,-276.00,   -1395, -0.14,   -2476, -0.50,    1081,  0.22
 238,-275.00,   -2923, -0.30,   -2517, -0.51,    -406, -0.08
 239,-274.00,   -3802, -0.39,   -2369, -0.48,   -1433, -0.29
 240,-273.00,   -4433, -0.45,   -1977, -0.40,   -2456, -0.50
 241,-272.00,   -4912, -0.50,   -1146, -0.23,   -3766, -0.77
 242,-271.00,   -4889, -0.50,      34,  0.00,   -4923, -1.00
 243,-270.00,   -4854, -0.49,    1194,  0.24,   -6048, -1.23
 244,-269.00,   -5235, -0.53,    1722,  0.35,   -6957, -1.42
 245,-268.00,   -3812, -0.39,    3075,  0.63,   -6887, -1.40
 246,-267.00,   -1799, -0.18,    4757,  0.97,   -6556, -1.33
 247,-266.00,    -744, -0.08,    5345,  1.09,   -6089, -1.24
 248,-265.00,     -48, -0.00,    5667,  1.15,   -5715, -1.16
 249,-264.00,     726,  0.07,    5864,  1.19,   -5138, -1.05
 250,-263.00,    1346,  0.14,    5360,  1.09,   -4014, -0.82
 251,-262.00,    2686,  0.27,    5025,  1.02,   -2339, -0.48
 252,-261.00,    4173,  0.42,    4820,  0.98,    -647, -0.13
 253,-260.00,    4404,  0.45,    4053,  0.82,     351,  0.07
 254,-259.00,    4481,  0.46,    3677,  0.75,     804,  0.16
 255,-258.00,    4054,  0.41,    3133,  0.64,     921,  0.19
 256,-257.00,    3436,  0.35,    2663,  0.54,     773,  0.16
 257,-256.00,    3031,  0.31,    2489,  0.51,     542,  0.11
 258,-255.00,    1968,  0.20,    1744,  0.35,     224,  0.05
 259,-254.00,    1496,  0.15,    1176,  0.24,     320,  0.07
 260,-253.00,     276,  0.03,       6,  0.00,     270,  0.05
 261,-252.00,   -1060, -0.11,   -1837, -0.37,     777,  0.16
 262,-251.00,   -1456, -0.15,   -2956, -0.60,    1500,  0.31
 263,-250.00,    -646, -0.07,   -3163, -0.64,    2517,  0.51
 264,-249.00,    -652, -0.07,   -3531, -0.72,    2879,  0.59
 265,-248.00,    -576, -0.06,   -3736, -0.76,    3160,  0.64
 266,-247.00,    -228, -0.02,   -3859, -0.79,    3631,  0.74
 267,-246.00,    -148, -0.02,   -3982, -0.81,    3834,  0.78
 268,-245.00,      85,  0.00,   -3844, -0.78,    3929,  0.80
 269,-244.00,    1946,  0.20,   -2825, -0.57,    4771,  0.97
 270,-243.00,    3250,  0.33,   -2073, -0.42,    5323,  1.08
 271,-242.00,    3640,  0.37,   -1544, -0.31,    5184,  1.05
 272,-241.00,    4259,  0.43,    -476, -0.10,    4735,  0.96
 273,-240.00,    5532,  0.56,     857,  0.17,    4675,  0.95
 274,-239.00,    6605,  0.67,    2152,  0.44,    4453,  0.91
 275,-238.00,    6837,  0.70,    2989,  0.61,    3848,  0.78
 276,-237.00,    6845,  0.70,    3853,  0.78,    2992,  0.61
 277,-236.00,    5659,  0.58,    4057,  0.83,    1602,  0.33
 278,-235.00,    4745,  0.48,    4512,  0.92,     233,  0.05
 279,-234.00,    4280,  0.44,    5086,  1.03,    -806, -0.16
 280,-233.00,    3896,  0.40,    5434,  1.11,   -1538, -0.31
 281,-232.00,    3133,  0.32,    4833,  0.98,   -1700, -0.35
 282,-231.00,    1864,  0.19,    3820,  0.78,   -1956, -0.40
 283,-230.00,    2050,  0.21,    4164,  0.85,   -2114, -0.43
 284,-229.00,    3094,  0.31,    5230,  1.06,   -2136, -0.43
 285,-228.00,    4240,  0.43,    6050,  1.23,   -1810, -0.37
 286,-227.00,    4852,  0.49,    5924,  1.21,   -1072, -0.22
 287,-226.00,    5780,  0.59,    6096,  1.24,    -316, -0.06
 288,-225.00,    6831,  0.69,    5705,  1.16,    1126,  0.23
 289,-224.00,    7058,  0.72,    4878,  0.99,    2180,  0.44
 290,-223.00,    6839,  0.70,    4546,  0.92,    2293,  0.47
 291,-222.00,    6472,  0.66,    4109,  0.84,    2363,  0.48
 292,-221.00,    5361,  0.55,    2659,  0.54,    2702,  0.55
 293,-220.00,    4610,  0.47,    1876,  0.38,    2734,  0.56
 294,-219.00,    4940,  0.50,    2335,  0.48,    2605,  0.53
 295,-218.00,    3747,  0.38,    2099,  0.43,    1648,  0.34
 296,-217.00,    2238,  0.23,     847,  0.17,    1391,  0.28
 297,-216.00,    1310,  0.13,      73,  0.01,    1237,  0.25
 298,-215.00,    -439, -0.04,    -945, -0.19,     506,  0.10
 299,-214.00,   -1441, -0.15,   -1826, -0.37,     385,  0.08
 300,-213.00,   -1585, -0.16,   -2170, -0.44,     585,  0.12
 301,-212.00,   -2223, -0.23,   -3508, -0.71,    1285,  0.26
 302,-211.00,   -3041, -0.31,   -4759, -0.97,    1718,  0.35
 303,-210.00,   -3213, -0.33,   -5345, -1.09,    2132,  0.43
 304,-209.00,   -4410, -0.45,   -6180, -1.26,    1770,  0.36
 305,-208.00,   -5471, -0.56,   -6438, -1.31,     967,  0.20
 306,-207.00,   -5927, -0.60,   -6600, -1.34,     673,  0.14
 307,-206.00,   -6336, -0.64,   -6958, -1.42,     622,  0.13
 308,-205.00,   -5912, -0.60,   -6918, -1.41,    1006,  0.20
 309,-204.00,   -5446, -0.55,   -6618, -1.35,    1172,  0.24
 310,-203.00,   -4562, -0.46,   -6152, -1.25,    1590,  0.32
 311,-202.00,   -3133, -0.32,   -4664, -0.95,    1531,  0.31
 312,-201.00,   -1980, -0.20,   -3252, -0.66,    1272,  0.26
 313,-200.00,   -2251, -0.23,   -2975, -0.61,     724,  0.15
 314,-199.00,   -2726, -0.28,   -3139, -0.64,     413,  0.08
 315,-198.00,   -3389, -0.34,   -3081, -0.63,    -308, -0.06
 316,-197.00,   -3521, -0.36,   -2795, -0.57,    -726, -0.15
 317,-196.00,   -3377, -0.34,   -2753, -0.56,    -624, -0.13
 318,-195.00,   -4054, -0.41,   -3501, -0.71,    -553, -0.11
 319,-194.00,   -4547, -0.46,   -3906, -0.79,    -641, -0.13
 320,-193.00,   -4204, -0.43,   -3372, -0.69,    -832, -0.17
 321,-192.00,   -2427, -0.25,   -1966, -0.40,    -461, -0.09
 322,-191.00,   -1033, -0.11,   -1070, -0.22,      37,  0.00
 323,-190.00,    -443, -0.05,   -1022, -0.21,     579,  0.12
 324,-189.00,     -88, -0.00,   -1140, -0.23,    1052,  0.21
 325,-188.00,     724,  0.07,   -1051, -0.21,    1775,  0.36
 326,-187.00,     914,  0.09,   -1088, -0.22,    2002,  0.41
 327,-186.00,    -403, -0.04,   -1986, -0.40,    1583,  0.32
 328,-185.00,   -1841, -0.19,   -2865, -0.58,    1024,  0.21
 329,-184.00,   -2884, -0.29,   -2952, -0.60,      68,  0.01
 330,-183.00,   -3433, -0.35,   -3305, -0.67,    -128, -0.03
 331,-182.00,   -3317, -0.34,   -3478, -0.71,     161,  0.03
 332,-181.00,   -2267, -0.23,   -2617, -0.53,     350,  0.07
 333,-180.00,    -968, -0.10,   -1348, -0.27,     380,  0.08
 334,-179.00,    -156, -0.02,    -164, -0.03,       8,  0.00
 335,-178.00,    -974, -0.10,   -1160, -0.24,     186,  0.04
 336,-177.00,   -2475, -0.25,   -2372, -0.48,    -103, -0.02
 337,-176.00,   -4217, -0.43,   -3718, -0.76,    -499, -0.10
 338,-175.00,   -5163, -0.53,   -4572, -0.93,    -591, -0.12
 339,-174.00,   -6055, -0.62,   -5233, -1.06,    -822, -0.17
 340,-173.00,   -5588, -0.57,   -4960, -1.01,    -628, -0.13
 341,-172.00,   -5641, -0.57,   -4778, -0.97,    -863, -0.18
 342,-171.00,   -6337, -0.64,   -5376, -1.09,    -961, -0.20
 343,-170.00,   -6955, -0.71,   -5958, -1.21,    -997, -0.20
 344,-169.00,   -7125, -0.72,   -5989, -1.22,   -1136, -0.23
 345,-168.00,   -7032, -0.72,   -5962, -1.21,   -1070, -0.22
 346,-167.00,   -7661, -0.78,   -7235, -1.47,    -426, -0.09
 347,-166.00,   -8386, -0.85,   -8554, -1.74,     168,  0.03
 348,-165.00,   -8457, -0.86,   -9228, -1.88,     771,  0.16
 349,-164.00,   -9320, -0.95,  -10248, -2.09,     928,  0.19
 350,-163.00,  -11442, -1.16,  -11721, -2.38,     279,  0.06
 351,-162.00,  -14028, -1.43,  -12635, -2.57,   -1393, -0.28
 352,-161.00,  -15245, -1.55,  -12332, -2.51,   -2913, -0.59
 353,-160.00,  -16050, -1.63,  -11931, -2.43,   -4119, -0.84
 354,-159.00,  -17082, -1.74,  -12331, -2.51,   -4751, -0.97
 355,-158.00,  -17920, -1.82,  -12880, -2.62,   -5040, -1.03
 356,-157.00,  -19492, -1.98,  -14496, -2.95,   -4996, -1.02
 357,-156.00,  -20007, -2.04,  -15446, -3.14,   -4561, -0.93
 358,-155.00,  -20873, -2.12,  -15897, -3.23,   -4976, -1.01
 359,-154.00,  -22771, -2.32,  -16586, -3.37,   -6185, -1.26
 360,-153.00,  -25377, -2.58,  -17072, -3.47,   -8305, -1.69
 361,-152.00,  -27286, -2.78,  -17285, -3.52,  -10001, -2.03
 362,-151.00,  -28936, -2.94,  -18127, -3.69,  -10809, -2.20
 363,-150.00,  -29621, -3.01,  -17955, -3.65,  -11666, -2.37
 364,-149.00,  -30096, -3.06,  -17737, -3.61,  -12359, -2.51
 365,-148.00,  -30411, -3.09,  -17275, -3.51,  -13136, -2.67
 366,-147.00,  -31086, -3.16,  -16638, -3.39,  -14448, -2.94
 367,-146.00,  -32519, -3.31,  -16391, -3.33,  -16128, -3.28
 368,-145.00,  -34298, -3.49,  -16588, -3.37,  -17710, -3.60
 369,-144.00,  -35151, -3.58,  -16498, -3.36,  -18653, -3.80
 370,-143.00,  -36128, -3.68,  -16444, -3.35,  -19684, -4.00
 371,-142.00,  -37877, -3.85,  -16716, -3.40,  -21161, -4.31
 372,-141.00,  -38699, -3.94,  -16454, -3.35,  -22245, -4.53
 373,-140.00,  -38391, -3.91,  -15771, -3.21,  -22620, -4.60
 374,-139.00,  -37869, -3.85,  -14965, -3.04,  -22904, -4.66
 375,-138.00,  -36870, -3.75,  -13962, -2.84,  -22908, -4.66
 376,-137.00,  -35741, -3.64,  -13478, -2.74,  -22263, -4.53
 377,-136.00,  -34353, -3.49,  -12540, -2.55,  -21813, -4.44
 378,-135.00,  -33258, -3.38,  -11440, -2.33,  -21818, -4.44
 379,-134.00,  -32583, -3.31,  -11235, -2.29,  -21348, -4.34
 380,-133.00,  -32233, -3.28,  -11172, -2.27,  -21061, -4.29
 381,-132.00,  -31478, -3.20,  -11124, -2.26,  -20354, -4.14
 382,-131.00,  -30792, -3.13,  -10773, -2.19,  -20019, -4.07
 383,-130.00,  -29555, -3.01,  -10152, -2.07,  -19403, -3.95
 384,-129.00,  -27853, -2.83,   -9249, -1.88,  -18604, -3.79
 385,-128.00,  -26706, -2.72,   -8150, -1.66,  -18556, -3.78
 386,-127.00,  -25467, -2.59,   -7136, -1.45,  -18331, -3.73
 387,-126.00,  -24575, -2.50,   -6011, -1.22,  -18564, -3.78
 388,-125.00,  -24692, -2.51,   -5305, -1.08,  -19387, -3.94
 389,-124.00,  -24390, -2.48,   -4637, -0.94,  -19753, -4.02
 390,-123.00,  -24665, -2.51,   -4158, -0.85,  -20507, -4.17
 391,-122.00,  -26185, -2.66,   -4306, -0.88,  -21879, -4.45
 392,-121.00,  -27736, -2.82,   -4594, -0.93,  -23142, -4.71
 393,-120.00,  -28609, -2.91,   -5337, -1.09,  -23272, -4.73
 394,-119.00,  -28833, -2.93,   -5947, -1.21,  -22886, -4.66
 395,-118.00,  -29069, -2.96,   -6269, -1.28,  -22800, -4.64
 396,-117.00,  -29648, -3.02,   -6504, -1.32,  -23144, -4.71
 397,-116.00,  -30217, -3.07,   -7139, -1.45,  -23078, -4.70
 398,-115.00,  -29763, -3.03,   -7410, -1.51,  -22353, -4.55
 399,-114.00,  -28698, -2.92,   -7674, -1.56,  -21024, -4.28
 400,-113.00,  -28514, -2.90,   -8736, -1.78,  -19778, -4.02
 401,-112.00,  -28346, -2.88,   -9668, -1.97,  -18678, -3.80
 402,-111.00,  -27060, -2.75,   -9222, -1.88,  -17838, -3.63
 403,-110.00,  -25848, -2.63,   -7911, -1.61,  -17937, -3.65
 404,-109.00,  -23170, -2.36,   -6108, -1.24,  -17062, -3.47
 405,-108.00,  -21159, -2.15,   -4693, -0.95,  -16466, -3.35
 406,-107.00,  -19538, -1.99,   -3895, -0.79,  -15643, -3.18
 407,-106.00,  -18982, -1.93,   -3439, -0.70,  -15543, -3.16
 408,-105.00,  -17873, -1.82,   -2669, -0.54,  -15204, -3.09
 409,-104.00,  -17947, -1.83,   -2099, -0.43,  -15848, -3.22
 410,-103.00,  -18479, -1.88,   -1662, -0.34,  -16817, -3.42
 411,-102.00,  -18700, -1.90,    -549, -0.11,  -18151, -3.69
 412,-101.00,  -19775, -2.01,     391,  0.08,  -20166, -4.10
 413,-100.00,  -20176, -2.05,    1273,  0.26,  -21449, -4.36
 414,-99.00,  -19707, -2.00,    1876,  0.38,  -21583, -4.39
 415,-98.00,  -18971, -1.93,    2184,  0.44,  -21155, -4.30
 416,-97.00,  -18999, -1.93,    1986,  0.40,  -20985, -4.27
 417,-96.00,  -19402, -1.97,    1868,  0.38,  -21270, -4.33
 418,-95.00,  -20579, -2.09,    1442,  0.29,  -22021, -4.48
 419,-94.00,  -22000, -2.24,    1001,  0.20,  -23001, -4.68
 420,-93.00,  -22389, -2.28,     887,  0.18,  -23276, -4.74
 421,-92.00,  -22735, -2.31,     169,  0.03,  -22904, -4.66
 422,-91.00,  -22431, -2.28,       3,  0.00,  -22434, -4.56
 423,-90.00,  -21328, -2.17,     585,  0.12,  -21913, -4.46
 424,-89.00,  -19736, -2.01,    1489,  0.30,  -21225, -4.32
 425,-88.00,  -16132, -1.64,    3505,  0.71,  -19637, -4.00
 426,-87.00,  -13465, -1.37,    4875,  0.99,  -18340, -3.73
 427,-86.00,  -10483, -1.07,    6757,  1.37,  -17240, -3.51
 428,-85.00,   -8860, -0.90,    8142,  1.66,  -17002, -3.46
 429,-84.00,   -7699, -0.78,    8676,  1.77,  -16375, -3.33
 430,-83.00,   -5356, -0.54,    9657,  1.96,  -15013, -3.05
 431,-82.00,   -2198, -0.22,   11216,  2.28,  -13414, -2.73
 432,-81.00,    -144, -0.01,   12002,  2.44,  -12146, -2.47
 433,-80.00,    2250,  0.23,   13159,  2.68,  -10909, -2.22
 434,-79.00,    5233,  0.53,   14514,  2.95,   -9281, -1.89
 435,-78.00,    7732,  0.79,   15455,  3.14,   -7723, -1.57
 436,-77.00,    9426,  0.96,   15994,  3.25,   -6568, -1.34
 437,-76.00,   11746,  1.19,   17279,  3.52,   -5533, -1.13
 438,-75.00,   12749,  1.30,   18080,  3.68,   -5331, -1.08
 439,-74.00,   12917,  1.31,   18322,  3.73,   -5405, -1.10
 440,-73.00,   12498,  1.27,   18415,  3.75,   -5917, -1.20
 441,-72.00,   12610,  1.28,   18634,  3.79,   -6024, -1.23
 442,-71.00,   13983,  1.42,   19532,  3.97,   -5549, -1.13
 443,-70.00,   14144,  1.44,   19615,  3.99,   -5471, -1.11
 444,-69.00,   14338,  1.46,   19541,  3.98,   -5203, -1.06
 445,-68.00,   12691,  1.29,   18486,  3.76,   -5795, -1.18
 446,-67.00,   10629,  1.08,   17927,  3.65,   -7298, -1.48
 447,-66.00,    9181,  0.93,   17582,  3.58,   -8401, -1.71
 448,-65.00,    8851,  0.90,   17697,  3.60,   -8846, -1.80
 449,-64.00,    7432,  0.76,   16566,  3.37,   -9134, -1.86
 450,-63.00,    6444,  0.66,   15800,  3.21,   -9356, -1.90
 451,-62.00,    6504,  0.66,   15432,  3.14,   -8928, -1.82
 452,-61.00,    6611,  0.67,   14916,  3.03,   -8305, -1.69
 453,-60.00,    6511,  0.66,   13864,  2.82,   -7353, -1.50
 454,-59.00,    5781,  0.59,   12814,  2.61,   -7033, -1.43
 455,-58.00,    4546,  0.46,   11534,  2.35,   -6988, -1.42
 456,-57.00,    2874,  0.29,   10068,  2.05,   -7194, -1.46
 457,-56.00,    2177,  0.22,    9016,  1.83,   -6839, -1.39
 458,-55.00,    2505,  0.25,    8055,  1.64,   -5550, -1.13
 459,-54.00,    1743,  0.18,    7226,  1.47,   -5483, -1.12
 460,-53.00,    1213,  0.12,    6174,  1.26,   -4961, -1.01
 461,-52.00,    1601,  0.16,    5498,  1.12,   -3897, -0.79
 462,-51.00,    2606,  0.27,    5603,  1.14,   -2997, -0.61
 463,-50.00,    3445,  0.35,    6215,  1.26,   -2770, -0.56
 464,-49.00,    3333,  0.34,    6404,  1.30,   -3071, -0.62
 465,-48.00,    3019,  0.31,    6311,  1.28,   -3292, -0.67
 466,-47.00,    3338,  0.34,    6081,  1.24,   -2743, -0.56
 467,-46.00,    3014,  0.31,    5842,  1.19,   -2828, -0.58
 468,-45.00,    1678,  0.17,    4923,  1.00,   -3245, -0.66
 469,-44.00,     462,  0.05,    3990,  0.81,   -3528, -0.72
 470,-43.00,      93,  0.00,    3354,  0.68,   -3261, -0.66
 471,-42.00,    -461, -0.05,    2586,  0.53,   -3047, -0.62
 472,-41.00,    -525, -0.05,    2191,  0.45,   -2716, -0.55
 473,-40.00,      39,  0.00,    2111,  0.43,   -2072, -0.42
 474,-39.00,    1651,  0.17,    2834,  0.58,   -1183, -0.24
 475,-38.00,    2519,  0.26,    3724,  0.76,   -1205, -0.25
 476,-37.00,    3367,  0.34,    4516,  0.92,   -1149, -0.23
 477,-36.00,    4665,  0.47,    5411,  1.10,    -746, -0.15
 478,-35.00,    6033,  0.61,    5870,  1.19,     163,  0.03
 479,-34.00,    6631,  0.67,    5805,  1.18,     826,  0.17
 480,-33.00,    7077,  0.72,    6329,  1.29,     748,  0.15
 481,-32.00,    7255,  0.74,    6427,  1.31,     828,  0.17
 482,-31.00,    7415,  0.75,    6546,  1.33,     869,  0.18
 483,-30.00,    7747,  0.79,    6791,  1.38,     956,  0.19
 484,-29.00,    8100,  0.82,    6881,  1.40,    1219,  0.25
 485,-28.00,    8179,  0.83,    6648,  1.35,    1531,  0.31
 486,-27.00,    8419,  0.86,    6256,  1.27,    2163,  0.44
 487,-26.00,    8756,  0.89,    5787,  1.18,    2969,  0.60
 488,-25.00,    8446,  0.86,    5633,  1.15,    2813,  0.57
 489,-24.00,    7590,  0.77,    5097,  1.04,    2493,  0.51
 490,-23.00,    7750,  0.79,    5392,  1.10,    2358,  0.48
 491,-22.00,    8700,  0.89,    6054,  1.23,    2646,  0.54
 492,-21.00,    8881,  0.90,    5981,  1.22,    2900,  0.59
 493,-20.00,    8326,  0.85,    6158,  1.25,    2168,  0.44
 494,-19.00,    7683,  0.78,    5943,  1.21,    1740,  0.35
 495,-18.00,    6520,  0.66,    5399,  1.10,    1121,  0.23
 496,-17.00,    5659,  0.58,    5373,  1.09,     286,  0.06
 497,-16.00,    5817,  0.59,    6235,  1.27,    -418, -0.09
 498,-15.00,    4755,  0.48,    6594,  1.34,   -1839, -0.37
 499,-14.00,    3621,  0.37,    6448,  1.31,   -2827, -0.58
 500,-13.00,    4097,  0.42,    6981,  1.42,   -2884, -0.59
 501,-12.00,    4407,  0.45,    6783,  1.38,   -2376, -0.48
 502,-11.00,    4386,  0.45,    6220,  1.27,   -1834, -0.37
 503,-10.00,    4085,  0.42,    5621,  1.14,   -1536, -0.31
 504,-9.00,    4299,  0.44,    5231,  1.06,    -932, -0.19
 505,-8.00,    4349,  0.44,    4777,  0.97,    -428, -0.09
 506,-7.00,    3854,  0.39,    4131,  0.84,    -277, -0.06
 507,-6.00,    3611,  0.37,    3263,  0.66,     348,  0.07
 508,-5.00,    2634,  0.27,    1571,  0.32,    1063,  0.22
 509,-4.00,    2180,  0.22,     474,  0.10,    1706,  0.35
 510,-3.00,    2938,  0.30,     347,  0.07,    2591,  0.53
 511,-2.00,    3272,  0.33,    -288, -0.06,    3560,  0.72
 512,-1.00,    2868,  0.29,   -1435, -0.29,    4303,  0.88
 513,0.00,    3234,  0.33,   -2011, -0.41,    5245,  1.07
 514,1.00,    4437,  0.45,   -2019, -0.41,    6456,  1.31
 515,2.00,    5817,  0.59,   -2043, -0.42,    7860,  1.60
 516,3.00,    7115,  0.72,   -1801, -0.37,    8916,  1.81
 517,4.00,    8084,  0.82,   -1312, -0.27,    9396,  1.91
 518,5.00,    8448,  0.86,    -874, -0.18,    9322,  1.90
 519,6.00,    8467,  0.86,    -541, -0.11,    9008,  1.83
 520,7.00,    7537,  0.77,    -380, -0.08,    7917,  1.61
 521,8.00,    6039,  0.61,   -1207, -0.25,    7246,  1.47
 522,9.00,    4815,  0.49,   -1779, -0.36,    6594,  1.34
 523,10.00,    4490,  0.46,   -1849, -0.38,    6339,  1.29
 524,11.00,    4959,  0.50,   -1590, -0.32,    6549,  1.33
 525,12.00,    5602,  0.57,    -855, -0.17,    6457,  1.31
 526,13.00,    5619,  0.57,    -574, -0.12,    6193,  1.26
 527,14.00,    5221,  0.53,    -450, -0.09,    5671,  1.15
 528,15.00,    4833,  0.49,    -593, -0.12,    5426,  1.10
 529,16.00,    4438,  0.45,    -987, -0.20,    5425,  1.10
 530,17.00,    4594,  0.47,   -1287, -0.26,    5881,  1.20
 531,18.00,    6090,  0.62,   -1294, -0.26,    7384,  1.50
 532,19.00,    6584,  0.67,   -1479, -0.30,    8063,  1.64
 533,20.00,    6311,  0.64,   -1678, -0.34,    7989,  1.63
 534,21.00,    6747,  0.69,   -1453, -0.30,    8200,  1.67
 535,22.00,    7181,  0.73,   -1501, -0.31,    8682,  1.77
 536,23.00,    7487,  0.76,   -1304, -0.27,    8791,  1.79
 537,24.00,    7327,  0.75,   -1306, -0.27,    8633,  1.76
 538,25.00,    7192,  0.73,   -1312, -0.27,    8504,  1.73
 539,26.00,    7589,  0.77,    -586, -0.12,    8175,  1.66
 540,27.00,    7626,  0.78,     153,  0.03,    7473,  1.52
 541,28.00,    7545,  0.77,    1160,  0.24,    6385,  1.30
 542,29.00,    7603,  0.77,    1837,  0.37,    5766,  1.17
 543,30.00,    5736,  0.58,    1249,  0.25,    4487,  0.91
 544,31.00,    4708,  0.48,     907,  0.18,    3801,  0.77
 545,32.00,    4566,  0.46,    1022,  0.21,    3544,  0.72
 546,33.00,    3885,  0.40,     962,  0.20,    2923,  0.59
 547,34.00,    2463,  0.25,     510,  0.10,    1953,  0.40
 548,35.00,    1932,  0.20,     377,  0.08,    1555,  0.32
 549,36.00,    1043,  0.11,     -95, -0.02,    1138,  0.23
 550,37.00,      55,  0.00,    -723, -0.15,     778,  0.16
 551,38.00,    -943, -0.10,    -967, -0.20,      24,  0.00
 552,39.00,   -2311, -0.24,   -1710, -0.35,    -601, -0.12
 553,40.00,   -3454, -0.35,   -2872, -0.58,    -582, -0.12
 554,41.00,   -4313, -0.44,   -4456, -0.91,     143,  0.03
 555,42.00,   -5038, -0.51,   -6016, -1.22,     978,  0.20
 556,43.00,   -6879, -0.70,   -7578, -1.54,     699,  0.14
 557,44.00,   -8202, -0.83,   -8557, -1.74,     355,  0.07
 558,45.00,   -8768, -0.89,   -9611, -1.96,     843,  0.17
 559,46.00,   -9412, -0.96,  -10876, -2.21,    1464,  0.30
 560,47.00,  -10279, -1.05,  -11623, -2.36,    1344,  0.27
 561,48.00,  -11947, -1.22,  -12514, -2.55,     567,  0.12
 562,49.00,  -12969, -1.32,  -13320, -2.71,     351,  0.07
 563,50.00,  -13791, -1.40,  -13853, -2.82,      62,  0.01
 564,51.00,  -13794, -1.40,  -13860, -2.82,      66,  0.01
 565,52.00,  -13368, -1.36,  -13439, -2.73,      71,  0.01
 566,53.00,  -12699, -1.29,  -12520, -2.55,    -179, -0.04
 567,54.00,  -11892, -1.21,  -11345, -2.31,    -547, -0.11
 568,55.00,  -10867, -1.11,  -10076, -2.05,    -791, -0.16
 569,56.00,   -9315, -0.95,   -8881, -1.81,    -434, -0.09
 570,57.00,   -8442, -0.86,   -8331, -1.69,    -111, -0.02
 571,58.00,   -7233, -0.74,   -7169, -1.46,     -64, -0.01
 572,59.00,   -5732, -0.58,   -5631, -1.15,    -101, -0.02
 573,60.00,   -4530, -0.46,   -4440, -0.90,     -90, -0.02
 574,61.00,   -3783, -0.38,   -3155, -0.64,    -628, -0.13
 575,62.00,   -2846, -0.29,   -2162, -0.44,    -684, -0.14
 576,63.00,   -2354, -0.24,   -1416, -0.29,    -938, -0.19
 577,64.00,   -1585, -0.16,   -1032, -0.21,    -553, -0.11
 578,65.00,    -827, -0.08,    -813, -0.17,     -14, -0.00
 579,66.00,    -994, -0.10,    -983, -0.20,     -11, -0.00
 580,67.00,   -1011, -0.10,    -935, -0.19,     -76, -0.02
 581,68.00,    -286, -0.03,    -260, -0.05,     -26, -0.00
 582,69.00,     125,  0.01,     428,  0.09,    -303, -0.06
 583,70.00,     602,  0.06,     844,  0.17,    -242, -0.05
 584,71.00,     757,  0.08,     427,  0.09,     330,  0.07
 585,72.00,    1049,  0.11,     334,  0.07,     715,  0.15
 586,73.00,    1041,  0.11,     -86, -0.02,    1127,  0.23
 587,74.00,    1773,  0.18,      80,  0.02,    1693,  0.34
 588,75.00,    2837,  0.29,     207,  0.04,    2630,  0.54
 589,76.00,    4434,  0.45,     707,  0.14,    3727,  0.76
 590,77.00,    6082,  0.62,    1204,  0.24,    4878,  0.99
 591,78.00,    6729,  0.68,    1527,  0.31,    5202,  1.06
 592,79.00,    7333,  0.75,    1878,  0.38,    5455,  1.11
 593,80.00,    8609,  0.88,    2136,  0.43,    6473,  1.32
 594,81.00,   10384,  1.06,    2763,  0.56,    7621,  1.55
 595,82.00,   11547,  1.17,    3354,  0.68,    8193,  1.67
 596,83.00,   11517,  1.17,    3186,  0.65,    8331,  1.69
 597,84.00,   11195,  1.14,    3087,  0.63,    8108,  1.65
 598,85.00,   11133,  1.13,    3502,  0.71,    7631,  1.55
 599,86.00,   10785,  1.10,    4051,  0.82,    6734,  1.37
 600,87.00,   10123,  1.03,    4393,  0.89,    5730,  1.17
 601,88.00,    8871,  0.90,    3683,  0.75,    5188,  1.06
 602,89.00,    7178,  0.73,    2120,  0.43,    5058,  1.03
 603,90.00,    3953,  0.40,     159,  0.03,    3794,  0.77
 604,91.00,    -244, -0.02,   -2266, -0.46,    2022,  0.41
 605,92.00,   -4741, -0.48,   -5390, -1.10,     649,  0.13
 606,93.00,   -8747, -0.89,   -7538, -1.53,   -1209, -0.25
 607,94.00,  -12118, -1.23,   -9037, -1.84,   -3081, -0.63
 608,95.00,  -15980, -1.63,  -11166, -2.27,   -4814, -0.98
 609,96.00,  -20458, -2.08,  -13518, -2.75,   -6940, -1.41
 610,97.00,  -24029, -2.44,  -15170, -3.09,   -8859, -1.80
 611,98.00,  -26850, -2.73,  -16479, -3.35,  -10371, -2.11
 612,99.00,  -30003, -3.05,  -17703, -3.60,  -12300, -2.50
 613,100.00,  -33410, -3.40,  -19269, -3.92,  -14141, -2.88
 614,101.00,  -36914, -3.76,  -21083, -4.29,  -15831, -3.22
 615,102.00,  -40839, -4.15,  -22654, -4.61,  -18185, -3.70
 616,103.00,  -44657, -4.54,  -24482, -4.98,  -20175, -4.10
 617,104.00,  -47674, -4.85,  -26284, -5.35,  -21390, -4.35
 618,105.00,  -49814, -5.07,  -27578, -5.61,  -22236, -4.52
 619,106.00,  -52783, -5.37,  -29375, -5.98,  -23408, -4.76
 620,107.00,  -55567, -5.65,  -31201, -6.35,  -24366, -4.96
 621,108.00,  -57852, -5.89,  -33280, -6.77,  -24572, -5.00
 622,109.00,  -59627, -6.07,  -34723, -7.06,  -24904, -5.07
 623,110.00,  -60773, -6.18,  -35617, -7.25,  -25156, -5.12
 624,111.00,  -61600, -6.27,  -36155, -7.36,  -25445, -5.18
 625,112.00,  -62178, -6.33,  -36478, -7.42,  -25700, -5.23
 626,113.00,  -62499, -6.36,  -36832, -7.49,  -25667, -5.22
 627,114.00,  -63281, -6.44,  -37505, -7.63,  -25776, -5.24
 628,115.00,  -64394, -6.55,  -38528, -7.84,  -25866, -5.26
 629,116.00,  -64843, -6.60,  -39131, -7.96,  -25712, -5.23
 630,117.00,  -63814, -6.49,  -38799, -7.89,  -25015, -5.09
 631,118.00,  -62922, -6.40,  -38434, -7.82,  -24488, -4.98
 632,119.00,  -61226, -6.23,  -38040, -7.74,  -23186, -4.72
 633,120.00,  -58957, -6.00,  -37194, -7.57,  -21763, -4.43
 634,121.00,  -57296, -5.83,  -36070, -7.34,  -21226, -4.32
 635,122.00,  -55221, -5.62,  -34648, -7.05,  -20573, -4.19
 636,123.00,  -52660, -5.36,  -33278, -6.77,  -19382, -3.94
 637,124.00,  -50309, -5.12,  -31779, -6.47,  -18530, -3.77
 638,125.00,  -49246, -5.01,  -30450, -6.20,  -18796, -3.82
 639,126.00,  -47756, -4.86,  -29188, -5.94,  -18568, -3.78
 640,127.00,  -45872, -4.67,  -28232, -5.74,  -17640, -3.59
 641,128.00,  -43923, -4.47,  -26904, -5.47,  -17019, -3.46
 642,129.00,  -41615, -4.23,  -26218, -5.33,  -15397, -3.13
 643,130.00,  -39609, -4.03,  -26296, -5.35,  -13313, -2.71
 644,131.00,  -37645, -3.83,  -26462, -5.38,  -11183, -2.28
 645,132.00,  -36224, -3.69,  -26153, -5.32,  -10071, -2.05
 646,133.00,  -35276, -3.59,  -25958, -5.28,   -9318, -1.90
 647,134.00,  -35031, -3.56,  -25881, -5.27,   -9150, -1.86
 648,135.00,  -33979, -3.46,  -25527, -5.19,   -8452, -1.72
 649,136.00,  -32731, -3.33,  -24969, -5.08,   -7762, -1.58
 650,137.00,  -31120, -3.17,  -23831, -4.85,   -7289, -1.48
 651,138.00,  -30825, -3.14,  -22889, -4.66,   -7936, -1.61
 652,139.00,  -30385, -3.09,  -21844, -4.44,   -8541, -1.74
 653,140.00,  -30081, -3.06,  -20867, -4.25,   -9214, -1.87
 654,141.00,  -30317, -3.08,  -20139, -4.10,  -10178, -2.07
 655,142.00,  -30695, -3.12,  -19539, -3.98,  -11156, -2.27
 656,143.00,  -31550, -3.21,  -19149, -3.90,  -12401, -2.52
 657,144.00,  -30520, -3.10,  -17659, -3.59,  -12861, -2.62
 658,145.00,  -28363, -2.89,  -16198, -3.30,  -12165, -2.48
 659,146.00,  -26489, -2.69,  -15475, -3.15,  -11014, -2.24
 660,147.00,  -26294, -2.67,  -14722, -3.00,  -11572, -2.35
 661,148.00,  -26298, -2.68,  -13706, -2.79,  -12592, -2.56
 662,149.00,  -26487, -2.69,  -13155, -2.68,  -13332, -2.71
 663,150.00,  -26242, -2.67,  -12974, -2.64,  -13268, -2.70
 664,151.00,  -25763, -2.62,  -12484, -2.54,  -13279, -2.70
 665,152.00,  -25257, -2.57,  -12026, -2.45,  -13231, -2.69
 666,153.00,  -25067, -2.55,  -11935, -2.43,  -13132, -2.67
 667,154.00,  -23750, -2.42,  -11519, -2.34,  -12231, -2.49
 668,155.00,  -22152, -2.25,  -11325, -2.30,  -10827, -2.20
 669,156.00,  -21173, -2.15,  -11641, -2.37,   -9532, -1.94
 670,157.00,  -20023, -2.04,  -11713, -2.38,   -8310, -1.69
 671,158.00,  -18073, -1.84,  -11378, -2.31,   -6695, -1.36
 672,159.00,  -16957, -1.73,  -10914, -2.22,   -6043, -1.23
 673,160.00,  -16410, -1.67,  -11099, -2.26,   -5311, -1.08
 674,161.00,  -15587, -1.59,  -11053, -2.25,   -4534, -0.92
 675,162.00,  -15155, -1.54,  -11001, -2.24,   -4154, -0.85
 676,163.00,  -13532, -1.38,  -10024, -2.04,   -3508, -0.71
 677,164.00,  -12112, -1.23,   -8939, -1.82,   -3173, -0.65
 678,165.00,  -10465, -1.06,   -7835, -1.59,   -2630, -0.54
 679,166.00,   -8110, -0.83,   -5918, -1.20,   -2192, -0.45
 680,167.00,   -5842, -0.59,   -3956, -0.80,   -1886, -0.38
 681,168.00,   -4463, -0.45,   -2721, -0.55,   -1742, -0.35
 682,169.00,   -2556, -0.26,    -583, -0.12,   -1973, -0.40
 683,170.00,     222,  0.02,    2078,  0.42,   -1856, -0.38
 684,171.00,    3088,  0.31,    4505,  0.92,   -1417, -0.29
 685,172.00,    5343,  0.54,    5925,  1.21,    -582, -0.12
 686,173.00,    7722,  0.79,    7164,  1.46,     558,  0.11
 687,174.00,   10525,  1.07,    8799,  1.79,    1726,  0.35
 688,175.00,   13576,  1.38,   10885,  2.21,    2691,  0.55
 689,176.00,   16238,  1.65,   12508,  2.54,    3730,  0.76
 690,177.00,   18544,  1.89,   14181,  2.89,    4363,  0.89
 691,178.00,   20070,  2.04,   15673,  3.19,    4397,  0.89
 692,179.00,   20579,  2.09,   16340,  3.32,    4239,  0.86
 693,180.00,   20349,  2.07,   16197,  3.30,    4152,  0.84
 694,181.00,   20581,  2.09,   16049,  3.27,    4532,  0.92
 695,182.00,   21308,  2.17,   16224,  3.30,    5084,  1.03
 696,183.00,   21840,  2.22,   16887,  3.44,    4953,  1.01
 697,184.00,   22600,  2.30,   17769,  3.62,    4831,  0.98
 698,185.00,   22708,  2.31,   17285,  3.52,    5423,  1.10
 699,186.00,   22143,  2.25,   16653,  3.39,    5490,  1.12
 700,187.00,   20726,  2.11,   15441,  3.14,    5285,  1.08
 701,188.00,   19266,  1.96,   14008,  2.85,    5258,  1.07
 702,189.00,   17350,  1.76,   12879,  2.62,    4471,  0.91
 703,190.00,   15950,  1.62,   12526,  2.55,    3424,  0.70
 704,191.00,   15127,  1.54,   12168,  2.48,    2959,  0.60
 705,192.00,   14730,  1.50,   11547,  2.35,    3183,  0.65
 706,193.00,   13860,  1.41,    9918,  2.02,    3942,  0.80
 707,194.00,   13159,  1.34,    9108,  1.85,    4051,  0.82
 708,195.00,   12359,  1.26,    8538,  1.74,    3821,  0.78
 709,196.00,   11440,  1.16,    7411,  1.51,    4029,  0.82
 710,197.00,   10779,  1.10,    6489,  1.32,    4290,  0.87
 711,198.00,    9241,  0.94,    5064,  1.03,    4177,  0.85
 712,199.00,    8001,  0.81,    3612,  0.73,    4389,  0.89
 713,200.00,    7541,  0.77,    2505,  0.51,    5036,  1.02
 714,201.00,    6655,  0.68,    1453,  0.30,    5202,  1.06
 715,202.00,    5571,  0.57,     577,  0.12,    4994,  1.02
 716,203.00,    4542,  0.46,     141,  0.03,    4401,  0.90
 717,204.00,    3496,  0.36,    -161, -0.03,    3657,  0.74
 718,205.00,    2747,  0.28,    -394, -0.08,    3141,  0.64
 719,206.00,    3001,  0.31,     -34, -0.00,    3035,  0.62
 720,207.00,    3903,  0.40,     447,  0.09,    3456,  0.70
 721,208.00,    4278,  0.44,    1080,  0.22,    3198,  0.65
 722,209.00,    3748,  0.38,     710,  0.14,    3038,  0.62
 723,210.00,    3693,  0.38,     255,  0.05,    3438,  0.70
 724,211.00,    3915,  0.40,    -353, -0.07,    4268,  0.87
 725,212.00,    2855,  0.29,   -1078, -0.22,    3933,  0.80
 726,213.00,    2728,  0.28,   -1880, -0.38,    4608,  0.94
 727,214.00,    3327,  0.34,   -1577, -0.32,    4904,  1.00
 728,215.00,    3056,  0.31,   -1667, -0.34,    4723,  0.96
 729,216.00,    2374,  0.24,   -2392, -0.49,    4766,  0.97
 730,217.00,    1850,  0.19,   -3069, -0.62,    4919,  1.00
 731,218.00,    2427,  0.25,   -3292, -0.67,    5719,  1.16
 732,219.00,    3676,  0.37,   -2830, -0.58,    6506,  1.32
 733,220.00,    5237,  0.53,   -2380, -0.48,    7617,  1.55
 734,221.00,    6796,  0.69,   -2300, -0.47,    9096,  1.85
 735,222.00,    7223,  0.73,   -2658, -0.54,    9881,  2.01
 736,223.00,    7775,  0.79,   -2649, -0.54,   10424,  2.12
 737,224.00,    8968,  0.91,   -2353, -0.48,   11321,  2.30
 738,225.00,    9136,  0.93,   -2388, -0.49,   11524,  2.34
 739,226.00,   10264,  1.04,   -1674, -0.34,   11938,  2.43
 740,227.00,   11993,  1.22,    -681, -0.14,   12674,  2.58
 741,228.00,   12583,  1.28,    -308, -0.06,   12891,  2.62
 742,229.00,   13399,  1.36,     216,  0.04,   13183,  2.68
 743,230.00,   14374,  1.46,     646,  0.13,   13728,  2.79
 744,231.00,   15361,  1.56,    1357,  0.28,   14004,  2.85
 745,232.00,   15643,  1.59,    1656,  0.34,   13987,  2.85
 746,233.00,   16910,  1.72,    2552,  0.52,   14358,  2.92
 747,234.00,   17832,  1.81,    3280,  0.67,   14552,  2.96
 748,235.00,   18243,  1.86,    4178,  0.85,   14065,  2.86
 749,236.00,   17690,  1.80,    4499,  0.92,   13191,  2.68
 750,237.00,   17970,  1.83,    5354,  1.09,   12616,  2.57
 751,238.00,   18895,  1.92,    6589,  1.34,   12306,  2.50
 752,239.00,   18502,  1.88,    7024,  1.43,   11478,  2.34
 753,240.00,   17853,  1.82,    7497,  1.53,   10356,  2.11
 754,241.00,   17841,  1.81,    8189,  1.67,    9652,  1.96
 755,242.00,   17527,  1.78,    8331,  1.69,    9196,  1.87
 756,243.00,   17740,  1.80,    8676,  1.77,    9064,  1.84
 757,244.00,   17861,  1.82,    8917,  1.81,    8944,  1.82
 758,245.00,   18499,  1.88,    9194,  1.87,    9305,  1.89
 759,246.00,   18693,  1.90,    9333,  1.90,    9360,  1.90
 760,247.00,   18251,  1.86,    9137,  1.86,    9114,  1.85
 761,248.00,   18072,  1.84,    8895,  1.81,    9177,  1.87
 762,249.00,   18618,  1.89,    9371,  1.91,    9247,  1.88
 763,250.00,   19382,  1.97,    9625,  1.96,    9757,  1.99
 764,251.00,   20383,  2.07,   10116,  2.06,   10267,  2.09
 765,252.00,   21042,  2.14,   10672,  2.17,   10370,  2.11
 766,253.00,   21651,  2.20,   10708,  2.18,   10943,  2.23
 767,254.00,   22318,  2.27,   10661,  2.17,   11657,  2.37
 768,255.00,   23715,  2.41,   10969,  2.23,   12746,  2.59
 769,256.00,   24543,  2.50,   10702,  2.18,   13841,  2.82
 770,257.00,   25327,  2.58,   10564,  2.15,   14763,  3.00
 771,258.00,   26059,  2.65,   11039,  2.25,   15020,  3.06
 772,259.00,   26868,  2.73,   11648,  2.37,   15220,  3.10
 773,260.00,   27506,  2.80,   12145,  2.47,   15361,  3.13
 774,261.00,   27580,  2.81,   12275,  2.50,   15305,  3.11
 775,262.00,   27437,  2.79,   12066,  2.45,   15371,  3.13
 776,263.00,   27462,  2.79,   11992,  2.44,   15470,  3.15
 777,264.00,   27801,  2.83,   11992,  2.44,   15809,  3.22
 778,265.00,   28159,  2.86,   11968,  2.43,   16191,  3.29
 779,266.00,   27861,  2.83,   11770,  2.39,   16091,  3.27
 780,267.00,   28761,  2.93,   11400,  2.32,   17361,  3.53
 781,268.00,   29150,  2.97,   10870,  2.21,   18280,  3.72
 782,269.00,   28724,  2.92,   10481,  2.13,   18243,  3.71
 783,270.00,   27521,  2.80,    9862,  2.01,   17659,  3.59
 784,271.00,   26628,  2.71,    9480,  1.93,   17148,  3.49
 785,272.00,   26511,  2.70,    9403,  1.91,   17108,  3.48
 786,273.00,   26169,  2.66,    9632,  1.96,   16537,  3.36
 787,274.00,   25479,  2.59,    9952,  2.02,   15527,  3.16
 788,275.00,   25443,  2.59,   10517,  2.14,   14926,  3.04
 789,276.00,   26133,  2.66,   11048,  2.25,   15085,  3.07
 790,277.00,   26923,  2.74,   11629,  2.37,   15294,  3.11
 791,278.00,   26580,  2.70,   11859,  2.41,   14721,  3.00
 792,279.00,   26411,  2.69,   12001,  2.44,   14410,  2.93
 793,280.00,   26399,  2.69,   11978,  2.44,   14421,  2.93
 794,281.00,   27289,  2.78,   12998,  2.64,   14291,  2.91
 795,282.00,   27026,  2.75,   13741,  2.80,   13285,  2.70
 796,283.00,   25763,  2.62,   13418,  2.73,   12345,  2.51
 797,284.00,   24410,  2.48,   13021,  2.65,   11389,  2.32
 798,285.00,   23960,  2.44,   13277,  2.70,   10683,  2.17
 799,286.00,   23331,  2.37,   13166,  2.68,   10165,  2.07
 800,287.00,   21633,  2.20,   12533,  2.55,    9100,  1.85
 801,288.00,   20180,  2.05,   11829,  2.41,    8351,  1.70
 802,289.00,   18792,  1.91,   10913,  2.22,    7879,  1.60
 803,290.00,   17349,  1.76,    9948,  2.02,    7401,  1.51
 804,291.00,   16226,  1.65,    9138,  1.86,    7088,  1.44
 805,292.00,   15201,  1.55,    8504,  1.73,    6697,  1.36
 806,293.00,   15102,  1.54,    8332,  1.70,    6770,  1.38
 807,294.00,   15982,  1.63,    8740,  1.78,    7242,  1.47
 808,295.00,   17329,  1.76,    9604,  1.95,    7725,  1.57
 809,296.00,   17821,  1.81,    9964,  2.03,    7857,  1.60
 810,297.00,   19033,  1.94,   10421,  2.12,    8612,  1.75
 811,298.00,   18681,  1.90,    9903,  2.01,    8778,  1.79
 812,299.00,   17809,  1.81,    9055,  1.84,    8754,  1.78
 813,300.00,   18402,  1.87,    8550,  1.74,    9852,  2.00
 814,301.00,   19964,  2.03,    8943,  1.82,   11021,  2.24
 815,302.00,   21162,  2.15,    9566,  1.95,   11596,  2.36
 816,303.00,   22783,  2.32,   10542,  2.14,   12241,  2.49
 817,304.00,   23957,  2.44,   11240,  2.29,   12717,  2.59
 818,305.00,   25074,  2.55,   11955,  2.43,   13119,  2.67
 819,306.00,   26576,  2.70,   12897,  2.62,   13679,  2.78
 820,307.00,   27994,  2.85,   13568,  2.76,   14426,  2.94
 821,308.00,   28108,  2.86,   13656,  2.78,   14452,  2.94
 822,309.00,   27036,  2.75,   13075,  2.66,   13961,  2.84
 823,310.00,   27294,  2.78,   13068,  2.66,   14226,  2.89
 824,311.00,   27691,  2.82,   12855,  2.62,   14836,  3.02
 825,312.00,   28221,  2.87,   13172,  2.68,   15049,  3.06
 826,313.00,   29179,  2.97,   13884,  2.82,   15295,  3.11
 827,314.00,   28981,  2.95,   13611,  2.77,   15370,  3.13
 828,315.00,   29125,  2.96,   13300,  2.71,   15825,  3.22
 829,316.00,   29613,  3.01,   13900,  2.83,   15713,  3.20
 830,317.00,   29152,  2.97,   13844,  2.82,   15308,  3.11
 831,318.00,   28960,  2.95,   13673,  2.78,   15287,  3.11
 832,319.00,   28955,  2.95,   13593,  2.77,   15362,  3.13
 833,320.00,   29272,  2.98,   13456,  2.74,   15816,  3.22
 834,321.00,   29024,  2.95,   13021,  2.65,   16003,  3.26
 835,322.00,   29027,  2.95,   12784,  2.60,   16243,  3.30
 836,323.00,   28765,  2.93,   12933,  2.63,   15832,  3.22
 837,324.00,   28594,  2.91,   13460,  2.74,   15134,  3.08
 838,325.00,   28382,  2.89,   14092,  2.87,   14290,  2.91
 839,326.00,   28593,  2.91,   14642,  2.98,   13951,  2.84
 840,327.00,   28086,  2.86,   14769,  3.00,   13317,  2.71
 841,328.00,   27513,  2.80,   14702,  2.99,   12811,  2.61
 842,329.00,   26504,  2.70,   14475,  2.95,   12029,  2.45
 843,330.00,   26124,  2.66,   14835,  3.02,   11289,  2.30
 844,331.00,   26575,  2.70,   15756,  3.21,   10819,  2.20
 845,332.00,   26688,  2.71,   16883,  3.43,    9805,  1.99
 846,333.00,   25401,  2.58,   16897,  3.44,    8504,  1.73
 847,334.00,   24111,  2.45,   16537,  3.36,    7574,  1.54
 848,335.00,   23736,  2.41,   16368,  3.33,    7368,  1.50
 849,336.00,   23135,  2.35,   16476,  3.35,    6659,  1.35
 850,337.00,   22969,  2.34,   17348,  3.53,    5621,  1.14
 851,338.00,   23011,  2.34,   18815,  3.83,    4196,  0.85
 852,339.00,   22889,  2.33,   19488,  3.96,    3401,  0.69
 853,340.00,   21992,  2.24,   19173,  3.90,    2819,  0.57
 854,341.00,   20532,  2.09,   18476,  3.76,    2056,  0.42
 855,342.00,   19669,  2.00,   18361,  3.74,    1308,  0.27
 856,343.00,   18400,  1.87,   18007,  3.66,     393,  0.08
 857,344.00,   17118,  1.74,   17819,  3.63,    -701, -0.14
 858,345.00,   16799,  1.71,   18202,  3.70,   -1403, -0.29
 859,346.00,   17056,  1.74,   18938,  3.85,   -1882, -0.38
 860,347.00,   16113,  1.64,   18402,  3.74,   -2289, -0.47
 861,348.00,   15591,  1.59,   18393,  3.74,   -2802, -0.57
 862,349.00,   15381,  1.56,   18085,  3.68,   -2704, -0.55
 863,350.00,   14746,  1.50,   17617,  3.58,   -2871, -0.58
 864,351.00,   14111,  1.44,   17055,  3.47,   -2944, -0.60
 865,352.00,   13010,  1.32,   16188,  3.29,   -3178, -0.65
 866,353.00,   12643,  1.29,   15631,  3.18,   -2988, -0.61
 867,354.00,   12243,  1.25,   15496,  3.15,   -3253, -0.66
 868,355.00,   12546,  1.28,   15548,  3.16,   -3002, -0.61
 869,356.00,   13798,  1.40,   15589,  3.17,   -1791, -0.36
 870,357.00,   14609,  1.49,   15652,  3.18,   -1043, -0.21
 871,358.00,   13903,  1.41,   14462,  2.94,    -559, -0.11
 872,359.00,   12459,  1.27,   13318,  2.71,    -859, -0.17
 873,360.00,   10698,  1.09,   12193,  2.48,   -1495, -0.30
 874,361.00,    8365,  0.85,   11009,  2.24,   -2644, -0.54
 875,362.00,    6720,  0.68,    9748,  1.98,   -3028, -0.62
 876,363.00,    5343,  0.54,    7990,  1.63,   -2647, -0.54
 877,364.00,    4464,  0.45,    6446,  1.31,   -1982, -0.40
 878,365.00,    2974,  0.30,    4736,  0.96,   -1762, -0.36
 879,366.00,    2209,  0.22,    3263,  0.66,   -1054, -0.21
 880,367.00,     962,  0.10,    1618,  0.33,    -656, -0.13
 881,368.00,   -1334, -0.14,    -563, -0.11,    -771, -0.16
 882,369.00,   -4142, -0.42,   -2552, -0.52,   -1590, -0.32
 883,370.00,   -5790, -0.59,   -4198, -0.85,   -1592, -0.32
 884,371.00,   -7313, -0.74,   -5401, -1.10,   -1912, -0.39
 885,372.00,   -7950, -0.81,   -5486, -1.12,   -2464, -0.50
 886,373.00,   -8990, -0.91,   -5806, -1.18,   -3184, -0.65
 887,374.00,  -11244, -1.14,   -7551, -1.54,   -3693, -0.75
 888,375.00,  -12751, -1.30,   -9035, -1.84,   -3716, -0.76
 889,376.00,  -14261, -1.45,  -10083, -2.05,   -4178, -0.85
 890,377.00,  -15530, -1.58,  -11092, -2.26,   -4438, -0.90
 891,378.00,  -16267, -1.65,  -12234, -2.49,   -4033, -0.82
 892,379.00,  -16518, -1.68,  -13080, -2.66,   -3438, -0.70
 893,380.00,  -15990, -1.63,  -13259, -2.70,   -2731, -0.56
 894,381.00,  -15739, -1.60,  -13329, -2.71,   -2410, -0.49
 895,382.00,  -16375, -1.67,  -13720, -2.79,   -2655, -0.54
 896,383.00,  -18195, -1.85,  -14393, -2.93,   -3802, -0.77
 897,384.00,  -20243, -2.06,  -15124, -3.08,   -5119, -1.04
 898,385.00,  -22187, -2.26,  -16051, -3.27,   -6136, -1.25
 899,386.00,  -23523, -2.39,  -16623, -3.38,   -6900, -1.40
 900,387.00,  -25368, -2.58,  -17221, -3.50,   -8147, -1.66
 901,388.00,  -26177, -2.66,  -17501, -3.56,   -8676, -1.77
 902,389.00,  -26515, -2.70,  -17670, -3.60,   -8845, -1.80
 903,390.00,  -26903, -2.74,  -17921, -3.65,   -8982, -1.83
 904,391.00,  -27099, -2.76,  -18073, -3.68,   -9026, -1.84
 905,392.00,  -28730, -2.92,  -18455, -3.75,  -10275, -2.09
 906,393.00,  -30257, -3.08,  -18821, -3.83,  -11436, -2.33
 907,394.00,  -30857, -3.14,  -19029, -3.87,  -11828, -2.41
 908,395.00,  -31114, -3.17,  -19013, -3.87,  -12101, -2.46
 909,396.00,  -31241, -3.18,  -18872, -3.84,  -12369, -2.52
 910,397.00,  -30888, -3.14,  -18868, -3.84,  -12020, -2.45
 911,398.00,  -30087, -3.06,  -18132, -3.69,  -11955, -2.43
 912,399.00,  -30018, -3.05,  -17900, -3.64,  -12118, -2.47
 913,400.00,  -29636, -3.01,  -18344, -3.73,  -11292, -2.30
 914,401.00,  -29770, -3.03,  -18786, -3.82,  -10984, -2.23
 915,402.00,  -29908, -3.04,  -19412, -3.95,  -10496, -2.14
 916,403.00,  -30263, -3.08,  -20240, -4.12,  -10023, -2.04
 917,404.00,  -30336, -3.09,  -20376, -4.15,   -9960, -2.03
 918,405.00,  -30758, -3.13,  -20828, -4.24,   -9930, -2.02
 919,406.00,  -30972, -3.15,  -21346, -4.34,   -9626, -1.96
 920,407.00,  -30351, -3.09,  -21348, -4.34,   -9003, -1.83
 921,408.00,  -29655, -3.02,  -20660, -4.20,   -8995, -1.83
 922,409.00,  -29236, -2.97,  -20484, -4.17,   -8752, -1.78
 923,410.00,  -29044, -2.95,  -20750, -4.22,   -8294, -1.69
 924,411.00,  -29025, -2.95,  -20773, -4.23,   -8252, -1.68
 925,412.00,  -29332, -2.98,  -20454, -4.16,   -8878, -1.81
 926,413.00,  -28792, -2.93,  -19446, -3.96,   -9346, -1.90
 927,414.00,  -27836, -2.83,  -18293, -3.72,   -9543, -1.94
 928,415.00,  -26598, -2.71,  -16815, -3.42,   -9783, -1.99
 929,416.00,  -25968, -2.64,  -15910, -3.24,  -10058, -2.05
 930,417.00,  -24113, -2.45,  -14387, -2.93,   -9726, -1.98
 931,418.00,  -22505, -2.29,  -13070, -2.66,   -9435, -1.92
 932,419.00,  -20651, -2.10,  -11675, -2.38,   -8976, -1.83
 933,420.00,  -18416, -1.87,  -10269, -2.09,   -8147, -1.66
 934,421.00,  -16898, -1.72,   -9155, -1.86,   -7743, -1.58
 935,422.00,  -15168, -1.54,   -8116, -1.65,   -7052, -1.43
 936,423.00,  -13229, -1.35,   -7084, -1.44,   -6145, -1.25
 937,424.00,  -11850, -1.21,   -6507, -1.32,   -5343, -1.09
 938,425.00,  -10126, -1.03,   -6501, -1.32,   -3625, -0.74
 939,426.00,   -8599, -0.87,   -5867, -1.19,   -2732, -0.56
 940,427.00,   -7747, -0.79,   -5353, -1.09,   -2394, -0.49
 941,428.00,   -7398, -0.75,   -4759, -0.97,   -2639, -0.54
 942,429.00,   -7025, -0.71,   -4063, -0.83,   -2962, -0.60
 943,430.00,   -6873, -0.70,   -4017, -0.82,   -2856, -0.58
 944,431.00,   -5886, -0.60,   -3640, -0.74,   -2246, -0.46
 945,432.00,   -4704, -0.48,   -3627, -0.74,   -1077, -0.22
 946,433.00,   -3736, -0.38,   -3391, -0.69,    -345, -0.07
 947,434.00,   -2893, -0.29,   -2978, -0.61,      85,  0.02
 948,435.00,   -1811, -0.18,   -2576, -0.52,     765,  0.16
 949,436.00,    -138, -0.01,   -1455, -0.30,    1317,  0.27
 950,437.00,    1670,  0.17,    -363, -0.07,    2033,  0.41
 951,438.00,    3324,  0.34,     110,  0.02,    3214,  0.65
 952,439.00,    4130,  0.42,    -108, -0.02,    4238,  0.86
 953,440.00,    5790,  0.59,     572,  0.12,    5218,  1.06
 954,441.00,    6931,  0.71,    1416,  0.29,    5515,  1.12
 955,442.00,    7313,  0.74,    1713,  0.35,    5600,  1.14
 956,443.00,    9257,  0.94,    3057,  0.62,    6200,  1.26
 957,444.00,   10077,  1.03,    3921,  0.80,    6156,  1.25
 958,445.00,   11331,  1.15,    4563,  0.93,    6768,  1.38
 959,446.00,   12373,  1.26,    4914,  1.00,    7459,  1.52
 960,447.00,   13181,  1.34,    5183,  1.05,    7998,  1.63
 961,448.00,   13595,  1.38,    5377,  1.09,    8218,  1.67
 962,449.00,   14238,  1.45,    5926,  1.21,    8312,  1.69
 963,450.00,   14219,  1.45,    6189,  1.26,    8030,  1.63
 964,451.00,   14625,  1.49,    6386,  1.30,    8239,  1.68
 965,452.00,   15048,  1.53,    6031,  1.23,    9017,  1.83
 966,453.00,   14423,  1.47,    5166,  1.05,    9257,  1.88
 967,454.00,   13993,  1.42,    4463,  0.91,    9530,  1.94
 968,455.00,   14505,  1.48,    4785,  0.97,    9720,  1.98
 969,456.00,   15217,  1.55,    4905,  1.00,   10312,  2.10
 970,457.00,   16103,  1.64,    5382,  1.10,   10721,  2.18
 971,458.00,   17160,  1.75,    5497,  1.12,   11663,  2.37
 972,459.00,   18464,  1.88,    6493,  1.32,   11971,  2.44
 973,460.00,   19165,  1.95,    7283,  1.48,   11882,  2.42
 974,461.00,   19356,  1.97,    7585,  1.54,   11771,  2.39
 975,462.00,   20811,  2.12,    8506,  1.73,   12305,  2.50
 976,463.00,   22555,  2.29,    9469,  1.93,   13086,  2.66
 977,464.00,   23760,  2.42,   10226,  2.08,   13534,  2.75
 978,465.00,   25887,  2.63,   11656,  2.37,   14231,  2.90
 979,466.00,   27707,  2.82,   12750,  2.59,   14957,  3.04
 980,467.00,   29168,  2.97,   13366,  2.72,   15802,  3.22
 981,468.00,   30134,  3.07,   14062,  2.86,   16072,  3.27
 982,469.00,   30083,  3.06,   14206,  2.89,   15877,  3.23
 983,470.00,   29253,  2.98,   13750,  2.80,   15503,  3.15
 984,471.00,   28081,  2.86,   13110,  2.67,   14971,  3.05
 985,472.00,   27050,  2.75,   12748,  2.59,   14302,  2.91
 986,473.00,   26040,  2.65,   12128,  2.47,   13912,  2.83
 987,474.00,   25085,  2.55,   11190,  2.28,   13895,  2.83
 988,475.00,   24668,  2.51,   10000,  2.03,   14668,  2.98
 989,476.00,   24213,  2.46,    8699,  1.77,   15514,  3.16
 990,477.00,   24335,  2.48,    7548,  1.54,   16787,  3.42
 991,478.00,   23712,  2.41,    6323,  1.29,   17389,  3.54
 992,479.00,   23241,  2.36,    5383,  1.10,   17858,  3.63
 993,480.00,   21487,  2.19,    3865,  0.79,   17622,  3.59
 994,481.00,   20073,  2.04,    2952,  0.60,   17121,  3.48
 995,482.00,   18858,  1.92,    1922,  0.39,   16936,  3.45
 996,483.00,   18366,  1.87,    1705,  0.35,   16661,  3.39
 997,484.00,   17431,  1.77,    1404,  0.29,   16027,  3.26
 998,485.00,   17745,  1.81,    2098,  0.43,   15647,  3.18
 999,486.00,   17804,  1.81,    2636,  0.54,   15168,  3.09
1000,487.00,   18364,  1.87,    2380,  0.48,   15984,  3.25
1001,488.00,   20725,  2.11,    3561,  0.72,   17164,  3.49
1002,489.00,   22372,  2.28,    4508,  0.92,   17864,  3.63
1003,490.00,   22412,  2.28,    4923,  1.00,   17489,  3.56
1004,491.00,   21001,  2.14,    4607,  0.94,   16394,  3.34
1005,492.00,   21598,  2.20,    5253,  1.07,   16345,  3.33
1006,493.00,   22891,  2.33,    6041,  1.23,   16850,  3.43
1007,494.00,   23834,  2.42,    6310,  1.28,   17524,  3.57
1008,495.00,   25057,  2.55,    7167,  1.46,   17890,  3.64
1009,496.00,   25695,  2.61,    7429,  1.51,   18266,  3.72
1010,497.00,   26540,  2.70,    7263,  1.48,   19277,  3.92
1011,498.00,   28160,  2.86,    7641,  1.55,   20519,  4.17
1012,499.00,   29593,  3.01,    8033,  1.63,   21560,  4.39
1013,500.00,   30967,  3.15,    8160,  1.66,   22807,  4.64
1014,501.00,   32021,  3.26,    8223,  1.67,   23798,  4.84
1015,502.00,   33652,  3.42,    8760,  1.78,   24892,  5.06
1016,503.00,   35571,  3.62,    9392,  1.91,   26179,  5.33
1017,504.00,   36564,  3.72,    9600,  1.95,   26964,  5.49
1018,505.00,   38217,  3.89,    9900,  2.01,   28317,  5.76
1019,506.00,   40595,  4.13,   10492,  2.13,   30103,  6.12
1020,507.00,   42793,  4.35,   11252,  2.29,   31541,  6.42
1021,508.00,   44161,  4.49,   10853,  2.21,   33308,  6.78
1022,509.00,   44985,  4.58,   10239,  2.08,   34746,  7.07
1023,510.00,   45450,  4.62,    9696,  1.97,   35754,  7.27
1024,511.00,   46247,  4.70,    9509,  1.93,   36738,  7.47
