-----------------------------------------------------------------------------------
Identifier:,IHS5922-20199601
File Name:,IBLP70B.3
Ear:,L
Channel:,2
Intensity:,70 dB HL
Stim. Rate:,  1.10/s
Stim. Mode:,0
Sweeps:,182
Artifacts:,75
Smp. Period:,1000.00 us
Amp. Gain:, 50.00 K
Low Pass:, 30.00 Hz
High Pass:,  1.00 Hz
Notch Filter:,TRUE
Stimulus:,100
Stim. Freq.:,1000 Hz
Stim. Dur.:,2000 pnts
Masking:,0 dB SPL
Stim. Point:,513
-----------------------------------------------------------------------------------
Peak Information:,Label,Peak(+),Peak(+)(ms),Peak(-),Peak(-)(ms)
-----------------------------------------------------------------------------------


Data Pnt:,Data Pnt(ms):,Average:,Average(uV):,Buffer1:,Buffer1(uV):,Buffer2:,Buffer2(uV):
   1,-512.00,       0,  0.00,       0,  0.00,       0,  0.00
   2,-511.00,       0,  0.00,       0,  0.00,       0,  0.00
   3,-510.00,       0,  0.00,       0,  0.00,       0,  0.00
   4,-509.00,       0,  0.00,       0,  0.00,       0,  0.00
   5,-508.00,       0,  0.00,       0,  0.00,       0,  0.00
   6,-507.00,       0,  0.00,       0,  0.00,       0,  0.00
   7,-506.00,       0,  0.00,       0,  0.00,       0,  0.00
   8,-505.00,       0,  0.00,       0,  0.00,       0,  0.00
   9,-504.00,       0,  0.00,       0,  0.00,       0,  0.00
  10,-503.00,       0,  0.00,       0,  0.00,       0,  0.00
  11,-502.00,       0,  0.00,       0,  0.00,       0,  0.00
  12,-501.00,       0,  0.00,       0,  0.00,       0,  0.00
  13,-500.00,       0,  0.00,       0,  0.00,       0,  0.00
  14,-499.00,       0,  0.00,       0,  0.00,       0,  0.00
  15,-498.00,       0,  0.00,       0,  0.00,       0,  0.00
  16,-497.00,       0,  0.00,       0,  0.00,       0,  0.00
  17,-496.00,       0,  0.00,       0,  0.00,       0,  0.00
  18,-495.00,       0,  0.00,       0,  0.00,       0,  0.00
  19,-494.00,       0,  0.00,       0,  0.00,       0,  0.00
  20,-493.00,       0,  0.00,       0,  0.00,       0,  0.00
  21,-492.00,       0,  0.00,       0,  0.00,       0,  0.00
  22,-491.00,       0,  0.00,       0,  0.00,       0,  0.00
  23,-490.00,       0,  0.00,       0,  0.00,       0,  0.00
  24,-489.00,       0,  0.00,       0,  0.00,       0,  0.00
  25,-488.00,       0,  0.00,       0,  0.00,       0,  0.00
  26,-487.00,       0,  0.00,       0,  0.00,       0,  0.00
  27,-486.00,       0,  0.00,       0,  0.00,       0,  0.00
  28,-485.00,       0,  0.00,       0,  0.00,       0,  0.00
  29,-484.00,       0,  0.00,       0,  0.00,       0,  0.00
  30,-483.00,       0,  0.00,       0,  0.00,       0,  0.00
  31,-482.00,       0,  0.00,       0,  0.00,       0,  0.00
  32,-481.00,       0,  0.00,       0,  0.00,       0,  0.00
  33,-480.00,       0,  0.00,       0,  0.00,       0,  0.00
  34,-479.00,       0,  0.00,       0,  0.00,       0,  0.00
  35,-478.00,       0,  0.00,       0,  0.00,       0,  0.00
  36,-477.00,       0,  0.00,       0,  0.00,       0,  0.00
  37,-476.00,       0,  0.00,       0,  0.00,       0,  0.00
  38,-475.00,       0,  0.00,       0,  0.00,       0,  0.00
  39,-474.00,       0,  0.00,       0,  0.00,       0,  0.00
  40,-473.00,       0,  0.00,       0,  0.00,       0,  0.00
  41,-472.00,       0,  0.00,       0,  0.00,       0,  0.00
  42,-471.00,       0,  0.00,       0,  0.00,       0,  0.00
  43,-470.00,       0,  0.00,       0,  0.00,       0,  0.00
  44,-469.00,       0,  0.00,       0,  0.00,       0,  0.00
  45,-468.00,       0,  0.00,       0,  0.00,       0,  0.00
  46,-467.00,       0,  0.00,       0,  0.00,       0,  0.00
  47,-466.00,       0,  0.00,       0,  0.00,       0,  0.00
  48,-465.00,       0,  0.00,       0,  0.00,       0,  0.00
  49,-464.00,       0,  0.00,       0,  0.00,       0,  0.00
  50,-463.00,       0,  0.00,       0,  0.00,       0,  0.00
  51,-462.00,       0,  0.00,       0,  0.00,       0,  0.00
  52,-461.00,       0,  0.00,       0,  0.00,       0,  0.00
  53,-460.00,       0,  0.00,       0,  0.00,       0,  0.00
  54,-459.00,       0,  0.00,       0,  0.00,       0,  0.00
  55,-458.00,       0,  0.00,       0,  0.00,       0,  0.00
  56,-457.00,       0,  0.00,       0,  0.00,       0,  0.00
  57,-456.00,       0,  0.00,       0,  0.00,       0,  0.00
  58,-455.00,       0,  0.00,       0,  0.00,       0,  0.00
  59,-454.00,       0,  0.00,       0,  0.00,       0,  0.00
  60,-453.00,       0,  0.00,       0,  0.00,       0,  0.00
  61,-452.00,       0,  0.00,       0,  0.00,       0,  0.00
  62,-451.00,       0,  0.00,       0,  0.00,       0,  0.00
  63,-450.00,       0,  0.00,       0,  0.00,       0,  0.00
  64,-449.00,       0,  0.00,       0,  0.00,       0,  0.00
  65,-448.00,       0,  0.00,       0,  0.00,       0,  0.00
  66,-447.00,       0,  0.00,       0,  0.00,       0,  0.00
  67,-446.00,       0,  0.00,       0,  0.00,       0,  0.00
  68,-445.00,       0,  0.00,       0,  0.00,       0,  0.00
  69,-444.00,       0,  0.00,       0,  0.00,       0,  0.00
  70,-443.00,       0,  0.00,       0,  0.00,       0,  0.00
  71,-442.00,       0,  0.00,       0,  0.00,       0,  0.00
  72,-441.00,       0,  0.00,       0,  0.00,       0,  0.00
  73,-440.00,       0,  0.00,       0,  0.00,       0,  0.00
  74,-439.00,       0,  0.00,       0,  0.00,       0,  0.00
  75,-438.00,       0,  0.00,       0,  0.00,       0,  0.00
  76,-437.00,       0,  0.00,       0,  0.00,       0,  0.00
  77,-436.00,       0,  0.00,       0,  0.00,       0,  0.00
  78,-435.00,       0,  0.00,       0,  0.00,       0,  0.00
  79,-434.00,       0,  0.00,       0,  0.00,       0,  0.00
  80,-433.00,       0,  0.00,       0,  0.00,       0,  0.00
  81,-432.00,       0,  0.00,       0,  0.00,       0,  0.00
  82,-431.00,       0,  0.00,       0,  0.00,       0,  0.00
  83,-430.00,       0,  0.00,       0,  0.00,       0,  0.00
  84,-429.00,       0,  0.00,       0,  0.00,       0,  0.00
  85,-428.00,       0,  0.00,       0,  0.00,       0,  0.00
  86,-427.00,       0,  0.00,       0,  0.00,       0,  0.00
  87,-426.00,       0,  0.00,       0,  0.00,       0,  0.00
  88,-425.00,       0,  0.00,       0,  0.00,       0,  0.00
  89,-424.00,       0,  0.00,       0,  0.00,       0,  0.00
  90,-423.00,       0,  0.00,       0,  0.00,       0,  0.00
  91,-422.00,       0,  0.00,       0,  0.00,       0,  0.00
  92,-421.00,       0,  0.00,       0,  0.00,       0,  0.00
  93,-420.00,       0,  0.00,       0,  0.00,       0,  0.00
  94,-419.00,       0,  0.00,       0,  0.00,       0,  0.00
  95,-418.00,       0,  0.00,       0,  0.00,       0,  0.00
  96,-417.00,       0,  0.00,       0,  0.00,       0,  0.00
  97,-416.00,       0,  0.00,       0,  0.00,       0,  0.00
  98,-415.00,       0,  0.00,       0,  0.00,       0,  0.00
  99,-414.00,       0,  0.00,       0,  0.00,       0,  0.00
 100,-413.00,       0,  0.00,       0,  0.00,       0,  0.00
 101,-412.00,       0,  0.00,       0,  0.00,       0,  0.00
 102,-411.00,       0,  0.00,       0,  0.00,       0,  0.00
 103,-410.00,       0,  0.00,       0,  0.00,       0,  0.00
 104,-409.00,       0,  0.00,       0,  0.00,       0,  0.00
 105,-408.00,       0,  0.00,       0,  0.00,       0,  0.00
 106,-407.00,       0,  0.00,       0,  0.00,       0,  0.00
 107,-406.00,       0,  0.00,       0,  0.00,       0,  0.00
 108,-405.00,       0,  0.00,       0,  0.00,       0,  0.00
 109,-404.00,       0,  0.00,       0,  0.00,       0,  0.00
 110,-403.00,       0,  0.00,       0,  0.00,       0,  0.00
 111,-402.00,       0,  0.00,       0,  0.00,       0,  0.00
 112,-401.00,       0,  0.00,       0,  0.00,       0,  0.00
 113,-400.00,       0,  0.00,       0,  0.00,       0,  0.00
 114,-399.00,       0,  0.00,       0,  0.00,       0,  0.00
 115,-398.00,       0,  0.00,       0,  0.00,       0,  0.00
 116,-397.00,   83913,  2.81,   35767,  2.40,   48146,  3.23
 117,-396.00,   86913,  2.91,   35401,  2.37,   51512,  3.46
 118,-395.00,   91516,  3.07,   36216,  2.43,   55300,  3.71
 119,-394.00,   95703,  3.21,   37853,  2.54,   57850,  3.88
 120,-393.00,  100789,  3.38,   41259,  2.77,   59530,  3.99
 121,-392.00,  105619,  3.54,   45530,  3.05,   60089,  4.03
 122,-391.00,  110700,  3.71,   50874,  3.41,   59826,  4.01
 123,-390.00,  114399,  3.84,   55021,  3.69,   59378,  3.98
 124,-389.00,  115130,  3.86,   57387,  3.85,   57743,  3.87
 125,-388.00,  115809,  3.88,   59749,  4.01,   56060,  3.76
 126,-387.00,  115678,  3.88,   61782,  4.14,   53896,  3.62
 127,-386.00,  115091,  3.86,   64325,  4.31,   50766,  3.41
 128,-385.00,  114899,  3.85,   67517,  4.53,   47382,  3.18
 129,-384.00,  117459,  3.94,   71048,  4.77,   46411,  3.11
 130,-383.00,  119371,  4.00,   72543,  4.87,   46828,  3.14
 131,-382.00,  118441,  3.97,   72280,  4.85,   46161,  3.10
 132,-381.00,  114299,  3.83,   70479,  4.73,   43820,  2.94
 133,-380.00,  110788,  3.72,   70001,  4.70,   40787,  2.74
 134,-379.00,  108052,  3.62,   71214,  4.78,   36838,  2.47
 135,-378.00,  109665,  3.68,   74665,  5.01,   35000,  2.35
 136,-377.00,  111280,  3.73,   77005,  5.17,   34275,  2.30
 137,-376.00,  113727,  3.81,   79787,  5.35,   33940,  2.28
 138,-375.00,  118627,  3.98,   82448,  5.53,   36179,  2.43
 139,-374.00,  121926,  4.09,   81463,  5.46,   40463,  2.71
 140,-373.00,  123501,  4.14,   79124,  5.31,   44377,  2.98
 141,-372.00,  123174,  4.13,   77012,  5.17,   46162,  3.10
 142,-371.00,  121090,  4.06,   74458,  4.99,   46632,  3.13
 143,-370.00,  120151,  4.03,   72384,  4.86,   47767,  3.20
 144,-369.00,  120620,  4.05,   71012,  4.76,   49608,  3.33
 145,-368.00,  122311,  4.10,   70559,  4.73,   51752,  3.47
 146,-367.00,  123154,  4.13,   71737,  4.81,   51417,  3.45
 147,-366.00,  120870,  4.05,   71160,  4.77,   49710,  3.33
 148,-365.00,  120426,  4.04,   70253,  4.71,   50173,  3.37
 149,-364.00,  120184,  4.03,   68611,  4.60,   51573,  3.46
 150,-363.00,  118709,  3.98,   67256,  4.51,   51453,  3.45
 151,-362.00,  116698,  3.91,   66669,  4.47,   50029,  3.36
 152,-361.00,  114381,  3.84,   65865,  4.42,   48516,  3.25
 153,-360.00,  109332,  3.67,   63843,  4.28,   45489,  3.05
 154,-359.00,  107116,  3.59,   62430,  4.19,   44686,  3.00
 155,-358.00,  106440,  3.57,   61834,  4.15,   44606,  2.99
 156,-357.00,  103974,  3.49,   59689,  4.00,   44285,  2.97
 157,-356.00,  100376,  3.37,   57024,  3.82,   43352,  2.91
 158,-355.00,   97001,  3.25,   53129,  3.56,   43872,  2.94
 159,-354.00,   95976,  3.22,   51677,  3.47,   44299,  2.97
 160,-353.00,   93615,  3.14,   50791,  3.41,   42824,  2.87
 161,-352.00,   89257,  2.99,   49055,  3.29,   40202,  2.70
 162,-351.00,   82352,  2.76,   47387,  3.18,   34965,  2.35
 163,-350.00,   74897,  2.51,   46200,  3.10,   28697,  1.92
 164,-349.00,   68295,  2.29,   44706,  3.00,   23589,  1.58
 165,-348.00,   60969,  2.04,   41080,  2.76,   19889,  1.33
 166,-347.00,   52127,  1.75,   36304,  2.44,   15823,  1.06
 167,-346.00,   43100,  1.45,   31705,  2.13,   11395,  0.76
 168,-345.00,   32874,  1.10,   26749,  1.79,    6125,  0.41
 169,-344.00,   24046,  0.81,   23143,  1.55,     903,  0.06
 170,-343.00,   17174,  0.58,   20175,  1.35,   -3001, -0.20
 171,-342.00,   10557,  0.35,   18866,  1.27,   -8309, -0.56
 172,-341.00,    5916,  0.20,   19155,  1.28,  -13239, -0.89
 173,-340.00,    2437,  0.08,   20037,  1.34,  -17600, -1.18
 174,-339.00,   -4233, -0.14,   19818,  1.33,  -24051, -1.61
 175,-338.00,  -10161, -0.34,   18903,  1.27,  -29064, -1.95
 176,-337.00,  -13013, -0.44,   19674,  1.32,  -32687, -2.19
 177,-336.00,  -14920, -0.50,   19472,  1.31,  -34392, -2.31
 178,-335.00,  -15935, -0.53,   20572,  1.38,  -36507, -2.45
 179,-334.00,  -16142, -0.54,   23662,  1.59,  -39804, -2.67
 180,-333.00,  -15295, -0.51,   27637,  1.85,  -42932, -2.88
 181,-332.00,  -13739, -0.46,   30733,  2.06,  -44472, -2.98
 182,-331.00,  -12346, -0.41,   33447,  2.24,  -45793, -3.07
 183,-330.00,  -13039, -0.44,   33423,  2.24,  -46462, -3.12
 184,-329.00,  -13663, -0.46,   33597,  2.25,  -47260, -3.17
 185,-328.00,  -13673, -0.46,   35661,  2.39,  -49334, -3.31
 186,-327.00,  -10623, -0.36,   39537,  2.65,  -50160, -3.36
 187,-326.00,   -8464, -0.28,   41494,  2.78,  -49958, -3.35
 188,-325.00,   -9459, -0.32,   40188,  2.70,  -49647, -3.33
 189,-324.00,  -12012, -0.40,   38849,  2.61,  -50861, -3.41
 190,-323.00,  -16140, -0.54,   35846,  2.40,  -51986, -3.49
 191,-322.00,  -21087, -0.71,   31016,  2.08,  -52103, -3.49
 192,-321.00,  -24621, -0.83,   26919,  1.81,  -51540, -3.46
 193,-320.00,  -29091, -0.98,   23383,  1.57,  -52474, -3.52
 194,-319.00,  -31727, -1.06,   21775,  1.46,  -53502, -3.59
 195,-318.00,  -32115, -1.08,   19934,  1.34,  -52049, -3.49
 196,-317.00,  -32573, -1.09,   17671,  1.19,  -50244, -3.37
 197,-316.00,  -33014, -1.11,   15461,  1.04,  -48475, -3.25
 198,-315.00,  -33345, -1.12,   13317,  0.89,  -46662, -3.13
 199,-314.00,  -32823, -1.10,   11218,  0.75,  -44041, -2.95
 200,-313.00,  -34263, -1.15,    8629,  0.58,  -42892, -2.88
 201,-312.00,  -37374, -1.25,    5811,  0.39,  -43185, -2.90
 202,-311.00,  -42065, -1.41,    2108,  0.14,  -44173, -2.96
 203,-310.00,  -44798, -1.50,    -522, -0.04,  -44276, -2.97
 204,-309.00,  -46568, -1.56,   -2379, -0.16,  -44189, -2.96
 205,-308.00,  -47655, -1.60,   -3474, -0.23,  -44181, -2.96
 206,-307.00,  -46210, -1.55,   -2446, -0.16,  -43764, -2.94
 207,-306.00,  -43788, -1.47,    -857, -0.06,  -42931, -2.88
 208,-305.00,  -41679, -1.40,    1394,  0.09,  -43073, -2.89
 209,-304.00,  -43569, -1.46,    1335,  0.09,  -44904, -3.01
 210,-303.00,  -48181, -1.62,    -167, -0.01,  -48014, -3.22
 211,-302.00,  -51082, -1.71,    -155, -0.01,  -50927, -3.42
 212,-301.00,  -53567, -1.80,   -1226, -0.08,  -52341, -3.51
 213,-300.00,  -56306, -1.89,   -2138, -0.14,  -54168, -3.63
 214,-299.00,  -56555, -1.90,   -2947, -0.20,  -53608, -3.60
 215,-298.00,  -55459, -1.86,   -2039, -0.14,  -53420, -3.58
 216,-297.00,  -55646, -1.87,   -2137, -0.14,  -53509, -3.59
 217,-296.00,  -56651, -1.90,   -3019, -0.20,  -53632, -3.60
 218,-295.00,  -56043, -1.88,   -3766, -0.25,  -52277, -3.51
 219,-294.00,  -54950, -1.84,   -4970, -0.33,  -49980, -3.35
 220,-293.00,  -55551, -1.86,   -6866, -0.46,  -48685, -3.27
 221,-292.00,  -53857, -1.81,   -7672, -0.51,  -46185, -3.10
 222,-291.00,  -50102, -1.68,   -5247, -0.35,  -44855, -3.01
 223,-290.00,  -43889, -1.47,   -1604, -0.11,  -42285, -2.84
 224,-289.00,  -38470, -1.29,    -143, -0.00,  -38327, -2.57
 225,-288.00,  -34791, -1.17,   -1091, -0.07,  -33700, -2.26
 226,-287.00,  -31775, -1.07,   -2195, -0.15,  -29580, -1.98
 227,-286.00,  -26551, -0.89,   -3317, -0.22,  -23234, -1.56
 228,-285.00,  -22128, -0.74,   -4410, -0.30,  -17718, -1.19
 229,-284.00,  -16955, -0.57,   -4099, -0.27,  -12856, -0.86
 230,-283.00,  -11740, -0.39,   -3398, -0.23,   -8342, -0.56
 231,-282.00,   -7520, -0.25,   -2849, -0.19,   -4671, -0.31
 232,-281.00,   -2994, -0.10,   -2856, -0.19,    -138, -0.00
 233,-280.00,    -546, -0.02,   -4678, -0.31,    4132,  0.28
 234,-279.00,    3195,  0.11,   -5864, -0.39,    9059,  0.61
 235,-278.00,    6956,  0.23,   -7903, -0.53,   14859,  1.00
 236,-277.00,    9171,  0.31,   -9604, -0.64,   18775,  1.26
 237,-276.00,    8649,  0.29,  -12476, -0.84,   21125,  1.42
 238,-275.00,    6929,  0.23,  -15775, -1.06,   22704,  1.52
 239,-274.00,    7024,  0.24,  -17200, -1.15,   24224,  1.62
 240,-273.00,    8904,  0.30,  -17175, -1.15,   26079,  1.75
 241,-272.00,   12352,  0.41,  -17380, -1.17,   29732,  1.99
 242,-271.00,   16070,  0.54,  -15209, -1.02,   31279,  2.10
 243,-270.00,   19657,  0.66,  -12418, -0.83,   32075,  2.15
 244,-269.00,   20765,  0.70,  -10839, -0.73,   31604,  2.12
 245,-268.00,   21147,  0.71,  -10378, -0.70,   31525,  2.11
 246,-267.00,   21311,  0.71,  -10855, -0.73,   32166,  2.16
 247,-266.00,   22895,  0.77,  -10527, -0.71,   33422,  2.24
 248,-265.00,   25974,  0.87,   -7696, -0.52,   33670,  2.26
 249,-264.00,   27222,  0.91,   -4084, -0.27,   31306,  2.10
 250,-263.00,   29375,  0.99,    -216, -0.01,   29591,  1.98
 251,-262.00,   31673,  1.06,    2691,  0.18,   28982,  1.94
 252,-261.00,   30560,  1.02,    4372,  0.29,   26188,  1.76
 253,-260.00,   29982,  1.01,    5762,  0.39,   24220,  1.62
 254,-259.00,   30188,  1.01,    6834,  0.46,   23354,  1.57
 255,-258.00,   28378,  0.95,    5414,  0.36,   22964,  1.54
 256,-257.00,   28528,  0.96,    5113,  0.34,   23415,  1.57
 257,-256.00,   27706,  0.93,    4187,  0.28,   23519,  1.58
 258,-255.00,   25846,  0.87,    2463,  0.17,   23383,  1.57
 259,-254.00,   20929,  0.70,   -1028, -0.07,   21957,  1.47
 260,-253.00,   14388,  0.48,   -4148, -0.28,   18536,  1.24
 261,-252.00,   10464,  0.35,   -5311, -0.36,   15775,  1.06
 262,-251.00,    6621,  0.22,   -7361, -0.49,   13982,  0.94
 263,-250.00,    -297, -0.00,  -10770, -0.72,   10473,  0.70
 264,-249.00,   -8582, -0.29,  -15077, -1.01,    6495,  0.44
 265,-248.00,  -14750, -0.49,  -18277, -1.23,    3527,  0.24
 266,-247.00,  -20887, -0.70,  -20591, -1.38,    -296, -0.02
 267,-246.00,  -24095, -0.81,  -21260, -1.43,   -2835, -0.19
 268,-245.00,  -25111, -0.84,  -21191, -1.42,   -3920, -0.26
 269,-244.00,  -27042, -0.91,  -21764, -1.46,   -5278, -0.35
 270,-243.00,  -27727, -0.93,  -22239, -1.49,   -5488, -0.37
 271,-242.00,  -28849, -0.97,  -22762, -1.53,   -6087, -0.41
 272,-241.00,  -31731, -1.06,  -24496, -1.64,   -7235, -0.49
 273,-240.00,  -36171, -1.21,  -27427, -1.84,   -8744, -0.59
 274,-239.00,  -38186, -1.28,  -29181, -1.96,   -9005, -0.60
 275,-238.00,  -40447, -1.36,  -32597, -2.19,   -7850, -0.53
 276,-237.00,  -43057, -1.44,  -36432, -2.44,   -6625, -0.44
 277,-236.00,  -46009, -1.54,  -40508, -2.72,   -5501, -0.37
 278,-235.00,  -47204, -1.58,  -42895, -2.88,   -4309, -0.29
 279,-234.00,  -46414, -1.56,  -43515, -2.92,   -2899, -0.19
 280,-233.00,  -47237, -1.58,  -44890, -3.01,   -2347, -0.16
 281,-232.00,  -48384, -1.62,  -45225, -3.03,   -3159, -0.21
 282,-231.00,  -46369, -1.56,  -43005, -2.88,   -3364, -0.23
 283,-230.00,  -45025, -1.51,  -42332, -2.84,   -2693, -0.18
 284,-229.00,  -45352, -1.52,  -43115, -2.89,   -2237, -0.15
 285,-228.00,  -45534, -1.53,  -43061, -2.89,   -2473, -0.17
 286,-227.00,  -45348, -1.52,  -42167, -2.83,   -3181, -0.21
 287,-226.00,  -44450, -1.49,  -40883, -2.74,   -3567, -0.24
 288,-225.00,  -44797, -1.50,  -39902, -2.68,   -4895, -0.33
 289,-224.00,  -46536, -1.56,  -41050, -2.75,   -5486, -0.37
 290,-223.00,  -47437, -1.59,  -41463, -2.78,   -5974, -0.40
 291,-222.00,  -49860, -1.67,  -42709, -2.86,   -7151, -0.48
 292,-221.00,  -51324, -1.72,  -42727, -2.87,   -8597, -0.58
 293,-220.00,  -54036, -1.81,  -42691, -2.86,  -11345, -0.76
 294,-219.00,  -54976, -1.84,  -42511, -2.85,  -12465, -0.84
 295,-218.00,  -53619, -1.80,  -41593, -2.79,  -12026, -0.81
 296,-217.00,  -50479, -1.69,  -40091, -2.69,  -10388, -0.70
 297,-216.00,  -45713, -1.53,  -38091, -2.55,   -7622, -0.51
 298,-215.00,  -42252, -1.42,  -38371, -2.57,   -3881, -0.26
 299,-214.00,  -43924, -1.47,  -40695, -2.73,   -3229, -0.22
 300,-213.00,  -47509, -1.59,  -42458, -2.85,   -5051, -0.34
 301,-212.00,  -49601, -1.66,  -41579, -2.79,   -8022, -0.54
 302,-211.00,  -48710, -1.63,  -39549, -2.65,   -9161, -0.61
 303,-210.00,  -47582, -1.60,  -37795, -2.54,   -9787, -0.66
 304,-209.00,  -46934, -1.57,  -36982, -2.48,   -9952, -0.67
 305,-208.00,  -47861, -1.61,  -37172, -2.49,  -10689, -0.72
 306,-207.00,  -50128, -1.68,  -38178, -2.56,  -11950, -0.80
 307,-206.00,  -51713, -1.73,  -38129, -2.56,  -13584, -0.91
 308,-205.00,  -53347, -1.79,  -36746, -2.46,  -16601, -1.11
 309,-204.00,  -54532, -1.83,  -36119, -2.42,  -18413, -1.24
 310,-203.00,  -53655, -1.80,  -34466, -2.31,  -19189, -1.29
 311,-202.00,  -52968, -1.78,  -33518, -2.25,  -19450, -1.30
 312,-201.00,  -54695, -1.83,  -33963, -2.28,  -20732, -1.39
 313,-200.00,  -57292, -1.92,  -36278, -2.43,  -21014, -1.41
 314,-199.00,  -58734, -1.97,  -37920, -2.54,  -20814, -1.40
 315,-198.00,  -57096, -1.91,  -38930, -2.61,  -18166, -1.22
 316,-197.00,  -51619, -1.73,  -38141, -2.56,  -13478, -0.90
 317,-196.00,  -46029, -1.54,  -36181, -2.43,   -9848, -0.66
 318,-195.00,  -45737, -1.53,  -37806, -2.54,   -7931, -0.53
 319,-194.00,  -46120, -1.55,  -39471, -2.65,   -6649, -0.45
 320,-193.00,  -43227, -1.45,  -38842, -2.61,   -4385, -0.29
 321,-192.00,  -40690, -1.36,  -38641, -2.59,   -2049, -0.14
 322,-191.00,  -37801, -1.27,  -38713, -2.60,     912,  0.06
 323,-190.00,  -35214, -1.18,  -38664, -2.59,    3450,  0.23
 324,-189.00,  -32855, -1.10,  -37009, -2.48,    4154,  0.28
 325,-188.00,  -29768, -1.00,  -35030, -2.35,    5262,  0.35
 326,-187.00,  -23126, -0.78,  -31290, -2.10,    8164,  0.55
 327,-186.00,  -18838, -0.63,  -28342, -1.90,    9504,  0.64
 328,-185.00,  -16732, -0.56,  -27999, -1.88,   11267,  0.76
 329,-184.00,  -16746, -0.56,  -28486, -1.91,   11740,  0.79
 330,-183.00,  -17782, -0.60,  -29896, -2.01,   12114,  0.81
 331,-182.00,  -20459, -0.69,  -32567, -2.18,   12108,  0.81
 332,-181.00,  -23916, -0.80,  -34370, -2.31,   10454,  0.70
 333,-180.00,  -25280, -0.85,  -34496, -2.31,    9216,  0.62
 334,-179.00,  -27176, -0.91,  -36562, -2.45,    9386,  0.63
 335,-178.00,  -31370, -1.05,  -40773, -2.73,    9403,  0.63
 336,-177.00,  -35952, -1.21,  -45475, -3.05,    9523,  0.64
 337,-176.00,  -39335, -1.32,  -49263, -3.30,    9928,  0.67
 338,-175.00,  -42674, -1.43,  -51016, -3.42,    8342,  0.56
 339,-174.00,  -45551, -1.53,  -50881, -3.41,    5330,  0.36
 340,-173.00,  -48327, -1.62,  -49812, -3.34,    1485,  0.10
 341,-172.00,  -50421, -1.69,  -47150, -3.16,   -3271, -0.22
 342,-171.00,  -49811, -1.67,  -44919, -3.01,   -4892, -0.33
 343,-170.00,  -50148, -1.68,  -42994, -2.88,   -7154, -0.48
 344,-169.00,  -53448, -1.79,  -42494, -2.85,  -10954, -0.73
 345,-168.00,  -60923, -2.04,  -43669, -2.93,  -17254, -1.16
 346,-167.00,  -64401, -2.16,  -42920, -2.88,  -21481, -1.44
 347,-166.00,  -65613, -2.20,  -41906, -2.81,  -23707, -1.59
 348,-165.00,  -66865, -2.24,  -41870, -2.81,  -24995, -1.68
 349,-164.00,  -67884, -2.28,  -41114, -2.76,  -26770, -1.80
 350,-163.00,  -70526, -2.37,  -41854, -2.81,  -28672, -1.92
 351,-162.00,  -72711, -2.44,  -42296, -2.84,  -30415, -2.04
 352,-161.00,  -72254, -2.42,  -39955, -2.68,  -32299, -2.17
 353,-160.00,  -72619, -2.44,  -38810, -2.60,  -33809, -2.27
 354,-159.00,  -74851, -2.51,  -41125, -2.76,  -33726, -2.26
 355,-158.00,  -75883, -2.54,  -42981, -2.88,  -32902, -2.21
 356,-157.00,  -77233, -2.59,  -45128, -3.03,  -32105, -2.15
 357,-156.00,  -76505, -2.57,  -45659, -3.06,  -30846, -2.07
 358,-155.00,  -76717, -2.57,  -47373, -3.18,  -29344, -1.97
 359,-154.00,  -75871, -2.54,  -46579, -3.12,  -29292, -1.96
 360,-153.00,  -73967, -2.48,  -44921, -3.01,  -29046, -1.95
 361,-152.00,  -70591, -2.37,  -43514, -2.92,  -27077, -1.82
 362,-151.00,  -67993, -2.28,  -42464, -2.85,  -25529, -1.71
 363,-150.00,  -69552, -2.33,  -43657, -2.93,  -25895, -1.74
 364,-149.00,  -72450, -2.43,  -44749, -3.00,  -27701, -1.86
 365,-148.00,  -73319, -2.46,  -44436, -2.98,  -28883, -1.94
 366,-147.00,  -74856, -2.51,  -43352, -2.91,  -31504, -2.11
 367,-146.00,  -74695, -2.51,  -41685, -2.80,  -33010, -2.21
 368,-145.00,  -71406, -2.39,  -37284, -2.50,  -34122, -2.29
 369,-144.00,  -69074, -2.32,  -33257, -2.23,  -35817, -2.40
 370,-143.00,  -67175, -2.25,  -31514, -2.11,  -35661, -2.39
 371,-142.00,  -65593, -2.20,  -31320, -2.10,  -34273, -2.30
 372,-141.00,  -65467, -2.20,  -31588, -2.12,  -33879, -2.27
 373,-140.00,  -66349, -2.23,  -31572, -2.12,  -34777, -2.33
 374,-139.00,  -68117, -2.28,  -31669, -2.12,  -36448, -2.44
 375,-138.00,  -70095, -2.35,  -31530, -2.11,  -38565, -2.59
 376,-137.00,  -73861, -2.48,  -31674, -2.12,  -42187, -2.83
 377,-136.00,  -77434, -2.60,  -31927, -2.14,  -45507, -3.05
 378,-135.00,  -80814, -2.71,  -32577, -2.19,  -48237, -3.24
 379,-134.00,  -82269, -2.76,  -31896, -2.14,  -50373, -3.38
 380,-133.00,  -81396, -2.73,  -28928, -1.94,  -52468, -3.52
 381,-132.00,  -79644, -2.67,  -25664, -1.72,  -53980, -3.62
 382,-131.00,  -77902, -2.61,  -21229, -1.42,  -56673, -3.80
 383,-130.00,  -75046, -2.52,  -16952, -1.14,  -58094, -3.90
 384,-129.00,  -72420, -2.43,  -13948, -0.94,  -58472, -3.92
 385,-128.00,  -72163, -2.42,  -13681, -0.92,  -58482, -3.92
 386,-127.00,  -70869, -2.38,  -12193, -0.82,  -58676, -3.94
 387,-126.00,  -71584, -2.40,  -11151, -0.75,  -60433, -4.05
 388,-125.00,  -71182, -2.39,  -11530, -0.77,  -59652, -4.00
 389,-124.00,  -70105, -2.35,  -11299, -0.76,  -58806, -3.94
 390,-123.00,  -68327, -2.29,  -11257, -0.76,  -57070, -3.83
 391,-122.00,  -65469, -2.20,  -10133, -0.68,  -55336, -3.71
 392,-121.00,  -62364, -2.09,   -7710, -0.52,  -54654, -3.67
 393,-120.00,  -60117, -2.02,   -7120, -0.48,  -52997, -3.55
 394,-119.00,  -58191, -1.95,   -8173, -0.55,  -50018, -3.35
 395,-118.00,  -54948, -1.84,   -8567, -0.57,  -46381, -3.11
 396,-117.00,  -53859, -1.81,   -9675, -0.65,  -44184, -2.96
 397,-116.00,  -53830, -1.81,  -10986, -0.74,  -42844, -2.87
 398,-115.00,  -54792, -1.84,  -13084, -0.88,  -41708, -2.80
 399,-114.00,  -56240, -1.89,  -15639, -1.05,  -40601, -2.72
 400,-113.00,  -56174, -1.88,  -18100, -1.21,  -38074, -2.55
 401,-112.00,  -54000, -1.81,  -18851, -1.26,  -35149, -2.36
 402,-111.00,  -49554, -1.66,  -17308, -1.16,  -32246, -2.16
 403,-110.00,  -47922, -1.61,  -17573, -1.18,  -30349, -2.04
 404,-109.00,  -46821, -1.57,  -18403, -1.23,  -28418, -1.91
 405,-108.00,  -44741, -1.50,  -18478, -1.24,  -26263, -1.76
 406,-107.00,  -44342, -1.49,  -18745, -1.26,  -25597, -1.72
 407,-106.00,  -45165, -1.51,  -19524, -1.31,  -25641, -1.72
 408,-105.00,  -48585, -1.63,  -21300, -1.43,  -27285, -1.83
 409,-104.00,  -50473, -1.69,  -22341, -1.50,  -28132, -1.89
 410,-103.00,  -48727, -1.63,  -21671, -1.45,  -27056, -1.81
 411,-102.00,  -49017, -1.64,  -21486, -1.44,  -27531, -1.85
 412,-101.00,  -49020, -1.64,  -22317, -1.50,  -26703, -1.79
 413,-100.00,  -48880, -1.64,  -23230, -1.56,  -25650, -1.72
 414,-99.00,  -47844, -1.60,  -22942, -1.54,  -24902, -1.67
 415,-98.00,  -43671, -1.46,  -20371, -1.37,  -23300, -1.56
 416,-97.00,  -40535, -1.36,  -17918, -1.20,  -22617, -1.52
 417,-96.00,  -39916, -1.34,  -16269, -1.09,  -23647, -1.59
 418,-95.00,  -40304, -1.35,  -14763, -0.99,  -25541, -1.71
 419,-94.00,  -41053, -1.38,  -13840, -0.93,  -27213, -1.83
 420,-93.00,  -36563, -1.23,  -11881, -0.80,  -24682, -1.66
 421,-92.00,  -31807, -1.07,  -11723, -0.79,  -20084, -1.35
 422,-91.00,  -29616, -0.99,  -12927, -0.87,  -16689, -1.12
 423,-90.00,  -30430, -1.02,  -15316, -1.03,  -15114, -1.01
 424,-89.00,  -30157, -1.01,  -16895, -1.13,  -13262, -0.89
 425,-88.00,  -27898, -0.94,  -16768, -1.12,  -11130, -0.75
 426,-87.00,  -26446, -0.89,  -16742, -1.12,   -9704, -0.65
 427,-86.00,  -22688, -0.76,  -16053, -1.08,   -6635, -0.45
 428,-85.00,  -17132, -0.57,  -15734, -1.06,   -1398, -0.09
 429,-84.00,  -11547, -0.39,  -15263, -1.02,    3716,  0.25
 430,-83.00,   -4797, -0.16,  -12918, -0.87,    8121,  0.54
 431,-82.00,    -559, -0.02,  -11071, -0.74,   10512,  0.71
 432,-81.00,    1221,  0.04,  -10661, -0.72,   11882,  0.80
 433,-80.00,    2015,  0.07,  -10840, -0.73,   12855,  0.86
 434,-79.00,    3975,  0.13,  -10090, -0.68,   14065,  0.94
 435,-78.00,    4966,  0.17,  -10023, -0.67,   14989,  1.01
 436,-77.00,    4623,  0.16,   -9909, -0.66,   14532,  0.97
 437,-76.00,    3811,  0.13,   -9524, -0.64,   13335,  0.89
 438,-75.00,    3723,  0.12,   -9747, -0.65,   13470,  0.90
 439,-74.00,    4009,  0.13,   -9767, -0.66,   13776,  0.92
 440,-73.00,    6118,  0.21,   -7939, -0.53,   14057,  0.94
 441,-72.00,    9283,  0.31,   -5684, -0.38,   14967,  1.00
 442,-71.00,   13721,  0.46,   -1871, -0.13,   15592,  1.05
 443,-70.00,   17442,  0.58,    2636,  0.18,   14806,  0.99
 444,-69.00,   19332,  0.65,    5204,  0.35,   14128,  0.95
 445,-68.00,   17532,  0.59,    4294,  0.29,   13238,  0.89
 446,-67.00,   14697,  0.49,    1838,  0.12,   12859,  0.86
 447,-66.00,   11301,  0.38,     -16, -0.00,   11317,  0.76
 448,-65.00,    7963,  0.27,   -1371, -0.09,    9334,  0.63
 449,-64.00,    8114,  0.27,   -1877, -0.13,    9991,  0.67
 450,-63.00,    7357,  0.25,   -3836, -0.26,   11193,  0.75
 451,-62.00,    2232,  0.07,   -7348, -0.49,    9580,  0.64
 452,-61.00,   -2283, -0.08,  -10400, -0.70,    8117,  0.54
 453,-60.00,   -7293, -0.24,  -13624, -0.91,    6331,  0.42
 454,-59.00,  -10710, -0.36,  -15050, -1.01,    4340,  0.29
 455,-58.00,  -10525, -0.35,  -13387, -0.90,    2862,  0.19
 456,-57.00,  -13200, -0.44,  -14327, -0.96,    1127,  0.08
 457,-56.00,  -17668, -0.59,  -16907, -1.13,    -761, -0.05
 458,-55.00,  -21517, -0.72,  -18272, -1.23,   -3245, -0.22
 459,-54.00,  -27011, -0.91,  -20686, -1.39,   -6325, -0.42
 460,-53.00,  -33287, -1.12,  -23924, -1.60,   -9363, -0.63
 461,-52.00,  -34424, -1.15,  -25175, -1.69,   -9249, -0.62
 462,-51.00,  -37848, -1.27,  -28996, -1.94,   -8852, -0.59
 463,-50.00,  -44832, -1.50,  -33374, -2.24,  -11458, -0.77
 464,-49.00,  -51742, -1.74,  -35412, -2.38,  -16330, -1.10
 465,-48.00,  -58860, -1.97,  -36467, -2.45,  -22393, -1.50
 466,-47.00,  -64027, -2.15,  -36850, -2.47,  -27177, -1.82
 467,-46.00,  -65328, -2.19,  -37435, -2.51,  -27893, -1.87
 468,-45.00,  -64717, -2.17,  -34694, -2.33,  -30023, -2.01
 469,-44.00,  -66072, -2.22,  -31411, -2.11,  -34661, -2.32
 470,-43.00,  -67504, -2.26,  -28093, -1.88,  -39411, -2.64
 471,-42.00,  -70272, -2.36,  -25907, -1.74,  -44365, -2.98
 472,-41.00,  -72808, -2.44,  -24842, -1.67,  -47966, -3.22
 473,-40.00,  -72388, -2.43,  -23821, -1.60,  -48567, -3.26
 474,-39.00,  -70362, -2.36,  -22437, -1.50,  -47925, -3.21
 475,-38.00,  -68976, -2.31,  -21025, -1.41,  -47951, -3.22
 476,-37.00,  -68366, -2.29,  -19137, -1.28,  -49229, -3.30
 477,-36.00,  -67140, -2.25,  -16108, -1.08,  -51032, -3.42
 478,-35.00,  -64884, -2.18,  -13124, -0.88,  -51760, -3.47
 479,-34.00,  -61260, -2.05,   -8708, -0.58,  -52552, -3.52
 480,-33.00,  -57004, -1.91,   -5125, -0.34,  -51879, -3.48
 481,-32.00,  -51941, -1.74,   -2269, -0.15,  -49672, -3.33
 482,-31.00,  -46156, -1.55,     441,  0.03,  -46597, -3.13
 483,-30.00,  -40641, -1.36,    2303,  0.15,  -42944, -2.88
 484,-29.00,  -37332, -1.25,    2865,  0.19,  -40197, -2.70
 485,-28.00,  -36309, -1.22,    3556,  0.24,  -39865, -2.67
 486,-27.00,  -31897, -1.07,    6146,  0.41,  -38043, -2.55
 487,-26.00,  -24438, -0.82,    9925,  0.67,  -34363, -2.30
 488,-25.00,  -16241, -0.54,   13723,  0.92,  -29964, -2.01
 489,-24.00,   -6119, -0.21,   17524,  1.18,  -23643, -1.59
 490,-23.00,    -480, -0.02,   18468,  1.24,  -18948, -1.27
 491,-22.00,    2027,  0.07,   18026,  1.21,  -15999, -1.07
 492,-21.00,    2044,  0.07,   17143,  1.15,  -15099, -1.01
 493,-20.00,    1713,  0.06,   16445,  1.10,  -14732, -0.99
 494,-19.00,    1421,  0.05,   15878,  1.06,  -14457, -0.97
 495,-18.00,    3911,  0.13,   17296,  1.16,  -13385, -0.90
 496,-17.00,    6182,  0.21,   17994,  1.21,  -11812, -0.79
 497,-16.00,    6174,  0.21,   18485,  1.24,  -12311, -0.83
 498,-15.00,    5465,  0.18,   17316,  1.16,  -11851, -0.79
 499,-14.00,    5733,  0.19,   16894,  1.13,  -11161, -0.75
 500,-13.00,    8474,  0.28,   16124,  1.08,   -7650, -0.51
 501,-12.00,    8519,  0.29,   13182,  0.88,   -4663, -0.31
 502,-11.00,    7680,  0.26,   10737,  0.72,   -3057, -0.21
 503,-10.00,    8517,  0.29,   11752,  0.79,   -3235, -0.22
 504,-9.00,    8507,  0.29,   12219,  0.82,   -3712, -0.25
 505,-8.00,   10040,  0.34,   12445,  0.83,   -2405, -0.16
 506,-7.00,    8941,  0.30,   11382,  0.76,   -2441, -0.16
 507,-6.00,    5128,  0.17,    9992,  0.67,   -4864, -0.33
 508,-5.00,    3135,  0.11,    9849,  0.66,   -6714, -0.45
 509,-4.00,    2808,  0.09,    9699,  0.65,   -6891, -0.46
 510,-3.00,    3661,  0.12,    8860,  0.59,   -5199, -0.35
 511,-2.00,    5832,  0.20,    8553,  0.57,   -2721, -0.18
 512,-1.00,    7586,  0.25,    8297,  0.56,    -711, -0.05
 513,0.00,    6866,  0.23,    6998,  0.47,    -132, -0.00
 514,1.00,    5825,  0.20,    5060,  0.34,     765,  0.05
 515,2.00,    5827,  0.20,    4441,  0.30,    1386,  0.09
 516,3.00,    3885,  0.13,    1974,  0.13,    1911,  0.13
 517,4.00,    1277,  0.04,    -422, -0.03,    1699,  0.11
 518,5.00,     -81, -0.00,   -2500, -0.17,    2419,  0.16
 519,6.00,   -1863, -0.06,   -5529, -0.37,    3666,  0.25
 520,7.00,   -3402, -0.11,   -9153, -0.61,    5751,  0.39
 521,8.00,   -1672, -0.06,  -10473, -0.70,    8801,  0.59
 522,9.00,    -266, -0.00,  -10664, -0.72,   10398,  0.70
 523,10.00,   -1021, -0.03,  -12313, -0.83,   11292,  0.76
 524,11.00,   -3407, -0.11,  -15103, -1.01,   11696,  0.78
 525,12.00,   -5012, -0.17,  -18188, -1.22,   13176,  0.88
 526,13.00,   -3266, -0.11,  -18153, -1.22,   14887,  1.00
 527,14.00,   -2597, -0.09,  -18107, -1.21,   15510,  1.04
 528,15.00,   -2322, -0.08,  -18689, -1.25,   16367,  1.10
 529,16.00,   -1181, -0.04,  -18901, -1.27,   17720,  1.19
 530,17.00,     340,  0.01,  -19608, -1.32,   19948,  1.34
 531,18.00,    -434, -0.01,  -21398, -1.44,   20964,  1.41
 532,19.00,    -405, -0.01,  -21537, -1.44,   21132,  1.42
 533,20.00,   -2502, -0.08,  -22411, -1.50,   19909,  1.34
 534,21.00,   -4607, -0.15,  -24901, -1.67,   20294,  1.36
 535,22.00,   -8222, -0.28,  -28279, -1.90,   20057,  1.35
 536,23.00,  -12099, -0.41,  -31385, -2.11,   19286,  1.29
 537,24.00,  -15945, -0.53,  -33575, -2.25,   17630,  1.18
 538,25.00,  -20206, -0.68,  -34692, -2.33,   14486,  0.97
 539,26.00,  -23809, -0.80,  -35950, -2.41,   12141,  0.81
 540,27.00,  -27014, -0.91,  -37670, -2.53,   10656,  0.71
 541,28.00,  -31501, -1.06,  -40011, -2.68,    8510,  0.57
 542,29.00,  -36205, -1.21,  -41982, -2.82,    5777,  0.39
 543,30.00,  -38270, -1.28,  -42216, -2.83,    3946,  0.26
 544,31.00,  -41787, -1.40,  -43100, -2.89,    1313,  0.09
 545,32.00,  -46614, -1.56,  -44845, -3.01,   -1769, -0.12
 546,33.00,  -50421, -1.69,  -46709, -3.13,   -3712, -0.25
 547,34.00,  -52027, -1.74,  -46510, -3.12,   -5517, -0.37
 548,35.00,  -52253, -1.75,  -44890, -3.01,   -7363, -0.49
 549,36.00,  -50949, -1.71,  -42114, -2.82,   -8835, -0.59
 550,37.00,  -47855, -1.60,  -37556, -2.52,  -10299, -0.69
 551,38.00,  -43625, -1.46,  -31249, -2.10,  -12376, -0.83
 552,39.00,  -38405, -1.29,  -24366, -1.63,  -14039, -0.94
 553,40.00,  -32821, -1.10,  -17797, -1.19,  -15024, -1.01
 554,41.00,  -28902, -0.97,  -14547, -0.98,  -14355, -0.96
 555,42.00,  -26859, -0.90,  -12647, -0.85,  -14212, -0.95
 556,43.00,  -24156, -0.81,   -9672, -0.65,  -14484, -0.97
 557,44.00,  -19676, -0.66,   -4727, -0.32,  -14949, -1.00
 558,45.00,  -14315, -0.48,    1654,  0.11,  -15969, -1.07
 559,46.00,   -8593, -0.29,    7640,  0.51,  -16233, -1.09
 560,47.00,   -4605, -0.15,   12332,  0.83,  -16937, -1.14
 561,48.00,   -3633, -0.12,   14440,  0.97,  -18073, -1.21
 562,49.00,   -1614, -0.05,   16685,  1.12,  -18299, -1.23
 563,50.00,    2308,  0.08,   20747,  1.39,  -18439, -1.24
 564,51.00,    8281,  0.28,   27263,  1.83,  -18982, -1.27
 565,52.00,   13560,  0.45,   33845,  2.27,  -20285, -1.36
 566,53.00,   15462,  0.52,   38259,  2.57,  -22797, -1.53
 567,54.00,   13047,  0.44,   39024,  2.62,  -25977, -1.74
 568,55.00,    9803,  0.33,   37720,  2.53,  -27917, -1.87
 569,56.00,    5873,  0.20,   35319,  2.37,  -29446, -1.98
 570,57.00,    4313,  0.14,   33885,  2.27,  -29572, -1.98
 571,58.00,    3665,  0.12,   33595,  2.25,  -29930, -2.01
 572,59.00,    2341,  0.08,   32864,  2.20,  -30523, -2.05
 573,60.00,    1284,  0.04,   31740,  2.13,  -30456, -2.04
 574,61.00,    1967,  0.07,   32373,  2.17,  -30406, -2.04
 575,62.00,    2034,  0.07,   33095,  2.22,  -31061, -2.08
 576,63.00,    2819,  0.09,   33418,  2.24,  -30599, -2.05
 577,64.00,    2928,  0.10,   32553,  2.18,  -29625, -1.99
 578,65.00,    2559,  0.09,   31019,  2.08,  -28460, -1.91
 579,66.00,    1567,  0.05,   29079,  1.95,  -27512, -1.85
 580,67.00,    1389,  0.05,   27610,  1.85,  -26221, -1.76
 581,68.00,    3055,  0.10,   27707,  1.86,  -24652, -1.65
 582,69.00,    4338,  0.15,   27756,  1.86,  -23418, -1.57
 583,70.00,    4164,  0.14,   27661,  1.86,  -23497, -1.58
 584,71.00,    3005,  0.10,   27174,  1.82,  -24169, -1.62
 585,72.00,     284,  0.00,   26110,  1.75,  -25826, -1.73
 586,73.00,   -3804, -0.13,   24689,  1.66,  -28493, -1.91
 587,74.00,   -8168, -0.27,   22089,  1.48,  -30257, -2.03
 588,75.00,  -10413, -0.35,   20550,  1.38,  -30963, -2.08
 589,76.00,  -11679, -0.39,   19254,  1.29,  -30933, -2.07
 590,77.00,  -15397, -0.52,   16670,  1.12,  -32067, -2.15
 591,78.00,  -17440, -0.58,   16817,  1.13,  -34257, -2.30
 592,79.00,  -19593, -0.66,   17761,  1.19,  -37354, -2.51
 593,80.00,  -21395, -0.72,   17941,  1.20,  -39336, -2.64
 594,81.00,  -23155, -0.78,   18043,  1.21,  -41198, -2.76
 595,82.00,  -25190, -0.84,   17007,  1.14,  -42197, -2.83
 596,83.00,  -26877, -0.90,   14900,  1.00,  -41777, -2.80
 597,84.00,  -28118, -0.94,   13088,  0.88,  -41206, -2.76
 598,85.00,  -27911, -0.94,   12051,  0.81,  -39962, -2.68
 599,86.00,  -28074, -0.94,   10863,  0.73,  -38937, -2.61
 600,87.00,  -28544, -0.96,    9034,  0.61,  -37578, -2.52
 601,88.00,  -26517, -0.89,    7790,  0.52,  -34307, -2.30
 602,89.00,  -23559, -0.79,    7219,  0.48,  -30778, -2.06
 603,90.00,  -21079, -0.71,    7106,  0.48,  -28185, -1.89
 604,91.00,  -18833, -0.63,    7214,  0.48,  -26047, -1.75
 605,92.00,  -15381, -0.52,    8489,  0.57,  -23870, -1.60
 606,93.00,  -12411, -0.42,   10124,  0.68,  -22535, -1.51
 607,94.00,  -12671, -0.42,    9862,  0.66,  -22533, -1.51
 608,95.00,  -10822, -0.36,    9593,  0.64,  -20415, -1.37
 609,96.00,  -10835, -0.36,    7616,  0.51,  -18451, -1.24
 610,97.00,  -13139, -0.44,    3946,  0.26,  -17085, -1.15
 611,98.00,  -16471, -0.55,     109,  0.00,  -16580, -1.11
 612,99.00,  -20866, -0.70,   -3754, -0.25,  -17112, -1.15
 613,100.00,  -25094, -0.84,   -6041, -0.41,  -19053, -1.28
 614,101.00,  -26576, -0.89,   -5955, -0.40,  -20621, -1.38
 615,102.00,  -29561, -0.99,   -5361, -0.36,  -24200, -1.62
 616,103.00,  -32629, -1.09,   -5021, -0.34,  -27608, -1.85
 617,104.00,  -36346, -1.22,   -4329, -0.29,  -32017, -2.15
 618,105.00,  -39440, -1.32,   -2908, -0.20,  -36532, -2.45
 619,106.00,  -43664, -1.46,   -1560, -0.10,  -42104, -2.82
 620,107.00,  -51573, -1.73,   -4055, -0.27,  -47518, -3.19
 621,108.00,  -61650, -2.07,   -8907, -0.60,  -52743, -3.54
 622,109.00,  -71821, -2.41,  -14268, -0.96,  -57553, -3.86
 623,110.00,  -80829, -2.71,  -19411, -1.30,  -61418, -4.12
 624,111.00,  -88230, -2.96,  -21456, -1.44,  -66774, -4.48
 625,112.00,  -96865, -3.25,  -24151, -1.62,  -72714, -4.88
 626,113.00, -105133, -3.53,  -29296, -1.96,  -75837, -5.09
 627,114.00, -116006, -3.89,  -36711, -2.46,  -79295, -5.32
 628,115.00, -124408, -4.17,  -42044, -2.82,  -82364, -5.52
 629,116.00, -131735, -4.42,  -47579, -3.19,  -84156, -5.64
 630,117.00, -137937, -4.63,  -51711, -3.47,  -86226, -5.78
 631,118.00, -143570, -4.81,  -55073, -3.69,  -88497, -5.94
 632,119.00, -152704, -5.12,  -58673, -3.94,  -94031, -6.31
 633,120.00, -162323, -5.44,  -63697, -4.27,  -98626, -6.62
 634,121.00, -167699, -5.62,  -67168, -4.51, -100531, -6.74
 635,122.00, -172939, -5.80,  -72191, -4.84, -100748, -6.76
 636,123.00, -174915, -5.87,  -77351, -5.19,  -97564, -6.54
 637,124.00, -173769, -5.83,  -79969, -5.36,  -93800, -6.29
 638,125.00, -173014, -5.80,  -81868, -5.49,  -91146, -6.11
 639,126.00, -174079, -5.84,  -83341, -5.59,  -90738, -6.09
 640,127.00, -177227, -5.94,  -84891, -5.69,  -92336, -6.19
 641,128.00, -180460, -6.05,  -86152, -5.78,  -94308, -6.33
 642,129.00, -182801, -6.13,  -87226, -5.85,  -95575, -6.41
 643,130.00, -185939, -6.24,  -89432, -6.00,  -96507, -6.47
 644,131.00, -188285, -6.31,  -92748, -6.22,  -95537, -6.41
 645,132.00, -186055, -6.24,  -93299, -6.26,  -92756, -6.22
 646,133.00, -179915, -6.03,  -91470, -6.14,  -88445, -5.93
 647,134.00, -173595, -5.82,  -90102, -6.04,  -83493, -5.60
 648,135.00, -169445, -5.68,  -89420, -6.00,  -80025, -5.37
 649,136.00, -167959, -5.63,  -89734, -6.02,  -78225, -5.25
 650,137.00, -165027, -5.53,  -88782, -5.95,  -76245, -5.11
 651,138.00, -160896, -5.40,  -87304, -5.86,  -73592, -4.94
 652,139.00, -158738, -5.32,  -87777, -5.89,  -70961, -4.76
 653,140.00, -159064, -5.33,  -88296, -5.92,  -70768, -4.75
 654,141.00, -159383, -5.35,  -87937, -5.90,  -71446, -4.79
 655,142.00, -156785, -5.26,  -85748, -5.75,  -71037, -4.76
 656,143.00, -151592, -5.08,  -81680, -5.48,  -69912, -4.69
 657,144.00, -146661, -4.92,  -77531, -5.20,  -69130, -4.64
 658,145.00, -141857, -4.76,  -73049, -4.90,  -68808, -4.62
 659,146.00, -139279, -4.67,  -71176, -4.77,  -68103, -4.57
 660,147.00, -138360, -4.64,  -70568, -4.73,  -67792, -4.55
 661,148.00, -138362, -4.64,  -70995, -4.76,  -67367, -4.52
 662,149.00, -138966, -4.66,  -70911, -4.76,  -68055, -4.56
 663,150.00, -139362, -4.67,  -71601, -4.80,  -67761, -4.54
 664,151.00, -138414, -4.64,  -72292, -4.85,  -66122, -4.44
 665,152.00, -137167, -4.60,  -71935, -4.82,  -65232, -4.38
 666,153.00, -135343, -4.54,  -70939, -4.76,  -64404, -4.32
 667,154.00, -132275, -4.44,  -68233, -4.58,  -64042, -4.30
 668,155.00, -129898, -4.36,  -66073, -4.43,  -63825, -4.28
 669,156.00, -129125, -4.33,  -64260, -4.31,  -64865, -4.35
 670,157.00, -133281, -4.47,  -65533, -4.40,  -67748, -4.54
 671,158.00, -137138, -4.60,  -67397, -4.52,  -69741, -4.68
 672,159.00, -138444, -4.64,  -67047, -4.50,  -71397, -4.79
 673,160.00, -136921, -4.59,  -65382, -4.39,  -71539, -4.80
 674,161.00, -134448, -4.51,  -63783, -4.28,  -70665, -4.74
 675,162.00, -133040, -4.46,  -62157, -4.17,  -70883, -4.75
 676,163.00, -131919, -4.42,  -61038, -4.09,  -70881, -4.75
 677,164.00, -134703, -4.52,  -61629, -4.13,  -73074, -4.90
 678,165.00, -139576, -4.68,  -64086, -4.30,  -75490, -5.06
 679,166.00, -142449, -4.78,  -66258, -4.44,  -76191, -5.11
 680,167.00, -144869, -4.86,  -68229, -4.58,  -76640, -5.14
 681,168.00, -146446, -4.91,  -68764, -4.61,  -77682, -5.21
 682,169.00, -146388, -4.91,  -67920, -4.56,  -78468, -5.26
 683,170.00, -146422, -4.91,  -67254, -4.51,  -79168, -5.31
 684,171.00, -147289, -4.94,  -68175, -4.57,  -79114, -5.31
 685,172.00, -149266, -5.01,  -71044, -4.77,  -78222, -5.25
 686,173.00, -146735, -4.92,  -72904, -4.89,  -73831, -4.95
 687,174.00, -143758, -4.82,  -73905, -4.96,  -69853, -4.69
 688,175.00, -141005, -4.73,  -75620, -5.07,  -65385, -4.39
 689,176.00, -139330, -4.67,  -77340, -5.19,  -61990, -4.16
 690,177.00, -138373, -4.64,  -79324, -5.32,  -59049, -3.96
 691,178.00, -137683, -4.62,  -81537, -5.47,  -56146, -3.77
 692,179.00, -138916, -4.66,  -84375, -5.66,  -54541, -3.66
 693,180.00, -136687, -4.58,  -84902, -5.69,  -51785, -3.47
 694,181.00, -133535, -4.48,  -83302, -5.59,  -50233, -3.37
 695,182.00, -132319, -4.44,  -83007, -5.57,  -49312, -3.31
 696,183.00, -129514, -4.34,  -83614, -5.61,  -45900, -3.08
 697,184.00, -127729, -4.28,  -86034, -5.77,  -41695, -2.80
 698,185.00, -126153, -4.23,  -88273, -5.92,  -37880, -2.54
 699,186.00, -127822, -4.29,  -91030, -6.11,  -36792, -2.47
 700,187.00, -130112, -4.36,  -94943, -6.37,  -35169, -2.36
 701,188.00, -131380, -4.41,  -98437, -6.60,  -32943, -2.21
 702,189.00, -131791, -4.42,  -99850, -6.70,  -31941, -2.14
 703,190.00, -132757, -4.45, -101684, -6.82,  -31073, -2.08
 704,191.00, -133234, -4.47, -105558, -7.08,  -27676, -1.86
 705,192.00, -131043, -4.39, -107122, -7.19,  -23921, -1.60
 706,193.00, -129323, -4.34, -108224, -7.26,  -21099, -1.42
 707,194.00, -128281, -4.30, -109713, -7.36,  -18568, -1.25
 708,195.00, -126341, -4.24, -109829, -7.37,  -16512, -1.11
 709,196.00, -123376, -4.14, -110064, -7.38,  -13312, -0.89
 710,197.00, -120249, -4.03, -110224, -7.39,  -10025, -0.67
 711,198.00, -118559, -3.98, -111829, -7.50,   -6730, -0.45
 712,199.00, -115096, -3.86, -111809, -7.50,   -3287, -0.22
 713,200.00, -110436, -3.70, -108040, -7.25,   -2396, -0.16
 714,201.00, -106126, -3.56, -105719, -7.09,    -407, -0.03
 715,202.00, -103031, -3.46, -104171, -6.99,    1140,  0.08
 716,203.00, -103210, -3.46, -104411, -7.00,    1201,  0.08
 717,204.00, -103878, -3.48, -104133, -6.98,     255,  0.02
 718,205.00, -103085, -3.46, -102747, -6.89,    -338, -0.02
 719,206.00, -103754, -3.48, -101891, -6.83,   -1863, -0.12
 720,207.00, -104114, -3.49, -101350, -6.80,   -2764, -0.19
 721,208.00, -102525, -3.44,  -99670, -6.69,   -2855, -0.19
 722,209.00, -103186, -3.46,  -98611, -6.61,   -4575, -0.31
 723,210.00, -104319, -3.50,  -97272, -6.52,   -7047, -0.47
 724,211.00, -105445, -3.54,  -95596, -6.41,   -9849, -0.66
 725,212.00, -106220, -3.56,  -93317, -6.26,  -12903, -0.87
 726,213.00, -106278, -3.56,  -90944, -6.10,  -15334, -1.03
 727,214.00, -104207, -3.49,  -88214, -5.92,  -15993, -1.07
 728,215.00, -100192, -3.36,  -84502, -5.67,  -15690, -1.05
 729,216.00,  -98839, -3.31,  -81570, -5.47,  -17269, -1.16
 730,217.00,  -99336, -3.33,  -79173, -5.31,  -20163, -1.35
 731,218.00,  -98578, -3.31,  -74817, -5.02,  -23761, -1.59
 732,219.00,  -97496, -3.27,  -71421, -4.79,  -26075, -1.75
 733,220.00,  -95177, -3.19,  -69720, -4.68,  -25457, -1.71
 734,221.00,  -93162, -3.12,  -68465, -4.59,  -24697, -1.66
 735,222.00,  -88529, -2.97,  -66827, -4.48,  -21702, -1.46
 736,223.00,  -82924, -2.78,  -65375, -4.38,  -17549, -1.18
 737,224.00,  -77370, -2.59,  -62893, -4.22,  -14477, -0.97
 738,225.00,  -72803, -2.44,  -60155, -4.03,  -12648, -0.85
 739,226.00,  -71239, -2.39,  -58684, -3.94,  -12555, -0.84
 740,227.00,  -69120, -2.32,  -56855, -3.81,  -12265, -0.82
 741,228.00,  -65520, -2.20,  -54252, -3.64,  -11268, -0.76
 742,229.00,  -62752, -2.10,  -52347, -3.51,  -10405, -0.70
 743,230.00,  -59971, -2.01,  -50567, -3.39,   -9404, -0.63
 744,231.00,  -57696, -1.93,  -48365, -3.24,   -9331, -0.63
 745,232.00,  -57293, -1.92,  -47112, -3.16,  -10181, -0.68
 746,233.00,  -54535, -1.83,  -44487, -2.98,  -10048, -0.67
 747,234.00,  -49970, -1.68,  -41242, -2.77,   -8728, -0.59
 748,235.00,  -48087, -1.61,  -38862, -2.61,   -9225, -0.62
 749,236.00,  -44710, -1.50,  -36523, -2.45,   -8187, -0.55
 750,237.00,  -42495, -1.43,  -35360, -2.37,   -7135, -0.48
 751,238.00,  -41473, -1.39,  -34295, -2.30,   -7178, -0.48
 752,239.00,  -40118, -1.35,  -31933, -2.14,   -8185, -0.55
 753,240.00,  -38985, -1.31,  -28221, -1.89,  -10764, -0.72
 754,241.00,  -38288, -1.28,  -24816, -1.66,  -13472, -0.90
 755,242.00,  -39885, -1.34,  -21959, -1.47,  -17926, -1.20
 756,243.00,  -40824, -1.37,  -18995, -1.27,  -21829, -1.46
 757,244.00,  -40606, -1.36,  -16019, -1.07,  -24587, -1.65
 758,245.00,  -38334, -1.29,  -13610, -0.91,  -24724, -1.66
 759,246.00,  -32947, -1.10,   -9727, -0.65,  -23220, -1.56
 760,247.00,  -28050, -0.94,   -6623, -0.44,  -21427, -1.44
 761,248.00,  -22760, -0.76,   -3211, -0.22,  -19549, -1.31
 762,249.00,  -16389, -0.55,      -4, -0.00,  -16385, -1.10
 763,250.00,   -9568, -0.32,    3719,  0.25,  -13287, -0.89
 764,251.00,   -1766, -0.06,    8943,  0.60,  -10709, -0.72
 765,252.00,    4143,  0.14,   13263,  0.89,   -9120, -0.61
 766,253.00,    9205,  0.31,   16905,  1.13,   -7700, -0.52
 767,254.00,   11380,  0.38,   19668,  1.32,   -8288, -0.56
 768,255.00,   15193,  0.51,   23656,  1.59,   -8463, -0.57
 769,256.00,   20484,  0.69,   28038,  1.88,   -7554, -0.51
 770,257.00,   25585,  0.86,   30926,  2.07,   -5341, -0.36
 771,258.00,   31085,  1.04,   32303,  2.17,   -1218, -0.08
 772,259.00,   36335,  1.22,   33829,  2.27,    2506,  0.17
 773,260.00,   39604,  1.33,   34502,  2.31,    5102,  0.34
 774,261.00,   40996,  1.37,   35218,  2.36,    5778,  0.39
 775,262.00,   41110,  1.38,   35419,  2.38,    5691,  0.38
 776,263.00,   39817,  1.34,   33850,  2.27,    5967,  0.40
 777,264.00,   37564,  1.26,   32577,  2.19,    4987,  0.33
 778,265.00,   34345,  1.15,   31666,  2.12,    2679,  0.18
 779,266.00,   31755,  1.06,   31525,  2.11,     230,  0.02
 780,267.00,   30720,  1.03,   31700,  2.13,    -980, -0.07
 781,268.00,   27832,  0.93,   31354,  2.10,   -3522, -0.24
 782,269.00,   25596,  0.86,   30924,  2.07,   -5328, -0.36
 783,270.00,   25790,  0.86,   31851,  2.14,   -6061, -0.41
 784,271.00,   27840,  0.93,   34653,  2.32,   -6813, -0.46
 785,272.00,   31387,  1.05,   38467,  2.58,   -7080, -0.47
 786,273.00,   35790,  1.20,   41753,  2.80,   -5963, -0.40
 787,274.00,   39446,  1.32,   42844,  2.87,   -3398, -0.23
 788,275.00,   43005,  1.44,   43634,  2.93,    -629, -0.04
 789,276.00,   45146,  1.51,   44040,  2.95,    1106,  0.07
 790,277.00,   45397,  1.52,   44312,  2.97,    1085,  0.07
 791,278.00,   47436,  1.59,   44441,  2.98,    2995,  0.20
 792,279.00,   50143,  1.68,   43803,  2.94,    6340,  0.43
 793,280.00,   51968,  1.74,   43456,  2.91,    8512,  0.57
 794,281.00,   53740,  1.80,   43455,  2.91,   10285,  0.69
 795,282.00,   54971,  1.84,   42938,  2.88,   12033,  0.81
 796,283.00,   56459,  1.89,   41871,  2.81,   14588,  0.98
 797,284.00,   57436,  1.93,   41454,  2.78,   15982,  1.07
 798,285.00,   58374,  1.96,   41141,  2.76,   17233,  1.16
 799,286.00,   57896,  1.94,   41106,  2.76,   16790,  1.13
 800,287.00,   56771,  1.90,   42095,  2.82,   14676,  0.98
 801,288.00,   55307,  1.85,   41546,  2.79,   13761,  0.92
 802,289.00,   54628,  1.83,   41274,  2.77,   13354,  0.90
 803,290.00,   55147,  1.85,   42130,  2.83,   13017,  0.87
 804,291.00,   55799,  1.87,   42823,  2.87,   12976,  0.87
 805,292.00,   54801,  1.84,   43107,  2.89,   11694,  0.78
 806,293.00,   52964,  1.78,   43636,  2.93,    9328,  0.63
 807,294.00,   51891,  1.74,   45284,  3.04,    6607,  0.44
 808,295.00,   50746,  1.70,   47265,  3.17,    3481,  0.23
 809,296.00,   49084,  1.65,   49472,  3.32,    -388, -0.03
 810,297.00,   45140,  1.51,   48652,  3.26,   -3512, -0.24
 811,298.00,   41701,  1.40,   46415,  3.11,   -4714, -0.32
 812,299.00,   38950,  1.31,   42925,  2.88,   -3975, -0.27
 813,300.00,   39316,  1.32,   40101,  2.69,    -785, -0.05
 814,301.00,   41008,  1.38,   38166,  2.56,    2842,  0.19
 815,302.00,   41277,  1.38,   35182,  2.36,    6095,  0.41
 816,303.00,   42192,  1.41,   32203,  2.16,    9989,  0.67
 817,304.00,   40006,  1.34,   29188,  1.96,   10818,  0.73
 818,305.00,   37183,  1.25,   25869,  1.74,   11314,  0.76
 819,306.00,   35473,  1.19,   23471,  1.57,   12002,  0.81
 820,307.00,   34644,  1.16,   20653,  1.39,   13991,  0.94
 821,308.00,   34506,  1.16,   18223,  1.22,   16283,  1.09
 822,309.00,   32590,  1.09,   16628,  1.12,   15962,  1.07
 823,310.00,   27932,  0.94,   12436,  0.83,   15496,  1.04
 824,311.00,   24486,  0.82,    8363,  0.56,   16123,  1.08
 825,312.00,   22214,  0.74,    6276,  0.42,   15938,  1.07
 826,313.00,   20930,  0.70,    5477,  0.37,   15453,  1.04
 827,314.00,   20038,  0.67,    4336,  0.29,   15702,  1.05
 828,315.00,   19205,  0.64,    2414,  0.16,   16791,  1.13
 829,316.00,   17756,  0.60,      -9, -0.00,   17765,  1.19
 830,317.00,   16532,  0.55,    -855, -0.06,   17387,  1.17
 831,318.00,   15367,  0.52,   -1966, -0.13,   17333,  1.16
 832,319.00,   13702,  0.46,   -2487, -0.17,   16189,  1.09
 833,320.00,   12483,  0.42,   -1420, -0.10,   13903,  0.93
 834,321.00,   13133,  0.44,    1764,  0.12,   11369,  0.76
 835,322.00,   13421,  0.45,    4465,  0.30,    8956,  0.60
 836,323.00,   13375,  0.45,    5428,  0.36,    7947,  0.53
 837,324.00,   13438,  0.45,    5745,  0.39,    7693,  0.52
 838,325.00,   14460,  0.48,    6719,  0.45,    7741,  0.52
 839,326.00,   14192,  0.48,    7354,  0.49,    6838,  0.46
 840,327.00,   14916,  0.50,    6565,  0.44,    8351,  0.56
 841,328.00,   15426,  0.52,    5248,  0.35,   10178,  0.68
 842,329.00,   16110,  0.54,    5025,  0.34,   11085,  0.74
 843,330.00,   18592,  0.62,    6946,  0.47,   11646,  0.78
 844,331.00,   22038,  0.74,   10416,  0.70,   11622,  0.78
 845,332.00,   22993,  0.77,   13229,  0.89,    9764,  0.65
 846,333.00,   22861,  0.77,   14541,  0.98,    8320,  0.56
 847,334.00,   20674,  0.69,   14414,  0.97,    6260,  0.42
 848,335.00,   22889,  0.77,   14924,  1.00,    7965,  0.53
 849,336.00,   26221,  0.88,   16078,  1.08,   10143,  0.68
 850,337.00,   30126,  1.01,   18061,  1.21,   12065,  0.81
 851,338.00,   32288,  1.08,   19891,  1.33,   12397,  0.83
 852,339.00,   34904,  1.17,   21767,  1.46,   13137,  0.88
 853,340.00,   37248,  1.25,   22926,  1.54,   14322,  0.96
 854,341.00,   37936,  1.27,   23039,  1.55,   14897,  1.00
 855,342.00,   38191,  1.28,   22951,  1.54,   15240,  1.02
 856,343.00,   39831,  1.34,   24293,  1.63,   15538,  1.04
 857,344.00,   41700,  1.40,   26464,  1.78,   15236,  1.02
 858,345.00,   44938,  1.51,   27966,  1.88,   16972,  1.14
 859,346.00,   47092,  1.58,   28110,  1.89,   18982,  1.27
 860,347.00,   48477,  1.63,   27583,  1.85,   20894,  1.40
 861,348.00,   46915,  1.57,   27221,  1.83,   19694,  1.32
 862,349.00,   45043,  1.51,   28320,  1.90,   16723,  1.12
 863,350.00,   46662,  1.56,   30224,  2.03,   16438,  1.10
 864,351.00,   48022,  1.61,   31992,  2.15,   16030,  1.08
 865,352.00,   48597,  1.63,   33752,  2.26,   14845,  1.00
 866,353.00,   49221,  1.65,   34419,  2.31,   14802,  0.99
 867,354.00,   53342,  1.79,   36072,  2.42,   17270,  1.16
 868,355.00,   59537,  2.00,   39760,  2.67,   19777,  1.33
 869,356.00,   61388,  2.06,   41718,  2.80,   19670,  1.32
 870,357.00,   60765,  2.04,   42775,  2.87,   17990,  1.21
 871,358.00,   58763,  1.97,   43067,  2.89,   15696,  1.05
 872,359.00,   55643,  1.87,   43637,  2.93,   12006,  0.81
 873,360.00,   51631,  1.73,   43005,  2.88,    8626,  0.58
 874,361.00,   50701,  1.70,   43128,  2.89,    7573,  0.51
 875,362.00,   50793,  1.70,   43514,  2.92,    7279,  0.49
 876,363.00,   49700,  1.67,   43247,  2.90,    6453,  0.43
 877,364.00,   49949,  1.68,   42793,  2.87,    7156,  0.48
 878,365.00,   49354,  1.66,   42198,  2.83,    7156,  0.48
 879,366.00,   45435,  1.52,   40924,  2.74,    4511,  0.30
 880,367.00,   40879,  1.37,   39885,  2.68,     994,  0.07
 881,368.00,   37044,  1.24,   39540,  2.65,   -2496, -0.17
 882,369.00,   34626,  1.16,   39668,  2.66,   -5042, -0.34
 883,370.00,   32151,  1.08,   38645,  2.59,   -6494, -0.44
 884,371.00,   30354,  1.02,   37156,  2.49,   -6802, -0.46
 885,372.00,   27944,  0.94,   34604,  2.32,   -6660, -0.45
 886,373.00,   26792,  0.90,   33028,  2.22,   -6236, -0.42
 887,374.00,   24931,  0.84,   32207,  2.16,   -7276, -0.49
 888,375.00,   25871,  0.87,   32168,  2.16,   -6297, -0.42
 889,376.00,   31229,  1.05,   32568,  2.18,   -1339, -0.09
 890,377.00,   37582,  1.26,   33063,  2.22,    4519,  0.30
 891,378.00,   40526,  1.36,   34462,  2.31,    6064,  0.41
 892,379.00,   40493,  1.36,   35481,  2.38,    5012,  0.34
 893,380.00,   40009,  1.34,   36624,  2.46,    3385,  0.23
 894,381.00,   41275,  1.38,   37619,  2.52,    3656,  0.25
 895,382.00,   46303,  1.55,   37708,  2.53,    8595,  0.58
 896,383.00,   53615,  1.80,   37816,  2.54,   15799,  1.06
 897,384.00,   62652,  2.10,   40440,  2.71,   22212,  1.49
 898,385.00,   71190,  2.39,   42719,  2.87,   28471,  1.91
 899,386.00,   79397,  2.66,   44237,  2.97,   35160,  2.36
 900,387.00,   87172,  2.92,   46329,  3.11,   40843,  2.74
 901,388.00,   92403,  3.10,   47540,  3.19,   44863,  3.01
 902,389.00,   95281,  3.20,   49485,  3.32,   45796,  3.07
 903,390.00,  100085,  3.36,   52337,  3.51,   47748,  3.20
 904,391.00,  104602,  3.51,   54902,  3.68,   49700,  3.33
 905,392.00,  108883,  3.65,   56024,  3.76,   52859,  3.55
 906,393.00,  113136,  3.79,   57293,  3.84,   55843,  3.75
 907,394.00,  117294,  3.93,   58620,  3.93,   58674,  3.94
 908,395.00,  120481,  4.04,   59158,  3.97,   61323,  4.11
 909,396.00,  124664,  4.18,   59417,  3.99,   65247,  4.38
 910,397.00,  128874,  4.32,   61683,  4.14,   67191,  4.51
 911,398.00,  131590,  4.41,   63852,  4.28,   67738,  4.54
 912,399.00,  132496,  4.44,   66133,  4.44,   66363,  4.45
 913,400.00,  130285,  4.37,   65705,  4.41,   64580,  4.33
 914,401.00,  128147,  4.30,   64085,  4.30,   64062,  4.30
 915,402.00,  127372,  4.27,   62473,  4.19,   64899,  4.35
 916,403.00,  123169,  4.13,   59583,  4.00,   63586,  4.26
 917,404.00,  118522,  3.97,   56186,  3.77,   62336,  4.18
 918,405.00,  112299,  3.77,   52301,  3.51,   59998,  4.02
 919,406.00,  108921,  3.65,   49888,  3.35,   59033,  3.96
 920,407.00,  106946,  3.59,   47261,  3.17,   59685,  4.00
 921,408.00,  106884,  3.58,   45701,  3.07,   61183,  4.10
 922,409.00,  105562,  3.54,   44347,  2.97,   61215,  4.11
 923,410.00,  103340,  3.47,   43499,  2.92,   59841,  4.01
 924,411.00,   99785,  3.35,   42828,  2.87,   56957,  3.82
 925,412.00,   95197,  3.19,   40484,  2.72,   54713,  3.67
 926,413.00,   92233,  3.09,   39330,  2.64,   52903,  3.55
 927,414.00,   89288,  2.99,   38099,  2.56,   51189,  3.43
 928,415.00,   88020,  2.95,   38927,  2.61,   49093,  3.29
 929,416.00,   85799,  2.88,   39139,  2.63,   46660,  3.13
 930,417.00,   85173,  2.86,   40174,  2.69,   44999,  3.02
 931,418.00,   87018,  2.92,   41560,  2.79,   45458,  3.05
 932,419.00,   85371,  2.86,   40813,  2.74,   44558,  2.99
 933,420.00,   83586,  2.80,   40917,  2.74,   42669,  2.86
 934,421.00,   80931,  2.71,   40590,  2.72,   40341,  2.71
 935,422.00,   78439,  2.63,   40367,  2.71,   38072,  2.55
 936,423.00,   74828,  2.51,   39573,  2.65,   35255,  2.36
 937,424.00,   71080,  2.38,   39624,  2.66,   31456,  2.11
 938,425.00,   65454,  2.20,   39225,  2.63,   26229,  1.76
 939,426.00,   62487,  2.10,   39171,  2.63,   23316,  1.56
 940,427.00,   61189,  2.05,   40685,  2.73,   20504,  1.38
 941,428.00,   62543,  2.10,   42181,  2.83,   20362,  1.37
 942,429.00,   62001,  2.08,   41349,  2.77,   20652,  1.39
 943,430.00,   59786,  2.01,   40398,  2.71,   19388,  1.30
 944,431.00,   59919,  2.01,   40187,  2.70,   19732,  1.32
 945,432.00,   62586,  2.10,   42299,  2.84,   20287,  1.36
 946,433.00,   63297,  2.12,   44192,  2.96,   19105,  1.28
 947,434.00,   61905,  2.08,   44560,  2.99,   17345,  1.16
 948,435.00,   61276,  2.06,   44162,  2.96,   17114,  1.15
 949,436.00,   61095,  2.05,   44668,  3.00,   16427,  1.10
 950,437.00,   62858,  2.11,   44434,  2.98,   18424,  1.24
 951,438.00,   64438,  2.16,   44128,  2.96,   20310,  1.36
 952,439.00,   66096,  2.22,   44113,  2.96,   21983,  1.47
 953,440.00,   66025,  2.21,   43457,  2.91,   22568,  1.51
 954,441.00,   65700,  2.20,   43785,  2.94,   21915,  1.47
 955,442.00,   63177,  2.12,   42643,  2.86,   20534,  1.38
 956,443.00,   64560,  2.17,   43573,  2.92,   20987,  1.41
 957,444.00,   66353,  2.23,   43640,  2.93,   22713,  1.52
 958,445.00,   66198,  2.22,   40708,  2.73,   25490,  1.71
 959,446.00,   62744,  2.10,   37002,  2.48,   25742,  1.73
 960,447.00,   59361,  1.99,   34467,  2.31,   24894,  1.67
 961,448.00,   56614,  1.90,   33647,  2.26,   22967,  1.54
 962,449.00,   54450,  1.83,   32356,  2.17,   22094,  1.48
 963,450.00,   50488,  1.69,   28812,  1.93,   21676,  1.45
 964,451.00,   48763,  1.64,   25731,  1.73,   23032,  1.54
 965,452.00,   46478,  1.56,   23325,  1.56,   23153,  1.55
 966,453.00,   42352,  1.42,   21864,  1.47,   20488,  1.37
 967,454.00,   40153,  1.35,   21198,  1.42,   18955,  1.27
 968,455.00,   40137,  1.35,   22696,  1.52,   17441,  1.17
 969,456.00,   37838,  1.27,   23041,  1.55,   14797,  0.99
 970,457.00,   36738,  1.23,   23226,  1.56,   13512,  0.91
 971,458.00,   35031,  1.17,   23998,  1.61,   11033,  0.74
 972,459.00,   31504,  1.06,   23134,  1.55,    8370,  0.56
 973,460.00,   27023,  0.91,   21256,  1.43,    5767,  0.39
 974,461.00,   20485,  0.69,   17222,  1.16,    3263,  0.22
 975,462.00,   13743,  0.46,   13851,  0.93,    -108, -0.00
 976,463.00,   10742,  0.36,   12170,  0.82,   -1428, -0.10
 977,464.00,   10933,  0.37,   11858,  0.80,    -925, -0.06
 978,465.00,   11822,  0.40,   13054,  0.88,   -1232, -0.08
 979,466.00,   13259,  0.44,   13293,  0.89,     -34, -0.00
 980,467.00,   14352,  0.48,   13958,  0.94,     394,  0.03
 981,468.00,   14497,  0.49,   14458,  0.97,      39,  0.00
 982,469.00,   14756,  0.49,   15260,  1.02,    -504, -0.03
 983,470.00,   15705,  0.53,   15843,  1.06,    -138, -0.00
 984,471.00,   18960,  0.64,   17970,  1.21,     990,  0.07
 985,472.00,   23692,  0.79,   20483,  1.37,    3209,  0.22
 986,473.00,   27714,  0.93,   23203,  1.56,    4511,  0.30
 987,474.00,   33127,  1.11,   25871,  1.74,    7256,  0.49
 988,475.00,   37523,  1.26,   26336,  1.77,   11187,  0.75
 989,476.00,   40876,  1.37,   25514,  1.71,   15362,  1.03
 990,477.00,   44356,  1.49,   26256,  1.76,   18100,  1.21
 991,478.00,   46022,  1.54,   26507,  1.78,   19515,  1.31
 992,479.00,   47822,  1.60,   27359,  1.84,   20463,  1.37
 993,480.00,   49750,  1.67,   28354,  1.90,   21396,  1.44
 994,481.00,   50510,  1.69,   28074,  1.88,   22436,  1.50
 995,482.00,   53295,  1.79,   27639,  1.85,   25656,  1.72
 996,483.00,   57680,  1.93,   28696,  1.92,   28984,  1.94
 997,484.00,   59634,  2.00,   30098,  2.02,   29536,  1.98
 998,485.00,   60722,  2.04,   30238,  2.03,   30484,  2.04
 999,486.00,   62152,  2.08,   29353,  1.97,   32799,  2.20
1000,487.00,   60562,  2.03,   27006,  1.81,   33556,  2.25
1001,488.00,   58351,  1.96,   22867,  1.53,   35484,  2.38
1002,489.00,   56138,  1.88,   20604,  1.38,   35534,  2.38
1003,490.00,   55081,  1.85,   19044,  1.28,   36037,  2.42
1004,491.00,   54027,  1.81,   17212,  1.15,   36815,  2.47
1005,492.00,   53256,  1.79,   15941,  1.07,   37315,  2.50
1006,493.00,   50875,  1.71,   15160,  1.02,   35715,  2.40
1007,494.00,   47075,  1.58,   13448,  0.90,   33627,  2.26
1008,495.00,   44812,  1.50,   11354,  0.76,   33458,  2.24
1009,496.00,   42813,  1.44,    9840,  0.66,   32973,  2.21
1010,497.00,   41331,  1.39,    9327,  0.63,   32004,  2.15
1011,498.00,   35996,  1.21,    8191,  0.55,   27805,  1.86
1012,499.00,   29125,  0.98,    5724,  0.38,   23401,  1.57
1013,500.00,   21572,  0.72,    2466,  0.17,   19106,  1.28
1014,501.00,   17090,  0.57,     848,  0.06,   16242,  1.09
1015,502.00,   13296,  0.45,     -46, -0.00,   13342,  0.89
1016,503.00,   11051,  0.37,   -1634, -0.11,   12685,  0.85
1017,504.00,   10655,  0.36,   -2323, -0.16,   12978,  0.87
1018,505.00,   11759,  0.39,   -1225, -0.08,   12984,  0.87
1019,506.00,   13631,  0.46,     924,  0.06,   12707,  0.85
1020,507.00,   16279,  0.55,    3906,  0.26,   12373,  0.83
1021,508.00,   18663,  0.63,    6905,  0.46,   11758,  0.79
1022,509.00,   21795,  0.73,    9665,  0.65,   12130,  0.81
1023,510.00,   21539,  0.72,   12013,  0.81,    9526,  0.64
1024,511.00,   19597,  0.66,   13010,  0.87,    6587,  0.44
