-----------------------------------------------------------------------------------
Identifier:,IHS5922-20183101
File Name:,MPRP70A.2
Ear:,R
Channel:,1
Intensity:,70 dB HL
Stim. Rate:,  1.10/s
Stim. Mode:,0
Sweeps:,61
Artifacts:,0
Smp. Period:,1000.00 us
Amp. Gain:, 50.00 K
Low Pass:, 30.00 Hz
High Pass:,  1.00 Hz
Notch Filter:,TRUE
Stimulus:,100
Stim. Freq.:,1000 Hz
Stim. Dur.:,2000 pnts
Masking:,0 dB SPL
Stim. Point:,513
-----------------------------------------------------------------------------------
Peak Information:,Label,Peak(+),Peak(+)(ms),Peak(-),Peak(-)(ms)
,21, 798,285.00, 903,390.00,
-----------------------------------------------------------------------------------


Data Pnt:,Data Pnt(ms):,Average:,Average(uV):,Buffer1:,Buffer1(uV):,Buffer2:,Buffer2(uV):
   1,-512.00,       0,  0.00,       0,  0.00,       0,  0.00
   2,-511.00,       0,  0.00,       0,  0.00,       0,  0.00
   3,-510.00,       0,  0.00,       0,  0.00,       0,  0.00
   4,-509.00,       0,  0.00,       0,  0.00,       0,  0.00
   5,-508.00,       0,  0.00,       0,  0.00,       0,  0.00
   6,-507.00,       0,  0.00,       0,  0.00,       0,  0.00
   7,-506.00,       0,  0.00,       0,  0.00,       0,  0.00
   8,-505.00,       0,  0.00,       0,  0.00,       0,  0.00
   9,-504.00,       0,  0.00,       0,  0.00,       0,  0.00
  10,-503.00,       0,  0.00,       0,  0.00,       0,  0.00
  11,-502.00,       0,  0.00,       0,  0.00,       0,  0.00
  12,-501.00,       0,  0.00,       0,  0.00,       0,  0.00
  13,-500.00,       0,  0.00,       0,  0.00,       0,  0.00
  14,-499.00,       0,  0.00,       0,  0.00,       0,  0.00
  15,-498.00,       0,  0.00,       0,  0.00,       0,  0.00
  16,-497.00,       0,  0.00,       0,  0.00,       0,  0.00
  17,-496.00,       0,  0.00,       0,  0.00,       0,  0.00
  18,-495.00,       0,  0.00,       0,  0.00,       0,  0.00
  19,-494.00,       0,  0.00,       0,  0.00,       0,  0.00
  20,-493.00,       0,  0.00,       0,  0.00,       0,  0.00
  21,-492.00,       0,  0.00,       0,  0.00,       0,  0.00
  22,-491.00,       0,  0.00,       0,  0.00,       0,  0.00
  23,-490.00,       0,  0.00,       0,  0.00,       0,  0.00
  24,-489.00,       0,  0.00,       0,  0.00,       0,  0.00
  25,-488.00,       0,  0.00,       0,  0.00,       0,  0.00
  26,-487.00,       0,  0.00,       0,  0.00,       0,  0.00
  27,-486.00,       0,  0.00,       0,  0.00,       0,  0.00
  28,-485.00,       0,  0.00,       0,  0.00,       0,  0.00
  29,-484.00,       0,  0.00,       0,  0.00,       0,  0.00
  30,-483.00,       0,  0.00,       0,  0.00,       0,  0.00
  31,-482.00,       0,  0.00,       0,  0.00,       0,  0.00
  32,-481.00,       0,  0.00,       0,  0.00,       0,  0.00
  33,-480.00,       0,  0.00,       0,  0.00,       0,  0.00
  34,-479.00,       0,  0.00,       0,  0.00,       0,  0.00
  35,-478.00,       0,  0.00,       0,  0.00,       0,  0.00
  36,-477.00,       0,  0.00,       0,  0.00,       0,  0.00
  37,-476.00,       0,  0.00,       0,  0.00,       0,  0.00
  38,-475.00,       0,  0.00,       0,  0.00,       0,  0.00
  39,-474.00,       0,  0.00,       0,  0.00,       0,  0.00
  40,-473.00,       0,  0.00,       0,  0.00,       0,  0.00
  41,-472.00,       0,  0.00,       0,  0.00,       0,  0.00
  42,-471.00,       0,  0.00,       0,  0.00,       0,  0.00
  43,-470.00,       0,  0.00,       0,  0.00,       0,  0.00
  44,-469.00,       0,  0.00,       0,  0.00,       0,  0.00
  45,-468.00,       0,  0.00,       0,  0.00,       0,  0.00
  46,-467.00,       0,  0.00,       0,  0.00,       0,  0.00
  47,-466.00,       0,  0.00,       0,  0.00,       0,  0.00
  48,-465.00,       0,  0.00,       0,  0.00,       0,  0.00
  49,-464.00,       0,  0.00,       0,  0.00,       0,  0.00
  50,-463.00,       0,  0.00,       0,  0.00,       0,  0.00
  51,-462.00,       0,  0.00,       0,  0.00,       0,  0.00
  52,-461.00,       0,  0.00,       0,  0.00,       0,  0.00
  53,-460.00,       0,  0.00,       0,  0.00,       0,  0.00
  54,-459.00,       0,  0.00,       0,  0.00,       0,  0.00
  55,-458.00,       0,  0.00,       0,  0.00,       0,  0.00
  56,-457.00,       0,  0.00,       0,  0.00,       0,  0.00
  57,-456.00,       0,  0.00,       0,  0.00,       0,  0.00
  58,-455.00,       0,  0.00,       0,  0.00,       0,  0.00
  59,-454.00,       0,  0.00,       0,  0.00,       0,  0.00
  60,-453.00,       0,  0.00,       0,  0.00,       0,  0.00
  61,-452.00,       0,  0.00,       0,  0.00,       0,  0.00
  62,-451.00,       0,  0.00,       0,  0.00,       0,  0.00
  63,-450.00,       0,  0.00,       0,  0.00,       0,  0.00
  64,-449.00,       0,  0.00,       0,  0.00,       0,  0.00
  65,-448.00,       0,  0.00,       0,  0.00,       0,  0.00
  66,-447.00,       0,  0.00,       0,  0.00,       0,  0.00
  67,-446.00,       0,  0.00,       0,  0.00,       0,  0.00
  68,-445.00,       0,  0.00,       0,  0.00,       0,  0.00
  69,-444.00,       0,  0.00,       0,  0.00,       0,  0.00
  70,-443.00,       0,  0.00,       0,  0.00,       0,  0.00
  71,-442.00,       0,  0.00,       0,  0.00,       0,  0.00
  72,-441.00,       0,  0.00,       0,  0.00,       0,  0.00
  73,-440.00,       0,  0.00,       0,  0.00,       0,  0.00
  74,-439.00,       0,  0.00,       0,  0.00,       0,  0.00
  75,-438.00,       0,  0.00,       0,  0.00,       0,  0.00
  76,-437.00,       0,  0.00,       0,  0.00,       0,  0.00
  77,-436.00,       0,  0.00,       0,  0.00,       0,  0.00
  78,-435.00,       0,  0.00,       0,  0.00,       0,  0.00
  79,-434.00,       0,  0.00,       0,  0.00,       0,  0.00
  80,-433.00,       0,  0.00,       0,  0.00,       0,  0.00
  81,-432.00,       0,  0.00,       0,  0.00,       0,  0.00
  82,-431.00,       0,  0.00,       0,  0.00,       0,  0.00
  83,-430.00,       0,  0.00,       0,  0.00,       0,  0.00
  84,-429.00,       0,  0.00,       0,  0.00,       0,  0.00
  85,-428.00,       0,  0.00,       0,  0.00,       0,  0.00
  86,-427.00,       0,  0.00,       0,  0.00,       0,  0.00
  87,-426.00,       0,  0.00,       0,  0.00,       0,  0.00
  88,-425.00,       0,  0.00,       0,  0.00,       0,  0.00
  89,-424.00,       0,  0.00,       0,  0.00,       0,  0.00
  90,-423.00,       0,  0.00,       0,  0.00,       0,  0.00
  91,-422.00,       0,  0.00,       0,  0.00,       0,  0.00
  92,-421.00,       0,  0.00,       0,  0.00,       0,  0.00
  93,-420.00,       0,  0.00,       0,  0.00,       0,  0.00
  94,-419.00,       0,  0.00,       0,  0.00,       0,  0.00
  95,-418.00,       0,  0.00,       0,  0.00,       0,  0.00
  96,-417.00,       0,  0.00,       0,  0.00,       0,  0.00
  97,-416.00,       0,  0.00,       0,  0.00,       0,  0.00
  98,-415.00,       0,  0.00,       0,  0.00,       0,  0.00
  99,-414.00,       0,  0.00,       0,  0.00,       0,  0.00
 100,-413.00,       0,  0.00,       0,  0.00,       0,  0.00
 101,-412.00,       0,  0.00,       0,  0.00,       0,  0.00
 102,-411.00,       0,  0.00,       0,  0.00,       0,  0.00
 103,-410.00,       0,  0.00,       0,  0.00,       0,  0.00
 104,-409.00,       0,  0.00,       0,  0.00,       0,  0.00
 105,-408.00,       0,  0.00,       0,  0.00,       0,  0.00
 106,-407.00,       0,  0.00,       0,  0.00,       0,  0.00
 107,-406.00,       0,  0.00,       0,  0.00,       0,  0.00
 108,-405.00,       0,  0.00,       0,  0.00,       0,  0.00
 109,-404.00,       0,  0.00,       0,  0.00,       0,  0.00
 110,-403.00,       0,  0.00,       0,  0.00,       0,  0.00
 111,-402.00,       0,  0.00,       0,  0.00,       0,  0.00
 112,-401.00,       0,  0.00,       0,  0.00,       0,  0.00
 113,-400.00,       0,  0.00,       0,  0.00,       0,  0.00
 114,-399.00,       0,  0.00,       0,  0.00,       0,  0.00
 115,-398.00,       0,  0.00,       0,  0.00,       0,  0.00
 116,-397.00,    4911,  0.49,   -2474, -0.50,    7385,  1.50
 117,-396.00,    5188,  0.52,   -2293, -0.47,    7481,  1.52
 118,-395.00,    5798,  0.58,   -1941, -0.39,    7739,  1.57
 119,-394.00,    6421,  0.64,   -1446, -0.29,    7867,  1.60
 120,-393.00,    7000,  0.70,    -653, -0.13,    7653,  1.56
 121,-392.00,    6853,  0.69,    -214, -0.04,    7067,  1.44
 122,-391.00,    6459,  0.65,     174,  0.04,    6285,  1.28
 123,-390.00,    5951,  0.60,     473,  0.10,    5478,  1.11
 124,-389.00,    5437,  0.54,     795,  0.16,    4642,  0.94
 125,-388.00,    4170,  0.42,     646,  0.13,    3524,  0.72
 126,-387.00,    3610,  0.36,    1107,  0.23,    2503,  0.51
 127,-386.00,    2784,  0.28,    1340,  0.27,    1444,  0.29
 128,-385.00,    1613,  0.16,    1145,  0.23,     468,  0.10
 129,-384.00,     393,  0.04,    1256,  0.26,    -863, -0.18
 130,-383.00,   -1145, -0.11,    1152,  0.23,   -2297, -0.47
 131,-382.00,   -2244, -0.22,    1246,  0.25,   -3490, -0.71
 132,-381.00,   -2742, -0.27,    1759,  0.36,   -4501, -0.92
 133,-380.00,   -3589, -0.36,    1770,  0.36,   -5359, -1.09
 134,-379.00,   -4769, -0.48,    1188,  0.24,   -5957, -1.21
 135,-378.00,   -6361, -0.64,     181,  0.04,   -6542, -1.33
 136,-377.00,   -7471, -0.75,    -334, -0.07,   -7137, -1.45
 137,-376.00,   -8535, -0.85,    -647, -0.13,   -7888, -1.60
 138,-375.00,   -9154, -0.92,    -461, -0.09,   -8693, -1.77
 139,-374.00,  -10027, -1.00,    -589, -0.12,   -9438, -1.92
 140,-373.00,  -10424, -1.04,    -653, -0.13,   -9771, -1.99
 141,-372.00,  -10788, -1.08,    -855, -0.17,   -9933, -2.02
 142,-371.00,  -10652, -1.07,    -920, -0.19,   -9732, -1.98
 143,-370.00,  -10850, -1.09,   -1064, -0.22,   -9786, -1.99
 144,-369.00,  -11017, -1.10,    -765, -0.16,  -10252, -2.09
 145,-368.00,  -10368, -1.04,    -151, -0.03,  -10217, -2.08
 146,-367.00,   -9746, -0.98,     338,  0.07,  -10084, -2.05
 147,-366.00,   -9974, -1.00,     399,  0.08,  -10373, -2.11
 148,-365.00,  -10458, -1.05,     522,  0.11,  -10980, -2.23
 149,-364.00,  -10337, -1.03,    1011,  0.21,  -11348, -2.31
 150,-363.00,  -10147, -1.02,    1224,  0.25,  -11371, -2.31
 151,-362.00,  -10094, -1.01,    1450,  0.30,  -11544, -2.35
 152,-361.00,   -9955, -1.00,    1843,  0.37,  -11798, -2.40
 153,-360.00,   -9456, -0.95,    2563,  0.52,  -12019, -2.45
 154,-359.00,   -9263, -0.93,    3125,  0.64,  -12388, -2.52
 155,-358.00,   -8864, -0.89,    4065,  0.83,  -12929, -2.63
 156,-357.00,   -9335, -0.93,    4608,  0.94,  -13943, -2.84
 157,-356.00,  -10231, -1.02,    4597,  0.94,  -14828, -3.02
 158,-355.00,  -10825, -1.08,    4505,  0.92,  -15330, -3.12
 159,-354.00,  -11337, -1.13,    4484,  0.91,  -15821, -3.22
 160,-353.00,  -11381, -1.14,    4741,  0.96,  -16122, -3.28
 161,-352.00,  -11217, -1.12,    5431,  1.10,  -16648, -3.39
 162,-351.00,  -10790, -1.08,    6439,  1.31,  -17229, -3.51
 163,-350.00,  -10881, -1.09,    6928,  1.41,  -17809, -3.62
 164,-349.00,  -10765, -1.08,    7407,  1.51,  -18172, -3.70
 165,-348.00,  -10399, -1.04,    7908,  1.61,  -18307, -3.72
 166,-347.00,  -10016, -1.00,    8339,  1.70,  -18355, -3.73
 167,-346.00,   -9522, -0.95,    8837,  1.80,  -18359, -3.74
 168,-345.00,   -9238, -0.92,    9300,  1.89,  -18538, -3.77
 169,-344.00,   -8689, -0.87,    9907,  2.02,  -18596, -3.78
 170,-343.00,   -8342, -0.83,   10437,  2.12,  -18779, -3.82
 171,-342.00,   -8795, -0.88,   10285,  2.09,  -19080, -3.88
 172,-341.00,   -9652, -0.97,    9955,  2.03,  -19607, -3.99
 173,-340.00,   -9860, -0.99,    9751,  1.98,  -19611, -3.99
 174,-339.00,   -9669, -0.97,    9858,  2.01,  -19527, -3.97
 175,-338.00,   -9582, -0.96,   10238,  2.08,  -19820, -4.03
 176,-337.00,  -10366, -1.04,   10293,  2.09,  -20659, -4.20
 177,-336.00,  -10773, -1.08,   10446,  2.13,  -21219, -4.32
 178,-335.00,  -11497, -1.15,   10452,  2.13,  -21949, -4.47
 179,-334.00,  -11590, -1.16,   10709,  2.18,  -22299, -4.54
 180,-333.00,  -11578, -1.16,   10959,  2.23,  -22537, -4.59
 181,-332.00,  -11332, -1.13,   11108,  2.26,  -22440, -4.57
 182,-331.00,  -11786, -1.18,   11067,  2.25,  -22853, -4.65
 183,-330.00,  -12645, -1.27,   10755,  2.19,  -23400, -4.76
 184,-329.00,  -12686, -1.27,   11053,  2.25,  -23739, -4.83
 185,-328.00,  -12568, -1.26,   11446,  2.33,  -24014, -4.89
 186,-327.00,  -12852, -1.29,   11657,  2.37,  -24509, -4.99
 187,-326.00,  -13275, -1.33,   11984,  2.44,  -25259, -5.14
 188,-325.00,  -13452, -1.35,   12330,  2.51,  -25782, -5.25
 189,-324.00,  -13870, -1.39,   12480,  2.54,  -26350, -5.36
 190,-323.00,  -13814, -1.38,   12861,  2.62,  -26675, -5.43
 191,-322.00,  -13855, -1.39,   13401,  2.73,  -27256, -5.55
 192,-321.00,  -14354, -1.44,   13278,  2.70,  -27632, -5.62
 193,-320.00,  -14634, -1.46,   13345,  2.72,  -27979, -5.69
 194,-319.00,  -14559, -1.46,   13518,  2.75,  -28077, -5.71
 195,-318.00,  -14801, -1.48,   13640,  2.78,  -28441, -5.79
 196,-317.00,  -14912, -1.49,   13795,  2.81,  -28707, -5.84
 197,-316.00,  -15246, -1.53,   13695,  2.79,  -28941, -5.89
 198,-315.00,  -16346, -1.64,   13305,  2.71,  -29651, -6.03
 199,-314.00,  -17036, -1.70,   13108,  2.67,  -30144, -6.13
 200,-313.00,  -17004, -1.70,   13237,  2.69,  -30241, -6.15
 201,-312.00,  -17179, -1.72,   12899,  2.62,  -30078, -6.12
 202,-311.00,  -17068, -1.71,   12583,  2.56,  -29651, -6.03
 203,-310.00,  -17291, -1.73,   12215,  2.49,  -29506, -6.00
 204,-309.00,  -17926, -1.79,   11885,  2.42,  -29811, -6.07
 205,-308.00,  -18516, -1.85,   11465,  2.33,  -29981, -6.10
 206,-307.00,  -18201, -1.82,   11637,  2.37,  -29838, -6.07
 207,-306.00,  -18015, -1.80,   11549,  2.35,  -29564, -6.01
 208,-305.00,  -18224, -1.82,   11143,  2.27,  -29367, -5.97
 209,-304.00,  -18046, -1.81,   11160,  2.27,  -29206, -5.94
 210,-303.00,  -17370, -1.74,   11717,  2.38,  -29087, -5.92
 211,-302.00,  -17036, -1.70,   11894,  2.42,  -28930, -5.89
 212,-301.00,  -17075, -1.71,   12021,  2.45,  -29096, -5.92
 213,-300.00,  -17024, -1.70,   11791,  2.40,  -28815, -5.86
 214,-299.00,  -17118, -1.71,   11440,  2.33,  -28558, -5.81
 215,-298.00,  -16295, -1.63,   11206,  2.28,  -27501, -5.60
 216,-297.00,  -16291, -1.63,   10663,  2.17,  -26954, -5.48
 217,-296.00,  -16229, -1.62,   10225,  2.08,  -26454, -5.38
 218,-295.00,  -15968, -1.60,   10015,  2.04,  -25983, -5.29
 219,-294.00,  -14964, -1.50,   10178,  2.07,  -25142, -5.12
 220,-293.00,  -14230, -1.42,   10011,  2.04,  -24241, -4.93
 221,-292.00,  -13405, -1.34,    9880,  2.01,  -23285, -4.74
 222,-291.00,  -12788, -1.28,    9758,  1.99,  -22546, -4.59
 223,-290.00,  -11854, -1.19,    9766,  1.99,  -21620, -4.40
 224,-289.00,  -11385, -1.14,    9666,  1.97,  -21051, -4.28
 225,-288.00,  -11138, -1.11,    9463,  1.93,  -20601, -4.19
 226,-287.00,  -10894, -1.09,    9102,  1.85,  -19996, -4.07
 227,-286.00,  -10907, -1.09,    8161,  1.66,  -19068, -3.88
 228,-285.00,  -10765, -1.08,    7162,  1.46,  -17927, -3.65
 229,-284.00,  -10080, -1.01,    6788,  1.38,  -16868, -3.43
 230,-283.00,   -8800, -0.88,    6786,  1.38,  -15586, -3.17
 231,-282.00,   -7898, -0.79,    6810,  1.39,  -14708, -2.99
 232,-281.00,   -6698, -0.67,    6904,  1.40,  -13602, -2.77
 233,-280.00,   -5978, -0.60,    6208,  1.26,  -12186, -2.48
 234,-279.00,   -5532, -0.55,    5731,  1.17,  -11263, -2.29
 235,-278.00,   -5546, -0.55,    5053,  1.03,  -10599, -2.16
 236,-277.00,   -5173, -0.52,    4595,  0.93,   -9768, -1.99
 237,-276.00,   -4595, -0.46,    4437,  0.90,   -9032, -1.84
 238,-275.00,   -4089, -0.41,    4121,  0.84,   -8210, -1.67
 239,-274.00,   -3789, -0.38,    3758,  0.76,   -7547, -1.54
 240,-273.00,   -3124, -0.31,    3519,  0.72,   -6643, -1.35
 241,-272.00,   -2372, -0.24,    3476,  0.71,   -5848, -1.19
 242,-271.00,   -1437, -0.14,    3177,  0.65,   -4614, -0.94
 243,-270.00,    -528, -0.05,    2940,  0.60,   -3468, -0.71
 244,-269.00,    -167, -0.02,    2683,  0.55,   -2850, -0.58
 245,-268.00,    -327, -0.03,    1979,  0.40,   -2306, -0.47
 246,-267.00,     -56, -0.00,    1795,  0.37,   -1851, -0.38
 247,-266.00,     387,  0.04,    1588,  0.32,   -1201, -0.24
 248,-265.00,     575,  0.06,    1378,  0.28,    -803, -0.16
 249,-264.00,     796,  0.08,    1205,  0.25,    -409, -0.08
 250,-263.00,    1498,  0.15,    1266,  0.26,     232,  0.05
 251,-262.00,    2181,  0.22,    1248,  0.25,     933,  0.19
 252,-261.00,    2662,  0.27,     924,  0.19,    1738,  0.35
 253,-260.00,    3485,  0.35,     650,  0.13,    2835,  0.58
 254,-259.00,    4400,  0.44,     686,  0.14,    3714,  0.76
 255,-258.00,    4889,  0.49,     508,  0.10,    4381,  0.89
 256,-257.00,    4690,  0.47,     488,  0.10,    4202,  0.85
 257,-256.00,    4862,  0.49,     642,  0.13,    4220,  0.86
 258,-255.00,    5345,  0.53,     792,  0.16,    4553,  0.93
 259,-254.00,    5913,  0.59,     950,  0.19,    4963,  1.01
 260,-253.00,    6572,  0.66,    1258,  0.26,    5314,  1.08
 261,-252.00,    6217,  0.62,    1367,  0.28,    4850,  0.99
 262,-251.00,    5716,  0.57,    1504,  0.31,    4212,  0.86
 263,-250.00,    5998,  0.60,    1759,  0.36,    4239,  0.86
 264,-249.00,    7360,  0.74,    2381,  0.48,    4979,  1.01
 265,-248.00,    7669,  0.77,    2599,  0.53,    5070,  1.03
 266,-247.00,    7709,  0.77,    2715,  0.55,    4994,  1.02
 267,-246.00,    7909,  0.79,    2900,  0.59,    5009,  1.02
 268,-245.00,    8599,  0.86,    2927,  0.60,    5672,  1.15
 269,-244.00,    8623,  0.86,    2688,  0.55,    5935,  1.21
 270,-243.00,    8189,  0.82,    1938,  0.39,    6251,  1.27
 271,-242.00,    7328,  0.73,    1220,  0.25,    6108,  1.24
 272,-241.00,    6833,  0.68,     712,  0.14,    6121,  1.25
 273,-240.00,    6829,  0.68,     558,  0.11,    6271,  1.28
 274,-239.00,    5998,  0.60,     -55, -0.01,    6053,  1.23
 275,-238.00,    4555,  0.46,    -852, -0.17,    5407,  1.10
 276,-237.00,    3540,  0.35,   -1453, -0.30,    4993,  1.02
 277,-236.00,    3048,  0.30,   -1800, -0.37,    4848,  0.99
 278,-235.00,    2178,  0.22,   -2383, -0.48,    4561,  0.93
 279,-234.00,    1675,  0.17,   -2840, -0.58,    4515,  0.92
 280,-233.00,    1223,  0.12,   -3300, -0.67,    4523,  0.92
 281,-232.00,    1249,  0.12,   -3449, -0.70,    4698,  0.96
 282,-231.00,    1643,  0.16,   -3474, -0.71,    5117,  1.04
 283,-230.00,    1630,  0.16,   -3396, -0.69,    5026,  1.02
 284,-229.00,    1013,  0.10,   -3948, -0.80,    4961,  1.01
 285,-228.00,     445,  0.04,   -4937, -1.00,    5382,  1.10
 286,-227.00,       1,  0.00,   -5975, -1.22,    5976,  1.22
 287,-226.00,    -898, -0.09,   -7219, -1.47,    6321,  1.29
 288,-225.00,   -1626, -0.16,   -8275, -1.68,    6649,  1.35
 289,-224.00,   -1875, -0.19,   -9107, -1.85,    7232,  1.47
 290,-223.00,   -1619, -0.16,   -9732, -1.98,    8113,  1.65
 291,-222.00,   -1673, -0.17,  -10371, -2.11,    8698,  1.77
 292,-221.00,   -2408, -0.24,  -11401, -2.32,    8993,  1.83
 293,-220.00,   -2427, -0.24,  -11840, -2.41,    9413,  1.92
 294,-219.00,   -2064, -0.21,  -12036, -2.45,    9972,  2.03
 295,-218.00,   -2071, -0.21,  -13020, -2.65,   10949,  2.23
 296,-217.00,   -2510, -0.25,  -14067, -2.86,   11557,  2.35
 297,-216.00,   -2528, -0.25,  -14734, -3.00,   12206,  2.48
 298,-215.00,   -2822, -0.28,  -15516, -3.16,   12694,  2.58
 299,-214.00,   -2475, -0.25,  -15704, -3.20,   13229,  2.69
 300,-213.00,   -1656, -0.17,  -15980, -3.25,   14324,  2.91
 301,-212.00,    -855, -0.09,  -16210, -3.30,   15355,  3.12
 302,-211.00,    -616, -0.06,  -16703, -3.40,   16087,  3.27
 303,-210.00,    -222, -0.02,  -16909, -3.44,   16687,  3.40
 304,-209.00,     126,  0.01,  -17256, -3.51,   17382,  3.54
 305,-208.00,     617,  0.06,  -17237, -3.51,   17854,  3.63
 306,-207.00,    1273,  0.13,  -17119, -3.48,   18392,  3.74
 307,-206.00,    1115,  0.11,  -17658, -3.59,   18773,  3.82
 308,-205.00,     924,  0.09,  -17688, -3.60,   18612,  3.79
 309,-204.00,     979,  0.10,  -17387, -3.54,   18366,  3.74
 310,-203.00,    1374,  0.14,  -16866, -3.43,   18240,  3.71
 311,-202.00,    1730,  0.17,  -16544, -3.37,   18274,  3.72
 312,-201.00,    1271,  0.13,  -16938, -3.45,   18209,  3.70
 313,-200.00,     225,  0.02,  -17301, -3.52,   17526,  3.57
 314,-199.00,    -105, -0.01,  -16934, -3.45,   16829,  3.42
 315,-198.00,    -327, -0.03,  -16332, -3.32,   16005,  3.26
 316,-197.00,    -710, -0.07,  -16129, -3.28,   15419,  3.14
 317,-196.00,   -1432, -0.14,  -15947, -3.24,   14515,  2.95
 318,-195.00,   -2507, -0.25,  -16025, -3.26,   13518,  2.75
 319,-194.00,   -3332, -0.33,  -16108, -3.28,   12776,  2.60
 320,-193.00,   -3192, -0.32,  -15528, -3.16,   12336,  2.51
 321,-192.00,   -2799, -0.28,  -14686, -2.99,   11887,  2.42
 322,-191.00,   -2709, -0.27,  -14041, -2.86,   11332,  2.31
 323,-190.00,   -3086, -0.31,  -13803, -2.81,   10717,  2.18
 324,-189.00,   -3723, -0.37,  -13743, -2.80,   10020,  2.04
 325,-188.00,   -4428, -0.44,  -13653, -2.78,    9225,  1.88
 326,-187.00,   -4665, -0.47,  -13547, -2.76,    8882,  1.81
 327,-186.00,   -5180, -0.52,  -13715, -2.79,    8535,  1.74
 328,-185.00,   -6198, -0.62,  -13914, -2.83,    7716,  1.57
 329,-184.00,   -6583, -0.66,  -13961, -2.84,    7378,  1.50
 330,-183.00,   -6850, -0.69,  -13768, -2.80,    6918,  1.41
 331,-182.00,   -7331, -0.73,  -13862, -2.82,    6531,  1.33
 332,-181.00,   -7643, -0.76,  -14036, -2.86,    6393,  1.30
 333,-180.00,   -7815, -0.78,  -14015, -2.85,    6200,  1.26
 334,-179.00,   -7665, -0.77,  -13868, -2.82,    6203,  1.26
 335,-178.00,   -7181, -0.72,  -13642, -2.78,    6461,  1.31
 336,-177.00,   -7093, -0.71,  -13512, -2.75,    6419,  1.31
 337,-176.00,   -7441, -0.74,  -13671, -2.78,    6230,  1.27
 338,-175.00,   -7244, -0.72,  -13628, -2.77,    6384,  1.30
 339,-174.00,   -6780, -0.68,  -13141, -2.67,    6361,  1.29
 340,-173.00,   -6712, -0.67,  -12893, -2.62,    6181,  1.26
 341,-172.00,   -7171, -0.72,  -12629, -2.57,    5458,  1.11
 342,-171.00,   -7067, -0.71,  -11968, -2.43,    4901,  1.00
 343,-170.00,   -7266, -0.73,  -11342, -2.31,    4076,  0.83
 344,-169.00,   -7589, -0.76,  -11021, -2.24,    3432,  0.70
 345,-168.00,   -7322, -0.73,  -10462, -2.13,    3140,  0.64
 346,-167.00,   -6443, -0.64,   -9624, -1.96,    3181,  0.65
 347,-166.00,   -6055, -0.61,   -9147, -1.86,    3092,  0.63
 348,-165.00,   -5369, -0.54,   -8800, -1.79,    3431,  0.70
 349,-164.00,   -5201, -0.52,   -8483, -1.73,    3282,  0.67
 350,-163.00,   -5506, -0.55,   -8262, -1.68,    2756,  0.56
 351,-162.00,   -6486, -0.65,   -8279, -1.68,    1793,  0.36
 352,-161.00,   -7237, -0.72,   -8113, -1.65,     876,  0.18
 353,-160.00,   -7917, -0.79,   -8019, -1.63,     102,  0.02
 354,-159.00,   -9155, -0.92,   -8204, -1.67,    -951, -0.19
 355,-158.00,  -10353, -1.04,   -8300, -1.69,   -2053, -0.42
 356,-157.00,  -11341, -1.13,   -8082, -1.64,   -3259, -0.66
 357,-156.00,  -11133, -1.11,   -7166, -1.46,   -3967, -0.81
 358,-155.00,  -10568, -1.06,   -6180, -1.26,   -4388, -0.89
 359,-154.00,  -10560, -1.06,   -5470, -1.11,   -5090, -1.04
 360,-153.00,  -11135, -1.11,   -5485, -1.12,   -5650, -1.15
 361,-152.00,  -11258, -1.13,   -5233, -1.06,   -6025, -1.23
 362,-151.00,  -11353, -1.14,   -4745, -0.97,   -6608, -1.34
 363,-150.00,  -11602, -1.16,   -4313, -0.88,   -7289, -1.48
 364,-149.00,  -11813, -1.18,   -4079, -0.83,   -7734, -1.57
 365,-148.00,  -11961, -1.20,   -3586, -0.73,   -8375, -1.70
 366,-147.00,  -11739, -1.17,   -2754, -0.56,   -8985, -1.83
 367,-146.00,  -11821, -1.18,   -2365, -0.48,   -9456, -1.92
 368,-145.00,  -12476, -1.25,   -2283, -0.46,  -10193, -2.07
 369,-144.00,  -13140, -1.31,   -2319, -0.47,  -10821, -2.20
 370,-143.00,  -12977, -1.30,   -2075, -0.42,  -10902, -2.22
 371,-142.00,  -12818, -1.28,   -1575, -0.32,  -11243, -2.29
 372,-141.00,  -12416, -1.24,   -1349, -0.27,  -11067, -2.25
 373,-140.00,  -12803, -1.28,   -1658, -0.34,  -11145, -2.27
 374,-139.00,  -13460, -1.35,   -1966, -0.40,  -11494, -2.34
 375,-138.00,  -13711, -1.37,   -1968, -0.40,  -11743, -2.39
 376,-137.00,  -14096, -1.41,   -2228, -0.45,  -11868, -2.41
 377,-136.00,  -14575, -1.46,   -2198, -0.45,  -12377, -2.52
 378,-135.00,  -14170, -1.42,   -1689, -0.34,  -12481, -2.54
 379,-134.00,  -13634, -1.36,   -1368, -0.28,  -12266, -2.50
 380,-133.00,  -13701, -1.37,   -1529, -0.31,  -12172, -2.48
 381,-132.00,  -13626, -1.36,   -1388, -0.28,  -12238, -2.49
 382,-131.00,  -13004, -1.30,    -617, -0.13,  -12387, -2.52
 383,-130.00,  -12145, -1.22,     206,  0.04,  -12351, -2.51
 384,-129.00,  -11361, -1.14,     669,  0.14,  -12030, -2.45
 385,-128.00,  -10328, -1.03,    1036,  0.21,  -11364, -2.31
 386,-127.00,   -9429, -0.94,    1559,  0.32,  -10988, -2.24
 387,-126.00,   -8867, -0.89,    1785,  0.36,  -10652, -2.17
 388,-125.00,   -8710, -0.87,    1812,  0.37,  -10522, -2.14
 389,-124.00,   -8315, -0.83,    1926,  0.39,  -10241, -2.08
 390,-123.00,   -7711, -0.77,    2334,  0.47,  -10045, -2.04
 391,-122.00,   -7455, -0.75,    2487,  0.51,   -9942, -2.02
 392,-121.00,   -7243, -0.72,    2471,  0.50,   -9714, -1.98
 393,-120.00,   -7312, -0.73,    2404,  0.49,   -9716, -1.98
 394,-119.00,   -7353, -0.74,    2589,  0.53,   -9942, -2.02
 395,-118.00,   -7405, -0.74,    2805,  0.57,  -10210, -2.08
 396,-117.00,   -7464, -0.75,    2872,  0.58,  -10336, -2.10
 397,-116.00,   -7108, -0.71,    3360,  0.68,  -10468, -2.13
 398,-115.00,   -7517, -0.75,    3351,  0.68,  -10868, -2.21
 399,-114.00,   -7967, -0.80,    3222,  0.66,  -11189, -2.28
 400,-113.00,   -7721, -0.77,    3522,  0.72,  -11243, -2.29
 401,-112.00,   -6994, -0.70,    4137,  0.84,  -11131, -2.26
 402,-111.00,   -6213, -0.62,    4779,  0.97,  -10992, -2.24
 403,-110.00,   -6364, -0.64,    4649,  0.95,  -11013, -2.24
 404,-109.00,   -6184, -0.62,    4623,  0.94,  -10807, -2.20
 405,-108.00,   -5834, -0.58,    4381,  0.89,  -10215, -2.08
 406,-107.00,   -5484, -0.55,    4283,  0.87,   -9767, -1.99
 407,-106.00,   -5559, -0.56,    4350,  0.89,   -9909, -2.02
 408,-105.00,   -5109, -0.51,    4595,  0.93,   -9704, -1.97
 409,-104.00,   -4257, -0.43,    5143,  1.05,   -9400, -1.91
 410,-103.00,   -3631, -0.36,    5659,  1.15,   -9290, -1.89
 411,-102.00,   -3501, -0.35,    5821,  1.18,   -9322, -1.90
 412,-101.00,   -3605, -0.36,    5867,  1.19,   -9472, -1.93
 413,-100.00,   -3443, -0.34,    5939,  1.21,   -9382, -1.91
 414,-99.00,   -3120, -0.31,    5987,  1.22,   -9107, -1.85
 415,-98.00,   -2867, -0.29,    6003,  1.22,   -8870, -1.80
 416,-97.00,   -2824, -0.28,    5578,  1.13,   -8402, -1.71
 417,-96.00,   -2287, -0.23,    5042,  1.03,   -7329, -1.49
 418,-95.00,   -1506, -0.15,    4815,  0.98,   -6321, -1.29
 419,-94.00,    -849, -0.08,    4546,  0.92,   -5395, -1.10
 420,-93.00,     -57, -0.00,    4488,  0.91,   -4545, -0.92
 421,-92.00,    -218, -0.02,    4015,  0.82,   -4233, -0.86
 422,-91.00,     229,  0.02,    3873,  0.79,   -3644, -0.74
 423,-90.00,     577,  0.06,    3244,  0.66,   -2667, -0.54
 424,-89.00,     621,  0.06,    2386,  0.49,   -1765, -0.36
 425,-88.00,     545,  0.05,    1589,  0.32,   -1044, -0.21
 426,-87.00,     742,  0.07,     696,  0.14,      46,  0.00
 427,-86.00,     729,  0.07,     -71, -0.01,     800,  0.16
 428,-85.00,    1223,  0.12,    -333, -0.07,    1556,  0.32
 429,-84.00,     754,  0.08,   -1456, -0.30,    2210,  0.45
 430,-83.00,     893,  0.09,   -2294, -0.47,    3187,  0.65
 431,-82.00,    1045,  0.10,   -3193, -0.65,    4238,  0.86
 432,-81.00,    1488,  0.15,   -3733, -0.76,    5221,  1.06
 433,-80.00,    1563,  0.16,   -4532, -0.92,    6095,  1.24
 434,-79.00,    1819,  0.18,   -5190, -1.06,    7009,  1.43
 435,-78.00,    2200,  0.22,   -5787, -1.18,    7987,  1.63
 436,-77.00,    1900,  0.19,   -6473, -1.32,    8373,  1.70
 437,-76.00,    1640,  0.16,   -7333, -1.49,    8973,  1.83
 438,-75.00,     953,  0.10,   -8423, -1.71,    9376,  1.91
 439,-74.00,     441,  0.04,   -9022, -1.84,    9463,  1.93
 440,-73.00,     566,  0.06,   -9246, -1.88,    9812,  2.00
 441,-72.00,    1078,  0.11,   -9190, -1.87,   10268,  2.09
 442,-71.00,    1895,  0.19,   -8876, -1.81,   10771,  2.19
 443,-70.00,    2462,  0.25,   -8406, -1.71,   10868,  2.21
 444,-69.00,    2220,  0.22,   -8423, -1.71,   10643,  2.17
 445,-68.00,    2295,  0.23,   -8541, -1.74,   10836,  2.20
 446,-67.00,    2333,  0.23,   -8835, -1.80,   11168,  2.27
 447,-66.00,    2579,  0.26,   -8968, -1.82,   11547,  2.35
 448,-65.00,    3503,  0.35,   -8888, -1.81,   12391,  2.52
 449,-64.00,    4173,  0.42,   -8639, -1.76,   12812,  2.61
 450,-63.00,    4699,  0.47,   -8359, -1.70,   13058,  2.66
 451,-62.00,    4512,  0.45,   -8446, -1.72,   12958,  2.64
 452,-61.00,    4648,  0.47,   -8249, -1.68,   12897,  2.62
 453,-60.00,    4634,  0.46,   -8032, -1.63,   12666,  2.58
 454,-59.00,    4616,  0.46,   -7820, -1.59,   12436,  2.53
 455,-58.00,    4524,  0.45,   -7526, -1.53,   12050,  2.45
 456,-57.00,    4110,  0.41,   -7283, -1.48,   11393,  2.32
 457,-56.00,    3632,  0.36,   -7217, -1.47,   10849,  2.21
 458,-55.00,    2676,  0.27,   -7490, -1.52,   10166,  2.07
 459,-54.00,    2105,  0.21,   -7515, -1.53,    9620,  1.96
 460,-53.00,    1722,  0.17,   -7411, -1.51,    9133,  1.86
 461,-52.00,    1824,  0.18,   -6900, -1.40,    8724,  1.77
 462,-51.00,    2279,  0.23,   -5860, -1.19,    8139,  1.66
 463,-50.00,    2393,  0.24,   -5323, -1.08,    7716,  1.57
 464,-49.00,    1468,  0.15,   -5667, -1.15,    7135,  1.45
 465,-48.00,     654,  0.07,   -5683, -1.16,    6337,  1.29
 466,-47.00,    -126, -0.01,   -5981, -1.22,    5855,  1.19
 467,-46.00,    -886, -0.09,   -6083, -1.24,    5197,  1.06
 468,-45.00,   -1007, -0.10,   -5890, -1.20,    4883,  0.99
 469,-44.00,    -852, -0.09,   -5483, -1.12,    4631,  0.94
 470,-43.00,    -767, -0.08,   -5090, -1.04,    4323,  0.88
 471,-42.00,   -1605, -0.16,   -5292, -1.08,    3687,  0.75
 472,-41.00,   -3456, -0.35,   -6037, -1.23,    2581,  0.53
 473,-40.00,   -5382, -0.54,   -6525, -1.33,    1143,  0.23
 474,-39.00,   -6793, -0.68,   -6757, -1.37,     -36, -0.00
 475,-38.00,   -7783, -0.78,   -6647, -1.35,   -1136, -0.23
 476,-37.00,   -8667, -0.87,   -6690, -1.36,   -1977, -0.40
 477,-36.00,  -10188, -1.02,   -6787, -1.38,   -3401, -0.69
 478,-35.00,  -11674, -1.17,   -7082, -1.44,   -4592, -0.93
 479,-34.00,  -13247, -1.33,   -7186, -1.46,   -6061, -1.23
 480,-33.00,  -13705, -1.37,   -6702, -1.36,   -7003, -1.42
 481,-32.00,  -13952, -1.40,   -6404, -1.30,   -7548, -1.54
 482,-31.00,  -14170, -1.42,   -5817, -1.18,   -8353, -1.70
 483,-30.00,  -15330, -1.53,   -5743, -1.17,   -9587, -1.95
 484,-29.00,  -15902, -1.59,   -5431, -1.10,  -10471, -2.13
 485,-28.00,  -16119, -1.61,   -4775, -0.97,  -11344, -2.31
 486,-27.00,  -15995, -1.60,   -3539, -0.72,  -12456, -2.53
 487,-26.00,  -16207, -1.62,   -2627, -0.53,  -13580, -2.76
 488,-25.00,  -16618, -1.66,   -2143, -0.44,  -14475, -2.95
 489,-24.00,  -17214, -1.72,   -1709, -0.35,  -15505, -3.15
 490,-23.00,  -17239, -1.72,   -1073, -0.22,  -16166, -3.29
 491,-22.00,  -17415, -1.74,    -258, -0.05,  -17157, -3.49
 492,-21.00,  -17680, -1.77,     -10, -0.00,  -17670, -3.60
 493,-20.00,  -18273, -1.83,     164,  0.03,  -18437, -3.75
 494,-19.00,  -18547, -1.86,     543,  0.11,  -19090, -3.88
 495,-18.00,  -18566, -1.86,     891,  0.18,  -19457, -3.96
 496,-17.00,  -18421, -1.84,    1188,  0.24,  -19609, -3.99
 497,-16.00,  -18809, -1.88,    1512,  0.31,  -20321, -4.13
 498,-15.00,  -19313, -1.93,    2028,  0.41,  -21341, -4.34
 499,-14.00,  -19818, -1.98,    2101,  0.43,  -21919, -4.46
 500,-13.00,  -20519, -2.05,    1839,  0.37,  -22358, -4.55
 501,-12.00,  -20281, -2.03,    1780,  0.36,  -22061, -4.49
 502,-11.00,  -19704, -1.97,    1755,  0.36,  -21459, -4.37
 503,-10.00,  -18565, -1.86,    2093,  0.43,  -20658, -4.20
 504,-9.00,  -17820, -1.78,    2160,  0.44,  -19980, -4.07
 505,-8.00,  -17263, -1.73,    2303,  0.47,  -19566, -3.98
 506,-7.00,  -16898, -1.69,    2121,  0.43,  -19019, -3.87
 507,-6.00,  -16020, -1.60,    2677,  0.54,  -18697, -3.80
 508,-5.00,  -15255, -1.53,    3420,  0.70,  -18675, -3.80
 509,-4.00,  -14475, -1.45,    4142,  0.84,  -18617, -3.79
 510,-3.00,  -13536, -1.35,    4827,  0.98,  -18363, -3.74
 511,-2.00,  -13522, -1.35,    5086,  1.03,  -18608, -3.79
 512,-1.00,  -12726, -1.27,    5779,  1.18,  -18505, -3.76
 513,0.00,  -12182, -1.22,    6313,  1.28,  -18495, -3.76
 514,1.00,  -11386, -1.14,    7143,  1.45,  -18529, -3.77
 515,2.00,  -10627, -1.06,    8214,  1.67,  -18841, -3.83
 516,3.00,  -10000, -1.00,    9242,  1.88,  -19242, -3.91
 517,4.00,   -8893, -0.89,   10351,  2.11,  -19244, -3.92
 518,5.00,   -7531, -0.75,   11853,  2.41,  -19384, -3.94
 519,6.00,   -7100, -0.71,   12439,  2.53,  -19539, -3.98
 520,7.00,   -6779, -0.68,   12391,  2.52,  -19170, -3.90
 521,8.00,   -6349, -0.64,   12689,  2.58,  -19038, -3.87
 522,9.00,   -6158, -0.62,   13061,  2.66,  -19219, -3.91
 523,10.00,   -6152, -0.62,   13523,  2.75,  -19675, -4.00
 524,11.00,   -5466, -0.55,   14337,  2.92,  -19803, -4.03
 525,12.00,   -5171, -0.52,   14743,  3.00,  -19914, -4.05
 526,13.00,   -4779, -0.48,   15113,  3.07,  -19892, -4.05
 527,14.00,   -5204, -0.52,   14978,  3.05,  -20182, -4.11
 528,15.00,   -5120, -0.51,   15184,  3.09,  -20304, -4.13
 529,16.00,   -4556, -0.46,   15583,  3.17,  -20139, -4.10
 530,17.00,   -4325, -0.43,   15962,  3.25,  -20287, -4.13
 531,18.00,   -4843, -0.48,   15764,  3.21,  -20607, -4.19
 532,19.00,   -5055, -0.51,   15596,  3.17,  -20651, -4.20
 533,20.00,   -5133, -0.51,   15302,  3.11,  -20435, -4.16
 534,21.00,   -5503, -0.55,   14933,  3.04,  -20436, -4.16
 535,22.00,   -6130, -0.61,   14415,  2.93,  -20545, -4.18
 536,23.00,   -6193, -0.62,   14219,  2.89,  -20412, -4.15
 537,24.00,   -5866, -0.59,   14187,  2.89,  -20053, -4.08
 538,25.00,   -5272, -0.53,   14341,  2.92,  -19613, -3.99
 539,26.00,   -4852, -0.49,   14526,  2.96,  -19378, -3.94
 540,27.00,   -4161, -0.42,   14886,  3.03,  -19047, -3.88
 541,28.00,   -3964, -0.40,   15216,  3.10,  -19180, -3.90
 542,29.00,   -3567, -0.36,   15245,  3.10,  -18812, -3.83
 543,30.00,   -2976, -0.30,   15290,  3.11,  -18266, -3.72
 544,31.00,   -2212, -0.22,   15690,  3.19,  -17902, -3.64
 545,32.00,   -1793, -0.18,   16095,  3.27,  -17888, -3.64
 546,33.00,   -1474, -0.15,   16119,  3.28,  -17593, -3.58
 547,34.00,    -694, -0.07,   16000,  3.26,  -16694, -3.40
 548,35.00,     375,  0.04,   15967,  3.25,  -15592, -3.17
 549,36.00,    1439,  0.14,   15993,  3.25,  -14554, -2.96
 550,37.00,    2748,  0.27,   16329,  3.32,  -13581, -2.76
 551,38.00,    3499,  0.35,   16273,  3.31,  -12774, -2.60
 552,39.00,    4514,  0.45,   16268,  3.31,  -11754, -2.39
 553,40.00,    6007,  0.60,   16191,  3.29,  -10184, -2.07
 554,41.00,    6971,  0.70,   15850,  3.22,   -8879, -1.81
 555,42.00,    7808,  0.78,   15678,  3.19,   -7870, -1.60
 556,43.00,    8447,  0.85,   15630,  3.18,   -7183, -1.46
 557,44.00,    9549,  0.96,   15880,  3.23,   -6331, -1.29
 558,45.00,   10962,  1.10,   16387,  3.33,   -5425, -1.10
 559,46.00,   11980,  1.20,   16312,  3.32,   -4332, -0.88
 560,47.00,   12728,  1.27,   16336,  3.32,   -3608, -0.73
 561,48.00,   13629,  1.36,   16544,  3.37,   -2915, -0.59
 562,49.00,   14552,  1.46,   16766,  3.41,   -2214, -0.45
 563,50.00,   15768,  1.58,   16927,  3.44,   -1159, -0.24
 564,51.00,   16681,  1.67,   17462,  3.55,    -781, -0.16
 565,52.00,   17686,  1.77,   18019,  3.67,    -333, -0.07
 566,53.00,   18847,  1.89,   18428,  3.75,     419,  0.09
 567,54.00,   20044,  2.01,   18676,  3.80,    1368,  0.28
 568,55.00,   20951,  2.10,   18788,  3.82,    2163,  0.44
 569,56.00,   21961,  2.20,   19045,  3.87,    2916,  0.59
 570,57.00,   23056,  2.31,   19417,  3.95,    3639,  0.74
 571,58.00,   24175,  2.42,   19780,  4.02,    4395,  0.89
 572,59.00,   24889,  2.49,   19817,  4.03,    5072,  1.03
 573,60.00,   25408,  2.54,   19507,  3.97,    5901,  1.20
 574,61.00,   26320,  2.63,   19265,  3.92,    7055,  1.44
 575,62.00,   27443,  2.75,   19410,  3.95,    8033,  1.63
 576,63.00,   28073,  2.81,   19471,  3.96,    8602,  1.75
 577,64.00,   28409,  2.84,   19080,  3.88,    9329,  1.90
 578,65.00,   28655,  2.87,   18791,  3.82,    9864,  2.01
 579,66.00,   28526,  2.85,   18436,  3.75,   10090,  2.05
 580,67.00,   28959,  2.90,   18193,  3.70,   10766,  2.19
 581,68.00,   29058,  2.91,   17879,  3.64,   11179,  2.27
 582,69.00,   29685,  2.97,   17908,  3.64,   11777,  2.40
 583,70.00,   29917,  2.99,   17395,  3.54,   12522,  2.55
 584,71.00,   29443,  2.95,   16445,  3.35,   12998,  2.64
 585,72.00,   28883,  2.89,   15819,  3.22,   13064,  2.66
 586,73.00,   28331,  2.83,   15126,  3.08,   13205,  2.69
 587,74.00,   27316,  2.73,   14089,  2.87,   13227,  2.69
 588,75.00,   25725,  2.57,   12733,  2.59,   12992,  2.64
 589,76.00,   24290,  2.43,   11724,  2.39,   12566,  2.56
 590,77.00,   22520,  2.25,   10435,  2.12,   12085,  2.46
 591,78.00,   21113,  2.11,    9368,  1.91,   11745,  2.39
 592,79.00,   19465,  1.95,    8098,  1.65,   11367,  2.31
 593,80.00,   17765,  1.78,    6869,  1.40,   10896,  2.22
 594,81.00,   16175,  1.62,    5601,  1.14,   10574,  2.15
 595,82.00,   15036,  1.50,    4431,  0.90,   10605,  2.16
 596,83.00,   14194,  1.42,    3261,  0.66,   10933,  2.22
 597,84.00,   13128,  1.31,    2255,  0.46,   10873,  2.21
 598,85.00,   12224,  1.22,    1529,  0.31,   10695,  2.18
 599,86.00,   11381,  1.14,     979,  0.20,   10402,  2.12
 600,87.00,   11034,  1.10,     111,  0.02,   10923,  2.22
 601,88.00,   11080,  1.11,    -859, -0.17,   11939,  2.43
 602,89.00,   10760,  1.08,   -1893, -0.39,   12653,  2.57
 603,90.00,   11344,  1.14,   -2258, -0.46,   13602,  2.77
 604,91.00,   11913,  1.19,   -2577, -0.52,   14490,  2.95
 605,92.00,   12670,  1.27,   -2828, -0.58,   15498,  3.15
 606,93.00,   13106,  1.31,   -3007, -0.61,   16113,  3.28
 607,94.00,   13894,  1.39,   -3187, -0.65,   17081,  3.48
 608,95.00,   14130,  1.41,   -3794, -0.77,   17924,  3.65
 609,96.00,   14205,  1.42,   -4419, -0.90,   18624,  3.79
 610,97.00,   14827,  1.48,   -4681, -0.95,   19508,  3.97
 611,98.00,   15095,  1.51,   -5135, -1.04,   20230,  4.12
 612,99.00,   15058,  1.51,   -5874, -1.20,   20932,  4.26
 613,100.00,   14899,  1.49,   -6848, -1.39,   21747,  4.42
 614,101.00,   14778,  1.48,   -7747, -1.58,   22525,  4.58
 615,102.00,   13862,  1.39,   -8375, -1.70,   22237,  4.52
 616,103.00,   13492,  1.35,   -8622, -1.75,   22114,  4.50
 617,104.00,   12996,  1.30,   -9199, -1.87,   22195,  4.52
 618,105.00,   12404,  1.24,   -9705, -1.97,   22109,  4.50
 619,106.00,   11891,  1.19,   -9967, -2.03,   21858,  4.45
 620,107.00,   11512,  1.15,  -10432, -2.12,   21944,  4.46
 621,108.00,   11051,  1.11,  -11099, -2.26,   22150,  4.51
 622,109.00,   10709,  1.07,  -11644, -2.37,   22353,  4.55
 623,110.00,   10384,  1.04,  -12223, -2.49,   22607,  4.60
 624,111.00,    9559,  0.96,  -12887, -2.62,   22446,  4.57
 625,112.00,    8334,  0.83,  -13518, -2.75,   21852,  4.45
 626,113.00,    7557,  0.76,  -13770, -2.80,   21327,  4.34
 627,114.00,    7170,  0.72,  -13891, -2.83,   21061,  4.29
 628,115.00,    5880,  0.59,  -14172, -2.88,   20052,  4.08
 629,116.00,    4865,  0.49,  -14818, -3.01,   19683,  4.00
 630,117.00,    4352,  0.44,  -15089, -3.07,   19441,  3.96
 631,118.00,    3849,  0.39,  -14770, -3.01,   18619,  3.79
 632,119.00,    2789,  0.28,  -14713, -2.99,   17502,  3.56
 633,120.00,    1794,  0.18,  -14883, -3.03,   16677,  3.39
 634,121.00,    1235,  0.12,  -15023, -3.06,   16258,  3.31
 635,122.00,     494,  0.05,  -15231, -3.10,   15725,  3.20
 636,123.00,      77,  0.00,  -15169, -3.09,   15246,  3.10
 637,124.00,    -559, -0.06,  -14977, -3.05,   14418,  2.93
 638,125.00,   -1761, -0.18,  -15367, -3.13,   13606,  2.77
 639,126.00,   -3266, -0.33,  -15934, -3.24,   12668,  2.58
 640,127.00,   -3765, -0.38,  -16076, -3.27,   12311,  2.50
 641,128.00,   -4333, -0.43,  -16049, -3.27,   11716,  2.38
 642,129.00,   -4669, -0.47,  -15943, -3.24,   11274,  2.29
 643,130.00,   -5420, -0.54,  -16056, -3.27,   10636,  2.16
 644,131.00,   -6102, -0.61,  -15991, -3.25,    9889,  2.01
 645,132.00,   -6703, -0.67,  -15740, -3.20,    9037,  1.84
 646,133.00,   -7697, -0.77,  -15797, -3.21,    8100,  1.65
 647,134.00,   -8247, -0.83,  -15734, -3.20,    7487,  1.52
 648,135.00,   -8332, -0.83,  -15483, -3.15,    7151,  1.45
 649,136.00,   -7900, -0.79,  -14778, -3.01,    6878,  1.40
 650,137.00,   -7691, -0.77,  -14638, -2.98,    6947,  1.41
 651,138.00,   -7652, -0.77,  -14487, -2.95,    6835,  1.39
 652,139.00,   -7586, -0.76,  -14193, -2.89,    6607,  1.34
 653,140.00,   -7815, -0.78,  -14023, -2.85,    6208,  1.26
 654,141.00,   -7262, -0.73,  -13414, -2.73,    6152,  1.25
 655,142.00,   -7503, -0.75,  -13123, -2.67,    5620,  1.14
 656,143.00,   -7131, -0.71,  -12784, -2.60,    5653,  1.15
 657,144.00,   -7706, -0.77,  -13153, -2.68,    5447,  1.11
 658,145.00,   -7727, -0.77,  -12894, -2.62,    5167,  1.05
 659,146.00,   -7931, -0.79,  -13134, -2.67,    5203,  1.06
 660,147.00,   -7784, -0.78,  -12823, -2.61,    5039,  1.03
 661,148.00,   -7238, -0.72,  -12484, -2.54,    5246,  1.07
 662,149.00,   -6616, -0.66,  -12273, -2.50,    5657,  1.15
 663,150.00,   -6180, -0.62,  -11789, -2.40,    5609,  1.14
 664,151.00,   -5437, -0.54,  -10928, -2.22,    5491,  1.12
 665,152.00,   -4851, -0.49,  -10059, -2.05,    5208,  1.06
 666,153.00,   -5086, -0.51,   -9833, -2.00,    4747,  0.97
 667,154.00,   -5858, -0.59,  -10106, -2.06,    4248,  0.86
 668,155.00,   -6826, -0.68,  -10646, -2.17,    3820,  0.78
 669,156.00,   -7548, -0.76,  -10904, -2.22,    3356,  0.68
 670,157.00,   -8434, -0.84,  -11377, -2.31,    2943,  0.60
 671,158.00,   -9306, -0.93,  -11647, -2.37,    2341,  0.48
 672,159.00,  -10390, -1.04,  -11791, -2.40,    1401,  0.29
 673,160.00,  -11245, -1.13,  -11799, -2.40,     554,  0.11
 674,161.00,  -12470, -1.25,  -12432, -2.53,     -38, -0.00
 675,162.00,  -14191, -1.42,  -13083, -2.66,   -1108, -0.23
 676,163.00,  -16049, -1.61,  -13716, -2.79,   -2333, -0.47
 677,164.00,  -17510, -1.75,  -14157, -2.88,   -3353, -0.68
 678,165.00,  -19935, -1.99,  -15027, -3.06,   -4908, -1.00
 679,166.00,  -22430, -2.24,  -16151, -3.29,   -6279, -1.28
 680,167.00,  -24427, -2.44,  -17350, -3.53,   -7077, -1.44
 681,168.00,  -26188, -2.62,  -18120, -3.69,   -8068, -1.64
 682,169.00,  -28191, -2.82,  -19022, -3.87,   -9169, -1.87
 683,170.00,  -30686, -3.07,  -20257, -4.12,  -10429, -2.12
 684,171.00,  -33419, -3.34,  -22133, -4.50,  -11286, -2.30
 685,172.00,  -35615, -3.56,  -23164, -4.71,  -12451, -2.53
 686,173.00,  -37590, -3.76,  -24136, -4.91,  -13454, -2.74
 687,174.00,  -39029, -3.91,  -24809, -5.05,  -14220, -2.89
 688,175.00,  -40911, -4.09,  -25754, -5.24,  -15157, -3.08
 689,176.00,  -43204, -4.32,  -26909, -5.47,  -16295, -3.32
 690,177.00,  -45379, -4.54,  -27717, -5.64,  -17662, -3.59
 691,178.00,  -47708, -4.77,  -29068, -5.91,  -18640, -3.79
 692,179.00,  -49800, -4.98,  -30161, -6.14,  -19639, -4.00
 693,180.00,  -51280, -5.13,  -30518, -6.21,  -20762, -4.22
 694,181.00,  -52512, -5.25,  -30524, -6.21,  -21988, -4.47
 695,182.00,  -54264, -5.43,  -30999, -6.31,  -23265, -4.73
 696,183.00,  -55721, -5.58,  -31559, -6.42,  -24162, -4.92
 697,184.00,  -57009, -5.70,  -32564, -6.63,  -24445, -4.97
 698,185.00,  -58049, -5.81,  -33205, -6.76,  -24844, -5.05
 699,186.00,  -59589, -5.96,  -33624, -6.84,  -25965, -5.28
 700,187.00,  -60699, -6.07,  -34270, -6.97,  -26429, -5.38
 701,188.00,  -61326, -6.14,  -34642, -7.05,  -26684, -5.43
 702,189.00,  -62568, -6.26,  -35025, -7.13,  -27543, -5.60
 703,190.00,  -63597, -6.36,  -35341, -7.19,  -28256, -5.75
 704,191.00,  -64514, -6.46,  -35589, -7.24,  -28925, -5.88
 705,192.00,  -65287, -6.53,  -36102, -7.35,  -29185, -5.94
 706,193.00,  -65743, -6.58,  -36311, -7.39,  -29432, -5.99
 707,194.00,  -65682, -6.57,  -36121, -7.35,  -29561, -6.01
 708,195.00,  -65982, -6.60,  -36055, -7.34,  -29927, -6.09
 709,196.00,  -66238, -6.63,  -35959, -7.32,  -30279, -6.16
 710,197.00,  -66449, -6.65,  -35981, -7.32,  -30468, -6.20
 711,198.00,  -66784, -6.68,  -36229, -7.37,  -30555, -6.22
 712,199.00,  -66631, -6.67,  -35714, -7.27,  -30917, -6.29
 713,200.00,  -66708, -6.67,  -35278, -7.18,  -31430, -6.39
 714,201.00,  -66243, -6.63,  -34822, -7.08,  -31421, -6.39
 715,202.00,  -66184, -6.62,  -34493, -7.02,  -31691, -6.45
 716,203.00,  -65755, -6.58,  -33953, -6.91,  -31802, -6.47
 717,204.00,  -64559, -6.46,  -33189, -6.75,  -31370, -6.38
 718,205.00,  -63043, -6.31,  -32413, -6.59,  -30630, -6.23
 719,206.00,  -61970, -6.20,  -31502, -6.41,  -30468, -6.20
 720,207.00,  -60210, -6.02,  -30185, -6.14,  -30025, -6.11
 721,208.00,  -58785, -5.88,  -29182, -5.94,  -29603, -6.02
 722,209.00,  -57772, -5.78,  -28527, -5.80,  -29245, -5.95
 723,210.00,  -56345, -5.64,  -27677, -5.63,  -28668, -5.83
 724,211.00,  -54366, -5.44,  -26093, -5.31,  -28273, -5.75
 725,212.00,  -52049, -5.21,  -24465, -4.98,  -27584, -5.61
 726,213.00,  -50577, -5.06,  -23168, -4.71,  -27409, -5.58
 727,214.00,  -48503, -4.85,  -21729, -4.42,  -26774, -5.45
 728,215.00,  -46445, -4.65,  -20210, -4.11,  -26235, -5.34
 729,216.00,  -43766, -4.38,  -18463, -3.76,  -25303, -5.15
 730,217.00,  -41087, -4.11,  -16541, -3.37,  -24546, -4.99
 731,218.00,  -38513, -3.85,  -14809, -3.01,  -23704, -4.82
 732,219.00,  -36036, -3.61,  -13354, -2.72,  -22682, -4.61
 733,220.00,  -33638, -3.37,  -12130, -2.47,  -21508, -4.38
 734,221.00,  -31158, -3.12,  -10702, -2.18,  -20456, -4.16
 735,222.00,  -29306, -2.93,   -9714, -1.98,  -19592, -3.99
 736,223.00,  -27284, -2.73,   -8543, -1.74,  -18741, -3.81
 737,224.00,  -25150, -2.52,   -7419, -1.51,  -17731, -3.61
 738,225.00,  -22534, -2.25,   -6144, -1.25,  -16390, -3.33
 739,226.00,  -19975, -2.00,   -4551, -0.93,  -15424, -3.14
 740,227.00,  -17823, -1.78,   -2949, -0.60,  -14874, -3.03
 741,228.00,  -15707, -1.57,   -1771, -0.36,  -13936, -2.84
 742,229.00,  -13697, -1.37,    -513, -0.10,  -13184, -2.68
 743,230.00,  -12102, -1.21,     344,  0.07,  -12446, -2.53
 744,231.00,  -10541, -1.05,    1036,  0.21,  -11577, -2.36
 745,232.00,   -8551, -0.86,    1992,  0.41,  -10543, -2.15
 746,233.00,   -7244, -0.72,    2914,  0.59,  -10158, -2.07
 747,234.00,   -4961, -0.50,    4281,  0.87,   -9242, -1.88
 748,235.00,   -3170, -0.32,    5593,  1.14,   -8763, -1.78
 749,236.00,   -1823, -0.18,    6220,  1.27,   -8043, -1.64
 750,237.00,    -191, -0.02,    6934,  1.41,   -7125, -1.45
 751,238.00,    1702,  0.17,    8073,  1.64,   -6371, -1.30
 752,239.00,    3879,  0.39,    9355,  1.90,   -5476, -1.11
 753,240.00,    5763,  0.58,   10549,  2.15,   -4786, -0.97
 754,241.00,    7797,  0.78,   12224,  2.49,   -4427, -0.90
 755,242.00,    9241,  0.92,   13218,  2.69,   -3977, -0.81
 756,243.00,   10202,  1.02,   13661,  2.78,   -3459, -0.70
 757,244.00,   10715,  1.07,   13753,  2.80,   -3038, -0.62
 758,245.00,   11910,  1.19,   14402,  2.93,   -2492, -0.51
 759,246.00,   12816,  1.28,   15230,  3.10,   -2414, -0.49
 760,247.00,   14163,  1.42,   16127,  3.28,   -1964, -0.40
 761,248.00,   14573,  1.46,   16549,  3.37,   -1976, -0.40
 762,249.00,   15498,  1.55,   17557,  3.57,   -2059, -0.42
 763,250.00,   16640,  1.67,   18799,  3.82,   -2159, -0.44
 764,251.00,   18559,  1.86,   19775,  4.02,   -1216, -0.25
 765,252.00,   19868,  1.99,   20442,  4.16,    -574, -0.12
 766,253.00,   19946,  2.00,   20561,  4.18,    -615, -0.13
 767,254.00,   20171,  2.02,   20896,  4.25,    -725, -0.15
 768,255.00,   21425,  2.14,   21480,  4.37,     -55, -0.01
 769,256.00,   22937,  2.30,   21799,  4.44,    1138,  0.23
 770,257.00,   24660,  2.47,   22230,  4.52,    2430,  0.49
 771,258.00,   26561,  2.66,   22990,  4.68,    3571,  0.73
 772,259.00,   28409,  2.84,   23682,  4.82,    4727,  0.96
 773,260.00,   29488,  2.95,   23986,  4.88,    5502,  1.12
 774,261.00,   31134,  3.12,   24431,  4.97,    6703,  1.36
 775,262.00,   32586,  3.26,   25069,  5.10,    7517,  1.53
 776,263.00,   34637,  3.47,   25955,  5.28,    8682,  1.77
 777,264.00,   36840,  3.69,   26904,  5.47,    9936,  2.02
 778,265.00,   38899,  3.89,   27549,  5.61,   11350,  2.31
 779,266.00,   41238,  4.13,   28460,  5.79,   12778,  2.60
 780,267.00,   43472,  4.35,   29274,  5.96,   14198,  2.89
 781,268.00,   45808,  4.58,   29901,  6.08,   15907,  3.24
 782,269.00,   47843,  4.79,   30655,  6.24,   17188,  3.50
 783,270.00,   50288,  5.03,   31760,  6.46,   18528,  3.77
 784,271.00,   53190,  5.32,   32955,  6.70,   20235,  4.12
 785,272.00,   56004,  5.60,   34210,  6.96,   21794,  4.43
 786,273.00,   58769,  5.88,   35358,  7.19,   23411,  4.76
 787,274.00,   60976,  6.10,   36176,  7.36,   24800,  5.05
 788,275.00,   63290,  6.33,   37272,  7.58,   26018,  5.29
 789,276.00,   64776,  6.48,   37962,  7.72,   26814,  5.46
 790,277.00,   65832,  6.59,   38233,  7.78,   27599,  5.62
 791,278.00,   67790,  6.78,   39044,  7.94,   28746,  5.85
 792,279.00,   69302,  6.93,   39993,  8.14,   29309,  5.96
 793,280.00,   70724,  7.08,   40771,  8.30,   29953,  6.09
 794,281.00,   71488,  7.15,   40865,  8.31,   30623,  6.23
 795,282.00,   72451,  7.25,   41171,  8.38,   31280,  6.36
 796,283.00,   73400,  7.34,   41552,  8.45,   31848,  6.48
 797,284.00,   73598,  7.36,   41348,  8.41,   32250,  6.56
 798,285.00,   74508,  7.46,   41629,  8.47,   32879,  6.69
 799,286.00,   74421,  7.45,   41648,  8.47,   32773,  6.67
 800,287.00,   73609,  7.37,   41167,  8.38,   32442,  6.60
 801,288.00,   72709,  7.28,   41065,  8.35,   31644,  6.44
 802,289.00,   71736,  7.18,   41283,  8.40,   30453,  6.20
 803,290.00,   71307,  7.14,   41457,  8.43,   29850,  6.07
 804,291.00,   70278,  7.03,   41416,  8.43,   28862,  5.87
 805,292.00,   68228,  6.83,   40588,  8.26,   27640,  5.62
 806,293.00,   66604,  6.66,   40002,  8.14,   26602,  5.41
 807,294.00,   65210,  6.52,   39514,  8.04,   25696,  5.23
 808,295.00,   63722,  6.38,   39021,  7.94,   24701,  5.03
 809,296.00,   61973,  6.20,   38841,  7.90,   23132,  4.71
 810,297.00,   60500,  6.05,   38885,  7.91,   21615,  4.40
 811,298.00,   59141,  5.92,   38524,  7.84,   20617,  4.19
 812,299.00,   57974,  5.80,   38441,  7.82,   19533,  3.97
 813,300.00,   56763,  5.68,   38052,  7.74,   18711,  3.81
 814,301.00,   55005,  5.50,   37406,  7.61,   17599,  3.58
 815,302.00,   54378,  5.44,   37625,  7.66,   16753,  3.41
 816,303.00,   54299,  5.43,   38150,  7.76,   16149,  3.29
 817,304.00,   52833,  5.29,   37791,  7.69,   15042,  3.06
 818,305.00,   51458,  5.15,   37102,  7.55,   14356,  2.92
 819,306.00,   50737,  5.08,   36849,  7.50,   13888,  2.83
 820,307.00,   50050,  5.01,   36628,  7.45,   13422,  2.73
 821,308.00,   49108,  4.91,   36488,  7.42,   12620,  2.57
 822,309.00,   48284,  4.83,   36207,  7.37,   12077,  2.46
 823,310.00,   47533,  4.76,   35570,  7.24,   11963,  2.43
 824,311.00,   46841,  4.69,   34877,  7.10,   11964,  2.43
 825,312.00,   46880,  4.69,   34841,  7.09,   12039,  2.45
 826,313.00,   46071,  4.61,   34086,  6.94,   11985,  2.44
 827,314.00,   45726,  4.58,   33841,  6.89,   11885,  2.42
 828,315.00,   45366,  4.54,   33726,  6.86,   11640,  2.37
 829,316.00,   44114,  4.41,   33020,  6.72,   11094,  2.26
 830,317.00,   42266,  4.23,   31709,  6.45,   10557,  2.15
 831,318.00,   41652,  4.17,   31066,  6.32,   10586,  2.15
 832,319.00,   41657,  4.17,   30878,  6.28,   10779,  2.19
 833,320.00,   41103,  4.11,   30436,  6.19,   10667,  2.17
 834,321.00,   40324,  4.03,   29739,  6.05,   10585,  2.15
 835,322.00,   40034,  4.01,   29081,  5.92,   10953,  2.23
 836,323.00,   39360,  3.94,   27996,  5.70,   11364,  2.31
 837,324.00,   37890,  3.79,   26489,  5.39,   11401,  2.32
 838,325.00,   36564,  3.66,   25345,  5.16,   11219,  2.28
 839,326.00,   35156,  3.52,   23936,  4.87,   11220,  2.28
 840,327.00,   33995,  3.40,   23168,  4.71,   10827,  2.20
 841,328.00,   33335,  3.34,   22671,  4.61,   10664,  2.17
 842,329.00,   31998,  3.20,   21798,  4.43,   10200,  2.08
 843,330.00,   30752,  3.08,   20646,  4.20,   10106,  2.06
 844,331.00,   29515,  2.95,   19704,  4.01,    9811,  2.00
 845,332.00,   27576,  2.76,   18388,  3.74,    9188,  1.87
 846,333.00,   26352,  2.64,   17646,  3.59,    8706,  1.77
 847,334.00,   25157,  2.52,   16679,  3.39,    8478,  1.72
 848,335.00,   23777,  2.38,   15279,  3.11,    8498,  1.73
 849,336.00,   22234,  2.22,   13770,  2.80,    8464,  1.72
 850,337.00,   21285,  2.13,   12844,  2.61,    8441,  1.72
 851,338.00,   20438,  2.05,   12009,  2.44,    8429,  1.71
 852,339.00,   19006,  1.90,   10675,  2.17,    8331,  1.69
 853,340.00,   18081,  1.81,    9678,  1.97,    8403,  1.71
 854,341.00,   17461,  1.75,    8955,  1.82,    8506,  1.73
 855,342.00,   16523,  1.65,    8138,  1.66,    8385,  1.71
 856,343.00,   14782,  1.48,    6597,  1.34,    8185,  1.67
 857,344.00,   13741,  1.37,    5323,  1.08,    8418,  1.71
 858,345.00,   12726,  1.27,    4203,  0.86,    8523,  1.73
 859,346.00,   11906,  1.19,    3033,  0.62,    8873,  1.81
 860,347.00,   11298,  1.13,    2243,  0.46,    9055,  1.84
 861,348.00,   10443,  1.04,    1706,  0.35,    8737,  1.78
 862,349.00,    9698,  0.97,    1181,  0.24,    8517,  1.73
 863,350.00,    9051,  0.91,     315,  0.06,    8736,  1.78
 864,351.00,    8350,  0.84,    -559, -0.11,    8909,  1.81
 865,352.00,    8134,  0.81,   -1162, -0.24,    9296,  1.89
 866,353.00,    7241,  0.72,   -2143, -0.44,    9384,  1.91
 867,354.00,    6052,  0.61,   -3046, -0.62,    9098,  1.85
 868,355.00,    5032,  0.50,   -4217, -0.86,    9249,  1.88
 869,356.00,    3801,  0.38,   -5434, -1.11,    9235,  1.88
 870,357.00,    2466,  0.25,   -6530, -1.33,    8996,  1.83
 871,358.00,    1416,  0.14,   -7536, -1.53,    8952,  1.82
 872,359.00,     483,  0.05,   -8483, -1.73,    8966,  1.82
 873,360.00,     154,  0.02,   -9158, -1.86,    9312,  1.89
 874,361.00,    -340, -0.03,   -9816, -2.00,    9476,  1.93
 875,362.00,   -1290, -0.13,  -10592, -2.16,    9302,  1.89
 876,363.00,   -2265, -0.23,  -11340, -2.31,    9075,  1.85
 877,364.00,   -3750, -0.38,  -12455, -2.53,    8705,  1.77
 878,365.00,   -5358, -0.54,  -13520, -2.75,    8162,  1.66
 879,366.00,   -6957, -0.70,  -14439, -2.94,    7482,  1.52
 880,367.00,   -8484, -0.85,  -15308, -3.11,    6824,  1.39
 881,368.00,   -9781, -0.98,  -16170, -3.29,    6389,  1.30
 882,369.00,  -10803, -1.08,  -16881, -3.43,    6078,  1.24
 883,370.00,  -12043, -1.21,  -17706, -3.60,    5663,  1.15
 884,371.00,  -12823, -1.28,  -18376, -3.74,    5553,  1.13
 885,372.00,  -13722, -1.37,  -19057, -3.88,    5335,  1.09
 886,373.00,  -15125, -1.51,  -20197, -4.11,    5072,  1.03
 887,374.00,  -16448, -1.65,  -21066, -4.29,    4618,  0.94
 888,375.00,  -17065, -1.71,  -21253, -4.32,    4188,  0.85
 889,376.00,  -17613, -1.76,  -21437, -4.36,    3824,  0.78
 890,377.00,  -18563, -1.86,  -22289, -4.53,    3726,  0.76
 891,378.00,  -20404, -2.04,  -23517, -4.78,    3113,  0.63
 892,379.00,  -22200, -2.22,  -24469, -4.98,    2269,  0.46
 893,380.00,  -24041, -2.41,  -25238, -5.13,    1197,  0.24
 894,381.00,  -25187, -2.52,  -25663, -5.22,     476,  0.10
 895,382.00,  -25726, -2.57,  -26241, -5.34,     515,  0.10
 896,383.00,  -25930, -2.59,  -26380, -5.37,     450,  0.09
 897,384.00,  -26342, -2.64,  -26245, -5.34,     -97, -0.02
 898,385.00,  -26908, -2.69,  -26183, -5.33,    -725, -0.15
 899,386.00,  -27690, -2.77,  -26613, -5.41,   -1077, -0.22
 900,387.00,  -27949, -2.80,  -26682, -5.43,   -1267, -0.26
 901,388.00,  -28190, -2.82,  -26636, -5.42,   -1554, -0.32
 902,389.00,  -28754, -2.88,  -26773, -5.45,   -1981, -0.40
 903,390.00,  -28711, -2.87,  -26540, -5.40,   -2171, -0.44
 904,391.00,  -28218, -2.82,  -25886, -5.27,   -2332, -0.47
 905,392.00,  -27811, -2.78,  -25289, -5.15,   -2522, -0.51
 906,393.00,  -27128, -2.71,  -24504, -4.99,   -2624, -0.53
 907,394.00,  -27225, -2.72,  -24192, -4.92,   -3033, -0.62
 908,395.00,  -27384, -2.74,  -24165, -4.92,   -3219, -0.65
 909,396.00,  -27298, -2.73,  -23856, -4.85,   -3442, -0.70
 910,397.00,  -26985, -2.70,  -23474, -4.78,   -3511, -0.71
 911,398.00,  -27020, -2.70,  -23754, -4.83,   -3266, -0.66
 912,399.00,  -27532, -2.75,  -23423, -4.77,   -4109, -0.84
 913,400.00,  -26878, -2.69,  -22395, -4.56,   -4483, -0.91
 914,401.00,  -25892, -2.59,  -21642, -4.40,   -4250, -0.86
 915,402.00,  -26159, -2.62,  -21911, -4.46,   -4248, -0.86
 916,403.00,  -25894, -2.59,  -22151, -4.51,   -3743, -0.76
 917,404.00,  -26179, -2.62,  -22597, -4.60,   -3582, -0.73
 918,405.00,  -25961, -2.60,  -22571, -4.59,   -3390, -0.69
 919,406.00,  -25426, -2.54,  -22222, -4.52,   -3204, -0.65
 920,407.00,  -24645, -2.47,  -22074, -4.49,   -2571, -0.52
 921,408.00,  -24097, -2.41,  -21746, -4.42,   -2351, -0.48
 922,409.00,  -24134, -2.41,  -21616, -4.40,   -2518, -0.51
 923,410.00,  -24551, -2.46,  -21657, -4.41,   -2894, -0.59
 924,411.00,  -24395, -2.44,  -21880, -4.45,   -2515, -0.51
 925,412.00,  -24307, -2.43,  -21631, -4.40,   -2676, -0.54
 926,413.00,  -23618, -2.36,  -21063, -4.29,   -2555, -0.52
 927,414.00,  -22754, -2.28,  -20441, -4.16,   -2313, -0.47
 928,415.00,  -21816, -2.18,  -19791, -4.03,   -2025, -0.41
 929,416.00,  -20780, -2.08,  -18921, -3.85,   -1859, -0.38
 930,417.00,  -19997, -2.00,  -17967, -3.66,   -2030, -0.41
 931,418.00,  -18322, -1.83,  -16483, -3.35,   -1839, -0.37
 932,419.00,  -16889, -1.69,  -15127, -3.08,   -1762, -0.36
 933,420.00,  -15823, -1.58,  -14170, -2.88,   -1653, -0.34
 934,421.00,  -14414, -1.44,  -13278, -2.70,   -1136, -0.23
 935,422.00,  -12974, -1.30,  -12322, -2.51,    -652, -0.13
 936,423.00,  -11457, -1.15,  -11431, -2.33,     -26, -0.00
 937,424.00,   -9843, -0.98,  -10053, -2.05,     210,  0.04
 938,425.00,   -8472, -0.85,   -8944, -1.82,     472,  0.10
 939,426.00,   -7388, -0.74,   -8226, -1.67,     838,  0.17
 940,427.00,   -6727, -0.67,   -7553, -1.54,     826,  0.17
 941,428.00,   -6325, -0.63,   -7381, -1.50,    1056,  0.21
 942,429.00,   -5727, -0.57,   -6739, -1.37,    1012,  0.21
 943,430.00,   -5058, -0.51,   -5806, -1.18,     748,  0.15
 944,431.00,   -4263, -0.43,   -4745, -0.97,     482,  0.10
 945,432.00,   -3436, -0.34,   -3583, -0.73,     147,  0.03
 946,433.00,   -3219, -0.32,   -3189, -0.65,     -30, -0.00
 947,434.00,   -2955, -0.30,   -3185, -0.65,     230,  0.05
 948,435.00,   -2597, -0.26,   -2834, -0.58,     237,  0.05
 949,436.00,   -2547, -0.25,   -2921, -0.59,     374,  0.08
 950,437.00,   -2761, -0.28,   -2871, -0.58,     110,  0.02
 951,438.00,   -2675, -0.27,   -2835, -0.58,     160,  0.03
 952,439.00,   -2458, -0.25,   -2944, -0.60,     486,  0.10
 953,440.00,   -2330, -0.23,   -2908, -0.59,     578,  0.12
 954,441.00,   -2472, -0.25,   -2941, -0.60,     469,  0.10
 955,442.00,   -1970, -0.20,   -2718, -0.55,     748,  0.15
 956,443.00,   -1601, -0.16,   -2344, -0.48,     743,  0.15
 957,444.00,    -620, -0.06,   -1568, -0.32,     948,  0.19
 958,445.00,      64,  0.00,   -1253, -0.25,    1317,  0.27
 959,446.00,     -78, -0.00,   -1395, -0.28,    1317,  0.27
 960,447.00,    -139, -0.01,   -1905, -0.39,    1766,  0.36
 961,448.00,     320,  0.03,   -2172, -0.44,    2492,  0.51
 962,449.00,    1294,  0.13,   -1543, -0.31,    2837,  0.58
 963,450.00,    2061,  0.21,    -701, -0.14,    2762,  0.56
 964,451.00,    2739,  0.27,    -278, -0.06,    3017,  0.61
 965,452.00,    3123,  0.31,    -329, -0.07,    3452,  0.70
 966,453.00,    3081,  0.31,    -313, -0.06,    3394,  0.69
 967,454.00,    3422,  0.34,      62,  0.01,    3360,  0.68
 968,455.00,    4265,  0.43,     477,  0.10,    3788,  0.77
 969,456.00,    5275,  0.53,     924,  0.19,    4351,  0.89
 970,457.00,    6128,  0.61,    1497,  0.30,    4631,  0.94
 971,458.00,    6891,  0.69,    2035,  0.41,    4856,  0.99
 972,459.00,    7292,  0.73,    2334,  0.47,    4958,  1.01
 973,460.00,    7216,  0.72,    1996,  0.41,    5220,  1.06
 974,461.00,    7629,  0.76,    2197,  0.45,    5432,  1.11
 975,462.00,    8047,  0.81,    2141,  0.44,    5906,  1.20
 976,463.00,    8187,  0.82,    1883,  0.38,    6304,  1.28
 977,464.00,    8032,  0.80,    1454,  0.30,    6578,  1.34
 978,465.00,    8050,  0.81,    1382,  0.28,    6668,  1.36
 979,466.00,    7694,  0.77,    1332,  0.27,    6362,  1.29
 980,467.00,    8069,  0.81,    1228,  0.25,    6841,  1.39
 981,468.00,    8332,  0.83,     970,  0.20,    7362,  1.50
 982,469.00,    8668,  0.87,     813,  0.17,    7855,  1.60
 983,470.00,    8867,  0.89,     323,  0.07,    8544,  1.74
 984,471.00,    7702,  0.77,    -241, -0.05,    7943,  1.62
 985,472.00,    6464,  0.65,    -969, -0.20,    7433,  1.51
 986,473.00,    5711,  0.57,   -1802, -0.37,    7513,  1.53
 987,474.00,    5470,  0.55,   -2294, -0.47,    7764,  1.58
 988,475.00,    5498,  0.55,   -2965, -0.60,    8463,  1.72
 989,476.00,    5167,  0.52,   -3762, -0.77,    8929,  1.82
 990,477.00,    4502,  0.45,   -4536, -0.92,    9038,  1.84
 991,478.00,    3738,  0.37,   -5278, -1.07,    9016,  1.83
 992,479.00,    2418,  0.24,   -6319, -1.29,    8737,  1.78
 993,480.00,    1217,  0.12,   -7436, -1.51,    8653,  1.76
 994,481.00,    1195,  0.12,   -8150, -1.66,    9345,  1.90
 995,482.00,     718,  0.07,   -8825, -1.80,    9543,  1.94
 996,483.00,     -76, -0.00,   -9144, -1.86,    9068,  1.84
 997,484.00,    -603, -0.06,   -9244, -1.88,    8641,  1.76
 998,485.00,   -1370, -0.14,   -9602, -1.95,    8232,  1.67
 999,486.00,   -2403, -0.24,  -10456, -2.13,    8053,  1.64
1000,487.00,   -2581, -0.26,  -10859, -2.21,    8278,  1.68
1001,488.00,   -3306, -0.33,  -11291, -2.30,    7985,  1.62
1002,489.00,   -4199, -0.42,  -11340, -2.31,    7141,  1.45
1003,490.00,   -4608, -0.46,  -11617, -2.36,    7009,  1.43
1004,491.00,   -5368, -0.54,  -11844, -2.41,    6476,  1.32
1005,492.00,   -6474, -0.65,  -11998, -2.44,    5524,  1.12
1006,493.00,   -8141, -0.81,  -12488, -2.54,    4347,  0.88
1007,494.00,   -9182, -0.92,  -13038, -2.65,    3856,  0.78
1008,495.00,  -10050, -1.01,  -13426, -2.73,    3376,  0.69
1009,496.00,  -11244, -1.13,  -13887, -2.83,    2643,  0.54
1010,497.00,  -11782, -1.18,  -13836, -2.82,    2054,  0.42
1011,498.00,  -12326, -1.23,  -13893, -2.83,    1567,  0.32
1012,499.00,  -12898, -1.29,  -13907, -2.83,    1009,  0.21
1013,500.00,  -13706, -1.37,  -14084, -2.87,     378,  0.08
1014,501.00,  -15066, -1.51,  -15090, -3.07,      24,  0.00
1015,502.00,  -15910, -1.59,  -15963, -3.25,      53,  0.01
1016,503.00,  -16009, -1.60,  -16315, -3.32,     306,  0.06
1017,504.00,  -16684, -1.67,  -17122, -3.48,     438,  0.09
1018,505.00,  -17221, -1.72,  -17943, -3.65,     722,  0.15
1019,506.00,  -17294, -1.73,  -18561, -3.78,    1267,  0.26
1020,507.00,  -16884, -1.69,  -19241, -3.91,    2357,  0.48
1021,508.00,  -16558, -1.66,  -19643, -4.00,    3085,  0.63
1022,509.00,  -15753, -1.58,  -19622, -3.99,    3869,  0.79
1023,510.00,  -15211, -1.52,  -19741, -4.02,    4530,  0.92
1024,511.00,  -14724, -1.47,  -20005, -4.07,    5281,  1.07
