-----------------------------------------------------------------------------------
Identifier:,IHS5922-20187H02
File Name:,RMLP70B.4
Ear:,L
Channel:,2
Intensity:,70 dB HL
Stim. Rate:,  1.10/s
Stim. Mode:,0
Sweeps:,60
Artifacts:,1
Smp. Period:,1000.00 us
Amp. Gain:, 50.00 K
Low Pass:, 30.00 Hz
High Pass:,  1.00 Hz
Notch Filter:,TRUE
Stimulus:,100
Stim. Freq.:,1000 Hz
Stim. Dur.:,2000 pnts
Masking:,0 dB SPL
Stim. Point:,513
-----------------------------------------------------------------------------------
Peak Information:,Label,Peak(+),Peak(+)(ms),Peak(-),Peak(-)(ms)
,21, 883,370.00, 964,451.00,
-----------------------------------------------------------------------------------


Data Pnt:,Data Pnt(ms):,Average:,Average(uV):,Buffer1:,Buffer1(uV):,Buffer2:,Buffer2(uV):
   1,-512.00,       0,  0.00,       0,  0.00,       0,  0.00
   2,-511.00,       0,  0.00,       0,  0.00,       0,  0.00
   3,-510.00,       0,  0.00,       0,  0.00,       0,  0.00
   4,-509.00,       0,  0.00,       0,  0.00,       0,  0.00
   5,-508.00,       0,  0.00,       0,  0.00,       0,  0.00
   6,-507.00,       0,  0.00,       0,  0.00,       0,  0.00
   7,-506.00,       0,  0.00,       0,  0.00,       0,  0.00
   8,-505.00,       0,  0.00,       0,  0.00,       0,  0.00
   9,-504.00,       0,  0.00,       0,  0.00,       0,  0.00
  10,-503.00,       0,  0.00,       0,  0.00,       0,  0.00
  11,-502.00,       0,  0.00,       0,  0.00,       0,  0.00
  12,-501.00,       0,  0.00,       0,  0.00,       0,  0.00
  13,-500.00,       0,  0.00,       0,  0.00,       0,  0.00
  14,-499.00,       0,  0.00,       0,  0.00,       0,  0.00
  15,-498.00,       0,  0.00,       0,  0.00,       0,  0.00
  16,-497.00,       0,  0.00,       0,  0.00,       0,  0.00
  17,-496.00,       0,  0.00,       0,  0.00,       0,  0.00
  18,-495.00,       0,  0.00,       0,  0.00,       0,  0.00
  19,-494.00,       0,  0.00,       0,  0.00,       0,  0.00
  20,-493.00,       0,  0.00,       0,  0.00,       0,  0.00
  21,-492.00,       0,  0.00,       0,  0.00,       0,  0.00
  22,-491.00,       0,  0.00,       0,  0.00,       0,  0.00
  23,-490.00,       0,  0.00,       0,  0.00,       0,  0.00
  24,-489.00,       0,  0.00,       0,  0.00,       0,  0.00
  25,-488.00,       0,  0.00,       0,  0.00,       0,  0.00
  26,-487.00,       0,  0.00,       0,  0.00,       0,  0.00
  27,-486.00,       0,  0.00,       0,  0.00,       0,  0.00
  28,-485.00,       0,  0.00,       0,  0.00,       0,  0.00
  29,-484.00,       0,  0.00,       0,  0.00,       0,  0.00
  30,-483.00,       0,  0.00,       0,  0.00,       0,  0.00
  31,-482.00,       0,  0.00,       0,  0.00,       0,  0.00
  32,-481.00,       0,  0.00,       0,  0.00,       0,  0.00
  33,-480.00,       0,  0.00,       0,  0.00,       0,  0.00
  34,-479.00,       0,  0.00,       0,  0.00,       0,  0.00
  35,-478.00,       0,  0.00,       0,  0.00,       0,  0.00
  36,-477.00,       0,  0.00,       0,  0.00,       0,  0.00
  37,-476.00,       0,  0.00,       0,  0.00,       0,  0.00
  38,-475.00,       0,  0.00,       0,  0.00,       0,  0.00
  39,-474.00,       0,  0.00,       0,  0.00,       0,  0.00
  40,-473.00,       0,  0.00,       0,  0.00,       0,  0.00
  41,-472.00,       0,  0.00,       0,  0.00,       0,  0.00
  42,-471.00,       0,  0.00,       0,  0.00,       0,  0.00
  43,-470.00,       0,  0.00,       0,  0.00,       0,  0.00
  44,-469.00,       0,  0.00,       0,  0.00,       0,  0.00
  45,-468.00,       0,  0.00,       0,  0.00,       0,  0.00
  46,-467.00,       0,  0.00,       0,  0.00,       0,  0.00
  47,-466.00,       0,  0.00,       0,  0.00,       0,  0.00
  48,-465.00,       0,  0.00,       0,  0.00,       0,  0.00
  49,-464.00,       0,  0.00,       0,  0.00,       0,  0.00
  50,-463.00,       0,  0.00,       0,  0.00,       0,  0.00
  51,-462.00,       0,  0.00,       0,  0.00,       0,  0.00
  52,-461.00,       0,  0.00,       0,  0.00,       0,  0.00
  53,-460.00,       0,  0.00,       0,  0.00,       0,  0.00
  54,-459.00,       0,  0.00,       0,  0.00,       0,  0.00
  55,-458.00,       0,  0.00,       0,  0.00,       0,  0.00
  56,-457.00,       0,  0.00,       0,  0.00,       0,  0.00
  57,-456.00,       0,  0.00,       0,  0.00,       0,  0.00
  58,-455.00,       0,  0.00,       0,  0.00,       0,  0.00
  59,-454.00,       0,  0.00,       0,  0.00,       0,  0.00
  60,-453.00,       0,  0.00,       0,  0.00,       0,  0.00
  61,-452.00,       0,  0.00,       0,  0.00,       0,  0.00
  62,-451.00,       0,  0.00,       0,  0.00,       0,  0.00
  63,-450.00,       0,  0.00,       0,  0.00,       0,  0.00
  64,-449.00,       0,  0.00,       0,  0.00,       0,  0.00
  65,-448.00,       0,  0.00,       0,  0.00,       0,  0.00
  66,-447.00,       0,  0.00,       0,  0.00,       0,  0.00
  67,-446.00,       0,  0.00,       0,  0.00,       0,  0.00
  68,-445.00,       0,  0.00,       0,  0.00,       0,  0.00
  69,-444.00,       0,  0.00,       0,  0.00,       0,  0.00
  70,-443.00,       0,  0.00,       0,  0.00,       0,  0.00
  71,-442.00,       0,  0.00,       0,  0.00,       0,  0.00
  72,-441.00,       0,  0.00,       0,  0.00,       0,  0.00
  73,-440.00,       0,  0.00,       0,  0.00,       0,  0.00
  74,-439.00,       0,  0.00,       0,  0.00,       0,  0.00
  75,-438.00,       0,  0.00,       0,  0.00,       0,  0.00
  76,-437.00,       0,  0.00,       0,  0.00,       0,  0.00
  77,-436.00,       0,  0.00,       0,  0.00,       0,  0.00
  78,-435.00,       0,  0.00,       0,  0.00,       0,  0.00
  79,-434.00,       0,  0.00,       0,  0.00,       0,  0.00
  80,-433.00,       0,  0.00,       0,  0.00,       0,  0.00
  81,-432.00,       0,  0.00,       0,  0.00,       0,  0.00
  82,-431.00,       0,  0.00,       0,  0.00,       0,  0.00
  83,-430.00,       0,  0.00,       0,  0.00,       0,  0.00
  84,-429.00,       0,  0.00,       0,  0.00,       0,  0.00
  85,-428.00,       0,  0.00,       0,  0.00,       0,  0.00
  86,-427.00,       0,  0.00,       0,  0.00,       0,  0.00
  87,-426.00,       0,  0.00,       0,  0.00,       0,  0.00
  88,-425.00,       0,  0.00,       0,  0.00,       0,  0.00
  89,-424.00,       0,  0.00,       0,  0.00,       0,  0.00
  90,-423.00,       0,  0.00,       0,  0.00,       0,  0.00
  91,-422.00,       0,  0.00,       0,  0.00,       0,  0.00
  92,-421.00,       0,  0.00,       0,  0.00,       0,  0.00
  93,-420.00,       0,  0.00,       0,  0.00,       0,  0.00
  94,-419.00,       0,  0.00,       0,  0.00,       0,  0.00
  95,-418.00,       0,  0.00,       0,  0.00,       0,  0.00
  96,-417.00,       0,  0.00,       0,  0.00,       0,  0.00
  97,-416.00,       0,  0.00,       0,  0.00,       0,  0.00
  98,-415.00,       0,  0.00,       0,  0.00,       0,  0.00
  99,-414.00,       0,  0.00,       0,  0.00,       0,  0.00
 100,-413.00,       0,  0.00,       0,  0.00,       0,  0.00
 101,-412.00,       0,  0.00,       0,  0.00,       0,  0.00
 102,-411.00,       0,  0.00,       0,  0.00,       0,  0.00
 103,-410.00,       0,  0.00,       0,  0.00,       0,  0.00
 104,-409.00,       0,  0.00,       0,  0.00,       0,  0.00
 105,-408.00,       0,  0.00,       0,  0.00,       0,  0.00
 106,-407.00,       0,  0.00,       0,  0.00,       0,  0.00
 107,-406.00,       0,  0.00,       0,  0.00,       0,  0.00
 108,-405.00,       0,  0.00,       0,  0.00,       0,  0.00
 109,-404.00,       0,  0.00,       0,  0.00,       0,  0.00
 110,-403.00,       0,  0.00,       0,  0.00,       0,  0.00
 111,-402.00,       0,  0.00,       0,  0.00,       0,  0.00
 112,-401.00,       0,  0.00,       0,  0.00,       0,  0.00
 113,-400.00,       0,  0.00,       0,  0.00,       0,  0.00
 114,-399.00,       0,  0.00,       0,  0.00,       0,  0.00
 115,-398.00,       0,  0.00,       0,  0.00,       0,  0.00
 116,-397.00,   -6698, -0.68,   -6219, -1.27,    -479, -0.10
 117,-396.00,   -6895, -0.70,   -6203, -1.26,    -692, -0.14
 118,-395.00,   -7324, -0.75,   -6189, -1.26,   -1135, -0.23
 119,-394.00,   -7392, -0.75,   -6117, -1.24,   -1275, -0.26
 120,-393.00,   -7966, -0.81,   -6222, -1.27,   -1744, -0.35
 121,-392.00,   -9214, -0.94,   -6670, -1.36,   -2544, -0.52
 122,-391.00,  -10247, -1.04,   -7021, -1.43,   -3226, -0.66
 123,-390.00,  -11634, -1.18,   -7470, -1.52,   -4164, -0.85
 124,-389.00,  -12966, -1.32,   -8086, -1.65,   -4880, -0.99
 125,-388.00,  -14176, -1.44,   -8814, -1.79,   -5362, -1.09
 126,-387.00,  -14685, -1.49,   -9168, -1.87,   -5517, -1.12
 127,-386.00,  -14998, -1.53,   -9199, -1.87,   -5799, -1.18
 128,-385.00,  -15621, -1.59,   -9426, -1.92,   -6195, -1.26
 129,-384.00,  -16376, -1.67,   -9911, -2.02,   -6465, -1.32
 130,-383.00,  -16632, -1.69,   -9905, -2.02,   -6727, -1.37
 131,-382.00,  -16997, -1.73,   -9741, -1.98,   -7256, -1.48
 132,-381.00,  -17123, -1.74,   -9605, -1.95,   -7518, -1.53
 133,-380.00,  -17520, -1.78,   -9904, -2.02,   -7616, -1.55
 134,-379.00,  -18266, -1.86,   -9990, -2.03,   -8276, -1.68
 135,-378.00,  -18759, -1.91,   -9805, -1.99,   -8954, -1.82
 136,-377.00,  -19208, -1.95,   -9688, -1.97,   -9520, -1.94
 137,-376.00,  -19872, -2.02,   -9329, -1.90,  -10543, -2.15
 138,-375.00,  -20761, -2.11,   -8804, -1.79,  -11957, -2.43
 139,-374.00,  -21288, -2.17,   -8286, -1.69,  -13002, -2.65
 140,-373.00,  -22335, -2.27,   -8619, -1.75,  -13716, -2.79
 141,-372.00,  -23961, -2.44,   -9325, -1.90,  -14636, -2.98
 142,-371.00,  -25118, -2.56,   -9861, -2.01,  -15257, -3.10
 143,-370.00,  -26295, -2.67,  -10192, -2.07,  -16103, -3.28
 144,-369.00,  -27359, -2.78,  -10552, -2.15,  -16807, -3.42
 145,-368.00,  -28095, -2.86,  -10873, -2.21,  -17222, -3.50
 146,-367.00,  -29005, -2.95,  -11089, -2.26,  -17916, -3.65
 147,-366.00,  -29472, -3.00,  -11014, -2.24,  -18458, -3.76
 148,-365.00,  -28926, -2.94,  -10193, -2.07,  -18733, -3.81
 149,-364.00,  -28186, -2.87,   -9431, -1.92,  -18755, -3.82
 150,-363.00,  -28142, -2.86,   -9301, -1.89,  -18841, -3.83
 151,-362.00,  -28497, -2.90,   -9825, -2.00,  -18672, -3.80
 152,-361.00,  -28856, -2.94,  -10589, -2.15,  -18267, -3.72
 153,-360.00,  -29086, -2.96,  -11071, -2.25,  -18015, -3.67
 154,-359.00,  -29217, -2.97,  -11692, -2.38,  -17525, -3.57
 155,-358.00,  -29130, -2.96,  -12259, -2.49,  -16871, -3.43
 156,-357.00,  -29422, -2.99,  -13184, -2.68,  -16238, -3.30
 157,-356.00,  -29221, -2.97,  -13798, -2.81,  -15423, -3.14
 158,-355.00,  -28041, -2.85,  -13646, -2.78,  -14395, -2.93
 159,-354.00,  -27373, -2.78,  -13889, -2.83,  -13484, -2.74
 160,-353.00,  -26549, -2.70,  -14198, -2.89,  -12351, -2.51
 161,-352.00,  -26089, -2.65,  -14809, -3.01,  -11280, -2.29
 162,-351.00,  -25584, -2.60,  -15233, -3.10,  -10351, -2.11
 163,-350.00,  -25291, -2.57,  -15337, -3.12,   -9954, -2.03
 164,-349.00,  -25054, -2.55,  -15457, -3.14,   -9597, -1.95
 165,-348.00,  -24818, -2.52,  -15899, -3.23,   -8919, -1.81
 166,-347.00,  -23899, -2.43,  -16077, -3.27,   -7822, -1.59
 167,-346.00,  -22294, -2.27,  -15445, -3.14,   -6849, -1.39
 168,-345.00,  -21089, -2.15,  -14893, -3.03,   -6196, -1.26
 169,-344.00,  -19649, -2.00,  -14303, -2.91,   -5346, -1.09
 170,-343.00,  -18435, -1.88,  -13825, -2.81,   -4610, -0.94
 171,-342.00,  -18157, -1.85,  -13961, -2.84,   -4196, -0.85
 172,-341.00,  -17731, -1.80,  -14100, -2.87,   -3631, -0.74
 173,-340.00,  -17149, -1.74,  -14106, -2.87,   -3043, -0.62
 174,-339.00,  -16641, -1.69,  -14259, -2.90,   -2382, -0.48
 175,-338.00,  -16468, -1.68,  -14194, -2.89,   -2274, -0.46
 176,-337.00,  -15809, -1.61,  -13775, -2.80,   -2034, -0.41
 177,-336.00,  -15658, -1.59,  -13647, -2.78,   -2011, -0.41
 178,-335.00,  -16468, -1.68,  -13836, -2.82,   -2632, -0.54
 179,-334.00,  -17500, -1.78,  -14253, -2.90,   -3247, -0.66
 180,-333.00,  -18356, -1.87,  -14866, -3.02,   -3490, -0.71
 181,-332.00,  -19410, -1.97,  -15656, -3.19,   -3754, -0.76
 182,-331.00,  -20524, -2.09,  -16379, -3.33,   -4145, -0.84
 183,-330.00,  -21338, -2.17,  -16995, -3.46,   -4343, -0.88
 184,-329.00,  -21547, -2.19,  -17507, -3.56,   -4040, -0.82
 185,-328.00,  -22069, -2.25,  -18380, -3.74,   -3689, -0.75
 186,-327.00,  -23130, -2.35,  -19421, -3.95,   -3709, -0.75
 187,-326.00,  -24248, -2.47,  -20596, -4.19,   -3652, -0.74
 188,-325.00,  -25056, -2.55,  -21511, -4.38,   -3545, -0.72
 189,-324.00,  -26051, -2.65,  -22131, -4.50,   -3920, -0.80
 190,-323.00,  -26898, -2.74,  -22891, -4.66,   -4007, -0.82
 191,-322.00,  -27785, -2.83,  -23895, -4.86,   -3890, -0.79
 192,-321.00,  -28617, -2.91,  -24851, -5.06,   -3766, -0.77
 193,-320.00,  -29472, -3.00,  -25760, -5.24,   -3712, -0.76
 194,-319.00,  -29985, -3.05,  -26449, -5.38,   -3536, -0.72
 195,-318.00,  -30468, -3.10,  -27341, -5.56,   -3127, -0.64
 196,-317.00,  -30269, -3.08,  -27760, -5.65,   -2509, -0.51
 197,-316.00,  -29766, -3.03,  -27934, -5.68,   -1832, -0.37
 198,-315.00,  -29624, -3.01,  -28323, -5.76,   -1301, -0.26
 199,-314.00,  -29587, -3.01,  -29020, -5.90,    -567, -0.12
 200,-313.00,  -29851, -3.04,  -29774, -6.06,     -77, -0.02
 201,-312.00,  -29571, -3.01,  -30283, -6.16,     712,  0.14
 202,-311.00,  -28917, -2.94,  -30619, -6.23,    1702,  0.35
 203,-310.00,  -28496, -2.90,  -30848, -6.28,    2352,  0.48
 204,-309.00,  -27828, -2.83,  -30836, -6.27,    3008,  0.61
 205,-308.00,  -27043, -2.75,  -30982, -6.30,    3939,  0.80
 206,-307.00,  -26133, -2.66,  -30670, -6.24,    4537,  0.92
 207,-306.00,  -25671, -2.61,  -30781, -6.26,    5110,  1.04
 208,-305.00,  -24944, -2.54,  -30979, -6.30,    6035,  1.23
 209,-304.00,  -24289, -2.47,  -31025, -6.31,    6736,  1.37
 210,-303.00,  -23602, -2.40,  -31165, -6.34,    7563,  1.54
 211,-302.00,  -23103, -2.35,  -31420, -6.39,    8317,  1.69
 212,-301.00,  -22321, -2.27,  -31230, -6.35,    8909,  1.81
 213,-300.00,  -21297, -2.17,  -30877, -6.28,    9580,  1.95
 214,-299.00,  -20292, -2.06,  -30522, -6.21,   10230,  2.08
 215,-298.00,  -19607, -1.99,  -30092, -6.12,   10485,  2.13
 216,-297.00,  -19060, -1.94,  -29585, -6.02,   10525,  2.14
 217,-296.00,  -18879, -1.92,  -29356, -5.97,   10477,  2.13
 218,-295.00,  -19390, -1.97,  -29171, -5.94,    9781,  1.99
 219,-294.00,  -19807, -2.01,  -28846, -5.87,    9039,  1.84
 220,-293.00,  -19716, -2.01,  -28155, -5.73,    8439,  1.72
 221,-292.00,  -19943, -2.03,  -27797, -5.66,    7854,  1.60
 222,-291.00,  -20500, -2.09,  -27850, -5.67,    7350,  1.50
 223,-290.00,  -20810, -2.12,  -27555, -5.61,    6745,  1.37
 224,-289.00,  -21062, -2.14,  -27002, -5.49,    5940,  1.21
 225,-288.00,  -21585, -2.20,  -26827, -5.46,    5242,  1.07
 226,-287.00,  -22469, -2.29,  -26960, -5.49,    4491,  0.91
 227,-286.00,  -23296, -2.37,  -27271, -5.55,    3975,  0.81
 228,-285.00,  -24214, -2.46,  -27437, -5.58,    3223,  0.66
 229,-284.00,  -25738, -2.62,  -28141, -5.73,    2403,  0.49
 230,-283.00,  -26962, -2.74,  -28954, -5.89,    1992,  0.41
 231,-282.00,  -27836, -2.83,  -29774, -6.06,    1938,  0.39
 232,-281.00,  -28697, -2.92,  -30406, -6.19,    1709,  0.35
 233,-280.00,  -29152, -2.97,  -30768, -6.26,    1616,  0.33
 234,-279.00,  -29028, -2.95,  -31095, -6.33,    2067,  0.42
 235,-278.00,  -29379, -2.99,  -31416, -6.39,    2037,  0.41
 236,-277.00,  -29909, -3.04,  -31588, -6.43,    1679,  0.34
 237,-276.00,  -30035, -3.06,  -31734, -6.46,    1699,  0.35
 238,-275.00,  -29860, -3.04,  -31691, -6.45,    1831,  0.37
 239,-274.00,  -29958, -3.05,  -31557, -6.42,    1599,  0.33
 240,-273.00,  -29909, -3.04,  -31289, -6.37,    1380,  0.28
 241,-272.00,  -29915, -3.04,  -30849, -6.28,     934,  0.19
 242,-271.00,  -29342, -2.98,  -30046, -6.11,     704,  0.14
 243,-270.00,  -29066, -2.96,  -29572, -6.02,     506,  0.10
 244,-269.00,  -28617, -2.91,  -28881, -5.88,     264,  0.05
 245,-268.00,  -28559, -2.91,  -28351, -5.77,    -208, -0.04
 246,-267.00,  -29013, -2.95,  -27761, -5.65,   -1252, -0.25
 247,-266.00,  -29044, -2.95,  -26756, -5.44,   -2288, -0.47
 248,-265.00,  -28738, -2.92,  -25616, -5.21,   -3122, -0.64
 249,-264.00,  -28123, -2.86,  -24679, -5.02,   -3444, -0.70
 250,-263.00,  -27149, -2.76,  -23759, -4.83,   -3390, -0.69
 251,-262.00,  -26342, -2.68,  -22651, -4.61,   -3691, -0.75
 252,-261.00,  -25790, -2.62,  -21821, -4.44,   -3969, -0.81
 253,-260.00,  -25429, -2.59,  -21093, -4.29,   -4336, -0.88
 254,-259.00,  -24887, -2.53,  -20585, -4.19,   -4302, -0.88
 255,-258.00,  -24294, -2.47,  -20278, -4.13,   -4016, -0.82
 256,-257.00,  -23709, -2.41,  -19972, -4.06,   -3737, -0.76
 257,-256.00,  -23187, -2.36,  -19698, -4.01,   -3489, -0.71
 258,-255.00,  -22879, -2.33,  -19717, -4.01,   -3162, -0.64
 259,-254.00,  -22217, -2.26,  -19731, -4.01,   -2486, -0.51
 260,-253.00,  -21440, -2.18,  -19708, -4.01,   -1732, -0.35
 261,-252.00,  -20809, -2.12,  -19778, -4.02,   -1031, -0.21
 262,-251.00,  -19980, -2.03,  -19765, -4.02,    -215, -0.04
 263,-250.00,  -18943, -1.93,  -19491, -3.97,     548,  0.11
 264,-249.00,  -18147, -1.85,  -19506, -3.97,    1359,  0.28
 265,-248.00,  -17773, -1.81,  -19816, -4.03,    2043,  0.42
 266,-247.00,  -17283, -1.76,  -19928, -4.05,    2645,  0.54
 267,-246.00,  -16368, -1.67,  -19890, -4.05,    3522,  0.72
 268,-245.00,  -15611, -1.59,  -19810, -4.03,    4199,  0.85
 269,-244.00,  -14930, -1.52,  -19747, -4.02,    4817,  0.98
 270,-243.00,  -14148, -1.44,  -19765, -4.02,    5617,  1.14
 271,-242.00,  -13313, -1.35,  -19632, -3.99,    6319,  1.29
 272,-241.00,  -11914, -1.21,  -19051, -3.88,    7137,  1.45
 273,-240.00,  -10534, -1.07,  -18572, -3.78,    8038,  1.64
 274,-239.00,   -8917, -0.91,  -17777, -3.62,    8860,  1.80
 275,-238.00,   -7388, -0.75,  -16929, -3.44,    9541,  1.94
 276,-237.00,   -6109, -0.62,  -16271, -3.31,   10162,  2.07
 277,-236.00,   -4299, -0.44,  -15288, -3.11,   10989,  2.24
 278,-235.00,   -2501, -0.25,  -14294, -2.91,   11793,  2.40
 279,-234.00,   -1000, -0.10,  -13346, -2.72,   12346,  2.51
 280,-233.00,     538,  0.05,  -12258, -2.49,   12796,  2.60
 281,-232.00,    2068,  0.21,  -11010, -2.24,   13078,  2.66
 282,-231.00,    3575,  0.36,  -10003, -2.04,   13578,  2.76
 283,-230.00,    4417,  0.45,   -9002, -1.83,   13419,  2.73
 284,-229.00,    5506,  0.56,   -7980, -1.62,   13486,  2.74
 285,-228.00,    6467,  0.66,   -7179, -1.46,   13646,  2.78
 286,-227.00,    6848,  0.70,   -6611, -1.35,   13459,  2.74
 287,-226.00,    7142,  0.73,   -5891, -1.20,   13033,  2.65
 288,-225.00,    7485,  0.76,   -5003, -1.02,   12488,  2.54
 289,-224.00,    7748,  0.79,   -4063, -0.83,   11811,  2.40
 290,-223.00,    7644,  0.78,   -3299, -0.67,   10943,  2.23
 291,-222.00,    7231,  0.74,   -3068, -0.62,   10299,  2.10
 292,-221.00,    6905,  0.70,   -3039, -0.62,    9944,  2.02
 293,-220.00,    6763,  0.69,   -2643, -0.54,    9406,  1.91
 294,-219.00,    7076,  0.72,   -2059, -0.42,    9135,  1.86
 295,-218.00,    7000,  0.71,   -1925, -0.39,    8925,  1.82
 296,-217.00,    7268,  0.74,   -1693, -0.34,    8961,  1.82
 297,-216.00,    7670,  0.78,   -1416, -0.29,    9086,  1.85
 298,-215.00,    7999,  0.81,   -1070, -0.22,    9069,  1.85
 299,-214.00,    8286,  0.84,    -850, -0.17,    9136,  1.86
 300,-213.00,    8514,  0.87,    -676, -0.14,    9190,  1.87
 301,-212.00,    9030,  0.92,    -308, -0.06,    9338,  1.90
 302,-211.00,    9717,  0.99,      71,  0.01,    9646,  1.96
 303,-210.00,   10725,  1.09,     464,  0.09,   10261,  2.09
 304,-209.00,   11239,  1.14,     670,  0.14,   10569,  2.15
 305,-208.00,   11628,  1.18,     859,  0.17,   10769,  2.19
 306,-207.00,   12283,  1.25,    1019,  0.21,   11264,  2.29
 307,-206.00,   12871,  1.31,    1135,  0.23,   11736,  2.39
 308,-205.00,   13266,  1.35,    1333,  0.27,   11933,  2.43
 309,-204.00,   13901,  1.41,    1773,  0.36,   12128,  2.47
 310,-203.00,   14969,  1.52,    2709,  0.55,   12260,  2.49
 311,-202.00,   15913,  1.62,    3209,  0.65,   12704,  2.58
 312,-201.00,   16973,  1.73,    3450,  0.70,   13523,  2.75
 313,-200.00,   17486,  1.78,    3595,  0.73,   13891,  2.83
 314,-199.00,   17658,  1.80,    3473,  0.71,   14185,  2.89
 315,-198.00,   17554,  1.79,    3228,  0.66,   14326,  2.91
 316,-197.00,   17783,  1.81,    3323,  0.68,   14460,  2.94
 317,-196.00,   17676,  1.80,    3277,  0.67,   14399,  2.93
 318,-195.00,   17796,  1.81,    3284,  0.67,   14512,  2.95
 319,-194.00,   18194,  1.85,    3336,  0.68,   14858,  3.02
 320,-193.00,   18259,  1.86,    3205,  0.65,   15054,  3.06
 321,-192.00,   17932,  1.82,    2851,  0.58,   15081,  3.07
 322,-191.00,   17730,  1.80,    2362,  0.48,   15368,  3.13
 323,-190.00,   17782,  1.81,    2116,  0.43,   15666,  3.19
 324,-189.00,   18266,  1.86,    2259,  0.46,   16007,  3.26
 325,-188.00,   18181,  1.85,    1920,  0.39,   16261,  3.31
 326,-187.00,   17852,  1.82,    1398,  0.28,   16454,  3.35
 327,-186.00,   18006,  1.83,    1205,  0.25,   16801,  3.42
 328,-185.00,   18037,  1.83,    1107,  0.23,   16930,  3.44
 329,-184.00,   17759,  1.81,     861,  0.18,   16898,  3.44
 330,-183.00,   17069,  1.74,     286,  0.06,   16783,  3.41
 331,-182.00,   16845,  1.71,      97,  0.02,   16748,  3.41
 332,-181.00,   16629,  1.69,    -148, -0.03,   16777,  3.41
 333,-180.00,   16358,  1.66,    -291, -0.06,   16649,  3.39
 334,-179.00,   15894,  1.62,    -557, -0.11,   16451,  3.35
 335,-178.00,   15137,  1.54,   -1100, -0.22,   16237,  3.30
 336,-177.00,   14515,  1.48,   -1465, -0.30,   15980,  3.25
 337,-176.00,   13535,  1.38,   -2029, -0.41,   15564,  3.17
 338,-175.00,   12116,  1.23,   -2804, -0.57,   14920,  3.04
 339,-174.00,   11082,  1.13,   -3414, -0.69,   14496,  2.95
 340,-173.00,   10078,  1.03,   -3828, -0.78,   13906,  2.83
 341,-172.00,    8926,  0.91,   -4281, -0.87,   13207,  2.69
 342,-171.00,    7611,  0.77,   -4882, -0.99,   12493,  2.54
 343,-170.00,    6697,  0.68,   -5272, -1.07,   11969,  2.44
 344,-169.00,    5584,  0.57,   -6128, -1.25,   11712,  2.38
 345,-168.00,    4749,  0.48,   -6900, -1.40,   11649,  2.37
 346,-167.00,    4035,  0.41,   -7471, -1.52,   11506,  2.34
 347,-166.00,    3264,  0.33,   -7961, -1.62,   11225,  2.28
 348,-165.00,    2613,  0.27,   -8344, -1.70,   10957,  2.23
 349,-164.00,    2246,  0.23,   -8745, -1.78,   10991,  2.24
 350,-163.00,    1583,  0.16,   -9165, -1.86,   10748,  2.19
 351,-162.00,    1281,  0.13,   -9215, -1.87,   10496,  2.14
 352,-161.00,    1356,  0.14,   -8921, -1.82,   10277,  2.09
 353,-160.00,    1362,  0.14,   -8776, -1.79,   10138,  2.06
 354,-159.00,     757,  0.08,   -8812, -1.79,    9569,  1.95
 355,-158.00,      39,  0.00,   -8652, -1.76,    8691,  1.77
 356,-157.00,    -521, -0.05,   -8560, -1.74,    8039,  1.64
 357,-156.00,   -1285, -0.13,   -8452, -1.72,    7167,  1.46
 358,-155.00,   -1905, -0.19,   -8005, -1.63,    6100,  1.24
 359,-154.00,   -2410, -0.25,   -7600, -1.55,    5190,  1.06
 360,-153.00,   -2788, -0.28,   -7129, -1.45,    4341,  0.88
 361,-152.00,   -3055, -0.31,   -6556, -1.33,    3501,  0.71
 362,-151.00,   -3260, -0.33,   -5872, -1.19,    2612,  0.53
 363,-150.00,   -2631, -0.27,   -4890, -0.99,    2259,  0.46
 364,-149.00,   -1469, -0.15,   -3561, -0.72,    2092,  0.43
 365,-148.00,    -159, -0.02,   -2283, -0.46,    2124,  0.43
 366,-147.00,    1237,  0.13,    -915, -0.19,    2152,  0.44
 367,-146.00,    2367,  0.24,     323,  0.07,    2044,  0.42
 368,-145.00,    3237,  0.33,    1240,  0.25,    1997,  0.41
 369,-144.00,    4119,  0.42,    1962,  0.40,    2157,  0.44
 370,-143.00,    5153,  0.52,    2717,  0.55,    2436,  0.50
 371,-142.00,    6508,  0.66,    3804,  0.77,    2704,  0.55
 372,-141.00,    7559,  0.77,    4564,  0.93,    2995,  0.61
 373,-140.00,    8642,  0.88,    5168,  1.05,    3474,  0.71
 374,-139.00,    9801,  1.00,    5934,  1.21,    3867,  0.79
 375,-138.00,   11015,  1.12,    6721,  1.37,    4294,  0.87
 376,-137.00,   12050,  1.23,    7544,  1.53,    4506,  0.92
 377,-136.00,   13197,  1.34,    8305,  1.69,    4892,  1.00
 378,-135.00,   13369,  1.36,    8523,  1.73,    4846,  0.99
 379,-134.00,   13044,  1.33,    8507,  1.73,    4537,  0.92
 380,-133.00,   12601,  1.28,    8761,  1.78,    3840,  0.78
 381,-132.00,   12324,  1.25,    9079,  1.85,    3245,  0.66
 382,-131.00,   12112,  1.23,    9350,  1.90,    2762,  0.56
 383,-130.00,   11955,  1.22,    9341,  1.90,    2614,  0.53
 384,-129.00,   12060,  1.23,    9376,  1.91,    2684,  0.55
 385,-128.00,   11958,  1.22,    9364,  1.91,    2594,  0.53
 386,-127.00,   11953,  1.22,    9293,  1.89,    2660,  0.54
 387,-126.00,   11950,  1.22,    9293,  1.89,    2657,  0.54
 388,-125.00,   11654,  1.19,    9215,  1.87,    2439,  0.50
 389,-124.00,   10870,  1.11,    8894,  1.81,    1976,  0.40
 390,-123.00,    9743,  0.99,    8512,  1.73,    1231,  0.25
 391,-122.00,    8592,  0.87,    8317,  1.69,     275,  0.06
 392,-121.00,    7738,  0.79,    8069,  1.64,    -331, -0.07
 393,-120.00,    6815,  0.69,    7704,  1.57,    -889, -0.18
 394,-119.00,    5745,  0.58,    7251,  1.48,   -1506, -0.31
 395,-118.00,    4731,  0.48,    6783,  1.38,   -2052, -0.42
 396,-117.00,    4500,  0.46,    6508,  1.32,   -2008, -0.41
 397,-116.00,    4311,  0.44,    6101,  1.24,   -1790, -0.36
 398,-115.00,    3678,  0.37,    5247,  1.07,   -1569, -0.32
 399,-114.00,    3060,  0.31,    4494,  0.91,   -1434, -0.29
 400,-113.00,    1902,  0.19,    3612,  0.73,   -1710, -0.35
 401,-112.00,     967,  0.10,    2693,  0.55,   -1726, -0.35
 402,-111.00,     -76, -0.00,    1717,  0.35,   -1793, -0.36
 403,-110.00,   -1118, -0.11,     944,  0.19,   -2062, -0.42
 404,-109.00,   -1896, -0.19,      56,  0.01,   -1952, -0.40
 405,-108.00,   -2682, -0.27,   -1034, -0.21,   -1648, -0.34
 406,-107.00,   -2986, -0.30,   -1799, -0.37,   -1187, -0.24
 407,-106.00,   -3383, -0.34,   -2451, -0.50,    -932, -0.19
 408,-105.00,   -3878, -0.39,   -2983, -0.61,    -895, -0.18
 409,-104.00,   -3930, -0.40,   -3401, -0.69,    -529, -0.11
 410,-103.00,   -4590, -0.47,   -3897, -0.79,    -693, -0.14
 411,-102.00,   -5323, -0.54,   -4273, -0.87,   -1050, -0.21
 412,-101.00,   -5657, -0.58,   -4379, -0.89,   -1278, -0.26
 413,-100.00,   -5928, -0.60,   -4454, -0.91,   -1474, -0.30
 414,-99.00,   -6247, -0.64,   -4315, -0.88,   -1932, -0.39
 415,-98.00,   -6985, -0.71,   -4503, -0.92,   -2482, -0.50
 416,-97.00,   -7928, -0.81,   -4404, -0.90,   -3524, -0.72
 417,-96.00,   -8448, -0.86,   -4194, -0.85,   -4254, -0.87
 418,-95.00,   -8733, -0.89,   -3809, -0.77,   -4924, -1.00
 419,-94.00,   -8827, -0.90,   -3158, -0.64,   -5669, -1.15
 420,-93.00,   -9498, -0.97,   -2922, -0.59,   -6576, -1.34
 421,-92.00,  -10054, -1.02,   -2812, -0.57,   -7242, -1.47
 422,-91.00,  -10450, -1.06,   -2590, -0.53,   -7860, -1.60
 423,-90.00,  -10638, -1.08,   -2042, -0.42,   -8596, -1.75
 424,-89.00,  -10409, -1.06,   -1397, -0.28,   -9012, -1.83
 425,-88.00,   -9956, -1.01,    -943, -0.19,   -9013, -1.83
 426,-87.00,   -9686, -0.99,    -362, -0.07,   -9324, -1.90
 427,-86.00,   -9445, -0.96,     168,  0.03,   -9613, -1.96
 428,-85.00,   -9042, -0.92,     968,  0.20,  -10010, -2.04
 429,-84.00,   -8756, -0.89,    1664,  0.34,  -10420, -2.12
 430,-83.00,   -8339, -0.85,    2575,  0.52,  -10914, -2.22
 431,-82.00,   -7515, -0.76,    3509,  0.71,  -11024, -2.24
 432,-81.00,   -7452, -0.76,    3845,  0.78,  -11297, -2.30
 433,-80.00,   -7427, -0.76,    4285,  0.87,  -11712, -2.38
 434,-79.00,   -7137, -0.73,    4838,  0.98,  -11975, -2.44
 435,-78.00,   -7086, -0.72,    5268,  1.07,  -12354, -2.51
 436,-77.00,   -6917, -0.70,    6049,  1.23,  -12966, -2.64
 437,-76.00,   -6673, -0.68,    6852,  1.39,  -13525, -2.75
 438,-75.00,   -6653, -0.68,    7297,  1.48,  -13950, -2.84
 439,-74.00,   -7327, -0.75,    7172,  1.46,  -14499, -2.95
 440,-73.00,   -8233, -0.84,    6931,  1.41,  -15164, -3.09
 441,-72.00,   -8894, -0.90,    6642,  1.35,  -15536, -3.16
 442,-71.00,   -9857, -1.00,    6206,  1.26,  -16063, -3.27
 443,-70.00,  -11131, -1.13,    5668,  1.15,  -16799, -3.42
 444,-69.00,  -12534, -1.28,    4970,  1.01,  -17504, -3.56
 445,-68.00,  -13443, -1.37,    4441,  0.90,  -17884, -3.64
 446,-67.00,  -13725, -1.40,    4278,  0.87,  -18003, -3.66
 447,-66.00,  -14385, -1.46,    3745,  0.76,  -18130, -3.69
 448,-65.00,  -15194, -1.55,    3057,  0.62,  -18251, -3.71
 449,-64.00,  -16040, -1.63,    2405,  0.49,  -18445, -3.75
 450,-63.00,  -16610, -1.69,    1915,  0.39,  -18525, -3.77
 451,-62.00,  -16824, -1.71,    1675,  0.34,  -18499, -3.76
 452,-61.00,  -16702, -1.70,    1578,  0.32,  -18280, -3.72
 453,-60.00,  -16701, -1.70,    1577,  0.32,  -18278, -3.72
 454,-59.00,  -16573, -1.69,    1610,  0.33,  -18183, -3.70
 455,-58.00,  -16345, -1.66,    1656,  0.34,  -18001, -3.66
 456,-57.00,  -15823, -1.61,    1689,  0.34,  -17512, -3.56
 457,-56.00,  -15737, -1.60,    1378,  0.28,  -17115, -3.48
 458,-55.00,  -15443, -1.57,    1188,  0.24,  -16631, -3.38
 459,-54.00,  -14885, -1.51,    1280,  0.26,  -16165, -3.29
 460,-53.00,  -14122, -1.44,    1313,  0.27,  -15435, -3.14
 461,-52.00,  -13336, -1.36,    1338,  0.27,  -14674, -2.99
 462,-51.00,  -12070, -1.23,    1937,  0.39,  -14007, -2.85
 463,-50.00,  -10843, -1.10,    2478,  0.50,  -13321, -2.71
 464,-49.00,   -9848, -1.00,    2685,  0.55,  -12533, -2.55
 465,-48.00,   -9348, -0.95,    2543,  0.52,  -11891, -2.42
 466,-47.00,   -8968, -0.91,    2347,  0.48,  -11315, -2.30
 467,-46.00,   -8156, -0.83,    2489,  0.51,  -10645, -2.17
 468,-45.00,   -7651, -0.78,    2683,  0.55,  -10334, -2.10
 469,-44.00,   -7360, -0.75,    2514,  0.51,   -9874, -2.01
 470,-43.00,   -7075, -0.72,    2340,  0.48,   -9415, -1.92
 471,-42.00,   -6838, -0.70,    2334,  0.47,   -9172, -1.87
 472,-41.00,   -6278, -0.64,    2477,  0.50,   -8755, -1.78
 473,-40.00,   -5720, -0.58,    2555,  0.52,   -8275, -1.68
 474,-39.00,   -5184, -0.53,    2711,  0.55,   -7895, -1.61
 475,-38.00,   -4637, -0.47,    2708,  0.55,   -7345, -1.49
 476,-37.00,   -4200, -0.43,    2648,  0.54,   -6848, -1.39
 477,-36.00,   -3979, -0.40,    2425,  0.49,   -6404, -1.30
 478,-35.00,   -3660, -0.37,    2220,  0.45,   -5880, -1.20
 479,-34.00,   -3117, -0.32,    1928,  0.39,   -5045, -1.03
 480,-33.00,   -3010, -0.31,    1210,  0.25,   -4220, -0.86
 481,-32.00,   -2674, -0.27,     578,  0.12,   -3252, -0.66
 482,-31.00,   -1987, -0.20,     223,  0.05,   -2210, -0.45
 483,-30.00,   -1223, -0.12,    -241, -0.05,    -982, -0.20
 484,-29.00,    -995, -0.10,   -1138, -0.23,     143,  0.03
 485,-28.00,    -557, -0.06,   -1966, -0.40,    1409,  0.29
 486,-27.00,     120,  0.01,   -2866, -0.58,    2986,  0.61
 487,-26.00,     259,  0.03,   -3971, -0.81,    4230,  0.86
 488,-25.00,     151,  0.02,   -5158, -1.05,    5309,  1.08
 489,-24.00,      54,  0.00,   -6087, -1.24,    6141,  1.25
 490,-23.00,    -279, -0.03,   -6936, -1.41,    6657,  1.35
 491,-22.00,    -623, -0.06,   -7935, -1.61,    7312,  1.49
 492,-21.00,    -988, -0.10,   -8790, -1.79,    7802,  1.59
 493,-20.00,   -1440, -0.15,   -9664, -1.97,    8224,  1.67
 494,-19.00,   -1753, -0.18,  -10349, -2.11,    8596,  1.75
 495,-18.00,   -1794, -0.18,  -10707, -2.18,    8913,  1.81
 496,-17.00,   -1781, -0.18,  -10702, -2.18,    8921,  1.82
 497,-16.00,   -1500, -0.15,  -10398, -2.12,    8898,  1.81
 498,-15.00,   -1761, -0.18,  -10537, -2.14,    8776,  1.79
 499,-14.00,   -1878, -0.19,  -10492, -2.13,    8614,  1.75
 500,-13.00,   -1705, -0.17,  -10150, -2.07,    8445,  1.72
 501,-12.00,   -1435, -0.15,   -9672, -1.97,    8237,  1.68
 502,-11.00,   -1094, -0.11,   -9229, -1.88,    8135,  1.66
 503,-10.00,    -921, -0.09,   -8966, -1.82,    8045,  1.64
 504,-9.00,    -875, -0.09,   -8548, -1.74,    7673,  1.56
 505,-8.00,   -1063, -0.11,   -8074, -1.64,    7011,  1.43
 506,-7.00,   -1243, -0.13,   -7633, -1.55,    6390,  1.30
 507,-6.00,   -1536, -0.16,   -7188, -1.46,    5652,  1.15
 508,-5.00,   -1578, -0.16,   -6454, -1.31,    4876,  0.99
 509,-4.00,   -1601, -0.16,   -5773, -1.17,    4172,  0.85
 510,-3.00,   -1463, -0.15,   -5204, -1.06,    3741,  0.76
 511,-2.00,   -1408, -0.14,   -4802, -0.98,    3394,  0.69
 512,-1.00,   -1154, -0.12,   -4127, -0.84,    2973,  0.60
 513,0.00,   -1050, -0.11,   -3621, -0.74,    2571,  0.52
 514,1.00,   -1025, -0.10,   -3261, -0.66,    2236,  0.45
 515,2.00,    -795, -0.08,   -2719, -0.55,    1924,  0.39
 516,3.00,    -181, -0.02,   -2074, -0.42,    1893,  0.39
 517,4.00,     989,  0.10,   -1173, -0.24,    2162,  0.44
 518,5.00,    2056,  0.21,    -311, -0.06,    2367,  0.48
 519,6.00,    2579,  0.26,     409,  0.08,    2170,  0.44
 520,7.00,    3241,  0.33,    1173,  0.24,    2068,  0.42
 521,8.00,    4020,  0.41,    1899,  0.39,    2121,  0.43
 522,9.00,    4751,  0.48,    2726,  0.55,    2025,  0.41
 523,10.00,    5145,  0.52,    3248,  0.66,    1897,  0.39
 524,11.00,    5430,  0.55,    3972,  0.81,    1458,  0.30
 525,12.00,    5700,  0.58,    4690,  0.95,    1010,  0.21
 526,13.00,    6096,  0.62,    5447,  1.11,     649,  0.13
 527,14.00,    6674,  0.68,    6223,  1.27,     451,  0.09
 528,15.00,    7290,  0.74,    6994,  1.42,     296,  0.06
 529,16.00,    7624,  0.78,    7741,  1.57,    -117, -0.02
 530,17.00,    7904,  0.80,    8418,  1.71,    -514, -0.10
 531,18.00,    8352,  0.85,    9147,  1.86,    -795, -0.16
 532,19.00,    8318,  0.85,    9606,  1.95,   -1288, -0.26
 533,20.00,    7998,  0.81,    9991,  2.03,   -1993, -0.41
 534,21.00,    7487,  0.76,   10340,  2.10,   -2853, -0.58
 535,22.00,    6986,  0.71,   10555,  2.15,   -3569, -0.73
 536,23.00,    6601,  0.67,   10816,  2.20,   -4215, -0.86
 537,24.00,    6392,  0.65,   11261,  2.29,   -4869, -0.99
 538,25.00,    5878,  0.60,   11409,  2.32,   -5531, -1.13
 539,26.00,    5410,  0.55,   11436,  2.33,   -6026, -1.23
 540,27.00,    5299,  0.54,   11602,  2.36,   -6303, -1.28
 541,28.00,    5253,  0.53,   11966,  2.43,   -6713, -1.37
 542,29.00,    5164,  0.53,   12131,  2.47,   -6967, -1.42
 543,30.00,    4704,  0.48,   11979,  2.44,   -7275, -1.48
 544,31.00,    4411,  0.45,   11829,  2.41,   -7418, -1.51
 545,32.00,    4351,  0.44,   11837,  2.41,   -7486, -1.52
 546,33.00,    4634,  0.47,   11857,  2.41,   -7223, -1.47
 547,34.00,    4815,  0.49,   11625,  2.37,   -6810, -1.39
 548,35.00,    5255,  0.53,   11514,  2.34,   -6259, -1.27
 549,36.00,    5614,  0.57,   11338,  2.31,   -5724, -1.16
 550,37.00,    6113,  0.62,   11243,  2.29,   -5130, -1.04
 551,38.00,    6577,  0.67,   11308,  2.30,   -4731, -0.96
 552,39.00,    7059,  0.72,   11572,  2.35,   -4513, -0.92
 553,40.00,    7624,  0.78,   11633,  2.37,   -4009, -0.82
 554,41.00,    8430,  0.86,   11609,  2.36,   -3179, -0.65
 555,42.00,    9109,  0.93,   11545,  2.35,   -2436, -0.50
 556,43.00,    9613,  0.98,   11686,  2.38,   -2073, -0.42
 557,44.00,   10621,  1.08,   12226,  2.49,   -1605, -0.33
 558,45.00,   11455,  1.17,   12739,  2.59,   -1284, -0.26
 559,46.00,   12314,  1.25,   13177,  2.68,    -863, -0.18
 560,47.00,   13170,  1.34,   13737,  2.79,    -567, -0.12
 561,48.00,   14385,  1.46,   14308,  2.91,      77,  0.02
 562,49.00,   15669,  1.59,   14906,  3.03,     763,  0.16
 563,50.00,   16537,  1.68,   15423,  3.14,    1114,  0.23
 564,51.00,   17753,  1.81,   15891,  3.23,    1862,  0.38
 565,52.00,   18869,  1.92,   16212,  3.30,    2657,  0.54
 566,53.00,   19909,  2.03,   16805,  3.42,    3104,  0.63
 567,54.00,   20512,  2.09,   17225,  3.50,    3287,  0.67
 568,55.00,   21180,  2.15,   17753,  3.61,    3427,  0.70
 569,56.00,   22510,  2.29,   18361,  3.74,    4149,  0.84
 570,57.00,   23814,  2.42,   18816,  3.83,    4998,  1.02
 571,58.00,   25244,  2.57,   19286,  3.92,    5958,  1.21
 572,59.00,   25991,  2.64,   19483,  3.96,    6508,  1.32
 573,60.00,   26237,  2.67,   19277,  3.92,    6960,  1.42
 574,61.00,   26654,  2.71,   19082,  3.88,    7572,  1.54
 575,62.00,   27312,  2.78,   19170,  3.90,    8142,  1.66
 576,63.00,   27976,  2.85,   19344,  3.94,    8632,  1.76
 577,64.00,   28770,  2.93,   19345,  3.94,    9425,  1.92
 578,65.00,   29243,  2.97,   19393,  3.95,    9850,  2.00
 579,66.00,   29779,  3.03,   19767,  4.02,   10012,  2.04
 580,67.00,   30578,  3.11,   20295,  4.13,   10283,  2.09
 581,68.00,   31121,  3.17,   20423,  4.16,   10698,  2.18
 582,69.00,   31663,  3.22,   20593,  4.19,   11070,  2.25
 583,70.00,   32160,  3.27,   20746,  4.22,   11414,  2.32
 584,71.00,   33025,  3.36,   20767,  4.23,   12258,  2.49
 585,72.00,   34292,  3.49,   20810,  4.23,   13482,  2.74
 586,73.00,   35646,  3.63,   20906,  4.25,   14740,  3.00
 587,74.00,   36796,  3.74,   20980,  4.27,   15816,  3.22
 588,75.00,   38445,  3.91,   21342,  4.34,   17103,  3.48
 589,76.00,   39984,  4.07,   21827,  4.44,   18157,  3.69
 590,77.00,   41679,  4.24,   22492,  4.58,   19187,  3.90
 591,78.00,   43250,  4.40,   23212,  4.72,   20038,  4.08
 592,79.00,   44708,  4.55,   24059,  4.89,   20649,  4.20
 593,80.00,   46388,  4.72,   24980,  5.08,   21408,  4.36
 594,81.00,   47719,  4.85,   25655,  5.22,   22064,  4.49
 595,82.00,   48827,  4.97,   26525,  5.40,   22302,  4.54
 596,83.00,   50101,  5.10,   27322,  5.56,   22779,  4.63
 597,84.00,   50835,  5.17,   27504,  5.60,   23331,  4.75
 598,85.00,   51767,  5.27,   27817,  5.66,   23950,  4.87
 599,86.00,   52554,  5.35,   28019,  5.70,   24535,  4.99
 600,87.00,   53367,  5.43,   28360,  5.77,   25007,  5.09
 601,88.00,   53926,  5.49,   28633,  5.83,   25293,  5.15
 602,89.00,   54147,  5.51,   28784,  5.86,   25363,  5.16
 603,90.00,   53844,  5.48,   28638,  5.83,   25206,  5.13
 604,91.00,   53094,  5.40,   27997,  5.70,   25097,  5.11
 605,92.00,   52422,  5.33,   27514,  5.60,   24908,  5.07
 606,93.00,   51537,  5.24,   26901,  5.47,   24636,  5.01
 607,94.00,   50088,  5.10,   25729,  5.23,   24359,  4.96
 608,95.00,   48751,  4.96,   24702,  5.03,   24049,  4.89
 609,96.00,   47443,  4.83,   23561,  4.79,   23882,  4.86
 610,97.00,   45974,  4.68,   22394,  4.56,   23580,  4.80
 611,98.00,   44422,  4.52,   21235,  4.32,   23187,  4.72
 612,99.00,   42865,  4.36,   20162,  4.10,   22703,  4.62
 613,100.00,   41401,  4.21,   19196,  3.91,   22205,  4.52
 614,101.00,   39590,  4.03,   18206,  3.70,   21384,  4.35
 615,102.00,   37784,  3.84,   17413,  3.54,   20371,  4.14
 616,103.00,   36337,  3.70,   16851,  3.43,   19486,  3.96
 617,104.00,   35373,  3.60,   16552,  3.37,   18821,  3.83
 618,105.00,   34320,  3.49,   16279,  3.31,   18041,  3.67
 619,106.00,   33332,  3.39,   16019,  3.26,   17313,  3.52
 620,107.00,   32440,  3.30,   15717,  3.20,   16723,  3.40
 621,108.00,   31199,  3.17,   15282,  3.11,   15917,  3.24
 622,109.00,   29697,  3.02,   15030,  3.06,   14667,  2.98
 623,110.00,   27763,  2.82,   14665,  2.98,   13098,  2.66
 624,111.00,   25355,  2.58,   14050,  2.86,   11305,  2.30
 625,112.00,   23156,  2.36,   13369,  2.72,    9787,  1.99
 626,113.00,   21132,  2.15,   12770,  2.60,    8362,  1.70
 627,114.00,   18958,  1.93,   12276,  2.50,    6682,  1.36
 628,115.00,   16739,  1.70,   11713,  2.38,    5026,  1.02
 629,116.00,   14846,  1.51,   11465,  2.33,    3381,  0.69
 630,117.00,   12478,  1.27,   10992,  2.24,    1486,  0.30
 631,118.00,    9798,  1.00,   10144,  2.06,    -346, -0.07
 632,119.00,    6966,  0.71,    9003,  1.83,   -2037, -0.41
 633,120.00,    3975,  0.40,    7834,  1.59,   -3859, -0.79
 634,121.00,     752,  0.08,    6808,  1.39,   -6056, -1.23
 635,122.00,   -2149, -0.22,    5840,  1.19,   -7989, -1.63
 636,123.00,   -5041, -0.51,    4832,  0.98,   -9873, -2.01
 637,124.00,   -7932, -0.81,    3889,  0.79,  -11821, -2.41
 638,125.00,  -11283, -1.15,    2726,  0.55,  -14009, -2.85
 639,126.00,  -14421, -1.47,    1695,  0.34,  -16116, -3.28
 640,127.00,  -16874, -1.72,    1108,  0.23,  -17982, -3.66
 641,128.00,  -19740, -2.01,     137,  0.03,  -19877, -4.04
 642,129.00,  -22679, -2.31,    -833, -0.17,  -21846, -4.44
 643,130.00,  -25555, -2.60,   -1515, -0.31,  -24040, -4.89
 644,131.00,  -27674, -2.82,   -1835, -0.37,  -25839, -5.26
 645,132.00,  -29594, -3.01,   -2247, -0.46,  -27347, -5.56
 646,133.00,  -31429, -3.20,   -2657, -0.54,  -28772, -5.85
 647,134.00,  -33426, -3.40,   -3369, -0.69,  -30057, -6.12
 648,135.00,  -35638, -3.63,   -4155, -0.85,  -31483, -6.41
 649,136.00,  -37875, -3.85,   -5068, -1.03,  -32807, -6.67
 650,137.00,  -40112, -4.08,   -6052, -1.23,  -34060, -6.93
 651,138.00,  -42306, -4.30,   -6684, -1.36,  -35622, -7.25
 652,139.00,  -44645, -4.54,   -7101, -1.44,  -37544, -7.64
 653,140.00,  -46866, -4.77,   -7571, -1.54,  -39295, -7.99
 654,141.00,  -48901, -4.97,   -8362, -1.70,  -40539, -8.25
 655,142.00,  -50541, -5.14,   -8926, -1.82,  -41615, -8.47
 656,143.00,  -52021, -5.29,   -9331, -1.90,  -42690, -8.69
 657,144.00,  -53609, -5.45,   -9944, -2.02,  -43665, -8.88
 658,145.00,  -55605, -5.66,  -10721, -2.18,  -44884, -9.13
 659,146.00,  -58068, -5.91,  -11908, -2.42,  -46160, -9.39
 660,147.00,  -60416, -6.15,  -12975, -2.64,  -47441, -9.65
 661,148.00,  -62529, -6.36,  -14039, -2.86,  -48490, -9.87
 662,149.00,  -64500, -6.56,  -15216, -3.10,  -49284,-10.03
 663,150.00,  -66223, -6.74,  -16235, -3.30,  -49988,-10.17
 664,151.00,  -67963, -6.91,  -17379, -3.54,  -50584,-10.29
 665,152.00,  -69047, -7.02,  -18081, -3.68,  -50966,-10.37
 666,153.00,  -69662, -7.09,  -18418, -3.75,  -51244,-10.43
 667,154.00,  -69996, -7.12,  -18827, -3.83,  -51169,-10.41
 668,155.00,  -70791, -7.20,  -19689, -4.01,  -51102,-10.40
 669,156.00,  -71476, -7.27,  -20396, -4.15,  -51080,-10.39
 670,157.00,  -71909, -7.32,  -20898, -4.25,  -51011,-10.38
 671,158.00,  -72051, -7.33,  -21178, -4.31,  -50873,-10.35
 672,159.00,  -72179, -7.34,  -21534, -4.38,  -50645,-10.30
 673,160.00,  -72069, -7.33,  -21657, -4.41,  -50412,-10.26
 674,161.00,  -72033, -7.33,  -21921, -4.46,  -50112,-10.20
 675,162.00,  -72035, -7.33,  -22434, -4.56,  -49601,-10.09
 676,163.00,  -71891, -7.31,  -22558, -4.59,  -49333,-10.04
 677,164.00,  -71838, -7.31,  -22680, -4.61,  -49158,-10.00
 678,165.00,  -71994, -7.32,  -23081, -4.70,  -48913, -9.95
 679,166.00,  -72084, -7.33,  -23217, -4.72,  -48867, -9.94
 680,167.00,  -72294, -7.35,  -23508, -4.78,  -48786, -9.93
 681,168.00,  -72499, -7.38,  -24053, -4.89,  -48446, -9.86
 682,169.00,  -72382, -7.36,  -24348, -4.95,  -48034, -9.77
 683,170.00,  -72145, -7.34,  -24622, -5.01,  -47523, -9.67
 684,171.00,  -72016, -7.33,  -25274, -5.14,  -46742, -9.51
 685,172.00,  -71851, -7.31,  -26207, -5.33,  -45644, -9.29
 686,173.00,  -71468, -7.27,  -27080, -5.51,  -44388, -9.03
 687,174.00,  -70865, -7.21,  -27802, -5.66,  -43063, -8.76
 688,175.00,  -70061, -7.13,  -28341, -5.77,  -41720, -8.49
 689,176.00,  -69234, -7.04,  -28668, -5.83,  -40566, -8.25
 690,177.00,  -68244, -6.94,  -28801, -5.86,  -39443, -8.02
 691,178.00,  -67158, -6.83,  -28699, -5.84,  -38459, -7.82
 692,179.00,  -66029, -6.72,  -28368, -5.77,  -37661, -7.66
 693,180.00,  -64960, -6.61,  -28084, -5.71,  -36876, -7.50
 694,181.00,  -64023, -6.51,  -27865, -5.67,  -36158, -7.36
 695,182.00,  -62906, -6.40,  -27677, -5.63,  -35229, -7.17
 696,183.00,  -61856, -6.29,  -27617, -5.62,  -34239, -6.97
 697,184.00,  -60480, -6.15,  -27413, -5.58,  -33067, -6.73
 698,185.00,  -59253, -6.03,  -27206, -5.54,  -32047, -6.52
 699,186.00,  -58352, -5.94,  -27187, -5.53,  -31165, -6.34
 700,187.00,  -56925, -5.79,  -26607, -5.41,  -30318, -6.17
 701,188.00,  -55470, -5.64,  -26031, -5.30,  -29439, -5.99
 702,189.00,  -54162, -5.51,  -25512, -5.19,  -28650, -5.83
 703,190.00,  -52731, -5.36,  -24878, -5.06,  -27853, -5.67
 704,191.00,  -51625, -5.25,  -24429, -4.97,  -27196, -5.53
 705,192.00,  -50613, -5.15,  -23822, -4.85,  -26791, -5.45
 706,193.00,  -49556, -5.04,  -23087, -4.70,  -26469, -5.39
 707,194.00,  -48307, -4.91,  -22182, -4.51,  -26125, -5.32
 708,195.00,  -47013, -4.78,  -21217, -4.32,  -25796, -5.25
 709,196.00,  -45696, -4.65,  -20357, -4.14,  -25339, -5.16
 710,197.00,  -44924, -4.57,  -19649, -4.00,  -25275, -5.14
 711,198.00,  -44240, -4.50,  -18870, -3.84,  -25370, -5.16
 712,199.00,  -43302, -4.41,  -17959, -3.65,  -25343, -5.16
 713,200.00,  -42748, -4.35,  -17116, -3.48,  -25632, -5.22
 714,201.00,  -42450, -4.32,  -16327, -3.32,  -26123, -5.31
 715,202.00,  -42123, -4.29,  -15474, -3.15,  -26649, -5.42
 716,203.00,  -41595, -4.23,  -14405, -2.93,  -27190, -5.53
 717,204.00,  -40955, -4.17,  -13439, -2.73,  -27516, -5.60
 718,205.00,  -40795, -4.15,  -13108, -2.67,  -27687, -5.63
 719,206.00,  -41035, -4.17,  -13122, -2.67,  -27913, -5.68
 720,207.00,  -41580, -4.23,  -13244, -2.69,  -28336, -5.77
 721,208.00,  -41723, -4.24,  -13118, -2.67,  -28605, -5.82
 722,209.00,  -41762, -4.25,  -12870, -2.62,  -28892, -5.88
 723,210.00,  -41510, -4.22,  -12712, -2.59,  -28798, -5.86
 724,211.00,  -41123, -4.18,  -12654, -2.57,  -28469, -5.79
 725,212.00,  -40754, -4.15,  -12548, -2.55,  -28206, -5.74
 726,213.00,  -40239, -4.09,  -12372, -2.52,  -27867, -5.67
 727,214.00,  -39008, -3.97,  -11733, -2.39,  -27275, -5.55
 728,215.00,  -37983, -3.86,  -11152, -2.27,  -26831, -5.46
 729,216.00,  -36909, -3.75,  -10342, -2.10,  -26567, -5.41
 730,217.00,  -35731, -3.63,   -9612, -1.96,  -26119, -5.31
 731,218.00,  -34683, -3.53,   -8946, -1.82,  -25737, -5.24
 732,219.00,  -33765, -3.43,   -8416, -1.71,  -25349, -5.16
 733,220.00,  -33054, -3.36,   -8133, -1.65,  -24921, -5.07
 734,221.00,  -32123, -3.27,   -7693, -1.57,  -24430, -4.97
 735,222.00,  -31308, -3.18,   -7286, -1.48,  -24022, -4.89
 736,223.00,  -30426, -3.10,   -7026, -1.43,  -23400, -4.76
 737,224.00,  -29600, -3.01,   -6760, -1.38,  -22840, -4.65
 738,225.00,  -28705, -2.92,   -6374, -1.30,  -22331, -4.54
 739,226.00,  -28030, -2.85,   -6169, -1.26,  -21861, -4.45
 740,227.00,  -27060, -2.75,   -6133, -1.25,  -20927, -4.26
 741,228.00,  -26061, -2.65,   -6132, -1.25,  -19929, -4.05
 742,229.00,  -24669, -2.51,   -5837, -1.19,  -18832, -3.83
 743,230.00,  -22941, -2.33,   -5551, -1.13,  -17390, -3.54
 744,231.00,  -21536, -2.19,   -5320, -1.08,  -16216, -3.30
 745,232.00,  -20501, -2.09,   -5237, -1.07,  -15264, -3.11
 746,233.00,  -19222, -1.96,   -4979, -1.01,  -14243, -2.90
 747,234.00,  -18018, -1.83,   -4656, -0.95,  -13362, -2.72
 748,235.00,  -16724, -1.70,   -4106, -0.84,  -12618, -2.57
 749,236.00,  -15522, -1.58,   -3661, -0.74,  -11861, -2.41
 750,237.00,  -14533, -1.48,   -3405, -0.69,  -11128, -2.26
 751,238.00,  -13731, -1.40,   -3344, -0.68,  -10387, -2.11
 752,239.00,  -12819, -1.30,   -3380, -0.69,   -9439, -1.92
 753,240.00,  -12053, -1.23,   -3729, -0.76,   -8324, -1.69
 754,241.00,  -11689, -1.19,   -4133, -0.84,   -7556, -1.54
 755,242.00,  -11461, -1.17,   -4770, -0.97,   -6691, -1.36
 756,243.00,  -10953, -1.11,   -5437, -1.11,   -5516, -1.12
 757,244.00,  -10259, -1.04,   -5872, -1.19,   -4387, -0.89
 758,245.00,   -9602, -0.98,   -6181, -1.26,   -3421, -0.70
 759,246.00,   -8984, -0.91,   -6409, -1.30,   -2575, -0.52
 760,247.00,   -8261, -0.84,   -6440, -1.31,   -1821, -0.37
 761,248.00,   -7690, -0.78,   -6738, -1.37,    -952, -0.19
 762,249.00,   -7465, -0.76,   -7294, -1.48,    -171, -0.03
 763,250.00,   -6628, -0.67,   -7672, -1.56,    1044,  0.21
 764,251.00,   -5091, -0.52,   -7657, -1.56,    2566,  0.52
 765,252.00,   -3263, -0.33,   -7579, -1.54,    4316,  0.88
 766,253.00,   -1671, -0.17,   -7708, -1.57,    6037,  1.23
 767,254.00,     -44, -0.00,   -7622, -1.55,    7578,  1.54
 768,255.00,    1225,  0.12,   -7355, -1.50,    8580,  1.75
 769,256.00,    2339,  0.24,   -7164, -1.46,    9503,  1.93
 770,257.00,    3486,  0.35,   -6924, -1.41,   10410,  2.12
 771,258.00,    5004,  0.51,   -6527, -1.33,   11531,  2.35
 772,259.00,    6480,  0.66,   -6106, -1.24,   12586,  2.56
 773,260.00,    8245,  0.84,   -5554, -1.13,   13799,  2.81
 774,261.00,    9885,  1.01,   -5033, -1.02,   14918,  3.04
 775,262.00,   11514,  1.17,   -4420, -0.90,   15934,  3.24
 776,263.00,   13434,  1.37,   -3653, -0.74,   17087,  3.48
 777,264.00,   14886,  1.51,   -3119, -0.63,   18005,  3.66
 778,265.00,   16075,  1.64,   -2719, -0.55,   18794,  3.82
 779,266.00,   17395,  1.77,   -2225, -0.45,   19620,  3.99
 780,267.00,   18622,  1.89,   -1755, -0.36,   20377,  4.15
 781,268.00,   20161,  2.05,   -1221, -0.25,   21382,  4.35
 782,269.00,   21804,  2.22,    -385, -0.08,   22189,  4.51
 783,270.00,   23417,  2.38,     548,  0.11,   22869,  4.65
 784,271.00,   24947,  2.54,    1322,  0.27,   23625,  4.81
 785,272.00,   26563,  2.70,    2080,  0.42,   24483,  4.98
 786,273.00,   28213,  2.87,    3048,  0.62,   25165,  5.12
 787,274.00,   29803,  3.03,    4100,  0.83,   25703,  5.23
 788,275.00,   30990,  3.15,    4852,  0.99,   26138,  5.32
 789,276.00,   31961,  3.25,    5305,  1.08,   26656,  5.42
 790,277.00,   32993,  3.36,    5634,  1.15,   27359,  5.57
 791,278.00,   34341,  3.49,    6231,  1.27,   28110,  5.72
 792,279.00,   35611,  3.62,    6954,  1.41,   28657,  5.83
 793,280.00,   36459,  3.71,    7534,  1.53,   28925,  5.88
 794,281.00,   36662,  3.73,    7774,  1.58,   28888,  5.88
 795,282.00,   36445,  3.71,    7791,  1.59,   28654,  5.83
 796,283.00,   36888,  3.75,    8261,  1.68,   28627,  5.82
 797,284.00,   37302,  3.79,    8620,  1.75,   28682,  5.84
 798,285.00,   37448,  3.81,    8830,  1.80,   28618,  5.82
 799,286.00,   37973,  3.86,    9096,  1.85,   28877,  5.88
 800,287.00,   38519,  3.92,    9407,  1.91,   29112,  5.92
 801,288.00,   38540,  3.92,    9619,  1.96,   28921,  5.88
 802,289.00,   38452,  3.91,    9762,  1.99,   28690,  5.84
 803,290.00,   38590,  3.93,   10113,  2.06,   28477,  5.79
 804,291.00,   38841,  3.95,   10396,  2.12,   28445,  5.79
 805,292.00,   38826,  3.95,   10497,  2.14,   28329,  5.76
 806,293.00,   38359,  3.90,   10431,  2.12,   27928,  5.68
 807,294.00,   37818,  3.85,   10560,  2.15,   27258,  5.55
 808,295.00,   37764,  3.84,   10899,  2.22,   26865,  5.47
 809,296.00,   37710,  3.84,   11194,  2.28,   26516,  5.39
 810,297.00,   37497,  3.81,   11396,  2.32,   26101,  5.31
 811,298.00,   36976,  3.76,   11686,  2.38,   25290,  5.15
 812,299.00,   36369,  3.70,   11868,  2.41,   24501,  4.98
 813,300.00,   36064,  3.67,   12078,  2.46,   23986,  4.88
 814,301.00,   35836,  3.65,   12273,  2.50,   23563,  4.79
 815,302.00,   35808,  3.64,   12563,  2.56,   23245,  4.73
 816,303.00,   35561,  3.62,   12842,  2.61,   22719,  4.62
 817,304.00,   35109,  3.57,   13160,  2.68,   21949,  4.47
 818,305.00,   34405,  3.50,   13216,  2.69,   21189,  4.31
 819,306.00,   33925,  3.45,   13426,  2.73,   20499,  4.17
 820,307.00,   33332,  3.39,   13668,  2.78,   19664,  4.00
 821,308.00,   32722,  3.33,   13864,  2.82,   18858,  3.84
 822,309.00,   32221,  3.28,   14079,  2.86,   18142,  3.69
 823,310.00,   31865,  3.24,   14424,  2.93,   17441,  3.55
 824,311.00,   31233,  3.18,   14546,  2.96,   16687,  3.40
 825,312.00,   30595,  3.11,   14747,  3.00,   15848,  3.22
 826,313.00,   30421,  3.09,   15164,  3.09,   15257,  3.10
 827,314.00,   30037,  3.06,   15370,  3.13,   14667,  2.98
 828,315.00,   29505,  3.00,   15463,  3.15,   14042,  2.86
 829,316.00,   28898,  2.94,   15492,  3.15,   13406,  2.73
 830,317.00,   28194,  2.87,   15595,  3.17,   12599,  2.56
 831,318.00,   27653,  2.81,   15707,  3.20,   11946,  2.43
 832,319.00,   27318,  2.78,   15802,  3.22,   11516,  2.34
 833,320.00,   27055,  2.75,   16058,  3.27,   10997,  2.24
 834,321.00,   26863,  2.73,   16167,  3.29,   10696,  2.18
 835,322.00,   26333,  2.68,   16067,  3.27,   10266,  2.09
 836,323.00,   25550,  2.60,   15879,  3.23,    9671,  1.97
 837,324.00,   25093,  2.55,   15757,  3.21,    9336,  1.90
 838,325.00,   24812,  2.52,   15796,  3.21,    9016,  1.83
 839,326.00,   24668,  2.51,   16003,  3.26,    8665,  1.76
 840,327.00,   24520,  2.49,   16235,  3.30,    8285,  1.69
 841,328.00,   24317,  2.47,   16339,  3.32,    7978,  1.62
 842,329.00,   24146,  2.46,   16674,  3.39,    7472,  1.52
 843,330.00,   24405,  2.48,   17056,  3.47,    7349,  1.50
 844,331.00,   24682,  2.51,   17070,  3.47,    7612,  1.55
 845,332.00,   24822,  2.53,   16895,  3.44,    7927,  1.61
 846,333.00,   24923,  2.54,   16660,  3.39,    8263,  1.68
 847,334.00,   25119,  2.56,   16370,  3.33,    8749,  1.78
 848,335.00,   25650,  2.61,   16376,  3.33,    9274,  1.89
 849,336.00,   26163,  2.66,   16476,  3.35,    9687,  1.97
 850,337.00,   26750,  2.72,   16721,  3.40,   10029,  2.04
 851,338.00,   27193,  2.77,   17070,  3.47,   10123,  2.06
 852,339.00,   27580,  2.81,   17318,  3.52,   10262,  2.09
 853,340.00,   27493,  2.80,   16897,  3.44,   10596,  2.16
 854,341.00,   27735,  2.82,   16571,  3.37,   11164,  2.27
 855,342.00,   27971,  2.85,   16330,  3.32,   11641,  2.37
 856,343.00,   28318,  2.88,   16313,  3.32,   12005,  2.44
 857,344.00,   28430,  2.89,   16221,  3.30,   12209,  2.48
 858,345.00,   28400,  2.89,   16132,  3.28,   12268,  2.50
 859,346.00,   28738,  2.92,   16396,  3.34,   12342,  2.51
 860,347.00,   29410,  2.99,   16871,  3.43,   12539,  2.55
 861,348.00,   30065,  3.06,   17193,  3.50,   12872,  2.62
 862,349.00,   31004,  3.15,   17611,  3.58,   13393,  2.72
 863,350.00,   31755,  3.23,   18107,  3.68,   13648,  2.78
 864,351.00,   32151,  3.27,   18331,  3.73,   13820,  2.81
 865,352.00,   31851,  3.24,   18010,  3.66,   13841,  2.82
 866,353.00,   31820,  3.24,   17954,  3.65,   13866,  2.82
 867,354.00,   31969,  3.25,   18110,  3.68,   13859,  2.82
 868,355.00,   32251,  3.28,   18302,  3.72,   13949,  2.84
 869,356.00,   32575,  3.31,   18577,  3.78,   13998,  2.85
 870,357.00,   32586,  3.31,   18714,  3.81,   13872,  2.82
 871,358.00,   32645,  3.32,   18959,  3.86,   13686,  2.78
 872,359.00,   32951,  3.35,   19361,  3.94,   13590,  2.76
 873,360.00,   33379,  3.40,   19817,  4.03,   13562,  2.76
 874,361.00,   33769,  3.44,   20031,  4.08,   13738,  2.80
 875,362.00,   34389,  3.50,   20204,  4.11,   14185,  2.89
 876,363.00,   35188,  3.58,   20491,  4.17,   14697,  2.99
 877,364.00,   35510,  3.61,   20519,  4.17,   14991,  3.05
 878,365.00,   35681,  3.63,   20433,  4.16,   15248,  3.10
 879,366.00,   35935,  3.66,   20573,  4.19,   15362,  3.13
 880,367.00,   36749,  3.74,   20729,  4.22,   16020,  3.26
 881,368.00,   37186,  3.78,   20844,  4.24,   16342,  3.32
 882,369.00,   37347,  3.80,   20724,  4.22,   16623,  3.38
 883,370.00,   38042,  3.87,   20747,  4.22,   17295,  3.52
 884,371.00,   38147,  3.88,   20371,  4.14,   17776,  3.62
 885,372.00,   38004,  3.87,   19941,  4.06,   18063,  3.68
 886,373.00,   37794,  3.84,   19370,  3.94,   18424,  3.75
 887,374.00,   37899,  3.86,   18927,  3.85,   18972,  3.86
 888,375.00,   37746,  3.84,   18384,  3.74,   19362,  3.94
 889,376.00,   37524,  3.82,   17951,  3.65,   19573,  3.98
 890,377.00,   37559,  3.82,   17790,  3.62,   19769,  4.02
 891,378.00,   37183,  3.78,   17470,  3.55,   19713,  4.01
 892,379.00,   36689,  3.73,   16993,  3.46,   19696,  4.01
 893,380.00,   36340,  3.70,   16552,  3.37,   19788,  4.03
 894,381.00,   35981,  3.66,   16242,  3.30,   19739,  4.02
 895,382.00,   35271,  3.59,   15875,  3.23,   19396,  3.95
 896,383.00,   34590,  3.52,   15809,  3.22,   18781,  3.82
 897,384.00,   33847,  3.44,   16057,  3.27,   17790,  3.62
 898,385.00,   33527,  3.41,   16381,  3.33,   17146,  3.49
 899,386.00,   33656,  3.42,   16783,  3.41,   16873,  3.43
 900,387.00,   33708,  3.43,   17221,  3.50,   16487,  3.35
 901,388.00,   33446,  3.40,   17579,  3.58,   15867,  3.23
 902,389.00,   32773,  3.33,   17992,  3.66,   14781,  3.01
 903,390.00,   32196,  3.28,   18518,  3.77,   13678,  2.78
 904,391.00,   31199,  3.17,   18763,  3.82,   12436,  2.53
 905,392.00,   29959,  3.05,   18998,  3.87,   10961,  2.23
 906,393.00,   28808,  2.93,   19271,  3.92,    9537,  1.94
 907,394.00,   28090,  2.86,   19835,  4.04,    8255,  1.68
 908,395.00,   27386,  2.79,   20249,  4.12,    7137,  1.45
 909,396.00,   26491,  2.69,   20576,  4.19,    5915,  1.20
 910,397.00,   25344,  2.58,   20763,  4.22,    4581,  0.93
 911,398.00,   24473,  2.49,   20922,  4.26,    3551,  0.72
 912,399.00,   23889,  2.43,   21164,  4.31,    2725,  0.55
 913,400.00,   22929,  2.33,   21159,  4.30,    1770,  0.36
 914,401.00,   22029,  2.24,   20907,  4.25,    1122,  0.23
 915,402.00,   20952,  2.13,   20383,  4.15,     569,  0.12
 916,403.00,   19560,  1.99,   19710,  4.01,    -150, -0.03
 917,404.00,   18152,  1.85,   19045,  3.87,    -893, -0.18
 918,405.00,   16741,  1.70,   18423,  3.75,   -1682, -0.34
 919,406.00,   15357,  1.56,   17531,  3.57,   -2174, -0.44
 920,407.00,   14336,  1.46,   16826,  3.42,   -2490, -0.51
 921,408.00,   12994,  1.32,   15828,  3.22,   -2834, -0.58
 922,409.00,   11506,  1.17,   14514,  2.95,   -3008, -0.61
 923,410.00,    9990,  1.02,   13182,  2.68,   -3192, -0.65
 924,411.00,    8847,  0.90,   12314,  2.51,   -3467, -0.71
 925,412.00,    7928,  0.81,   11654,  2.37,   -3726, -0.76
 926,413.00,    6838,  0.70,   10841,  2.21,   -4003, -0.81
 927,414.00,    5937,  0.60,   10112,  2.06,   -4175, -0.85
 928,415.00,    5183,  0.53,    9650,  1.96,   -4467, -0.91
 929,416.00,    4635,  0.47,    9557,  1.94,   -4922, -1.00
 930,417.00,    3870,  0.39,    9344,  1.90,   -5474, -1.11
 931,418.00,    3111,  0.32,    9171,  1.87,   -6060, -1.23
 932,419.00,    2370,  0.24,    8878,  1.81,   -6508, -1.32
 933,420.00,    1892,  0.19,    8664,  1.76,   -6772, -1.38
 934,421.00,    1629,  0.17,    8712,  1.77,   -7083, -1.44
 935,422.00,    1729,  0.18,    8957,  1.82,   -7228, -1.47
 936,423.00,    1573,  0.16,    9172,  1.87,   -7599, -1.55
 937,424.00,    1035,  0.11,    9109,  1.85,   -8074, -1.64
 938,425.00,     604,  0.06,    8976,  1.83,   -8372, -1.70
 939,426.00,      55,  0.00,    8705,  1.77,   -8650, -1.76
 940,427.00,    -485, -0.05,    8398,  1.71,   -8883, -1.81
 941,428.00,   -1007, -0.10,    7968,  1.62,   -8975, -1.83
 942,429.00,   -1604, -0.16,    7395,  1.50,   -8999, -1.83
 943,430.00,   -2406, -0.24,    6853,  1.39,   -9259, -1.88
 944,431.00,   -3171, -0.32,    6526,  1.33,   -9697, -1.97
 945,432.00,   -3981, -0.40,    6042,  1.23,  -10023, -2.04
 946,433.00,   -4944, -0.50,    5407,  1.10,  -10351, -2.11
 947,434.00,   -6119, -0.62,    4442,  0.90,  -10561, -2.15
 948,435.00,   -6661, -0.68,    3868,  0.79,  -10529, -2.14
 949,436.00,   -6848, -0.70,    3567,  0.73,  -10415, -2.12
 950,437.00,   -7180, -0.73,    3202,  0.65,  -10382, -2.11
 951,438.00,   -7457, -0.76,    2726,  0.55,  -10183, -2.07
 952,439.00,   -7753, -0.79,    2320,  0.47,  -10073, -2.05
 953,440.00,   -7943, -0.81,    1951,  0.40,   -9894, -2.01
 954,441.00,   -8282, -0.84,    1416,  0.29,   -9698, -1.97
 955,442.00,   -8953, -0.91,     701,  0.14,   -9654, -1.96
 956,443.00,   -9320, -0.95,     233,  0.05,   -9553, -1.94
 957,444.00,   -9534, -0.97,     -30, -0.00,   -9504, -1.93
 958,445.00,   -9501, -0.97,    -114, -0.02,   -9387, -1.91
 959,446.00,   -9530, -0.97,    -125, -0.03,   -9405, -1.91
 960,447.00,   -9742, -0.99,    -122, -0.02,   -9620, -1.96
 961,448.00,   -9934, -1.01,    -195, -0.04,   -9739, -1.98
 962,449.00,   -9983, -1.02,    -357, -0.07,   -9626, -1.96
 963,450.00,   -9960, -1.01,    -638, -0.13,   -9322, -1.90
 964,451.00,  -10096, -1.03,    -985, -0.20,   -9111, -1.85
 965,452.00,  -10035, -1.02,   -1456, -0.30,   -8579, -1.75
 966,453.00,   -9669, -0.98,   -1789, -0.36,   -7880, -1.60
 967,454.00,   -9149, -0.93,   -1760, -0.36,   -7389, -1.50
 968,455.00,   -8668, -0.88,   -1826, -0.37,   -6842, -1.39
 969,456.00,   -8097, -0.82,   -1811, -0.37,   -6286, -1.28
 970,457.00,   -7590, -0.77,   -1832, -0.37,   -5758, -1.17
 971,458.00,   -7081, -0.72,   -1753, -0.36,   -5328, -1.08
 972,459.00,   -6311, -0.64,   -1591, -0.32,   -4720, -0.96
 973,460.00,   -5461, -0.56,   -1180, -0.24,   -4281, -0.87
 974,461.00,   -4857, -0.49,    -926, -0.19,   -3931, -0.80
 975,462.00,   -3831, -0.39,    -585, -0.12,   -3246, -0.66
 976,463.00,   -2368, -0.24,      74,  0.02,   -2442, -0.50
 977,464.00,    -792, -0.08,     689,  0.14,   -1481, -0.30
 978,465.00,     706,  0.07,    1266,  0.26,    -560, -0.11
 979,466.00,    1875,  0.19,    1631,  0.33,     244,  0.05
 980,467.00,    2961,  0.30,    1948,  0.40,    1013,  0.21
 981,468.00,    3878,  0.39,    1965,  0.40,    1913,  0.39
 982,469.00,    4740,  0.48,    1971,  0.40,    2769,  0.56
 983,470.00,    5277,  0.54,    1853,  0.38,    3424,  0.70
 984,471.00,    5932,  0.60,    1702,  0.35,    4230,  0.86
 985,472.00,    6426,  0.65,    1512,  0.31,    4914,  1.00
 986,473.00,    7175,  0.73,    1443,  0.29,    5732,  1.17
 987,474.00,    7761,  0.79,    1310,  0.27,    6451,  1.31
 988,475.00,    8307,  0.85,    1237,  0.25,    7070,  1.44
 989,476.00,    8759,  0.89,     999,  0.20,    7760,  1.58
 990,477.00,    9195,  0.94,     926,  0.19,    8269,  1.68
 991,478.00,    8906,  0.91,     659,  0.13,    8247,  1.68
 992,479.00,    8754,  0.89,     552,  0.11,    8202,  1.67
 993,480.00,    8849,  0.90,     525,  0.11,    8324,  1.69
 994,481.00,    9315,  0.95,     334,  0.07,    8981,  1.83
 995,482.00,    9695,  0.99,     190,  0.04,    9505,  1.93
 996,483.00,    9686,  0.99,      38,  0.00,    9648,  1.96
 997,484.00,    9713,  0.99,    -176, -0.04,    9889,  2.01
 998,485.00,   10158,  1.03,    -210, -0.04,   10368,  2.11
 999,486.00,   10628,  1.08,    -124, -0.03,   10752,  2.19
1000,487.00,   10892,  1.11,     -56, -0.01,   10948,  2.23
1001,488.00,   11329,  1.15,    -116, -0.02,   11445,  2.33
1002,489.00,   12025,  1.22,      42,  0.00,   11983,  2.44
1003,490.00,   12741,  1.30,     232,  0.05,   12509,  2.55
1004,491.00,   13200,  1.34,     274,  0.06,   12926,  2.63
1005,492.00,   13603,  1.38,     315,  0.06,   13288,  2.70
1006,493.00,   13920,  1.42,     493,  0.10,   13427,  2.73
1007,494.00,   14055,  1.43,     604,  0.12,   13451,  2.74
1008,495.00,   14082,  1.43,     712,  0.14,   13370,  2.72
1009,496.00,   14152,  1.44,    1064,  0.22,   13088,  2.66
1010,497.00,   14122,  1.44,    1225,  0.25,   12897,  2.62
1011,498.00,   14145,  1.44,    1166,  0.24,   12979,  2.64
1012,499.00,   14328,  1.46,    1191,  0.24,   13137,  2.67
1013,500.00,   14280,  1.45,     975,  0.20,   13305,  2.71
1014,501.00,   14185,  1.44,     740,  0.15,   13445,  2.74
1015,502.00,   14427,  1.47,     942,  0.19,   13485,  2.74
1016,503.00,   14893,  1.52,    1370,  0.28,   13523,  2.75
1017,504.00,   15002,  1.53,    1405,  0.29,   13597,  2.77
1018,505.00,   14874,  1.51,    1172,  0.24,   13702,  2.79
1019,506.00,   14951,  1.52,    1030,  0.21,   13921,  2.83
1020,507.00,   14713,  1.50,     690,  0.14,   14023,  2.85
1021,508.00,   14611,  1.49,     294,  0.06,   14317,  2.91
1022,509.00,   14666,  1.49,     -60, -0.01,   14726,  3.00
1023,510.00,   14555,  1.48,    -368, -0.07,   14923,  3.04
1024,511.00,   14148,  1.44,    -895, -0.18,   15043,  3.06
