-----------------------------------------------------------------------------------
Identifier:,IHS5922-20197T01
File Name:,PPLP70B.13
Ear:,L
Channel:,2
Intensity:,70 dB HL
Stim. Rate:,  1.10/s
Stim. Mode:,0
Sweeps:,61
Artifacts:,0
Smp. Period:,1000.00 us
Amp. Gain:, 50.00 K
Low Pass:, 30.00 Hz
High Pass:,  1.00 Hz
Notch Filter:,TRUE
Stimulus:,100
Stim. Freq.:,1000 Hz
Stim. Dur.:,2000 pnts
Masking:,0 dB SPL
Stim. Point:,513
-----------------------------------------------------------------------------------
Peak Information:,Label,Peak(+),Peak(+)(ms),Peak(-),Peak(-)(ms)
,21, 832,319.00, 892,379.00,
-----------------------------------------------------------------------------------


Data Pnt:,Data Pnt(ms):,Average:,Average(uV):,Buffer1:,Buffer1(uV):,Buffer2:,Buffer2(uV):
   1,-512.00,       0,  0.00,       0,  0.00,       0,  0.00
   2,-511.00,       0,  0.00,       0,  0.00,       0,  0.00
   3,-510.00,       0,  0.00,       0,  0.00,       0,  0.00
   4,-509.00,       0,  0.00,       0,  0.00,       0,  0.00
   5,-508.00,       0,  0.00,       0,  0.00,       0,  0.00
   6,-507.00,       0,  0.00,       0,  0.00,       0,  0.00
   7,-506.00,       0,  0.00,       0,  0.00,       0,  0.00
   8,-505.00,       0,  0.00,       0,  0.00,       0,  0.00
   9,-504.00,       0,  0.00,       0,  0.00,       0,  0.00
  10,-503.00,       0,  0.00,       0,  0.00,       0,  0.00
  11,-502.00,       0,  0.00,       0,  0.00,       0,  0.00
  12,-501.00,       0,  0.00,       0,  0.00,       0,  0.00
  13,-500.00,       0,  0.00,       0,  0.00,       0,  0.00
  14,-499.00,       0,  0.00,       0,  0.00,       0,  0.00
  15,-498.00,       0,  0.00,       0,  0.00,       0,  0.00
  16,-497.00,       0,  0.00,       0,  0.00,       0,  0.00
  17,-496.00,       0,  0.00,       0,  0.00,       0,  0.00
  18,-495.00,       0,  0.00,       0,  0.00,       0,  0.00
  19,-494.00,       0,  0.00,       0,  0.00,       0,  0.00
  20,-493.00,       0,  0.00,       0,  0.00,       0,  0.00
  21,-492.00,       0,  0.00,       0,  0.00,       0,  0.00
  22,-491.00,       0,  0.00,       0,  0.00,       0,  0.00
  23,-490.00,       0,  0.00,       0,  0.00,       0,  0.00
  24,-489.00,       0,  0.00,       0,  0.00,       0,  0.00
  25,-488.00,       0,  0.00,       0,  0.00,       0,  0.00
  26,-487.00,       0,  0.00,       0,  0.00,       0,  0.00
  27,-486.00,       0,  0.00,       0,  0.00,       0,  0.00
  28,-485.00,       0,  0.00,       0,  0.00,       0,  0.00
  29,-484.00,       0,  0.00,       0,  0.00,       0,  0.00
  30,-483.00,       0,  0.00,       0,  0.00,       0,  0.00
  31,-482.00,       0,  0.00,       0,  0.00,       0,  0.00
  32,-481.00,       0,  0.00,       0,  0.00,       0,  0.00
  33,-480.00,       0,  0.00,       0,  0.00,       0,  0.00
  34,-479.00,       0,  0.00,       0,  0.00,       0,  0.00
  35,-478.00,       0,  0.00,       0,  0.00,       0,  0.00
  36,-477.00,       0,  0.00,       0,  0.00,       0,  0.00
  37,-476.00,       0,  0.00,       0,  0.00,       0,  0.00
  38,-475.00,       0,  0.00,       0,  0.00,       0,  0.00
  39,-474.00,       0,  0.00,       0,  0.00,       0,  0.00
  40,-473.00,       0,  0.00,       0,  0.00,       0,  0.00
  41,-472.00,       0,  0.00,       0,  0.00,       0,  0.00
  42,-471.00,       0,  0.00,       0,  0.00,       0,  0.00
  43,-470.00,       0,  0.00,       0,  0.00,       0,  0.00
  44,-469.00,       0,  0.00,       0,  0.00,       0,  0.00
  45,-468.00,       0,  0.00,       0,  0.00,       0,  0.00
  46,-467.00,       0,  0.00,       0,  0.00,       0,  0.00
  47,-466.00,       0,  0.00,       0,  0.00,       0,  0.00
  48,-465.00,       0,  0.00,       0,  0.00,       0,  0.00
  49,-464.00,       0,  0.00,       0,  0.00,       0,  0.00
  50,-463.00,       0,  0.00,       0,  0.00,       0,  0.00
  51,-462.00,       0,  0.00,       0,  0.00,       0,  0.00
  52,-461.00,       0,  0.00,       0,  0.00,       0,  0.00
  53,-460.00,       0,  0.00,       0,  0.00,       0,  0.00
  54,-459.00,       0,  0.00,       0,  0.00,       0,  0.00
  55,-458.00,       0,  0.00,       0,  0.00,       0,  0.00
  56,-457.00,       0,  0.00,       0,  0.00,       0,  0.00
  57,-456.00,       0,  0.00,       0,  0.00,       0,  0.00
  58,-455.00,       0,  0.00,       0,  0.00,       0,  0.00
  59,-454.00,       0,  0.00,       0,  0.00,       0,  0.00
  60,-453.00,       0,  0.00,       0,  0.00,       0,  0.00
  61,-452.00,       0,  0.00,       0,  0.00,       0,  0.00
  62,-451.00,       0,  0.00,       0,  0.00,       0,  0.00
  63,-450.00,       0,  0.00,       0,  0.00,       0,  0.00
  64,-449.00,       0,  0.00,       0,  0.00,       0,  0.00
  65,-448.00,       0,  0.00,       0,  0.00,       0,  0.00
  66,-447.00,       0,  0.00,       0,  0.00,       0,  0.00
  67,-446.00,       0,  0.00,       0,  0.00,       0,  0.00
  68,-445.00,       0,  0.00,       0,  0.00,       0,  0.00
  69,-444.00,       0,  0.00,       0,  0.00,       0,  0.00
  70,-443.00,       0,  0.00,       0,  0.00,       0,  0.00
  71,-442.00,       0,  0.00,       0,  0.00,       0,  0.00
  72,-441.00,       0,  0.00,       0,  0.00,       0,  0.00
  73,-440.00,       0,  0.00,       0,  0.00,       0,  0.00
  74,-439.00,       0,  0.00,       0,  0.00,       0,  0.00
  75,-438.00,       0,  0.00,       0,  0.00,       0,  0.00
  76,-437.00,       0,  0.00,       0,  0.00,       0,  0.00
  77,-436.00,       0,  0.00,       0,  0.00,       0,  0.00
  78,-435.00,       0,  0.00,       0,  0.00,       0,  0.00
  79,-434.00,       0,  0.00,       0,  0.00,       0,  0.00
  80,-433.00,       0,  0.00,       0,  0.00,       0,  0.00
  81,-432.00,       0,  0.00,       0,  0.00,       0,  0.00
  82,-431.00,       0,  0.00,       0,  0.00,       0,  0.00
  83,-430.00,       0,  0.00,       0,  0.00,       0,  0.00
  84,-429.00,       0,  0.00,       0,  0.00,       0,  0.00
  85,-428.00,       0,  0.00,       0,  0.00,       0,  0.00
  86,-427.00,       0,  0.00,       0,  0.00,       0,  0.00
  87,-426.00,       0,  0.00,       0,  0.00,       0,  0.00
  88,-425.00,       0,  0.00,       0,  0.00,       0,  0.00
  89,-424.00,       0,  0.00,       0,  0.00,       0,  0.00
  90,-423.00,       0,  0.00,       0,  0.00,       0,  0.00
  91,-422.00,       0,  0.00,       0,  0.00,       0,  0.00
  92,-421.00,       0,  0.00,       0,  0.00,       0,  0.00
  93,-420.00,       0,  0.00,       0,  0.00,       0,  0.00
  94,-419.00,       0,  0.00,       0,  0.00,       0,  0.00
  95,-418.00,       0,  0.00,       0,  0.00,       0,  0.00
  96,-417.00,       0,  0.00,       0,  0.00,       0,  0.00
  97,-416.00,       0,  0.00,       0,  0.00,       0,  0.00
  98,-415.00,       0,  0.00,       0,  0.00,       0,  0.00
  99,-414.00,       0,  0.00,       0,  0.00,       0,  0.00
 100,-413.00,       0,  0.00,       0,  0.00,       0,  0.00
 101,-412.00,       0,  0.00,       0,  0.00,       0,  0.00
 102,-411.00,       0,  0.00,       0,  0.00,       0,  0.00
 103,-410.00,       0,  0.00,       0,  0.00,       0,  0.00
 104,-409.00,       0,  0.00,       0,  0.00,       0,  0.00
 105,-408.00,       0,  0.00,       0,  0.00,       0,  0.00
 106,-407.00,       0,  0.00,       0,  0.00,       0,  0.00
 107,-406.00,       0,  0.00,       0,  0.00,       0,  0.00
 108,-405.00,       0,  0.00,       0,  0.00,       0,  0.00
 109,-404.00,       0,  0.00,       0,  0.00,       0,  0.00
 110,-403.00,      29,  0.00,     131,  0.03,    -102, -0.02
 111,-402.00,     -59, -0.00,    -254, -0.05,     195,  0.04
 112,-401.00,    -173, -0.02,    -773, -0.16,     600,  0.12
 113,-400.00,     -93, -0.00,    -534, -0.11,     441,  0.09
 114,-399.00,     309,  0.03,    1238,  0.25,    -929, -0.19
 115,-398.00,    1069,  0.11,    4857,  0.99,   -3788, -0.77
 116,-397.00,    2052,  0.21,    9891,  2.01,   -7839, -1.59
 117,-396.00,    2696,  0.27,   13832,  2.81,  -11136, -2.27
 118,-395.00,    3003,  0.30,   16166,  3.29,  -13163, -2.68
 119,-394.00,    3294,  0.33,   17285,  3.52,  -13991, -2.85
 120,-393.00,    3800,  0.38,   17901,  3.64,  -14101, -2.87
 121,-392.00,    4633,  0.46,   18717,  3.81,  -14084, -2.87
 122,-391.00,    5570,  0.56,   19900,  4.05,  -14330, -2.92
 123,-390.00,    6048,  0.61,   20453,  4.16,  -14405, -2.93
 124,-389.00,    5899,  0.59,   20312,  4.13,  -14413, -2.93
 125,-388.00,    5398,  0.54,   19752,  4.02,  -14354, -2.92
 126,-387.00,    4880,  0.49,   19148,  3.90,  -14268, -2.90
 127,-386.00,    4610,  0.46,   18848,  3.83,  -14238, -2.90
 128,-385.00,    4687,  0.47,   19009,  3.87,  -14322, -2.91
 129,-384.00,    4982,  0.50,   19398,  3.95,  -14416, -2.93
 130,-383.00,    5352,  0.54,   19709,  4.01,  -14357, -2.92
 131,-382.00,    5869,  0.59,   19941,  4.06,  -14072, -2.86
 132,-381.00,    6412,  0.64,   20111,  4.09,  -13699, -2.79
 133,-380.00,    6746,  0.68,   20251,  4.12,  -13505, -2.75
 134,-379.00,    6778,  0.68,   20359,  4.14,  -13581, -2.76
 135,-378.00,    6622,  0.66,   20329,  4.14,  -13707, -2.79
 136,-377.00,    6603,  0.66,   20222,  4.11,  -13619, -2.77
 137,-376.00,    7093,  0.71,   20269,  4.12,  -13176, -2.68
 138,-375.00,    8045,  0.80,   20508,  4.17,  -12463, -2.54
 139,-374.00,    9057,  0.91,   20780,  4.23,  -11723, -2.39
 140,-373.00,    9682,  0.97,   20811,  4.23,  -11129, -2.26
 141,-372.00,    9751,  0.98,   20388,  4.15,  -10637, -2.16
 142,-371.00,    9330,  0.93,   19531,  3.97,  -10201, -2.08
 143,-370.00,    8559,  0.86,   18382,  3.74,   -9823, -2.00
 144,-369.00,    7481,  0.75,   17060,  3.47,   -9579, -1.95
 145,-368.00,    6095,  0.61,   15632,  3.18,   -9537, -1.94
 146,-367.00,    4565,  0.46,   14216,  2.89,   -9651, -1.96
 147,-366.00,    3354,  0.34,   12995,  2.64,   -9641, -1.96
 148,-365.00,    2900,  0.29,   12123,  2.47,   -9223, -1.88
 149,-364.00,    3337,  0.33,   11617,  2.36,   -8280, -1.68
 150,-363.00,    4283,  0.43,   11247,  2.29,   -6964, -1.42
 151,-362.00,    5069,  0.51,   10658,  2.17,   -5589, -1.14
 152,-361.00,    5248,  0.53,    9651,  1.96,   -4403, -0.90
 153,-360.00,    4893,  0.49,    8317,  1.69,   -3424, -0.70
 154,-359.00,    4467,  0.45,    6985,  1.42,   -2518, -0.51
 155,-358.00,    4476,  0.45,    5989,  1.22,   -1513, -0.31
 156,-357.00,    4917,  0.49,    5247,  1.07,    -330, -0.07
 157,-356.00,    5358,  0.54,    4426,  0.90,     932,  0.19
 158,-355.00,    5425,  0.54,    3223,  0.66,    2202,  0.45
 159,-354.00,    5059,  0.51,    1582,  0.32,    3477,  0.71
 160,-353.00,    4598,  0.46,    -180, -0.04,    4778,  0.97
 161,-352.00,    4522,  0.45,   -1649, -0.34,    6171,  1.26
 162,-351.00,    4922,  0.49,   -2800, -0.57,    7722,  1.57
 163,-350.00,    5589,  0.56,   -3785, -0.77,    9374,  1.91
 164,-349.00,    6178,  0.62,   -4879, -0.99,   11057,  2.25
 165,-348.00,    6433,  0.64,   -6330, -1.29,   12763,  2.60
 166,-347.00,    6453,  0.65,   -8032, -1.63,   14485,  2.95
 167,-346.00,    6442,  0.64,   -9720, -1.98,   16162,  3.29
 168,-345.00,    6460,  0.65,  -11290, -2.30,   17750,  3.61
 169,-344.00,    6527,  0.65,  -12661, -2.58,   19188,  3.90
 170,-343.00,    6487,  0.65,  -13919, -2.83,   20406,  4.15
 171,-342.00,    6344,  0.63,  -15166, -3.09,   21510,  4.38
 172,-341.00,    6311,  0.63,  -16323, -3.32,   22634,  4.61
 173,-340.00,    6420,  0.64,  -17308, -3.52,   23728,  4.83
 174,-339.00,    6600,  0.66,  -18120, -3.69,   24720,  5.03
 175,-338.00,    6792,  0.68,  -18748, -3.81,   25540,  5.20
 176,-337.00,    6903,  0.69,  -19245, -3.92,   26148,  5.32
 177,-336.00,    7052,  0.71,  -19581, -3.98,   26633,  5.42
 178,-335.00,    7317,  0.73,  -19775, -4.02,   27092,  5.51
 179,-334.00,    7490,  0.75,  -19988, -4.07,   27478,  5.59
 180,-333.00,    7341,  0.73,  -20361, -4.14,   27702,  5.64
 181,-332.00,    6793,  0.68,  -20899, -4.25,   27692,  5.63
 182,-331.00,    5895,  0.59,  -21562, -4.39,   27457,  5.59
 183,-330.00,    4816,  0.48,  -22224, -4.52,   27040,  5.50
 184,-329.00,    3697,  0.37,  -22790, -4.64,   26487,  5.39
 185,-328.00,    2610,  0.26,  -23251, -4.73,   25861,  5.26
 186,-327.00,    1629,  0.16,  -23579, -4.80,   25208,  5.13
 187,-326.00,     822,  0.08,  -23725, -4.83,   24547,  4.99
 188,-325.00,     160,  0.02,  -23755, -4.83,   23915,  4.87
 189,-324.00,    -506, -0.05,  -23752, -4.83,   23246,  4.73
 190,-323.00,   -1261, -0.13,  -23701, -4.82,   22440,  4.57
 191,-322.00,   -2032, -0.20,  -23570, -4.80,   21538,  4.38
 192,-321.00,   -2582, -0.26,  -23254, -4.73,   20672,  4.21
 193,-320.00,   -2676, -0.27,  -22610, -4.60,   19934,  4.06
 194,-319.00,   -2365, -0.24,  -21678, -4.41,   19313,  3.93
 195,-318.00,   -1921, -0.19,  -20578, -4.19,   18657,  3.80
 196,-317.00,   -1517, -0.15,  -19375, -3.94,   17858,  3.63
 197,-316.00,   -1215, -0.12,  -18194, -3.70,   16979,  3.45
 198,-315.00,    -788, -0.08,  -16982, -3.46,   16194,  3.29
 199,-314.00,     -65, -0.00,  -15638, -3.18,   15573,  3.17
 200,-313.00,     776,  0.08,  -14252, -2.90,   15028,  3.06
 201,-312.00,    1517,  0.15,  -12919, -2.63,   14436,  2.94
 202,-311.00,    2280,  0.23,  -11532, -2.35,   13812,  2.81
 203,-310.00,    3360,  0.34,   -9945, -2.02,   13305,  2.71
 204,-309.00,    5043,  0.50,   -7993, -1.63,   13036,  2.65
 205,-308.00,    7202,  0.72,   -5727, -1.17,   12929,  2.63
 206,-307.00,    9320,  0.93,   -3507, -0.71,   12827,  2.61
 207,-306.00,   10864,  1.09,   -1720, -0.35,   12584,  2.56
 208,-305.00,   11711,  1.17,    -524, -0.11,   12235,  2.49
 209,-304.00,   12066,  1.21,     146,  0.03,   11920,  2.43
 210,-303.00,   12292,  1.23,     546,  0.11,   11746,  2.39
 211,-302.00,   12736,  1.27,    1016,  0.21,   11720,  2.38
 212,-301.00,   13562,  1.36,    1782,  0.36,   11780,  2.40
 213,-300.00,   14576,  1.46,    2861,  0.58,   11715,  2.38
 214,-299.00,   15391,  1.54,    4020,  0.82,   11371,  2.31
 215,-298.00,   15672,  1.57,    5026,  1.02,   10646,  2.17
 216,-297.00,   15384,  1.54,    5791,  1.18,    9593,  1.95
 217,-296.00,   14818,  1.48,    6428,  1.31,    8390,  1.71
 218,-295.00,   14275,  1.43,    7053,  1.43,    7222,  1.47
 219,-294.00,   13818,  1.38,    7714,  1.57,    6104,  1.24
 220,-293.00,   13381,  1.34,    8370,  1.70,    5011,  1.02
 221,-292.00,   12960,  1.30,    8996,  1.83,    3964,  0.81
 222,-291.00,   12639,  1.26,    9548,  1.94,    3091,  0.63
 223,-290.00,   12547,  1.26,   10023,  2.04,    2524,  0.51
 224,-289.00,   12544,  1.26,   10332,  2.10,    2212,  0.45
 225,-288.00,   12208,  1.22,   10323,  2.10,    1885,  0.38
 226,-287.00,   11186,  1.12,    9928,  2.02,    1258,  0.26
 227,-286.00,    9423,  0.94,    9171,  1.87,     252,  0.05
 228,-285.00,    7169,  0.72,    8172,  1.66,   -1003, -0.20
 229,-284.00,    4893,  0.49,    7122,  1.45,   -2229, -0.45
 230,-283.00,    2963,  0.30,    6213,  1.26,   -3250, -0.66
 231,-282.00,    1433,  0.14,    5466,  1.11,   -4033, -0.82
 232,-281.00,     229,  0.02,    4848,  0.99,   -4619, -0.94
 233,-280.00,    -767, -0.08,    4351,  0.89,   -5118, -1.04
 234,-279.00,   -1749, -0.18,    3895,  0.79,   -5644, -1.15
 235,-278.00,   -2892, -0.29,    3325,  0.68,   -6217, -1.26
 236,-277.00,   -4247, -0.42,    2591,  0.53,   -6838, -1.39
 237,-276.00,   -5807, -0.58,    1685,  0.34,   -7492, -1.52
 238,-275.00,   -7473, -0.75,     631,  0.13,   -8104, -1.65
 239,-274.00,   -8994, -0.90,    -363, -0.07,   -8631, -1.76
 240,-273.00,  -10112, -1.01,   -1074, -0.22,   -9038, -1.84
 241,-272.00,  -10636, -1.06,   -1368, -0.28,   -9268, -1.89
 242,-271.00,  -10572, -1.06,   -1271, -0.26,   -9301, -1.89
 243,-270.00,  -10243, -1.02,   -1040, -0.21,   -9203, -1.87
 244,-269.00,  -10188, -1.02,   -1126, -0.23,   -9062, -1.84
 245,-268.00,  -10610, -1.06,   -1676, -0.34,   -8934, -1.82
 246,-267.00,  -11281, -1.13,   -2427, -0.49,   -8854, -1.80
 247,-266.00,  -11922, -1.19,   -3069, -0.62,   -8853, -1.80
 248,-265.00,  -12491, -1.25,   -3567, -0.73,   -8924, -1.82
 249,-264.00,  -13140, -1.31,   -4141, -0.84,   -8999, -1.83
 250,-263.00,  -14043, -1.41,   -5082, -1.03,   -8961, -1.82
 251,-262.00,  -14890, -1.49,   -6253, -1.27,   -8637, -1.76
 252,-261.00,  -15167, -1.52,   -7193, -1.46,   -7974, -1.62
 253,-260.00,  -14814, -1.48,   -7652, -1.56,   -7162, -1.46
 254,-259.00,  -14195, -1.42,   -7734, -1.57,   -6461, -1.31
 255,-258.00,  -13734, -1.37,   -7715, -1.57,   -6019, -1.22
 256,-257.00,  -13680, -1.37,   -7891, -1.61,   -5789, -1.18
 257,-256.00,  -13784, -1.38,   -8237, -1.68,   -5547, -1.13
 258,-255.00,  -13704, -1.37,   -8581, -1.75,   -5123, -1.04
 259,-254.00,  -13372, -1.34,   -8846, -1.80,   -4526, -0.92
 260,-253.00,  -12923, -1.29,   -9119, -1.86,   -3804, -0.77
 261,-252.00,  -12450, -1.25,   -9451, -1.92,   -2999, -0.61
 262,-251.00,  -11948, -1.20,   -9891, -2.01,   -2057, -0.42
 263,-250.00,  -11285, -1.13,  -10420, -2.12,    -865, -0.18
 264,-249.00,  -10273, -1.03,  -10909, -2.22,     636,  0.13
 265,-248.00,   -8809, -0.88,  -11209, -2.28,    2400,  0.49
 266,-247.00,   -6948, -0.70,  -11363, -2.31,    4415,  0.90
 267,-246.00,   -4867, -0.49,  -11451, -2.33,    6584,  1.34
 268,-245.00,   -2809, -0.28,  -11624, -2.36,    8815,  1.79
 269,-244.00,   -1143, -0.11,  -12144, -2.47,   11001,  2.24
 270,-243.00,     -76, -0.00,  -13051, -2.66,   12975,  2.64
 271,-242.00,     457,  0.05,  -14128, -2.87,   14585,  2.97
 272,-241.00,     816,  0.08,  -15037, -3.06,   15853,  3.23
 273,-240.00,    1384,  0.14,  -15516, -3.16,   16900,  3.44
 274,-239.00,    2397,  0.24,  -15529, -3.16,   17926,  3.65
 275,-238.00,    3778,  0.38,  -15353, -3.12,   19131,  3.89
 276,-237.00,    5215,  0.52,  -15262, -3.11,   20477,  4.17
 277,-236.00,    6449,  0.65,  -15310, -3.11,   21759,  4.43
 278,-235.00,    7451,  0.75,  -15304, -3.11,   22755,  4.63
 279,-234.00,    8200,  0.82,  -15109, -3.07,   23309,  4.74
 280,-233.00,    8578,  0.86,  -14821, -3.02,   23399,  4.76
 281,-232.00,    8606,  0.86,  -14642, -2.98,   23248,  4.73
 282,-231.00,    8415,  0.84,  -14637, -2.98,   23052,  4.69
 283,-230.00,    8349,  0.84,  -14549, -2.96,   22898,  4.66
 284,-229.00,    8598,  0.86,  -14117, -2.87,   22715,  4.62
 285,-228.00,    8922,  0.89,  -13369, -2.72,   22291,  4.54
 286,-227.00,    8842,  0.88,  -12654, -2.57,   21496,  4.37
 287,-226.00,    8137,  0.81,  -12317, -2.51,   20454,  4.16
 288,-225.00,    6979,  0.70,  -12355, -2.51,   19334,  3.93
 289,-224.00,    5877,  0.59,  -12390, -2.52,   18267,  3.72
 290,-223.00,    5068,  0.51,  -12172, -2.48,   17240,  3.51
 291,-222.00,    4344,  0.43,  -11755, -2.39,   16099,  3.28
 292,-221.00,    3440,  0.34,  -11334, -2.31,   14774,  3.01
 293,-220.00,    2136,  0.21,  -11152, -2.27,   13288,  2.70
 294,-219.00,     466,  0.05,  -11191, -2.28,   11657,  2.37
 295,-218.00,   -1388, -0.14,  -11354, -2.31,    9966,  2.03
 296,-217.00,   -3418, -0.34,  -11665, -2.37,    8247,  1.68
 297,-216.00,   -5813, -0.58,  -12194, -2.48,    6381,  1.30
 298,-215.00,   -8688, -0.87,  -12955, -2.64,    4267,  0.87
 299,-214.00,  -12083, -1.21,  -13998, -2.85,    1915,  0.39
 300,-213.00,  -15560, -1.56,  -15092, -3.07,    -468, -0.10
 301,-212.00,  -18478, -1.85,  -15986, -3.25,   -2492, -0.51
 302,-211.00,  -20421, -2.04,  -16481, -3.35,   -3940, -0.80
 303,-210.00,  -21442, -2.15,  -16470, -3.35,   -4972, -1.01
 304,-209.00,  -22061, -2.21,  -16107, -3.28,   -5954, -1.21
 305,-208.00,  -22867, -2.29,  -15757, -3.21,   -7110, -1.45
 306,-207.00,  -24004, -2.40,  -15591, -3.17,   -8413, -1.71
 307,-206.00,  -25258, -2.53,  -15634, -3.18,   -9624, -1.96
 308,-205.00,  -26225, -2.62,  -15688, -3.19,  -10537, -2.14
 309,-204.00,  -26543, -2.66,  -15473, -3.15,  -11070, -2.25
 310,-203.00,  -26223, -2.62,  -14885, -3.03,  -11338, -2.31
 311,-202.00,  -25383, -2.54,  -13927, -2.83,  -11456, -2.33
 312,-201.00,  -24307, -2.43,  -12679, -2.58,  -11628, -2.37
 313,-200.00,  -23449, -2.35,  -11376, -2.31,  -12073, -2.46
 314,-199.00,  -23157, -2.32,  -10293, -2.09,  -12864, -2.62
 315,-198.00,  -23495, -2.35,   -9626, -1.96,  -13869, -2.82
 316,-197.00,  -24380, -2.44,   -9413, -1.92,  -14967, -3.05
 317,-196.00,  -25395, -2.54,   -9372, -1.91,  -16023, -3.26
 318,-195.00,  -26129, -2.61,   -9136, -1.86,  -16993, -3.46
 319,-194.00,  -26304, -2.63,   -8472, -1.72,  -17832, -3.63
 320,-193.00,  -25906, -2.59,   -7438, -1.51,  -18468, -3.76
 321,-192.00,  -25063, -2.51,   -6246, -1.27,  -18817, -3.83
 322,-191.00,  -24017, -2.40,   -5065, -1.03,  -18952, -3.86
 323,-190.00,  -22933, -2.29,   -3903, -0.79,  -19030, -3.87
 324,-189.00,  -21914, -2.19,   -2739, -0.56,  -19175, -3.90
 325,-188.00,  -20863, -2.09,   -1570, -0.32,  -19293, -3.93
 326,-187.00,  -19726, -1.97,    -452, -0.09,  -19274, -3.92
 327,-186.00,  -18477, -1.85,     560,  0.11,  -19037, -3.87
 328,-185.00,  -17122, -1.71,    1440,  0.29,  -18562, -3.78
 329,-184.00,  -15673, -1.57,    2245,  0.46,  -17918, -3.65
 330,-183.00,  -14167, -1.42,    3015,  0.61,  -17182, -3.50
 331,-182.00,  -12518, -1.25,    3803,  0.77,  -16321, -3.32
 332,-181.00,  -10763, -1.08,    4609,  0.94,  -15372, -3.13
 333,-180.00,   -8896, -0.89,    5517,  1.12,  -14413, -2.93
 334,-179.00,   -6905, -0.69,    6565,  1.34,  -13470, -2.74
 335,-178.00,   -4876, -0.49,    7736,  1.57,  -12612, -2.57
 336,-177.00,   -2953, -0.30,    8913,  1.81,  -11866, -2.41
 337,-176.00,   -1197, -0.12,   10014,  2.04,  -11211, -2.28
 338,-175.00,     267,  0.03,   10847,  2.21,  -10580, -2.15
 339,-174.00,    1507,  0.15,   11355,  2.31,   -9848, -2.00
 340,-173.00,    2630,  0.26,   11514,  2.34,   -8884, -1.81
 341,-172.00,    3632,  0.36,   11395,  2.32,   -7763, -1.58
 342,-171.00,    4498,  0.45,   11143,  2.27,   -6645, -1.35
 343,-170.00,    5379,  0.54,   11065,  2.25,   -5686, -1.16
 344,-169.00,    6455,  0.65,   11417,  2.32,   -4962, -1.01
 345,-168.00,    7949,  0.80,   12266,  2.50,   -4317, -0.88
 346,-167.00,    9906,  0.99,   13390,  2.72,   -3484, -0.71
 347,-166.00,   12188,  1.22,   14578,  2.97,   -2390, -0.49
 348,-165.00,   14519,  1.45,   15572,  3.17,   -1053, -0.21
 349,-164.00,   16544,  1.66,   16074,  3.27,     470,  0.10
 350,-163.00,   17984,  1.80,   16005,  3.26,    1979,  0.40
 351,-162.00,   18944,  1.90,   15535,  3.16,    3409,  0.69
 352,-161.00,   19721,  1.97,   14908,  3.03,    4813,  0.98
 353,-160.00,   20719,  2.07,   14550,  2.96,    6169,  1.26
 354,-159.00,   22177,  2.22,   14685,  2.99,    7492,  1.52
 355,-158.00,   23887,  2.39,   15036,  3.06,    8851,  1.80
 356,-157.00,   25449,  2.55,   15229,  3.10,   10220,  2.08
 357,-156.00,   26593,  2.66,   15087,  3.07,   11506,  2.34
 358,-155.00,   27164,  2.72,   14476,  2.95,   12688,  2.58
 359,-154.00,   27289,  2.73,   13533,  2.75,   13756,  2.80
 360,-153.00,   27331,  2.73,   12582,  2.56,   14749,  3.00
 361,-152.00,   27614,  2.76,   11792,  2.40,   15822,  3.22
 362,-151.00,   28382,  2.84,   11296,  2.30,   17086,  3.48
 363,-150.00,   29645,  2.97,   11227,  2.28,   18418,  3.75
 364,-149.00,   31104,  3.11,   11439,  2.33,   19665,  4.00
 365,-148.00,   32422,  3.24,   11794,  2.40,   20628,  4.20
 366,-147.00,   33315,  3.33,   12218,  2.49,   21097,  4.29
 367,-146.00,   33547,  3.36,   12491,  2.54,   21056,  4.28
 368,-145.00,   33191,  3.32,   12453,  2.53,   20738,  4.22
 369,-144.00,   32673,  3.27,   12137,  2.47,   20536,  4.18
 370,-143.00,   32466,  3.25,   11624,  2.36,   20842,  4.24
 371,-142.00,   32889,  3.29,   11139,  2.27,   21750,  4.43
 372,-141.00,   33720,  3.37,   10796,  2.20,   22924,  4.66
 373,-140.00,   34382,  3.44,   10500,  2.14,   23882,  4.86
 374,-139.00,   34493,  3.45,   10184,  2.07,   24309,  4.95
 375,-138.00,   34227,  3.42,    9940,  2.02,   24287,  4.94
 376,-137.00,   34096,  3.41,    9953,  2.03,   24143,  4.91
 377,-136.00,   34441,  3.45,   10282,  2.09,   24159,  4.92
 378,-135.00,   35083,  3.51,   10702,  2.18,   24381,  4.96
 379,-134.00,   35624,  3.56,   10921,  2.22,   24703,  5.03
 380,-133.00,   35725,  3.57,   10784,  2.19,   24941,  5.07
 381,-132.00,   35475,  3.55,   10441,  2.12,   25034,  5.09
 382,-131.00,   35241,  3.53,   10254,  2.09,   24987,  5.08
 383,-130.00,   35240,  3.53,   10391,  2.11,   24849,  5.06
 384,-129.00,   35412,  3.54,   10809,  2.20,   24603,  5.01
 385,-128.00,   35534,  3.56,   11332,  2.31,   24202,  4.92
 386,-127.00,   35265,  3.53,   11683,  2.38,   23582,  4.80
 387,-126.00,   34485,  3.45,   11743,  2.39,   22742,  4.63
 388,-125.00,   33397,  3.34,   11643,  2.37,   21754,  4.43
 389,-124.00,   32374,  3.24,   11581,  2.36,   20793,  4.23
 390,-123.00,   31678,  3.17,   11751,  2.39,   19927,  4.05
 391,-122.00,   31331,  3.14,   12218,  2.49,   19113,  3.89
 392,-121.00,   30962,  3.10,   12816,  2.61,   18146,  3.69
 393,-120.00,   30177,  3.02,   13375,  2.72,   16802,  3.42
 394,-119.00,   28930,  2.89,   13871,  2.82,   15059,  3.06
 395,-118.00,   27528,  2.75,   14380,  2.93,   13148,  2.68
 396,-117.00,   26304,  2.63,   14948,  3.04,   11356,  2.31
 397,-116.00,   25268,  2.53,   15433,  3.14,    9835,  2.00
 398,-115.00,   24026,  2.40,   15586,  3.17,    8440,  1.72
 399,-114.00,   22325,  2.23,   15401,  3.13,    6924,  1.41
 400,-113.00,   20297,  2.03,   15104,  3.07,    5193,  1.06
 401,-112.00,   18380,  1.84,   14988,  3.05,    3392,  0.69
 402,-111.00,   17046,  1.71,   15280,  3.11,    1766,  0.36
 403,-110.00,   16307,  1.63,   15859,  3.23,     448,  0.09
 404,-109.00,   15892,  1.59,   16519,  3.36,    -627, -0.13
 405,-108.00,   15648,  1.57,   17242,  3.51,   -1594, -0.32
 406,-107.00,   15483,  1.55,   18004,  3.66,   -2521, -0.51
 407,-106.00,   15271,  1.53,   18663,  3.80,   -3392, -0.69
 408,-105.00,   14903,  1.49,   19116,  3.89,   -4213, -0.86
 409,-104.00,   14135,  1.41,   19175,  3.90,   -5040, -1.03
 410,-103.00,   12909,  1.29,   18816,  3.83,   -5907, -1.20
 411,-102.00,   11370,  1.14,   18210,  3.70,   -6840, -1.39
 412,-101.00,    9640,  0.96,   17512,  3.56,   -7872, -1.60
 413,-100.00,    7808,  0.78,   16787,  3.42,   -8979, -1.83
 414,-99.00,    5960,  0.60,   16136,  3.28,  -10176, -2.07
 415,-98.00,    4146,  0.41,   15558,  3.17,  -11412, -2.32
 416,-97.00,    2504,  0.25,   15024,  3.06,  -12520, -2.55
 417,-96.00,    1160,  0.12,   14529,  2.96,  -13369, -2.72
 418,-95.00,      78,  0.00,   14171,  2.88,  -14093, -2.87
 419,-94.00,    -896, -0.09,   14030,  2.85,  -14926, -3.04
 420,-93.00,   -1971, -0.20,   14110,  2.87,  -16081, -3.27
 421,-92.00,   -3289, -0.33,   14259,  2.90,  -17548, -3.57
 422,-91.00,   -4868, -0.49,   14208,  2.89,  -19076, -3.88
 423,-90.00,   -6572, -0.66,   13787,  2.81,  -20359, -4.14
 424,-89.00,   -8194, -0.82,   13171,  2.68,  -21365, -4.35
 425,-88.00,   -9544, -0.95,   12696,  2.58,  -22240, -4.52
 426,-87.00,  -10482, -1.05,   12590,  2.56,  -23072, -4.69
 427,-86.00,  -11008, -1.10,   12880,  2.62,  -23888, -4.86
 428,-85.00,  -11317, -1.13,   13355,  2.72,  -24672, -5.02
 429,-84.00,  -11783, -1.18,   13691,  2.79,  -25474, -5.18
 430,-83.00,  -12752, -1.28,   13683,  2.78,  -26435, -5.38
 431,-82.00,  -14237, -1.42,   13321,  2.71,  -27558, -5.61
 432,-81.00,  -15873, -1.59,   12706,  2.59,  -28579, -5.81
 433,-80.00,  -17346, -1.74,   11965,  2.43,  -29311, -5.96
 434,-79.00,  -18509, -1.85,   11230,  2.28,  -29739, -6.05
 435,-78.00,  -19612, -1.96,   10447,  2.13,  -30059, -6.12
 436,-77.00,  -21087, -2.11,    9447,  1.92,  -30534, -6.21
 437,-76.00,  -23020, -2.30,    8165,  1.66,  -31185, -6.34
 438,-75.00,  -25090, -2.51,    6722,  1.37,  -31812, -6.47
 439,-74.00,  -27035, -2.71,    5287,  1.08,  -32322, -6.58
 440,-73.00,  -28653, -2.87,    4087,  0.83,  -32740, -6.66
 441,-72.00,  -30000, -3.00,    3143,  0.64,  -33143, -6.74
 442,-71.00,  -31309, -3.13,    2343,  0.48,  -33652, -6.85
 443,-70.00,  -32607, -3.26,    1558,  0.32,  -34165, -6.95
 444,-69.00,  -33652, -3.37,     800,  0.16,  -34452, -7.01
 445,-68.00,  -34172, -3.42,     177,  0.04,  -34349, -6.99
 446,-67.00,  -33959, -3.40,    -197, -0.04,  -33762, -6.87
 447,-66.00,  -33139, -3.32,    -375, -0.08,  -32764, -6.67
 448,-65.00,  -32169, -3.22,    -506, -0.10,  -31663, -6.44
 449,-64.00,  -31495, -3.15,    -798, -0.16,  -30697, -6.25
 450,-63.00,  -31197, -3.12,   -1264, -0.26,  -29933, -6.09
 451,-62.00,  -31056, -3.11,   -1751, -0.36,  -29305, -5.96
 452,-61.00,  -30730, -3.07,   -2141, -0.44,  -28589, -5.82
 453,-60.00,  -30123, -3.01,   -2533, -0.52,  -27590, -5.61
 454,-59.00,  -29424, -2.94,   -3125, -0.64,  -26299, -5.35
 455,-58.00,  -28856, -2.89,   -4054, -0.82,  -24802, -5.05
 456,-57.00,  -28417, -2.84,   -5259, -1.07,  -23158, -4.71
 457,-56.00,  -28006, -2.80,   -6485, -1.32,  -21521, -4.38
 458,-55.00,  -27489, -2.75,   -7469, -1.52,  -20020, -4.07
 459,-54.00,  -26887, -2.69,   -8163, -1.66,  -18724, -3.81
 460,-53.00,  -26347, -2.64,   -8656, -1.76,  -17691, -3.60
 461,-52.00,  -25899, -2.59,   -8999, -1.83,  -16900, -3.44
 462,-51.00,  -25447, -2.55,   -9268, -1.89,  -16179, -3.29
 463,-50.00,  -24908, -2.49,   -9494, -1.93,  -15414, -3.14
 464,-49.00,  -24267, -2.43,   -9729, -1.98,  -14538, -2.96
 465,-48.00,  -23668, -2.37,  -10100, -2.05,  -13568, -2.76
 466,-47.00,  -23175, -2.32,  -10581, -2.15,  -12594, -2.56
 467,-46.00,  -22600, -2.26,  -10895, -2.22,  -11705, -2.38
 468,-45.00,  -21681, -2.17,  -10757, -2.19,  -10924, -2.22
 469,-44.00,  -20257, -2.03,  -10060, -2.05,  -10197, -2.07
 470,-43.00,  -18363, -1.84,   -8963, -1.82,   -9400, -1.91
 471,-42.00,  -16322, -1.63,   -7839, -1.59,   -8483, -1.73
 472,-41.00,  -14409, -1.44,   -6972, -1.42,   -7437, -1.51
 473,-40.00,  -12839, -1.28,   -6502, -1.32,   -6337, -1.29
 474,-39.00,  -11689, -1.17,   -6409, -1.30,   -5280, -1.07
 475,-38.00,  -10824, -1.08,   -6562, -1.34,   -4262, -0.87
 476,-37.00,   -9923, -0.99,   -6716, -1.37,   -3207, -0.65
 477,-36.00,   -8804, -0.88,   -6660, -1.36,   -2144, -0.44
 478,-35.00,   -7481, -0.75,   -6341, -1.29,   -1140, -0.23
 479,-34.00,   -6293, -0.63,   -6031, -1.23,    -262, -0.05
 480,-33.00,   -5523, -0.55,   -5992, -1.22,     469,  0.10
 481,-32.00,   -5196, -0.52,   -6311, -1.28,    1115,  0.23
 482,-31.00,   -5125, -0.51,   -6830, -1.39,    1705,  0.35
 483,-30.00,   -5114, -0.51,   -7256, -1.48,    2142,  0.44
 484,-29.00,   -5065, -0.51,   -7415, -1.51,    2350,  0.48
 485,-28.00,   -5044, -0.50,   -7468, -1.52,    2424,  0.49
 486,-27.00,   -5034, -0.50,   -7597, -1.55,    2563,  0.52
 487,-26.00,   -4975, -0.50,   -7876, -1.60,    2901,  0.59
 488,-25.00,   -4861, -0.49,   -8275, -1.68,    3414,  0.69
 489,-24.00,   -4694, -0.47,   -8632, -1.76,    3938,  0.80
 490,-23.00,   -4505, -0.45,   -8869, -1.80,    4364,  0.89
 491,-22.00,   -4341, -0.43,   -9087, -1.85,    4746,  0.97
 492,-21.00,   -4204, -0.42,   -9411, -1.91,    5207,  1.06
 493,-20.00,   -4070, -0.41,   -9795, -1.99,    5725,  1.16
 494,-19.00,   -3951, -0.40,  -10109, -2.06,    6158,  1.25
 495,-18.00,   -3903, -0.39,  -10249, -2.09,    6346,  1.29
 496,-17.00,   -3993, -0.40,  -10249, -2.09,    6256,  1.27
 497,-16.00,   -4298, -0.43,  -10272, -2.09,    5974,  1.22
 498,-15.00,   -4773, -0.48,  -10394, -2.11,    5621,  1.14
 499,-14.00,   -5349, -0.54,  -10527, -2.14,    5178,  1.05
 500,-13.00,   -5967, -0.60,  -10561, -2.15,    4594,  0.93
 501,-12.00,   -6564, -0.66,  -10450, -2.13,    3886,  0.79
 502,-11.00,   -7102, -0.71,  -10218, -2.08,    3116,  0.63
 503,-10.00,   -7665, -0.77,   -9992, -2.03,    2327,  0.47
 504,-9.00,   -8203, -0.82,   -9750, -1.98,    1547,  0.31
 505,-8.00,   -8697, -0.87,   -9428, -1.92,     731,  0.15
 506,-7.00,   -9089, -0.91,   -8999, -1.83,     -90, -0.02
 507,-6.00,   -9311, -0.93,   -8457, -1.72,    -854, -0.17
 508,-5.00,   -9426, -0.94,   -7875, -1.60,   -1551, -0.32
 509,-4.00,   -9613, -0.96,   -7365, -1.50,   -2248, -0.46
 510,-3.00,   -9891, -0.99,   -6899, -1.40,   -2992, -0.61
 511,-2.00,  -10280, -1.03,   -6416, -1.31,   -3864, -0.79
 512,-1.00,  -10808, -1.08,   -5903, -1.20,   -4905, -1.00
 513,0.00,  -11567, -1.16,   -5394, -1.10,   -6173, -1.26
 514,1.00,  -12641, -1.26,   -4977, -1.01,   -7664, -1.56
 515,2.00,  -13906, -1.39,   -4610, -0.94,   -9296, -1.89
 516,3.00,  -15033, -1.50,   -4113, -0.84,  -10920, -2.22
 517,4.00,  -15777, -1.58,   -3339, -0.68,  -12438, -2.53
 518,5.00,  -16123, -1.61,   -2294, -0.47,  -13829, -2.81
 519,6.00,  -16250, -1.63,   -1080, -0.22,  -15170, -3.09
 520,7.00,  -16457, -1.65,      87,  0.02,  -16544, -3.37
 521,8.00,  -16953, -1.70,    1027,  0.21,  -17980, -3.66
 522,9.00,  -17655, -1.77,    1712,  0.35,  -19367, -3.94
 523,10.00,  -18310, -1.83,    2187,  0.44,  -20497, -4.17
 524,11.00,  -18670, -1.87,    2537,  0.52,  -21207, -4.31
 525,12.00,  -18580, -1.86,    2894,  0.59,  -21474, -4.37
 526,13.00,  -18154, -1.82,    3255,  0.66,  -21409, -4.36
 527,14.00,  -17645, -1.77,    3514,  0.71,  -21159, -4.30
 528,15.00,  -17044, -1.71,    3727,  0.76,  -20771, -4.23
 529,16.00,  -16171, -1.62,    4004,  0.81,  -20175, -4.10
 530,17.00,  -14963, -1.50,    4379,  0.89,  -19342, -3.94
 531,18.00,  -13448, -1.35,    4816,  0.98,  -18264, -3.72
 532,19.00,  -11854, -1.19,    5124,  1.04,  -16978, -3.45
 533,20.00,  -10471, -1.05,    5127,  1.04,  -15598, -3.17
 534,21.00,   -9322, -0.93,    4933,  1.00,  -14255, -2.90
 535,22.00,   -8288, -0.83,    4701,  0.96,  -12989, -2.64
 536,23.00,   -7303, -0.73,    4504,  0.92,  -11807, -2.40
 537,24.00,   -6235, -0.62,    4355,  0.89,  -10590, -2.15
 538,25.00,   -5049, -0.51,    4218,  0.86,   -9267, -1.89
 539,26.00,   -3794, -0.38,    4118,  0.84,   -7912, -1.61
 540,27.00,   -2528, -0.25,    4111,  0.84,   -6639, -1.35
 541,28.00,   -1384, -0.14,    4126,  0.84,   -5510, -1.12
 542,29.00,    -458, -0.05,    4061,  0.83,   -4519, -0.92
 543,30.00,     337,  0.03,    3883,  0.79,   -3546, -0.72
 544,31.00,    1195,  0.12,    3724,  0.76,   -2529, -0.51
 545,32.00,    2339,  0.23,    3785,  0.77,   -1446, -0.29
 546,33.00,    3782,  0.38,    4125,  0.84,    -343, -0.07
 547,34.00,    5386,  0.54,    4666,  0.95,     720,  0.15
 548,35.00,    6939,  0.69,    5211,  1.06,    1728,  0.35
 549,36.00,    8246,  0.83,    5569,  1.13,    2677,  0.54
 550,37.00,    9280,  0.93,    5746,  1.17,    3534,  0.72
 551,38.00,   10161,  1.02,    5902,  1.20,    4259,  0.87
 552,39.00,   10916,  1.09,    6145,  1.25,    4771,  0.97
 553,40.00,   11584,  1.16,    6533,  1.33,    5051,  1.03
 554,41.00,   12164,  1.22,    6959,  1.42,    5205,  1.06
 555,42.00,   12619,  1.26,    7267,  1.48,    5352,  1.09
 556,43.00,   13073,  1.31,    7485,  1.52,    5588,  1.14
 557,44.00,   13726,  1.37,    7798,  1.59,    5928,  1.21
 558,45.00,   14565,  1.46,    8246,  1.68,    6319,  1.29
 559,46.00,   15425,  1.54,    8743,  1.78,    6682,  1.36
 560,47.00,   16069,  1.61,    9107,  1.85,    6962,  1.42
 561,48.00,   16361,  1.64,    9229,  1.88,    7132,  1.45
 562,49.00,   16494,  1.65,    9241,  1.88,    7253,  1.48
 563,50.00,   16756,  1.68,    9301,  1.89,    7455,  1.52
 564,51.00,   17228,  1.72,    9399,  1.91,    7829,  1.59
 565,52.00,   17893,  1.79,    9512,  1.94,    8381,  1.71
 566,53.00,   18654,  1.87,    9607,  1.95,    9047,  1.84
 567,54.00,   19389,  1.94,    9721,  1.98,    9668,  1.97
 568,55.00,   20130,  2.01,   10007,  2.04,   10123,  2.06
 569,56.00,   20904,  2.09,   10512,  2.14,   10392,  2.11
 570,57.00,   21596,  2.16,   11110,  2.26,   10486,  2.13
 571,58.00,   22155,  2.22,   11709,  2.38,   10446,  2.13
 572,59.00,   22597,  2.26,   12183,  2.48,   10414,  2.12
 573,60.00,   22912,  2.29,   12449,  2.53,   10463,  2.13
 574,61.00,   23162,  2.32,   12530,  2.55,   10632,  2.16
 575,62.00,   23474,  2.35,   12515,  2.55,   10959,  2.23
 576,63.00,   23798,  2.38,   12402,  2.52,   11396,  2.32
 577,64.00,   24028,  2.40,   12228,  2.49,   11800,  2.40
 578,65.00,   24125,  2.41,   12031,  2.45,   12094,  2.46
 579,66.00,   24039,  2.41,   11862,  2.41,   12177,  2.48
 580,67.00,   23760,  2.38,   11799,  2.40,   11961,  2.43
 581,68.00,   23364,  2.34,   11901,  2.42,   11463,  2.33
 582,69.00,   22900,  2.29,   12172,  2.48,   10728,  2.18
 583,70.00,   22417,  2.24,   12570,  2.56,    9847,  2.00
 584,71.00,   22056,  2.21,   13045,  2.65,    9011,  1.83
 585,72.00,   21849,  2.19,   13541,  2.76,    8308,  1.69
 586,73.00,   21700,  2.17,   14002,  2.85,    7698,  1.57
 587,74.00,   21444,  2.15,   14298,  2.91,    7146,  1.45
 588,75.00,   20877,  2.09,   14342,  2.92,    6535,  1.33
 589,76.00,   19850,  1.99,   14073,  2.86,    5777,  1.18
 590,77.00,   18436,  1.84,   13538,  2.75,    4898,  1.00
 591,78.00,   16802,  1.68,   12925,  2.63,    3877,  0.79
 592,79.00,   15188,  1.52,   12493,  2.54,    2695,  0.55
 593,80.00,   13813,  1.38,   12361,  2.51,    1452,  0.30
 594,81.00,   12650,  1.27,   12423,  2.53,     227,  0.05
 595,82.00,   11610,  1.16,   12520,  2.55,    -910, -0.19
 596,83.00,   10568,  1.06,   12457,  2.53,   -1889, -0.38
 597,84.00,    9339,  0.93,   12074,  2.46,   -2735, -0.56
 598,85.00,    7808,  0.78,   11379,  2.32,   -3571, -0.73
 599,86.00,    6009,  0.60,   10477,  2.13,   -4468, -0.91
 600,87.00,    3966,  0.40,    9387,  1.91,   -5421, -1.10
 601,88.00,    1847,  0.18,    8253,  1.68,   -6406, -1.30
 602,89.00,    -116, -0.01,    7240,  1.47,   -7356, -1.50
 603,90.00,   -1797, -0.18,    6389,  1.30,   -8186, -1.67
 604,91.00,   -3176, -0.32,    5724,  1.16,   -8900, -1.81
 605,92.00,   -4315, -0.43,    5254,  1.07,   -9569, -1.95
 606,93.00,   -5481, -0.55,    4743,  0.96,  -10224, -2.08
 607,94.00,   -6872, -0.69,    4032,  0.82,  -10904, -2.22
 608,95.00,   -8354, -0.84,    3204,  0.65,  -11558, -2.35
 609,96.00,   -9643, -0.96,    2413,  0.49,  -12056, -2.45
 610,97.00,  -10472, -1.05,    1870,  0.38,  -12342, -2.51
 611,98.00,  -10710, -1.07,    1738,  0.35,  -12448, -2.53
 612,99.00,  -10563, -1.06,    1857,  0.38,  -12420, -2.53
 613,100.00,  -10278, -1.03,    2080,  0.42,  -12358, -2.51
 614,101.00,   -9933, -0.99,    2408,  0.49,  -12341, -2.51
 615,102.00,   -9455, -0.95,    2948,  0.60,  -12403, -2.52
 616,103.00,   -8660, -0.87,    3909,  0.80,  -12569, -2.56
 617,104.00,   -7273, -0.73,    5480,  1.11,  -12753, -2.59
 618,105.00,   -5299, -0.53,    7510,  1.53,  -12809, -2.61
 619,106.00,   -3014, -0.30,    9668,  1.97,  -12682, -2.58
 620,107.00,    -710, -0.07,   11627,  2.37,  -12337, -2.51
 621,108.00,    1455,  0.15,   13241,  2.69,  -11786, -2.40
 622,109.00,    3575,  0.36,   14659,  2.98,  -11084, -2.26
 623,110.00,    5892,  0.59,   16191,  3.29,  -10299, -2.10
 624,111.00,    8469,  0.85,   17979,  3.66,   -9510, -1.93
 625,112.00,   11028,  1.10,   19915,  4.05,   -8887, -1.81
 626,113.00,   13304,  1.33,   21799,  4.44,   -8495, -1.73
 627,114.00,   15191,  1.52,   23484,  4.78,   -8293, -1.69
 628,115.00,   16764,  1.68,   24894,  5.06,   -8130, -1.65
 629,116.00,   18177,  1.82,   25950,  5.28,   -7773, -1.58
 630,117.00,   19611,  1.96,   26602,  5.41,   -6991, -1.42
 631,118.00,   21035,  2.10,   26827,  5.46,   -5792, -1.18
 632,119.00,   22463,  2.25,   26776,  5.45,   -4313, -0.88
 633,120.00,   23960,  2.40,   26778,  5.45,   -2818, -0.57
 634,121.00,   25513,  2.55,   27075,  5.51,   -1562, -0.32
 635,122.00,   26990,  2.70,   27583,  5.61,    -593, -0.12
 636,123.00,   28248,  2.83,   28015,  5.70,     233,  0.05
 637,124.00,   29062,  2.91,   28002,  5.70,    1060,  0.22
 638,125.00,   29462,  2.95,   27423,  5.58,    2039,  0.41
 639,126.00,   29712,  2.97,   26503,  5.39,    3209,  0.65
 640,127.00,   30036,  3.01,   25560,  5.20,    4476,  0.91
 641,128.00,   30595,  3.06,   24895,  5.07,    5700,  1.16
 642,129.00,   31442,  3.15,   24712,  5.03,    6730,  1.37
 643,130.00,   32403,  3.24,   24989,  5.08,    7414,  1.51
 644,131.00,   33220,  3.32,   25552,  5.20,    7668,  1.56
 645,132.00,   33698,  3.37,   26116,  5.31,    7582,  1.54
 646,133.00,   33651,  3.37,   26262,  5.34,    7389,  1.50
 647,134.00,   33186,  3.32,   25857,  5.26,    7329,  1.49
 648,135.00,   32570,  3.26,   25044,  5.10,    7526,  1.53
 649,136.00,   32029,  3.20,   24066,  4.90,    7963,  1.62
 650,137.00,   31567,  3.16,   23128,  4.71,    8439,  1.72
 651,138.00,   31120,  3.11,   22343,  4.55,    8777,  1.79
 652,139.00,   30602,  3.06,   21658,  4.41,    8944,  1.82
 653,140.00,   30011,  3.00,   21077,  4.29,    8934,  1.82
 654,141.00,   29295,  2.93,   20569,  4.18,    8726,  1.78
 655,142.00,   28435,  2.85,   20025,  4.07,    8410,  1.71
 656,143.00,   27472,  2.75,   19355,  3.94,    8117,  1.65
 657,144.00,   26528,  2.65,   18565,  3.78,    7963,  1.62
 658,145.00,   25768,  2.58,   17675,  3.60,    8093,  1.65
 659,146.00,   25113,  2.51,   16658,  3.39,    8455,  1.72
 660,147.00,   24264,  2.43,   15414,  3.14,    8850,  1.80
 661,148.00,   23070,  2.31,   13880,  2.82,    9190,  1.87
 662,149.00,   21615,  2.16,   12097,  2.46,    9518,  1.94
 663,150.00,   20145,  2.02,   10242,  2.08,    9903,  2.01
 664,151.00,   18957,  1.90,    8524,  1.73,   10433,  2.12
 665,152.00,   18212,  1.82,    7142,  1.45,   11070,  2.25
 666,153.00,   17875,  1.79,    6197,  1.26,   11678,  2.38
 667,154.00,   17873,  1.79,    5723,  1.16,   12150,  2.47
 668,155.00,   18046,  1.81,    5538,  1.13,   12508,  2.54
 669,156.00,   18237,  1.82,    5414,  1.10,   12823,  2.61
 670,157.00,   18265,  1.83,    5120,  1.04,   13145,  2.67
 671,158.00,   18112,  1.81,    4630,  0.94,   13482,  2.74
 672,159.00,   17743,  1.78,    3963,  0.81,   13780,  2.80
 673,160.00,   17143,  1.72,    3169,  0.64,   13974,  2.84
 674,161.00,   16417,  1.64,    2285,  0.46,   14132,  2.88
 675,162.00,   15844,  1.59,    1466,  0.30,   14378,  2.93
 676,163.00,   15643,  1.57,     865,  0.18,   14778,  3.01
 677,164.00,   15984,  1.60,     684,  0.14,   15300,  3.11
 678,165.00,   16719,  1.67,     881,  0.18,   15838,  3.22
 679,166.00,   17401,  1.74,    1174,  0.24,   16227,  3.30
 680,167.00,   17729,  1.77,    1335,  0.27,   16394,  3.34
 681,168.00,   17539,  1.75,    1234,  0.25,   16305,  3.32
 682,169.00,   16852,  1.69,     866,  0.18,   15986,  3.25
 683,170.00,   15864,  1.59,     384,  0.08,   15480,  3.15
 684,171.00,   14726,  1.47,    -140, -0.03,   14866,  3.02
 685,172.00,   13538,  1.35,    -709, -0.14,   14247,  2.90
 686,173.00,   12548,  1.26,   -1199, -0.24,   13747,  2.80
 687,174.00,   11839,  1.18,   -1541, -0.31,   13380,  2.72
 688,175.00,   11373,  1.14,   -1750, -0.36,   13123,  2.67
 689,176.00,   10907,  1.09,   -2009, -0.41,   12916,  2.63
 690,177.00,   10115,  1.01,   -2580, -0.52,   12695,  2.58
 691,178.00,    8887,  0.89,   -3590, -0.73,   12477,  2.54
 692,179.00,    7389,  0.74,   -4926, -1.00,   12315,  2.51
 693,180.00,    5890,  0.59,   -6265, -1.27,   12155,  2.47
 694,181.00,    4596,  0.46,   -7273, -1.48,   11869,  2.41
 695,182.00,    3404,  0.34,   -7955, -1.62,   11359,  2.31
 696,183.00,    2106,  0.21,   -8515, -1.73,   10621,  2.16
 697,184.00,     655,  0.07,   -9147, -1.86,    9802,  1.99
 698,185.00,    -752, -0.08,   -9947, -2.02,    9195,  1.87
 699,186.00,   -1826, -0.18,  -10804, -2.20,    8978,  1.83
 700,187.00,   -2468, -0.25,  -11534, -2.35,    9066,  1.84
 701,188.00,   -2874, -0.29,  -12074, -2.46,    9200,  1.87
 702,189.00,   -3336, -0.33,  -12446, -2.53,    9110,  1.85
 703,190.00,   -3973, -0.40,  -12673, -2.58,    8700,  1.77
 704,191.00,   -4502, -0.45,  -12716, -2.59,    8214,  1.67
 705,192.00,   -4613, -0.46,  -12554, -2.55,    7941,  1.62
 706,193.00,   -4173, -0.42,  -12237, -2.49,    8064,  1.64
 707,194.00,   -3319, -0.33,  -11854, -2.41,    8535,  1.74
 708,195.00,   -2323, -0.23,  -11467, -2.33,    9144,  1.86
 709,196.00,   -1421, -0.14,  -11131, -2.26,    9710,  1.98
 710,197.00,    -653, -0.07,  -10828, -2.20,   10175,  2.07
 711,198.00,     -16, -0.00,  -10509, -2.14,   10493,  2.13
 712,199.00,     537,  0.05,  -10223, -2.08,   10760,  2.19
 713,200.00,    1075,  0.11,  -10037, -2.04,   11112,  2.26
 714,201.00,    1683,  0.17,   -9901, -2.01,   11584,  2.36
 715,202.00,    2471,  0.25,   -9652, -1.96,   12123,  2.47
 716,203.00,    3492,  0.35,   -9044, -1.84,   12536,  2.55
 717,204.00,    4729,  0.47,   -7898, -1.61,   12627,  2.57
 718,205.00,    6138,  0.61,   -6349, -1.29,   12487,  2.54
 719,206.00,    7712,  0.77,   -4672, -0.95,   12384,  2.52
 720,207.00,    9369,  0.94,   -3119, -0.63,   12488,  2.54
 721,208.00,   11021,  1.10,   -1753, -0.36,   12774,  2.60
 722,209.00,   12535,  1.25,    -436, -0.09,   12971,  2.64
 723,210.00,   13815,  1.38,     947,  0.19,   12868,  2.62
 724,211.00,   14884,  1.49,    2384,  0.49,   12500,  2.54
 725,212.00,   15786,  1.58,    3792,  0.77,   11994,  2.44
 726,213.00,   16447,  1.65,    4990,  1.02,   11457,  2.33
 727,214.00,   16778,  1.68,    5824,  1.18,   10954,  2.23
 728,215.00,   16818,  1.68,    6340,  1.29,   10478,  2.13
 729,216.00,   16642,  1.67,    6599,  1.34,   10043,  2.04
 730,217.00,   16375,  1.64,    6697,  1.36,    9678,  1.97
 731,218.00,   16027,  1.60,    6693,  1.36,    9334,  1.90
 732,219.00,   15546,  1.56,    6571,  1.34,    8975,  1.83
 733,220.00,   14845,  1.49,    6243,  1.27,    8602,  1.75
 734,221.00,   14050,  1.41,    5782,  1.18,    8268,  1.68
 735,222.00,   13237,  1.32,    5251,  1.07,    7986,  1.62
 736,223.00,   12374,  1.24,    4658,  0.95,    7716,  1.57
 737,224.00,   11487,  1.15,    4058,  0.83,    7429,  1.51
 738,225.00,   10661,  1.07,    3532,  0.72,    7129,  1.45
 739,226.00,    9843,  0.98,    3021,  0.61,    6822,  1.39
 740,227.00,    9052,  0.91,    2459,  0.50,    6593,  1.34
 741,228.00,    8231,  0.82,    1718,  0.35,    6513,  1.33
 742,229.00,    7285,  0.73,     690,  0.14,    6595,  1.34
 743,230.00,    6367,  0.64,    -439, -0.09,    6806,  1.38
 744,231.00,    5644,  0.56,   -1376, -0.28,    7020,  1.43
 745,232.00,    5121,  0.51,   -1972, -0.40,    7093,  1.44
 746,233.00,    4690,  0.47,   -2358, -0.48,    7048,  1.43
 747,234.00,    4184,  0.42,   -2802, -0.57,    6986,  1.42
 748,235.00,    3544,  0.35,   -3473, -0.71,    7017,  1.43
 749,236.00,    2899,  0.29,   -4205, -0.86,    7104,  1.45
 750,237.00,    2373,  0.24,   -4698, -0.96,    7071,  1.44
 751,238.00,    2049,  0.21,   -4753, -0.97,    6802,  1.38
 752,239.00,    1832,  0.18,   -4552, -0.93,    6384,  1.30
 753,240.00,    1567,  0.16,   -4396, -0.89,    5963,  1.21
 754,241.00,    1148,  0.11,   -4551, -0.93,    5699,  1.16
 755,242.00,     553,  0.06,   -5085, -1.03,    5638,  1.15
 756,243.00,     -61, -0.00,   -5810, -1.18,    5749,  1.17
 757,244.00,    -416, -0.04,   -6436, -1.31,    6020,  1.22
 758,245.00,    -363, -0.04,   -6763, -1.38,    6400,  1.30
 759,246.00,     138,  0.01,   -6625, -1.35,    6763,  1.38
 760,247.00,     906,  0.09,   -6054, -1.23,    6960,  1.42
 761,248.00,    1612,  0.16,   -5315, -1.08,    6927,  1.41
 762,249.00,    2053,  0.21,   -4626, -0.94,    6679,  1.36
 763,250.00,    2233,  0.22,   -4083, -0.83,    6316,  1.29
 764,251.00,    2147,  0.21,   -3641, -0.74,    5788,  1.18
 765,252.00,    1914,  0.19,   -3139, -0.64,    5053,  1.03
 766,253.00,    1617,  0.16,   -2568, -0.52,    4185,  0.85
 767,254.00,    1325,  0.13,   -2081, -0.42,    3406,  0.69
 768,255.00,    1245,  0.12,   -1669, -0.34,    2914,  0.59
 769,256.00,    1539,  0.15,   -1264, -0.26,    2803,  0.57
 770,257.00,    2086,  0.21,    -808, -0.16,    2894,  0.59
 771,258.00,    2611,  0.26,    -326, -0.07,    2937,  0.60
 772,259.00,    2715,  0.27,     -46, -0.00,    2761,  0.56
 773,260.00,    2173,  0.22,    -154, -0.03,    2327,  0.47
 774,261.00,    1065,  0.11,    -573, -0.12,    1638,  0.33
 775,262.00,    -329, -0.03,   -1120, -0.23,     791,  0.16
 776,263.00,   -1659, -0.17,   -1631, -0.33,     -28, -0.00
 777,264.00,   -2762, -0.28,   -2139, -0.44,    -623, -0.13
 778,265.00,   -3658, -0.37,   -2776, -0.56,    -882, -0.18
 779,266.00,   -4442, -0.44,   -3611, -0.73,    -831, -0.17
 780,267.00,   -5274, -0.53,   -4649, -0.95,    -625, -0.13
 781,268.00,   -6130, -0.61,   -5708, -1.16,    -422, -0.09
 782,269.00,   -6816, -0.68,   -6560, -1.33,    -256, -0.05
 783,270.00,   -7196, -0.72,   -7134, -1.45,     -62, -0.01
 784,271.00,   -7198, -0.72,   -7417, -1.51,     219,  0.04
 785,272.00,   -6970, -0.70,   -7501, -1.53,     531,  0.11
 786,273.00,   -6821, -0.68,   -7627, -1.55,     806,  0.16
 787,274.00,   -6936, -0.69,   -7973, -1.62,    1037,  0.21
 788,275.00,   -7166, -0.72,   -8480, -1.73,    1314,  0.27
 789,276.00,   -7133, -0.71,   -8941, -1.82,    1808,  0.37
 790,277.00,   -6484, -0.65,   -9102, -1.85,    2618,  0.53
 791,278.00,   -5247, -0.53,   -8890, -1.81,    3643,  0.74
 792,279.00,   -3884, -0.39,   -8547, -1.74,    4663,  0.95
 793,280.00,   -2999, -0.30,   -8484, -1.73,    5485,  1.12
 794,281.00,   -2782, -0.28,   -8834, -1.80,    6052,  1.23
 795,282.00,   -3058, -0.31,   -9486, -1.93,    6428,  1.31
 796,283.00,   -3263, -0.33,  -10045, -2.04,    6782,  1.38
 797,284.00,   -2980, -0.30,  -10135, -2.06,    7155,  1.46
 798,285.00,   -2205, -0.22,   -9667, -1.97,    7462,  1.52
 799,286.00,   -1227, -0.12,   -8847, -1.80,    7620,  1.55
 800,287.00,    -347, -0.03,   -7958, -1.62,    7611,  1.55
 801,288.00,     232,  0.02,   -7252, -1.48,    7484,  1.52
 802,289.00,     637,  0.06,   -6710, -1.37,    7347,  1.49
 803,290.00,     905,  0.09,   -6189, -1.26,    7094,  1.44
 804,291.00,     933,  0.09,   -5666, -1.15,    6599,  1.34
 805,292.00,     574,  0.06,   -5257, -1.07,    5831,  1.19
 806,293.00,    -171, -0.02,   -5018, -1.02,    4847,  0.99
 807,294.00,    -995, -0.10,   -4829, -0.98,    3834,  0.78
 808,295.00,   -1462, -0.15,   -4450, -0.91,    2988,  0.61
 809,296.00,   -1363, -0.14,   -3710, -0.75,    2347,  0.48
 810,297.00,    -878, -0.09,   -2724, -0.55,    1846,  0.38
 811,298.00,    -427, -0.04,   -1780, -0.36,    1353,  0.28
 812,299.00,    -389, -0.04,   -1121, -0.23,     732,  0.15
 813,300.00,    -836, -0.08,    -819, -0.17,     -17, -0.00
 814,301.00,   -1580, -0.16,    -825, -0.17,    -755, -0.15
 815,302.00,   -2266, -0.23,    -989, -0.20,   -1277, -0.26
 816,303.00,   -2641, -0.26,   -1152, -0.23,   -1489, -0.30
 817,304.00,   -2621, -0.26,   -1154, -0.23,   -1467, -0.30
 818,305.00,   -2350, -0.24,    -961, -0.20,   -1389, -0.28
 819,306.00,   -2047, -0.20,    -645, -0.13,   -1402, -0.29
 820,307.00,   -1891, -0.19,    -350, -0.07,   -1541, -0.31
 821,308.00,   -1833, -0.18,    -114, -0.02,   -1719, -0.35
 822,309.00,   -1666, -0.17,     162,  0.03,   -1828, -0.37
 823,310.00,   -1204, -0.12,     636,  0.13,   -1840, -0.37
 824,311.00,    -480, -0.05,    1280,  0.26,   -1760, -0.36
 825,312.00,     299,  0.03,    1920,  0.39,   -1621, -0.33
 826,313.00,     862,  0.09,    2341,  0.48,   -1479, -0.30
 827,314.00,    1109,  0.11,    2509,  0.51,   -1400, -0.28
 828,315.00,    1209,  0.12,    2653,  0.54,   -1444, -0.29
 829,316.00,    1434,  0.14,    3108,  0.63,   -1674, -0.34
 830,317.00,    1832,  0.18,    3906,  0.79,   -2074, -0.42
 831,318.00,    2273,  0.23,    4841,  0.98,   -2568, -0.52
 832,319.00,    2498,  0.25,    5619,  1.14,   -3121, -0.63
 833,320.00,    2339,  0.23,    6094,  1.24,   -3755, -0.76
 834,321.00,    1927,  0.19,    6447,  1.31,   -4520, -0.92
 835,322.00,    1572,  0.16,    7011,  1.43,   -5439, -1.11
 836,323.00,    1385,  0.14,    7854,  1.60,   -6469, -1.32
 837,324.00,    1276,  0.13,    8790,  1.79,   -7514, -1.53
 838,325.00,    1011,  0.10,    9535,  1.94,   -8524, -1.73
 839,326.00,     435,  0.04,    9926,  2.02,   -9491, -1.93
 840,327.00,    -398, -0.04,   10018,  2.04,  -10416, -2.12
 841,328.00,   -1240, -0.12,   10004,  2.04,  -11244, -2.29
 842,329.00,   -1920, -0.19,   10037,  2.04,  -11957, -2.43
 843,330.00,   -2497, -0.25,   10117,  2.06,  -12614, -2.57
 844,331.00,   -3168, -0.32,   10166,  2.07,  -13334, -2.71
 845,332.00,   -4164, -0.42,   10100,  2.05,  -14264, -2.90
 846,333.00,   -5672, -0.57,    9799,  1.99,  -15471, -3.15
 847,334.00,   -7712, -0.77,    9147,  1.86,  -16859, -3.43
 848,335.00,  -10129, -1.01,    8136,  1.66,  -18265, -3.72
 849,336.00,  -12650, -1.27,    6885,  1.40,  -19535, -3.97
 850,337.00,  -14998, -1.50,    5592,  1.14,  -20590, -4.19
 851,338.00,  -16961, -1.70,    4491,  0.91,  -21452, -4.36
 852,339.00,  -18461, -1.85,    3750,  0.76,  -22211, -4.52
 853,340.00,  -19662, -1.97,    3315,  0.67,  -22977, -4.67
 854,341.00,  -20809, -2.08,    3005,  0.61,  -23814, -4.85
 855,342.00,  -22128, -2.21,    2643,  0.54,  -24771, -5.04
 856,343.00,  -23823, -2.38,    2073,  0.42,  -25896, -5.27
 857,344.00,  -25828, -2.58,    1242,  0.25,  -27070, -5.51
 858,345.00,  -27782, -2.78,     319,  0.06,  -28101, -5.72
 859,346.00,  -29299, -2.93,    -538, -0.11,  -28761, -5.85
 860,347.00,  -30267, -3.03,   -1352, -0.28,  -28915, -5.88
 861,348.00,  -30947, -3.10,   -2285, -0.46,  -28662, -5.83
 862,349.00,  -31790, -3.18,   -3488, -0.71,  -28302, -5.76
 863,350.00,  -33061, -3.31,   -4990, -1.02,  -28071, -5.71
 864,351.00,  -34616, -3.46,   -6499, -1.32,  -28117, -5.72
 865,352.00,  -36121, -3.61,   -7695, -1.57,  -28426, -5.78
 866,353.00,  -37574, -3.76,   -8623, -1.75,  -28951, -5.89
 867,354.00,  -39196, -3.92,   -9524, -1.94,  -29672, -6.04
 868,355.00,  -41228, -4.13,  -10611, -2.16,  -30617, -6.23
 869,356.00,  -43651, -4.37,  -11949, -2.43,  -31702, -6.45
 870,357.00,  -46018, -4.60,  -13292, -2.70,  -32726, -6.66
 871,358.00,  -47807, -4.78,  -14368, -2.92,  -33439, -6.80
 872,359.00,  -48870, -4.89,  -15178, -3.09,  -33692, -6.85
 873,360.00,  -49277, -4.93,  -15805, -3.22,  -33472, -6.81
 874,361.00,  -49393, -4.94,  -16403, -3.34,  -32990, -6.71
 875,362.00,  -49677, -4.97,  -17108, -3.48,  -32569, -6.63
 876,363.00,  -50387, -5.04,  -17919, -3.65,  -32468, -6.61
 877,364.00,  -51607, -5.16,  -18838, -3.83,  -32769, -6.67
 878,365.00,  -53097, -5.31,  -19808, -4.03,  -33289, -6.77
 879,366.00,  -54331, -5.44,  -20718, -4.22,  -33613, -6.84
 880,367.00,  -54866, -5.49,  -21437, -4.36,  -33429, -6.80
 881,368.00,  -54691, -5.47,  -21915, -4.46,  -32776, -6.67
 882,369.00,  -54162, -5.42,  -22212, -4.52,  -31950, -6.50
 883,370.00,  -53858, -5.39,  -22541, -4.59,  -31317, -6.37
 884,371.00,  -54016, -5.40,  -23005, -4.68,  -31011, -6.31
 885,372.00,  -54501, -5.45,  -23612, -4.80,  -30889, -6.28
 886,373.00,  -55017, -5.51,  -24288, -4.94,  -30729, -6.25
 887,374.00,  -55456, -5.55,  -25039, -5.09,  -30417, -6.19
 888,375.00,  -55917, -5.60,  -25927, -5.28,  -29990, -6.10
 889,376.00,  -56622, -5.67,  -26990, -5.49,  -29632, -6.03
 890,377.00,  -57448, -5.75,  -28041, -5.71,  -29407, -5.98
 891,378.00,  -58036, -5.81,  -28765, -5.85,  -29271, -5.96
 892,379.00,  -58048, -5.81,  -28948, -5.89,  -29100, -5.92
 893,380.00,  -57406, -5.74,  -28650, -5.83,  -28756, -5.85
 894,381.00,  -56434, -5.65,  -28207, -5.74,  -28227, -5.74
 895,382.00,  -55679, -5.57,  -27988, -5.69,  -27691, -5.63
 896,383.00,  -55410, -5.54,  -28144, -5.73,  -27266, -5.55
 897,384.00,  -55568, -5.56,  -28603, -5.82,  -26965, -5.49
 898,385.00,  -55923, -5.60,  -29204, -5.94,  -26719, -5.44
 899,386.00,  -56082, -5.61,  -29658, -6.03,  -26424, -5.38
 900,387.00,  -55938, -5.60,  -29875, -6.08,  -26063, -5.30
 901,388.00,  -55605, -5.56,  -29853, -6.07,  -25752, -5.24
 902,389.00,  -55129, -5.52,  -29598, -6.02,  -25531, -5.19
 903,390.00,  -54557, -5.46,  -29262, -5.95,  -25295, -5.15
 904,391.00,  -53944, -5.40,  -29004, -5.90,  -24940, -5.07
 905,392.00,  -53209, -5.32,  -28795, -5.86,  -24414, -4.97
 906,393.00,  -52410, -5.24,  -28620, -5.82,  -23790, -4.84
 907,394.00,  -51642, -5.17,  -28407, -5.78,  -23235, -4.73
 908,395.00,  -50929, -5.10,  -28097, -5.72,  -22832, -4.65
 909,396.00,  -50301, -5.03,  -27782, -5.65,  -22519, -4.58
 910,397.00,  -49667, -4.97,  -27451, -5.59,  -22216, -4.52
 911,398.00,  -48916, -4.89,  -27033, -5.50,  -21883, -4.45
 912,399.00,  -48009, -4.80,  -26487, -5.39,  -21522, -4.38
 913,400.00,  -46908, -4.69,  -25842, -5.26,  -21066, -4.29
 914,401.00,  -45608, -4.56,  -25235, -5.13,  -20373, -4.15
 915,402.00,  -44166, -4.42,  -24800, -5.05,  -19366, -3.94
 916,403.00,  -42601, -4.26,  -24441, -4.97,  -18160, -3.69
 917,404.00,  -41040, -4.11,  -24047, -4.89,  -16993, -3.46
 918,405.00,  -39641, -3.97,  -23514, -4.78,  -16127, -3.28
 919,406.00,  -38499, -3.85,  -22859, -4.65,  -15640, -3.18
 920,407.00,  -37497, -3.75,  -22126, -4.50,  -15371, -3.13
 921,408.00,  -36447, -3.65,  -21310, -4.34,  -15137, -3.08
 922,409.00,  -35225, -3.52,  -20353, -4.14,  -14872, -3.03
 923,410.00,  -33835, -3.39,  -19278, -3.92,  -14557, -2.96
 924,411.00,  -32373, -3.24,  -18154, -3.69,  -14219, -2.89
 925,412.00,  -31078, -3.11,  -17187, -3.50,  -13891, -2.83
 926,413.00,  -30104, -3.01,  -16518, -3.36,  -13586, -2.76
 927,414.00,  -29497, -2.95,  -16163, -3.29,  -13334, -2.71
 928,415.00,  -29203, -2.92,  -15983, -3.25,  -13220, -2.69
 929,416.00,  -29062, -2.91,  -15771, -3.21,  -13291, -2.70
 930,417.00,  -28802, -2.88,  -15378, -3.13,  -13424, -2.73
 931,418.00,  -28311, -2.83,  -14831, -3.02,  -13480, -2.74
 932,419.00,  -27638, -2.77,  -14229, -2.89,  -13409, -2.73
 933,420.00,  -26829, -2.68,  -13644, -2.78,  -13185, -2.68
 934,421.00,  -25963, -2.60,  -13056, -2.66,  -12907, -2.63
 935,422.00,  -25268, -2.53,  -12507, -2.54,  -12761, -2.60
 936,423.00,  -24898, -2.49,  -12121, -2.47,  -12777, -2.60
 937,424.00,  -24883, -2.49,  -11985, -2.44,  -12898, -2.62
 938,425.00,  -25182, -2.52,  -12127, -2.47,  -13055, -2.66
 939,426.00,  -25509, -2.55,  -12455, -2.53,  -13054, -2.66
 940,427.00,  -25583, -2.56,  -12809, -2.61,  -12774, -2.60
 941,428.00,  -25329, -2.53,  -13088, -2.66,  -12241, -2.49
 942,429.00,  -24812, -2.48,  -13271, -2.70,  -11541, -2.35
 943,430.00,  -24061, -2.41,  -13290, -2.70,  -10771, -2.19
 944,431.00,  -23170, -2.32,  -13103, -2.67,  -10067, -2.05
 945,432.00,  -22109, -2.21,  -12670, -2.58,   -9439, -1.92
 946,433.00,  -20814, -2.08,  -12024, -2.45,   -8790, -1.79
 947,434.00,  -19358, -1.94,  -11316, -2.30,   -8042, -1.64
 948,435.00,  -18032, -1.80,  -10802, -2.20,   -7230, -1.47
 949,436.00,  -17098, -1.71,  -10630, -2.16,   -6468, -1.32
 950,437.00,  -16611, -1.66,  -10694, -2.18,   -5917, -1.20
 951,438.00,  -16296, -1.63,  -10631, -2.16,   -5665, -1.15
 952,439.00,  -15695, -1.57,  -10104, -2.06,   -5591, -1.14
 953,440.00,  -14522, -1.45,   -9090, -1.85,   -5432, -1.11
 954,441.00,  -12927, -1.29,   -7908, -1.61,   -5019, -1.02
 955,442.00,  -11328, -1.13,   -6999, -1.42,   -4329, -0.88
 956,443.00,  -10014, -1.00,   -6579, -1.34,   -3435, -0.70
 957,444.00,   -9121, -0.91,   -6603, -1.34,   -2518, -0.51
 958,445.00,   -8603, -0.86,   -6860, -1.40,   -1743, -0.35
 959,446.00,   -8301, -0.83,   -7100, -1.44,   -1201, -0.24
 960,447.00,   -8145, -0.81,   -7213, -1.47,    -932, -0.19
 961,448.00,   -8093, -0.81,   -7202, -1.47,    -891, -0.18
 962,449.00,   -7986, -0.80,   -7086, -1.44,    -900, -0.18
 963,450.00,   -7743, -0.77,   -6978, -1.42,    -765, -0.16
 964,451.00,   -7341, -0.73,   -6958, -1.42,    -383, -0.08
 965,452.00,   -6746, -0.68,   -6996, -1.42,     250,  0.05
 966,453.00,   -5949, -0.60,   -7060, -1.44,    1111,  0.23
 967,454.00,   -4994, -0.50,   -7162, -1.46,    2168,  0.44
 968,455.00,   -3972, -0.40,   -7275, -1.48,    3303,  0.67
 969,456.00,   -3058, -0.31,   -7396, -1.50,    4338,  0.88
 970,457.00,   -2443, -0.24,   -7561, -1.54,    5118,  1.04
 971,458.00,   -2218, -0.22,   -7820, -1.59,    5602,  1.14
 972,459.00,   -2313, -0.23,   -8188, -1.67,    5875,  1.20
 973,460.00,   -2638, -0.26,   -8738, -1.78,    6100,  1.24
 974,461.00,   -3050, -0.31,   -9397, -1.91,    6347,  1.29
 975,462.00,   -3309, -0.33,   -9954, -2.03,    6645,  1.35
 976,463.00,   -3220, -0.32,  -10224, -2.08,    7004,  1.43
 977,464.00,   -2818, -0.28,  -10202, -2.08,    7384,  1.50
 978,465.00,   -2394, -0.24,  -10031, -2.04,    7637,  1.55
 979,466.00,   -2352, -0.24,   -9996, -2.03,    7644,  1.56
 980,467.00,   -2919, -0.29,  -10285, -2.09,    7366,  1.50
 981,468.00,   -3916, -0.39,  -10837, -2.20,    6921,  1.41
 982,469.00,   -4965, -0.50,  -11437, -2.33,    6472,  1.32
 983,470.00,   -5851, -0.59,  -11972, -2.44,    6121,  1.25
 984,471.00,   -6548, -0.66,  -12419, -2.53,    5871,  1.19
 985,472.00,   -7069, -0.71,  -12806, -2.61,    5737,  1.17
 986,473.00,   -7379, -0.74,  -13083, -2.66,    5704,  1.16
 987,474.00,   -7264, -0.73,  -13034, -2.65,    5770,  1.17
 988,475.00,   -6599, -0.66,  -12526, -2.55,    5927,  1.21
 989,476.00,   -5591, -0.56,  -11709, -2.38,    6118,  1.24
 990,477.00,   -4520, -0.45,  -10891, -2.22,    6371,  1.30
 991,478.00,   -3541, -0.35,  -10336, -2.10,    6795,  1.38
 992,479.00,   -2609, -0.26,  -10044, -2.04,    7435,  1.51
 993,480.00,   -1465, -0.15,   -9754, -1.98,    8289,  1.69
 994,481.00,      14,  0.00,   -9342, -1.90,    9356,  1.90
 995,482.00,    1620,  0.16,   -8918, -1.81,   10538,  2.14
 996,483.00,    3087,  0.31,   -8716, -1.77,   11803,  2.40
 997,484.00,    4361,  0.44,   -8865, -1.80,   13226,  2.69
 998,485.00,    5612,  0.56,   -9208, -1.87,   14820,  3.02
 999,486.00,    7105,  0.71,   -9417, -1.92,   16522,  3.36
1000,487.00,    8895,  0.89,   -9370, -1.91,   18265,  3.72
1001,488.00,   10791,  1.08,   -9131, -1.86,   19922,  4.05
1002,489.00,   12541,  1.25,   -8850, -1.80,   21391,  4.35
1003,490.00,   14061,  1.41,   -8652, -1.76,   22713,  4.62
1004,491.00,   15369,  1.54,   -8533, -1.74,   23902,  4.86
1005,492.00,   16466,  1.65,   -8468, -1.72,   24934,  5.07
1006,493.00,   17380,  1.74,   -8521, -1.73,   25901,  5.27
1007,494.00,   18250,  1.83,   -8724, -1.77,   26974,  5.49
1008,495.00,   19258,  1.93,   -9046, -1.84,   28304,  5.76
1009,496.00,   20583,  2.06,   -9404, -1.91,   29987,  6.10
1010,497.00,   22177,  2.22,   -9732, -1.98,   31909,  6.49
1011,498.00,   23719,  2.37,  -10081, -2.05,   33800,  6.88
1012,499.00,   24872,  2.49,  -10591, -2.15,   35463,  7.22
1013,500.00,   25514,  2.55,  -11285, -2.30,   36799,  7.49
1014,501.00,   25736,  2.58,  -12050, -2.45,   37786,  7.69
1015,502.00,   25777,  2.58,  -12680, -2.58,   38457,  7.82
1016,503.00,   25773,  2.58,  -13075, -2.66,   38848,  7.90
1017,504.00,   25711,  2.57,  -13302, -2.71,   39013,  7.94
1018,505.00,   25517,  2.55,  -13525, -2.75,   39042,  7.94
1019,506.00,   25237,  2.53,  -13793, -2.81,   39030,  7.94
1020,507.00,   24993,  2.50,  -14023, -2.85,   39016,  7.94
1021,508.00,   24870,  2.49,  -14142, -2.88,   39012,  7.94
1022,509.00,   24993,  2.50,  -14023, -2.85,   39016,  7.94
1023,510.00,   24993,  2.50,  -14023, -2.85,   39016,  7.94
1024,511.00,   24993,  2.50,  -14023, -2.85,   39016,  7.94
