-----------------------------------------------------------------------------------
Identifier:,IHS5922-2017C101
File Name:,CGLP70B.3
Ear:,L
Channel:,2
Intensity:,70 dB HL
Stim. Rate:,  1.10/s
Stim. Mode:,0
Sweeps:,179
Artifacts:,62
Smp. Period:,1000.00 us
Amp. Gain:, 50.00 K
Low Pass:, 30.00 Hz
High Pass:,  1.00 Hz
Notch Filter:,TRUE
Stimulus:,100
Stim. Freq.:,1000 Hz
Stim. Dur.:,2000 pnts
Masking:,0 dB SPL
Stim. Point:,513
-----------------------------------------------------------------------------------
Peak Information:,Label,Peak(+),Peak(+)(ms),Peak(-),Peak(-)(ms)
,20, 716,203.00, 832,319.00,
,19, 646,133.00, 716,203.00,
,18, 615,102.00, 646,133.00,
,17, 589,76.00, 616,103.00,
-----------------------------------------------------------------------------------


Data Pnt:,Data Pnt(ms):,Average:,Average(uV):,Buffer1:,Buffer1(uV):,Buffer2:,Buffer2(uV):
   1,-512.00,       0,  0.00,       0,  0.00,       0,  0.00
   2,-511.00,       0,  0.00,       0,  0.00,       0,  0.00
   3,-510.00,       0,  0.00,       0,  0.00,       0,  0.00
   4,-509.00,       0,  0.00,       0,  0.00,       0,  0.00
   5,-508.00,       0,  0.00,       0,  0.00,       0,  0.00
   6,-507.00,       0,  0.00,       0,  0.00,       0,  0.00
   7,-506.00,       0,  0.00,       0,  0.00,       0,  0.00
   8,-505.00,       0,  0.00,       0,  0.00,       0,  0.00
   9,-504.00,       0,  0.00,       0,  0.00,       0,  0.00
  10,-503.00,       0,  0.00,       0,  0.00,       0,  0.00
  11,-502.00,       0,  0.00,       0,  0.00,       0,  0.00
  12,-501.00,       0,  0.00,       0,  0.00,       0,  0.00
  13,-500.00,       0,  0.00,       0,  0.00,       0,  0.00
  14,-499.00,       0,  0.00,       0,  0.00,       0,  0.00
  15,-498.00,       0,  0.00,       0,  0.00,       0,  0.00
  16,-497.00,       0,  0.00,       0,  0.00,       0,  0.00
  17,-496.00,       0,  0.00,       0,  0.00,       0,  0.00
  18,-495.00,       0,  0.00,       0,  0.00,       0,  0.00
  19,-494.00,       0,  0.00,       0,  0.00,       0,  0.00
  20,-493.00,       0,  0.00,       0,  0.00,       0,  0.00
  21,-492.00,       0,  0.00,       0,  0.00,       0,  0.00
  22,-491.00,       0,  0.00,       0,  0.00,       0,  0.00
  23,-490.00,       0,  0.00,       0,  0.00,       0,  0.00
  24,-489.00,       0,  0.00,       0,  0.00,       0,  0.00
  25,-488.00,       0,  0.00,       0,  0.00,       0,  0.00
  26,-487.00,       0,  0.00,       0,  0.00,       0,  0.00
  27,-486.00,       0,  0.00,       0,  0.00,       0,  0.00
  28,-485.00,       0,  0.00,       0,  0.00,       0,  0.00
  29,-484.00,       0,  0.00,       0,  0.00,       0,  0.00
  30,-483.00,       0,  0.00,       0,  0.00,       0,  0.00
  31,-482.00,       0,  0.00,       0,  0.00,       0,  0.00
  32,-481.00,       0,  0.00,       0,  0.00,       0,  0.00
  33,-480.00,       0,  0.00,       0,  0.00,       0,  0.00
  34,-479.00,       0,  0.00,       0,  0.00,       0,  0.00
  35,-478.00,       0,  0.00,       0,  0.00,       0,  0.00
  36,-477.00,       0,  0.00,       0,  0.00,       0,  0.00
  37,-476.00,       0,  0.00,       0,  0.00,       0,  0.00
  38,-475.00,       0,  0.00,       0,  0.00,       0,  0.00
  39,-474.00,       0,  0.00,       0,  0.00,       0,  0.00
  40,-473.00,       0,  0.00,       0,  0.00,       0,  0.00
  41,-472.00,       0,  0.00,       0,  0.00,       0,  0.00
  42,-471.00,       0,  0.00,       0,  0.00,       0,  0.00
  43,-470.00,       0,  0.00,       0,  0.00,       0,  0.00
  44,-469.00,       0,  0.00,       0,  0.00,       0,  0.00
  45,-468.00,       0,  0.00,       0,  0.00,       0,  0.00
  46,-467.00,       0,  0.00,       0,  0.00,       0,  0.00
  47,-466.00,       0,  0.00,       0,  0.00,       0,  0.00
  48,-465.00,       0,  0.00,       0,  0.00,       0,  0.00
  49,-464.00,       0,  0.00,       0,  0.00,       0,  0.00
  50,-463.00,       0,  0.00,       0,  0.00,       0,  0.00
  51,-462.00,       0,  0.00,       0,  0.00,       0,  0.00
  52,-461.00,       0,  0.00,       0,  0.00,       0,  0.00
  53,-460.00,       0,  0.00,       0,  0.00,       0,  0.00
  54,-459.00,       0,  0.00,       0,  0.00,       0,  0.00
  55,-458.00,       0,  0.00,       0,  0.00,       0,  0.00
  56,-457.00,       0,  0.00,       0,  0.00,       0,  0.00
  57,-456.00,       0,  0.00,       0,  0.00,       0,  0.00
  58,-455.00,       0,  0.00,       0,  0.00,       0,  0.00
  59,-454.00,       0,  0.00,       0,  0.00,       0,  0.00
  60,-453.00,       0,  0.00,       0,  0.00,       0,  0.00
  61,-452.00,       0,  0.00,       0,  0.00,       0,  0.00
  62,-451.00,       0,  0.00,       0,  0.00,       0,  0.00
  63,-450.00,       0,  0.00,       0,  0.00,       0,  0.00
  64,-449.00,       0,  0.00,       0,  0.00,       0,  0.00
  65,-448.00,       0,  0.00,       0,  0.00,       0,  0.00
  66,-447.00,       0,  0.00,       0,  0.00,       0,  0.00
  67,-446.00,       0,  0.00,       0,  0.00,       0,  0.00
  68,-445.00,       0,  0.00,       0,  0.00,       0,  0.00
  69,-444.00,       0,  0.00,       0,  0.00,       0,  0.00
  70,-443.00,       0,  0.00,       0,  0.00,       0,  0.00
  71,-442.00,       0,  0.00,       0,  0.00,       0,  0.00
  72,-441.00,       0,  0.00,       0,  0.00,       0,  0.00
  73,-440.00,       0,  0.00,       0,  0.00,       0,  0.00
  74,-439.00,       0,  0.00,       0,  0.00,       0,  0.00
  75,-438.00,       0,  0.00,       0,  0.00,       0,  0.00
  76,-437.00,       0,  0.00,       0,  0.00,       0,  0.00
  77,-436.00,       0,  0.00,       0,  0.00,       0,  0.00
  78,-435.00,       0,  0.00,       0,  0.00,       0,  0.00
  79,-434.00,       0,  0.00,       0,  0.00,       0,  0.00
  80,-433.00,       0,  0.00,       0,  0.00,       0,  0.00
  81,-432.00,       0,  0.00,       0,  0.00,       0,  0.00
  82,-431.00,       0,  0.00,       0,  0.00,       0,  0.00
  83,-430.00,       0,  0.00,       0,  0.00,       0,  0.00
  84,-429.00,       0,  0.00,       0,  0.00,       0,  0.00
  85,-428.00,       0,  0.00,       0,  0.00,       0,  0.00
  86,-427.00,       0,  0.00,       0,  0.00,       0,  0.00
  87,-426.00,       0,  0.00,       0,  0.00,       0,  0.00
  88,-425.00,       0,  0.00,       0,  0.00,       0,  0.00
  89,-424.00,       0,  0.00,       0,  0.00,       0,  0.00
  90,-423.00,       0,  0.00,       0,  0.00,       0,  0.00
  91,-422.00,       0,  0.00,       0,  0.00,       0,  0.00
  92,-421.00,       0,  0.00,       0,  0.00,       0,  0.00
  93,-420.00,       0,  0.00,       0,  0.00,       0,  0.00
  94,-419.00,       0,  0.00,       0,  0.00,       0,  0.00
  95,-418.00,       0,  0.00,       0,  0.00,       0,  0.00
  96,-417.00,       0,  0.00,       0,  0.00,       0,  0.00
  97,-416.00,       0,  0.00,       0,  0.00,       0,  0.00
  98,-415.00,       0,  0.00,       0,  0.00,       0,  0.00
  99,-414.00,       0,  0.00,       0,  0.00,       0,  0.00
 100,-413.00,       0,  0.00,       0,  0.00,       0,  0.00
 101,-412.00,       0,  0.00,       0,  0.00,       0,  0.00
 102,-411.00,       0,  0.00,       0,  0.00,       0,  0.00
 103,-410.00,       0,  0.00,       0,  0.00,       0,  0.00
 104,-409.00,       0,  0.00,       0,  0.00,       0,  0.00
 105,-408.00,       0,  0.00,       0,  0.00,       0,  0.00
 106,-407.00,       0,  0.00,       0,  0.00,       0,  0.00
 107,-406.00,       0,  0.00,       0,  0.00,       0,  0.00
 108,-405.00,       0,  0.00,       0,  0.00,       0,  0.00
 109,-404.00,       0,  0.00,       0,  0.00,       0,  0.00
 110,-403.00,       0,  0.00,       0,  0.00,       0,  0.00
 111,-402.00,       0,  0.00,       0,  0.00,       0,  0.00
 112,-401.00,       0,  0.00,       0,  0.00,       0,  0.00
 113,-400.00,       0,  0.00,       0,  0.00,       0,  0.00
 114,-399.00,       0,  0.00,       0,  0.00,       0,  0.00
 115,-398.00,       0,  0.00,       0,  0.00,       0,  0.00
 116,-397.00,   67306,  2.30,   21335,  1.45,   45971,  3.12
 117,-396.00,   63900,  2.18,   18434,  1.25,   45466,  3.08
 118,-395.00,   61547,  2.10,   16205,  1.10,   45342,  3.08
 119,-394.00,   60660,  2.07,   15134,  1.03,   45526,  3.09
 120,-393.00,   60434,  2.06,   14580,  0.99,   45854,  3.11
 121,-392.00,   59502,  2.03,   13522,  0.92,   45980,  3.12
 122,-391.00,   57516,  1.96,   12151,  0.82,   45365,  3.08
 123,-390.00,   55131,  1.88,   10511,  0.71,   44620,  3.03
 124,-389.00,   50738,  1.73,    7349,  0.50,   43389,  2.94
 125,-388.00,   45733,  1.56,    3581,  0.24,   42152,  2.86
 126,-387.00,   41516,  1.42,     495,  0.03,   41021,  2.78
 127,-386.00,   38712,  1.32,   -1486, -0.10,   40198,  2.73
 128,-385.00,   36602,  1.25,   -2808, -0.19,   39410,  2.67
 129,-384.00,   34682,  1.18,   -3859, -0.26,   38541,  2.61
 130,-383.00,   33215,  1.13,   -4624, -0.31,   37839,  2.57
 131,-382.00,   31313,  1.07,   -5657, -0.38,   36970,  2.51
 132,-381.00,   29244,  1.00,   -6610, -0.45,   35854,  2.43
 133,-380.00,   25771,  0.88,   -7920, -0.54,   33691,  2.28
 134,-379.00,   21942,  0.75,   -9252, -0.63,   31194,  2.12
 135,-378.00,   19336,  0.66,   -9677, -0.66,   29013,  1.97
 136,-377.00,   17559,  0.60,   -9571, -0.65,   27130,  1.84
 137,-376.00,   16214,  0.55,   -9658, -0.65,   25872,  1.75
 138,-375.00,   14545,  0.50,  -10075, -0.68,   24620,  1.67
 139,-374.00,   12226,  0.42,  -10614, -0.72,   22840,  1.55
 140,-373.00,   10946,  0.37,  -10887, -0.74,   21833,  1.48
 141,-372.00,   10470,  0.36,  -10997, -0.75,   21467,  1.46
 142,-371.00,   11282,  0.38,   -9570, -0.65,   20852,  1.41
 143,-370.00,   12447,  0.42,   -7963, -0.54,   20410,  1.38
 144,-369.00,   14014,  0.48,   -6207, -0.42,   20221,  1.37
 145,-368.00,   15085,  0.51,   -4118, -0.28,   19203,  1.30
 146,-367.00,   16856,  0.57,   -1667, -0.11,   18523,  1.26
 147,-366.00,   18922,  0.65,     844,  0.06,   18078,  1.23
 148,-365.00,   20850,  0.71,    2937,  0.20,   17913,  1.21
 149,-364.00,   24186,  0.82,    5561,  0.38,   18625,  1.26
 150,-363.00,   26377,  0.90,    7399,  0.50,   18978,  1.29
 151,-362.00,   27158,  0.93,    8580,  0.58,   18578,  1.26
 152,-361.00,   27334,  0.93,    9562,  0.65,   17772,  1.21
 153,-360.00,   26871,  0.92,    9819,  0.67,   17052,  1.16
 154,-359.00,   25996,  0.89,    9667,  0.66,   16329,  1.11
 155,-358.00,   24582,  0.84,    9386,  0.64,   15196,  1.03
 156,-357.00,   22872,  0.78,    9158,  0.62,   13714,  0.93
 157,-356.00,   20981,  0.72,    8293,  0.56,   12688,  0.86
 158,-355.00,   20336,  0.69,    7900,  0.54,   12436,  0.84
 159,-354.00,   20208,  0.69,    7542,  0.51,   12666,  0.86
 160,-353.00,   20093,  0.69,    7444,  0.50,   12649,  0.86
 161,-352.00,   19050,  0.65,    7174,  0.49,   11876,  0.81
 162,-351.00,   17043,  0.58,    6113,  0.41,   10930,  0.74
 163,-350.00,   15570,  0.53,    5062,  0.34,   10508,  0.71
 164,-349.00,   14348,  0.49,    3752,  0.25,   10596,  0.72
 165,-348.00,   14361,  0.49,    2853,  0.19,   11508,  0.78
 166,-347.00,   15492,  0.53,    2850,  0.19,   12642,  0.86
 167,-346.00,   16573,  0.57,    2565,  0.17,   14008,  0.95
 168,-345.00,   17194,  0.59,    2058,  0.14,   15136,  1.03
 169,-344.00,   18263,  0.62,    1845,  0.13,   16418,  1.11
 170,-343.00,   20453,  0.70,    2064,  0.14,   18389,  1.25
 171,-342.00,   23097,  0.79,    3000,  0.20,   20097,  1.36
 172,-341.00,   25841,  0.88,    4697,  0.32,   21144,  1.43
 173,-340.00,   29573,  1.01,    6839,  0.46,   22734,  1.54
 174,-339.00,   32642,  1.11,    8534,  0.58,   24108,  1.63
 175,-338.00,   34660,  1.18,    8741,  0.59,   25919,  1.76
 176,-337.00,   36962,  1.26,    8639,  0.59,   28323,  1.92
 177,-336.00,   39950,  1.36,    9369,  0.64,   30581,  2.07
 178,-335.00,   43910,  1.50,   11272,  0.76,   32638,  2.21
 179,-334.00,   48015,  1.64,   13317,  0.90,   34698,  2.35
 180,-333.00,   52259,  1.78,   15582,  1.06,   36677,  2.49
 181,-332.00,   56495,  1.93,   17300,  1.17,   39195,  2.66
 182,-331.00,   61605,  2.10,   18991,  1.29,   42614,  2.89
 183,-330.00,   65605,  2.24,   19665,  1.33,   45940,  3.12
 184,-329.00,   69906,  2.38,   20793,  1.41,   49113,  3.33
 185,-328.00,   74561,  2.54,   22331,  1.51,   52230,  3.54
 186,-327.00,   79135,  2.70,   24278,  1.65,   54857,  3.72
 187,-326.00,   83231,  2.84,   26601,  1.80,   56630,  3.84
 188,-325.00,   87183,  2.97,   28596,  1.94,   58587,  3.97
 189,-324.00,   92779,  3.16,   30922,  2.10,   61857,  4.20
 190,-323.00,   98707,  3.37,   32854,  2.23,   65853,  4.47
 191,-322.00,  103045,  3.51,   33728,  2.29,   69317,  4.70
 192,-321.00,  106858,  3.64,   34628,  2.35,   72230,  4.90
 193,-320.00,  109956,  3.75,   35031,  2.38,   74925,  5.08
 194,-319.00,  112528,  3.84,   36436,  2.47,   76092,  5.16
 195,-318.00,  114781,  3.91,   38133,  2.59,   76648,  5.20
 196,-317.00,  117465,  4.01,   40395,  2.74,   77070,  5.23
 197,-316.00,  121118,  4.13,   42965,  2.91,   78153,  5.30
 198,-315.00,  124411,  4.24,   45059,  3.06,   79352,  5.38
 199,-314.00,  126518,  4.31,   46550,  3.16,   79968,  5.42
 200,-313.00,  127641,  4.35,   47249,  3.20,   80392,  5.45
 201,-312.00,  128252,  4.37,   47863,  3.25,   80389,  5.45
 202,-311.00,  128020,  4.37,   47737,  3.24,   80283,  5.44
 203,-310.00,  127737,  4.36,   47220,  3.20,   80517,  5.46
 204,-309.00,  127218,  4.34,   47281,  3.21,   79937,  5.42
 205,-308.00,  125831,  4.29,   47494,  3.22,   78337,  5.31
 206,-307.00,  123245,  4.20,   46761,  3.17,   76484,  5.19
 207,-306.00,  119514,  4.08,   45309,  3.07,   74205,  5.03
 208,-305.00,  114429,  3.90,   42814,  2.90,   71615,  4.86
 209,-304.00,  109957,  3.75,   40243,  2.73,   69714,  4.73
 210,-303.00,  105617,  3.60,   38148,  2.59,   67469,  4.58
 211,-302.00,  100543,  3.43,   35832,  2.43,   64711,  4.39
 212,-301.00,   95960,  3.27,   33894,  2.30,   62066,  4.21
 213,-300.00,   90998,  3.10,   32281,  2.19,   58717,  3.98
 214,-299.00,   84835,  2.89,   29921,  2.03,   54914,  3.72
 215,-298.00,   78808,  2.69,   27509,  1.87,   51299,  3.48
 216,-297.00,   73582,  2.51,   25828,  1.75,   47754,  3.24
 217,-296.00,   68367,  2.33,   24336,  1.65,   44031,  2.99
 218,-295.00,   63350,  2.16,   22603,  1.53,   40747,  2.76
 219,-294.00,   59328,  2.02,   21668,  1.47,   37660,  2.55
 220,-293.00,   56090,  1.91,   20971,  1.42,   35119,  2.38
 221,-292.00,   53403,  1.82,   21586,  1.46,   31817,  2.16
 222,-291.00,   50277,  1.71,   22135,  1.50,   28142,  1.91
 223,-290.00,   47242,  1.61,   22294,  1.51,   24948,  1.69
 224,-289.00,   44557,  1.52,   22838,  1.55,   21719,  1.47
 225,-288.00,   42311,  1.44,   22464,  1.52,   19847,  1.35
 226,-287.00,   40289,  1.37,   22166,  1.50,   18123,  1.23
 227,-286.00,   38834,  1.32,   22168,  1.50,   16666,  1.13
 228,-285.00,   36960,  1.26,   22140,  1.50,   14820,  1.01
 229,-284.00,   35278,  1.20,   21998,  1.49,   13280,  0.90
 230,-283.00,   33651,  1.15,   21850,  1.48,   11801,  0.80
 231,-282.00,   31558,  1.08,   21645,  1.47,    9913,  0.67
 232,-281.00,   29444,  1.00,   21623,  1.47,    7821,  0.53
 233,-280.00,   27439,  0.94,   21917,  1.49,    5522,  0.37
 234,-279.00,   26002,  0.89,   22237,  1.51,    3765,  0.26
 235,-278.00,   24582,  0.84,   22420,  1.52,    2162,  0.15
 236,-277.00,   23216,  0.79,   22926,  1.55,     290,  0.02
 237,-276.00,   21740,  0.74,   23039,  1.56,   -1299, -0.09
 238,-275.00,   19472,  0.66,   22358,  1.52,   -2886, -0.20
 239,-274.00,   16282,  0.56,   20609,  1.40,   -4327, -0.29
 240,-273.00,   12357,  0.42,   18348,  1.24,   -5991, -0.41
 241,-272.00,    9337,  0.32,   16810,  1.14,   -7473, -0.51
 242,-271.00,    6825,  0.23,   14584,  0.99,   -7759, -0.53
 243,-270.00,    4198,  0.14,   12205,  0.83,   -8007, -0.54
 244,-269.00,    1367,  0.05,   10569,  0.72,   -9202, -0.62
 245,-268.00,   -1768, -0.06,    9230,  0.63,  -10998, -0.75
 246,-267.00,   -4737, -0.16,    7498,  0.51,  -12235, -0.83
 247,-266.00,   -8375, -0.29,    4881,  0.33,  -13256, -0.90
 248,-265.00,  -12345, -0.42,    2092,  0.14,  -14437, -0.98
 249,-264.00,  -15742, -0.54,    -473, -0.03,  -15269, -1.04
 250,-263.00,  -18478, -0.63,   -3063, -0.21,  -15415, -1.05
 251,-262.00,  -21396, -0.73,   -5456, -0.37,  -15940, -1.08
 252,-261.00,  -24296, -0.83,   -7654, -0.52,  -16642, -1.13
 253,-260.00,  -27034, -0.92,  -10201, -0.69,  -16833, -1.14
 254,-259.00,  -29120, -0.99,  -13049, -0.88,  -16071, -1.09
 255,-258.00,  -30382, -1.04,  -15856, -1.08,  -14526, -0.99
 256,-257.00,  -31874, -1.09,  -18766, -1.27,  -13108, -0.89
 257,-256.00,  -33015, -1.13,  -21531, -1.46,  -11484, -0.78
 258,-255.00,  -33808, -1.15,  -24048, -1.63,   -9760, -0.66
 259,-254.00,  -34148, -1.16,  -26214, -1.78,   -7934, -0.54
 260,-253.00,  -34051, -1.16,  -27492, -1.86,   -6559, -0.44
 261,-252.00,  -33810, -1.15,  -29053, -1.97,   -4757, -0.32
 262,-251.00,  -34048, -1.16,  -30951, -2.10,   -3097, -0.21
 263,-250.00,  -33236, -1.13,  -32058, -2.17,   -1178, -0.08
 264,-249.00,  -32613, -1.11,  -33322, -2.26,     709,  0.05
 265,-248.00,  -32133, -1.10,  -35104, -2.38,    2971,  0.20
 266,-247.00,  -30606, -1.04,  -35414, -2.40,    4808,  0.33
 267,-246.00,  -27214, -0.93,  -34215, -2.32,    7001,  0.47
 268,-245.00,  -22197, -0.76,  -32368, -2.20,   10171,  0.69
 269,-244.00,  -17788, -0.61,  -31083, -2.11,   13295,  0.90
 270,-243.00,  -12275, -0.42,  -28665, -1.94,   16390,  1.11
 271,-242.00,   -7142, -0.24,  -25814, -1.75,   18672,  1.27
 272,-241.00,   -2719, -0.09,  -23526, -1.60,   20807,  1.41
 273,-240.00,     683,  0.02,  -21675, -1.47,   22358,  1.52
 274,-239.00,    3914,  0.13,  -19843, -1.35,   23757,  1.61
 275,-238.00,    7392,  0.25,  -17884, -1.21,   25276,  1.71
 276,-237.00,   11153,  0.38,  -16037, -1.09,   27190,  1.84
 277,-236.00,   13712,  0.47,  -14430, -0.98,   28142,  1.91
 278,-235.00,   16247,  0.55,  -12795, -0.87,   29042,  1.97
 279,-234.00,   17457,  0.60,  -11782, -0.80,   29239,  1.98
 280,-233.00,   17365,  0.59,  -11953, -0.81,   29318,  1.99
 281,-232.00,   17273,  0.59,  -12377, -0.84,   29650,  2.01
 282,-231.00,   17405,  0.59,  -12735, -0.86,   30140,  2.04
 283,-230.00,   16315,  0.56,  -13379, -0.91,   29694,  2.01
 284,-229.00,   15216,  0.52,  -14300, -0.97,   29516,  2.00
 285,-228.00,   13429,  0.46,  -15560, -1.06,   28989,  1.97
 286,-227.00,   12527,  0.43,  -15219, -1.03,   27746,  1.88
 287,-226.00,   11314,  0.39,  -14570, -0.99,   25884,  1.76
 288,-225.00,   10143,  0.35,  -14619, -0.99,   24762,  1.68
 289,-224.00,    9369,  0.32,  -15117, -1.03,   24486,  1.66
 290,-223.00,    8672,  0.30,  -15158, -1.03,   23830,  1.62
 291,-222.00,    7709,  0.26,  -15746, -1.07,   23455,  1.59
 292,-221.00,    6206,  0.21,  -17177, -1.16,   23383,  1.59
 293,-220.00,    4337,  0.15,  -18741, -1.27,   23078,  1.57
 294,-219.00,    3064,  0.10,  -19492, -1.32,   22556,  1.53
 295,-218.00,    2173,  0.07,  -19633, -1.33,   21806,  1.48
 296,-217.00,     687,  0.02,  -20228, -1.37,   20915,  1.42
 297,-216.00,   -2119, -0.07,  -21559, -1.46,   19440,  1.32
 298,-215.00,   -4848, -0.17,  -22867, -1.55,   18019,  1.22
 299,-214.00,   -6460, -0.22,  -23394, -1.59,   16934,  1.15
 300,-213.00,   -7783, -0.27,  -23866, -1.62,   16083,  1.09
 301,-212.00,  -10033, -0.34,  -24829, -1.68,   14796,  1.00
 302,-211.00,  -13581, -0.46,  -26520, -1.80,   12939,  0.88
 303,-210.00,  -17878, -0.61,  -28412, -1.93,   10534,  0.71
 304,-209.00,  -21541, -0.73,  -30256, -2.05,    8715,  0.59
 305,-208.00,  -24238, -0.83,  -31828, -2.16,    7590,  0.51
 306,-207.00,  -27580, -0.94,  -33109, -2.25,    5529,  0.37
 307,-206.00,  -30965, -1.06,  -33836, -2.29,    2871,  0.19
 308,-205.00,  -35265, -1.20,  -34897, -2.37,    -368, -0.02
 309,-204.00,  -39365, -1.34,  -36033, -2.44,   -3332, -0.23
 310,-203.00,  -43030, -1.47,  -37208, -2.52,   -5822, -0.39
 311,-202.00,  -46050, -1.57,  -38202, -2.59,   -7848, -0.53
 312,-201.00,  -48229, -1.64,  -38802, -2.63,   -9427, -0.64
 313,-200.00,  -50658, -1.73,  -39291, -2.66,  -11367, -0.77
 314,-199.00,  -53682, -1.83,  -40100, -2.72,  -13582, -0.92
 315,-198.00,  -56815, -1.94,  -40915, -2.77,  -15900, -1.08
 316,-197.00,  -60534, -2.06,  -41577, -2.82,  -18957, -1.29
 317,-196.00,  -62417, -2.13,  -41087, -2.79,  -21330, -1.45
 318,-195.00,  -63070, -2.15,  -40377, -2.74,  -22693, -1.54
 319,-194.00,  -63742, -2.17,  -40176, -2.72,  -23566, -1.60
 320,-193.00,  -64831, -2.21,  -40440, -2.74,  -24391, -1.65
 321,-192.00,  -67559, -2.30,  -41090, -2.79,  -26469, -1.80
 322,-191.00,  -69418, -2.37,  -40675, -2.76,  -28743, -1.95
 323,-190.00,  -69996, -2.39,  -39668, -2.69,  -30328, -2.06
 324,-189.00,  -69733, -2.38,  -39105, -2.65,  -30628, -2.08
 325,-188.00,  -68771, -2.35,  -38566, -2.62,  -30205, -2.05
 326,-187.00,  -67633, -2.31,  -37854, -2.57,  -29779, -2.02
 327,-186.00,  -66625, -2.27,  -36531, -2.48,  -30094, -2.04
 328,-185.00,  -66046, -2.25,  -35527, -2.41,  -30519, -2.07
 329,-184.00,  -66181, -2.26,  -35228, -2.39,  -30953, -2.10
 330,-183.00,  -66858, -2.28,  -35068, -2.38,  -31790, -2.16
 331,-182.00,  -67253, -2.29,  -34390, -2.33,  -32863, -2.23
 332,-181.00,  -67398, -2.30,  -33328, -2.26,  -34070, -2.31
 333,-180.00,  -67407, -2.30,  -32509, -2.20,  -34898, -2.37
 334,-179.00,  -67072, -2.29,  -30869, -2.09,  -36203, -2.46
 335,-178.00,  -66715, -2.27,  -28841, -1.96,  -37874, -2.57
 336,-177.00,  -65604, -2.24,  -26406, -1.79,  -39198, -2.66
 337,-176.00,  -65304, -2.23,  -25046, -1.70,  -40258, -2.73
 338,-175.00,  -65000, -2.22,  -23919, -1.62,  -41081, -2.79
 339,-174.00,  -66102, -2.25,  -23343, -1.58,  -42759, -2.90
 340,-173.00,  -66959, -2.28,  -22871, -1.55,  -44088, -2.99
 341,-172.00,  -68121, -2.32,  -22687, -1.54,  -45434, -3.08
 342,-171.00,  -69453, -2.37,  -22684, -1.54,  -46769, -3.17
 343,-170.00,  -70111, -2.39,  -22953, -1.56,  -47158, -3.20
 344,-169.00,  -69918, -2.38,  -23353, -1.58,  -46565, -3.16
 345,-168.00,  -69582, -2.37,  -23694, -1.61,  -45888, -3.11
 346,-167.00,  -69079, -2.36,  -23426, -1.59,  -45653, -3.10
 347,-166.00,  -69209, -2.36,  -23246, -1.58,  -45963, -3.12
 348,-165.00,  -68264, -2.33,  -22133, -1.50,  -46131, -3.13
 349,-164.00,  -67375, -2.30,  -21265, -1.44,  -46110, -3.13
 350,-163.00,  -66812, -2.28,  -21255, -1.44,  -45557, -3.09
 351,-162.00,  -66648, -2.27,  -21619, -1.47,  -45029, -3.05
 352,-161.00,  -65695, -2.24,  -21235, -1.44,  -44460, -3.02
 353,-160.00,  -63884, -2.18,  -19983, -1.36,  -43901, -2.98
 354,-159.00,  -63088, -2.15,  -18911, -1.28,  -44177, -3.00
 355,-158.00,  -61693, -2.10,  -17082, -1.16,  -44611, -3.03
 356,-157.00,  -58570, -2.00,  -13965, -0.95,  -44605, -3.03
 357,-156.00,  -54864, -1.87,  -11173, -0.76,  -43691, -2.96
 358,-155.00,  -52215, -1.78,   -9774, -0.66,  -42441, -2.88
 359,-154.00,  -50062, -1.71,   -8747, -0.59,  -41315, -2.80
 360,-153.00,  -47366, -1.62,   -7103, -0.48,  -40263, -2.73
 361,-152.00,  -44152, -1.51,   -5048, -0.34,  -39104, -2.65
 362,-151.00,  -42104, -1.44,   -4078, -0.28,  -38026, -2.58
 363,-150.00,  -39455, -1.35,   -2790, -0.19,  -36665, -2.49
 364,-149.00,  -36447, -1.24,   -1094, -0.07,  -35353, -2.40
 365,-148.00,  -34055, -1.16,       9,  0.00,  -34064, -2.31
 366,-147.00,  -31962, -1.09,     113,  0.00,  -32075, -2.18
 367,-146.00,  -29480, -1.01,     409,  0.03,  -29889, -2.03
 368,-145.00,  -28183, -0.96,     101,  0.00,  -28284, -1.92
 369,-144.00,  -27604, -0.94,    -572, -0.04,  -27032, -1.83
 370,-143.00,  -27185, -0.93,    -900, -0.06,  -26285, -1.78
 371,-142.00,  -26419, -0.90,    -442, -0.03,  -25977, -1.76
 372,-141.00,  -26108, -0.89,    -212, -0.01,  -25896, -1.76
 373,-140.00,  -26432, -0.90,   -1088, -0.07,  -25344, -1.72
 374,-139.00,  -26870, -0.92,   -2359, -0.16,  -24511, -1.66
 375,-138.00,  -26750, -0.91,   -2851, -0.19,  -23899, -1.62
 376,-137.00,  -26230, -0.89,   -3175, -0.22,  -23055, -1.56
 377,-136.00,  -26102, -0.89,   -4357, -0.30,  -21745, -1.47
 378,-135.00,  -25679, -0.88,   -5108, -0.35,  -20571, -1.40
 379,-134.00,  -25090, -0.86,   -5091, -0.35,  -19999, -1.36
 380,-133.00,  -24917, -0.85,   -5285, -0.36,  -19632, -1.33
 381,-132.00,  -26149, -0.89,   -6440, -0.44,  -19709, -1.34
 382,-131.00,  -27619, -0.94,   -7755, -0.53,  -19864, -1.35
 383,-130.00,  -28006, -0.95,   -8953, -0.61,  -19053, -1.29
 384,-129.00,  -28625, -0.98,  -10640, -0.72,  -17985, -1.22
 385,-128.00,  -30033, -1.02,  -12621, -0.86,  -17412, -1.18
 386,-127.00,  -30015, -1.02,  -13609, -0.92,  -16406, -1.11
 387,-126.00,  -28932, -0.99,  -13837, -0.94,  -15095, -1.02
 388,-125.00,  -29073, -0.99,  -15007, -1.02,  -14066, -0.95
 389,-124.00,  -29598, -1.01,  -16105, -1.09,  -13493, -0.92
 390,-123.00,  -30008, -1.02,  -16886, -1.15,  -13122, -0.89
 391,-122.00,  -30785, -1.05,  -18008, -1.22,  -12777, -0.87
 392,-121.00,  -30939, -1.05,  -18549, -1.26,  -12390, -0.84
 393,-120.00,  -29875, -1.02,  -18331, -1.24,  -11544, -0.78
 394,-119.00,  -27320, -0.93,  -17403, -1.18,   -9917, -0.67
 395,-118.00,  -25293, -0.86,  -16921, -1.15,   -8372, -0.57
 396,-117.00,  -24077, -0.82,  -17024, -1.15,   -7053, -0.48
 397,-116.00,  -23398, -0.80,  -17723, -1.20,   -5675, -0.38
 398,-115.00,  -21743, -0.74,  -17949, -1.22,   -3794, -0.26
 399,-114.00,  -19160, -0.65,  -17039, -1.16,   -2121, -0.14
 400,-113.00,  -16718, -0.57,  -15955, -1.08,    -763, -0.05
 401,-112.00,  -14864, -0.51,  -15063, -1.02,     199,  0.01
 402,-111.00,  -13654, -0.47,  -14517, -0.98,     863,  0.06
 403,-110.00,  -12121, -0.41,  -13391, -0.91,    1270,  0.09
 404,-109.00,  -10159, -0.35,  -12045, -0.82,    1886,  0.13
 405,-108.00,   -7730, -0.26,  -10420, -0.71,    2690,  0.18
 406,-107.00,   -5679, -0.19,   -8501, -0.58,    2822,  0.19
 407,-106.00,   -4192, -0.14,   -6792, -0.46,    2600,  0.18
 408,-105.00,   -2537, -0.09,   -5362, -0.36,    2825,  0.19
 409,-104.00,   -1370, -0.05,   -4013, -0.27,    2643,  0.18
 410,-103.00,   -1740, -0.06,   -2895, -0.20,    1155,  0.08
 411,-102.00,   -2118, -0.07,   -1250, -0.08,    -868, -0.06
 412,-101.00,   -1644, -0.06,    1007,  0.07,   -2651, -0.18
 413,-100.00,     -22, -0.00,    3465,  0.23,   -3487, -0.24
 414,-99.00,    1012,  0.03,    5230,  0.35,   -4218, -0.29
 415,-98.00,    1028,  0.04,    6146,  0.42,   -5118, -0.35
 416,-97.00,     531,  0.02,    6567,  0.45,   -6036, -0.41
 417,-96.00,    -143, -0.00,    6427,  0.44,   -6570, -0.45
 418,-95.00,     -60, -0.00,    7098,  0.48,   -7158, -0.49
 419,-94.00,     399,  0.01,    8176,  0.55,   -7777, -0.53
 420,-93.00,    1404,  0.05,    9132,  0.62,   -7728, -0.52
 421,-92.00,    2262,  0.08,    9583,  0.65,   -7321, -0.50
 422,-91.00,    2269,  0.08,    9125,  0.62,   -6856, -0.46
 423,-90.00,     898,  0.03,    8274,  0.56,   -7376, -0.50
 424,-89.00,    -314, -0.01,    8166,  0.55,   -8480, -0.58
 425,-88.00,   -2480, -0.08,    7880,  0.53,  -10360, -0.70
 426,-87.00,   -3426, -0.12,    7379,  0.50,  -10805, -0.73
 427,-86.00,   -4695, -0.16,    6543,  0.44,  -11238, -0.76
 428,-85.00,   -6970, -0.24,    5203,  0.35,  -12173, -0.83
 429,-84.00,  -10186, -0.35,    3405,  0.23,  -13591, -0.92
 430,-83.00,  -13005, -0.44,    2137,  0.14,  -15142, -1.03
 431,-82.00,  -16091, -0.55,    1109,  0.08,  -17200, -1.17
 432,-81.00,  -20743, -0.71,    -219, -0.01,  -20524, -1.39
 433,-80.00,  -25137, -0.86,   -1740, -0.12,  -23397, -1.59
 434,-79.00,  -28478, -0.97,   -3051, -0.21,  -25427, -1.72
 435,-78.00,  -31018, -1.06,   -3676, -0.25,  -27342, -1.85
 436,-77.00,  -33632, -1.15,   -4329, -0.29,  -29303, -1.99
 437,-76.00,  -34996, -1.19,   -4009, -0.27,  -30987, -2.10
 438,-75.00,  -35947, -1.23,   -3488, -0.24,  -32459, -2.20
 439,-74.00,  -37916, -1.29,   -3810, -0.26,  -34106, -2.31
 440,-73.00,  -41762, -1.42,   -5165, -0.35,  -36597, -2.48
 441,-72.00,  -45543, -1.55,   -7184, -0.49,  -38359, -2.60
 442,-71.00,  -47505, -1.62,   -8444, -0.57,  -39061, -2.65
 443,-70.00,  -48133, -1.64,   -9181, -0.62,  -38952, -2.64
 444,-69.00,  -48554, -1.66,   -9850, -0.67,  -38704, -2.62
 445,-68.00,  -48792, -1.66,  -10055, -0.68,  -38737, -2.63
 446,-67.00,  -49101, -1.67,  -10092, -0.68,  -39009, -2.65
 447,-66.00,  -50251, -1.71,  -10396, -0.71,  -39855, -2.70
 448,-65.00,  -52079, -1.78,  -11168, -0.76,  -40911, -2.77
 449,-64.00,  -52330, -1.78,  -11331, -0.77,  -40999, -2.78
 450,-63.00,  -51276, -1.75,  -10668, -0.72,  -40608, -2.75
 451,-62.00,  -49496, -1.69,   -9587, -0.65,  -39909, -2.71
 452,-61.00,  -47019, -1.60,   -7880, -0.53,  -39139, -2.65
 453,-60.00,  -45504, -1.55,   -6530, -0.44,  -38974, -2.64
 454,-59.00,  -44336, -1.51,   -5111, -0.35,  -39225, -2.66
 455,-58.00,  -43191, -1.47,   -3791, -0.26,  -39400, -2.67
 456,-57.00,  -41423, -1.41,   -2212, -0.15,  -39211, -2.66
 457,-56.00,  -39296, -1.34,    -970, -0.07,  -38326, -2.60
 458,-55.00,  -36813, -1.26,     423,  0.03,  -37236, -2.53
 459,-54.00,  -35869, -1.22,    1302,  0.09,  -37171, -2.52
 460,-53.00,  -34581, -1.18,    2270,  0.15,  -36851, -2.50
 461,-52.00,  -33474, -1.14,    3483,  0.24,  -36957, -2.51
 462,-51.00,  -31586, -1.08,    4877,  0.33,  -36463, -2.47
 463,-50.00,  -29485, -1.01,    6141,  0.42,  -35626, -2.42
 464,-49.00,  -27307, -0.93,    6969,  0.47,  -34276, -2.32
 465,-48.00,  -25013, -0.85,    7793,  0.53,  -32806, -2.22
 466,-47.00,  -23321, -0.80,    7540,  0.51,  -30861, -2.09
 467,-46.00,  -22431, -0.76,    7068,  0.48,  -29499, -2.00
 468,-45.00,  -22318, -0.76,    6348,  0.43,  -28666, -1.94
 469,-44.00,  -22698, -0.77,    4737,  0.32,  -27435, -1.86
 470,-43.00,  -23064, -0.79,    2829,  0.19,  -25893, -1.76
 471,-42.00,  -22915, -0.78,    1313,  0.09,  -24228, -1.64
 472,-41.00,  -22309, -0.76,     129,  0.00,  -22438, -1.52
 473,-40.00,  -21913, -0.75,    -898, -0.06,  -21015, -1.43
 474,-39.00,  -21611, -0.74,   -2179, -0.15,  -19432, -1.32
 475,-38.00,  -20564, -0.70,   -2879, -0.20,  -17685, -1.20
 476,-37.00,  -19906, -0.68,   -2871, -0.19,  -17035, -1.16
 477,-36.00,  -19027, -0.65,   -2560, -0.17,  -16467, -1.12
 478,-35.00,  -17834, -0.61,   -1942, -0.13,  -15892, -1.08
 479,-34.00,  -16735, -0.57,   -1608, -0.11,  -15127, -1.03
 480,-33.00,  -16290, -0.56,   -1494, -0.10,  -14796, -1.00
 481,-32.00,  -16259, -0.55,   -1284, -0.09,  -14975, -1.02
 482,-31.00,  -17085, -0.58,   -1562, -0.11,  -15523, -1.05
 483,-30.00,  -18384, -0.63,   -2581, -0.18,  -15803, -1.07
 484,-29.00,  -19945, -0.68,   -4195, -0.28,  -15750, -1.07
 485,-28.00,  -20930, -0.71,   -5279, -0.36,  -15651, -1.06
 486,-27.00,  -20535, -0.70,   -5387, -0.37,  -15148, -1.03
 487,-26.00,  -20367, -0.69,   -5525, -0.37,  -14842, -1.01
 488,-25.00,  -20660, -0.70,   -5143, -0.35,  -15517, -1.05
 489,-24.00,  -22486, -0.77,   -6060, -0.41,  -16426, -1.11
 490,-23.00,  -25063, -0.85,   -7629, -0.52,  -17434, -1.18
 491,-22.00,  -27603, -0.94,   -9438, -0.64,  -18165, -1.23
 492,-21.00,  -30459, -1.04,  -12137, -0.82,  -18322, -1.24
 493,-20.00,  -34647, -1.18,  -16084, -1.09,  -18563, -1.26
 494,-19.00,  -39574, -1.35,  -19537, -1.32,  -20037, -1.36
 495,-18.00,  -44491, -1.52,  -22699, -1.54,  -21792, -1.48
 496,-17.00,  -49344, -1.68,  -25937, -1.76,  -23407, -1.59
 497,-16.00,  -53699, -1.83,  -28556, -1.94,  -25143, -1.71
 498,-15.00,  -57733, -1.97,  -30977, -2.10,  -26756, -1.81
 499,-14.00,  -62869, -2.14,  -34031, -2.31,  -28838, -1.96
 500,-13.00,  -68384, -2.33,  -37369, -2.53,  -31015, -2.10
 501,-12.00,  -72542, -2.47,  -39579, -2.68,  -32963, -2.24
 502,-11.00,  -75952, -2.59,  -40683, -2.76,  -35269, -2.39
 503,-10.00,  -78305, -2.67,  -41820, -2.84,  -36485, -2.47
 504,-9.00,  -80171, -2.73,  -43024, -2.92,  -37147, -2.52
 505,-8.00,  -82473, -2.81,  -44474, -3.02,  -37999, -2.58
 506,-7.00,  -85161, -2.90,  -46253, -3.14,  -38908, -2.64
 507,-6.00,  -88268, -3.01,  -48245, -3.27,  -40023, -2.71
 508,-5.00,  -90117, -3.07,  -49421, -3.35,  -40696, -2.76
 509,-4.00,  -90567, -3.09,  -49628, -3.37,  -40939, -2.78
 510,-3.00,  -90098, -3.07,  -48684, -3.30,  -41414, -2.81
 511,-2.00,  -89517, -3.05,  -47014, -3.19,  -42503, -2.88
 512,-1.00,  -89191, -3.04,  -45899, -3.11,  -43292, -2.94
 513,0.00,  -87531, -2.98,  -44999, -3.05,  -42532, -2.88
 514,1.00,  -84626, -2.89,  -43866, -2.97,  -40760, -2.76
 515,2.00,  -81469, -2.78,  -41945, -2.84,  -39524, -2.68
 516,3.00,  -79130, -2.70,  -39812, -2.70,  -39318, -2.67
 517,4.00,  -77904, -2.66,  -37895, -2.57,  -40009, -2.71
 518,5.00,  -76621, -2.61,  -35949, -2.44,  -40672, -2.76
 519,6.00,  -75549, -2.58,  -34131, -2.31,  -41418, -2.81
 520,7.00,  -73799, -2.52,  -32244, -2.19,  -41555, -2.82
 521,8.00,  -72845, -2.48,  -30706, -2.08,  -42139, -2.86
 522,9.00,  -71772, -2.45,  -29396, -1.99,  -42376, -2.87
 523,10.00,  -70956, -2.42,  -28026, -1.90,  -42930, -2.91
 524,11.00,  -70666, -2.41,  -27640, -1.87,  -43026, -2.92
 525,12.00,  -70099, -2.39,  -26997, -1.83,  -43102, -2.92
 526,13.00,  -69031, -2.35,  -25921, -1.76,  -43110, -2.92
 527,14.00,  -67493, -2.30,  -24459, -1.66,  -43034, -2.92
 528,15.00,  -65686, -2.24,  -23142, -1.57,  -42544, -2.89
 529,16.00,  -62694, -2.14,  -21783, -1.48,  -40911, -2.77
 530,17.00,  -60411, -2.06,  -21037, -1.43,  -39374, -2.67
 531,18.00,  -59187, -2.02,  -21012, -1.43,  -38175, -2.59
 532,19.00,  -56242, -1.92,  -20542, -1.39,  -35700, -2.42
 533,20.00,  -52336, -1.78,  -20015, -1.36,  -32321, -2.19
 534,21.00,  -49218, -1.68,  -19468, -1.32,  -29750, -2.02
 535,22.00,  -47202, -1.61,  -19308, -1.31,  -27894, -1.89
 536,23.00,  -44427, -1.51,  -18591, -1.26,  -25836, -1.75
 537,24.00,  -41197, -1.40,  -17843, -1.21,  -23354, -1.58
 538,25.00,  -37797, -1.29,  -17678, -1.20,  -20119, -1.36
 539,26.00,  -34656, -1.18,  -17445, -1.18,  -17211, -1.17
 540,27.00,  -31217, -1.06,  -16758, -1.14,  -14459, -0.98
 541,28.00,  -27167, -0.93,  -15283, -1.04,  -11884, -0.81
 542,29.00,  -24554, -0.84,  -14170, -0.96,  -10384, -0.70
 543,30.00,  -22410, -0.76,  -12996, -0.88,   -9414, -0.64
 544,31.00,  -20798, -0.71,  -12004, -0.81,   -8794, -0.60
 545,32.00,  -19265, -0.66,  -11566, -0.78,   -7699, -0.52
 546,33.00,  -18370, -0.63,  -11730, -0.80,   -6640, -0.45
 547,34.00,  -17852, -0.61,  -12256, -0.83,   -5596, -0.38
 548,35.00,  -16984, -0.58,  -12123, -0.82,   -4861, -0.33
 549,36.00,  -17292, -0.59,  -12774, -0.87,   -4518, -0.31
 550,37.00,  -17029, -0.58,  -12813, -0.87,   -4216, -0.29
 551,38.00,  -15553, -0.53,  -12049, -0.82,   -3504, -0.24
 552,39.00,  -13966, -0.48,  -10798, -0.73,   -3168, -0.21
 553,40.00,  -11998, -0.41,   -8426, -0.57,   -3572, -0.24
 554,41.00,   -8628, -0.29,   -5355, -0.36,   -3273, -0.22
 555,42.00,   -5126, -0.17,   -2583, -0.18,   -2543, -0.17
 556,43.00,   -2187, -0.07,    -517, -0.04,   -1670, -0.11
 557,44.00,    1368,  0.05,    1715,  0.12,    -347, -0.02
 558,45.00,    3466,  0.12,    3100,  0.21,     366,  0.02
 559,46.00,    5886,  0.20,    4151,  0.28,    1735,  0.12
 560,47.00,    7417,  0.25,    4967,  0.34,    2450,  0.17
 561,48.00,    7857,  0.27,    4901,  0.33,    2956,  0.20
 562,49.00,    7724,  0.26,    4006,  0.27,    3718,  0.25
 563,50.00,    7877,  0.27,    3355,  0.23,    4522,  0.31
 564,51.00,    7753,  0.26,    2821,  0.19,    4932,  0.33
 565,52.00,    7400,  0.25,    1765,  0.12,    5635,  0.38
 566,53.00,    6749,  0.23,     684,  0.05,    6065,  0.41
 567,54.00,    5880,  0.20,    -397, -0.03,    6277,  0.43
 568,55.00,    5333,  0.18,   -1312, -0.09,    6645,  0.45
 569,56.00,    6926,  0.24,   -1272, -0.09,    8198,  0.56
 570,57.00,   10469,  0.36,    -231, -0.02,   10700,  0.73
 571,58.00,   14792,  0.50,     779,  0.05,   14013,  0.95
 572,59.00,   19094,  0.65,    1317,  0.09,   17777,  1.21
 573,60.00,   23373,  0.80,    1669,  0.11,   21704,  1.47
 574,61.00,   28381,  0.97,    3261,  0.22,   25120,  1.70
 575,62.00,   34784,  1.19,    6163,  0.42,   28621,  1.94
 576,63.00,   41865,  1.43,   10271,  0.70,   31594,  2.14
 577,64.00,   48764,  1.66,   14314,  0.97,   34450,  2.34
 578,65.00,   55965,  1.91,   18899,  1.28,   37066,  2.51
 579,66.00,   62347,  2.13,   23612,  1.60,   38735,  2.63
 580,67.00,   69025,  2.35,   29007,  1.97,   40018,  2.71
 581,68.00,   75863,  2.59,   34747,  2.36,   41116,  2.79
 582,69.00,   81406,  2.78,   40045,  2.72,   41361,  2.81
 583,70.00,   86429,  2.95,   45089,  3.06,   41340,  2.80
 584,71.00,   90074,  3.07,   49111,  3.33,   40963,  2.78
 585,72.00,   92471,  3.15,   52789,  3.58,   39682,  2.69
 586,73.00,   94936,  3.24,   56821,  3.85,   38115,  2.58
 587,74.00,   97179,  3.31,   60223,  4.08,   36956,  2.51
 588,75.00,   98809,  3.37,   63105,  4.28,   35704,  2.42
 589,76.00,  100194,  3.42,   65994,  4.48,   34200,  2.32
 590,77.00,  100101,  3.41,   68400,  4.64,   31701,  2.15
 591,78.00,   98290,  3.35,   69874,  4.74,   28416,  1.93
 592,79.00,   95796,  3.27,   70561,  4.79,   25235,  1.71
 593,80.00,   94170,  3.21,   70878,  4.81,   23292,  1.58
 594,81.00,   92305,  3.15,   70372,  4.77,   21933,  1.49
 595,82.00,   89480,  3.05,   69538,  4.72,   19942,  1.35
 596,83.00,   86594,  2.95,   69017,  4.68,   17577,  1.19
 597,84.00,   83333,  2.84,   67942,  4.61,   15391,  1.04
 598,85.00,   79953,  2.73,   66510,  4.51,   13443,  0.91
 599,86.00,   76256,  2.60,   64439,  4.37,   11817,  0.80
 600,87.00,   72662,  2.48,   61862,  4.20,   10800,  0.73
 601,88.00,   69314,  2.36,   59771,  4.05,    9543,  0.65
 602,89.00,   65890,  2.25,   57294,  3.89,    8596,  0.58
 603,90.00,   61680,  2.10,   54723,  3.71,    6957,  0.47
 604,91.00,   56886,  1.94,   51630,  3.50,    5256,  0.36
 605,92.00,   51955,  1.77,   48286,  3.27,    3669,  0.25
 606,93.00,   46158,  1.57,   43964,  2.98,    2194,  0.15
 607,94.00,   41174,  1.40,   40148,  2.72,    1026,  0.07
 608,95.00,   36563,  1.25,   36418,  2.47,     145,  0.00
 609,96.00,   32401,  1.10,   32981,  2.24,    -580, -0.04
 610,97.00,   28213,  0.96,   29818,  2.02,   -1605, -0.11
 611,98.00,   25741,  0.88,   27142,  1.84,   -1401, -0.10
 612,99.00,   23285,  0.79,   24214,  1.64,    -929, -0.06
 613,100.00,   21825,  0.74,   21931,  1.49,    -106, -0.00
 614,101.00,   22097,  0.75,   20804,  1.41,    1293,  0.09
 615,102.00,   22432,  0.76,   19792,  1.34,    2640,  0.18
 616,103.00,   22083,  0.75,   17947,  1.22,    4136,  0.28
 617,104.00,   22215,  0.76,   16442,  1.12,    5773,  0.39
 618,105.00,   23309,  0.79,   16040,  1.09,    7269,  0.49
 619,106.00,   24393,  0.83,   16422,  1.11,    7971,  0.54
 620,107.00,   25015,  0.85,   15790,  1.07,    9225,  0.63
 621,108.00,   26900,  0.92,   14950,  1.01,   11950,  0.81
 622,109.00,   28570,  0.97,   14351,  0.97,   14219,  0.96
 623,110.00,   30452,  1.04,   14417,  0.98,   16035,  1.09
 624,111.00,   33245,  1.13,   15056,  1.02,   18189,  1.23
 625,112.00,   37748,  1.29,   16534,  1.12,   21214,  1.44
 626,113.00,   42420,  1.45,   17460,  1.18,   24960,  1.69
 627,114.00,   46372,  1.58,   18128,  1.23,   28244,  1.92
 628,115.00,   49842,  1.70,   18576,  1.26,   31266,  2.12
 629,116.00,   54047,  1.84,   20072,  1.36,   33975,  2.30
 630,117.00,   59082,  2.01,   22125,  1.50,   36957,  2.51
 631,118.00,   62859,  2.14,   23602,  1.60,   39257,  2.66
 632,119.00,   66051,  2.25,   24698,  1.67,   41353,  2.80
 633,120.00,   69444,  2.37,   26220,  1.78,   43224,  2.93
 634,121.00,   72796,  2.48,   27910,  1.89,   44886,  3.04
 635,122.00,   75476,  2.57,   28786,  1.95,   46690,  3.17
 636,123.00,   79110,  2.70,   30210,  2.05,   48900,  3.32
 637,124.00,   83184,  2.84,   31702,  2.15,   51482,  3.49
 638,125.00,   86526,  2.95,   32987,  2.24,   53539,  3.63
 639,126.00,   89854,  3.06,   34191,  2.32,   55663,  3.78
 640,127.00,   94124,  3.21,   35487,  2.41,   58637,  3.98
 641,128.00,   97647,  3.33,   36266,  2.46,   61381,  4.16
 642,129.00,   99251,  3.38,   36036,  2.44,   63215,  4.29
 643,130.00,  100454,  3.43,   35822,  2.43,   64632,  4.38
 644,131.00,  102012,  3.48,   36189,  2.45,   65823,  4.46
 645,132.00,  103898,  3.54,   37241,  2.53,   66657,  4.52
 646,133.00,  105059,  3.58,   37799,  2.56,   67260,  4.56
 647,134.00,  104861,  3.58,   37154,  2.52,   67707,  4.59
 648,135.00,  104112,  3.55,   36117,  2.45,   67995,  4.61
 649,136.00,  104095,  3.55,   35560,  2.41,   68535,  4.65
 650,137.00,  103279,  3.52,   34791,  2.36,   68488,  4.64
 651,138.00,  101798,  3.47,   33714,  2.29,   68084,  4.62
 652,139.00,   99901,  3.41,   32680,  2.22,   67221,  4.56
 653,140.00,   97643,  3.33,   31290,  2.12,   66353,  4.50
 654,141.00,   95603,  3.26,   29263,  1.98,   66340,  4.50
 655,142.00,   93868,  3.20,   27851,  1.89,   66017,  4.48
 656,143.00,   91428,  3.12,   26496,  1.80,   64932,  4.40
 657,144.00,   89056,  3.04,   25082,  1.70,   63974,  4.34
 658,145.00,   86709,  2.96,   23650,  1.60,   63059,  4.28
 659,146.00,   83919,  2.86,   21977,  1.49,   61942,  4.20
 660,147.00,   81071,  2.76,   20591,  1.40,   60480,  4.10
 661,148.00,   76328,  2.60,   18484,  1.25,   57844,  3.92
 662,149.00,   71682,  2.44,   16559,  1.12,   55123,  3.74
 663,150.00,   66845,  2.28,   14020,  0.95,   52825,  3.58
 664,151.00,   62540,  2.13,   12064,  0.82,   50476,  3.42
 665,152.00,   58370,  1.99,   10468,  0.71,   47902,  3.25
 666,153.00,   54092,  1.84,    8785,  0.60,   45307,  3.07
 667,154.00,   48998,  1.67,    6737,  0.46,   42261,  2.87
 668,155.00,   44577,  1.52,    5158,  0.35,   39419,  2.67
 669,156.00,   39781,  1.36,    3205,  0.22,   36576,  2.48
 670,157.00,   34600,  1.18,    1839,  0.12,   32761,  2.22
 671,158.00,   29197,  1.00,    1151,  0.08,   28046,  1.90
 672,159.00,   23499,  0.80,      31,  0.00,   23468,  1.59
 673,160.00,   16566,  0.56,   -1934, -0.13,   18500,  1.25
 674,161.00,    8744,  0.30,   -4760, -0.32,   13504,  0.92
 675,162.00,     735,  0.03,   -7777, -0.53,    8512,  0.58
 676,163.00,   -7452, -0.25,  -10963, -0.74,    3511,  0.24
 677,164.00,  -13458, -0.46,  -13371, -0.91,     -87, -0.00
 678,165.00,  -18700, -0.64,  -16774, -1.14,   -1926, -0.13
 679,166.00,  -25030, -0.85,  -20352, -1.38,   -4678, -0.32
 680,167.00,  -31367, -1.07,  -23202, -1.57,   -8165, -0.55
 681,168.00,  -37848, -1.29,  -25831, -1.75,  -12017, -0.81
 682,169.00,  -45886, -1.56,  -29501, -2.00,  -16385, -1.11
 683,170.00,  -55102, -1.88,  -33923, -2.30,  -21179, -1.44
 684,171.00,  -64391, -2.20,  -38305, -2.60,  -26086, -1.77
 685,172.00,  -73571, -2.51,  -42558, -2.89,  -31013, -2.10
 686,173.00,  -81933, -2.79,  -46437, -3.15,  -35496, -2.41
 687,174.00,  -90243, -3.08,  -50267, -3.41,  -39976, -2.71
 688,175.00,  -99347, -3.39,  -54827, -3.72,  -44520, -3.02
 689,176.00, -107831, -3.68,  -58686, -3.98,  -49145, -3.33
 690,177.00, -115093, -3.92,  -61476, -4.17,  -53617, -3.64
 691,178.00, -121681, -4.15,  -63980, -4.34,  -57701, -3.91
 692,179.00, -128041, -4.37,  -66468, -4.51,  -61573, -4.18
 693,180.00, -135359, -4.62,  -69847, -4.74,  -65512, -4.44
 694,181.00, -143029, -4.88,  -73620, -4.99,  -69409, -4.71
 695,182.00, -151109, -5.15,  -78256, -5.31,  -72853, -4.94
 696,183.00, -158555, -5.41,  -83260, -5.65,  -75295, -5.11
 697,184.00, -164849, -5.62,  -87315, -5.92,  -77534, -5.26
 698,185.00, -170463, -5.81,  -90519, -6.14,  -79944, -5.42
 699,186.00, -175281, -5.98,  -92967, -6.30,  -82314, -5.58
 700,187.00, -179898, -6.13,  -94930, -6.44,  -84968, -5.76
 701,188.00, -184795, -6.30,  -97000, -6.58,  -87795, -5.95
 702,189.00, -190650, -6.50,  -99976, -6.78,  -90674, -6.15
 703,190.00, -196386, -6.70, -103721, -7.03,  -92665, -6.28
 704,191.00, -200939, -6.85, -106318, -7.21,  -94621, -6.42
 705,192.00, -203651, -6.94, -107341, -7.28,  -96310, -6.53
 706,193.00, -206468, -7.04, -107815, -7.31,  -98653, -6.69
 707,194.00, -209045, -7.13, -107432, -7.29, -101613, -6.89
 708,195.00, -211875, -7.22, -107759, -7.31, -104116, -7.06
 709,196.00, -215758, -7.36, -109327, -7.41, -106431, -7.22
 710,197.00, -219708, -7.49, -111222, -7.54, -108486, -7.36
 711,198.00, -222541, -7.59, -112407, -7.62, -110134, -7.47
 712,199.00, -224744, -7.66, -113099, -7.67, -111645, -7.57
 713,200.00, -226036, -7.71, -112606, -7.64, -113430, -7.69
 714,201.00, -227005, -7.74, -112270, -7.61, -114735, -7.78
 715,202.00, -229073, -7.81, -112606, -7.64, -116467, -7.90
 716,203.00, -230333, -7.85, -112277, -7.61, -118056, -8.01
 717,204.00, -230869, -7.87, -111878, -7.59, -118991, -8.07
 718,205.00, -230670, -7.87, -111338, -7.55, -119332, -8.09
 719,206.00, -230077, -7.85, -110875, -7.52, -119202, -8.08
 720,207.00, -230212, -7.85, -110932, -7.52, -119280, -8.09
 721,208.00, -231510, -7.89, -111303, -7.55, -120207, -8.15
 722,209.00, -232200, -7.92, -111693, -7.57, -120507, -8.17
 723,210.00, -232722, -7.94, -112192, -7.61, -120530, -8.17
 724,211.00, -231577, -7.90, -112263, -7.61, -119314, -8.09
 725,212.00, -230481, -7.86, -111796, -7.58, -118685, -8.05
 726,213.00, -229316, -7.82, -110774, -7.51, -118542, -8.04
 727,214.00, -228903, -7.81, -110406, -7.49, -118497, -8.04
 728,215.00, -227569, -7.76, -109515, -7.43, -118054, -8.01
 729,216.00, -225943, -7.70, -108361, -7.35, -117582, -7.97
 730,217.00, -225400, -7.69, -107516, -7.29, -117884, -7.99
 731,218.00, -225303, -7.68, -106788, -7.24, -118515, -8.04
 732,219.00, -224221, -7.65, -105200, -7.13, -119021, -8.07
 733,220.00, -221930, -7.57, -102784, -6.97, -119146, -8.08
 734,221.00, -219969, -7.50, -101148, -6.86, -118821, -8.06
 735,222.00, -218221, -7.44,  -99868, -6.77, -118353, -8.03
 736,223.00, -216370, -7.38,  -97935, -6.64, -118435, -8.03
 737,224.00, -214488, -7.31,  -95547, -6.48, -118941, -8.07
 738,225.00, -212575, -7.25,  -93886, -6.37, -118689, -8.05
 739,226.00, -211633, -7.22,  -93677, -6.35, -117956, -8.00
 740,227.00, -210290, -7.17,  -93102, -6.31, -117188, -7.95
 741,228.00, -208936, -7.12,  -91089, -6.18, -117847, -7.99
 742,229.00, -207117, -7.06,  -88776, -6.02, -118341, -8.03
 743,230.00, -206338, -7.04,  -87637, -5.94, -118701, -8.05
 744,231.00, -206265, -7.03,  -86934, -5.90, -119331, -8.09
 745,232.00, -206855, -7.05,  -86835, -5.89, -120020, -8.14
 746,233.00, -207325, -7.07,  -87277, -5.92, -120048, -8.14
 747,234.00, -207545, -7.08,  -87367, -5.93, -120178, -8.15
 748,235.00, -206337, -7.04,  -86979, -5.90, -119358, -8.09
 749,236.00, -203976, -6.96,  -85743, -5.81, -118233, -8.02
 750,237.00, -201670, -6.88,  -84712, -5.75, -116958, -7.93
 751,238.00, -199947, -6.82,  -83767, -5.68, -116180, -7.88
 752,239.00, -198747, -6.78,  -82627, -5.60, -116120, -7.88
 753,240.00, -196467, -6.70,  -80861, -5.48, -115606, -7.84
 754,241.00, -193511, -6.60,  -79165, -5.37, -114346, -7.75
 755,242.00, -189968, -6.48,  -76861, -5.21, -113107, -7.67
 756,243.00, -187163, -6.38,  -74759, -5.07, -112404, -7.62
 757,244.00, -185413, -6.32,  -73662, -5.00, -111751, -7.58
 758,245.00, -184270, -6.28,  -72857, -4.94, -111413, -7.56
 759,246.00, -182316, -6.22,  -71635, -4.86, -110681, -7.51
 760,247.00, -179146, -6.11,  -70387, -4.77, -108759, -7.38
 761,248.00, -176549, -6.02,  -69462, -4.71, -107087, -7.26
 762,249.00, -173912, -5.93,  -68587, -4.65, -105325, -7.14
 763,250.00, -171246, -5.84,  -67937, -4.61, -103309, -7.01
 764,251.00, -167787, -5.72,  -67030, -4.55, -100757, -6.83
 765,252.00, -164860, -5.62,  -65843, -4.47,  -99017, -6.72
 766,253.00, -163365, -5.57,  -65586, -4.45,  -97779, -6.63
 767,254.00, -161942, -5.52,  -65309, -4.43,  -96633, -6.55
 768,255.00, -161498, -5.51,  -65969, -4.47,  -95529, -6.48
 769,256.00, -161494, -5.51,  -67345, -4.57,  -94149, -6.39
 770,257.00, -160217, -5.46,  -68110, -4.62,  -92107, -6.25
 771,258.00, -156866, -5.35,  -67342, -4.57,  -89524, -6.07
 772,259.00, -153600, -5.24,  -66009, -4.48,  -87591, -5.94
 773,260.00, -152010, -5.18,  -65531, -4.44,  -86479, -5.86
 774,261.00, -151048, -5.15,  -65421, -4.44,  -85627, -5.81
 775,262.00, -149755, -5.11,  -64649, -4.38,  -85106, -5.77
 776,263.00, -147833, -5.04,  -63556, -4.31,  -84277, -5.72
 777,264.00, -144459, -4.93,  -61326, -4.16,  -83133, -5.64
 778,265.00, -139627, -4.76,  -58365, -3.96,  -81262, -5.51
 779,266.00, -135537, -4.62,  -55431, -3.76,  -80106, -5.43
 780,267.00, -132347, -4.51,  -53035, -3.60,  -79312, -5.38
 781,268.00, -129038, -4.40,  -50758, -3.44,  -78280, -5.31
 782,269.00, -125304, -4.27,  -47992, -3.25,  -77312, -5.24
 783,270.00, -121684, -4.15,  -45388, -3.08,  -76296, -5.17
 784,271.00, -118774, -4.05,  -43403, -2.94,  -75371, -5.11
 785,272.00, -116837, -3.98,  -41954, -2.85,  -74883, -5.08
 786,273.00, -114756, -3.91,  -41105, -2.79,  -73651, -4.99
 787,274.00, -112118, -3.82,  -40182, -2.73,  -71936, -4.88
 788,275.00, -110471, -3.77,  -39286, -2.66,  -71185, -4.83
 789,276.00, -108117, -3.69,  -38558, -2.61,  -69559, -4.72
 790,277.00, -104561, -3.57,  -37432, -2.54,  -67129, -4.55
 791,278.00, -100068, -3.41,  -36439, -2.47,  -63629, -4.32
 792,279.00,  -95699, -3.26,  -35088, -2.38,  -60611, -4.11
 793,280.00,  -91628, -3.12,  -34820, -2.36,  -56808, -3.85
 794,281.00,  -87873, -3.00,  -35029, -2.38,  -52844, -3.58
 795,282.00,  -83735, -2.86,  -34412, -2.33,  -49323, -3.35
 796,283.00,  -80069, -2.73,  -33829, -2.29,  -46240, -3.14
 797,284.00,  -76511, -2.61,  -33074, -2.24,  -43437, -2.95
 798,285.00,  -72253, -2.46,  -31949, -2.17,  -40304, -2.73
 799,286.00,  -67287, -2.29,  -29963, -2.03,  -37324, -2.53
 800,287.00,  -60211, -2.05,  -27018, -1.83,  -33193, -2.25
 801,288.00,  -52766, -1.80,  -24394, -1.65,  -28372, -1.92
 802,289.00,  -45472, -1.55,  -22310, -1.51,  -23162, -1.57
 803,290.00,  -39819, -1.36,  -19974, -1.35,  -19845, -1.35
 804,291.00,  -34468, -1.18,  -17696, -1.20,  -16772, -1.14
 805,292.00,  -28319, -0.97,  -15929, -1.08,  -12390, -0.84
 806,293.00,  -22386, -0.76,  -13790, -0.94,   -8596, -0.58
 807,294.00,  -18465, -0.63,  -12522, -0.85,   -5943, -0.40
 808,295.00,  -13765, -0.47,  -10630, -0.72,   -3135, -0.21
 809,296.00,   -8543, -0.29,   -8756, -0.59,     213,  0.01
 810,297.00,   -4311, -0.15,   -7278, -0.49,    2967,  0.20
 811,298.00,   -1130, -0.04,   -6151, -0.42,    5021,  0.34
 812,299.00,    1833,  0.06,   -5647, -0.38,    7480,  0.51
 813,300.00,    5719,  0.20,   -5302, -0.36,   11021,  0.75
 814,301.00,    9453,  0.32,   -5103, -0.35,   14556,  0.99
 815,302.00,   12289,  0.42,   -5098, -0.35,   17387,  1.18
 816,303.00,   15744,  0.54,   -5031, -0.34,   20775,  1.41
 817,304.00,   19888,  0.68,   -4388, -0.30,   24276,  1.65
 818,305.00,   24374,  0.83,   -2569, -0.17,   26943,  1.83
 819,306.00,   28412,  0.97,    -221, -0.01,   28633,  1.94
 820,307.00,   31321,  1.07,    1380,  0.09,   29941,  2.03
 821,308.00,   33779,  1.15,    2409,  0.16,   31370,  2.13
 822,309.00,   36465,  1.24,    3565,  0.24,   32900,  2.23
 823,310.00,   39561,  1.35,    5247,  0.36,   34314,  2.33
 824,311.00,   42605,  1.45,    6815,  0.46,   35790,  2.43
 825,312.00,   44984,  1.53,    7878,  0.53,   37106,  2.52
 826,313.00,   47580,  1.62,    9426,  0.64,   38154,  2.59
 827,314.00,   50480,  1.72,   11247,  0.76,   39233,  2.66
 828,315.00,   52865,  1.80,   12445,  0.84,   40420,  2.74
 829,316.00,   53756,  1.83,   13039,  0.88,   40717,  2.76
 830,317.00,   54435,  1.86,   14219,  0.96,   40216,  2.73
 831,318.00,   54953,  1.87,   15448,  1.05,   39505,  2.68
 832,319.00,   55242,  1.88,   16431,  1.11,   38811,  2.63
 833,320.00,   54952,  1.87,   17091,  1.16,   37861,  2.57
 834,321.00,   55012,  1.88,   17903,  1.21,   37109,  2.52
 835,322.00,   55164,  1.88,   18816,  1.28,   36348,  2.47
 836,323.00,   54624,  1.86,   19347,  1.31,   35277,  2.39
 837,324.00,   53454,  1.82,   19374,  1.31,   34080,  2.31
 838,325.00,   52910,  1.80,   19512,  1.32,   33398,  2.27
 839,326.00,   52358,  1.79,   19438,  1.32,   32920,  2.23
 840,327.00,   51158,  1.74,   18637,  1.26,   32521,  2.21
 841,328.00,   49499,  1.69,   17916,  1.22,   31583,  2.14
 842,329.00,   47318,  1.61,   16722,  1.13,   30596,  2.07
 843,330.00,   46002,  1.57,   15254,  1.03,   30748,  2.09
 844,331.00,   45203,  1.54,   13278,  0.90,   31925,  2.17
 845,332.00,   44487,  1.52,   11554,  0.78,   32933,  2.23
 846,333.00,   43430,  1.48,   10486,  0.71,   32944,  2.23
 847,334.00,   41931,  1.43,    9817,  0.67,   32114,  2.18
 848,335.00,   40251,  1.37,    8798,  0.60,   31453,  2.13
 849,336.00,   38549,  1.31,    7492,  0.51,   31057,  2.11
 850,337.00,   37203,  1.27,    5617,  0.38,   31586,  2.14
 851,338.00,   36198,  1.23,    3467,  0.24,   32731,  2.22
 852,339.00,   35737,  1.22,    1659,  0.11,   34078,  2.31
 853,340.00,   36006,  1.23,     460,  0.03,   35546,  2.41
 854,341.00,   35779,  1.22,    -213, -0.01,   35992,  2.44
 855,342.00,   33913,  1.16,   -1182, -0.08,   35095,  2.38
 856,343.00,   32372,  1.10,   -1733, -0.12,   34105,  2.31
 857,344.00,   32049,  1.09,   -1311, -0.09,   33360,  2.26
 858,345.00,   32669,  1.11,    -286, -0.02,   32955,  2.23
 859,346.00,   32891,  1.12,     316,  0.02,   32575,  2.21
 860,347.00,   32494,  1.11,     754,  0.05,   31740,  2.15
 861,348.00,   32602,  1.11,    1634,  0.11,   30968,  2.10
 862,349.00,   33663,  1.15,    3595,  0.24,   30068,  2.04
 863,350.00,   34978,  1.19,    5301,  0.36,   29677,  2.01
 864,351.00,   35772,  1.22,    6864,  0.47,   28908,  1.96
 865,352.00,   36284,  1.24,    8286,  0.56,   27998,  1.90
 866,353.00,   35861,  1.22,    9827,  0.67,   26034,  1.77
 867,354.00,   35603,  1.21,   11543,  0.78,   24060,  1.63
 868,355.00,   35143,  1.20,   12818,  0.87,   22325,  1.51
 869,356.00,   34472,  1.18,   13750,  0.93,   20722,  1.41
 870,357.00,   34254,  1.17,   15009,  1.02,   19245,  1.31
 871,358.00,   34132,  1.16,   16339,  1.11,   17793,  1.21
 872,359.00,   33505,  1.14,   17712,  1.20,   15793,  1.07
 873,360.00,   32742,  1.12,   19468,  1.32,   13274,  0.90
 874,361.00,   33502,  1.14,   21714,  1.47,   11788,  0.80
 875,362.00,   35007,  1.19,   24195,  1.64,   10812,  0.73
 876,363.00,   36533,  1.25,   26340,  1.79,   10193,  0.69
 877,364.00,   36843,  1.26,   27495,  1.86,    9348,  0.63
 878,365.00,   35744,  1.22,   27240,  1.85,    8504,  0.58
 879,366.00,   34567,  1.18,   26728,  1.81,    7839,  0.53
 880,367.00,   34679,  1.18,   26780,  1.82,    7899,  0.54
 881,368.00,   37662,  1.28,   28304,  1.92,    9358,  0.63
 882,369.00,   40717,  1.39,   30003,  2.03,   10714,  0.73
 883,370.00,   43354,  1.48,   31727,  2.15,   11627,  0.79
 884,371.00,   44898,  1.53,   32651,  2.21,   12247,  0.83
 885,372.00,   46556,  1.59,   33879,  2.30,   12677,  0.86
 886,373.00,   50508,  1.72,   36142,  2.45,   14366,  0.97
 887,374.00,   55049,  1.88,   38375,  2.60,   16674,  1.13
 888,375.00,   57929,  1.98,   40087,  2.72,   17842,  1.21
 889,376.00,   61164,  2.09,   41695,  2.83,   19469,  1.32
 890,377.00,   65501,  2.23,   43893,  2.98,   21608,  1.47
 891,378.00,   70484,  2.40,   46188,  3.13,   24296,  1.65
 892,379.00,   75422,  2.57,   48218,  3.27,   27204,  1.84
 893,380.00,   78707,  2.68,   49037,  3.33,   29670,  2.01
 894,381.00,   80760,  2.75,   49015,  3.32,   31745,  2.15
 895,382.00,   82309,  2.81,   48690,  3.30,   33619,  2.28
 896,383.00,   85178,  2.90,   49086,  3.33,   36092,  2.45
 897,384.00,   88564,  3.02,   49965,  3.39,   38599,  2.62
 898,385.00,   92132,  3.14,   50835,  3.45,   41297,  2.80
 899,386.00,   95363,  3.25,   50998,  3.46,   44365,  3.01
 900,387.00,   98665,  3.36,   51088,  3.46,   47577,  3.23
 901,388.00,  101938,  3.48,   51332,  3.48,   50606,  3.43
 902,389.00,  104620,  3.57,   51698,  3.51,   52922,  3.59
 903,390.00,  107047,  3.65,   52031,  3.53,   55016,  3.73
 904,391.00,  109794,  3.74,   52827,  3.58,   56967,  3.86
 905,392.00,  113157,  3.86,   53760,  3.65,   59397,  4.03
 906,393.00,  116226,  3.96,   54116,  3.67,   62110,  4.21
 907,394.00,  118255,  4.03,   53307,  3.62,   64948,  4.40
 908,395.00,  119806,  4.09,   51928,  3.52,   67878,  4.60
 909,396.00,  121422,  4.14,   51010,  3.46,   70412,  4.78
 910,397.00,  122648,  4.18,   50811,  3.45,   71837,  4.87
 911,398.00,  123899,  4.22,   51547,  3.50,   72352,  4.91
 912,399.00,  124311,  4.24,   52219,  3.54,   72092,  4.89
 913,400.00,  123591,  4.21,   51967,  3.52,   71624,  4.86
 914,401.00,  121752,  4.15,   50509,  3.43,   71243,  4.83
 915,402.00,  120137,  4.10,   49057,  3.33,   71080,  4.82
 916,403.00,  118256,  4.03,   47531,  3.22,   70725,  4.80
 917,404.00,  115472,  3.94,   45510,  3.09,   69962,  4.74
 918,405.00,  112647,  3.84,   43568,  2.95,   69079,  4.68
 919,406.00,  110181,  3.76,   42029,  2.85,   68152,  4.62
 920,407.00,  105852,  3.61,   39591,  2.69,   66261,  4.49
 921,408.00,   99618,  3.40,   35772,  2.43,   63846,  4.33
 922,409.00,   93567,  3.19,   32303,  2.19,   61264,  4.15
 923,410.00,   87713,  2.99,   29445,  2.00,   58268,  3.95
 924,411.00,   81991,  2.80,   26629,  1.81,   55362,  3.75
 925,412.00,   76955,  2.62,   24409,  1.66,   52546,  3.56
 926,413.00,   71218,  2.43,   22075,  1.50,   49143,  3.33
 927,414.00,   65758,  2.24,   20449,  1.39,   45309,  3.07
 928,415.00,   60470,  2.06,   18397,  1.25,   42073,  2.85
 929,416.00,   56153,  1.91,   16743,  1.14,   39410,  2.67
 930,417.00,   52921,  1.80,   15561,  1.06,   37360,  2.53
 931,418.00,   50006,  1.71,   14869,  1.01,   35137,  2.38
 932,419.00,   47088,  1.61,   14814,  1.00,   32274,  2.19
 933,420.00,   43661,  1.49,   14324,  0.97,   29337,  1.99
 934,421.00,   40343,  1.38,   13475,  0.91,   26868,  1.82
 935,422.00,   37739,  1.29,   12328,  0.84,   25411,  1.72
 936,423.00,   35539,  1.21,   10782,  0.73,   24757,  1.68
 937,424.00,   33954,  1.16,    9483,  0.64,   24471,  1.66
 938,425.00,   32948,  1.12,    8673,  0.59,   24275,  1.65
 939,426.00,   31751,  1.08,    8020,  0.54,   23731,  1.61
 940,427.00,   30349,  1.03,    6960,  0.47,   23389,  1.59
 941,428.00,   29175,  0.99,    5792,  0.39,   23383,  1.59
 942,429.00,   27315,  0.93,    4456,  0.30,   22859,  1.55
 943,430.00,   26339,  0.90,    3808,  0.26,   22531,  1.53
 944,431.00,   25259,  0.86,    2875,  0.19,   22384,  1.52
 945,432.00,   24116,  0.82,    2300,  0.16,   21816,  1.48
 946,433.00,   22619,  0.77,    1802,  0.12,   20817,  1.41
 947,434.00,   20783,  0.71,    1414,  0.10,   19369,  1.31
 948,435.00,   19140,  0.65,    1937,  0.13,   17203,  1.17
 949,436.00,   18324,  0.62,    2926,  0.20,   15398,  1.04
 950,437.00,   17165,  0.59,    3788,  0.26,   13377,  0.91
 951,438.00,   16870,  0.58,    5504,  0.37,   11366,  0.77
 952,439.00,   17363,  0.59,    7709,  0.52,    9654,  0.65
 953,440.00,   17747,  0.61,   10014,  0.68,    7733,  0.52
 954,441.00,   18295,  0.62,   11896,  0.81,    6399,  0.43
 955,442.00,   19317,  0.66,   13504,  0.92,    5813,  0.39
 956,443.00,   20662,  0.70,   15556,  1.05,    5106,  0.35
 957,444.00,   21801,  0.74,   18108,  1.23,    3693,  0.25
 958,445.00,   21995,  0.75,   20354,  1.38,    1641,  0.11
 959,446.00,   23751,  0.81,   23569,  1.60,     182,  0.01
 960,447.00,   26836,  0.92,   26902,  1.82,     -66, -0.00
 961,448.00,   29358,  1.00,   29164,  1.98,     194,  0.01
 962,449.00,   31593,  1.08,   31103,  2.11,     490,  0.03
 963,450.00,   33970,  1.16,   32728,  2.22,    1242,  0.08
 964,451.00,   37199,  1.27,   34818,  2.36,    2381,  0.16
 965,452.00,   40381,  1.38,   36752,  2.49,    3629,  0.25
 966,453.00,   42433,  1.45,   38382,  2.60,    4051,  0.27
 967,454.00,   44044,  1.50,   39336,  2.67,    4708,  0.32
 968,455.00,   45443,  1.55,   40275,  2.73,    5168,  0.35
 969,456.00,   47298,  1.61,   41807,  2.84,    5491,  0.37
 970,457.00,   48565,  1.66,   43384,  2.94,    5181,  0.35
 971,458.00,   50710,  1.73,   45157,  3.06,    5553,  0.38
 972,459.00,   54887,  1.87,   47847,  3.24,    7040,  0.48
 973,460.00,   59228,  2.02,   50510,  3.43,    8718,  0.59
 974,461.00,   63377,  2.16,   52851,  3.58,   10526,  0.71
 975,462.00,   66332,  2.26,   55129,  3.74,   11203,  0.76
 976,463.00,   68983,  2.35,   56698,  3.85,   12285,  0.83
 977,464.00,   72331,  2.47,   58071,  3.94,   14260,  0.97
 978,465.00,   76655,  2.61,   59540,  4.04,   17115,  1.16
 979,466.00,   79484,  2.71,   60338,  4.09,   19146,  1.30
 980,467.00,   80553,  2.75,   60607,  4.11,   19946,  1.35
 981,468.00,   81542,  2.78,   60551,  4.11,   20991,  1.42
 982,469.00,   82965,  2.83,   60154,  4.08,   22811,  1.55
 983,470.00,   85667,  2.92,   60621,  4.11,   25046,  1.70
 984,471.00,   89712,  3.06,   61982,  4.20,   27730,  1.88
 985,472.00,   94578,  3.23,   63061,  4.28,   31517,  2.14
 986,473.00,   99120,  3.38,   63687,  4.32,   35433,  2.40
 987,474.00,  103706,  3.54,   64330,  4.36,   39376,  2.67
 988,475.00,  108056,  3.68,   65141,  4.42,   42915,  2.91
 989,476.00,  111749,  3.81,   65478,  4.44,   46271,  3.14
 990,477.00,  113859,  3.88,   64725,  4.39,   49134,  3.33
 991,478.00,  116562,  3.97,   64076,  4.35,   52486,  3.56
 992,479.00,  119811,  4.09,   63936,  4.34,   55875,  3.79
 993,480.00,  122882,  4.19,   63457,  4.30,   59425,  4.03
 994,481.00,  125327,  4.27,   61979,  4.20,   63348,  4.30
 995,482.00,  127362,  4.34,   60655,  4.11,   66707,  4.52
 996,483.00,  128167,  4.37,   59256,  4.02,   68911,  4.67
 997,484.00,  129589,  4.42,   58634,  3.98,   70955,  4.81
 998,485.00,  130657,  4.46,   58055,  3.94,   72602,  4.92
 999,486.00,  131872,  4.50,   57987,  3.93,   73885,  5.01
1000,487.00,  133319,  4.55,   58291,  3.95,   75028,  5.09
1001,488.00,  134959,  4.60,   59425,  4.03,   75534,  5.12
1002,489.00,  135884,  4.63,   60192,  4.08,   75692,  5.13
1003,490.00,  135752,  4.63,   60076,  4.07,   75676,  5.13
1004,491.00,  134550,  4.59,   58613,  3.98,   75937,  5.15
1005,492.00,  133139,  4.54,   57082,  3.87,   76057,  5.16
1006,493.00,  132118,  4.51,   56515,  3.83,   75603,  5.13
1007,494.00,  131179,  4.47,   56328,  3.82,   74851,  5.08
1008,495.00,  130986,  4.47,   56174,  3.81,   74812,  5.07
1009,496.00,  130318,  4.44,   55619,  3.77,   74699,  5.07
1010,497.00,  128921,  4.40,   54350,  3.69,   74571,  5.06
1011,498.00,  127576,  4.35,   52564,  3.56,   75012,  5.09
1012,499.00,  126512,  4.31,   51975,  3.52,   74537,  5.06
1013,500.00,  125254,  4.27,   51213,  3.47,   74041,  5.02
1014,501.00,  123370,  4.21,   50590,  3.43,   72780,  4.94
1015,502.00,  120591,  4.11,   49690,  3.37,   70901,  4.81
1016,503.00,  118093,  4.03,   48997,  3.32,   69096,  4.69
1017,504.00,  114626,  3.91,   48258,  3.27,   66368,  4.50
1018,505.00,  110463,  3.77,   47251,  3.20,   63212,  4.29
1019,506.00,  107221,  3.66,   46446,  3.15,   60775,  4.12
1020,507.00,  104619,  3.57,   45900,  3.11,   58719,  3.98
1021,508.00,  102249,  3.49,   45863,  3.11,   56386,  3.82
1022,509.00,   99143,  3.38,   46208,  3.13,   52935,  3.59
1023,510.00,   95124,  3.24,   45822,  3.11,   49302,  3.34
1024,511.00,   92308,  3.15,   46013,  3.12,   46295,  3.14
