-----------------------------------------------------------------------------------
Identifier:,IHS5922-20186L01
File Name:,BGLP70B.1
Ear:,L
Channel:,2
Intensity:,70 dB HL
Stim. Rate:,  1.10/s
Stim. Mode:,0
Sweeps:,181
Artifacts:,62
Smp. Period:,1000.00 us
Amp. Gain:, 50.00 K
Low Pass:, 30.00 Hz
High Pass:,  1.00 Hz
Notch Filter:,TRUE
Stimulus:,100
Stim. Freq.:,1000 Hz
Stim. Dur.:,2000 pnts
Masking:,0 dB SPL
Stim. Point:,513
-----------------------------------------------------------------------------------
Peak Information:,Label,Peak(+),Peak(+)(ms),Peak(-),Peak(-)(ms)
,20, 785,272.00, 873,360.00,
,19, 669,156.00, 783,270.00,
,18, 621,108.00, 669,156.00,
,17, 591,78.00, 621,108.00,
-----------------------------------------------------------------------------------


Data Pnt:,Data Pnt(ms):,Average:,Average(uV):,Buffer1:,Buffer1(uV):,Buffer2:,Buffer2(uV):
   1,-512.00,       0,  0.00,       0,  0.00,       0,  0.00
   2,-511.00,       0,  0.00,       0,  0.00,       0,  0.00
   3,-510.00,       0,  0.00,       0,  0.00,       0,  0.00
   4,-509.00,       0,  0.00,       0,  0.00,       0,  0.00
   5,-508.00,       0,  0.00,       0,  0.00,       0,  0.00
   6,-507.00,       0,  0.00,       0,  0.00,       0,  0.00
   7,-506.00,       0,  0.00,       0,  0.00,       0,  0.00
   8,-505.00,       0,  0.00,       0,  0.00,       0,  0.00
   9,-504.00,       0,  0.00,       0,  0.00,       0,  0.00
  10,-503.00,       0,  0.00,       0,  0.00,       0,  0.00
  11,-502.00,       0,  0.00,       0,  0.00,       0,  0.00
  12,-501.00,       0,  0.00,       0,  0.00,       0,  0.00
  13,-500.00,       0,  0.00,       0,  0.00,       0,  0.00
  14,-499.00,       0,  0.00,       0,  0.00,       0,  0.00
  15,-498.00,       0,  0.00,       0,  0.00,       0,  0.00
  16,-497.00,       0,  0.00,       0,  0.00,       0,  0.00
  17,-496.00,       0,  0.00,       0,  0.00,       0,  0.00
  18,-495.00,       0,  0.00,       0,  0.00,       0,  0.00
  19,-494.00,       0,  0.00,       0,  0.00,       0,  0.00
  20,-493.00,       0,  0.00,       0,  0.00,       0,  0.00
  21,-492.00,       0,  0.00,       0,  0.00,       0,  0.00
  22,-491.00,       0,  0.00,       0,  0.00,       0,  0.00
  23,-490.00,       0,  0.00,       0,  0.00,       0,  0.00
  24,-489.00,       0,  0.00,       0,  0.00,       0,  0.00
  25,-488.00,       0,  0.00,       0,  0.00,       0,  0.00
  26,-487.00,       0,  0.00,       0,  0.00,       0,  0.00
  27,-486.00,       0,  0.00,       0,  0.00,       0,  0.00
  28,-485.00,       0,  0.00,       0,  0.00,       0,  0.00
  29,-484.00,       0,  0.00,       0,  0.00,       0,  0.00
  30,-483.00,       0,  0.00,       0,  0.00,       0,  0.00
  31,-482.00,       0,  0.00,       0,  0.00,       0,  0.00
  32,-481.00,       0,  0.00,       0,  0.00,       0,  0.00
  33,-480.00,       0,  0.00,       0,  0.00,       0,  0.00
  34,-479.00,       0,  0.00,       0,  0.00,       0,  0.00
  35,-478.00,       0,  0.00,       0,  0.00,       0,  0.00
  36,-477.00,       0,  0.00,       0,  0.00,       0,  0.00
  37,-476.00,       0,  0.00,       0,  0.00,       0,  0.00
  38,-475.00,       0,  0.00,       0,  0.00,       0,  0.00
  39,-474.00,       0,  0.00,       0,  0.00,       0,  0.00
  40,-473.00,       0,  0.00,       0,  0.00,       0,  0.00
  41,-472.00,       0,  0.00,       0,  0.00,       0,  0.00
  42,-471.00,       0,  0.00,       0,  0.00,       0,  0.00
  43,-470.00,       0,  0.00,       0,  0.00,       0,  0.00
  44,-469.00,       0,  0.00,       0,  0.00,       0,  0.00
  45,-468.00,       0,  0.00,       0,  0.00,       0,  0.00
  46,-467.00,       0,  0.00,       0,  0.00,       0,  0.00
  47,-466.00,       0,  0.00,       0,  0.00,       0,  0.00
  48,-465.00,       0,  0.00,       0,  0.00,       0,  0.00
  49,-464.00,       0,  0.00,       0,  0.00,       0,  0.00
  50,-463.00,       0,  0.00,       0,  0.00,       0,  0.00
  51,-462.00,       0,  0.00,       0,  0.00,       0,  0.00
  52,-461.00,       0,  0.00,       0,  0.00,       0,  0.00
  53,-460.00,       0,  0.00,       0,  0.00,       0,  0.00
  54,-459.00,       0,  0.00,       0,  0.00,       0,  0.00
  55,-458.00,       0,  0.00,       0,  0.00,       0,  0.00
  56,-457.00,       0,  0.00,       0,  0.00,       0,  0.00
  57,-456.00,       0,  0.00,       0,  0.00,       0,  0.00
  58,-455.00,       0,  0.00,       0,  0.00,       0,  0.00
  59,-454.00,       0,  0.00,       0,  0.00,       0,  0.00
  60,-453.00,       0,  0.00,       0,  0.00,       0,  0.00
  61,-452.00,       0,  0.00,       0,  0.00,       0,  0.00
  62,-451.00,       0,  0.00,       0,  0.00,       0,  0.00
  63,-450.00,       0,  0.00,       0,  0.00,       0,  0.00
  64,-449.00,       0,  0.00,       0,  0.00,       0,  0.00
  65,-448.00,       0,  0.00,       0,  0.00,       0,  0.00
  66,-447.00,       0,  0.00,       0,  0.00,       0,  0.00
  67,-446.00,       0,  0.00,       0,  0.00,       0,  0.00
  68,-445.00,       0,  0.00,       0,  0.00,       0,  0.00
  69,-444.00,       0,  0.00,       0,  0.00,       0,  0.00
  70,-443.00,       0,  0.00,       0,  0.00,       0,  0.00
  71,-442.00,       0,  0.00,       0,  0.00,       0,  0.00
  72,-441.00,       0,  0.00,       0,  0.00,       0,  0.00
  73,-440.00,       0,  0.00,       0,  0.00,       0,  0.00
  74,-439.00,       0,  0.00,       0,  0.00,       0,  0.00
  75,-438.00,       0,  0.00,       0,  0.00,       0,  0.00
  76,-437.00,       0,  0.00,       0,  0.00,       0,  0.00
  77,-436.00,       0,  0.00,       0,  0.00,       0,  0.00
  78,-435.00,       0,  0.00,       0,  0.00,       0,  0.00
  79,-434.00,       0,  0.00,       0,  0.00,       0,  0.00
  80,-433.00,       0,  0.00,       0,  0.00,       0,  0.00
  81,-432.00,       0,  0.00,       0,  0.00,       0,  0.00
  82,-431.00,       0,  0.00,       0,  0.00,       0,  0.00
  83,-430.00,       0,  0.00,       0,  0.00,       0,  0.00
  84,-429.00,       0,  0.00,       0,  0.00,       0,  0.00
  85,-428.00,       0,  0.00,       0,  0.00,       0,  0.00
  86,-427.00,       0,  0.00,       0,  0.00,       0,  0.00
  87,-426.00,       0,  0.00,       0,  0.00,       0,  0.00
  88,-425.00,       0,  0.00,       0,  0.00,       0,  0.00
  89,-424.00,       0,  0.00,       0,  0.00,       0,  0.00
  90,-423.00,       0,  0.00,       0,  0.00,       0,  0.00
  91,-422.00,       0,  0.00,       0,  0.00,       0,  0.00
  92,-421.00,       0,  0.00,       0,  0.00,       0,  0.00
  93,-420.00,       0,  0.00,       0,  0.00,       0,  0.00
  94,-419.00,       0,  0.00,       0,  0.00,       0,  0.00
  95,-418.00,       0,  0.00,       0,  0.00,       0,  0.00
  96,-417.00,       0,  0.00,       0,  0.00,       0,  0.00
  97,-416.00,       0,  0.00,       0,  0.00,       0,  0.00
  98,-415.00,       0,  0.00,       0,  0.00,       0,  0.00
  99,-414.00,       0,  0.00,       0,  0.00,       0,  0.00
 100,-413.00,       0,  0.00,       0,  0.00,       0,  0.00
 101,-412.00,       0,  0.00,       0,  0.00,       0,  0.00
 102,-411.00,       0,  0.00,       0,  0.00,       0,  0.00
 103,-410.00,       0,  0.00,       0,  0.00,       0,  0.00
 104,-409.00,       0,  0.00,       0,  0.00,       0,  0.00
 105,-408.00,       0,  0.00,       0,  0.00,       0,  0.00
 106,-407.00,       0,  0.00,       0,  0.00,       0,  0.00
 107,-406.00,       0,  0.00,       0,  0.00,       0,  0.00
 108,-405.00,       0,  0.00,       0,  0.00,       0,  0.00
 109,-404.00,       0,  0.00,       0,  0.00,       0,  0.00
 110,-403.00,       0,  0.00,       0,  0.00,       0,  0.00
 111,-402.00,       0,  0.00,       0,  0.00,       0,  0.00
 112,-401.00,       0,  0.00,       0,  0.00,       0,  0.00
 113,-400.00,       0,  0.00,       0,  0.00,       0,  0.00
 114,-399.00,       0,  0.00,       0,  0.00,       0,  0.00
 115,-398.00,       0,  0.00,       0,  0.00,       0,  0.00
 116,-397.00,    5862,  0.20,  -21529, -1.46,   27391,  1.86
 117,-396.00,    5702,  0.19,  -21795, -1.48,   27497,  1.86
 118,-395.00,    6098,  0.21,  -21992, -1.49,   28090,  1.91
 119,-394.00,    6620,  0.22,  -22491, -1.53,   29111,  1.97
 120,-393.00,    5870,  0.20,  -23059, -1.56,   28929,  1.96
 121,-392.00,    4280,  0.14,  -24465, -1.66,   28745,  1.95
 122,-391.00,    3588,  0.12,  -24613, -1.67,   28201,  1.91
 123,-390.00,    2572,  0.09,  -24842, -1.68,   27414,  1.86
 124,-389.00,     921,  0.03,  -25711, -1.74,   26632,  1.81
 125,-388.00,    -815, -0.03,  -27237, -1.85,   26422,  1.79
 126,-387.00,   -2717, -0.09,  -28487, -1.93,   25770,  1.75
 127,-386.00,   -4863, -0.16,  -29913, -2.03,   25050,  1.70
 128,-385.00,   -7501, -0.25,  -31288, -2.12,   23787,  1.61
 129,-384.00,   -9836, -0.33,  -32578, -2.21,   22742,  1.54
 130,-383.00,  -11033, -0.37,  -33063, -2.24,   22030,  1.49
 131,-382.00,  -11030, -0.37,  -32981, -2.24,   21951,  1.49
 132,-381.00,  -12746, -0.43,  -33658, -2.28,   20912,  1.42
 133,-380.00,  -15558, -0.52,  -34613, -2.35,   19055,  1.29
 134,-379.00,  -17455, -0.59,  -35207, -2.39,   17752,  1.20
 135,-378.00,  -19638, -0.66,  -36294, -2.46,   16656,  1.13
 136,-377.00,  -21437, -0.72,  -36809, -2.50,   15372,  1.04
 137,-376.00,  -22898, -0.77,  -36956, -2.51,   14058,  0.95
 138,-375.00,  -23999, -0.81,  -37178, -2.52,   13179,  0.89
 139,-374.00,  -24201, -0.82,  -36933, -2.50,   12732,  0.86
 140,-373.00,  -23991, -0.81,  -37009, -2.51,   13018,  0.88
 141,-372.00,  -23569, -0.79,  -37086, -2.52,   13517,  0.92
 142,-371.00,  -24211, -0.82,  -37854, -2.57,   13643,  0.93
 143,-370.00,  -23288, -0.79,  -37080, -2.51,   13792,  0.94
 144,-369.00,  -21683, -0.73,  -36598, -2.48,   14915,  1.01
 145,-368.00,  -22088, -0.74,  -37962, -2.57,   15874,  1.08
 146,-367.00,  -22636, -0.76,  -38624, -2.62,   15988,  1.08
 147,-366.00,  -21335, -0.72,  -37928, -2.57,   16593,  1.13
 148,-365.00,  -20246, -0.68,  -37162, -2.52,   16916,  1.15
 149,-364.00,  -19511, -0.66,  -36416, -2.47,   16905,  1.15
 150,-363.00,  -18030, -0.61,  -35937, -2.44,   17907,  1.21
 151,-362.00,  -15827, -0.53,  -35632, -2.42,   19805,  1.34
 152,-361.00,  -12867, -0.43,  -33997, -2.31,   21130,  1.43
 153,-360.00,   -9501, -0.32,  -31727, -2.15,   22226,  1.51
 154,-359.00,   -6202, -0.21,  -29810, -2.02,   23608,  1.60
 155,-358.00,   -5372, -0.18,  -29235, -1.98,   23863,  1.62
 156,-357.00,   -4535, -0.15,  -28448, -1.93,   23913,  1.62
 157,-356.00,   -2235, -0.08,  -26077, -1.77,   23842,  1.62
 158,-355.00,    1016,  0.03,  -23202, -1.57,   24218,  1.64
 159,-354.00,    4318,  0.15,  -19881, -1.35,   24199,  1.64
 160,-353.00,    7525,  0.25,  -16872, -1.14,   24397,  1.65
 161,-352.00,    9089,  0.31,  -14351, -0.97,   23440,  1.59
 162,-351.00,   10154,  0.34,  -12515, -0.85,   22669,  1.54
 163,-350.00,   11660,  0.39,  -10025, -0.68,   21685,  1.47
 164,-349.00,   12700,  0.43,   -8097, -0.55,   20797,  1.41
 165,-348.00,   12975,  0.44,   -7094, -0.48,   20069,  1.36
 166,-347.00,   13471,  0.45,   -5876, -0.40,   19347,  1.31
 167,-346.00,   14264,  0.48,   -4175, -0.28,   18439,  1.25
 168,-345.00,   15236,  0.51,   -1628, -0.11,   16864,  1.14
 169,-344.00,   16714,  0.56,    1535,  0.10,   15179,  1.03
 170,-343.00,   16920,  0.57,    3350,  0.23,   13570,  0.92
 171,-342.00,   17326,  0.58,    5319,  0.36,   12007,  0.81
 172,-341.00,   16654,  0.56,    6250,  0.42,   10404,  0.71
 173,-340.00,   16023,  0.54,    6676,  0.45,    9347,  0.63
 174,-339.00,   15138,  0.51,    5782,  0.39,    9356,  0.63
 175,-338.00,   13735,  0.46,    5526,  0.37,    8209,  0.56
 176,-337.00,   12058,  0.41,    5724,  0.39,    6334,  0.43
 177,-336.00,   10673,  0.36,    6244,  0.42,    4429,  0.30
 178,-335.00,    9197,  0.31,    6511,  0.44,    2686,  0.18
 179,-334.00,    7622,  0.26,    6200,  0.42,    1422,  0.10
 180,-333.00,    5665,  0.19,    5895,  0.40,    -230, -0.02
 181,-332.00,    4629,  0.16,    6687,  0.45,   -2058, -0.14
 182,-331.00,    4555,  0.15,    8135,  0.55,   -3580, -0.24
 183,-330.00,    4564,  0.15,    8315,  0.56,   -3751, -0.25
 184,-329.00,    5563,  0.19,    9344,  0.63,   -3781, -0.26
 185,-328.00,    6930,  0.23,   11779,  0.80,   -4849, -0.33
 186,-327.00,    7098,  0.24,   13602,  0.92,   -6504, -0.44
 187,-326.00,    6364,  0.21,   14050,  0.95,   -7686, -0.52
 188,-325.00,    6309,  0.21,   14857,  1.01,   -8548, -0.58
 189,-324.00,    7296,  0.25,   16575,  1.12,   -9279, -0.63
 190,-323.00,    8278,  0.28,   17877,  1.21,   -9599, -0.65
 191,-322.00,    8998,  0.30,   18691,  1.27,   -9693, -0.66
 192,-321.00,   10885,  0.37,   20351,  1.38,   -9466, -0.64
 193,-320.00,   12108,  0.41,   21902,  1.49,   -9794, -0.66
 194,-319.00,   13921,  0.47,   23028,  1.56,   -9107, -0.62
 195,-318.00,   16028,  0.54,   22863,  1.55,   -6835, -0.46
 196,-317.00,   16401,  0.55,   21839,  1.48,   -5438, -0.37
 197,-316.00,   15299,  0.52,   20781,  1.41,   -5482, -0.37
 198,-315.00,   13801,  0.47,   19544,  1.33,   -5743, -0.39
 199,-314.00,   10992,  0.37,   17577,  1.19,   -6585, -0.45
 200,-313.00,    7801,  0.26,   15014,  1.02,   -7213, -0.49
 201,-312.00,    5319,  0.18,   12561,  0.85,   -7242, -0.49
 202,-311.00,    2559,  0.09,    9110,  0.62,   -6551, -0.44
 203,-310.00,     331,  0.01,    6333,  0.43,   -6002, -0.41
 204,-309.00,   -1668, -0.06,    4893,  0.33,   -6561, -0.44
 205,-308.00,   -3186, -0.11,    3256,  0.22,   -6442, -0.44
 206,-307.00,   -3351, -0.11,    1926,  0.13,   -5277, -0.36
 207,-306.00,   -4506, -0.15,     -17, -0.00,   -4489, -0.30
 208,-305.00,   -6651, -0.22,   -2347, -0.16,   -4304, -0.29
 209,-304.00,   -8628, -0.29,   -4424, -0.30,   -4204, -0.29
 210,-303.00,  -11236, -0.38,   -6450, -0.44,   -4786, -0.32
 211,-302.00,  -13864, -0.47,   -8519, -0.58,   -5345, -0.36
 212,-301.00,  -15642, -0.53,   -9973, -0.68,   -5669, -0.38
 213,-300.00,  -16955, -0.57,  -11616, -0.79,   -5339, -0.36
 214,-299.00,  -18308, -0.62,  -13317, -0.90,   -4991, -0.34
 215,-298.00,  -18980, -0.64,  -15020, -1.02,   -3960, -0.27
 216,-297.00,  -20508, -0.69,  -17240, -1.17,   -3268, -0.22
 217,-296.00,  -22629, -0.76,  -19178, -1.30,   -3451, -0.23
 218,-295.00,  -24224, -0.82,  -21136, -1.43,   -3088, -0.21
 219,-294.00,  -25315, -0.85,  -22836, -1.55,   -2479, -0.17
 220,-293.00,  -27489, -0.93,  -25723, -1.74,   -1766, -0.12
 221,-292.00,  -31543, -1.06,  -29438, -2.00,   -2105, -0.14
 222,-291.00,  -34123, -1.15,  -31680, -2.15,   -2443, -0.17
 223,-290.00,  -35134, -1.18,  -32041, -2.17,   -3093, -0.21
 224,-289.00,  -36071, -1.22,  -30879, -2.09,   -5192, -0.35
 225,-288.00,  -38081, -1.28,  -31076, -2.11,   -7005, -0.48
 226,-287.00,  -41055, -1.38,  -32900, -2.23,   -8155, -0.55
 227,-286.00,  -44975, -1.52,  -34818, -2.36,  -10157, -0.69
 228,-285.00,  -49246, -1.66,  -36579, -2.48,  -12667, -0.86
 229,-284.00,  -51545, -1.74,  -36842, -2.50,  -14703, -1.00
 230,-283.00,  -52951, -1.79,  -37002, -2.51,  -15949, -1.08
 231,-282.00,  -53550, -1.81,  -36586, -2.48,  -16964, -1.15
 232,-281.00,  -56159, -1.89,  -37058, -2.51,  -19101, -1.30
 233,-280.00,  -58789, -1.98,  -37206, -2.52,  -21583, -1.46
 234,-279.00,  -57745, -1.95,  -35582, -2.41,  -22163, -1.50
 235,-278.00,  -55867, -1.88,  -33575, -2.28,  -22292, -1.51
 236,-277.00,  -55798, -1.88,  -33037, -2.24,  -22761, -1.54
 237,-276.00,  -56854, -1.92,  -33001, -2.24,  -23853, -1.62
 238,-275.00,  -57868, -1.95,  -32891, -2.23,  -24977, -1.69
 239,-274.00,  -58790, -1.98,  -32724, -2.22,  -26066, -1.77
 240,-273.00,  -61107, -2.06,  -33552, -2.28,  -27555, -1.87
 241,-272.00,  -63071, -2.13,  -33884, -2.30,  -29187, -1.98
 242,-271.00,  -62667, -2.11,  -33138, -2.25,  -29529, -2.00
 243,-270.00,  -61950, -2.09,  -32194, -2.18,  -29756, -2.02
 244,-269.00,  -60506, -2.04,  -30909, -2.10,  -29597, -2.01
 245,-268.00,  -61108, -2.06,  -30627, -2.08,  -30481, -2.07
 246,-267.00,  -62358, -2.10,  -30951, -2.10,  -31407, -2.13
 247,-266.00,  -62379, -2.10,  -31269, -2.12,  -31110, -2.11
 248,-265.00,  -61426, -2.07,  -30608, -2.08,  -30818, -2.09
 249,-264.00,  -59429, -2.00,  -28442, -1.93,  -30987, -2.10
 250,-263.00,  -57986, -1.96,  -26922, -1.83,  -31064, -2.11
 251,-262.00,  -56272, -1.90,  -26066, -1.77,  -30206, -2.05
 252,-261.00,  -55424, -1.87,  -25406, -1.72,  -30018, -2.04
 253,-260.00,  -53944, -1.82,  -23995, -1.63,  -29949, -2.03
 254,-259.00,  -53258, -1.80,  -23365, -1.58,  -29893, -2.03
 255,-258.00,  -54820, -1.85,  -24523, -1.66,  -30297, -2.05
 256,-257.00,  -55826, -1.88,  -25265, -1.71,  -30561, -2.07
 257,-256.00,  -55584, -1.87,  -24720, -1.68,  -30864, -2.09
 258,-255.00,  -55328, -1.87,  -23906, -1.62,  -31422, -2.13
 259,-254.00,  -54756, -1.85,  -22899, -1.55,  -31857, -2.16
 260,-253.00,  -53751, -1.81,  -22195, -1.51,  -31556, -2.14
 261,-252.00,  -50758, -1.71,  -20265, -1.37,  -30493, -2.07
 262,-251.00,  -47523, -1.60,  -18118, -1.23,  -29405, -1.99
 263,-250.00,  -44162, -1.49,  -16258, -1.10,  -27904, -1.89
 264,-249.00,  -41771, -1.41,  -14823, -1.01,  -26948, -1.83
 265,-248.00,  -39867, -1.34,  -14211, -0.96,  -25656, -1.74
 266,-247.00,  -37367, -1.26,  -13546, -0.92,  -23821, -1.62
 267,-246.00,  -35430, -1.19,  -12988, -0.88,  -22442, -1.52
 268,-245.00,  -33609, -1.13,  -11493, -0.78,  -22116, -1.50
 269,-244.00,  -30546, -1.03,   -9756, -0.66,  -20790, -1.41
 270,-243.00,  -28135, -0.95,   -8480, -0.58,  -19655, -1.33
 271,-242.00,  -24737, -0.83,   -6400, -0.43,  -18337, -1.24
 272,-241.00,  -21478, -0.72,   -5204, -0.35,  -16274, -1.10
 273,-240.00,  -18298, -0.62,   -4097, -0.28,  -14201, -0.96
 274,-239.00,  -16356, -0.55,   -3425, -0.23,  -12931, -0.88
 275,-238.00,  -15853, -0.53,   -2923, -0.20,  -12930, -0.88
 276,-237.00,  -15954, -0.54,   -1898, -0.13,  -14056, -0.95
 277,-236.00,  -15067, -0.51,    -943, -0.06,  -14124, -0.96
 278,-235.00,  -13711, -0.46,   -1015, -0.07,  -12696, -0.86
 279,-234.00,  -13428, -0.45,   -1399, -0.09,  -12029, -0.82
 280,-233.00,  -14259, -0.48,   -1991, -0.14,  -12268, -0.83
 281,-232.00,  -14991, -0.51,   -2565, -0.17,  -12426, -0.84
 282,-231.00,  -15593, -0.53,   -3159, -0.21,  -12434, -0.84
 283,-230.00,  -17730, -0.60,   -3953, -0.27,  -13777, -0.93
 284,-229.00,  -18127, -0.61,   -3226, -0.22,  -14901, -1.01
 285,-228.00,  -17278, -0.58,   -2149, -0.15,  -15129, -1.03
 286,-227.00,  -17908, -0.60,   -2181, -0.15,  -15727, -1.07
 287,-226.00,  -17373, -0.59,   -1467, -0.10,  -15906, -1.08
 288,-225.00,  -16243, -0.55,    -533, -0.04,  -15710, -1.07
 289,-224.00,  -16022, -0.54,      36,  0.00,  -16058, -1.09
 290,-223.00,  -15709, -0.53,     340,  0.02,  -16049, -1.09
 291,-222.00,  -15975, -0.54,    -263, -0.02,  -15712, -1.07
 292,-221.00,  -16486, -0.56,    -804, -0.05,  -15682, -1.06
 293,-220.00,  -16523, -0.56,    -747, -0.05,  -15776, -1.07
 294,-219.00,  -16357, -0.55,    -308, -0.02,  -16049, -1.09
 295,-218.00,  -17425, -0.59,    -325, -0.02,  -17100, -1.16
 296,-217.00,  -18240, -0.62,     599,  0.04,  -18839, -1.28
 297,-216.00,  -18046, -0.61,    2272,  0.15,  -20318, -1.38
 298,-215.00,  -16582, -0.56,    3767,  0.26,  -20349, -1.38
 299,-214.00,  -16098, -0.54,    3889,  0.26,  -19987, -1.36
 300,-213.00,  -16127, -0.54,    3913,  0.27,  -20040, -1.36
 301,-212.00,  -15304, -0.52,    4796,  0.33,  -20100, -1.36
 302,-211.00,  -15234, -0.51,    5041,  0.34,  -20275, -1.38
 303,-210.00,  -15658, -0.53,    4943,  0.34,  -20601, -1.40
 304,-209.00,  -15927, -0.54,    5028,  0.34,  -20955, -1.42
 305,-208.00,  -16565, -0.56,    4955,  0.34,  -21520, -1.46
 306,-207.00,  -17238, -0.58,    4563,  0.31,  -21801, -1.48
 307,-206.00,  -18243, -0.62,    3791,  0.26,  -22034, -1.49
 308,-205.00,  -18560, -0.63,    2844,  0.19,  -21404, -1.45
 309,-204.00,  -18610, -0.63,    1602,  0.11,  -20212, -1.37
 310,-203.00,  -19422, -0.65,     385,  0.03,  -19807, -1.34
 311,-202.00,  -21625, -0.73,   -1683, -0.11,  -19942, -1.35
 312,-201.00,  -23782, -0.80,   -3615, -0.25,  -20167, -1.37
 313,-200.00,  -23921, -0.81,   -5271, -0.36,  -18650, -1.26
 314,-199.00,  -24543, -0.83,   -6234, -0.42,  -18309, -1.24
 315,-198.00,  -26295, -0.89,   -7246, -0.49,  -19049, -1.29
 316,-197.00,  -27987, -0.94,   -8864, -0.60,  -19123, -1.30
 317,-196.00,  -29749, -1.00,  -10908, -0.74,  -18841, -1.28
 318,-195.00,  -30292, -1.02,  -12201, -0.83,  -18091, -1.23
 319,-194.00,  -30269, -1.02,  -13131, -0.89,  -17138, -1.16
 320,-193.00,  -30103, -1.02,  -14125, -0.96,  -15978, -1.08
 321,-192.00,  -28959, -0.98,  -14677, -1.00,  -14282, -0.97
 322,-191.00,  -28804, -0.97,  -15729, -1.07,  -13075, -0.89
 323,-190.00,  -27503, -0.93,  -16053, -1.09,  -11450, -0.78
 324,-189.00,  -25814, -0.87,  -15860, -1.08,   -9954, -0.68
 325,-188.00,  -26399, -0.89,  -16658, -1.13,   -9741, -0.66
 326,-187.00,  -28120, -0.95,  -18788, -1.27,   -9332, -0.63
 327,-186.00,  -29017, -0.98,  -20560, -1.39,   -8457, -0.57
 328,-185.00,  -28007, -0.94,  -20708, -1.40,   -7299, -0.50
 329,-184.00,  -26908, -0.91,  -20964, -1.42,   -5944, -0.40
 330,-183.00,  -27023, -0.91,  -22458, -1.52,   -4565, -0.31
 331,-182.00,  -28160, -0.95,  -23821, -1.62,   -4339, -0.29
 332,-181.00,  -28333, -0.96,  -24692, -1.67,   -3641, -0.25
 333,-180.00,  -29172, -0.98,  -26221, -1.78,   -2951, -0.20
 334,-179.00,  -31425, -1.06,  -27835, -1.89,   -3590, -0.24
 335,-178.00,  -33441, -1.13,  -29231, -1.98,   -4210, -0.29
 336,-177.00,  -35455, -1.20,  -29999, -2.03,   -5456, -0.37
 337,-176.00,  -36853, -1.24,  -30439, -2.06,   -6414, -0.43
 338,-175.00,  -37479, -1.26,  -30329, -2.06,   -7150, -0.48
 339,-174.00,  -37748, -1.27,  -30071, -2.04,   -7677, -0.52
 340,-173.00,  -38052, -1.28,  -29900, -2.03,   -8152, -0.55
 341,-172.00,  -38772, -1.31,  -30105, -2.04,   -8667, -0.59
 342,-171.00,  -40240, -1.36,  -30882, -2.09,   -9358, -0.63
 343,-170.00,  -42670, -1.44,  -32377, -2.20,  -10293, -0.70
 344,-169.00,  -45388, -1.53,  -33379, -2.26,  -12009, -0.81
 345,-168.00,  -48009, -1.62,  -33511, -2.27,  -14498, -0.98
 346,-167.00,  -50614, -1.71,  -33668, -2.28,  -16946, -1.15
 347,-166.00,  -53260, -1.80,  -33552, -2.28,  -19708, -1.34
 348,-165.00,  -56189, -1.89,  -33351, -2.26,  -22838, -1.55
 349,-164.00,  -59955, -2.02,  -33468, -2.27,  -26487, -1.80
 350,-163.00,  -62626, -2.11,  -33682, -2.28,  -28944, -1.96
 351,-162.00,  -63966, -2.16,  -33917, -2.30,  -30049, -2.04
 352,-161.00,  -64604, -2.18,  -33925, -2.30,  -30679, -2.08
 353,-160.00,  -65723, -2.22,  -33695, -2.29,  -32028, -2.17
 354,-159.00,  -67653, -2.28,  -33483, -2.27,  -34170, -2.32
 355,-158.00,  -69525, -2.34,  -33857, -2.30,  -35668, -2.42
 356,-157.00,  -70666, -2.38,  -34841, -2.36,  -35825, -2.43
 357,-156.00,  -70368, -2.37,  -34521, -2.34,  -35847, -2.43
 358,-155.00,  -69761, -2.35,  -33628, -2.28,  -36133, -2.45
 359,-154.00,  -70149, -2.37,  -33729, -2.29,  -36420, -2.47
 360,-153.00,  -70138, -2.37,  -34379, -2.33,  -35759, -2.43
 361,-152.00,  -69784, -2.35,  -34868, -2.36,  -34916, -2.37
 362,-151.00,  -69717, -2.35,  -35027, -2.38,  -34690, -2.35
 363,-150.00,  -70268, -2.37,  -35169, -2.39,  -35099, -2.38
 364,-149.00,  -70185, -2.37,  -35666, -2.42,  -34519, -2.34
 365,-148.00,  -69584, -2.35,  -36134, -2.45,  -33450, -2.27
 366,-147.00,  -69110, -2.33,  -36282, -2.46,  -32828, -2.23
 367,-146.00,  -68106, -2.30,  -36306, -2.46,  -31800, -2.16
 368,-145.00,  -67303, -2.27,  -35847, -2.43,  -31456, -2.13
 369,-144.00,  -67475, -2.28,  -35296, -2.39,  -32179, -2.18
 370,-143.00,  -67911, -2.29,  -34182, -2.32,  -33729, -2.29
 371,-142.00,  -68516, -2.31,  -33537, -2.27,  -34979, -2.37
 372,-141.00,  -69153, -2.33,  -33285, -2.26,  -35868, -2.43
 373,-140.00,  -68885, -2.32,  -32704, -2.22,  -36181, -2.45
 374,-139.00,  -68071, -2.30,  -31493, -2.14,  -36578, -2.48
 375,-138.00,  -66576, -2.25,  -29938, -2.03,  -36638, -2.48
 376,-137.00,  -64572, -2.18,  -28395, -1.93,  -36177, -2.45
 377,-136.00,  -62737, -2.12,  -27679, -1.88,  -35058, -2.38
 378,-135.00,  -61428, -2.07,  -26915, -1.83,  -34513, -2.34
 379,-134.00,  -59196, -2.00,  -25450, -1.73,  -33746, -2.29
 380,-133.00,  -56061, -1.89,  -23845, -1.62,  -32216, -2.18
 381,-132.00,  -52466, -1.77,  -22553, -1.53,  -29913, -2.03
 382,-131.00,  -48783, -1.65,  -21163, -1.44,  -27620, -1.87
 383,-130.00,  -46907, -1.58,  -20523, -1.39,  -26384, -1.79
 384,-129.00,  -45777, -1.54,  -20594, -1.40,  -25183, -1.71
 385,-128.00,  -43631, -1.47,  -20265, -1.37,  -23366, -1.58
 386,-127.00,  -40894, -1.38,  -19327, -1.31,  -21567, -1.46
 387,-126.00,  -39299, -1.33,  -18989, -1.29,  -20310, -1.38
 388,-125.00,  -37634, -1.27,  -18802, -1.28,  -18832, -1.28
 389,-124.00,  -35836, -1.21,  -18302, -1.24,  -17534, -1.19
 390,-123.00,  -33813, -1.14,  -17084, -1.16,  -16729, -1.13
 391,-122.00,  -33229, -1.12,  -16323, -1.11,  -16906, -1.15
 392,-121.00,  -32876, -1.11,  -15059, -1.02,  -17817, -1.21
 393,-120.00,  -31130, -1.05,  -12897, -0.87,  -18233, -1.24
 394,-119.00,  -30665, -1.03,  -11460, -0.78,  -19205, -1.30
 395,-118.00,  -29591, -1.00,   -9961, -0.68,  -19630, -1.33
 396,-117.00,  -28017, -0.94,   -9506, -0.64,  -18511, -1.26
 397,-116.00,  -27220, -0.92,   -9976, -0.68,  -17244, -1.17
 398,-115.00,  -26850, -0.91,   -9914, -0.67,  -16936, -1.15
 399,-114.00,  -26211, -0.88,   -9449, -0.64,  -16762, -1.14
 400,-113.00,  -25300, -0.85,   -8820, -0.60,  -16480, -1.12
 401,-112.00,  -24253, -0.82,   -7428, -0.50,  -16825, -1.14
 402,-111.00,  -22850, -0.77,   -6531, -0.44,  -16319, -1.11
 403,-110.00,  -21930, -0.74,   -6673, -0.45,  -15257, -1.03
 404,-109.00,  -20577, -0.69,   -6176, -0.42,  -14401, -0.98
 405,-108.00,  -17938, -0.60,   -4979, -0.34,  -12959, -0.88
 406,-107.00,  -16232, -0.55,   -4051, -0.27,  -12181, -0.83
 407,-106.00,  -15699, -0.53,   -4010, -0.27,  -11689, -0.79
 408,-105.00,  -14684, -0.50,   -3952, -0.27,  -10732, -0.73
 409,-104.00,  -14892, -0.50,   -4316, -0.29,  -10576, -0.72
 410,-103.00,  -15238, -0.51,   -4622, -0.31,  -10616, -0.72
 411,-102.00,  -14669, -0.49,   -4482, -0.30,  -10187, -0.69
 412,-101.00,  -14800, -0.50,   -4847, -0.33,   -9953, -0.68
 413,-100.00,  -14938, -0.50,   -4939, -0.33,   -9999, -0.68
 414,-99.00,  -14172, -0.48,   -4481, -0.30,   -9691, -0.66
 415,-98.00,  -12970, -0.44,   -3517, -0.24,   -9453, -0.64
 416,-97.00,  -12133, -0.41,   -2877, -0.20,   -9256, -0.63
 417,-96.00,  -11891, -0.40,   -2497, -0.17,   -9394, -0.64
 418,-95.00,  -11059, -0.37,   -1473, -0.10,   -9586, -0.65
 419,-94.00,  -11046, -0.37,    -964, -0.07,  -10082, -0.68
 420,-93.00,  -12631, -0.43,   -1883, -0.13,  -10748, -0.73
 421,-92.00,  -15134, -0.51,   -3167, -0.21,  -11967, -0.81
 422,-91.00,  -16998, -0.57,   -4231, -0.29,  -12767, -0.87
 423,-90.00,  -18835, -0.64,   -4715, -0.32,  -14120, -0.96
 424,-89.00,  -21579, -0.73,   -5500, -0.37,  -16079, -1.09
 425,-88.00,  -21184, -0.71,   -4841, -0.33,  -16343, -1.11
 426,-87.00,  -19643, -0.66,   -3638, -0.25,  -16005, -1.09
 427,-86.00,  -19122, -0.64,   -3750, -0.25,  -15372, -1.04
 428,-85.00,  -20714, -0.70,   -4971, -0.34,  -15743, -1.07
 429,-84.00,  -22341, -0.75,   -5940, -0.40,  -16401, -1.11
 430,-83.00,  -22183, -0.75,   -6277, -0.43,  -15906, -1.08
 431,-82.00,  -22098, -0.75,   -6227, -0.42,  -15871, -1.08
 432,-81.00,  -22977, -0.77,   -6171, -0.42,  -16806, -1.14
 433,-80.00,  -21815, -0.74,   -6128, -0.42,  -15687, -1.06
 434,-79.00,  -20821, -0.70,   -5932, -0.40,  -14889, -1.01
 435,-78.00,  -21168, -0.71,   -5787, -0.39,  -15381, -1.04
 436,-77.00,  -21605, -0.73,   -6119, -0.41,  -15486, -1.05
 437,-76.00,  -23202, -0.78,   -6709, -0.45,  -16493, -1.12
 438,-75.00,  -23307, -0.79,   -6778, -0.46,  -16529, -1.12
 439,-74.00,  -22562, -0.76,   -6743, -0.46,  -15819, -1.07
 440,-73.00,  -22148, -0.75,   -7142, -0.48,  -15006, -1.02
 441,-72.00,  -22064, -0.74,   -7287, -0.49,  -14777, -1.00
 442,-71.00,  -22048, -0.74,   -6656, -0.45,  -15392, -1.04
 443,-70.00,  -22478, -0.76,   -5889, -0.40,  -16589, -1.13
 444,-69.00,  -24791, -0.84,   -6186, -0.42,  -18605, -1.26
 445,-68.00,  -26360, -0.89,   -6205, -0.42,  -20155, -1.37
 446,-67.00,  -29518, -1.00,   -7037, -0.48,  -22481, -1.52
 447,-66.00,  -32743, -1.10,   -8745, -0.59,  -23998, -1.63
 448,-65.00,  -34344, -1.16,   -9664, -0.66,  -24680, -1.67
 449,-64.00,  -36004, -1.21,   -9810, -0.67,  -26194, -1.78
 450,-63.00,  -38654, -1.30,  -11193, -0.76,  -27461, -1.86
 451,-62.00,  -41750, -1.41,  -12779, -0.87,  -28971, -1.96
 452,-61.00,  -45316, -1.53,  -13771, -0.93,  -31545, -2.14
 453,-60.00,  -47024, -1.59,  -13883, -0.94,  -33141, -2.25
 454,-59.00,  -49380, -1.67,  -14661, -0.99,  -34719, -2.35
 455,-58.00,  -52382, -1.77,  -16195, -1.10,  -36187, -2.45
 456,-57.00,  -55400, -1.87,  -17497, -1.19,  -37903, -2.57
 457,-56.00,  -57961, -1.95,  -18462, -1.25,  -39499, -2.68
 458,-55.00,  -60323, -2.03,  -18840, -1.28,  -41483, -2.81
 459,-54.00,  -63449, -2.14,  -19647, -1.33,  -43802, -2.97
 460,-53.00,  -65989, -2.23,  -19966, -1.35,  -46023, -3.12
 461,-52.00,  -66789, -2.25,  -20030, -1.36,  -46759, -3.17
 462,-51.00,  -66970, -2.26,  -20184, -1.37,  -46786, -3.17
 463,-50.00,  -66988, -2.26,  -20695, -1.40,  -46293, -3.14
 464,-49.00,  -65639, -2.21,  -20274, -1.37,  -45365, -3.08
 465,-48.00,  -65094, -2.20,  -19790, -1.34,  -45304, -3.07
 466,-47.00,  -65437, -2.21,  -19769, -1.34,  -45668, -3.10
 467,-46.00,  -64344, -2.17,  -19308, -1.31,  -45036, -3.05
 468,-45.00,  -61551, -2.08,  -17839, -1.21,  -43712, -2.96
 469,-44.00,  -59521, -2.01,  -16876, -1.14,  -42645, -2.89
 470,-43.00,  -59074, -1.99,  -17049, -1.16,  -42025, -2.85
 471,-42.00,  -57901, -1.95,  -17898, -1.21,  -40003, -2.71
 472,-41.00,  -56543, -1.91,  -18987, -1.29,  -37556, -2.55
 473,-40.00,  -54724, -1.85,  -19286, -1.31,  -35438, -2.40
 474,-39.00,  -52299, -1.76,  -18663, -1.27,  -33636, -2.28
 475,-38.00,  -52352, -1.77,  -19549, -1.33,  -32803, -2.22
 476,-37.00,  -52442, -1.77,  -20494, -1.39,  -31948, -2.17
 477,-36.00,  -51495, -1.74,  -20951, -1.42,  -30544, -2.07
 478,-35.00,  -50067, -1.69,  -21472, -1.46,  -28595, -1.94
 479,-34.00,  -50333, -1.70,  -23270, -1.58,  -27063, -1.84
 480,-33.00,  -50873, -1.72,  -24773, -1.68,  -26100, -1.77
 481,-32.00,  -49379, -1.67,  -25187, -1.71,  -24192, -1.64
 482,-31.00,  -48428, -1.63,  -25878, -1.76,  -22550, -1.53
 483,-30.00,  -47980, -1.62,  -27379, -1.86,  -20601, -1.40
 484,-29.00,  -48504, -1.64,  -29427, -2.00,  -19077, -1.29
 485,-28.00,  -48065, -1.62,  -30083, -2.04,  -17982, -1.22
 486,-27.00,  -47932, -1.62,  -30780, -2.09,  -17152, -1.16
 487,-26.00,  -47075, -1.59,  -31217, -2.12,  -15858, -1.08
 488,-25.00,  -44858, -1.51,  -31217, -2.12,  -13641, -0.93
 489,-24.00,  -42188, -1.42,  -30767, -2.09,  -11421, -0.77
 490,-23.00,  -39920, -1.35,  -29935, -2.03,   -9985, -0.68
 491,-22.00,  -39662, -1.34,  -30087, -2.04,   -9575, -0.65
 492,-21.00,  -39688, -1.34,  -30512, -2.07,   -9176, -0.62
 493,-20.00,  -39720, -1.34,  -30484, -2.07,   -9236, -0.63
 494,-19.00,  -40678, -1.37,  -30894, -2.10,   -9784, -0.66
 495,-18.00,  -41525, -1.40,  -31053, -2.11,  -10472, -0.71
 496,-17.00,  -41230, -1.39,  -30893, -2.10,  -10337, -0.70
 497,-16.00,  -39290, -1.32,  -30292, -2.05,   -8998, -0.61
 498,-15.00,  -36156, -1.22,  -28734, -1.95,   -7422, -0.50
 499,-14.00,  -33481, -1.13,  -26890, -1.82,   -6591, -0.45
 500,-13.00,  -31037, -1.05,  -25413, -1.72,   -5624, -0.38
 501,-12.00,  -29241, -0.99,  -24070, -1.63,   -5171, -0.35
 502,-11.00,  -29658, -1.00,  -23176, -1.57,   -6482, -0.44
 503,-10.00,  -29009, -0.98,  -22469, -1.52,   -6540, -0.44
 504,-9.00,  -27244, -0.92,  -22042, -1.49,   -5202, -0.35
 505,-8.00,  -26745, -0.90,  -22182, -1.50,   -4563, -0.31
 506,-7.00,  -26178, -0.88,  -22383, -1.52,   -3795, -0.26
 507,-6.00,  -25098, -0.85,  -22211, -1.51,   -2887, -0.20
 508,-5.00,  -22810, -0.77,  -20908, -1.42,   -1902, -0.13
 509,-4.00,  -19680, -0.66,  -19529, -1.32,    -151, -0.01
 510,-3.00,  -17338, -0.58,  -18727, -1.27,    1389,  0.09
 511,-2.00,  -15647, -0.53,  -17848, -1.21,    2201,  0.15
 512,-1.00,  -13550, -0.46,  -16846, -1.14,    3296,  0.22
 513,0.00,  -11897, -0.40,  -15729, -1.07,    3832,  0.26
 514,1.00,  -11059, -0.37,  -15065, -1.02,    4006,  0.27
 515,2.00,  -10499, -0.35,  -14456, -0.98,    3957,  0.27
 516,3.00,   -8892, -0.30,  -13779, -0.93,    4887,  0.33
 517,4.00,   -7443, -0.25,  -13421, -0.91,    5978,  0.41
 518,5.00,   -6958, -0.23,  -13017, -0.88,    6059,  0.41
 519,6.00,   -5755, -0.19,  -12872, -0.87,    7117,  0.48
 520,7.00,   -2019, -0.07,  -11740, -0.80,    9721,  0.66
 521,8.00,    2675,  0.09,   -9967, -0.68,   12642,  0.86
 522,9.00,    6939,  0.23,   -8571, -0.58,   15510,  1.05
 523,10.00,   10390,  0.35,   -7159, -0.49,   17549,  1.19
 524,11.00,   12226,  0.41,   -6906, -0.47,   19132,  1.30
 525,12.00,   14248,  0.48,   -6883, -0.47,   21131,  1.43
 526,13.00,   17424,  0.59,   -6425, -0.44,   23849,  1.62
 527,14.00,   20815,  0.70,   -6722, -0.46,   27537,  1.87
 528,15.00,   23884,  0.81,   -6750, -0.46,   30634,  2.08
 529,16.00,   25861,  0.87,   -6406, -0.43,   32267,  2.19
 530,17.00,   26983,  0.91,   -5828, -0.40,   32811,  2.23
 531,18.00,   27872,  0.94,   -5908, -0.40,   33780,  2.29
 532,19.00,   30178,  1.02,   -6500, -0.44,   36678,  2.49
 533,20.00,   33920,  1.14,   -6270, -0.43,   40190,  2.73
 534,21.00,   36007,  1.21,   -5503, -0.37,   41510,  2.82
 535,22.00,   37557,  1.27,   -5010, -0.34,   42567,  2.89
 536,23.00,   38329,  1.29,   -5071, -0.34,   43400,  2.94
 537,24.00,   37743,  1.27,   -5005, -0.34,   42748,  2.90
 538,25.00,   36990,  1.25,   -4595, -0.31,   41585,  2.82
 539,26.00,   37416,  1.26,   -4074, -0.28,   41490,  2.81
 540,27.00,   39103,  1.32,   -2939, -0.20,   42042,  2.85
 541,28.00,   40758,  1.37,   -2261, -0.15,   43019,  2.92
 542,29.00,   42305,  1.43,   -2134, -0.14,   44439,  3.01
 543,30.00,   43218,  1.46,   -1923, -0.13,   45141,  3.06
 544,31.00,   44556,  1.50,   -1508, -0.10,   46064,  3.12
 545,32.00,   45582,  1.54,   -1380, -0.09,   46962,  3.18
 546,33.00,   45666,  1.54,   -1663, -0.11,   47329,  3.21
 547,34.00,   45596,  1.54,   -1601, -0.11,   47197,  3.20
 548,35.00,   47175,  1.59,      21,  0.00,   47154,  3.20
 549,36.00,   48258,  1.63,    2279,  0.15,   45979,  3.12
 550,37.00,   49393,  1.67,    4357,  0.30,   45036,  3.05
 551,38.00,   49667,  1.67,    4898,  0.33,   44769,  3.04
 552,39.00,   50139,  1.69,    5529,  0.37,   44610,  3.03
 553,40.00,   50724,  1.71,    6238,  0.42,   44486,  3.02
 554,41.00,   50583,  1.71,    6393,  0.43,   44190,  3.00
 555,42.00,   50804,  1.71,    7303,  0.50,   43501,  2.95
 556,43.00,   49134,  1.66,    7382,  0.50,   41752,  2.83
 557,44.00,   45670,  1.54,    6335,  0.43,   39335,  2.67
 558,45.00,   44259,  1.49,    6589,  0.45,   37670,  2.55
 559,46.00,   42356,  1.43,    6955,  0.47,   35401,  2.40
 560,47.00,   40363,  1.36,    6462,  0.44,   33901,  2.30
 561,48.00,   38528,  1.30,    6266,  0.42,   32262,  2.19
 562,49.00,   35380,  1.19,    5677,  0.39,   29703,  2.01
 563,50.00,   33534,  1.13,    4909,  0.33,   28625,  1.94
 564,51.00,   32780,  1.11,    4484,  0.30,   28296,  1.92
 565,52.00,   30666,  1.03,    3989,  0.27,   26677,  1.81
 566,53.00,   26694,  0.90,    2543,  0.17,   24151,  1.64
 567,54.00,   23958,  0.81,     897,  0.06,   23061,  1.56
 568,55.00,   21294,  0.72,    -275, -0.02,   21569,  1.46
 569,56.00,   18763,  0.63,    -653, -0.04,   19416,  1.32
 570,57.00,   16719,  0.56,    -502, -0.03,   17221,  1.17
 571,58.00,   14707,  0.50,   -1070, -0.07,   15777,  1.07
 572,59.00,   12045,  0.41,   -1953, -0.13,   13998,  0.95
 573,60.00,   10156,  0.34,   -2101, -0.14,   12257,  0.83
 574,61.00,    7977,  0.27,   -2331, -0.16,   10308,  0.70
 575,62.00,    8111,  0.27,   -1335, -0.09,    9446,  0.64
 576,63.00,    8836,  0.30,    -302, -0.02,    9138,  0.62
 577,64.00,    9521,  0.32,     866,  0.06,    8655,  0.59
 578,65.00,   10626,  0.36,    2314,  0.16,    8312,  0.56
 579,66.00,   12580,  0.42,    3739,  0.25,    8841,  0.60
 580,67.00,   16107,  0.54,    5800,  0.39,   10307,  0.70
 581,68.00,   18113,  0.61,    7267,  0.49,   10846,  0.74
 582,69.00,   19347,  0.65,    8175,  0.55,   11172,  0.76
 583,70.00,   23387,  0.79,   10285,  0.70,   13102,  0.89
 584,71.00,   28869,  0.97,   13201,  0.90,   15668,  1.06
 585,72.00,   32797,  1.11,   16661,  1.13,   16136,  1.09
 586,73.00,   35397,  1.19,   19157,  1.30,   16240,  1.10
 587,74.00,   38012,  1.28,   20057,  1.36,   17955,  1.22
 588,75.00,   40275,  1.36,   20728,  1.41,   19547,  1.33
 589,76.00,   43587,  1.47,   22259,  1.51,   21328,  1.45
 590,77.00,   45911,  1.55,   23804,  1.61,   22107,  1.50
 591,78.00,   46983,  1.58,   25150,  1.71,   21833,  1.48
 592,79.00,   47024,  1.59,   26023,  1.76,   21001,  1.42
 593,80.00,   46110,  1.55,   26485,  1.80,   19625,  1.33
 594,81.00,   44400,  1.50,   26594,  1.80,   17806,  1.21
 595,82.00,   43551,  1.47,   27395,  1.86,   16156,  1.10
 596,83.00,   41640,  1.40,   27497,  1.86,   14143,  0.96
 597,84.00,   39242,  1.32,   26704,  1.81,   12538,  0.85
 598,85.00,   36450,  1.23,   25280,  1.71,   11170,  0.76
 599,86.00,   33887,  1.14,   23926,  1.62,    9961,  0.68
 600,87.00,   31043,  1.05,   23107,  1.57,    7936,  0.54
 601,88.00,   28973,  0.98,   22864,  1.55,    6109,  0.41
 602,89.00,   27767,  0.94,   22936,  1.56,    4831,  0.33
 603,90.00,   25647,  0.86,   22853,  1.55,    2794,  0.19
 604,91.00,   22479,  0.76,   22723,  1.54,    -244, -0.02
 605,92.00,   21284,  0.72,   22225,  1.51,    -941, -0.06
 606,93.00,   18885,  0.64,   20492,  1.39,   -1607, -0.11
 607,94.00,   15281,  0.52,   19138,  1.30,   -3857, -0.26
 608,95.00,   12395,  0.42,   18133,  1.23,   -5738, -0.39
 609,96.00,    9131,  0.31,   16589,  1.13,   -7458, -0.51
 610,97.00,    5167,  0.17,   14863,  1.01,   -9696, -0.66
 611,98.00,    2465,  0.08,   13802,  0.94,  -11337, -0.77
 612,99.00,     282,  0.00,   13695,  0.93,  -13413, -0.91
 613,100.00,   -1610, -0.05,   13176,  0.89,  -14786, -1.00
 614,101.00,   -2496, -0.08,   12659,  0.86,  -15155, -1.03
 615,102.00,   -4284, -0.14,   11536,  0.78,  -15820, -1.07
 616,103.00,   -7021, -0.24,    9340,  0.63,  -16361, -1.11
 617,104.00,   -9073, -0.31,    7133,  0.48,  -16206, -1.10
 618,105.00,  -10098, -0.34,    5299,  0.36,  -15397, -1.04
 619,106.00,  -10562, -0.36,    4002,  0.27,  -14564, -0.99
 620,107.00,  -10932, -0.37,    2834,  0.19,  -13766, -0.93
 621,108.00,  -11148, -0.38,    2466,  0.17,  -13614, -0.92
 622,109.00,  -10943, -0.37,    2451,  0.17,  -13394, -0.91
 623,110.00,  -10704, -0.36,    1511,  0.10,  -12215, -0.83
 624,111.00,  -11096, -0.37,      65,  0.00,  -11161, -0.76
 625,112.00,  -10541, -0.36,    -447, -0.03,  -10094, -0.68
 626,113.00,  -10204, -0.34,    -114, -0.00,  -10090, -0.68
 627,114.00,   -9545, -0.32,       5,  0.00,   -9550, -0.65
 628,115.00,   -9434, -0.32,    -465, -0.03,   -8969, -0.61
 629,116.00,   -9906, -0.33,   -1289, -0.09,   -8617, -0.58
 630,117.00,   -8806, -0.30,   -1446, -0.10,   -7360, -0.50
 631,118.00,   -8422, -0.28,   -1925, -0.13,   -6497, -0.44
 632,119.00,   -9064, -0.31,   -2309, -0.16,   -6755, -0.46
 633,120.00,   -9395, -0.32,   -2216, -0.15,   -7179, -0.49
 634,121.00,   -8703, -0.29,   -1522, -0.10,   -7181, -0.49
 635,122.00,   -6191, -0.21,     162,  0.01,   -6353, -0.43
 636,123.00,   -3522, -0.12,    1922,  0.13,   -5444, -0.37
 637,124.00,   -3870, -0.13,    1852,  0.13,   -5722, -0.39
 638,125.00,   -4344, -0.15,    2212,  0.15,   -6556, -0.44
 639,126.00,   -3955, -0.13,    2523,  0.17,   -6478, -0.44
 640,127.00,   -2387, -0.08,    3165,  0.21,   -5552, -0.38
 641,128.00,   -1377, -0.05,    3621,  0.25,   -4998, -0.34
 642,129.00,    -819, -0.03,    3990,  0.27,   -4809, -0.33
 643,130.00,    1383,  0.05,    4549,  0.31,   -3166, -0.21
 644,131.00,    5493,  0.19,    6745,  0.46,   -1252, -0.08
 645,132.00,   10406,  0.35,   10115,  0.69,     291,  0.02
 646,133.00,   12977,  0.44,   11917,  0.81,    1060,  0.07
 647,134.00,   15204,  0.51,   12799,  0.87,    2405,  0.16
 648,135.00,   17433,  0.59,   14148,  0.96,    3285,  0.22
 649,136.00,   19980,  0.67,   15503,  1.05,    4477,  0.30
 650,137.00,   24836,  0.84,   17199,  1.17,    7637,  0.52
 651,138.00,   30235,  1.02,   19246,  1.31,   10989,  0.75
 652,139.00,   35934,  1.21,   22248,  1.51,   13686,  0.93
 653,140.00,   39615,  1.34,   24736,  1.68,   14879,  1.01
 654,141.00,   43080,  1.45,   26395,  1.79,   16685,  1.13
 655,142.00,   47839,  1.61,   28023,  1.90,   19816,  1.34
 656,143.00,   51885,  1.75,   28600,  1.94,   23285,  1.58
 657,144.00,   54415,  1.83,   28549,  1.94,   25866,  1.75
 658,145.00,   57408,  1.94,   29997,  2.03,   27411,  1.86
 659,146.00,   60595,  2.04,   31747,  2.15,   28848,  1.96
 660,147.00,   63593,  2.14,   32739,  2.22,   30854,  2.09
 661,148.00,   65853,  2.22,   32951,  2.23,   32902,  2.23
 662,149.00,   68519,  2.31,   33736,  2.29,   34783,  2.36
 663,150.00,   72363,  2.44,   34731,  2.36,   37632,  2.55
 664,151.00,   75971,  2.56,   35455,  2.40,   40516,  2.75
 665,152.00,   79205,  2.67,   36303,  2.46,   42902,  2.91
 666,153.00,   81830,  2.76,   36374,  2.47,   45456,  3.08
 667,154.00,   84394,  2.85,   36935,  2.50,   47459,  3.22
 668,155.00,   84681,  2.86,   37082,  2.51,   47599,  3.23
 669,156.00,   83855,  2.83,   36109,  2.45,   47746,  3.24
 670,157.00,   84518,  2.85,   35639,  2.42,   48879,  3.31
 671,158.00,   84033,  2.83,   35239,  2.39,   48794,  3.31
 672,159.00,   82165,  2.77,   34632,  2.35,   47533,  3.22
 673,160.00,   81006,  2.73,   33654,  2.28,   47352,  3.21
 674,161.00,   81151,  2.74,   32236,  2.19,   48915,  3.32
 675,162.00,   80672,  2.72,   30715,  2.08,   49957,  3.39
 676,163.00,   77988,  2.63,   28608,  1.94,   49380,  3.35
 677,164.00,   74878,  2.53,   26433,  1.79,   48445,  3.29
 678,165.00,   72342,  2.44,   24997,  1.70,   47345,  3.21
 679,166.00,   70882,  2.39,   24004,  1.63,   46878,  3.18
 680,167.00,   68117,  2.30,   22931,  1.56,   45186,  3.06
 681,168.00,   65557,  2.21,   22014,  1.49,   43543,  2.95
 682,169.00,   63388,  2.14,   20310,  1.38,   43078,  2.92
 683,170.00,   60863,  2.05,   17509,  1.19,   43354,  2.94
 684,171.00,   57797,  1.95,   14601,  0.99,   43196,  2.93
 685,172.00,   54870,  1.85,   11956,  0.81,   42914,  2.91
 686,173.00,   52811,  1.78,   10315,  0.70,   42496,  2.88
 687,174.00,   51737,  1.74,    8895,  0.60,   42842,  2.91
 688,175.00,   51730,  1.74,    8935,  0.61,   42795,  2.90
 689,176.00,   52142,  1.76,    9648,  0.65,   42494,  2.88
 690,177.00,   51629,  1.74,    9893,  0.67,   41736,  2.83
 691,178.00,   50183,  1.69,    9795,  0.66,   40388,  2.74
 692,179.00,   48729,  1.64,    9252,  0.63,   39477,  2.68
 693,180.00,   46048,  1.55,    7539,  0.51,   38509,  2.61
 694,181.00,   43918,  1.48,    6161,  0.42,   37757,  2.56
 695,182.00,   42498,  1.43,    5692,  0.39,   36806,  2.50
 696,183.00,   41126,  1.39,    5729,  0.39,   35397,  2.40
 697,184.00,   38203,  1.29,    5178,  0.35,   33025,  2.24
 698,185.00,   34301,  1.16,    4312,  0.29,   29989,  2.03
 699,186.00,   30646,  1.03,    3112,  0.21,   27534,  1.87
 700,187.00,   27819,  0.94,    1643,  0.11,   26176,  1.78
 701,188.00,   26427,  0.89,     980,  0.07,   25447,  1.73
 702,189.00,   23648,  0.80,    -421, -0.03,   24069,  1.63
 703,190.00,   20535,  0.69,   -2036, -0.14,   22571,  1.53
 704,191.00,   16393,  0.55,   -4702, -0.32,   21095,  1.43
 705,192.00,   12294,  0.41,   -6617, -0.45,   18911,  1.28
 706,193.00,    8801,  0.30,   -7486, -0.51,   16287,  1.10
 707,194.00,    3990,  0.13,   -9845, -0.67,   13835,  0.94
 708,195.00,     -68, -0.00,  -12576, -0.85,   12508,  0.85
 709,196.00,   -3177, -0.11,  -15161, -1.03,   11984,  0.81
 710,197.00,   -7771, -0.26,  -18163, -1.23,   10392,  0.70
 711,198.00,  -11672, -0.39,  -20461, -1.39,    8789,  0.60
 712,199.00,  -14546, -0.49,  -21511, -1.46,    6965,  0.47
 713,200.00,  -18001, -0.61,  -22444, -1.52,    4443,  0.30
 714,201.00,  -21538, -0.73,  -23741, -1.61,    2203,  0.15
 715,202.00,  -25343, -0.85,  -25298, -1.72,     -45, -0.00
 716,203.00,  -29071, -0.98,  -27500, -1.87,   -1571, -0.11
 717,204.00,  -32191, -1.09,  -29478, -2.00,   -2713, -0.18
 718,205.00,  -34486, -1.16,  -29649, -2.01,   -4837, -0.33
 719,206.00,  -36906, -1.24,  -29408, -1.99,   -7498, -0.51
 720,207.00,  -37680, -1.27,  -28544, -1.94,   -9136, -0.62
 721,208.00,  -39027, -1.32,  -28244, -1.92,  -10783, -0.73
 722,209.00,  -40390, -1.36,  -28288, -1.92,  -12102, -0.82
 723,210.00,  -41716, -1.41,  -28216, -1.91,  -13500, -0.92
 724,211.00,  -43460, -1.47,  -28541, -1.94,  -14919, -1.01
 725,212.00,  -44626, -1.50,  -28645, -1.94,  -15981, -1.08
 726,213.00,  -46705, -1.57,  -28739, -1.95,  -17966, -1.22
 727,214.00,  -49292, -1.66,  -28937, -1.96,  -20355, -1.38
 728,215.00,  -50184, -1.69,  -28083, -1.90,  -22101, -1.50
 729,216.00,  -49355, -1.66,  -27388, -1.86,  -21967, -1.49
 730,217.00,  -49047, -1.65,  -27225, -1.85,  -21822, -1.48
 731,218.00,  -48975, -1.65,  -26436, -1.79,  -22539, -1.53
 732,219.00,  -49717, -1.68,  -26273, -1.78,  -23444, -1.59
 733,220.00,  -49411, -1.67,  -26538, -1.80,  -22873, -1.55
 734,221.00,  -48724, -1.64,  -26776, -1.82,  -21948, -1.49
 735,222.00,  -49102, -1.66,  -27375, -1.86,  -21727, -1.47
 736,223.00,  -49906, -1.68,  -27613, -1.87,  -22293, -1.51
 737,224.00,  -49420, -1.67,  -26982, -1.83,  -22438, -1.52
 738,225.00,  -48327, -1.63,  -26880, -1.82,  -21447, -1.45
 739,226.00,  -48444, -1.63,  -26817, -1.82,  -21627, -1.47
 740,227.00,  -49121, -1.66,  -27020, -1.83,  -22101, -1.50
 741,228.00,  -49733, -1.68,  -27165, -1.84,  -22568, -1.53
 742,229.00,  -49868, -1.68,  -26795, -1.82,  -23073, -1.56
 743,230.00,  -50735, -1.71,  -27404, -1.86,  -23331, -1.58
 744,231.00,  -51865, -1.75,  -28466, -1.93,  -23399, -1.59
 745,232.00,  -51866, -1.75,  -28725, -1.95,  -23141, -1.57
 746,233.00,  -51907, -1.75,  -28332, -1.92,  -23575, -1.60
 747,234.00,  -52282, -1.76,  -28054, -1.90,  -24228, -1.64
 748,235.00,  -51633, -1.74,  -27812, -1.89,  -23821, -1.62
 749,236.00,  -50864, -1.72,  -27533, -1.87,  -23331, -1.58
 750,237.00,  -52666, -1.78,  -28306, -1.92,  -24360, -1.65
 751,238.00,  -55047, -1.86,  -28772, -1.95,  -26275, -1.78
 752,239.00,  -57457, -1.94,  -29368, -1.99,  -28089, -1.90
 753,240.00,  -58869, -1.99,  -29547, -2.00,  -29322, -1.99
 754,241.00,  -58819, -1.98,  -28704, -1.95,  -30115, -2.04
 755,242.00,  -58420, -1.97,  -28574, -1.94,  -29846, -2.02
 756,243.00,  -60881, -2.05,  -30114, -2.04,  -30767, -2.09
 757,244.00,  -62343, -2.10,  -30957, -2.10,  -31386, -2.13
 758,245.00,  -62049, -2.09,  -30787, -2.09,  -31262, -2.12
 759,246.00,  -61190, -2.06,  -30456, -2.07,  -30734, -2.08
 760,247.00,  -59498, -2.01,  -29348, -1.99,  -30150, -2.04
 761,248.00,  -58888, -1.99,  -29637, -2.01,  -29251, -1.98
 762,249.00,  -56878, -1.92,  -28407, -1.93,  -28471, -1.93
 763,250.00,  -56339, -1.90,  -27780, -1.88,  -28559, -1.94
 764,251.00,  -57701, -1.95,  -28384, -1.92,  -29317, -1.99
 765,252.00,  -59136, -1.99,  -28578, -1.94,  -30558, -2.07
 766,253.00,  -59721, -2.01,  -28064, -1.90,  -31657, -2.15
 767,254.00,  -60444, -2.04,  -28017, -1.90,  -32427, -2.20
 768,255.00,  -63499, -2.14,  -29453, -2.00,  -34046, -2.31
 769,256.00,  -64936, -2.19,  -29496, -2.00,  -35440, -2.40
 770,257.00,  -65228, -2.20,  -28813, -1.95,  -36415, -2.47
 771,258.00,  -67990, -2.29,  -29349, -1.99,  -38641, -2.62
 772,259.00,  -69523, -2.34,  -30330, -2.06,  -39193, -2.66
 773,260.00,  -69681, -2.35,  -30945, -2.10,  -38736, -2.63
 774,261.00,  -71347, -2.41,  -32151, -2.18,  -39196, -2.66
 775,262.00,  -74505, -2.51,  -33706, -2.29,  -40799, -2.77
 776,263.00,  -78535, -2.65,  -35355, -2.40,  -43180, -2.93
 777,264.00,  -82300, -2.78,  -36032, -2.44,  -46268, -3.14
 778,265.00,  -85486, -2.88,  -36223, -2.46,  -49263, -3.34
 779,266.00,  -88424, -2.98,  -37115, -2.52,  -51309, -3.48
 780,267.00,  -90774, -3.06,  -38212, -2.59,  -52562, -3.56
 781,268.00,  -93327, -3.15,  -39897, -2.71,  -53430, -3.62
 782,269.00,  -95447, -3.22,  -41110, -2.79,  -54337, -3.69
 783,270.00,  -96785, -3.26,  -41118, -2.79,  -55667, -3.78
 784,271.00,  -97405, -3.28,  -40134, -2.72,  -57271, -3.88
 785,272.00,  -95809, -3.23,  -39236, -2.66,  -56573, -3.84
 786,273.00,  -94972, -3.20,  -39524, -2.68,  -55448, -3.76
 787,274.00,  -95445, -3.22,  -40122, -2.72,  -55323, -3.75
 788,275.00,  -96426, -3.25,  -40187, -2.73,  -56239, -3.81
 789,276.00,  -96928, -3.27,  -39977, -2.71,  -56951, -3.86
 790,277.00,  -93844, -3.16,  -37699, -2.56,  -56145, -3.81
 791,278.00,  -91838, -3.10,  -36871, -2.50,  -54967, -3.73
 792,279.00,  -92560, -3.12,  -37093, -2.52,  -55467, -3.76
 793,280.00,  -94089, -3.17,  -38212, -2.59,  -55877, -3.79
 794,281.00,  -94832, -3.20,  -39169, -2.66,  -55663, -3.78
 795,282.00,  -94156, -3.18,  -39669, -2.69,  -54487, -3.70
 796,283.00,  -92000, -3.10,  -39500, -2.68,  -52500, -3.56
 797,284.00,  -89584, -3.02,  -38500, -2.61,  -51084, -3.46
 798,285.00,  -86836, -2.93,  -37324, -2.53,  -49512, -3.36
 799,286.00,  -84403, -2.85,  -37181, -2.52,  -47222, -3.20
 800,287.00,  -83117, -2.80,  -37817, -2.56,  -45300, -3.07
 801,288.00,  -82758, -2.79,  -38570, -2.62,  -44188, -3.00
 802,289.00,  -81378, -2.74,  -38598, -2.62,  -42780, -2.90
 803,290.00,  -78990, -2.66,  -37759, -2.56,  -41231, -2.80
 804,291.00,  -76861, -2.59,  -36737, -2.49,  -40124, -2.72
 805,292.00,  -75666, -2.55,  -37319, -2.53,  -38347, -2.60
 806,293.00,  -74956, -2.53,  -38985, -2.64,  -35971, -2.44
 807,294.00,  -74324, -2.51,  -39767, -2.70,  -34557, -2.34
 808,295.00,  -72593, -2.45,  -39957, -2.71,  -32636, -2.21
 809,296.00,  -71107, -2.40,  -39270, -2.66,  -31837, -2.16
 810,297.00,  -70403, -2.37,  -38573, -2.62,  -31830, -2.16
 811,298.00,  -68443, -2.31,  -37599, -2.55,  -30844, -2.09
 812,299.00,  -65703, -2.22,  -36879, -2.50,  -28824, -1.95
 813,300.00,  -63598, -2.14,  -36564, -2.48,  -27034, -1.83
 814,301.00,  -61260, -2.07,  -35721, -2.42,  -25539, -1.73
 815,302.00,  -59637, -2.01,  -34897, -2.37,  -24740, -1.68
 816,303.00,  -59122, -1.99,  -34892, -2.37,  -24230, -1.64
 817,304.00,  -57504, -1.94,  -34484, -2.34,  -23020, -1.56
 818,305.00,  -55534, -1.87,  -34107, -2.31,  -21427, -1.45
 819,306.00,  -53351, -1.80,  -32773, -2.22,  -20578, -1.40
 820,307.00,  -50877, -1.72,  -30487, -2.07,  -20390, -1.38
 821,308.00,  -48861, -1.65,  -28484, -1.93,  -20377, -1.38
 822,309.00,  -46927, -1.58,  -26677, -1.81,  -20250, -1.37
 823,310.00,  -44035, -1.48,  -24547, -1.66,  -19488, -1.32
 824,311.00,  -41952, -1.41,  -22357, -1.52,  -19595, -1.33
 825,312.00,  -40545, -1.37,  -20102, -1.36,  -20443, -1.39
 826,313.00,  -37773, -1.27,  -17045, -1.16,  -20728, -1.41
 827,314.00,  -34775, -1.17,  -14104, -0.96,  -20671, -1.40
 828,315.00,  -33370, -1.13,  -12210, -0.83,  -21160, -1.44
 829,316.00,  -32915, -1.11,  -11168, -0.76,  -21747, -1.47
 830,317.00,  -31874, -1.07,  -10305, -0.70,  -21569, -1.46
 831,318.00,  -29381, -0.99,   -8687, -0.59,  -20694, -1.40
 832,319.00,  -27192, -0.92,   -6150, -0.42,  -21042, -1.43
 833,320.00,  -25993, -0.88,   -4329, -0.29,  -21664, -1.47
 834,321.00,  -24511, -0.83,   -2926, -0.20,  -21585, -1.46
 835,322.00,  -21816, -0.74,    -700, -0.05,  -21116, -1.43
 836,323.00,  -20511, -0.69,     491,  0.03,  -21002, -1.42
 837,324.00,  -19663, -0.66,    1337,  0.09,  -21000, -1.42
 838,325.00,  -18267, -0.62,    2580,  0.17,  -20847, -1.41
 839,326.00,  -16611, -0.56,    4286,  0.29,  -20897, -1.42
 840,327.00,  -14496, -0.49,    6579,  0.45,  -21075, -1.43
 841,328.00,  -12017, -0.41,    8276,  0.56,  -20293, -1.38
 842,329.00,  -12016, -0.41,    8750,  0.59,  -20766, -1.41
 843,330.00,  -12773, -0.43,    8752,  0.59,  -21525, -1.46
 844,331.00,  -11865, -0.40,    9827,  0.67,  -21692, -1.47
 845,332.00,  -10569, -0.36,   11215,  0.76,  -21784, -1.48
 846,333.00,   -8614, -0.29,   13232,  0.90,  -21846, -1.48
 847,334.00,   -5586, -0.19,   15887,  1.08,  -21473, -1.46
 848,335.00,   -3600, -0.12,   17426,  1.18,  -21026, -1.43
 849,336.00,   -1566, -0.05,   18692,  1.27,  -20258, -1.37
 850,337.00,     709,  0.02,   20054,  1.36,  -19345, -1.31
 851,338.00,    3714,  0.13,   21435,  1.45,  -17721, -1.20
 852,339.00,    7402,  0.25,   22913,  1.55,  -15511, -1.05
 853,340.00,   10624,  0.36,   24057,  1.63,  -13433, -0.91
 854,341.00,   12976,  0.44,   24797,  1.68,  -11821, -0.80
 855,342.00,   14561,  0.49,   24657,  1.67,  -10096, -0.68
 856,343.00,   16563,  0.56,   24801,  1.68,   -8238, -0.56
 857,344.00,   19479,  0.66,   24766,  1.68,   -5287, -0.36
 858,345.00,   22119,  0.75,   25136,  1.70,   -3017, -0.20
 859,346.00,   25702,  0.87,   26960,  1.83,   -1258, -0.09
 860,347.00,   28776,  0.97,   28450,  1.93,     326,  0.02
 861,348.00,   32476,  1.10,   30027,  2.04,    2449,  0.17
 862,349.00,   36261,  1.22,   31215,  2.12,    5046,  0.34
 863,350.00,   38757,  1.31,   32269,  2.19,    6488,  0.44
 864,351.00,   41119,  1.39,   33417,  2.27,    7702,  0.52
 865,352.00,   44213,  1.49,   35262,  2.39,    8951,  0.61
 866,353.00,   45757,  1.54,   36109,  2.45,    9648,  0.65
 867,354.00,   48294,  1.63,   37326,  2.53,   10968,  0.74
 868,355.00,   50064,  1.69,   38691,  2.62,   11373,  0.77
 869,356.00,   51296,  1.73,   39679,  2.69,   11617,  0.79
 870,357.00,   53235,  1.80,   40272,  2.73,   12963,  0.88
 871,358.00,   55187,  1.86,   41003,  2.78,   14184,  0.96
 872,359.00,   56193,  1.89,   40934,  2.78,   15259,  1.03
 873,360.00,   57244,  1.93,   40755,  2.76,   16489,  1.12
 874,361.00,   57435,  1.94,   40577,  2.75,   16858,  1.14
 875,362.00,   57273,  1.93,   40508,  2.75,   16765,  1.14
 876,363.00,   56691,  1.91,   40356,  2.74,   16335,  1.11
 877,364.00,   56107,  1.89,   40321,  2.73,   15786,  1.07
 878,365.00,   55427,  1.87,   39687,  2.69,   15740,  1.07
 879,366.00,   55772,  1.88,   39622,  2.69,   16150,  1.10
 880,367.00,   54712,  1.85,   38664,  2.62,   16048,  1.09
 881,368.00,   54214,  1.83,   37869,  2.57,   16345,  1.11
 882,369.00,   55652,  1.88,   39010,  2.65,   16642,  1.13
 883,370.00,   58031,  1.96,   40751,  2.76,   17280,  1.17
 884,371.00,   58640,  1.98,   40973,  2.78,   17667,  1.20
 885,372.00,   58310,  1.97,   40258,  2.73,   18052,  1.22
 886,373.00,   58601,  1.98,   39890,  2.71,   18711,  1.27
 887,374.00,   59342,  2.00,   39856,  2.70,   19486,  1.32
 888,375.00,   60001,  2.02,   40640,  2.76,   19361,  1.31
 889,376.00,   59110,  1.99,   41481,  2.81,   17629,  1.20
 890,377.00,   58496,  1.97,   41787,  2.83,   16709,  1.13
 891,378.00,   58954,  1.99,   41194,  2.79,   17760,  1.20
 892,379.00,   59294,  2.00,   40564,  2.75,   18730,  1.27
 893,380.00,   60171,  2.03,   41434,  2.81,   18737,  1.27
 894,381.00,   60453,  2.04,   41328,  2.80,   19125,  1.30
 895,382.00,   59357,  2.00,   40000,  2.71,   19357,  1.31
 896,383.00,   58708,  1.98,   39164,  2.66,   19544,  1.33
 897,384.00,   58702,  1.98,   38805,  2.63,   19897,  1.35
 898,385.00,   59121,  1.99,   39480,  2.68,   19641,  1.33
 899,386.00,   59244,  2.00,   40158,  2.72,   19086,  1.29
 900,387.00,   59337,  2.00,   40165,  2.72,   19172,  1.30
 901,388.00,   58463,  1.97,   39067,  2.65,   19396,  1.32
 902,389.00,   57210,  1.93,   37791,  2.56,   19419,  1.32
 903,390.00,   56853,  1.92,   37064,  2.51,   19789,  1.34
 904,391.00,   57847,  1.95,   37289,  2.53,   20558,  1.39
 905,392.00,   57304,  1.93,   36949,  2.51,   20355,  1.38
 906,393.00,   56025,  1.89,   36589,  2.48,   19436,  1.32
 907,394.00,   55141,  1.86,   36228,  2.46,   18913,  1.28
 908,395.00,   55167,  1.86,   35833,  2.43,   19334,  1.31
 909,396.00,   53012,  1.79,   34276,  2.32,   18736,  1.27
 910,397.00,   50941,  1.72,   33258,  2.26,   17683,  1.20
 911,398.00,   50162,  1.69,   33292,  2.26,   16870,  1.14
 912,399.00,   49435,  1.67,   32929,  2.23,   16506,  1.12
 913,400.00,   49138,  1.66,   32302,  2.19,   16836,  1.14
 914,401.00,   46861,  1.58,   31284,  2.12,   15577,  1.06
 915,402.00,   44376,  1.50,   30798,  2.09,   13578,  0.92
 916,403.00,   42676,  1.44,   30574,  2.07,   12102,  0.82
 917,404.00,   40488,  1.37,   29697,  2.01,   10791,  0.73
 918,405.00,   38449,  1.30,   29122,  1.98,    9327,  0.63
 919,406.00,   38029,  1.28,   29494,  2.00,    8535,  0.58
 920,407.00,   37827,  1.28,   29187,  1.98,    8640,  0.59
 921,408.00,   36521,  1.23,   28852,  1.96,    7669,  0.52
 922,409.00,   35824,  1.21,   29254,  1.98,    6570,  0.45
 923,410.00,   34534,  1.16,   28410,  1.93,    6124,  0.42
 924,411.00,   33528,  1.13,   27390,  1.86,    6138,  0.42
 925,412.00,   31778,  1.07,   25497,  1.73,    6281,  0.43
 926,413.00,   31129,  1.05,   25281,  1.71,    5848,  0.40
 927,414.00,   30766,  1.04,   26069,  1.77,    4697,  0.32
 928,415.00,   29704,  1.00,   25794,  1.75,    3910,  0.27
 929,416.00,   28204,  0.95,   25054,  1.70,    3150,  0.21
 930,417.00,   25774,  0.87,   23560,  1.60,    2214,  0.15
 931,418.00,   24861,  0.84,   22862,  1.55,    1999,  0.14
 932,419.00,   24733,  0.83,   23386,  1.59,    1347,  0.09
 933,420.00,   23989,  0.81,   23321,  1.58,     668,  0.05
 934,421.00,   22676,  0.76,   21939,  1.49,     737,  0.05
 935,422.00,   22215,  0.75,   21062,  1.43,    1153,  0.08
 936,423.00,   21838,  0.74,   20415,  1.38,    1423,  0.10
 937,424.00,   20228,  0.68,   19446,  1.32,     782,  0.05
 938,425.00,   19527,  0.66,   19206,  1.30,     321,  0.02
 939,426.00,   19228,  0.65,   18840,  1.28,     388,  0.03
 940,427.00,   18763,  0.63,   18519,  1.26,     244,  0.02
 941,428.00,   18196,  0.61,   18197,  1.23,      -1, -0.00
 942,429.00,   17397,  0.59,   17630,  1.20,    -233, -0.02
 943,430.00,   15959,  0.54,   16722,  1.13,    -763, -0.05
 944,431.00,   14378,  0.48,   15926,  1.08,   -1548, -0.10
 945,432.00,   12768,  0.43,   13989,  0.95,   -1221, -0.08
 946,433.00,   10644,  0.36,   11878,  0.81,   -1234, -0.08
 947,434.00,    9976,  0.34,   12153,  0.82,   -2177, -0.15
 948,435.00,   10441,  0.35,   13480,  0.91,   -3039, -0.21
 949,436.00,   10276,  0.35,   14184,  0.96,   -3908, -0.27
 950,437.00,    8290,  0.28,   13659,  0.93,   -5369, -0.36
 951,438.00,    5500,  0.19,   12391,  0.84,   -6891, -0.47
 952,439.00,    3367,  0.11,   11902,  0.81,   -8535, -0.58
 953,440.00,    1863,  0.06,   11347,  0.77,   -9484, -0.64
 954,441.00,     549,  0.02,   10842,  0.74,  -10293, -0.70
 955,442.00,   -1909, -0.06,    9767,  0.66,  -11676, -0.79
 956,443.00,   -3672, -0.12,    9977,  0.68,  -13649, -0.93
 957,444.00,   -3746, -0.13,   11090,  0.75,  -14836, -1.01
 958,445.00,   -3878, -0.13,   11481,  0.78,  -15359, -1.04
 959,446.00,   -4863, -0.16,   11284,  0.77,  -16147, -1.10
 960,447.00,   -5606, -0.19,   10991,  0.75,  -16597, -1.13
 961,448.00,   -6107, -0.21,   10737,  0.73,  -16844, -1.14
 962,449.00,   -6154, -0.21,   10111,  0.69,  -16265, -1.10
 963,450.00,   -4673, -0.16,   10224,  0.69,  -14897, -1.01
 964,451.00,   -3286, -0.11,   10123,  0.69,  -13409, -0.91
 965,452.00,   -2345, -0.08,   10081,  0.68,  -12426, -0.84
 966,453.00,   -1923, -0.06,    9906,  0.67,  -11829, -0.80
 967,454.00,   -1971, -0.07,    9169,  0.62,  -11140, -0.76
 968,455.00,    -168, -0.00,    9201,  0.62,   -9369, -0.64
 969,456.00,    2274,  0.08,   10043,  0.68,   -7769, -0.53
 970,457.00,    4763,  0.16,   11755,  0.80,   -6992, -0.47
 971,458.00,    8007,  0.27,   13799,  0.94,   -5792, -0.39
 972,459.00,    9988,  0.34,   15066,  1.02,   -5078, -0.34
 973,460.00,   12798,  0.43,   16476,  1.12,   -3678, -0.25
 974,461.00,   15276,  0.52,   17096,  1.16,   -1820, -0.12
 975,462.00,   17071,  0.58,   17313,  1.17,    -242, -0.02
 976,463.00,   19505,  0.66,   17967,  1.22,    1538,  0.10
 977,464.00,   21036,  0.71,   18473,  1.25,    2563,  0.17
 978,465.00,   22026,  0.74,   18668,  1.27,    3358,  0.23
 979,466.00,   22746,  0.77,   18862,  1.28,    3884,  0.26
 980,467.00,   22778,  0.77,   18832,  1.28,    3946,  0.27
 981,468.00,   23007,  0.78,   19850,  1.35,    3157,  0.21
 982,469.00,   23126,  0.78,   20661,  1.40,    2465,  0.17
 983,470.00,   24416,  0.82,   21495,  1.46,    2921,  0.20
 984,471.00,   26290,  0.89,   22752,  1.54,    3538,  0.24
 985,472.00,   28082,  0.95,   23363,  1.58,    4719,  0.32
 986,473.00,   30429,  1.03,   24342,  1.65,    6087,  0.41
 987,474.00,   32597,  1.10,   25331,  1.72,    7266,  0.49
 988,475.00,   34420,  1.16,   25998,  1.76,    8422,  0.57
 989,476.00,   35946,  1.21,   27025,  1.83,    8921,  0.61
 990,477.00,   37826,  1.28,   29103,  1.97,    8723,  0.59
 991,478.00,   39460,  1.33,   30699,  2.08,    8761,  0.59
 992,479.00,   39971,  1.35,   30547,  2.07,    9424,  0.64
 993,480.00,   39704,  1.34,   30464,  2.07,    9240,  0.63
 994,481.00,   39731,  1.34,   30750,  2.09,    8981,  0.61
 995,482.00,   40962,  1.38,   31512,  2.14,    9450,  0.64
 996,483.00,   43345,  1.46,   32763,  2.22,   10582,  0.72
 997,484.00,   44178,  1.49,   33192,  2.25,   10986,  0.75
 998,485.00,   45238,  1.53,   33920,  2.30,   11318,  0.77
 999,486.00,   45728,  1.54,   34971,  2.37,   10757,  0.73
1000,487.00,   45118,  1.52,   35501,  2.41,    9617,  0.65
1001,488.00,   43987,  1.48,   35539,  2.41,    8448,  0.57
1002,489.00,   43673,  1.47,   35573,  2.41,    8100,  0.55
1003,490.00,   43433,  1.46,   34358,  2.33,    9075,  0.62
1004,491.00,   43251,  1.46,   33179,  2.25,   10072,  0.68
1005,492.00,   42903,  1.45,   32748,  2.22,   10155,  0.69
1006,493.00,   42135,  1.42,   32844,  2.23,    9291,  0.63
1007,494.00,   41665,  1.41,   33085,  2.24,    8580,  0.58
1008,495.00,   41758,  1.41,   33219,  2.25,    8539,  0.58
1009,496.00,   41250,  1.39,   33456,  2.27,    7794,  0.53
1010,497.00,   40241,  1.36,   32823,  2.23,    7418,  0.50
1011,498.00,   39985,  1.35,   32999,  2.24,    6986,  0.47
1012,499.00,   40328,  1.36,   33893,  2.30,    6435,  0.44
1013,500.00,   39598,  1.34,   33802,  2.29,    5796,  0.39
1014,501.00,   36417,  1.23,   32230,  2.19,    4187,  0.28
1015,502.00,   33851,  1.14,   31367,  2.13,    2484,  0.17
1016,503.00,   32086,  1.08,   30908,  2.10,    1178,  0.08
1017,504.00,   32253,  1.09,   31781,  2.16,     472,  0.03
1018,505.00,   31761,  1.07,   32398,  2.20,    -637, -0.04
1019,506.00,   29822,  1.01,   31609,  2.14,   -1787, -0.12
1020,507.00,   27327,  0.92,   30506,  2.07,   -3179, -0.22
1021,508.00,   24053,  0.81,   28756,  1.95,   -4703, -0.32
1022,509.00,   21801,  0.74,   28297,  1.92,   -6496, -0.44
1023,510.00,   18970,  0.64,   27587,  1.87,   -8617, -0.58
1024,511.00,   15917,  0.54,   26628,  1.81,  -10711, -0.73
