-----------------------------------------------------------------------------------
Identifier:,IHS5922-20186L01
File Name:,BGRP70A.2
Ear:,R
Channel:,1
Intensity:,70 dB HL
Stim. Rate:,  1.10/s
Stim. Mode:,0
Sweeps:,61
Artifacts:,0
Smp. Period:,1000.00 us
Amp. Gain:, 50.00 K
Low Pass:, 30.00 Hz
High Pass:,  1.00 Hz
Notch Filter:,TRUE
Stimulus:,100
Stim. Freq.:,1000 Hz
Stim. Dur.:,2000 pnts
Masking:,0 dB SPL
Stim. Point:,513
-----------------------------------------------------------------------------------
Peak Information:,Label,Peak(+),Peak(+)(ms),Peak(-),Peak(-)(ms)
,21, 899,386.00, 999,486.00,
-----------------------------------------------------------------------------------


Data Pnt:,Data Pnt(ms):,Average:,Average(uV):,Buffer1:,Buffer1(uV):,Buffer2:,Buffer2(uV):
   1,-512.00,       0,  0.00,       0,  0.00,       0,  0.00
   2,-511.00,       0,  0.00,       0,  0.00,       0,  0.00
   3,-510.00,       0,  0.00,       0,  0.00,       0,  0.00
   4,-509.00,       0,  0.00,       0,  0.00,       0,  0.00
   5,-508.00,       0,  0.00,       0,  0.00,       0,  0.00
   6,-507.00,       0,  0.00,       0,  0.00,       0,  0.00
   7,-506.00,       0,  0.00,       0,  0.00,       0,  0.00
   8,-505.00,       0,  0.00,       0,  0.00,       0,  0.00
   9,-504.00,       0,  0.00,       0,  0.00,       0,  0.00
  10,-503.00,       0,  0.00,       0,  0.00,       0,  0.00
  11,-502.00,       0,  0.00,       0,  0.00,       0,  0.00
  12,-501.00,       0,  0.00,       0,  0.00,       0,  0.00
  13,-500.00,       0,  0.00,       0,  0.00,       0,  0.00
  14,-499.00,       0,  0.00,       0,  0.00,       0,  0.00
  15,-498.00,       0,  0.00,       0,  0.00,       0,  0.00
  16,-497.00,       0,  0.00,       0,  0.00,       0,  0.00
  17,-496.00,       0,  0.00,       0,  0.00,       0,  0.00
  18,-495.00,       0,  0.00,       0,  0.00,       0,  0.00
  19,-494.00,       0,  0.00,       0,  0.00,       0,  0.00
  20,-493.00,       0,  0.00,       0,  0.00,       0,  0.00
  21,-492.00,       0,  0.00,       0,  0.00,       0,  0.00
  22,-491.00,       0,  0.00,       0,  0.00,       0,  0.00
  23,-490.00,       0,  0.00,       0,  0.00,       0,  0.00
  24,-489.00,       0,  0.00,       0,  0.00,       0,  0.00
  25,-488.00,       0,  0.00,       0,  0.00,       0,  0.00
  26,-487.00,       0,  0.00,       0,  0.00,       0,  0.00
  27,-486.00,       0,  0.00,       0,  0.00,       0,  0.00
  28,-485.00,       0,  0.00,       0,  0.00,       0,  0.00
  29,-484.00,       0,  0.00,       0,  0.00,       0,  0.00
  30,-483.00,       0,  0.00,       0,  0.00,       0,  0.00
  31,-482.00,       0,  0.00,       0,  0.00,       0,  0.00
  32,-481.00,       0,  0.00,       0,  0.00,       0,  0.00
  33,-480.00,       0,  0.00,       0,  0.00,       0,  0.00
  34,-479.00,       0,  0.00,       0,  0.00,       0,  0.00
  35,-478.00,       0,  0.00,       0,  0.00,       0,  0.00
  36,-477.00,       0,  0.00,       0,  0.00,       0,  0.00
  37,-476.00,       0,  0.00,       0,  0.00,       0,  0.00
  38,-475.00,       0,  0.00,       0,  0.00,       0,  0.00
  39,-474.00,       0,  0.00,       0,  0.00,       0,  0.00
  40,-473.00,       0,  0.00,       0,  0.00,       0,  0.00
  41,-472.00,       0,  0.00,       0,  0.00,       0,  0.00
  42,-471.00,       0,  0.00,       0,  0.00,       0,  0.00
  43,-470.00,       0,  0.00,       0,  0.00,       0,  0.00
  44,-469.00,       0,  0.00,       0,  0.00,       0,  0.00
  45,-468.00,       0,  0.00,       0,  0.00,       0,  0.00
  46,-467.00,       0,  0.00,       0,  0.00,       0,  0.00
  47,-466.00,       0,  0.00,       0,  0.00,       0,  0.00
  48,-465.00,       0,  0.00,       0,  0.00,       0,  0.00
  49,-464.00,       0,  0.00,       0,  0.00,       0,  0.00
  50,-463.00,       0,  0.00,       0,  0.00,       0,  0.00
  51,-462.00,       0,  0.00,       0,  0.00,       0,  0.00
  52,-461.00,       0,  0.00,       0,  0.00,       0,  0.00
  53,-460.00,       0,  0.00,       0,  0.00,       0,  0.00
  54,-459.00,       0,  0.00,       0,  0.00,       0,  0.00
  55,-458.00,       0,  0.00,       0,  0.00,       0,  0.00
  56,-457.00,       0,  0.00,       0,  0.00,       0,  0.00
  57,-456.00,       0,  0.00,       0,  0.00,       0,  0.00
  58,-455.00,       0,  0.00,       0,  0.00,       0,  0.00
  59,-454.00,       0,  0.00,       0,  0.00,       0,  0.00
  60,-453.00,       0,  0.00,       0,  0.00,       0,  0.00
  61,-452.00,       0,  0.00,       0,  0.00,       0,  0.00
  62,-451.00,       0,  0.00,       0,  0.00,       0,  0.00
  63,-450.00,       0,  0.00,       0,  0.00,       0,  0.00
  64,-449.00,       0,  0.00,       0,  0.00,       0,  0.00
  65,-448.00,       0,  0.00,       0,  0.00,       0,  0.00
  66,-447.00,       0,  0.00,       0,  0.00,       0,  0.00
  67,-446.00,       0,  0.00,       0,  0.00,       0,  0.00
  68,-445.00,       0,  0.00,       0,  0.00,       0,  0.00
  69,-444.00,       0,  0.00,       0,  0.00,       0,  0.00
  70,-443.00,       0,  0.00,       0,  0.00,       0,  0.00
  71,-442.00,       0,  0.00,       0,  0.00,       0,  0.00
  72,-441.00,       0,  0.00,       0,  0.00,       0,  0.00
  73,-440.00,       0,  0.00,       0,  0.00,       0,  0.00
  74,-439.00,       0,  0.00,       0,  0.00,       0,  0.00
  75,-438.00,       0,  0.00,       0,  0.00,       0,  0.00
  76,-437.00,       0,  0.00,       0,  0.00,       0,  0.00
  77,-436.00,       0,  0.00,       0,  0.00,       0,  0.00
  78,-435.00,       0,  0.00,       0,  0.00,       0,  0.00
  79,-434.00,       0,  0.00,       0,  0.00,       0,  0.00
  80,-433.00,       0,  0.00,       0,  0.00,       0,  0.00
  81,-432.00,       0,  0.00,       0,  0.00,       0,  0.00
  82,-431.00,       0,  0.00,       0,  0.00,       0,  0.00
  83,-430.00,       0,  0.00,       0,  0.00,       0,  0.00
  84,-429.00,       0,  0.00,       0,  0.00,       0,  0.00
  85,-428.00,       0,  0.00,       0,  0.00,       0,  0.00
  86,-427.00,       0,  0.00,       0,  0.00,       0,  0.00
  87,-426.00,       0,  0.00,       0,  0.00,       0,  0.00
  88,-425.00,       0,  0.00,       0,  0.00,       0,  0.00
  89,-424.00,       0,  0.00,       0,  0.00,       0,  0.00
  90,-423.00,       0,  0.00,       0,  0.00,       0,  0.00
  91,-422.00,       0,  0.00,       0,  0.00,       0,  0.00
  92,-421.00,       0,  0.00,       0,  0.00,       0,  0.00
  93,-420.00,       0,  0.00,       0,  0.00,       0,  0.00
  94,-419.00,       0,  0.00,       0,  0.00,       0,  0.00
  95,-418.00,       0,  0.00,       0,  0.00,       0,  0.00
  96,-417.00,       0,  0.00,       0,  0.00,       0,  0.00
  97,-416.00,       0,  0.00,       0,  0.00,       0,  0.00
  98,-415.00,       0,  0.00,       0,  0.00,       0,  0.00
  99,-414.00,       0,  0.00,       0,  0.00,       0,  0.00
 100,-413.00,       0,  0.00,       0,  0.00,       0,  0.00
 101,-412.00,       0,  0.00,       0,  0.00,       0,  0.00
 102,-411.00,       0,  0.00,       0,  0.00,       0,  0.00
 103,-410.00,       0,  0.00,       0,  0.00,       0,  0.00
 104,-409.00,       0,  0.00,       0,  0.00,       0,  0.00
 105,-408.00,       0,  0.00,       0,  0.00,       0,  0.00
 106,-407.00,       0,  0.00,       0,  0.00,       0,  0.00
 107,-406.00,       0,  0.00,       0,  0.00,       0,  0.00
 108,-405.00,       0,  0.00,       0,  0.00,       0,  0.00
 109,-404.00,       0,  0.00,       0,  0.00,       0,  0.00
 110,-403.00,       0,  0.00,       0,  0.00,       0,  0.00
 111,-402.00,       0,  0.00,       0,  0.00,       0,  0.00
 112,-401.00,       0,  0.00,       0,  0.00,       0,  0.00
 113,-400.00,       0,  0.00,       0,  0.00,       0,  0.00
 114,-399.00,       0,  0.00,       0,  0.00,       0,  0.00
 115,-398.00,       0,  0.00,       0,  0.00,       0,  0.00
 116,-397.00,    -965, -0.10,   -7819, -1.59,    6854,  1.39
 117,-396.00,   -2433, -0.24,   -8677, -1.77,    6244,  1.27
 118,-395.00,   -2596, -0.26,   -8570, -1.74,    5974,  1.22
 119,-394.00,   -2740, -0.27,   -8400, -1.71,    5660,  1.15
 120,-393.00,   -2903, -0.29,   -8740, -1.78,    5837,  1.19
 121,-392.00,   -2502, -0.25,   -8571, -1.74,    6069,  1.23
 122,-391.00,   -2480, -0.25,   -8677, -1.77,    6197,  1.26
 123,-390.00,   -2476, -0.25,   -8834, -1.80,    6358,  1.29
 124,-389.00,   -2543, -0.25,   -8981, -1.83,    6438,  1.31
 125,-388.00,   -1477, -0.15,   -8356, -1.70,    6879,  1.40
 126,-387.00,     426,  0.04,   -7341, -1.49,    7767,  1.58
 127,-386.00,    1648,  0.16,   -7000, -1.42,    8648,  1.76
 128,-385.00,    3164,  0.32,   -6196, -1.26,    9360,  1.90
 129,-384.00,    4500,  0.45,   -5326, -1.08,    9826,  2.00
 130,-383.00,    4637,  0.46,   -5253, -1.07,    9890,  2.01
 131,-382.00,    4506,  0.45,   -5417, -1.10,    9923,  2.02
 132,-381.00,    4777,  0.48,   -5215, -1.06,    9992,  2.03
 133,-380.00,    5727,  0.57,   -4345, -0.88,   10072,  2.05
 134,-379.00,    6975,  0.70,   -3273, -0.67,   10248,  2.09
 135,-378.00,    8675,  0.87,   -1914, -0.39,   10589,  2.15
 136,-377.00,    9482,  0.95,   -1342, -0.27,   10824,  2.20
 137,-376.00,    9615,  0.96,    -990, -0.20,   10605,  2.16
 138,-375.00,    9093,  0.91,    -674, -0.14,    9767,  1.99
 139,-374.00,    8134,  0.81,    -580, -0.12,    8714,  1.77
 140,-373.00,    7710,  0.77,    -962, -0.20,    8672,  1.76
 141,-372.00,    7738,  0.77,   -1551, -0.32,    9289,  1.89
 142,-371.00,    7596,  0.76,   -1987, -0.40,    9583,  1.95
 143,-370.00,    6708,  0.67,   -2543, -0.52,    9251,  1.88
 144,-369.00,    5775,  0.58,   -3243, -0.66,    9018,  1.83
 145,-368.00,    4709,  0.47,   -3427, -0.70,    8136,  1.66
 146,-367.00,    4353,  0.44,   -3387, -0.69,    7740,  1.57
 147,-366.00,    3754,  0.38,   -3724, -0.76,    7478,  1.52
 148,-365.00,    3021,  0.30,   -4135, -0.84,    7156,  1.46
 149,-364.00,    2708,  0.27,   -4455, -0.91,    7163,  1.46
 150,-363.00,    1920,  0.19,   -4752, -0.97,    6672,  1.36
 151,-362.00,     448,  0.04,   -5428, -1.10,    5876,  1.20
 152,-361.00,   -1122, -0.11,   -6171, -1.26,    5049,  1.03
 153,-360.00,   -2104, -0.21,   -5787, -1.18,    3683,  0.75
 154,-359.00,   -2208, -0.22,   -6032, -1.23,    3824,  0.78
 155,-358.00,   -2587, -0.26,   -5992, -1.22,    3405,  0.69
 156,-357.00,   -2898, -0.29,   -5947, -1.21,    3049,  0.62
 157,-356.00,   -3741, -0.37,   -6209, -1.26,    2468,  0.50
 158,-355.00,   -4711, -0.47,   -6477, -1.32,    1766,  0.36
 159,-354.00,   -5907, -0.59,   -6660, -1.36,     753,  0.15
 160,-353.00,   -6335, -0.63,   -6373, -1.30,      38,  0.00
 161,-352.00,   -6045, -0.60,   -6333, -1.29,     288,  0.06
 162,-351.00,   -6646, -0.67,   -6931, -1.41,     285,  0.06
 163,-350.00,   -7709, -0.77,   -8118, -1.65,     409,  0.08
 164,-349.00,   -8424, -0.84,   -9138, -1.86,     714,  0.15
 165,-348.00,   -9494, -0.95,  -10665, -2.17,    1171,  0.24
 166,-347.00,   -8619, -0.86,  -10789, -2.20,    2170,  0.44
 167,-346.00,   -7712, -0.77,  -11075, -2.25,    3363,  0.68
 168,-345.00,   -7649, -0.77,  -11606, -2.36,    3957,  0.81
 169,-344.00,   -8170, -0.82,  -12429, -2.53,    4259,  0.87
 170,-343.00,   -7624, -0.76,  -12677, -2.58,    5053,  1.03
 171,-342.00,   -6678, -0.67,  -12719, -2.59,    6041,  1.23
 172,-341.00,   -6005, -0.60,  -12834, -2.61,    6829,  1.39
 173,-340.00,   -4802, -0.48,  -12730, -2.59,    7928,  1.61
 174,-339.00,   -4329, -0.43,  -13257, -2.70,    8928,  1.82
 175,-338.00,   -3610, -0.36,  -13558, -2.76,    9948,  2.02
 176,-337.00,   -2813, -0.28,  -13799, -2.81,   10986,  2.24
 177,-336.00,   -2492, -0.25,  -14405, -2.93,   11913,  2.42
 178,-335.00,   -2079, -0.21,  -14877, -3.03,   12798,  2.60
 179,-334.00,   -1358, -0.14,  -14739, -3.00,   13381,  2.72
 180,-333.00,   -1265, -0.13,  -14939, -3.04,   13674,  2.78
 181,-332.00,    -102, -0.01,  -14390, -2.93,   14288,  2.91
 182,-331.00,    1530,  0.15,  -13606, -2.77,   15136,  3.08
 183,-330.00,    2696,  0.27,  -13232, -2.69,   15928,  3.24
 184,-329.00,    3573,  0.36,  -12858, -2.62,   16431,  3.34
 185,-328.00,    3949,  0.40,  -12775, -2.60,   16724,  3.40
 186,-327.00,    3663,  0.37,  -13152, -2.68,   16815,  3.42
 187,-326.00,    3698,  0.37,  -13090, -2.66,   16788,  3.42
 188,-325.00,    4412,  0.44,  -12125, -2.47,   16537,  3.36
 189,-324.00,    5350,  0.54,  -11347, -2.31,   16697,  3.40
 190,-323.00,    6461,  0.65,  -10801, -2.20,   17262,  3.51
 191,-322.00,    6961,  0.70,  -10408, -2.12,   17369,  3.53
 192,-321.00,    7870,  0.79,   -9393, -1.91,   17263,  3.51
 193,-320.00,    9095,  0.91,   -8261, -1.68,   17356,  3.53
 194,-319.00,    9679,  0.97,   -7648, -1.56,   17327,  3.53
 195,-318.00,    9366,  0.94,   -7830, -1.59,   17196,  3.50
 196,-317.00,    8665,  0.87,   -8019, -1.63,   16684,  3.39
 197,-316.00,    8999,  0.90,   -7378, -1.50,   16377,  3.33
 198,-315.00,   10573,  1.06,   -6098, -1.24,   16671,  3.39
 199,-314.00,   11679,  1.17,   -5183, -1.05,   16862,  3.43
 200,-313.00,   11563,  1.16,   -4938, -1.00,   16501,  3.36
 201,-312.00,   10355,  1.04,   -5459, -1.11,   15814,  3.22
 202,-311.00,    9187,  0.92,   -6060, -1.23,   15247,  3.10
 203,-310.00,    8498,  0.85,   -6392, -1.30,   14890,  3.03
 204,-309.00,    8441,  0.84,   -6253, -1.27,   14694,  2.99
 205,-308.00,    7935,  0.79,   -6384, -1.30,   14319,  2.91
 206,-307.00,    7717,  0.77,   -6594, -1.34,   14311,  2.91
 207,-306.00,    7777,  0.78,   -6373, -1.30,   14150,  2.88
 208,-305.00,    6578,  0.66,   -6675, -1.36,   13253,  2.70
 209,-304.00,    5372,  0.54,   -6766, -1.38,   12138,  2.47
 210,-303.00,    4878,  0.49,   -6563, -1.34,   11441,  2.33
 211,-302.00,    4250,  0.43,   -6868, -1.40,   11118,  2.26
 212,-301.00,    2978,  0.30,   -7651, -1.56,   10629,  2.16
 213,-300.00,    2828,  0.28,   -7473, -1.52,   10301,  2.10
 214,-299.00,    2665,  0.27,   -7132, -1.45,    9797,  1.99
 215,-298.00,    1910,  0.19,   -7312, -1.49,    9222,  1.88
 216,-297.00,    1099,  0.11,   -7702, -1.57,    8801,  1.79
 217,-296.00,    -172, -0.02,   -8365, -1.70,    8193,  1.67
 218,-295.00,    -645, -0.06,   -8527, -1.73,    7882,  1.60
 219,-294.00,    -723, -0.07,   -8423, -1.71,    7700,  1.57
 220,-293.00,    -139, -0.01,   -7762, -1.58,    7623,  1.55
 221,-292.00,      91,  0.00,   -7603, -1.55,    7694,  1.57
 222,-291.00,     673,  0.07,   -7052, -1.43,    7725,  1.57
 223,-290.00,    1132,  0.11,   -6567, -1.34,    7699,  1.57
 224,-289.00,     890,  0.09,   -6444, -1.31,    7334,  1.49
 225,-288.00,    1256,  0.13,   -5788, -1.18,    7044,  1.43
 226,-287.00,    1700,  0.17,   -5638, -1.15,    7338,  1.49
 227,-286.00,    2078,  0.21,   -5713, -1.16,    7791,  1.59
 228,-285.00,    2862,  0.29,   -5171, -1.05,    8033,  1.63
 229,-284.00,    3285,  0.33,   -4692, -0.95,    7977,  1.62
 230,-283.00,    3483,  0.35,   -4333, -0.88,    7816,  1.59
 231,-282.00,    3209,  0.32,   -4648, -0.95,    7857,  1.60
 232,-281.00,    2603,  0.26,   -5366, -1.09,    7969,  1.62
 233,-280.00,    3129,  0.31,   -5091, -1.04,    8220,  1.67
 234,-279.00,    2833,  0.28,   -5541, -1.13,    8374,  1.70
 235,-278.00,    2698,  0.27,   -5767, -1.17,    8465,  1.72
 236,-277.00,    3576,  0.36,   -5167, -1.05,    8743,  1.78
 237,-276.00,    4213,  0.42,   -4796, -0.98,    9009,  1.83
 238,-275.00,    4480,  0.45,   -4813, -0.98,    9293,  1.89
 239,-274.00,    5137,  0.51,   -4650, -0.95,    9787,  1.99
 240,-273.00,    5751,  0.58,   -4473, -0.91,   10224,  2.08
 241,-272.00,    5742,  0.57,   -4158, -0.85,    9900,  2.01
 242,-271.00,    5852,  0.59,   -3663, -0.75,    9515,  1.94
 243,-270.00,    6712,  0.67,   -2922, -0.59,    9634,  1.96
 244,-269.00,    7808,  0.78,   -2271, -0.46,   10079,  2.05
 245,-268.00,    8444,  0.84,   -1791, -0.36,   10235,  2.08
 246,-267.00,    8496,  0.85,   -1653, -0.34,   10149,  2.06
 247,-266.00,    8192,  0.82,   -1616, -0.33,    9808,  2.00
 248,-265.00,    8156,  0.82,   -1211, -0.25,    9367,  1.91
 249,-264.00,    7266,  0.73,   -1623, -0.33,    8889,  1.81
 250,-263.00,    6762,  0.68,   -1896, -0.39,    8658,  1.76
 251,-262.00,    6652,  0.67,   -1809, -0.37,    8461,  1.72
 252,-261.00,    6189,  0.62,   -1998, -0.41,    8187,  1.67
 253,-260.00,    5201,  0.52,   -2180, -0.44,    7381,  1.50
 254,-259.00,    4937,  0.49,   -2475, -0.50,    7412,  1.51
 255,-258.00,    5348,  0.54,   -2640, -0.54,    7988,  1.63
 256,-257.00,    4558,  0.46,   -2862, -0.58,    7420,  1.51
 257,-256.00,    3895,  0.39,   -2733, -0.56,    6628,  1.35
 258,-255.00,    3278,  0.33,   -2556, -0.52,    5834,  1.19
 259,-254.00,    2613,  0.26,   -2409, -0.49,    5022,  1.02
 260,-253.00,    1656,  0.17,   -2609, -0.53,    4265,  0.87
 261,-252.00,     694,  0.07,   -2895, -0.59,    3589,  0.73
 262,-251.00,      95,  0.00,   -3058, -0.62,    3153,  0.64
 263,-250.00,     124,  0.01,   -3116, -0.63,    3240,  0.66
 264,-249.00,    -469, -0.05,   -3019, -0.61,    2550,  0.52
 265,-248.00,   -1024, -0.10,   -3133, -0.64,    2109,  0.43
 266,-247.00,   -1683, -0.17,   -3463, -0.70,    1780,  0.36
 267,-246.00,   -2226, -0.22,   -4073, -0.83,    1847,  0.38
 268,-245.00,   -2874, -0.29,   -4467, -0.91,    1593,  0.32
 269,-244.00,   -3553, -0.36,   -4985, -1.01,    1432,  0.29
 270,-243.00,   -4455, -0.45,   -5760, -1.17,    1305,  0.27
 271,-242.00,   -5582, -0.56,   -6871, -1.40,    1289,  0.26
 272,-241.00,   -5505, -0.55,   -7069, -1.44,    1564,  0.32
 273,-240.00,   -6039, -0.60,   -7706, -1.57,    1667,  0.34
 274,-239.00,   -6123, -0.61,   -7488, -1.52,    1365,  0.28
 275,-238.00,   -6267, -0.63,   -7217, -1.47,     950,  0.19
 276,-237.00,   -7080, -0.71,   -7555, -1.54,     475,  0.10
 277,-236.00,   -7325, -0.73,   -7885, -1.60,     560,  0.11
 278,-235.00,   -7736, -0.77,   -8866, -1.80,    1130,  0.23
 279,-234.00,   -7140, -0.71,   -8801, -1.79,    1661,  0.34
 280,-233.00,   -6707, -0.67,   -8831, -1.80,    2124,  0.43
 281,-232.00,   -6473, -0.65,   -9201, -1.87,    2728,  0.56
 282,-231.00,   -6484, -0.65,   -9500, -1.93,    3016,  0.61
 283,-230.00,   -7214, -0.72,  -10156, -2.07,    2942,  0.60
 284,-229.00,   -8161, -0.82,  -10837, -2.20,    2676,  0.54
 285,-228.00,   -8945, -0.90,  -10872, -2.21,    1927,  0.39
 286,-227.00,   -9302, -0.93,  -10444, -2.12,    1142,  0.23
 287,-226.00,   -9750, -0.98,  -10575, -2.15,     825,  0.17
 288,-225.00,   -9946, -1.00,  -11106, -2.26,    1160,  0.24
 289,-224.00,  -10238, -1.02,  -11485, -2.34,    1247,  0.25
 290,-223.00,  -11313, -1.13,  -12088, -2.46,     775,  0.16
 291,-222.00,  -11464, -1.15,  -12188, -2.48,     724,  0.15
 292,-221.00,  -11120, -1.11,  -12020, -2.45,     900,  0.18
 293,-220.00,  -11375, -1.14,  -12511, -2.55,    1136,  0.23
 294,-219.00,  -12028, -1.20,  -13185, -2.68,    1157,  0.24
 295,-218.00,  -12664, -1.27,  -13537, -2.75,     873,  0.18
 296,-217.00,  -12955, -1.30,  -13805, -2.81,     850,  0.17
 297,-216.00,  -13166, -1.32,  -14199, -2.89,    1033,  0.21
 298,-215.00,  -13614, -1.36,  -14504, -2.95,     890,  0.18
 299,-214.00,  -13854, -1.39,  -14318, -2.91,     464,  0.09
 300,-213.00,  -13966, -1.40,  -13952, -2.84,     -14, -0.00
 301,-212.00,  -13519, -1.35,  -13362, -2.72,    -157, -0.03
 302,-211.00,  -13047, -1.31,  -13116, -2.67,      69,  0.01
 303,-210.00,  -12530, -1.25,  -12839, -2.61,     309,  0.06
 304,-209.00,  -11530, -1.15,  -11955, -2.43,     425,  0.09
 305,-208.00,   -9758, -0.98,  -10649, -2.17,     891,  0.18
 306,-207.00,   -9014, -0.90,  -10495, -2.14,    1481,  0.30
 307,-206.00,   -8947, -0.90,  -10675, -2.17,    1728,  0.35
 308,-205.00,   -8589, -0.86,  -10516, -2.14,    1927,  0.39
 309,-204.00,   -8521, -0.85,  -10456, -2.13,    1935,  0.39
 310,-203.00,   -8174, -0.82,  -10063, -2.05,    1889,  0.38
 311,-202.00,   -7609, -0.76,   -9365, -1.91,    1756,  0.36
 312,-201.00,   -7502, -0.75,   -8946, -1.82,    1444,  0.29
 313,-200.00,   -7473, -0.75,   -8629, -1.76,    1156,  0.24
 314,-199.00,   -7825, -0.78,   -8603, -1.75,     778,  0.16
 315,-198.00,   -7771, -0.78,   -8347, -1.70,     576,  0.12
 316,-197.00,   -7869, -0.79,   -8256, -1.68,     387,  0.08
 317,-196.00,   -9002, -0.90,   -8917, -1.81,     -85, -0.02
 318,-195.00,  -10146, -1.02,   -9777, -1.99,    -369, -0.08
 319,-194.00,  -10810, -1.08,   -9934, -2.02,    -876, -0.18
 320,-193.00,  -11375, -1.14,  -10012, -2.04,   -1363, -0.28
 321,-192.00,  -11183, -1.12,  -10207, -2.08,    -976, -0.20
 322,-191.00,  -10462, -1.05,   -9949, -2.02,    -513, -0.10
 323,-190.00,   -9962, -1.00,   -9652, -1.96,    -310, -0.06
 324,-189.00,   -9713, -0.97,   -9105, -1.85,    -608, -0.12
 325,-188.00,   -8851, -0.89,   -8123, -1.65,    -728, -0.15
 326,-187.00,   -7094, -0.71,   -6517, -1.33,    -577, -0.12
 327,-186.00,   -5919, -0.59,   -5467, -1.11,    -452, -0.09
 328,-185.00,   -4938, -0.49,   -4526, -0.92,    -412, -0.08
 329,-184.00,   -3572, -0.36,   -3190, -0.65,    -382, -0.08
 330,-183.00,   -1851, -0.19,   -1640, -0.33,    -211, -0.04
 331,-182.00,    -463, -0.05,    -295, -0.06,    -168, -0.03
 332,-181.00,    1309,  0.13,    1388,  0.28,     -79, -0.02
 333,-180.00,    2965,  0.30,    2692,  0.55,     273,  0.06
 334,-179.00,    3787,  0.38,    3298,  0.67,     489,  0.10
 335,-178.00,    4411,  0.44,    4346,  0.88,      65,  0.01
 336,-177.00,    5129,  0.51,    5396,  1.10,    -267, -0.05
 337,-176.00,    5326,  0.53,    5903,  1.20,    -577, -0.12
 338,-175.00,    5229,  0.52,    6018,  1.22,    -789, -0.16
 339,-174.00,    5252,  0.53,    5821,  1.18,    -569, -0.12
 340,-173.00,    5298,  0.53,    5694,  1.16,    -396, -0.08
 341,-172.00,    4456,  0.45,    5423,  1.10,    -967, -0.20
 342,-171.00,    3475,  0.35,    5066,  1.03,   -1591, -0.32
 343,-170.00,    2422,  0.24,    4615,  0.94,   -2193, -0.45
 344,-169.00,    1859,  0.19,    4777,  0.97,   -2918, -0.59
 345,-168.00,    1525,  0.15,    5375,  1.09,   -3850, -0.78
 346,-167.00,     853,  0.09,    5522,  1.12,   -4669, -0.95
 347,-166.00,     220,  0.02,    5681,  1.16,   -5461, -1.11
 348,-165.00,    -541, -0.05,    5691,  1.16,   -6232, -1.27
 349,-164.00,   -1426, -0.14,    5415,  1.10,   -6841, -1.39
 350,-163.00,   -1846, -0.18,    5540,  1.13,   -7386, -1.50
 351,-162.00,   -3074, -0.31,    5147,  1.05,   -8221, -1.67
 352,-161.00,   -4247, -0.42,    5059,  1.03,   -9306, -1.89
 353,-160.00,   -4950, -0.50,    5347,  1.09,  -10297, -2.09
 354,-159.00,   -5357, -0.54,    5860,  1.19,  -11217, -2.28
 355,-158.00,   -6083, -0.61,    6003,  1.22,  -12086, -2.46
 356,-157.00,   -7114, -0.71,    5728,  1.17,  -12842, -2.61
 357,-156.00,   -9077, -0.91,    5004,  1.02,  -14081, -2.86
 358,-155.00,  -11132, -1.11,    4159,  0.85,  -15291, -3.11
 359,-154.00,  -12683, -1.27,    3477,  0.71,  -16160, -3.29
 360,-153.00,  -13264, -1.33,    3304,  0.67,  -16568, -3.37
 361,-152.00,  -14949, -1.50,    2327,  0.47,  -17276, -3.51
 362,-151.00,  -16875, -1.69,    1314,  0.27,  -18189, -3.70
 363,-150.00,  -17942, -1.80,     858,  0.17,  -18800, -3.82
 364,-149.00,  -18480, -1.85,     661,  0.13,  -19141, -3.89
 365,-148.00,  -19498, -1.95,      72,  0.01,  -19570, -3.98
 366,-147.00,  -21225, -2.12,    -980, -0.20,  -20245, -4.12
 367,-146.00,  -22803, -2.28,   -2002, -0.41,  -20801, -4.23
 368,-145.00,  -24354, -2.44,   -3129, -0.64,  -21225, -4.32
 369,-144.00,  -25341, -2.54,   -3854, -0.78,  -21487, -4.37
 370,-143.00,  -24716, -2.47,   -2884, -0.59,  -21832, -4.44
 371,-142.00,  -24688, -2.47,   -2611, -0.53,  -22077, -4.49
 372,-141.00,  -25664, -2.57,   -3222, -0.66,  -22442, -4.57
 373,-140.00,  -25824, -2.58,   -3337, -0.68,  -22487, -4.58
 374,-139.00,  -25208, -2.52,   -3173, -0.65,  -22035, -4.48
 375,-138.00,  -24974, -2.50,   -3406, -0.69,  -21568, -4.39
 376,-137.00,  -24932, -2.49,   -3907, -0.79,  -21025, -4.28
 377,-136.00,  -24918, -2.49,   -4231, -0.86,  -20687, -4.21
 378,-135.00,  -24055, -2.41,   -3786, -0.77,  -20269, -4.12
 379,-134.00,  -23220, -2.32,   -3687, -0.75,  -19533, -3.97
 380,-133.00,  -22816, -2.28,   -4215, -0.86,  -18601, -3.78
 381,-132.00,  -22732, -2.27,   -4703, -0.96,  -18029, -3.67
 382,-131.00,  -22984, -2.30,   -4919, -1.00,  -18065, -3.68
 383,-130.00,  -23761, -2.38,   -5269, -1.07,  -18492, -3.76
 384,-129.00,  -24374, -2.44,   -5507, -1.12,  -18867, -3.84
 385,-128.00,  -24075, -2.41,   -5136, -1.04,  -18939, -3.85
 386,-127.00,  -24094, -2.41,   -5219, -1.06,  -18875, -3.84
 387,-126.00,  -23894, -2.39,   -5046, -1.03,  -18848, -3.83
 388,-125.00,  -23335, -2.33,   -4661, -0.95,  -18674, -3.80
 389,-124.00,  -23558, -2.36,   -4862, -0.99,  -18696, -3.80
 390,-123.00,  -24653, -2.47,   -5861, -1.19,  -18792, -3.82
 391,-122.00,  -25277, -2.53,   -6500, -1.32,  -18777, -3.82
 392,-121.00,  -25006, -2.50,   -6374, -1.30,  -18632, -3.79
 393,-120.00,  -24625, -2.46,   -6194, -1.26,  -18431, -3.75
 394,-119.00,  -24566, -2.46,   -6334, -1.29,  -18232, -3.71
 395,-118.00,  -25674, -2.57,   -7341, -1.49,  -18333, -3.73
 396,-117.00,  -27045, -2.71,   -8301, -1.69,  -18744, -3.81
 397,-116.00,  -27983, -2.80,   -8800, -1.79,  -19183, -3.90
 398,-115.00,  -28822, -2.88,   -9413, -1.92,  -19409, -3.95
 399,-114.00,  -29156, -2.92,   -9919, -2.02,  -19237, -3.91
 400,-113.00,  -28373, -2.84,   -9838, -2.00,  -18535, -3.77
 401,-112.00,  -27931, -2.79,  -10131, -2.06,  -17800, -3.62
 402,-111.00,  -27434, -2.75,  -10470, -2.13,  -16964, -3.45
 403,-110.00,  -26665, -2.67,  -10906, -2.22,  -15759, -3.21
 404,-109.00,  -26321, -2.63,  -11327, -2.30,  -14994, -3.05
 405,-108.00,  -26150, -2.62,  -11566, -2.35,  -14584, -2.97
 406,-107.00,  -26043, -2.61,  -11984, -2.44,  -14059, -2.86
 407,-106.00,  -25371, -2.54,  -12190, -2.48,  -13181, -2.68
 408,-105.00,  -25584, -2.56,  -12874, -2.62,  -12710, -2.59
 409,-104.00,  -25686, -2.57,  -13075, -2.66,  -12611, -2.57
 410,-103.00,  -25344, -2.54,  -12971, -2.64,  -12373, -2.52
 411,-102.00,  -24832, -2.48,  -12887, -2.62,  -11945, -2.43
 412,-101.00,  -24415, -2.44,  -13003, -2.65,  -11412, -2.32
 413,-100.00,  -23778, -2.38,  -12935, -2.63,  -10843, -2.21
 414,-99.00,  -23218, -2.32,  -12915, -2.63,  -10303, -2.10
 415,-98.00,  -22843, -2.29,  -13075, -2.66,   -9768, -1.99
 416,-97.00,  -22444, -2.25,  -13354, -2.72,   -9090, -1.85
 417,-96.00,  -22049, -2.21,  -13298, -2.71,   -8751, -1.78
 418,-95.00,  -21651, -2.17,  -13402, -2.73,   -8249, -1.68
 419,-94.00,  -21247, -2.13,  -13562, -2.76,   -7685, -1.56
 420,-93.00,  -21109, -2.11,  -13580, -2.76,   -7529, -1.53
 421,-92.00,  -21237, -2.12,  -13549, -2.76,   -7688, -1.56
 422,-91.00,  -22195, -2.22,  -13811, -2.81,   -8384, -1.71
 423,-90.00,  -22590, -2.26,  -14075, -2.86,   -8515, -1.73
 424,-89.00,  -21266, -2.13,  -13340, -2.71,   -7926, -1.61
 425,-88.00,  -19622, -1.96,  -12956, -2.64,   -6666, -1.36
 426,-87.00,  -18138, -1.81,  -12711, -2.59,   -5427, -1.10
 427,-86.00,  -17303, -1.73,  -12687, -2.58,   -4616, -0.94
 428,-85.00,  -16795, -1.68,  -12806, -2.61,   -3989, -0.81
 429,-84.00,  -15473, -1.55,  -12310, -2.50,   -3163, -0.64
 430,-83.00,  -14948, -1.50,  -12237, -2.49,   -2711, -0.55
 431,-82.00,  -15022, -1.50,  -12209, -2.48,   -2813, -0.57
 432,-81.00,  -15511, -1.55,  -12307, -2.50,   -3204, -0.65
 433,-80.00,  -16306, -1.63,  -12966, -2.64,   -3340, -0.68
 434,-79.00,  -15682, -1.57,  -12250, -2.49,   -3432, -0.70
 435,-78.00,  -14660, -1.47,  -11459, -2.33,   -3201, -0.65
 436,-77.00,  -14595, -1.46,  -11539, -2.35,   -3056, -0.62
 437,-76.00,  -14914, -1.49,  -12239, -2.49,   -2675, -0.54
 438,-75.00,  -15035, -1.50,  -12876, -2.62,   -2159, -0.44
 439,-74.00,  -14474, -1.45,  -12651, -2.57,   -1823, -0.37
 440,-73.00,  -13933, -1.39,  -12190, -2.48,   -1743, -0.35
 441,-72.00,  -14057, -1.41,  -12199, -2.48,   -1858, -0.38
 442,-71.00,  -13761, -1.38,  -12061, -2.45,   -1700, -0.35
 443,-70.00,  -13662, -1.37,  -11998, -2.44,   -1664, -0.34
 444,-69.00,  -13406, -1.34,  -11843, -2.41,   -1563, -0.32
 445,-68.00,  -12568, -1.26,  -11550, -2.35,   -1018, -0.21
 446,-67.00,  -11008, -1.10,  -11163, -2.27,     155,  0.03
 447,-66.00,  -10142, -1.01,  -11323, -2.30,    1181,  0.24
 448,-65.00,  -10185, -1.02,  -11835, -2.41,    1650,  0.34
 449,-64.00,   -9877, -0.99,  -12078, -2.46,    2201,  0.45
 450,-63.00,   -9946, -1.00,  -12831, -2.61,    2885,  0.59
 451,-62.00,   -9980, -1.00,  -13612, -2.77,    3632,  0.74
 452,-61.00,   -9712, -0.97,  -13852, -2.82,    4140,  0.84
 453,-60.00,   -9304, -0.93,  -13839, -2.82,    4535,  0.92
 454,-59.00,   -8305, -0.83,  -13450, -2.74,    5145,  1.05
 455,-58.00,   -8156, -0.82,  -13534, -2.75,    5378,  1.09
 456,-57.00,   -8807, -0.88,  -14005, -2.85,    5198,  1.06
 457,-56.00,   -9544, -0.95,  -14216, -2.89,    4672,  0.95
 458,-55.00,   -9784, -0.98,  -13764, -2.80,    3980,  0.81
 459,-54.00,   -9240, -0.92,  -13019, -2.65,    3779,  0.77
 460,-53.00,   -8661, -0.87,  -12515, -2.55,    3854,  0.78
 461,-52.00,   -8772, -0.88,  -12435, -2.53,    3663,  0.75
 462,-51.00,   -9277, -0.93,  -12188, -2.48,    2911,  0.59
 463,-50.00,   -9033, -0.90,  -11836, -2.41,    2803,  0.57
 464,-49.00,   -8440, -0.84,  -11431, -2.33,    2991,  0.61
 465,-48.00,   -8138, -0.81,  -10902, -2.22,    2764,  0.56
 466,-47.00,   -8219, -0.82,  -10483, -2.13,    2264,  0.46
 467,-46.00,   -8779, -0.88,  -10719, -2.18,    1940,  0.39
 468,-45.00,   -8699, -0.87,  -10825, -2.20,    2126,  0.43
 469,-44.00,   -8085, -0.81,  -10460, -2.13,    2375,  0.48
 470,-43.00,   -8375, -0.84,  -10808, -2.20,    2433,  0.50
 471,-42.00,   -9320, -0.93,  -11332, -2.31,    2012,  0.41
 472,-41.00,   -9702, -0.97,  -11560, -2.35,    1858,  0.38
 473,-40.00,  -10746, -1.08,  -11943, -2.43,    1197,  0.24
 474,-39.00,  -10431, -1.04,  -12506, -2.54,    2075,  0.42
 475,-38.00,   -8690, -0.87,  -12493, -2.54,    3803,  0.77
 476,-37.00,   -8161, -0.82,  -12674, -2.58,    4513,  0.92
 477,-36.00,   -8302, -0.83,  -12988, -2.64,    4686,  0.95
 478,-35.00,   -7991, -0.80,  -13411, -2.73,    5420,  1.10
 479,-34.00,   -6409, -0.64,  -13667, -2.78,    7258,  1.48
 480,-33.00,   -4755, -0.48,  -13254, -2.70,    8499,  1.73
 481,-32.00,   -4261, -0.43,  -13375, -2.72,    9114,  1.85
 482,-31.00,   -3568, -0.36,  -13324, -2.71,    9756,  1.98
 483,-30.00,   -3020, -0.30,  -13483, -2.74,   10463,  2.13
 484,-29.00,   -1822, -0.18,  -13168, -2.68,   11346,  2.31
 485,-28.00,    -564, -0.06,  -12796, -2.60,   12232,  2.49
 486,-27.00,    1123,  0.11,  -11849, -2.41,   12972,  2.64
 487,-26.00,    1812,  0.18,  -11435, -2.33,   13247,  2.70
 488,-25.00,    2199,  0.22,  -11177, -2.27,   13376,  2.72
 489,-24.00,    3163,  0.32,   -9843, -2.00,   13006,  2.65
 490,-23.00,    3152,  0.32,   -9249, -1.88,   12401,  2.52
 491,-22.00,    3654,  0.37,   -8770, -1.78,   12424,  2.53
 492,-21.00,    4481,  0.45,   -8229, -1.67,   12710,  2.59
 493,-20.00,    4984,  0.50,   -7645, -1.56,   12629,  2.57
 494,-19.00,    5842,  0.58,   -6363, -1.29,   12205,  2.48
 495,-18.00,    6897,  0.69,   -5189, -1.06,   12086,  2.46
 496,-17.00,    6965,  0.70,   -4421, -0.90,   11386,  2.32
 497,-16.00,    7482,  0.75,   -2823, -0.57,   10305,  2.10
 498,-15.00,    8491,  0.85,    -904, -0.18,    9395,  1.91
 499,-14.00,    9340,  0.93,     613,  0.12,    8727,  1.78
 500,-13.00,   10578,  1.06,    2377,  0.48,    8201,  1.67
 501,-12.00,   11905,  1.19,    3590,  0.73,    8315,  1.69
 502,-11.00,   13311,  1.33,    4933,  1.00,    8378,  1.70
 503,-10.00,   15122,  1.51,    7030,  1.43,    8092,  1.65
 504,-9.00,   17447,  1.75,    9325,  1.90,    8122,  1.65
 505,-8.00,   18711,  1.87,   11329,  2.30,    7382,  1.50
 506,-7.00,   18551,  1.86,   13127,  2.67,    5424,  1.10
 507,-6.00,   19952,  2.00,   14585,  2.97,    5367,  1.09
 508,-5.00,   22248,  2.23,   16390,  3.33,    5858,  1.19
 509,-4.00,   22889,  2.29,   17938,  3.65,    4951,  1.01
 510,-3.00,   22772,  2.28,   18952,  3.86,    3820,  0.78
 511,-2.00,   22051,  2.21,   20061,  4.08,    1990,  0.40
 512,-1.00,   20462,  2.05,   20673,  4.21,    -211, -0.04
 513,0.00,   18294,  1.83,   20780,  4.23,   -2486, -0.51
 514,1.00,   17525,  1.75,   21443,  4.36,   -3918, -0.80
 515,2.00,   16189,  1.62,   21559,  4.39,   -5370, -1.09
 516,3.00,   15212,  1.52,   22061,  4.49,   -6849, -1.39
 517,4.00,   13491,  1.35,   21743,  4.42,   -8252, -1.68
 518,5.00,   11675,  1.17,   21103,  4.29,   -9428, -1.92
 519,6.00,   10365,  1.04,   21316,  4.34,  -10951, -2.23
 520,7.00,    8206,  0.82,   21011,  4.27,  -12805, -2.61
 521,8.00,    6129,  0.61,   20772,  4.23,  -14643, -2.98
 522,9.00,    5569,  0.56,   21498,  4.37,  -15929, -3.24
 523,10.00,    5146,  0.51,   22225,  4.52,  -17079, -3.47
 524,11.00,    2967,  0.30,   21582,  4.39,  -18615, -3.79
 525,12.00,     993,  0.10,   21956,  4.47,  -20963, -4.27
 526,13.00,    -151, -0.02,   21637,  4.40,  -21788, -4.43
 527,14.00,   -1117, -0.11,   21066,  4.29,  -22183, -4.51
 528,15.00,   -1638, -0.16,   21073,  4.29,  -22711, -4.62
 529,16.00,   -2427, -0.24,   20943,  4.26,  -23370, -4.75
 530,17.00,   -2614, -0.26,   20943,  4.26,  -23557, -4.79
 531,18.00,   -1628, -0.16,   21938,  4.46,  -23566, -4.79
 532,19.00,   -1640, -0.16,   22089,  4.49,  -23729, -4.83
 533,20.00,   -2108, -0.21,   21443,  4.36,  -23551, -4.79
 534,21.00,   -1045, -0.10,   22377,  4.55,  -23422, -4.77
 535,22.00,     197,  0.02,   23565,  4.79,  -23368, -4.75
 536,23.00,     680,  0.07,   23688,  4.82,  -23008, -4.68
 537,24.00,    1582,  0.16,   23139,  4.71,  -21557, -4.39
 538,25.00,    2136,  0.21,   22815,  4.64,  -20679, -4.21
 539,26.00,    3228,  0.32,   23522,  4.79,  -20294, -4.13
 540,27.00,    4000,  0.40,   24064,  4.90,  -20064, -4.08
 541,28.00,    6298,  0.63,   25629,  5.21,  -19331, -3.93
 542,29.00,    6784,  0.68,   26025,  5.29,  -19241, -3.91
 543,30.00,    6614,  0.66,   25531,  5.19,  -18917, -3.85
 544,31.00,    6424,  0.64,   25079,  5.10,  -18655, -3.80
 545,32.00,    5237,  0.52,   24986,  5.08,  -19749, -4.02
 546,33.00,    5525,  0.55,   24854,  5.06,  -19329, -3.93
 547,34.00,    6676,  0.67,   24836,  5.05,  -18160, -3.69
 548,35.00,    7835,  0.78,   25385,  5.16,  -17550, -3.57
 549,36.00,    8437,  0.84,   24850,  5.06,  -16413, -3.34
 550,37.00,    8952,  0.90,   24600,  5.01,  -15648, -3.18
 551,38.00,    8424,  0.84,   23675,  4.82,  -15251, -3.10
 552,39.00,    8136,  0.81,   22897,  4.66,  -14761, -3.00
 553,40.00,    8325,  0.83,   22493,  4.58,  -14168, -2.88
 554,41.00,    8296,  0.83,   21871,  4.45,  -13575, -2.76
 555,42.00,    7991,  0.80,   20853,  4.24,  -12862, -2.62
 556,43.00,    7938,  0.79,   19766,  4.02,  -11828, -2.41
 557,44.00,    7200,  0.72,   18137,  3.69,  -10937, -2.23
 558,45.00,    8037,  0.80,   17867,  3.64,   -9830, -2.00
 559,46.00,    9549,  0.96,   17740,  3.61,   -8191, -1.67
 560,47.00,   11126,  1.11,   17517,  3.56,   -6391, -1.30
 561,48.00,   11797,  1.18,   16823,  3.42,   -5026, -1.02
 562,49.00,   12331,  1.23,   16186,  3.29,   -3855, -0.78
 563,50.00,   13061,  1.31,   15923,  3.24,   -2862, -0.58
 564,51.00,   13660,  1.37,   15468,  3.15,   -1808, -0.37
 565,52.00,   14572,  1.46,   15400,  3.13,    -828, -0.17
 566,53.00,   14803,  1.48,   14969,  3.05,    -166, -0.03
 567,54.00,   15952,  1.60,   14238,  2.90,    1714,  0.35
 568,55.00,   17093,  1.71,   13574,  2.76,    3519,  0.72
 569,56.00,   18309,  1.83,   13495,  2.75,    4814,  0.98
 570,57.00,   19692,  1.97,   13993,  2.85,    5699,  1.16
 571,58.00,   21277,  2.13,   14407,  2.93,    6870,  1.40
 572,59.00,   22677,  2.27,   14553,  2.96,    8124,  1.65
 573,60.00,   24514,  2.45,   14677,  2.99,    9837,  2.00
 574,61.00,   26230,  2.62,   14802,  3.01,   11428,  2.33
 575,62.00,   28097,  2.81,   15197,  3.09,   12900,  2.62
 576,63.00,   28783,  2.88,   14997,  3.05,   13786,  2.80
 577,64.00,   28910,  2.89,   14408,  2.93,   14502,  2.95
 578,65.00,   28859,  2.89,   13964,  2.84,   14895,  3.03
 579,66.00,   28492,  2.85,   13675,  2.78,   14817,  3.01
 580,67.00,   27902,  2.79,   12977,  2.64,   14925,  3.04
 581,68.00,   27847,  2.79,   12605,  2.56,   15242,  3.10
 582,69.00,   27329,  2.73,   11979,  2.44,   15350,  3.12
 583,70.00,   26491,  2.65,   10955,  2.23,   15536,  3.16
 584,71.00,   25208,  2.52,    9879,  2.01,   15329,  3.12
 585,72.00,   23471,  2.35,    9029,  1.84,   14442,  2.94
 586,73.00,   21754,  2.18,    8166,  1.66,   13588,  2.76
 587,74.00,   19390,  1.94,    7056,  1.44,   12334,  2.51
 588,75.00,   18257,  1.83,    5828,  1.19,   12429,  2.53
 589,76.00,   16654,  1.67,    4754,  0.97,   11900,  2.42
 590,77.00,   15792,  1.58,    3804,  0.77,   11988,  2.44
 591,78.00,   14835,  1.48,    2458,  0.50,   12377,  2.52
 592,79.00,   13004,  1.30,     856,  0.17,   12148,  2.47
 593,80.00,   10775,  1.08,    -603, -0.12,   11378,  2.31
 594,81.00,    8693,  0.87,   -1597, -0.32,   10290,  2.09
 595,82.00,    7101,  0.71,   -2756, -0.56,    9857,  2.01
 596,83.00,    5977,  0.60,   -3338, -0.68,    9315,  1.90
 597,84.00,    4911,  0.49,   -3816, -0.78,    8727,  1.78
 598,85.00,    3675,  0.37,   -4200, -0.85,    7875,  1.60
 599,86.00,    2081,  0.21,   -4826, -0.98,    6907,  1.41
 600,87.00,     865,  0.09,   -5560, -1.13,    6425,  1.31
 601,88.00,   -1381, -0.14,   -6692, -1.36,    5311,  1.08
 602,89.00,   -3573, -0.36,   -7901, -1.61,    4328,  0.88
 603,90.00,   -5673, -0.57,   -8839, -1.80,    3166,  0.64
 604,91.00,   -6607, -0.66,   -9211, -1.87,    2604,  0.53
 605,92.00,   -7535, -0.75,   -9690, -1.97,    2155,  0.44
 606,93.00,   -8408, -0.84,   -9761, -1.99,    1353,  0.28
 607,94.00,   -9810, -0.98,   -9817, -2.00,       7,  0.00
 608,95.00,  -11686, -1.17,  -10328, -2.10,   -1358, -0.28
 609,96.00,  -13364, -1.34,  -10828, -2.20,   -2536, -0.52
 610,97.00,  -15114, -1.51,  -11419, -2.32,   -3695, -0.75
 611,98.00,  -16439, -1.64,  -12177, -2.48,   -4262, -0.87
 612,99.00,  -17812, -1.78,  -12864, -2.62,   -4948, -1.01
 613,100.00,  -19842, -1.99,  -13647, -2.78,   -6195, -1.26
 614,101.00,  -21349, -2.14,  -13785, -2.80,   -7564, -1.54
 615,102.00,  -22597, -2.26,  -13697, -2.79,   -8900, -1.81
 616,103.00,  -23881, -2.39,  -13613, -2.77,  -10268, -2.09
 617,104.00,  -24777, -2.48,  -13223, -2.69,  -11554, -2.35
 618,105.00,  -25721, -2.57,  -12864, -2.62,  -12857, -2.62
 619,106.00,  -26851, -2.69,  -12479, -2.54,  -14372, -2.92
 620,107.00,  -27964, -2.80,  -12266, -2.50,  -15698, -3.19
 621,108.00,  -28272, -2.83,  -12079, -2.46,  -16193, -3.29
 622,109.00,  -28565, -2.86,  -11592, -2.36,  -16973, -3.45
 623,110.00,  -29344, -2.94,  -11078, -2.25,  -18266, -3.72
 624,111.00,  -30074, -3.01,  -10752, -2.19,  -19322, -3.93
 625,112.00,  -30217, -3.02,   -9885, -2.01,  -20332, -4.14
 626,113.00,  -29918, -2.99,   -8585, -1.75,  -21333, -4.34
 627,114.00,  -30059, -3.01,   -7926, -1.61,  -22133, -4.50
 628,115.00,  -30385, -3.04,   -7518, -1.53,  -22867, -4.65
 629,116.00,  -30870, -3.09,   -6846, -1.39,  -24024, -4.89
 630,117.00,  -31486, -3.15,   -6298, -1.28,  -25188, -5.12
 631,118.00,  -32430, -3.24,   -5997, -1.22,  -26433, -5.38
 632,119.00,  -32708, -3.27,   -5357, -1.09,  -27351, -5.56
 633,120.00,  -33128, -3.31,   -4826, -0.98,  -28302, -5.76
 634,121.00,  -34450, -3.45,   -4813, -0.98,  -29637, -6.03
 635,122.00,  -35716, -3.57,   -4804, -0.98,  -30912, -6.29
 636,123.00,  -36768, -3.68,   -4801, -0.98,  -31967, -6.50
 637,124.00,  -36794, -3.68,   -4361, -0.89,  -32433, -6.60
 638,125.00,  -36088, -3.61,   -3580, -0.73,  -32508, -6.61
 639,126.00,  -36298, -3.63,   -3331, -0.68,  -32967, -6.71
 640,127.00,  -36184, -3.62,   -2913, -0.59,  -33271, -6.77
 641,128.00,  -35565, -3.56,   -2251, -0.46,  -33314, -6.78
 642,129.00,  -34513, -3.45,   -1259, -0.26,  -33254, -6.77
 643,130.00,  -33101, -3.31,    -190, -0.04,  -32911, -6.70
 644,131.00,  -31939, -3.20,     663,  0.13,  -32602, -6.63
 645,132.00,  -31039, -3.11,    1495,  0.30,  -32534, -6.62
 646,133.00,  -29341, -2.94,    2828,  0.58,  -32169, -6.54
 647,134.00,  -26844, -2.69,    4016,  0.82,  -30860, -6.28
 648,135.00,  -24957, -2.50,    4775,  0.97,  -29732, -6.05
 649,136.00,  -23344, -2.34,    5208,  1.06,  -28552, -5.81
 650,137.00,  -21483, -2.15,    6378,  1.30,  -27861, -5.67
 651,138.00,  -19054, -1.91,    7607,  1.55,  -26661, -5.42
 652,139.00,  -17228, -1.72,    8768,  1.78,  -25996, -5.29
 653,140.00,  -16609, -1.66,    9618,  1.96,  -26227, -5.34
 654,141.00,  -14917, -1.49,    9963,  2.03,  -24880, -5.06
 655,142.00,  -13558, -1.36,   10233,  2.08,  -23791, -4.84
 656,143.00,  -12289, -1.23,   10930,  2.22,  -23219, -4.72
 657,144.00,  -10982, -1.10,   11836,  2.41,  -22818, -4.64
 658,145.00,   -9847, -0.99,   12497,  2.54,  -22344, -4.55
 659,146.00,   -8283, -0.83,   13345,  2.72,  -21628, -4.40
 660,147.00,   -7033, -0.70,   13870,  2.82,  -20903, -4.25
 661,148.00,   -6023, -0.60,   14134,  2.88,  -20157, -4.10
 662,149.00,   -5116, -0.51,   14203,  2.89,  -19319, -3.93
 663,150.00,   -3942, -0.39,   14068,  2.86,  -18010, -3.66
 664,151.00,   -3357, -0.34,   13614,  2.77,  -16971, -3.45
 665,152.00,   -3315, -0.33,   13305,  2.71,  -16620, -3.38
 666,153.00,   -2076, -0.21,   13285,  2.70,  -15361, -3.13
 667,154.00,     -44, -0.00,   13406,  2.73,  -13450, -2.74
 668,155.00,    1680,  0.17,   13664,  2.78,  -11984, -2.44
 669,156.00,    3387,  0.34,   14203,  2.89,  -10816, -2.20
 670,157.00,    5115,  0.51,   14677,  2.99,   -9562, -1.95
 671,158.00,    6490,  0.65,   15366,  3.13,   -8876, -1.81
 672,159.00,    7007,  0.70,   15689,  3.19,   -8682, -1.77
 673,160.00,    8035,  0.80,   15769,  3.21,   -7734, -1.57
 674,161.00,    9512,  0.95,   16181,  3.29,   -6669, -1.36
 675,162.00,   10909,  1.09,   16633,  3.38,   -5724, -1.16
 676,163.00,   12554,  1.26,   16924,  3.44,   -4370, -0.89
 677,164.00,   13612,  1.36,   16913,  3.44,   -3301, -0.67
 678,165.00,   14156,  1.42,   16720,  3.40,   -2564, -0.52
 679,166.00,   14253,  1.43,   16781,  3.41,   -2528, -0.51
 680,167.00,   15010,  1.50,   17238,  3.51,   -2228, -0.45
 681,168.00,   15661,  1.57,   17515,  3.56,   -1854, -0.38
 682,169.00,   16372,  1.64,   17741,  3.61,   -1369, -0.28
 683,170.00,   17140,  1.72,   18378,  3.74,   -1238, -0.25
 684,171.00,   17901,  1.79,   18921,  3.85,   -1020, -0.21
 685,172.00,   18435,  1.84,   18684,  3.80,    -249, -0.05
 686,173.00,   19216,  1.92,   18627,  3.79,     589,  0.12
 687,174.00,   19917,  1.99,   18901,  3.85,    1016,  0.21
 688,175.00,   20377,  2.04,   18998,  3.87,    1379,  0.28
 689,176.00,   20764,  2.08,   19131,  3.89,    1633,  0.33
 690,177.00,   22120,  2.21,   19562,  3.98,    2558,  0.52
 691,178.00,   23303,  2.33,   19714,  4.01,    3589,  0.73
 692,179.00,   24355,  2.44,   19536,  3.97,    4819,  0.98
 693,180.00,   24829,  2.48,   19062,  3.88,    5767,  1.17
 694,181.00,   25384,  2.54,   18819,  3.83,    6565,  1.34
 695,182.00,   26503,  2.65,   19144,  3.89,    7359,  1.50
 696,183.00,   27410,  2.74,   19234,  3.91,    8176,  1.66
 697,184.00,   27806,  2.78,   18918,  3.85,    8888,  1.81
 698,185.00,   28711,  2.87,   18972,  3.86,    9739,  1.98
 699,186.00,   28505,  2.85,   18072,  3.68,   10433,  2.12
 700,187.00,   28489,  2.85,   17154,  3.49,   11335,  2.31
 701,188.00,   27942,  2.80,   16095,  3.27,   11847,  2.41
 702,189.00,   26711,  2.67,   15353,  3.12,   11358,  2.31
 703,190.00,   26570,  2.66,   14700,  2.99,   11870,  2.42
 704,191.00,   26061,  2.61,   13591,  2.77,   12470,  2.54
 705,192.00,   24606,  2.46,   12369,  2.52,   12237,  2.49
 706,193.00,   23481,  2.35,   11761,  2.39,   11720,  2.38
 707,194.00,   22487,  2.25,   11231,  2.29,   11256,  2.29
 708,195.00,   21571,  2.16,   10612,  2.16,   10959,  2.23
 709,196.00,   20941,  2.10,   10218,  2.08,   10723,  2.18
 710,197.00,   20364,  2.04,   10122,  2.06,   10242,  2.08
 711,198.00,   18999,  1.90,    9734,  1.98,    9265,  1.89
 712,199.00,   18018,  1.80,    9389,  1.91,    8629,  1.76
 713,200.00,   16689,  1.67,    8590,  1.75,    8099,  1.65
 714,201.00,   15434,  1.54,    7951,  1.62,    7483,  1.52
 715,202.00,   13935,  1.39,    7226,  1.47,    6709,  1.36
 716,203.00,   12739,  1.27,    7252,  1.48,    5487,  1.12
 717,204.00,   11922,  1.19,    7440,  1.51,    4482,  0.91
 718,205.00,   11259,  1.13,    7119,  1.45,    4140,  0.84
 719,206.00,   10889,  1.09,    6808,  1.39,    4081,  0.83
 720,207.00,   10086,  1.01,    6631,  1.35,    3455,  0.70
 721,208.00,    8615,  0.86,    6378,  1.30,    2237,  0.46
 722,209.00,    7007,  0.70,    6110,  1.24,     897,  0.18
 723,210.00,    6690,  0.67,    6903,  1.40,    -213, -0.04
 724,211.00,    6669,  0.67,    7688,  1.56,   -1019, -0.21
 725,212.00,    6290,  0.63,    7929,  1.61,   -1639, -0.33
 726,213.00,    5697,  0.57,    7898,  1.61,   -2201, -0.45
 727,214.00,    5213,  0.52,    7949,  1.62,   -2736, -0.56
 728,215.00,    5117,  0.51,    8327,  1.69,   -3210, -0.65
 729,216.00,    5238,  0.52,    9121,  1.86,   -3883, -0.79
 730,217.00,    5061,  0.51,    9484,  1.93,   -4423, -0.90
 731,218.00,    5271,  0.53,   10115,  2.06,   -4844, -0.99
 732,219.00,    5297,  0.53,   10735,  2.18,   -5438, -1.11
 733,220.00,    4468,  0.45,   10777,  2.19,   -6309, -1.28
 734,221.00,    3519,  0.35,   10581,  2.15,   -7062, -1.44
 735,222.00,    3049,  0.31,   10583,  2.15,   -7534, -1.53
 736,223.00,    2764,  0.28,   10876,  2.21,   -8112, -1.65
 737,224.00,    3024,  0.30,   11454,  2.33,   -8430, -1.72
 738,225.00,    2747,  0.27,   11492,  2.34,   -8745, -1.78
 739,226.00,    2473,  0.25,   11913,  2.42,   -9440, -1.92
 740,227.00,    2141,  0.21,   11961,  2.43,   -9820, -2.00
 741,228.00,    1464,  0.15,   11447,  2.33,   -9983, -2.03
 742,229.00,     561,  0.06,   11013,  2.24,  -10452, -2.13
 743,230.00,     207,  0.02,   10398,  2.12,  -10191, -2.07
 744,231.00,     502,  0.05,   10212,  2.08,   -9710, -1.98
 745,232.00,     138,  0.01,    9850,  2.00,   -9712, -1.98
 746,233.00,      63,  0.00,    9386,  1.91,   -9323, -1.90
 747,234.00,    -254, -0.03,    8728,  1.78,   -8982, -1.83
 748,235.00,    -736, -0.07,    8288,  1.69,   -9024, -1.84
 749,236.00,    -862, -0.09,    8325,  1.69,   -9187, -1.87
 750,237.00,   -1086, -0.11,    8161,  1.66,   -9247, -1.88
 751,238.00,   -1552, -0.16,    7691,  1.56,   -9243, -1.88
 752,239.00,   -1783, -0.18,    7140,  1.45,   -8923, -1.82
 753,240.00,   -1919, -0.19,    6653,  1.35,   -8572, -1.74
 754,241.00,   -2431, -0.24,    6248,  1.27,   -8679, -1.77
 755,242.00,   -3063, -0.31,    5747,  1.17,   -8810, -1.79
 756,243.00,   -4069, -0.41,    4991,  1.02,   -9060, -1.84
 757,244.00,   -5129, -0.51,    4192,  0.85,   -9321, -1.90
 758,245.00,   -5590, -0.56,    3643,  0.74,   -9233, -1.88
 759,246.00,   -5516, -0.55,    3501,  0.71,   -9017, -1.83
 760,247.00,   -5730, -0.57,    3314,  0.67,   -9044, -1.84
 761,248.00,   -6497, -0.65,    2900,  0.59,   -9397, -1.91
 762,249.00,   -7693, -0.77,    2285,  0.46,   -9978, -2.03
 763,250.00,   -9009, -0.90,    1537,  0.31,  -10546, -2.15
 764,251.00,   -9330, -0.93,    1078,  0.22,  -10408, -2.12
 765,252.00,   -9853, -0.99,     786,  0.16,  -10639, -2.16
 766,253.00,  -11096, -1.11,     368,  0.07,  -11464, -2.33
 767,254.00,  -12839, -1.28,    -729, -0.15,  -12110, -2.46
 768,255.00,  -13703, -1.37,   -1530, -0.31,  -12173, -2.48
 769,256.00,  -14130, -1.41,   -1838, -0.37,  -12292, -2.50
 770,257.00,  -14984, -1.50,   -2426, -0.49,  -12558, -2.56
 771,258.00,  -15829, -1.58,   -2953, -0.60,  -12876, -2.62
 772,259.00,  -16194, -1.62,   -3424, -0.70,  -12770, -2.60
 773,260.00,  -16810, -1.68,   -4087, -0.83,  -12723, -2.59
 774,261.00,  -17673, -1.77,   -5116, -1.04,  -12557, -2.55
 775,262.00,  -19058, -1.91,   -6433, -1.31,  -12625, -2.57
 776,263.00,  -20194, -2.02,   -7337, -1.49,  -12857, -2.62
 777,264.00,  -20491, -2.05,   -7777, -1.58,  -12714, -2.59
 778,265.00,  -20190, -2.02,   -7975, -1.62,  -12215, -2.49
 779,266.00,  -20653, -2.07,   -8508, -1.73,  -12145, -2.47
 780,267.00,  -21603, -2.16,   -9336, -1.90,  -12267, -2.50
 781,268.00,  -22561, -2.26,  -10259, -2.09,  -12302, -2.50
 782,269.00,  -23569, -2.36,  -11692, -2.38,  -11877, -2.42
 783,270.00,  -24637, -2.47,  -13010, -2.65,  -11627, -2.37
 784,271.00,  -24871, -2.49,  -14004, -2.85,  -10867, -2.21
 785,272.00,  -24424, -2.44,  -14893, -3.03,   -9531, -1.94
 786,273.00,  -23230, -2.32,  -14995, -3.05,   -8235, -1.68
 787,274.00,  -21671, -2.17,  -14807, -3.01,   -6864, -1.40
 788,275.00,  -20652, -2.07,  -15038, -3.06,   -5614, -1.14
 789,276.00,  -20014, -2.00,  -15334, -3.12,   -4680, -0.95
 790,277.00,  -20002, -2.00,  -15713, -3.20,   -4289, -0.87
 791,278.00,  -20338, -2.04,  -16587, -3.37,   -3751, -0.76
 792,279.00,  -19996, -2.00,  -17589, -3.58,   -2407, -0.49
 793,280.00,  -18678, -1.87,  -18438, -3.75,    -240, -0.05
 794,281.00,  -17241, -1.73,  -19281, -3.92,    2040,  0.42
 795,282.00,  -15233, -1.52,  -19637, -4.00,    4404,  0.90
 796,283.00,  -13807, -1.38,  -19969, -4.06,    6162,  1.25
 797,284.00,  -13035, -1.30,  -20717, -4.22,    7682,  1.56
 798,285.00,  -12841, -1.28,  -21970, -4.47,    9129,  1.86
 799,286.00,  -12428, -1.24,  -23047, -4.69,   10619,  2.16
 800,287.00,  -12082, -1.21,  -23550, -4.79,   11468,  2.33
 801,288.00,  -11786, -1.18,  -23438, -4.77,   11652,  2.37
 802,289.00,  -11564, -1.16,  -23490, -4.78,   11926,  2.43
 803,290.00,  -10981, -1.10,  -23691, -4.82,   12710,  2.59
 804,291.00,   -9667, -0.97,  -23995, -4.88,   14328,  2.92
 805,292.00,   -8528, -0.85,  -24456, -4.98,   15928,  3.24
 806,293.00,   -7621, -0.76,  -25094, -5.11,   17473,  3.55
 807,294.00,   -7255, -0.73,  -25993, -5.29,   18738,  3.81
 808,295.00,   -6850, -0.69,  -26370, -5.37,   19520,  3.97
 809,296.00,   -6305, -0.63,  -26453, -5.38,   20148,  4.10
 810,297.00,   -5873, -0.59,  -26771, -5.45,   20898,  4.25
 811,298.00,   -5291, -0.53,  -27232, -5.54,   21941,  4.46
 812,299.00,   -5069, -0.51,  -27616, -5.62,   22547,  4.59
 813,300.00,   -5478, -0.55,  -28045, -5.71,   22567,  4.59
 814,301.00,   -5558, -0.56,  -28407, -5.78,   22849,  4.65
 815,302.00,   -5324, -0.53,  -28886, -5.88,   23562,  4.79
 816,303.00,   -5598, -0.56,  -29679, -6.04,   24081,  4.90
 817,304.00,   -6363, -0.64,  -30543, -6.21,   24180,  4.92
 818,305.00,   -7013, -0.70,  -30760, -6.26,   23747,  4.83
 819,306.00,   -7175, -0.72,  -30730, -6.25,   23555,  4.79
 820,307.00,   -7231, -0.72,  -30588, -6.22,   23357,  4.75
 821,308.00,   -7387, -0.74,  -30495, -6.20,   23108,  4.70
 822,309.00,   -7198, -0.72,  -29756, -6.05,   22558,  4.59
 823,310.00,   -6970, -0.70,  -29001, -5.90,   22031,  4.48
 824,311.00,   -6424, -0.64,  -27867, -5.67,   21443,  4.36
 825,312.00,   -5699, -0.57,  -26260, -5.34,   20561,  4.18
 826,313.00,   -4641, -0.46,  -24339, -4.95,   19698,  4.01
 827,314.00,   -3549, -0.36,  -22716, -4.62,   19167,  3.90
 828,315.00,   -3357, -0.34,  -21450, -4.36,   18093,  3.68
 829,316.00,   -2340, -0.23,  -19591, -3.99,   17251,  3.51
 830,317.00,    -806, -0.08,  -17386, -3.54,   16580,  3.37
 831,318.00,     500,  0.05,  -15074, -3.07,   15574,  3.17
 832,319.00,    1672,  0.17,  -13227, -2.69,   14899,  3.03
 833,320.00,    3250,  0.33,  -11700, -2.38,   14950,  3.04
 834,321.00,    5378,  0.54,   -9914, -2.02,   15292,  3.11
 835,322.00,    7183,  0.72,   -7943, -1.62,   15126,  3.08
 836,323.00,    8109,  0.81,   -6363, -1.29,   14472,  2.94
 837,324.00,    9058,  0.91,   -4968, -1.01,   14026,  2.85
 838,325.00,   10246,  1.03,   -3576, -0.73,   13822,  2.81
 839,326.00,   11324,  1.13,   -2240, -0.46,   13564,  2.76
 840,327.00,   12192,  1.22,   -1016, -0.21,   13208,  2.69
 841,328.00,   13014,  1.30,     -87, -0.02,   13101,  2.67
 842,329.00,   13651,  1.37,     984,  0.20,   12667,  2.58
 843,330.00,   14514,  1.45,    2608,  0.53,   11906,  2.42
 844,331.00,   14506,  1.45,    3944,  0.80,   10562,  2.15
 845,332.00,   14734,  1.47,    5529,  1.12,    9205,  1.87
 846,333.00,   14544,  1.46,    6712,  1.37,    7832,  1.59
 847,334.00,   14577,  1.46,    7982,  1.62,    6595,  1.34
 848,335.00,   13853,  1.39,    8814,  1.79,    5039,  1.03
 849,336.00,   12487,  1.25,    9250,  1.88,    3237,  0.66
 850,337.00,   12492,  1.25,   10419,  2.12,    2073,  0.42
 851,338.00,   12813,  1.28,   11797,  2.40,    1016,  0.21
 852,339.00,   12331,  1.23,   12660,  2.58,    -329, -0.07
 853,340.00,   11662,  1.17,   13685,  2.78,   -2023, -0.41
 854,341.00,   11801,  1.18,   14929,  3.04,   -3128, -0.64
 855,342.00,   12133,  1.21,   16093,  3.27,   -3960, -0.81
 856,343.00,   12405,  1.24,   17272,  3.51,   -4867, -0.99
 857,344.00,   12537,  1.25,   18160,  3.69,   -5623, -1.14
 858,345.00,   13016,  1.30,   19051,  3.88,   -6035, -1.23
 859,346.00,   13606,  1.36,   20071,  4.08,   -6465, -1.32
 860,347.00,   14094,  1.41,   20658,  4.20,   -6564, -1.34
 861,348.00,   14373,  1.44,   20938,  4.26,   -6565, -1.34
 862,349.00,   15744,  1.58,   21727,  4.42,   -5983, -1.22
 863,350.00,   18115,  1.81,   22700,  4.62,   -4585, -0.93
 864,351.00,   20329,  2.03,   22922,  4.66,   -2593, -0.53
 865,352.00,   22525,  2.25,   23574,  4.80,   -1049, -0.21
 866,353.00,   24344,  2.44,   24131,  4.91,     213,  0.04
 867,354.00,   24999,  2.50,   24310,  4.95,     689,  0.14
 868,355.00,   25816,  2.58,   24309,  4.95,    1507,  0.31
 869,356.00,   25983,  2.60,   23656,  4.81,    2327,  0.47
 870,357.00,   26660,  2.67,   23327,  4.75,    3333,  0.68
 871,358.00,   27425,  2.74,   22955,  4.67,    4470,  0.91
 872,359.00,   28353,  2.84,   23258,  4.73,    5095,  1.04
 873,360.00,   29258,  2.93,   23541,  4.79,    5717,  1.16
 874,361.00,   30112,  3.01,   23873,  4.86,    6239,  1.27
 875,362.00,   30577,  3.06,   23434,  4.77,    7143,  1.45
 876,363.00,   31432,  3.15,   23116,  4.70,    8316,  1.69
 877,364.00,   32193,  3.22,   22628,  4.60,    9565,  1.95
 878,365.00,   33236,  3.33,   22361,  4.55,   10875,  2.21
 879,366.00,   34374,  3.44,   22333,  4.54,   12041,  2.45
 880,367.00,   34585,  3.46,   22056,  4.49,   12529,  2.55
 881,368.00,   34463,  3.45,   21786,  4.43,   12677,  2.58
 882,369.00,   35286,  3.53,   21760,  4.43,   13526,  2.75
 883,370.00,   36423,  3.64,   22096,  4.50,   14327,  2.91
 884,371.00,   37151,  3.72,   21779,  4.43,   15372,  3.13
 885,372.00,   37169,  3.72,   20982,  4.27,   16187,  3.29
 886,373.00,   38052,  3.81,   20557,  4.18,   17495,  3.56
 887,374.00,   39866,  3.99,   20496,  4.17,   19370,  3.94
 888,375.00,   41320,  4.13,   20345,  4.14,   20975,  4.27
 889,376.00,   41962,  4.20,   19830,  4.03,   22132,  4.50
 890,377.00,   41789,  4.18,   18736,  3.81,   23053,  4.69
 891,378.00,   41538,  4.16,   18162,  3.70,   23376,  4.76
 892,379.00,   41641,  4.17,   17817,  3.62,   23824,  4.85
 893,380.00,   42304,  4.23,   17313,  3.52,   24991,  5.08
 894,381.00,   42805,  4.28,   16450,  3.35,   26355,  5.36
 895,382.00,   43112,  4.31,   15052,  3.06,   28060,  5.71
 896,383.00,   43882,  4.39,   13880,  2.82,   30002,  6.10
 897,384.00,   44589,  4.46,   12668,  2.58,   31921,  6.49
 898,385.00,   44686,  4.47,   11264,  2.29,   33422,  6.80
 899,386.00,   44987,  4.50,   10007,  2.04,   34980,  7.12
 900,387.00,   44537,  4.46,    8470,  1.72,   36067,  7.34
 901,388.00,   43962,  4.40,    6578,  1.34,   37384,  7.61
 902,389.00,   42402,  4.24,    4379,  0.89,   38023,  7.74
 903,390.00,   41331,  4.14,    2212,  0.45,   39119,  7.96
 904,391.00,   40517,  4.05,     470,  0.10,   40047,  8.15
 905,392.00,   39587,  3.96,   -1230, -0.25,   40817,  8.30
 906,393.00,   39164,  3.92,   -2471, -0.50,   41635,  8.47
 907,394.00,   38323,  3.83,   -3590, -0.73,   41913,  8.53
 908,395.00,   36725,  3.67,   -4860, -0.99,   41585,  8.46
 909,396.00,   35615,  3.56,   -6058, -1.23,   41673,  8.48
 910,397.00,   35122,  3.51,   -6730, -1.37,   41852,  8.52
 911,398.00,   34564,  3.46,   -6944, -1.41,   41508,  8.45
 912,399.00,   34287,  3.43,   -6941, -1.41,   41228,  8.39
 913,400.00,   33594,  3.36,   -6968, -1.42,   40562,  8.25
 914,401.00,   32842,  3.29,   -7164, -1.46,   40006,  8.14
 915,402.00,   32664,  3.27,   -7051, -1.43,   39715,  8.08
 916,403.00,   32636,  3.27,   -6856, -1.39,   39492,  8.03
 917,404.00,   32373,  3.24,   -6479, -1.32,   38852,  7.90
 918,405.00,   31850,  3.19,   -6297, -1.28,   38147,  7.76
 919,406.00,   31374,  3.14,   -6084, -1.24,   37458,  7.62
 920,407.00,   30732,  3.08,   -5753, -1.17,   36485,  7.42
 921,408.00,   30299,  3.03,   -5332, -1.08,   35631,  7.25
 922,409.00,   30249,  3.03,   -4721, -0.96,   34970,  7.11
 923,410.00,   30039,  3.01,   -4074, -0.83,   34113,  6.94
 924,411.00,   29782,  2.98,   -3590, -0.73,   33372,  6.79
 925,412.00,   29632,  2.96,   -2852, -0.58,   32484,  6.61
 926,413.00,   30124,  3.01,   -1919, -0.39,   32043,  6.52
 927,414.00,   30290,  3.03,    -848, -0.17,   31138,  6.34
 928,415.00,   29603,  2.96,     -14, -0.00,   29617,  6.03
 929,416.00,   28549,  2.86,     771,  0.16,   27778,  5.65
 930,417.00,   27367,  2.74,    1277,  0.26,   26090,  5.31
 931,418.00,   26538,  2.66,    1861,  0.38,   24677,  5.02
 932,419.00,   25843,  2.59,    2544,  0.52,   23299,  4.74
 933,420.00,   24790,  2.48,    2821,  0.57,   21969,  4.47
 934,421.00,   23729,  2.37,    3084,  0.63,   20645,  4.20
 935,422.00,   23294,  2.33,    4115,  0.84,   19179,  3.90
 936,423.00,   23230,  2.32,    5318,  1.08,   17912,  3.64
 937,424.00,   22883,  2.29,    6147,  1.25,   16736,  3.41
 938,425.00,   22307,  2.23,    6575,  1.34,   15732,  3.20
 939,426.00,   21561,  2.16,    6740,  1.37,   14821,  3.02
 940,427.00,   20957,  2.10,    6890,  1.40,   14067,  2.86
 941,428.00,   20297,  2.03,    7015,  1.43,   13282,  2.70
 942,429.00,   19540,  1.96,    7001,  1.42,   12539,  2.55
 943,430.00,   18302,  1.83,    6531,  1.33,   11771,  2.39
 944,431.00,   17192,  1.72,    6038,  1.23,   11154,  2.27
 945,432.00,   16830,  1.68,    6266,  1.27,   10564,  2.15
 946,433.00,   15341,  1.54,    6064,  1.23,    9277,  1.89
 947,434.00,   13788,  1.38,    5941,  1.21,    7847,  1.60
 948,435.00,   12204,  1.22,    5902,  1.20,    6302,  1.28
 949,436.00,   10079,  1.01,    5675,  1.15,    4404,  0.90
 950,437.00,    8301,  0.83,    5831,  1.19,    2470,  0.50
 951,438.00,    7292,  0.73,    6298,  1.28,     994,  0.20
 952,439.00,    7197,  0.72,    6680,  1.36,     517,  0.11
 953,440.00,    7619,  0.76,    7225,  1.47,     394,  0.08
 954,441.00,    7678,  0.77,    7607,  1.55,      71,  0.01
 955,442.00,    7957,  0.80,    8244,  1.68,    -287, -0.06
 956,443.00,    8018,  0.80,    8873,  1.81,    -855, -0.17
 957,444.00,    7293,  0.73,    9226,  1.88,   -1933, -0.39
 958,445.00,    6716,  0.67,    9786,  1.99,   -3070, -0.62
 959,446.00,    6463,  0.65,   10729,  2.18,   -4266, -0.87
 960,447.00,    6135,  0.61,   11615,  2.36,   -5480, -1.11
 961,448.00,    5627,  0.56,   12085,  2.46,   -6458, -1.31
 962,449.00,    5235,  0.52,   12319,  2.51,   -7084, -1.44
 963,450.00,    4411,  0.44,   12175,  2.48,   -7764, -1.58
 964,451.00,    2708,  0.27,   11793,  2.40,   -9085, -1.85
 965,452.00,    1445,  0.14,   11850,  2.41,  -10405, -2.12
 966,453.00,     431,  0.04,   12010,  2.44,  -11579, -2.36
 967,454.00,   -1717, -0.17,   11625,  2.37,  -13342, -2.71
 968,455.00,   -3736, -0.37,   11809,  2.40,  -15545, -3.16
 969,456.00,   -5361, -0.54,   12428,  2.53,  -17789, -3.62
 970,457.00,   -7294, -0.73,   12586,  2.56,  -19880, -4.04
 971,458.00,   -9211, -0.92,   12413,  2.53,  -21624, -4.40
 972,459.00,  -10892, -1.09,   12060,  2.45,  -22952, -4.67
 973,460.00,  -13332, -1.33,   11707,  2.38,  -25039, -5.09
 974,461.00,  -16339, -1.63,   10906,  2.22,  -27245, -5.54
 975,462.00,  -18744, -1.88,   10392,  2.11,  -29136, -5.93
 976,463.00,  -20369, -2.04,   10135,  2.06,  -30504, -6.21
 977,464.00,  -20726, -2.07,   10566,  2.15,  -31292, -6.37
 978,465.00,  -20784, -2.08,   10271,  2.09,  -31055, -6.32
 979,466.00,  -21513, -2.15,    9000,  1.83,  -30513, -6.21
 980,467.00,  -22049, -2.21,    7943,  1.62,  -29992, -6.10
 981,468.00,  -22233, -2.22,    6959,  1.42,  -29192, -5.94
 982,469.00,  -22953, -2.30,    5878,  1.20,  -28831, -5.87
 983,470.00,  -23656, -2.37,    5179,  1.05,  -28835, -5.87
 984,471.00,  -24986, -2.50,    4273,  0.87,  -29259, -5.95
 985,472.00,  -26955, -2.70,    3168,  0.64,  -30123, -6.13
 986,473.00,  -28844, -2.89,    2117,  0.43,  -30961, -6.30
 987,474.00,  -30267, -3.03,     983,  0.20,  -31250, -6.36
 988,475.00,  -31415, -3.14,    -437, -0.09,  -30978, -6.30
 989,476.00,  -32811, -3.28,   -1861, -0.38,  -30950, -6.30
 990,477.00,  -33630, -3.37,   -3209, -0.65,  -30421, -6.19
 991,478.00,  -33831, -3.39,   -4554, -0.93,  -29277, -5.96
 992,479.00,  -34301, -3.43,   -5901, -1.20,  -28400, -5.78
 993,480.00,  -34592, -3.46,   -7071, -1.44,  -27521, -5.60
 994,481.00,  -34550, -3.46,   -8244, -1.68,  -26306, -5.35
 995,482.00,  -34364, -3.44,   -9267, -1.89,  -25097, -5.11
 996,483.00,  -34396, -3.44,  -10089, -2.05,  -24307, -4.95
 997,484.00,  -34846, -3.49,  -11252, -2.29,  -23594, -4.80
 998,485.00,  -35160, -3.52,  -11963, -2.43,  -23197, -4.72
 999,486.00,  -35112, -3.51,  -12156, -2.47,  -22956, -4.67
1000,487.00,  -35155, -3.52,  -12716, -2.59,  -22439, -4.57
1001,488.00,  -34396, -3.44,  -13296, -2.71,  -21100, -4.29
1002,489.00,  -34338, -3.44,  -14477, -2.95,  -19861, -4.04
1003,490.00,  -34073, -3.41,  -15289, -3.11,  -18784, -3.82
1004,491.00,  -33800, -3.38,  -16100, -3.28,  -17700, -3.60
1005,492.00,  -34091, -3.41,  -17180, -3.50,  -16911, -3.44
1006,493.00,  -34264, -3.43,  -17852, -3.63,  -16412, -3.34
1007,494.00,  -33787, -3.38,  -18323, -3.73,  -15464, -3.15
1008,495.00,  -34139, -3.42,  -19363, -3.94,  -14776, -3.01
1009,496.00,  -34604, -3.46,  -20327, -4.14,  -14277, -2.90
1010,497.00,  -34950, -3.50,  -21492, -4.37,  -13458, -2.74
1011,498.00,  -35606, -3.56,  -22814, -4.64,  -12792, -2.60
1012,499.00,  -35934, -3.60,  -23931, -4.87,  -12003, -2.44
1013,500.00,  -36418, -3.64,  -24749, -5.04,  -11669, -2.37
1014,501.00,  -38327, -3.84,  -26020, -5.29,  -12307, -2.50
1015,502.00,  -39139, -3.92,  -26905, -5.47,  -12234, -2.49
1016,503.00,  -39696, -3.97,  -28028, -5.70,  -11668, -2.37
1017,504.00,  -39894, -3.99,  -29031, -5.91,  -10863, -2.21
1018,505.00,  -41314, -4.13,  -30620, -6.23,  -10694, -2.18
1019,506.00,  -42540, -4.26,  -32008, -6.51,  -10532, -2.14
1020,507.00,  -42891, -4.29,  -32473, -6.61,  -10418, -2.12
1021,508.00,  -44025, -4.41,  -33020, -6.72,  -11005, -2.24
1022,509.00,  -45225, -4.53,  -33037, -6.72,  -12188, -2.48
1023,510.00,  -46019, -4.60,  -32552, -6.62,  -13467, -2.74
1024,511.00,  -46776, -4.68,  -32046, -6.52,  -14730, -3.00
