-----------------------------------------------------------------------------------
Identifier:,IHS5922-20187201
File Name:,RRLP70B.6
Ear:,L
Channel:,2
Intensity:,70 dB HL
Stim. Rate:,  1.10/s
Stim. Mode:,0
Sweeps:,60
Artifacts:,8
Smp. Period:,1000.00 us
Amp. Gain:, 50.00 K
Low Pass:, 30.00 Hz
High Pass:,  1.00 Hz
Notch Filter:,TRUE
Stimulus:,100
Stim. Freq.:,1000 Hz
Stim. Dur.:,2000 pnts
Masking:,0 dB SPL
Stim. Point:,513
-----------------------------------------------------------------------------------
Peak Information:,Label,Peak(+),Peak(+)(ms),Peak(-),Peak(-)(ms)
,21, 798,285.00, 937,424.00,
-----------------------------------------------------------------------------------


Data Pnt:,Data Pnt(ms):,Average:,Average(uV):,Buffer1:,Buffer1(uV):,Buffer2:,Buffer2(uV):
   1,-512.00,       0,  0.00,       0,  0.00,       0,  0.00
   2,-511.00,       0,  0.00,       0,  0.00,       0,  0.00
   3,-510.00,       0,  0.00,       0,  0.00,       0,  0.00
   4,-509.00,       0,  0.00,       0,  0.00,       0,  0.00
   5,-508.00,       0,  0.00,       0,  0.00,       0,  0.00
   6,-507.00,       0,  0.00,       0,  0.00,       0,  0.00
   7,-506.00,       0,  0.00,       0,  0.00,       0,  0.00
   8,-505.00,       0,  0.00,       0,  0.00,       0,  0.00
   9,-504.00,       0,  0.00,       0,  0.00,       0,  0.00
  10,-503.00,       0,  0.00,       0,  0.00,       0,  0.00
  11,-502.00,       0,  0.00,       0,  0.00,       0,  0.00
  12,-501.00,       0,  0.00,       0,  0.00,       0,  0.00
  13,-500.00,       0,  0.00,       0,  0.00,       0,  0.00
  14,-499.00,       0,  0.00,       0,  0.00,       0,  0.00
  15,-498.00,       0,  0.00,       0,  0.00,       0,  0.00
  16,-497.00,       0,  0.00,       0,  0.00,       0,  0.00
  17,-496.00,       0,  0.00,       0,  0.00,       0,  0.00
  18,-495.00,       0,  0.00,       0,  0.00,       0,  0.00
  19,-494.00,       0,  0.00,       0,  0.00,       0,  0.00
  20,-493.00,       0,  0.00,       0,  0.00,       0,  0.00
  21,-492.00,       0,  0.00,       0,  0.00,       0,  0.00
  22,-491.00,       0,  0.00,       0,  0.00,       0,  0.00
  23,-490.00,       0,  0.00,       0,  0.00,       0,  0.00
  24,-489.00,       0,  0.00,       0,  0.00,       0,  0.00
  25,-488.00,       0,  0.00,       0,  0.00,       0,  0.00
  26,-487.00,       0,  0.00,       0,  0.00,       0,  0.00
  27,-486.00,       0,  0.00,       0,  0.00,       0,  0.00
  28,-485.00,       0,  0.00,       0,  0.00,       0,  0.00
  29,-484.00,       0,  0.00,       0,  0.00,       0,  0.00
  30,-483.00,       0,  0.00,       0,  0.00,       0,  0.00
  31,-482.00,       0,  0.00,       0,  0.00,       0,  0.00
  32,-481.00,       0,  0.00,       0,  0.00,       0,  0.00
  33,-480.00,       0,  0.00,       0,  0.00,       0,  0.00
  34,-479.00,       0,  0.00,       0,  0.00,       0,  0.00
  35,-478.00,       0,  0.00,       0,  0.00,       0,  0.00
  36,-477.00,       0,  0.00,       0,  0.00,       0,  0.00
  37,-476.00,       0,  0.00,       0,  0.00,       0,  0.00
  38,-475.00,       0,  0.00,       0,  0.00,       0,  0.00
  39,-474.00,       0,  0.00,       0,  0.00,       0,  0.00
  40,-473.00,       0,  0.00,       0,  0.00,       0,  0.00
  41,-472.00,       0,  0.00,       0,  0.00,       0,  0.00
  42,-471.00,       0,  0.00,       0,  0.00,       0,  0.00
  43,-470.00,       0,  0.00,       0,  0.00,       0,  0.00
  44,-469.00,       0,  0.00,       0,  0.00,       0,  0.00
  45,-468.00,       0,  0.00,       0,  0.00,       0,  0.00
  46,-467.00,       0,  0.00,       0,  0.00,       0,  0.00
  47,-466.00,       0,  0.00,       0,  0.00,       0,  0.00
  48,-465.00,       0,  0.00,       0,  0.00,       0,  0.00
  49,-464.00,       0,  0.00,       0,  0.00,       0,  0.00
  50,-463.00,       0,  0.00,       0,  0.00,       0,  0.00
  51,-462.00,       0,  0.00,       0,  0.00,       0,  0.00
  52,-461.00,       0,  0.00,       0,  0.00,       0,  0.00
  53,-460.00,       0,  0.00,       0,  0.00,       0,  0.00
  54,-459.00,       0,  0.00,       0,  0.00,       0,  0.00
  55,-458.00,       0,  0.00,       0,  0.00,       0,  0.00
  56,-457.00,       0,  0.00,       0,  0.00,       0,  0.00
  57,-456.00,       0,  0.00,       0,  0.00,       0,  0.00
  58,-455.00,       0,  0.00,       0,  0.00,       0,  0.00
  59,-454.00,       0,  0.00,       0,  0.00,       0,  0.00
  60,-453.00,       0,  0.00,       0,  0.00,       0,  0.00
  61,-452.00,       0,  0.00,       0,  0.00,       0,  0.00
  62,-451.00,       0,  0.00,       0,  0.00,       0,  0.00
  63,-450.00,       0,  0.00,       0,  0.00,       0,  0.00
  64,-449.00,       0,  0.00,       0,  0.00,       0,  0.00
  65,-448.00,       0,  0.00,       0,  0.00,       0,  0.00
  66,-447.00,       0,  0.00,       0,  0.00,       0,  0.00
  67,-446.00,       0,  0.00,       0,  0.00,       0,  0.00
  68,-445.00,       0,  0.00,       0,  0.00,       0,  0.00
  69,-444.00,       0,  0.00,       0,  0.00,       0,  0.00
  70,-443.00,       0,  0.00,       0,  0.00,       0,  0.00
  71,-442.00,       0,  0.00,       0,  0.00,       0,  0.00
  72,-441.00,       0,  0.00,       0,  0.00,       0,  0.00
  73,-440.00,       0,  0.00,       0,  0.00,       0,  0.00
  74,-439.00,       0,  0.00,       0,  0.00,       0,  0.00
  75,-438.00,       0,  0.00,       0,  0.00,       0,  0.00
  76,-437.00,       0,  0.00,       0,  0.00,       0,  0.00
  77,-436.00,       0,  0.00,       0,  0.00,       0,  0.00
  78,-435.00,       0,  0.00,       0,  0.00,       0,  0.00
  79,-434.00,       0,  0.00,       0,  0.00,       0,  0.00
  80,-433.00,       0,  0.00,       0,  0.00,       0,  0.00
  81,-432.00,       0,  0.00,       0,  0.00,       0,  0.00
  82,-431.00,       0,  0.00,       0,  0.00,       0,  0.00
  83,-430.00,       0,  0.00,       0,  0.00,       0,  0.00
  84,-429.00,       0,  0.00,       0,  0.00,       0,  0.00
  85,-428.00,       0,  0.00,       0,  0.00,       0,  0.00
  86,-427.00,       0,  0.00,       0,  0.00,       0,  0.00
  87,-426.00,       0,  0.00,       0,  0.00,       0,  0.00
  88,-425.00,       0,  0.00,       0,  0.00,       0,  0.00
  89,-424.00,       0,  0.00,       0,  0.00,       0,  0.00
  90,-423.00,       0,  0.00,       0,  0.00,       0,  0.00
  91,-422.00,       0,  0.00,       0,  0.00,       0,  0.00
  92,-421.00,       0,  0.00,       0,  0.00,       0,  0.00
  93,-420.00,       0,  0.00,       0,  0.00,       0,  0.00
  94,-419.00,       0,  0.00,       0,  0.00,       0,  0.00
  95,-418.00,       0,  0.00,       0,  0.00,       0,  0.00
  96,-417.00,       0,  0.00,       0,  0.00,       0,  0.00
  97,-416.00,       0,  0.00,       0,  0.00,       0,  0.00
  98,-415.00,       0,  0.00,       0,  0.00,       0,  0.00
  99,-414.00,       0,  0.00,       0,  0.00,       0,  0.00
 100,-413.00,       0,  0.00,       0,  0.00,       0,  0.00
 101,-412.00,       0,  0.00,       0,  0.00,       0,  0.00
 102,-411.00,       0,  0.00,       0,  0.00,       0,  0.00
 103,-410.00,       0,  0.00,       0,  0.00,       0,  0.00
 104,-409.00,       0,  0.00,       0,  0.00,       0,  0.00
 105,-408.00,       0,  0.00,       0,  0.00,       0,  0.00
 106,-407.00,       0,  0.00,       0,  0.00,       0,  0.00
 107,-406.00,       0,  0.00,       0,  0.00,       0,  0.00
 108,-405.00,       0,  0.00,       0,  0.00,       0,  0.00
 109,-404.00,       0,  0.00,       0,  0.00,       0,  0.00
 110,-403.00,       0,  0.00,       0,  0.00,       0,  0.00
 111,-402.00,       0,  0.00,       0,  0.00,       0,  0.00
 112,-401.00,       0,  0.00,       0,  0.00,       0,  0.00
 113,-400.00,       0,  0.00,       0,  0.00,       0,  0.00
 114,-399.00,       0,  0.00,       0,  0.00,       0,  0.00
 115,-398.00,       0,  0.00,       0,  0.00,       0,  0.00
 116,-397.00,    3562,  0.36,   -6650, -1.35,   10212,  2.08
 117,-396.00,    2412,  0.25,   -6635, -1.35,    9047,  1.84
 118,-395.00,    1707,  0.17,   -6377, -1.30,    8084,  1.64
 119,-394.00,    1049,  0.11,   -6051, -1.23,    7100,  1.44
 120,-393.00,     972,  0.10,   -5390, -1.10,    6362,  1.29
 121,-392.00,    1088,  0.11,   -4574, -0.93,    5662,  1.15
 122,-391.00,    1092,  0.11,   -4082, -0.83,    5174,  1.05
 123,-390.00,     957,  0.10,   -3696, -0.75,    4653,  0.95
 124,-389.00,    1215,  0.12,   -2810, -0.57,    4025,  0.82
 125,-388.00,    1489,  0.15,   -2130, -0.43,    3619,  0.74
 126,-387.00,    1455,  0.15,   -1904, -0.39,    3359,  0.68
 127,-386.00,    1619,  0.16,   -1300, -0.26,    2919,  0.59
 128,-385.00,    1332,  0.14,   -1143, -0.23,    2475,  0.50
 129,-384.00,    1313,  0.13,   -1115, -0.23,    2428,  0.49
 130,-383.00,    1101,  0.11,   -1232, -0.25,    2333,  0.47
 131,-382.00,    1215,  0.12,   -1102, -0.22,    2317,  0.47
 132,-381.00,    1615,  0.16,    -998, -0.20,    2613,  0.53
 133,-380.00,    1748,  0.18,    -908, -0.18,    2656,  0.54
 134,-379.00,    1967,  0.20,    -688, -0.14,    2655,  0.54
 135,-378.00,    1840,  0.19,    -561, -0.11,    2401,  0.49
 136,-377.00,    1453,  0.15,    -635, -0.13,    2088,  0.42
 137,-376.00,    1571,  0.16,    -307, -0.06,    1878,  0.38
 138,-375.00,    1230,  0.13,    -688, -0.14,    1918,  0.39
 139,-374.00,     817,  0.08,    -841, -0.17,    1658,  0.34
 140,-373.00,    -380, -0.04,   -1573, -0.32,    1193,  0.24
 141,-372.00,    -661, -0.07,   -1597, -0.32,     936,  0.19
 142,-371.00,    -908, -0.09,   -1364, -0.28,     456,  0.09
 143,-370.00,   -1478, -0.15,   -1070, -0.22,    -408, -0.08
 144,-369.00,   -1887, -0.19,    -769, -0.16,   -1118, -0.23
 145,-368.00,   -2823, -0.29,    -903, -0.18,   -1920, -0.39
 146,-367.00,   -3847, -0.39,   -1171, -0.24,   -2676, -0.54
 147,-366.00,   -5030, -0.51,   -1461, -0.30,   -3569, -0.73
 148,-365.00,   -6296, -0.64,   -1961, -0.40,   -4335, -0.88
 149,-364.00,   -7474, -0.76,   -2560, -0.52,   -4914, -1.00
 150,-363.00,   -8638, -0.88,   -3024, -0.62,   -5614, -1.14
 151,-362.00,   -9589, -0.98,   -3207, -0.65,   -6382, -1.30
 152,-361.00,  -10548, -1.07,   -3509, -0.71,   -7039, -1.43
 153,-360.00,  -11791, -1.20,   -3950, -0.80,   -7841, -1.60
 154,-359.00,  -12710, -1.29,   -4358, -0.89,   -8352, -1.70
 155,-358.00,  -13556, -1.38,   -4988, -1.01,   -8568, -1.74
 156,-357.00,  -14334, -1.46,   -5381, -1.09,   -8953, -1.82
 157,-356.00,  -14262, -1.45,   -5107, -1.04,   -9155, -1.86
 158,-355.00,  -14511, -1.48,   -5042, -1.03,   -9469, -1.93
 159,-354.00,  -15470, -1.57,   -5754, -1.17,   -9716, -1.98
 160,-353.00,  -17068, -1.74,   -7073, -1.44,   -9995, -2.03
 161,-352.00,  -17991, -1.83,   -7945, -1.62,  -10046, -2.04
 162,-351.00,  -18573, -1.89,   -8471, -1.72,  -10102, -2.06
 163,-350.00,  -18436, -1.88,   -8417, -1.71,  -10019, -2.04
 164,-349.00,  -18051, -1.84,   -8450, -1.72,   -9601, -1.95
 165,-348.00,  -18294, -1.86,   -8968, -1.82,   -9326, -1.90
 166,-347.00,  -18850, -1.92,   -9535, -1.94,   -9315, -1.90
 167,-346.00,  -18565, -1.89,   -9467, -1.93,   -9098, -1.85
 168,-345.00,  -19177, -1.95,  -10299, -2.10,   -8878, -1.81
 169,-344.00,  -19660, -2.00,  -10962, -2.23,   -8698, -1.77
 170,-343.00,  -19223, -1.96,  -10960, -2.23,   -8263, -1.68
 171,-342.00,  -18960, -1.93,  -11215, -2.28,   -7745, -1.58
 172,-341.00,  -18662, -1.90,  -11298, -2.30,   -7364, -1.50
 173,-340.00,  -18154, -1.85,  -11060, -2.25,   -7094, -1.44
 174,-339.00,  -17606, -1.79,  -10798, -2.20,   -6808, -1.39
 175,-338.00,  -17397, -1.77,  -10701, -2.18,   -6696, -1.36
 176,-337.00,  -17360, -1.77,  -10609, -2.16,   -6751, -1.37
 177,-336.00,  -17277, -1.76,  -10416, -2.12,   -6861, -1.40
 178,-335.00,  -16874, -1.72,  -10104, -2.06,   -6770, -1.38
 179,-334.00,  -16508, -1.68,  -10111, -2.06,   -6397, -1.30
 180,-333.00,  -16734, -1.70,  -10483, -2.13,   -6251, -1.27
 181,-332.00,  -17007, -1.73,  -10506, -2.14,   -6501, -1.32
 182,-331.00,  -16738, -1.70,  -10245, -2.08,   -6493, -1.32
 183,-330.00,  -16563, -1.68,   -9772, -1.99,   -6791, -1.38
 184,-329.00,  -17491, -1.78,  -10158, -2.07,   -7333, -1.49
 185,-328.00,  -18419, -1.87,  -10471, -2.13,   -7948, -1.62
 186,-327.00,  -18613, -1.89,  -10321, -2.10,   -8292, -1.69
 187,-326.00,  -18739, -1.91,  -10053, -2.05,   -8686, -1.77
 188,-325.00,  -19318, -1.97,  -10197, -2.07,   -9121, -1.86
 189,-324.00,  -20585, -2.09,  -10864, -2.21,   -9721, -1.98
 190,-323.00,  -20867, -2.12,  -10653, -2.17,  -10214, -2.08
 191,-322.00,  -20778, -2.11,  -10345, -2.10,  -10433, -2.12
 192,-321.00,  -20799, -2.12,  -10127, -2.06,  -10672, -2.17
 193,-320.00,  -20691, -2.10,   -9812, -2.00,  -10879, -2.21
 194,-319.00,  -20242, -2.06,   -9332, -1.90,  -10910, -2.22
 195,-318.00,  -19832, -2.02,   -8878, -1.81,  -10954, -2.23
 196,-317.00,  -19362, -1.97,   -8495, -1.73,  -10867, -2.21
 197,-316.00,  -19066, -1.94,   -8301, -1.69,  -10765, -2.19
 198,-315.00,  -19166, -1.95,   -8292, -1.69,  -10874, -2.21
 199,-314.00,  -19184, -1.95,   -8204, -1.67,  -10980, -2.23
 200,-313.00,  -19758, -2.01,   -8649, -1.76,  -11109, -2.26
 201,-312.00,  -20558, -2.09,   -9186, -1.87,  -11372, -2.31
 202,-311.00,  -21800, -2.22,  -10149, -2.06,  -11651, -2.37
 203,-310.00,  -22846, -2.32,  -10710, -2.18,  -12136, -2.47
 204,-309.00,  -22980, -2.34,  -10465, -2.13,  -12515, -2.55
 205,-308.00,  -22814, -2.32,   -9989, -2.03,  -12825, -2.61
 206,-307.00,  -22901, -2.33,   -9837, -2.00,  -13064, -2.66
 207,-306.00,  -24312, -2.47,  -10613, -2.16,  -13699, -2.79
 208,-305.00,  -26366, -2.68,  -11923, -2.43,  -14443, -2.94
 209,-304.00,  -28179, -2.87,  -12591, -2.56,  -15588, -3.17
 210,-303.00,  -29698, -3.02,  -12688, -2.58,  -17010, -3.46
 211,-302.00,  -31165, -3.17,  -12761, -2.60,  -18404, -3.74
 212,-301.00,  -32766, -3.33,  -13344, -2.71,  -19422, -3.95
 213,-300.00,  -34499, -3.51,  -13939, -2.84,  -20560, -4.18
 214,-299.00,  -36326, -3.70,  -14734, -3.00,  -21592, -4.39
 215,-298.00,  -38273, -3.89,  -15830, -3.22,  -22443, -4.57
 216,-297.00,  -39428, -4.01,  -16245, -3.31,  -23183, -4.72
 217,-296.00,  -40533, -4.12,  -16456, -3.35,  -24077, -4.90
 218,-295.00,  -41710, -4.24,  -16765, -3.41,  -24945, -5.08
 219,-294.00,  -42207, -4.29,  -16288, -3.31,  -25919, -5.27
 220,-293.00,  -42101, -4.28,  -15420, -3.14,  -26681, -5.43
 221,-292.00,  -42502, -4.32,  -14982, -3.05,  -27520, -5.60
 222,-291.00,  -43198, -4.39,  -15149, -3.08,  -28049, -5.71
 223,-290.00,  -42958, -4.37,  -14263, -2.90,  -28695, -5.84
 224,-289.00,  -43102, -4.38,  -13555, -2.76,  -29547, -6.01
 225,-288.00,  -43203, -4.39,  -13005, -2.65,  -30198, -6.14
 226,-287.00,  -43135, -4.39,  -12239, -2.49,  -30896, -6.29
 227,-286.00,  -42722, -4.35,  -11030, -2.24,  -31692, -6.45
 228,-285.00,  -42252, -4.30,   -9611, -1.96,  -32641, -6.64
 229,-284.00,  -41033, -4.17,   -7739, -1.57,  -33294, -6.77
 230,-283.00,  -39438, -4.01,   -5884, -1.20,  -33554, -6.83
 231,-282.00,  -38451, -3.91,   -4695, -0.96,  -33756, -6.87
 232,-281.00,  -37615, -3.83,   -3620, -0.74,  -33995, -6.92
 233,-280.00,  -36232, -3.69,   -1953, -0.40,  -34279, -6.97
 234,-279.00,  -34348, -3.49,    -114, -0.02,  -34234, -6.97
 235,-278.00,  -32138, -3.27,    1939,  0.39,  -34077, -6.93
 236,-277.00,  -30451, -3.10,    3675,  0.75,  -34126, -6.94
 237,-276.00,  -29190, -2.97,    5122,  1.04,  -34312, -6.98
 238,-275.00,  -27650, -2.81,    6634,  1.35,  -34284, -6.98
 239,-274.00,  -26516, -2.70,    8237,  1.68,  -34753, -7.07
 240,-273.00,  -25102, -2.55,   10038,  2.04,  -35140, -7.15
 241,-272.00,  -23341, -2.37,   11950,  2.43,  -35291, -7.18
 242,-271.00,  -21920, -2.23,   13587,  2.76,  -35507, -7.22
 243,-270.00,  -20454, -2.08,   14998,  3.05,  -35452, -7.21
 244,-269.00,  -20063, -2.04,   15494,  3.15,  -35557, -7.23
 245,-268.00,  -19088, -1.94,   16399,  3.34,  -35487, -7.22
 246,-267.00,  -18388, -1.87,   17061,  3.47,  -35449, -7.21
 247,-266.00,  -17614, -1.79,   17922,  3.65,  -35536, -7.23
 248,-265.00,  -16661, -1.69,   18921,  3.85,  -35582, -7.24
 249,-264.00,  -15810, -1.61,   19572,  3.98,  -35382, -7.20
 250,-263.00,  -14883, -1.51,   20262,  4.12,  -35145, -7.15
 251,-262.00,  -13855, -1.41,   21030,  4.28,  -34885, -7.10
 252,-261.00,  -12985, -1.32,   21661,  4.41,  -34646, -7.05
 253,-260.00,  -11757, -1.20,   22507,  4.58,  -34264, -6.97
 254,-259.00,  -10204, -1.04,   23517,  4.78,  -33721, -6.86
 255,-258.00,   -8978, -0.91,   24105,  4.90,  -33083, -6.73
 256,-257.00,   -8008, -0.81,   24867,  5.06,  -32875, -6.69
 257,-256.00,   -7004, -0.71,   25600,  5.21,  -32604, -6.63
 258,-255.00,   -6009, -0.61,   26158,  5.32,  -32167, -6.54
 259,-254.00,   -5190, -0.53,   26367,  5.36,  -31557, -6.42
 260,-253.00,   -3982, -0.41,   26916,  5.48,  -30898, -6.29
 261,-252.00,   -2899, -0.29,   27518,  5.60,  -30417, -6.19
 262,-251.00,   -2355, -0.24,   27546,  5.60,  -29901, -6.08
 263,-250.00,   -1572, -0.16,   27757,  5.65,  -29329, -5.97
 264,-249.00,     109,  0.01,   28838,  5.87,  -28729, -5.85
 265,-248.00,    1529,  0.16,   29691,  6.04,  -28162, -5.73
 266,-247.00,    2699,  0.27,   30040,  6.11,  -27341, -5.56
 267,-246.00,    3832,  0.39,   30230,  6.15,  -26398, -5.37
 268,-245.00,    4051,  0.41,   29425,  5.99,  -25374, -5.16
 269,-244.00,    4374,  0.44,   28788,  5.86,  -24414, -4.97
 270,-243.00,    4590,  0.47,   28231,  5.74,  -23641, -4.81
 271,-242.00,    4643,  0.47,   27606,  5.62,  -22963, -4.67
 272,-241.00,    4220,  0.43,   26740,  5.44,  -22520, -4.58
 273,-240.00,    4061,  0.41,   25787,  5.25,  -21726, -4.42
 274,-239.00,    4818,  0.49,   25492,  5.19,  -20674, -4.21
 275,-238.00,    5602,  0.57,   25309,  5.15,  -19707, -4.01
 276,-237.00,    6680,  0.68,   25147,  5.12,  -18467, -3.76
 277,-236.00,    7133,  0.73,   24326,  4.95,  -17193, -3.50
 278,-235.00,    7570,  0.77,   23637,  4.81,  -16067, -3.27
 279,-234.00,    7945,  0.81,   22851,  4.65,  -14906, -3.03
 280,-233.00,    8277,  0.84,   21871,  4.45,  -13594, -2.77
 281,-232.00,    8462,  0.86,   20836,  4.24,  -12374, -2.52
 282,-231.00,    8460,  0.86,   19695,  4.01,  -11235, -2.29
 283,-230.00,    8870,  0.90,   19039,  3.87,  -10169, -2.07
 284,-229.00,    9546,  0.97,   18346,  3.73,   -8800, -1.79
 285,-228.00,   10156,  1.03,   17636,  3.59,   -7480, -1.52
 286,-227.00,   10935,  1.11,   17129,  3.49,   -6194, -1.26
 287,-226.00,   12115,  1.23,   16898,  3.44,   -4783, -0.97
 288,-225.00,   12960,  1.32,   16400,  3.34,   -3440, -0.70
 289,-224.00,   13852,  1.41,   15903,  3.24,   -2051, -0.42
 290,-223.00,   14648,  1.49,   15425,  3.14,    -777, -0.16
 291,-222.00,   14972,  1.52,   14691,  2.99,     281,  0.06
 292,-221.00,   15130,  1.54,   13875,  2.82,    1255,  0.26
 293,-220.00,   16252,  1.65,   13918,  2.83,    2334,  0.47
 294,-219.00,   17612,  1.79,   14248,  2.90,    3364,  0.68
 295,-218.00,   18619,  1.89,   14315,  2.91,    4304,  0.88
 296,-217.00,   19331,  1.97,   13869,  2.82,    5462,  1.11
 297,-216.00,   19868,  2.02,   13624,  2.77,    6244,  1.27
 298,-215.00,   20316,  2.07,   13443,  2.74,    6873,  1.40
 299,-214.00,   20769,  2.11,   13032,  2.65,    7737,  1.57
 300,-213.00,   21261,  2.16,   12528,  2.55,    8733,  1.78
 301,-212.00,   21802,  2.22,   12115,  2.46,    9687,  1.97
 302,-211.00,   22189,  2.26,   11699,  2.38,   10490,  2.13
 303,-210.00,   22914,  2.33,   11630,  2.37,   11284,  2.30
 304,-209.00,   23335,  2.37,   11422,  2.32,   11913,  2.42
 305,-208.00,   23432,  2.38,   10852,  2.21,   12580,  2.56
 306,-207.00,   23284,  2.37,   10065,  2.05,   13219,  2.69
 307,-206.00,   23414,  2.38,    9678,  1.97,   13736,  2.79
 308,-205.00,   24192,  2.46,    9814,  2.00,   14378,  2.93
 309,-204.00,   23977,  2.44,    9043,  1.84,   14934,  3.04
 310,-203.00,   23986,  2.44,    8346,  1.70,   15640,  3.18
 311,-202.00,   24488,  2.49,    8041,  1.64,   16447,  3.35
 312,-201.00,   24823,  2.53,    7989,  1.63,   16834,  3.42
 313,-200.00,   25273,  2.57,    7855,  1.60,   17418,  3.54
 314,-199.00,   25108,  2.55,    7110,  1.45,   17998,  3.66
 315,-198.00,   24114,  2.45,    5746,  1.17,   18368,  3.74
 316,-197.00,   23277,  2.37,    4687,  0.95,   18590,  3.78
 317,-196.00,   23032,  2.34,    4213,  0.86,   18819,  3.83
 318,-195.00,   22419,  2.28,    3394,  0.69,   19025,  3.87
 319,-194.00,   21853,  2.22,    2690,  0.55,   19163,  3.90
 320,-193.00,   21851,  2.22,    2237,  0.46,   19614,  3.99
 321,-192.00,   21669,  2.20,    1475,  0.30,   20194,  4.11
 322,-191.00,   21154,  2.15,     921,  0.19,   20233,  4.12
 323,-190.00,   20131,  2.05,     -55, -0.01,   20186,  4.11
 324,-189.00,   19852,  2.02,    -140, -0.03,   19992,  4.07
 325,-188.00,   19533,  1.99,     -26, -0.00,   19559,  3.98
 326,-187.00,   18720,  1.90,    -307, -0.06,   19027,  3.87
 327,-186.00,   17886,  1.82,    -660, -0.13,   18546,  3.77
 328,-185.00,   16881,  1.72,   -1350, -0.27,   18231,  3.71
 329,-184.00,   16409,  1.67,   -1738, -0.35,   18147,  3.69
 330,-183.00,   15964,  1.62,   -1993, -0.41,   17957,  3.65
 331,-182.00,   15082,  1.53,   -2165, -0.44,   17247,  3.51
 332,-181.00,   14100,  1.43,   -2815, -0.57,   16915,  3.44
 333,-180.00,   13563,  1.38,   -2962, -0.60,   16525,  3.36
 334,-179.00,   12037,  1.22,   -3899, -0.79,   15936,  3.24
 335,-178.00,   10916,  1.11,   -4481, -0.91,   15397,  3.13
 336,-177.00,   10374,  1.06,   -4577, -0.93,   14951,  3.04
 337,-176.00,    9769,  0.99,   -4691, -0.95,   14460,  2.94
 338,-175.00,    7996,  0.81,   -5824, -1.18,   13820,  2.81
 339,-174.00,    7325,  0.75,   -6125, -1.25,   13450,  2.74
 340,-173.00,    7064,  0.72,   -6215, -1.26,   13279,  2.70
 341,-172.00,    7138,  0.73,   -5770, -1.17,   12908,  2.63
 342,-171.00,    6548,  0.67,   -5938, -1.21,   12486,  2.54
 343,-170.00,    6405,  0.65,   -5689, -1.16,   12094,  2.46
 344,-169.00,    7023,  0.71,   -4567, -0.93,   11590,  2.36
 345,-168.00,    7355,  0.75,   -3464, -0.70,   10819,  2.20
 346,-167.00,    7718,  0.79,   -2403, -0.49,   10121,  2.06
 347,-166.00,    8617,  0.88,    -922, -0.19,    9539,  1.94
 348,-165.00,   10195,  1.04,     932,  0.19,    9263,  1.88
 349,-164.00,   11815,  1.20,    2644,  0.54,    9171,  1.87
 350,-163.00,   13911,  1.42,    4833,  0.98,    9078,  1.85
 351,-162.00,   15330,  1.56,    6336,  1.29,    8994,  1.83
 352,-161.00,   17200,  1.75,    7988,  1.63,    9212,  1.87
 353,-160.00,   18884,  1.92,    9670,  1.97,    9214,  1.87
 354,-159.00,   20425,  2.08,   11543,  2.35,    8882,  1.81
 355,-158.00,   22099,  2.25,   13508,  2.75,    8591,  1.75
 356,-157.00,   23974,  2.44,   15689,  3.19,    8285,  1.69
 357,-156.00,   25751,  2.62,   17553,  3.57,    8198,  1.67
 358,-155.00,   27797,  2.83,   19527,  3.97,    8270,  1.68
 359,-154.00,   29021,  2.95,   20684,  4.21,    8337,  1.70
 360,-153.00,   30689,  3.12,   22477,  4.57,    8212,  1.67
 361,-152.00,   32705,  3.33,   24490,  4.98,    8215,  1.67
 362,-151.00,   34261,  3.49,   26015,  5.29,    8246,  1.68
 363,-150.00,   35723,  3.63,   27425,  5.58,    8298,  1.69
 364,-149.00,   37357,  3.80,   29106,  5.92,    8251,  1.68
 365,-148.00,   39012,  3.97,   30897,  6.29,    8115,  1.65
 366,-147.00,   40050,  4.07,   32180,  6.55,    7870,  1.60
 367,-146.00,   41078,  4.18,   33582,  6.83,    7496,  1.53
 368,-145.00,   42401,  4.31,   35071,  7.14,    7330,  1.49
 369,-144.00,   43584,  4.43,   36303,  7.39,    7281,  1.48
 370,-143.00,   44805,  4.56,   37591,  7.65,    7214,  1.47
 371,-142.00,   46051,  4.68,   39093,  7.95,    6958,  1.42
 372,-141.00,   47424,  4.82,   40853,  8.31,    6571,  1.34
 373,-140.00,   48243,  4.91,   41692,  8.48,    6551,  1.33
 374,-139.00,   48653,  4.95,   42054,  8.56,    6599,  1.34
 375,-138.00,   48326,  4.92,   41789,  8.50,    6537,  1.33
 376,-137.00,   47746,  4.86,   41877,  8.52,    5869,  1.19
 377,-136.00,   46983,  4.78,   42226,  8.59,    4757,  0.97
 378,-135.00,   45729,  4.65,   41859,  8.52,    3870,  0.79
 379,-134.00,   44816,  4.56,   41527,  8.45,    3289,  0.67
 380,-133.00,   44243,  4.50,   41367,  8.42,    2876,  0.59
 381,-132.00,   43556,  4.43,   41011,  8.34,    2545,  0.52
 382,-131.00,   42659,  4.34,   40281,  8.20,    2378,  0.48
 383,-130.00,   41620,  4.23,   39405,  8.02,    2215,  0.45
 384,-129.00,   41301,  4.20,   39080,  7.95,    2221,  0.45
 385,-128.00,   40113,  4.08,   37888,  7.71,    2225,  0.45
 386,-127.00,   38220,  3.89,   36298,  7.39,    1922,  0.39
 387,-126.00,   36565,  3.72,   35284,  7.18,    1281,  0.26
 388,-125.00,   34788,  3.54,   34023,  6.92,     765,  0.16
 389,-124.00,   33122,  3.37,   32795,  6.67,     327,  0.07
 390,-123.00,   31785,  3.23,   31748,  6.46,      37,  0.00
 391,-122.00,   31023,  3.16,   31083,  6.32,     -60, -0.01
 392,-121.00,   30329,  3.09,   30695,  6.25,    -366, -0.07
 393,-120.00,   28830,  2.93,   29512,  6.00,    -682, -0.14
 394,-119.00,   27630,  2.81,   28473,  5.79,    -843, -0.17
 395,-118.00,   26573,  2.70,   27239,  5.54,    -666, -0.14
 396,-117.00,   25562,  2.60,   25913,  5.27,    -351, -0.07
 397,-116.00,   24152,  2.46,   24761,  5.04,    -609, -0.12
 398,-115.00,   22655,  2.30,   23218,  4.72,    -563, -0.11
 399,-114.00,   22006,  2.24,   22095,  4.50,     -89, -0.02
 400,-113.00,   20715,  2.11,   20839,  4.24,    -124, -0.03
 401,-112.00,   18790,  1.91,   18971,  3.86,    -181, -0.04
 402,-111.00,   17382,  1.77,   17515,  3.56,    -133, -0.03
 403,-110.00,   15882,  1.62,   16296,  3.32,    -414, -0.08
 404,-109.00,   15367,  1.56,   15708,  3.20,    -341, -0.07
 405,-108.00,   14227,  1.45,   14235,  2.90,      -8, -0.00
 406,-107.00,   12784,  1.30,   12323,  2.51,     461,  0.09
 407,-106.00,   11443,  1.16,   10544,  2.15,     899,  0.18
 408,-105.00,   10167,  1.03,    8969,  1.82,    1198,  0.24
 409,-104.00,    9036,  0.92,    7322,  1.49,    1714,  0.35
 410,-103.00,    8129,  0.83,    5373,  1.09,    2756,  0.56
 411,-102.00,    6778,  0.69,    3135,  0.64,    3643,  0.74
 412,-101.00,    5012,  0.51,    1235,  0.25,    3777,  0.77
 413,-100.00,    3313,  0.34,    -573, -0.12,    3886,  0.79
 414,-99.00,    1872,  0.19,   -2727, -0.55,    4599,  0.94
 415,-98.00,     508,  0.05,   -4867, -0.99,    5375,  1.09
 416,-97.00,   -1247, -0.13,   -7122, -1.45,    5875,  1.20
 417,-96.00,   -3035, -0.31,   -9582, -1.95,    6547,  1.33
 418,-95.00,   -4341, -0.44,  -11815, -2.40,    7474,  1.52
 419,-94.00,   -5977, -0.61,  -14075, -2.86,    8098,  1.65
 420,-93.00,   -7396, -0.75,  -15816, -3.22,    8420,  1.71
 421,-92.00,   -9486, -0.96,  -17509, -3.56,    8023,  1.63
 422,-91.00,  -11252, -1.14,  -18879, -3.84,    7627,  1.55
 423,-90.00,  -12942, -1.32,  -20243, -4.12,    7301,  1.49
 424,-89.00,  -14753, -1.50,  -22087, -4.49,    7334,  1.49
 425,-88.00,  -16389, -1.67,  -24107, -4.90,    7718,  1.57
 426,-87.00,  -17924, -1.82,  -25568, -5.20,    7644,  1.56
 427,-86.00,  -19141, -1.95,  -26435, -5.38,    7294,  1.48
 428,-85.00,  -20293, -2.06,  -26973, -5.49,    6680,  1.36
 429,-84.00,  -21980, -2.24,  -27638, -5.62,    5658,  1.15
 430,-83.00,  -23249, -2.37,  -28184, -5.73,    4935,  1.00
 431,-82.00,  -24745, -2.52,  -28857, -5.87,    4112,  0.84
 432,-81.00,  -25944, -2.64,  -29614, -6.03,    3670,  0.75
 433,-80.00,  -26916, -2.74,  -30227, -6.15,    3311,  0.67
 434,-79.00,  -27638, -2.81,  -30561, -6.22,    2923,  0.59
 435,-78.00,  -27435, -2.79,  -30730, -6.25,    3295,  0.67
 436,-77.00,  -27912, -2.84,  -31209, -6.35,    3297,  0.67
 437,-76.00,  -28163, -2.86,  -31206, -6.35,    3043,  0.62
 438,-75.00,  -28883, -2.94,  -31163, -6.34,    2280,  0.46
 439,-74.00,  -30228, -3.08,  -31726, -6.45,    1498,  0.30
 440,-73.00,  -31457, -3.20,  -32656, -6.64,    1199,  0.24
 441,-72.00,  -32414, -3.30,  -33208, -6.76,     794,  0.16
 442,-71.00,  -33718, -3.43,  -33975, -6.91,     257,  0.05
 443,-70.00,  -34925, -3.55,  -35000, -7.12,      75,  0.02
 444,-69.00,  -35092, -3.57,  -35431, -7.21,     339,  0.07
 445,-68.00,  -35287, -3.59,  -35960, -7.32,     673,  0.14
 446,-67.00,  -35690, -3.63,  -36740, -7.48,    1050,  0.21
 447,-66.00,  -36064, -3.67,  -37407, -7.61,    1343,  0.27
 448,-65.00,  -36785, -3.74,  -38321, -7.80,    1536,  0.31
 449,-64.00,  -36803, -3.74,  -38711, -7.88,    1908,  0.39
 450,-63.00,  -36741, -3.74,  -38644, -7.86,    1903,  0.39
 451,-62.00,  -36778, -3.74,  -38738, -7.88,    1960,  0.40
 452,-61.00,  -36493, -3.71,  -38721, -7.88,    2228,  0.45
 453,-60.00,  -36208, -3.68,  -38693, -7.87,    2485,  0.51
 454,-59.00,  -35735, -3.64,  -38251, -7.78,    2516,  0.51
 455,-58.00,  -35000, -3.56,  -37691, -7.67,    2691,  0.55
 456,-57.00,  -34019, -3.46,  -36570, -7.44,    2551,  0.52
 457,-56.00,  -32606, -3.32,  -35142, -7.15,    2536,  0.52
 458,-55.00,  -30877, -3.14,  -33662, -6.85,    2785,  0.57
 459,-54.00,  -29716, -3.02,  -32677, -6.65,    2961,  0.60
 460,-53.00,  -28372, -2.89,  -31783, -6.47,    3411,  0.69
 461,-52.00,  -26970, -2.74,  -30749, -6.26,    3779,  0.77
 462,-51.00,  -25468, -2.59,  -29699, -6.04,    4231,  0.86
 463,-50.00,  -23640, -2.40,  -28554, -5.81,    4914,  1.00
 464,-49.00,  -22288, -2.27,  -27883, -5.67,    5595,  1.14
 465,-48.00,  -20892, -2.13,  -27219, -5.54,    6327,  1.29
 466,-47.00,  -18478, -1.88,  -25883, -5.27,    7405,  1.51
 467,-46.00,  -16031, -1.63,  -24498, -4.98,    8467,  1.72
 468,-45.00,  -13945, -1.42,  -23560, -4.79,    9615,  1.96
 469,-44.00,  -12133, -1.23,  -22885, -4.66,   10752,  2.19
 470,-43.00,   -9569, -0.97,  -21719, -4.42,   12150,  2.47
 471,-42.00,   -7060, -0.72,  -20351, -4.14,   13291,  2.70
 472,-41.00,   -5030, -0.51,  -19237, -3.91,   14207,  2.89
 473,-40.00,   -3357, -0.34,  -18216, -3.71,   14859,  3.02
 474,-39.00,   -1653, -0.17,  -17454, -3.55,   15801,  3.21
 475,-38.00,     134,  0.01,  -16325, -3.32,   16459,  3.35
 476,-37.00,    1843,  0.19,  -14894, -3.03,   16737,  3.41
 477,-36.00,    4813,  0.49,  -12924, -2.63,   17737,  3.61
 478,-35.00,    7284,  0.74,  -11165, -2.27,   18449,  3.75
 479,-34.00,    9235,  0.94,   -9604, -1.95,   18839,  3.83
 480,-33.00,   11370,  1.16,   -8150, -1.66,   19520,  3.97
 481,-32.00,   13667,  1.39,   -6496, -1.32,   20163,  4.10
 482,-31.00,   15881,  1.62,   -4769, -0.97,   20650,  4.20
 483,-30.00,   18632,  1.90,   -2879, -0.59,   21511,  4.38
 484,-29.00,   20887,  2.12,   -1252, -0.25,   22139,  4.50
 485,-28.00,   22438,  2.28,     -59, -0.01,   22497,  4.58
 486,-27.00,   24562,  2.50,    1750,  0.36,   22812,  4.64
 487,-26.00,   26284,  2.67,    3080,  0.63,   23204,  4.72
 488,-25.00,   27266,  2.77,    4107,  0.84,   23159,  4.71
 489,-24.00,   28002,  2.85,    4883,  0.99,   23119,  4.70
 490,-23.00,   28845,  2.93,    5895,  1.20,   22950,  4.67
 491,-22.00,   29562,  3.01,    6893,  1.40,   22669,  4.61
 492,-21.00,   30179,  3.07,    8010,  1.63,   22169,  4.51
 493,-20.00,   30791,  3.13,    9046,  1.84,   21745,  4.42
 494,-19.00,   31489,  3.20,   10378,  2.11,   21111,  4.30
 495,-18.00,   31942,  3.25,   11409,  2.32,   20533,  4.18
 496,-17.00,   31803,  3.24,   11774,  2.40,   20029,  4.08
 497,-16.00,   31879,  3.24,   12608,  2.57,   19271,  3.92
 498,-15.00,   32155,  3.27,   13487,  2.74,   18668,  3.80
 499,-14.00,   31558,  3.21,   13752,  2.80,   17806,  3.62
 500,-13.00,   31154,  3.17,   14063,  2.86,   17091,  3.48
 501,-12.00,   31003,  3.15,   14379,  2.93,   16624,  3.38
 502,-11.00,   31180,  3.17,   14241,  2.90,   16939,  3.45
 503,-10.00,   31626,  3.22,   14477,  2.95,   17149,  3.49
 504,-9.00,   32373,  3.29,   15095,  3.07,   17278,  3.52
 505,-8.00,   32395,  3.30,   15110,  3.07,   17285,  3.52
 506,-7.00,   32022,  3.26,   15051,  3.06,   16971,  3.45
 507,-6.00,   31580,  3.21,   15409,  3.14,   16171,  3.29
 508,-5.00,   31255,  3.18,   15748,  3.20,   15507,  3.16
 509,-4.00,   31526,  3.21,   16094,  3.27,   15432,  3.14
 510,-3.00,   31927,  3.25,   16647,  3.39,   15280,  3.11
 511,-2.00,   32361,  3.29,   17369,  3.53,   14992,  3.05
 512,-1.00,   32056,  3.26,   17720,  3.61,   14336,  2.92
 513,0.00,   31359,  3.19,   17786,  3.62,   13573,  2.76
 514,1.00,   31153,  3.17,   18218,  3.71,   12935,  2.63
 515,2.00,   30892,  3.14,   18552,  3.77,   12340,  2.51
 516,3.00,   31898,  3.24,   19431,  3.95,   12467,  2.54
 517,4.00,   32387,  3.29,   20038,  4.08,   12349,  2.51
 518,5.00,   31990,  3.25,   19773,  4.02,   12217,  2.49
 519,6.00,   30915,  3.14,   18878,  3.84,   12037,  2.45
 520,7.00,   30283,  3.08,   18313,  3.73,   11970,  2.44
 521,8.00,   30505,  3.10,   18482,  3.76,   12023,  2.45
 522,9.00,   31204,  3.17,   19630,  3.99,   11574,  2.35
 523,10.00,   32087,  3.26,   20627,  4.20,   11460,  2.33
 524,11.00,   31990,  3.25,   20866,  4.25,   11124,  2.26
 525,12.00,   31293,  3.18,   20803,  4.23,   10490,  2.13
 526,13.00,   30783,  3.13,   20966,  4.27,    9817,  2.00
 527,14.00,   30816,  3.13,   21157,  4.30,    9659,  1.97
 528,15.00,   30455,  3.10,   20990,  4.27,    9465,  1.93
 529,16.00,   30099,  3.06,   21096,  4.29,    9003,  1.83
 530,17.00,   29470,  3.00,   21221,  4.32,    8249,  1.68
 531,18.00,   29381,  2.99,   21763,  4.43,    7618,  1.55
 532,19.00,   28929,  2.94,   21567,  4.39,    7362,  1.50
 533,20.00,   28290,  2.88,   20982,  4.27,    7308,  1.49
 534,21.00,   27521,  2.80,   20894,  4.25,    6627,  1.35
 535,22.00,   26618,  2.71,   20724,  4.22,    5894,  1.20
 536,23.00,   27112,  2.76,   21506,  4.38,    5606,  1.14
 537,24.00,   27502,  2.80,   21736,  4.42,    5766,  1.17
 538,25.00,   26888,  2.74,   21286,  4.33,    5602,  1.14
 539,26.00,   26472,  2.69,   21419,  4.36,    5053,  1.03
 540,27.00,   25766,  2.62,   21262,  4.33,    4504,  0.92
 541,28.00,   25010,  2.54,   21117,  4.30,    3893,  0.79
 542,29.00,   24284,  2.47,   20893,  4.25,    3391,  0.69
 543,30.00,   23709,  2.41,   20750,  4.22,    2959,  0.60
 544,31.00,   22775,  2.32,   20704,  4.21,    2071,  0.42
 545,32.00,   22127,  2.25,   20749,  4.22,    1378,  0.28
 546,33.00,   20870,  2.12,   20327,  4.14,     543,  0.11
 547,34.00,   19903,  2.02,   20286,  4.13,    -383, -0.08
 548,35.00,   17665,  1.80,   19538,  3.98,   -1873, -0.38
 549,36.00,   15605,  1.59,   18511,  3.77,   -2906, -0.59
 550,37.00,   13805,  1.40,   17527,  3.57,   -3722, -0.76
 551,38.00,   11916,  1.21,   16713,  3.40,   -4797, -0.98
 552,39.00,   10295,  1.05,   16460,  3.35,   -6165, -1.25
 553,40.00,    7971,  0.81,   15515,  3.16,   -7544, -1.53
 554,41.00,    6779,  0.69,   15499,  3.15,   -8720, -1.77
 555,42.00,    4667,  0.47,   15306,  3.11,  -10639, -2.16
 556,43.00,    2332,  0.24,   14636,  2.98,  -12304, -2.50
 557,44.00,    -179, -0.02,   13749,  2.80,  -13928, -2.83
 558,45.00,   -1778, -0.18,   13552,  2.76,  -15330, -3.12
 559,46.00,   -3228, -0.33,   13548,  2.76,  -16776, -3.41
 560,47.00,   -4725, -0.48,   13513,  2.75,  -18238, -3.71
 561,48.00,   -6313, -0.64,   13607,  2.77,  -19920, -4.05
 562,49.00,   -8391, -0.85,   13170,  2.68,  -21561, -4.39
 563,50.00,  -10737, -1.09,   12728,  2.59,  -23465, -4.77
 564,51.00,  -12595, -1.28,   12719,  2.59,  -25314, -5.15
 565,52.00,  -14535, -1.48,   12750,  2.59,  -27285, -5.55
 566,53.00,  -16768, -1.71,   12000,  2.44,  -28768, -5.85
 567,54.00,  -18546, -1.89,   11886,  2.42,  -30432, -6.19
 568,55.00,  -19816, -2.02,   12180,  2.48,  -31996, -6.51
 569,56.00,  -21381, -2.18,   11948,  2.43,  -33329, -6.78
 570,57.00,  -22910, -2.33,   11832,  2.41,  -34742, -7.07
 571,58.00,  -24002, -2.44,   11499,  2.34,  -35501, -7.22
 572,59.00,  -24581, -2.50,   11352,  2.31,  -35933, -7.31
 573,60.00,  -25210, -2.56,   11399,  2.32,  -36609, -7.45
 574,61.00,  -26799, -2.73,   10914,  2.22,  -37713, -7.67
 575,62.00,  -28726, -2.92,   10284,  2.09,  -39010, -7.94
 576,63.00,  -30239, -3.08,    9787,  1.99,  -40026, -8.14
 577,64.00,  -31211, -3.18,    9692,  1.97,  -40903, -8.32
 578,65.00,  -32182, -3.27,    9277,  1.89,  -41459, -8.44
 579,66.00,  -32823, -3.34,    9008,  1.83,  -41831, -8.51
 580,67.00,  -33415, -3.40,    8691,  1.77,  -42106, -8.57
 581,68.00,  -34935, -3.55,    7591,  1.54,  -42526, -8.65
 582,69.00,  -35485, -3.61,    7125,  1.45,  -42610, -8.67
 583,70.00,  -35914, -3.65,    6319,  1.29,  -42233, -8.59
 584,71.00,  -35753, -3.64,    6187,  1.26,  -41940, -8.53
 585,72.00,  -34609, -3.52,    6818,  1.39,  -41427, -8.43
 586,73.00,  -34231, -3.48,    6501,  1.32,  -40732, -8.29
 587,74.00,  -33754, -3.43,    6282,  1.28,  -40036, -8.15
 588,75.00,  -33279, -3.39,    5633,  1.15,  -38912, -7.92
 589,76.00,  -33593, -3.42,    4180,  0.85,  -37773, -7.69
 590,77.00,  -32689, -3.33,    3473,  0.71,  -36162, -7.36
 591,78.00,  -31610, -3.22,    2950,  0.60,  -34560, -7.03
 592,79.00,  -30228, -3.08,    2823,  0.57,  -33051, -6.72
 593,80.00,  -28649, -2.91,    3068,  0.62,  -31717, -6.45
 594,81.00,  -27796, -2.83,    2403,  0.49,  -30199, -6.14
 595,82.00,  -26199, -2.67,    2227,  0.45,  -28426, -5.78
 596,83.00,  -24152, -2.46,    2066,  0.42,  -26218, -5.33
 597,84.00,  -21907, -2.23,    2186,  0.44,  -24093, -4.90
 598,85.00,  -20382, -2.07,    1840,  0.37,  -22222, -4.52
 599,86.00,  -19404, -1.97,    1055,  0.21,  -20459, -4.16
 600,87.00,  -18262, -1.86,     573,  0.12,  -18835, -3.83
 601,88.00,  -17001, -1.73,     527,  0.11,  -17528, -3.57
 602,89.00,  -15819, -1.61,     305,  0.06,  -16124, -3.28
 603,90.00,  -15394, -1.57,    -404, -0.08,  -14990, -3.05
 604,91.00,  -14657, -1.49,    -815, -0.17,  -13842, -2.82
 605,92.00,  -14103, -1.43,   -1158, -0.24,  -12945, -2.63
 606,93.00,  -14084, -1.43,   -1852, -0.38,  -12232, -2.49
 607,94.00,  -13207, -1.34,   -1942, -0.40,  -11265, -2.29
 608,95.00,  -13088, -1.33,   -2561, -0.52,  -10527, -2.14
 609,96.00,  -12929, -1.32,   -3343, -0.68,   -9586, -1.95
 610,97.00,  -12381, -1.26,   -4052, -0.82,   -8329, -1.69
 611,98.00,  -11258, -1.15,   -4147, -0.84,   -7111, -1.45
 612,99.00,  -10820, -1.10,   -4583, -0.93,   -6237, -1.27
 613,100.00,  -11039, -1.12,   -5267, -1.07,   -5772, -1.17
 614,101.00,  -11433, -1.16,   -5873, -1.19,   -5560, -1.13
 615,102.00,  -11540, -1.17,   -6177, -1.26,   -5363, -1.09
 616,103.00,  -12062, -1.23,   -7265, -1.48,   -4797, -0.98
 617,104.00,  -12000, -1.22,   -7911, -1.61,   -4089, -0.83
 618,105.00,  -11195, -1.14,   -7912, -1.61,   -3283, -0.67
 619,106.00,  -10551, -1.07,   -8027, -1.63,   -2524, -0.51
 620,107.00,  -10059, -1.02,   -8503, -1.73,   -1556, -0.32
 621,108.00,  -10219, -1.04,   -9536, -1.94,    -683, -0.14
 622,109.00,   -9528, -0.97,  -10128, -2.06,     600,  0.12
 623,110.00,   -9203, -0.94,  -10926, -2.22,    1723,  0.35
 624,111.00,   -9153, -0.93,  -11560, -2.35,    2407,  0.49
 625,112.00,   -8564, -0.87,  -11945, -2.43,    3381,  0.69
 626,113.00,   -7987, -0.81,  -12439, -2.53,    4452,  0.91
 627,114.00,   -7404, -0.75,  -12778, -2.60,    5374,  1.09
 628,115.00,   -7354, -0.75,  -13599, -2.77,    6245,  1.27
 629,116.00,   -7816, -0.80,  -14609, -2.97,    6793,  1.38
 630,117.00,   -8184, -0.83,  -15600, -3.17,    7416,  1.51
 631,118.00,   -8099, -0.82,  -16370, -3.33,    8271,  1.68
 632,119.00,   -6861, -0.70,  -16463, -3.35,    9602,  1.95
 633,120.00,   -5260, -0.54,  -16182, -3.29,   10922,  2.22
 634,121.00,   -3785, -0.39,  -15828, -3.22,   12043,  2.45
 635,122.00,   -2169, -0.22,  -15328, -3.12,   13159,  2.68
 636,123.00,   -1442, -0.15,  -15905, -3.24,   14463,  2.94
 637,124.00,   -1433, -0.15,  -16937, -3.45,   15504,  3.15
 638,125.00,    -840, -0.09,  -17060, -3.47,   16220,  3.30
 639,126.00,    -688, -0.07,  -17683, -3.60,   16995,  3.46
 640,127.00,    1105,  0.11,  -16913, -3.44,   18018,  3.67
 641,128.00,    2791,  0.28,  -16198, -3.30,   18989,  3.86
 642,129.00,    3678,  0.37,  -16224, -3.30,   19902,  4.05
 643,130.00,    4459,  0.45,  -16460, -3.35,   20919,  4.26
 644,131.00,    5205,  0.53,  -16637, -3.38,   21842,  4.44
 645,132.00,    5780,  0.59,  -16569, -3.37,   22349,  4.55
 646,133.00,    5971,  0.61,  -16999, -3.46,   22970,  4.67
 647,134.00,    7172,  0.73,  -16209, -3.30,   23381,  4.76
 648,135.00,    7900,  0.80,  -15756, -3.21,   23656,  4.81
 649,136.00,    7393,  0.75,  -16271, -3.31,   23664,  4.81
 650,137.00,    6689,  0.68,  -16884, -3.44,   23573,  4.80
 651,138.00,    5753,  0.59,  -17605, -3.58,   23358,  4.75
 652,139.00,    4116,  0.42,  -19174, -3.90,   23290,  4.74
 653,140.00,    1972,  0.20,  -21094, -4.29,   23066,  4.69
 654,141.00,    1229,  0.13,  -21473, -4.37,   22702,  4.62
 655,142.00,     689,  0.07,  -21511, -4.38,   22200,  4.52
 656,143.00,    -258, -0.03,  -22017, -4.48,   21759,  4.43
 657,144.00,    -621, -0.06,  -21844, -4.44,   21223,  4.32
 658,145.00,    -583, -0.06,  -21027, -4.28,   20444,  4.16
 659,146.00,     556,  0.06,  -19249, -3.92,   19805,  4.03
 660,147.00,     666,  0.07,  -18646, -3.79,   19312,  3.93
 661,148.00,    -592, -0.06,  -19277, -3.92,   18685,  3.80
 662,149.00,   -1029, -0.10,  -18983, -3.86,   17954,  3.65
 663,150.00,   -1998, -0.20,  -19239, -3.91,   17241,  3.51
 664,151.00,   -2703, -0.27,  -18856, -3.84,   16153,  3.29
 665,152.00,   -2781, -0.28,  -17820, -3.63,   15039,  3.06
 666,153.00,   -3013, -0.31,  -17533, -3.57,   14520,  2.95
 667,154.00,   -3352, -0.34,  -17458, -3.55,   14106,  2.87
 668,155.00,   -3749, -0.38,  -17199, -3.50,   13450,  2.74
 669,156.00,   -4095, -0.42,  -17055, -3.47,   12960,  2.64
 670,157.00,   -4151, -0.42,  -16421, -3.34,   12270,  2.50
 671,158.00,   -3747, -0.38,  -15415, -3.14,   11668,  2.37
 672,159.00,   -4515, -0.46,  -15730, -3.20,   11215,  2.28
 673,160.00,   -5800, -0.59,  -16071, -3.27,   10271,  2.09
 674,161.00,   -6350, -0.65,  -15488, -3.15,    9138,  1.86
 675,162.00,   -7159, -0.73,  -15116, -3.08,    7957,  1.62
 676,163.00,   -7084, -0.72,  -14375, -2.92,    7291,  1.48
 677,164.00,   -6306, -0.64,  -12952, -2.64,    6646,  1.35
 678,165.00,   -6471, -0.66,  -12327, -2.51,    5856,  1.19
 679,166.00,   -6470, -0.66,  -11775, -2.40,    5305,  1.08
 680,167.00,   -7465, -0.76,  -12340, -2.51,    4875,  0.99
 681,168.00,   -8580, -0.87,  -12809, -2.61,    4229,  0.86
 682,169.00,   -8336, -0.85,  -12293, -2.50,    3957,  0.81
 683,170.00,   -7420, -0.75,  -11014, -2.24,    3594,  0.73
 684,171.00,   -7122, -0.72,  -10254, -2.09,    3132,  0.64
 685,172.00,   -6839, -0.70,   -9834, -2.00,    2995,  0.61
 686,173.00,   -6041, -0.61,   -8875, -1.81,    2834,  0.58
 687,174.00,   -5631, -0.57,   -7975, -1.62,    2344,  0.48
 688,175.00,   -5946, -0.60,   -7699, -1.57,    1753,  0.36
 689,176.00,   -5369, -0.55,   -6722, -1.37,    1353,  0.28
 690,177.00,   -6894, -0.70,   -7657, -1.56,     763,  0.16
 691,178.00,  -10633, -1.08,  -10507, -2.14,    -126, -0.03
 692,179.00,  -12761, -1.30,  -11848, -2.41,    -913, -0.19
 693,180.00,  -13343, -1.36,  -11468, -2.33,   -1875, -0.38
 694,181.00,  -14359, -1.46,  -11554, -2.35,   -2805, -0.57
 695,182.00,  -16094, -1.64,  -12305, -2.50,   -3789, -0.77
 696,183.00,  -18436, -1.88,  -13673, -2.78,   -4763, -0.97
 697,184.00,  -20927, -2.13,  -15180, -3.09,   -5747, -1.17
 698,185.00,  -21414, -2.18,  -15171, -3.09,   -6243, -1.27
 699,186.00,  -22971, -2.34,  -16413, -3.34,   -6558, -1.33
 700,187.00,  -24296, -2.47,  -17330, -3.53,   -6966, -1.42
 701,188.00,  -26662, -2.71,  -19044, -3.87,   -7618, -1.55
 702,189.00,  -29086, -2.96,  -20851, -4.24,   -8235, -1.68
 703,190.00,  -30949, -3.15,  -22485, -4.57,   -8464, -1.72
 704,191.00,  -32887, -3.35,  -23775, -4.84,   -9112, -1.85
 705,192.00,  -33897, -3.45,  -24571, -5.00,   -9326, -1.90
 706,193.00,  -34523, -3.51,  -25011, -5.09,   -9512, -1.94
 707,194.00,  -35466, -3.61,  -25480, -5.18,   -9986, -2.03
 708,195.00,  -36438, -3.71,  -26307, -5.35,  -10131, -2.06
 709,196.00,  -37299, -3.79,  -27031, -5.50,  -10268, -2.09
 710,197.00,  -37077, -3.77,  -26908, -5.47,  -10169, -2.07
 711,198.00,  -36483, -3.71,  -26431, -5.38,  -10052, -2.05
 712,199.00,  -35345, -3.60,  -25253, -5.14,  -10092, -2.05
 713,200.00,  -35170, -3.58,  -25165, -5.12,  -10005, -2.04
 714,201.00,  -35233, -3.58,  -25489, -5.19,   -9744, -1.98
 715,202.00,  -34615, -3.52,  -25370, -5.16,   -9245, -1.88
 716,203.00,  -34209, -3.48,  -25749, -5.24,   -8460, -1.72
 717,204.00,  -34208, -3.48,  -26137, -5.32,   -8071, -1.64
 718,205.00,  -33868, -3.45,  -26114, -5.31,   -7754, -1.58
 719,206.00,  -32637, -3.32,  -25514, -5.19,   -7123, -1.45
 720,207.00,  -30472, -3.10,  -24020, -4.89,   -6452, -1.31
 721,208.00,  -29831, -3.03,  -23735, -4.83,   -6096, -1.24
 722,209.00,  -29124, -2.96,  -23463, -4.77,   -5661, -1.15
 723,210.00,  -28472, -2.90,  -23314, -4.74,   -5158, -1.05
 724,211.00,  -26553, -2.70,  -21975, -4.47,   -4578, -0.93
 725,212.00,  -24979, -2.54,  -20795, -4.23,   -4184, -0.85
 726,213.00,  -23505, -2.39,  -20020, -4.07,   -3485, -0.71
 727,214.00,  -22213, -2.26,  -19637, -4.00,   -2576, -0.52
 728,215.00,  -21246, -2.16,  -19357, -3.94,   -1889, -0.38
 729,216.00,  -19943, -2.03,  -19089, -3.88,    -854, -0.17
 730,217.00,  -19347, -1.97,  -19469, -3.96,     122,  0.02
 731,218.00,  -18446, -1.88,  -19296, -3.93,     850,  0.17
 732,219.00,  -16469, -1.68,  -18109, -3.68,    1640,  0.33
 733,220.00,  -13297, -1.35,  -15929, -3.24,    2632,  0.54
 734,221.00,   -9490, -0.97,  -13213, -2.69,    3723,  0.76
 735,222.00,   -5960, -0.61,  -10781, -2.19,    4821,  0.98
 736,223.00,   -4484, -0.46,  -10189, -2.07,    5705,  1.16
 737,224.00,   -4646, -0.47,  -11383, -2.32,    6737,  1.37
 738,225.00,   -4943, -0.50,  -12872, -2.62,    7929,  1.61
 739,226.00,   -2989, -0.30,  -12327, -2.51,    9338,  1.90
 740,227.00,    -726, -0.07,  -11266, -2.29,   10540,  2.14
 741,228.00,    -905, -0.09,  -12314, -2.51,   11409,  2.32
 742,229.00,     459,  0.05,  -12018, -2.45,   12477,  2.54
 743,230.00,    2269,  0.23,  -11234, -2.29,   13503,  2.75
 744,231.00,    3724,  0.38,  -10714, -2.18,   14438,  2.94
 745,232.00,    6259,  0.64,   -9147, -1.86,   15406,  3.13
 746,233.00,    8793,  0.89,   -7721, -1.57,   16514,  3.36
 747,234.00,    9278,  0.94,   -8107, -1.65,   17385,  3.54
 748,235.00,    9515,  0.97,   -8509, -1.73,   18024,  3.67
 749,236.00,   10899,  1.11,   -7879, -1.60,   18778,  3.82
 750,237.00,   13037,  1.33,   -7050, -1.43,   20087,  4.09
 751,238.00,   15661,  1.59,   -5819, -1.18,   21480,  4.37
 752,239.00,   18426,  1.87,   -4447, -0.90,   22873,  4.65
 753,240.00,   21777,  2.22,   -2419, -0.49,   24196,  4.92
 754,241.00,   24613,  2.50,    -923, -0.19,   25536,  5.20
 755,242.00,   27863,  2.83,    1240,  0.25,   26623,  5.42
 756,243.00,   30369,  3.09,    2590,  0.53,   27779,  5.65
 757,244.00,   32721,  3.33,    3699,  0.75,   29022,  5.90
 758,245.00,   36385,  3.70,    6022,  1.23,   30363,  6.18
 759,246.00,   40146,  4.08,    8488,  1.73,   31658,  6.44
 760,247.00,   42874,  4.36,   10029,  2.04,   32845,  6.68
 761,248.00,   45426,  4.62,   11517,  2.34,   33909,  6.90
 762,249.00,   47808,  4.86,   12887,  2.62,   34921,  7.10
 763,250.00,   49725,  5.06,   13911,  2.83,   35814,  7.29
 764,251.00,   52474,  5.34,   16024,  3.26,   36450,  7.42
 765,252.00,   54867,  5.58,   17673,  3.60,   37194,  7.57
 766,253.00,   57150,  5.81,   19100,  3.89,   38050,  7.74
 767,254.00,   59568,  6.06,   20595,  4.19,   38973,  7.93
 768,255.00,   62106,  6.32,   22207,  4.52,   39899,  8.12
 769,256.00,   64850,  6.60,   23903,  4.86,   40947,  8.33
 770,257.00,   67086,  6.82,   25092,  5.11,   41994,  8.54
 771,258.00,   69114,  7.03,   26167,  5.32,   42947,  8.74
 772,259.00,   71026,  7.23,   27172,  5.53,   43854,  8.92
 773,260.00,   73384,  7.47,   28783,  5.86,   44601,  9.07
 774,261.00,   75076,  7.64,   29833,  6.07,   45243,  9.20
 775,262.00,   75945,  7.73,   30196,  6.14,   45749,  9.31
 776,263.00,   76682,  7.80,   30293,  6.16,   46389,  9.44
 777,264.00,   77506,  7.88,   30483,  6.20,   47023,  9.57
 778,265.00,   78840,  8.02,   31147,  6.34,   47693,  9.70
 779,266.00,   81127,  8.25,   32300,  6.57,   48827,  9.93
 780,267.00,   83332,  8.48,   33665,  6.85,   49667, 10.11
 781,268.00,   85027,  8.65,   34632,  7.05,   50395, 10.25
 782,269.00,   87254,  8.88,   36091,  7.34,   51163, 10.41
 783,270.00,   89130,  9.07,   37253,  7.58,   51877, 10.55
 784,271.00,   91136,  9.27,   38578,  7.85,   52558, 10.69
 785,272.00,   92261,  9.39,   38997,  7.93,   53264, 10.84
 786,273.00,   92982,  9.46,   39419,  8.02,   53563, 10.90
 787,274.00,   94132,  9.58,   40115,  8.16,   54017, 10.99
 788,275.00,   96463,  9.81,   41697,  8.48,   54766, 11.14
 789,276.00,   99272, 10.10,   43678,  8.89,   55594, 11.31
 790,277.00,  101433, 10.32,   45204,  9.20,   56229, 11.44
 791,278.00,  103871, 10.57,   47336,  9.63,   56535, 11.50
 792,279.00,  105079, 10.69,   48402,  9.85,   56677, 11.53
 793,280.00,  106062, 10.79,   49673, 10.11,   56389, 11.47
 794,281.00,  106630, 10.85,   50719, 10.32,   55911, 11.38
 795,282.00,  107424, 10.93,   52036, 10.59,   55388, 11.27
 796,283.00,  107739, 10.96,   52949, 10.77,   54790, 11.15
 797,284.00,  108598, 11.05,   53839, 10.95,   54759, 11.14
 798,285.00,  109127, 11.10,   54480, 11.08,   54647, 11.12
 799,286.00,  108620, 11.05,   54678, 11.12,   53942, 10.97
 800,287.00,  108021, 10.99,   54871, 11.16,   53150, 10.81
 801,288.00,  107574, 10.94,   55269, 11.24,   52305, 10.64
 802,289.00,  107127, 10.90,   55664, 11.33,   51463, 10.47
 803,290.00,  106153, 10.80,   55677, 11.33,   50476, 10.27
 804,291.00,  104776, 10.66,   55411, 11.27,   49365, 10.04
 805,292.00,  103489, 10.53,   55262, 11.24,   48227,  9.81
 806,293.00,  102485, 10.43,   55441, 11.28,   47044,  9.57
 807,294.00,  101487, 10.32,   55590, 11.31,   45897,  9.34
 808,295.00,  100100, 10.18,   55389, 11.27,   44711,  9.10
 809,296.00,   99336, 10.11,   55617, 11.32,   43719,  8.89
 810,297.00,   97452,  9.91,   54748, 11.14,   42704,  8.69
 811,298.00,   95434,  9.71,   53768, 10.94,   41666,  8.48
 812,299.00,   93812,  9.54,   53468, 10.88,   40344,  8.21
 813,300.00,   93072,  9.47,   53820, 10.95,   39252,  7.99
 814,301.00,   91908,  9.35,   53518, 10.89,   38390,  7.81
 815,302.00,   89580,  9.11,   52324, 10.65,   37256,  7.58
 816,303.00,   86995,  8.85,   51102, 10.40,   35893,  7.30
 817,304.00,   84901,  8.64,   49843, 10.14,   35058,  7.13
 818,305.00,   83266,  8.47,   48898,  9.95,   34368,  6.99
 819,306.00,   82055,  8.35,   48505,  9.87,   33550,  6.83
 820,307.00,   80685,  8.21,   48042,  9.77,   32643,  6.64
 821,308.00,   77861,  7.92,   46649,  9.49,   31212,  6.35
 822,309.00,   75370,  7.67,   45641,  9.29,   29729,  6.05
 823,310.00,   72940,  7.42,   44479,  9.05,   28461,  5.79
 824,311.00,   70942,  7.22,   43383,  8.83,   27559,  5.61
 825,312.00,   69141,  7.03,   42605,  8.67,   26536,  5.40
 826,313.00,   67392,  6.86,   42074,  8.56,   25318,  5.15
 827,314.00,   64954,  6.61,   40855,  8.31,   24099,  4.90
 828,315.00,   62738,  6.38,   40048,  8.15,   22690,  4.62
 829,316.00,   60528,  6.16,   39271,  7.99,   21257,  4.32
 830,317.00,   58135,  5.91,   38286,  7.79,   19849,  4.04
 831,318.00,   56432,  5.74,   38089,  7.75,   18343,  3.73
 832,319.00,   53990,  5.49,   37291,  7.59,   16699,  3.40
 833,320.00,   51181,  5.21,   36399,  7.41,   14782,  3.01
 834,321.00,   48214,  4.90,   35258,  7.17,   12956,  2.64
 835,322.00,   45814,  4.66,   34582,  7.04,   11232,  2.29
 836,323.00,   43440,  4.42,   33719,  6.86,    9721,  1.98
 837,324.00,   40755,  4.15,   32695,  6.65,    8060,  1.64
 838,325.00,   37607,  3.83,   31039,  6.32,    6568,  1.34
 839,326.00,   35554,  3.62,   30269,  6.16,    5285,  1.08
 840,327.00,   34375,  3.50,   30493,  6.20,    3882,  0.79
 841,328.00,   32927,  3.35,   30653,  6.24,    2274,  0.46
 842,329.00,   30612,  3.11,   29745,  6.05,     867,  0.18
 843,330.00,   27620,  2.81,   28048,  5.71,    -428, -0.09
 844,331.00,   25402,  2.58,   27229,  5.54,   -1827, -0.37
 845,332.00,   22755,  2.31,   26215,  5.33,   -3460, -0.70
 846,333.00,   20251,  2.06,   25054,  5.10,   -4803, -0.98
 847,334.00,   18832,  1.92,   24394,  4.96,   -5562, -1.13
 848,335.00,   15969,  1.62,   22871,  4.65,   -6902, -1.40
 849,336.00,   12078,  1.23,   20432,  4.16,   -8354, -1.70
 850,337.00,    9578,  0.97,   18940,  3.85,   -9362, -1.90
 851,338.00,    7941,  0.81,   17935,  3.65,   -9994, -2.03
 852,339.00,    6374,  0.65,   17178,  3.49,  -10804, -2.20
 853,340.00,    5841,  0.59,   17011,  3.46,  -11170, -2.27
 854,341.00,    3878,  0.39,   15628,  3.18,  -11750, -2.39
 855,342.00,    2445,  0.25,   14880,  3.03,  -12435, -2.53
 856,343.00,    1154,  0.12,   14423,  2.93,  -13269, -2.70
 857,344.00,     270,  0.03,   14696,  2.99,  -14426, -2.94
 858,345.00,    -857, -0.09,   14475,  2.95,  -15332, -3.12
 859,346.00,   -2256, -0.23,   13759,  2.80,  -16015, -3.26
 860,347.00,   -3199, -0.33,   13073,  2.66,  -16272, -3.31
 861,348.00,   -4893, -0.50,   12062,  2.45,  -16955, -3.45
 862,349.00,   -6008, -0.61,   11543,  2.35,  -17551, -3.57
 863,350.00,   -7418, -0.75,   11059,  2.25,  -18477, -3.76
 864,351.00,   -7998, -0.81,   10951,  2.23,  -18949, -3.86
 865,352.00,   -8052, -0.82,   11141,  2.27,  -19193, -3.90
 866,353.00,   -8697, -0.88,   11196,  2.28,  -19893, -4.05
 867,354.00,   -9389, -0.96,   11032,  2.24,  -20421, -4.15
 868,355.00,   -9863, -1.00,   10749,  2.19,  -20612, -4.19
 869,356.00,  -10501, -1.07,   10587,  2.15,  -21088, -4.29
 870,357.00,  -12222, -1.24,    9340,  1.90,  -21562, -4.39
 871,358.00,  -13218, -1.34,    8430,  1.72,  -21648, -4.40
 872,359.00,  -14096, -1.43,    7716,  1.57,  -21812, -4.44
 873,360.00,  -15486, -1.58,    6934,  1.41,  -22420, -4.56
 874,361.00,  -16622, -1.69,    6906,  1.41,  -23528, -4.79
 875,362.00,  -17595, -1.79,    6960,  1.42,  -24555, -5.00
 876,363.00,  -18567, -1.89,    6626,  1.35,  -25193, -5.13
 877,364.00,  -19276, -1.96,    6375,  1.30,  -25651, -5.22
 878,365.00,  -20735, -2.11,    5991,  1.22,  -26726, -5.44
 879,366.00,  -23078, -2.35,    4898,  1.00,  -27976, -5.69
 880,367.00,  -25712, -2.62,    3552,  0.72,  -29264, -5.95
 881,368.00,  -28253, -2.87,    2151,  0.44,  -30404, -6.19
 882,369.00,  -30561, -3.11,    1021,  0.21,  -31582, -6.43
 883,370.00,  -32620, -3.32,     -49, -0.00,  -32571, -6.63
 884,371.00,  -34174, -3.48,   -1002, -0.20,  -33172, -6.75
 885,372.00,  -35738, -3.64,   -1839, -0.37,  -33899, -6.90
 886,373.00,  -38158, -3.88,   -2967, -0.60,  -35191, -7.16
 887,374.00,  -40747, -4.15,   -4286, -0.87,  -36461, -7.42
 888,375.00,  -43547, -4.43,   -5866, -1.19,  -37681, -7.67
 889,376.00,  -46828, -4.76,   -7509, -1.53,  -39319, -8.00
 890,377.00,  -49739, -5.06,   -8837, -1.80,  -40902, -8.32
 891,378.00,  -52842, -5.38,  -10830, -2.20,  -42012, -8.55
 892,379.00,  -55471, -5.64,  -12530, -2.55,  -42941, -8.74
 893,380.00,  -57159, -5.81,  -13683, -2.78,  -43476, -8.85
 894,381.00,  -59053, -6.01,  -14976, -3.05,  -44077, -8.97
 895,382.00,  -61061, -6.21,  -16470, -3.35,  -44591, -9.07
 896,383.00,  -63990, -6.51,  -18932, -3.85,  -45058, -9.17
 897,384.00,  -66827, -6.80,  -20960, -4.26,  -45867, -9.33
 898,385.00,  -68766, -7.00,  -22161, -4.51,  -46605, -9.48
 899,386.00,  -70986, -7.22,  -23563, -4.79,  -47423, -9.65
 900,387.00,  -73321, -7.46,  -25643, -5.22,  -47678, -9.70
 901,388.00,  -75639, -7.69,  -27996, -5.70,  -47643, -9.69
 902,389.00,  -77425, -7.88,  -30026, -6.11,  -47399, -9.64
 903,390.00,  -78678, -8.00,  -31911, -6.49,  -46767, -9.52
 904,391.00,  -79734, -8.11,  -33914, -6.90,  -45820, -9.32
 905,392.00,  -81331, -8.27,  -36365, -7.40,  -44966, -9.15
 906,393.00,  -83640, -8.51,  -39348, -8.01,  -44292, -9.01
 907,394.00,  -84550, -8.60,  -40983, -8.34,  -43567, -8.86
 908,395.00,  -85619, -8.71,  -42800, -8.71,  -42819, -8.71
 909,396.00,  -86966, -8.85,  -45074, -9.17,  -41892, -8.52
 910,397.00,  -87779, -8.93,  -46695, -9.50,  -41084, -8.36
 911,398.00,  -87380, -8.89,  -47212, -9.61,  -40168, -8.17
 912,399.00,  -87403, -8.89,  -48161, -9.80,  -39242, -7.98
 913,400.00,  -87688, -8.92,  -49579,-10.09,  -38109, -7.75
 914,401.00,  -88929, -9.05,  -51571,-10.49,  -37358, -7.60
 915,402.00,  -89982, -9.15,  -52984,-10.78,  -36998, -7.53
 916,403.00,  -90849, -9.24,  -54200,-11.03,  -36649, -7.46
 917,404.00,  -90970, -9.25,  -54880,-11.17,  -36090, -7.34
 918,405.00,  -90602, -9.22,  -55138,-11.22,  -35464, -7.22
 919,406.00,  -91009, -9.26,  -55945,-11.38,  -35064, -7.13
 920,407.00,  -91953, -9.35,  -57090,-11.62,  -34863, -7.09
 921,408.00,  -93169, -9.48,  -58357,-11.87,  -34812, -7.08
 922,409.00,  -94051, -9.57,  -59218,-12.05,  -34833, -7.09
 923,410.00,  -94570, -9.62,  -60084,-12.22,  -34486, -7.02
 924,411.00,  -95351, -9.70,  -60964,-12.40,  -34387, -7.00
 925,412.00,  -96286, -9.80,  -61538,-12.52,  -34748, -7.07
 926,413.00,  -96769, -9.84,  -61671,-12.55,  -35098, -7.14
 927,414.00,  -97710, -9.94,  -62155,-12.65,  -35555, -7.23
 928,415.00,  -98867,-10.06,  -62707,-12.76,  -36160, -7.36
 929,416.00, -100011,-10.17,  -63154,-12.85,  -36857, -7.50
 930,417.00, -100170,-10.19,  -62852,-12.79,  -37318, -7.59
 931,418.00, -100259,-10.20,  -62592,-12.73,  -37667, -7.66
 932,419.00, -101249,-10.30,  -63026,-12.82,  -38223, -7.78
 933,420.00, -101823,-10.36,  -63372,-12.89,  -38451, -7.82
 934,421.00, -102975,-10.48,  -64539,-13.13,  -38436, -7.82
 935,422.00, -103727,-10.55,  -65318,-13.29,  -38409, -7.81
 936,423.00, -104161,-10.60,  -65987,-13.43,  -38174, -7.77
 937,424.00, -104223,-10.60,  -66006,-13.43,  -38217, -7.78
 938,425.00, -104002,-10.58,  -65884,-13.40,  -38118, -7.76
 939,426.00, -103562,-10.54,  -65640,-13.35,  -37922, -7.72
 940,427.00, -103525,-10.53,  -65701,-13.37,  -37824, -7.70
 941,428.00, -104373,-10.62,  -66599,-13.55,  -37774, -7.69
 942,429.00, -104764,-10.66,  -66958,-13.62,  -37806, -7.69
 943,430.00, -104431,-10.62,  -66750,-13.58,  -37681, -7.67
 944,431.00, -104116,-10.59,  -66414,-13.51,  -37702, -7.67
 945,432.00, -104016,-10.58,  -66289,-13.49,  -37727, -7.68
 946,433.00, -103573,-10.54,  -65828,-13.39,  -37745, -7.68
 947,434.00, -103008,-10.48,  -65291,-13.28,  -37717, -7.67
 948,435.00, -103038,-10.48,  -65410,-13.31,  -37628, -7.66
 949,436.00, -102206,-10.40,  -64701,-13.16,  -37505, -7.63
 950,437.00, -100575,-10.23,  -62986,-12.81,  -37589, -7.65
 951,438.00,  -99985,-10.17,  -61917,-12.60,  -38068, -7.75
 952,439.00,  -99538,-10.13,  -60951,-12.40,  -38587, -7.85
 953,440.00,  -99158,-10.09,  -60158,-12.24,  -39000, -7.93
 954,441.00,  -99354,-10.11,  -59828,-12.17,  -39526, -8.04
 955,442.00,  -99147,-10.09,  -59168,-12.04,  -39979, -8.13
 956,443.00,  -99041,-10.08,  -58387,-11.88,  -40654, -8.27
 957,444.00,  -98790,-10.05,  -57491,-11.70,  -41299, -8.40
 958,445.00,  -97884, -9.96,  -56082,-11.41,  -41802, -8.50
 959,446.00,  -97360, -9.90,  -55164,-11.22,  -42196, -8.59
 960,447.00,  -97087, -9.88,  -54629,-11.11,  -42458, -8.64
 961,448.00,  -96720, -9.84,  -54130,-11.01,  -42590, -8.67
 962,449.00,  -95969, -9.76,  -53193,-10.82,  -42776, -8.70
 963,450.00,  -94892, -9.65,  -52226,-10.63,  -42666, -8.68
 964,451.00,  -93927, -9.56,  -51636,-10.51,  -42291, -8.60
 965,452.00,  -93544, -9.52,  -51232,-10.42,  -42312, -8.61
 966,453.00,  -93050, -9.47,  -51003,-10.38,  -42047, -8.55
 967,454.00,  -92024, -9.36,  -50360,-10.25,  -41664, -8.48
 968,455.00,  -89751, -9.13,  -48834, -9.94,  -40917, -8.32
 969,456.00,  -87287, -8.88,  -47256, -9.61,  -40031, -8.14
 970,457.00,  -85021, -8.65,  -45758, -9.31,  -39263, -7.99
 971,458.00,  -83667, -8.51,  -45346, -9.23,  -38321, -7.80
 972,459.00,  -81765, -8.32,  -44307, -9.01,  -37458, -7.62
 973,460.00,  -79171, -8.05,  -42881, -8.72,  -36290, -7.38
 974,461.00,  -75978, -7.73,  -41281, -8.40,  -34697, -7.06
 975,462.00,  -73232, -7.45,  -39971, -8.13,  -33261, -6.77
 976,463.00,  -70056, -7.13,  -37970, -7.73,  -32086, -6.53
 977,464.00,  -66006, -6.71,  -35317, -7.19,  -30689, -6.24
 978,465.00,  -62765, -6.38,  -33411, -6.80,  -29354, -5.97
 979,466.00,  -60064, -6.11,  -31808, -6.47,  -28256, -5.75
 980,467.00,  -57393, -5.84,  -30261, -6.16,  -27132, -5.52
 981,468.00,  -54414, -5.54,  -28574, -5.81,  -25840, -5.26
 982,469.00,  -51770, -5.27,  -27349, -5.56,  -24421, -4.97
 983,470.00,  -48947, -4.98,  -25737, -5.24,  -23210, -4.72
 984,471.00,  -46243, -4.70,  -24068, -4.90,  -22175, -4.51
 985,472.00,  -44525, -4.53,  -23498, -4.78,  -21027, -4.28
 986,473.00,  -42915, -4.37,  -22681, -4.61,  -20234, -4.12
 987,474.00,  -40905, -4.16,  -21359, -4.35,  -19546, -3.98
 988,475.00,  -38904, -3.96,  -20033, -4.08,  -18871, -3.84
 989,476.00,  -36605, -3.72,  -18276, -3.72,  -18329, -3.73
 990,477.00,  -34848, -3.55,  -16949, -3.45,  -17899, -3.64
 991,478.00,  -33712, -3.43,  -16196, -3.30,  -17516, -3.56
 992,479.00,  -33489, -3.41,  -16019, -3.26,  -17470, -3.55
 993,480.00,  -32714, -3.33,  -15463, -3.15,  -17251, -3.51
 994,481.00,  -31431, -3.20,  -14602, -2.97,  -16829, -3.42
 995,482.00,  -30832, -3.14,  -14105, -2.87,  -16727, -3.40
 996,483.00,  -30285, -3.08,  -13647, -2.78,  -16638, -3.39
 997,484.00,  -30020, -3.05,  -13417, -2.73,  -16603, -3.38
 998,485.00,  -29400, -2.99,  -12836, -2.61,  -16564, -3.37
 999,486.00,  -29204, -2.97,  -12891, -2.62,  -16313, -3.32
1000,487.00,  -28474, -2.90,  -12346, -2.51,  -16128, -3.28
1001,488.00,  -27329, -2.78,  -11511, -2.34,  -15818, -3.22
1002,489.00,  -26869, -2.73,  -11423, -2.32,  -15446, -3.14
1003,490.00,  -26353, -2.68,  -11172, -2.27,  -15181, -3.09
1004,491.00,  -25454, -2.59,  -10502, -2.14,  -14952, -3.04
1005,492.00,  -25679, -2.61,  -10781, -2.19,  -14898, -3.03
1006,493.00,  -25730, -2.62,  -10980, -2.23,  -14750, -3.00
1007,494.00,  -26432, -2.69,  -12093, -2.46,  -14339, -2.92
1008,495.00,  -26981, -2.74,  -13266, -2.70,  -13715, -2.79
1009,496.00,  -27284, -2.78,  -13951, -2.84,  -13333, -2.71
1010,497.00,  -27528, -2.80,  -14901, -3.03,  -12627, -2.57
1011,498.00,  -27243, -2.77,  -15523, -3.16,  -11720, -2.38
1012,499.00,  -26776, -2.72,  -15705, -3.20,  -11071, -2.25
1013,500.00,  -25545, -2.60,  -15324, -3.12,  -10221, -2.08
1014,501.00,  -25483, -2.59,  -16012, -3.26,   -9471, -1.93
1015,502.00,  -25637, -2.61,  -16917, -3.44,   -8720, -1.77
1016,503.00,  -25570, -2.60,  -17812, -3.62,   -7758, -1.58
1017,504.00,  -25318, -2.58,  -18346, -3.73,   -6972, -1.42
1018,505.00,  -24513, -2.49,  -18483, -3.76,   -6030, -1.23
1019,506.00,  -23687, -2.41,  -18831, -3.83,   -4856, -0.99
1020,507.00,  -21746, -2.21,  -18195, -3.70,   -3551, -0.72
1021,508.00,  -20309, -2.07,  -18139, -3.69,   -2170, -0.44
1022,509.00,  -19803, -2.01,  -18920, -3.85,    -883, -0.18
1023,510.00,  -18953, -1.93,  -19401, -3.95,     448,  0.09
1024,511.00,  -17945, -1.83,  -19732, -4.01,    1787,  0.36
