-----------------------------------------------------------------------------------
Identifier:,IHS5922-20187V04
File Name:,SCRP70A.4
Ear:,R
Channel:,1
Intensity:,70 dB HL
Stim. Rate:,  1.10/s
Stim. Mode:,0
Sweeps:,60
Artifacts:,1
Smp. Period:,1000.00 us
Amp. Gain:, 50.00 K
Low Pass:, 30.00 Hz
High Pass:,  1.00 Hz
Notch Filter:,TRUE
Stimulus:,100
Stim. Freq.:,1000 Hz
Stim. Dur.:,2000 pnts
Masking:,0 dB SPL
Stim. Point:,513
-----------------------------------------------------------------------------------
Peak Information:,Label,Peak(+),Peak(+)(ms),Peak(-),Peak(-)(ms)
,21, 782,269.00, 869,356.00,
-----------------------------------------------------------------------------------


Data Pnt:,Data Pnt(ms):,Average:,Average(uV):,Buffer1:,Buffer1(uV):,Buffer2:,Buffer2(uV):
   1,-512.00,       0,  0.00,       0,  0.00,       0,  0.00
   2,-511.00,       0,  0.00,       0,  0.00,       0,  0.00
   3,-510.00,       0,  0.00,       0,  0.00,       0,  0.00
   4,-509.00,       0,  0.00,       0,  0.00,       0,  0.00
   5,-508.00,       0,  0.00,       0,  0.00,       0,  0.00
   6,-507.00,       0,  0.00,       0,  0.00,       0,  0.00
   7,-506.00,       0,  0.00,       0,  0.00,       0,  0.00
   8,-505.00,       0,  0.00,       0,  0.00,       0,  0.00
   9,-504.00,       0,  0.00,       0,  0.00,       0,  0.00
  10,-503.00,       0,  0.00,       0,  0.00,       0,  0.00
  11,-502.00,       0,  0.00,       0,  0.00,       0,  0.00
  12,-501.00,       0,  0.00,       0,  0.00,       0,  0.00
  13,-500.00,       0,  0.00,       0,  0.00,       0,  0.00
  14,-499.00,       0,  0.00,       0,  0.00,       0,  0.00
  15,-498.00,       0,  0.00,       0,  0.00,       0,  0.00
  16,-497.00,       0,  0.00,       0,  0.00,       0,  0.00
  17,-496.00,       0,  0.00,       0,  0.00,       0,  0.00
  18,-495.00,       0,  0.00,       0,  0.00,       0,  0.00
  19,-494.00,       0,  0.00,       0,  0.00,       0,  0.00
  20,-493.00,       0,  0.00,       0,  0.00,       0,  0.00
  21,-492.00,       0,  0.00,       0,  0.00,       0,  0.00
  22,-491.00,       0,  0.00,       0,  0.00,       0,  0.00
  23,-490.00,       0,  0.00,       0,  0.00,       0,  0.00
  24,-489.00,       0,  0.00,       0,  0.00,       0,  0.00
  25,-488.00,       0,  0.00,       0,  0.00,       0,  0.00
  26,-487.00,       0,  0.00,       0,  0.00,       0,  0.00
  27,-486.00,       0,  0.00,       0,  0.00,       0,  0.00
  28,-485.00,       0,  0.00,       0,  0.00,       0,  0.00
  29,-484.00,       0,  0.00,       0,  0.00,       0,  0.00
  30,-483.00,       0,  0.00,       0,  0.00,       0,  0.00
  31,-482.00,       0,  0.00,       0,  0.00,       0,  0.00
  32,-481.00,       0,  0.00,       0,  0.00,       0,  0.00
  33,-480.00,       0,  0.00,       0,  0.00,       0,  0.00
  34,-479.00,       0,  0.00,       0,  0.00,       0,  0.00
  35,-478.00,       0,  0.00,       0,  0.00,       0,  0.00
  36,-477.00,       0,  0.00,       0,  0.00,       0,  0.00
  37,-476.00,       0,  0.00,       0,  0.00,       0,  0.00
  38,-475.00,       0,  0.00,       0,  0.00,       0,  0.00
  39,-474.00,       0,  0.00,       0,  0.00,       0,  0.00
  40,-473.00,       0,  0.00,       0,  0.00,       0,  0.00
  41,-472.00,       0,  0.00,       0,  0.00,       0,  0.00
  42,-471.00,       0,  0.00,       0,  0.00,       0,  0.00
  43,-470.00,       0,  0.00,       0,  0.00,       0,  0.00
  44,-469.00,       0,  0.00,       0,  0.00,       0,  0.00
  45,-468.00,       0,  0.00,       0,  0.00,       0,  0.00
  46,-467.00,       0,  0.00,       0,  0.00,       0,  0.00
  47,-466.00,       0,  0.00,       0,  0.00,       0,  0.00
  48,-465.00,       0,  0.00,       0,  0.00,       0,  0.00
  49,-464.00,       0,  0.00,       0,  0.00,       0,  0.00
  50,-463.00,       0,  0.00,       0,  0.00,       0,  0.00
  51,-462.00,       0,  0.00,       0,  0.00,       0,  0.00
  52,-461.00,       0,  0.00,       0,  0.00,       0,  0.00
  53,-460.00,       0,  0.00,       0,  0.00,       0,  0.00
  54,-459.00,       0,  0.00,       0,  0.00,       0,  0.00
  55,-458.00,       0,  0.00,       0,  0.00,       0,  0.00
  56,-457.00,       0,  0.00,       0,  0.00,       0,  0.00
  57,-456.00,       0,  0.00,       0,  0.00,       0,  0.00
  58,-455.00,       0,  0.00,       0,  0.00,       0,  0.00
  59,-454.00,       0,  0.00,       0,  0.00,       0,  0.00
  60,-453.00,       0,  0.00,       0,  0.00,       0,  0.00
  61,-452.00,       0,  0.00,       0,  0.00,       0,  0.00
  62,-451.00,       0,  0.00,       0,  0.00,       0,  0.00
  63,-450.00,       0,  0.00,       0,  0.00,       0,  0.00
  64,-449.00,       0,  0.00,       0,  0.00,       0,  0.00
  65,-448.00,       0,  0.00,       0,  0.00,       0,  0.00
  66,-447.00,       0,  0.00,       0,  0.00,       0,  0.00
  67,-446.00,       0,  0.00,       0,  0.00,       0,  0.00
  68,-445.00,       0,  0.00,       0,  0.00,       0,  0.00
  69,-444.00,       0,  0.00,       0,  0.00,       0,  0.00
  70,-443.00,       0,  0.00,       0,  0.00,       0,  0.00
  71,-442.00,       0,  0.00,       0,  0.00,       0,  0.00
  72,-441.00,       0,  0.00,       0,  0.00,       0,  0.00
  73,-440.00,       0,  0.00,       0,  0.00,       0,  0.00
  74,-439.00,       0,  0.00,       0,  0.00,       0,  0.00
  75,-438.00,       0,  0.00,       0,  0.00,       0,  0.00
  76,-437.00,       0,  0.00,       0,  0.00,       0,  0.00
  77,-436.00,       0,  0.00,       0,  0.00,       0,  0.00
  78,-435.00,       0,  0.00,       0,  0.00,       0,  0.00
  79,-434.00,       0,  0.00,       0,  0.00,       0,  0.00
  80,-433.00,       0,  0.00,       0,  0.00,       0,  0.00
  81,-432.00,       0,  0.00,       0,  0.00,       0,  0.00
  82,-431.00,       0,  0.00,       0,  0.00,       0,  0.00
  83,-430.00,       0,  0.00,       0,  0.00,       0,  0.00
  84,-429.00,       0,  0.00,       0,  0.00,       0,  0.00
  85,-428.00,       0,  0.00,       0,  0.00,       0,  0.00
  86,-427.00,       0,  0.00,       0,  0.00,       0,  0.00
  87,-426.00,       0,  0.00,       0,  0.00,       0,  0.00
  88,-425.00,       0,  0.00,       0,  0.00,       0,  0.00
  89,-424.00,       0,  0.00,       0,  0.00,       0,  0.00
  90,-423.00,       0,  0.00,       0,  0.00,       0,  0.00
  91,-422.00,       0,  0.00,       0,  0.00,       0,  0.00
  92,-421.00,       0,  0.00,       0,  0.00,       0,  0.00
  93,-420.00,       0,  0.00,       0,  0.00,       0,  0.00
  94,-419.00,       0,  0.00,       0,  0.00,       0,  0.00
  95,-418.00,       0,  0.00,       0,  0.00,       0,  0.00
  96,-417.00,       0,  0.00,       0,  0.00,       0,  0.00
  97,-416.00,       0,  0.00,       0,  0.00,       0,  0.00
  98,-415.00,       0,  0.00,       0,  0.00,       0,  0.00
  99,-414.00,       0,  0.00,       0,  0.00,       0,  0.00
 100,-413.00,       0,  0.00,       0,  0.00,       0,  0.00
 101,-412.00,       0,  0.00,       0,  0.00,       0,  0.00
 102,-411.00,       0,  0.00,       0,  0.00,       0,  0.00
 103,-410.00,       0,  0.00,       0,  0.00,       0,  0.00
 104,-409.00,       0,  0.00,       0,  0.00,       0,  0.00
 105,-408.00,       0,  0.00,       0,  0.00,       0,  0.00
 106,-407.00,       0,  0.00,       0,  0.00,       0,  0.00
 107,-406.00,       0,  0.00,       0,  0.00,       0,  0.00
 108,-405.00,       0,  0.00,       0,  0.00,       0,  0.00
 109,-404.00,       0,  0.00,       0,  0.00,       0,  0.00
 110,-403.00,       0,  0.00,       0,  0.00,       0,  0.00
 111,-402.00,       0,  0.00,       0,  0.00,       0,  0.00
 112,-401.00,       0,  0.00,       0,  0.00,       0,  0.00
 113,-400.00,       0,  0.00,       0,  0.00,       0,  0.00
 114,-399.00,       0,  0.00,       0,  0.00,       0,  0.00
 115,-398.00,       0,  0.00,       0,  0.00,       0,  0.00
 116,-397.00,   11720,  1.19,    8742,  1.78,    2978,  0.61
 117,-396.00,   13196,  1.34,    9630,  1.96,    3566,  0.73
 118,-395.00,   14664,  1.49,    9778,  1.99,    4886,  0.99
 119,-394.00,   15827,  1.61,    9358,  1.90,    6469,  1.32
 120,-393.00,   15877,  1.62,    9216,  1.88,    6661,  1.36
 121,-392.00,   15126,  1.54,    8779,  1.79,    6347,  1.29
 122,-391.00,   14317,  1.46,    7820,  1.59,    6497,  1.32
 123,-390.00,   13864,  1.41,    6714,  1.37,    7150,  1.45
 124,-389.00,   13945,  1.42,    6623,  1.35,    7322,  1.49
 125,-388.00,   14083,  1.43,    7299,  1.49,    6784,  1.38
 126,-387.00,   13578,  1.38,    8068,  1.64,    5510,  1.12
 127,-386.00,   13037,  1.33,    8034,  1.63,    5003,  1.02
 128,-385.00,   12255,  1.25,    7349,  1.50,    4906,  1.00
 129,-384.00,   11877,  1.21,    6847,  1.39,    5030,  1.02
 130,-383.00,   12498,  1.27,    7150,  1.45,    5348,  1.09
 131,-382.00,   13577,  1.38,    7895,  1.61,    5682,  1.16
 132,-381.00,   13858,  1.41,    8545,  1.74,    5313,  1.08
 133,-380.00,   14053,  1.43,    8866,  1.80,    5187,  1.06
 134,-379.00,   15070,  1.53,    9435,  1.92,    5635,  1.15
 135,-378.00,   16603,  1.69,   10371,  2.11,    6232,  1.27
 136,-377.00,   16584,  1.69,   10524,  2.14,    6060,  1.23
 137,-376.00,   15393,  1.57,    9961,  2.03,    5432,  1.11
 138,-375.00,   14011,  1.43,    9341,  1.90,    4670,  0.95
 139,-374.00,   13049,  1.33,    9497,  1.93,    3552,  0.72
 140,-373.00,   12900,  1.31,   10634,  2.16,    2266,  0.46
 141,-372.00,   12441,  1.27,   10424,  2.12,    2017,  0.41
 142,-371.00,   11951,  1.22,    9744,  1.98,    2207,  0.45
 143,-370.00,   10272,  1.04,    8355,  1.70,    1917,  0.39
 144,-369.00,    8185,  0.83,    6822,  1.39,    1363,  0.28
 145,-368.00,    7383,  0.75,    6429,  1.31,     954,  0.19
 146,-367.00,    6389,  0.65,    6087,  1.24,     302,  0.06
 147,-366.00,    4677,  0.48,    5412,  1.10,    -735, -0.15
 148,-365.00,    2409,  0.25,    4522,  0.92,   -2113, -0.43
 149,-364.00,     721,  0.07,    4599,  0.94,   -3878, -0.79
 150,-363.00,    -412, -0.04,    5193,  1.06,   -5605, -1.14
 151,-362.00,    -861, -0.09,    6280,  1.28,   -7141, -1.45
 152,-361.00,   -1471, -0.15,    6840,  1.39,   -8311, -1.69
 153,-360.00,   -1116, -0.11,    7285,  1.48,   -8401, -1.71
 154,-359.00,   -1294, -0.13,    7011,  1.43,   -8305, -1.69
 155,-358.00,   -3108, -0.32,    6001,  1.22,   -9109, -1.85
 156,-357.00,   -4905, -0.50,    5771,  1.17,  -10676, -2.17
 157,-356.00,   -5572, -0.57,    5952,  1.21,  -11524, -2.34
 158,-355.00,   -4828, -0.49,    6998,  1.42,  -11826, -2.41
 159,-354.00,   -4830, -0.49,    7388,  1.50,  -12218, -2.49
 160,-353.00,   -4654, -0.47,    7406,  1.51,  -12060, -2.45
 161,-352.00,   -5140, -0.52,    7086,  1.44,  -12226, -2.49
 162,-351.00,   -6788, -0.69,    6238,  1.27,  -13026, -2.65
 163,-350.00,   -9452, -0.96,    5110,  1.04,  -14562, -2.96
 164,-349.00,  -12326, -1.25,    3725,  0.76,  -16051, -3.27
 165,-348.00,  -14550, -1.48,    2521,  0.51,  -17071, -3.47
 166,-347.00,  -14303, -1.46,    2427,  0.49,  -16730, -3.40
 167,-346.00,  -13746, -1.40,    2289,  0.47,  -16035, -3.26
 168,-345.00,  -15781, -1.61,    1385,  0.28,  -17166, -3.49
 169,-344.00,  -17496, -1.78,    1136,  0.23,  -18632, -3.79
 170,-343.00,  -17920, -1.82,    1460,  0.30,  -19380, -3.94
 171,-342.00,  -18626, -1.89,    1110,  0.23,  -19736, -4.02
 172,-341.00,  -19833, -2.02,      93,  0.02,  -19926, -4.05
 173,-340.00,  -21809, -2.22,   -1226, -0.25,  -20583, -4.19
 174,-339.00,  -23142, -2.35,   -1704, -0.35,  -21438, -4.36
 175,-338.00,  -22593, -2.30,   -1284, -0.26,  -21309, -4.34
 176,-337.00,  -22463, -2.29,   -1730, -0.35,  -20733, -4.22
 177,-336.00,  -23241, -2.36,   -1854, -0.38,  -21387, -4.35
 178,-335.00,  -24563, -2.50,   -1525, -0.31,  -23038, -4.69
 179,-334.00,  -26447, -2.69,   -2524, -0.51,  -23923, -4.87
 180,-333.00,  -28431, -2.89,   -3348, -0.68,  -25083, -5.10
 181,-332.00,  -30013, -3.05,   -3835, -0.78,  -26178, -5.33
 182,-331.00,  -30037, -3.06,   -3386, -0.69,  -26651, -5.42
 183,-330.00,  -29060, -2.96,   -2299, -0.47,  -26761, -5.44
 184,-329.00,  -28829, -2.93,   -2233, -0.45,  -26596, -5.41
 185,-328.00,  -29167, -2.97,   -2589, -0.53,  -26578, -5.41
 186,-327.00,  -29722, -3.02,   -3277, -0.67,  -26445, -5.38
 187,-326.00,  -30481, -3.10,   -4033, -0.82,  -26448, -5.38
 188,-325.00,  -30690, -3.12,   -4237, -0.86,  -26453, -5.38
 189,-324.00,  -31167, -3.17,   -4532, -0.92,  -26635, -5.42
 190,-323.00,  -31826, -3.24,   -5045, -1.03,  -26781, -5.45
 191,-322.00,  -32234, -3.28,   -5265, -1.07,  -26969, -5.49
 192,-321.00,  -32867, -3.34,   -5854, -1.19,  -27013, -5.50
 193,-320.00,  -32712, -3.33,   -6389, -1.30,  -26323, -5.36
 194,-319.00,  -30947, -3.15,   -5751, -1.17,  -25196, -5.13
 195,-318.00,  -29648, -3.02,   -5202, -1.06,  -24446, -4.97
 196,-317.00,  -28931, -2.94,   -5288, -1.08,  -23643, -4.81
 197,-316.00,  -29318, -2.98,   -5757, -1.17,  -23561, -4.79
 198,-315.00,  -30699, -3.12,   -6893, -1.40,  -23806, -4.84
 199,-314.00,  -31320, -3.19,   -7857, -1.60,  -23463, -4.77
 200,-313.00,  -32538, -3.31,   -9800, -1.99,  -22738, -4.63
 201,-312.00,  -33030, -3.36,  -10523, -2.14,  -22507, -4.58
 202,-311.00,  -32205, -3.28,   -9736, -1.98,  -22469, -4.57
 203,-310.00,  -32225, -3.28,   -9766, -1.99,  -22459, -4.57
 204,-309.00,  -33713, -3.43,  -10715, -2.18,  -22998, -4.68
 205,-308.00,  -33639, -3.42,  -11504, -2.34,  -22135, -4.50
 206,-307.00,  -32188, -3.27,  -11504, -2.34,  -20684, -4.21
 207,-306.00,  -31246, -3.18,  -11630, -2.37,  -19616, -3.99
 208,-305.00,  -29632, -3.01,  -11526, -2.35,  -18106, -3.68
 209,-304.00,  -28719, -2.92,  -11204, -2.28,  -17515, -3.56
 210,-303.00,  -28096, -2.86,  -10796, -2.20,  -17300, -3.52
 211,-302.00,  -25899, -2.63,   -9583, -1.95,  -16316, -3.32
 212,-301.00,  -22154, -2.25,   -7682, -1.56,  -14472, -2.94
 213,-300.00,  -18718, -1.90,   -6179, -1.26,  -12539, -2.55
 214,-299.00,  -16492, -1.68,   -5345, -1.09,  -11147, -2.27
 215,-298.00,  -14217, -1.45,   -4458, -0.91,   -9759, -1.99
 216,-297.00,  -12366, -1.26,   -3993, -0.81,   -8373, -1.70
 217,-296.00,  -10622, -1.08,   -3438, -0.70,   -7184, -1.46
 218,-295.00,   -9550, -0.97,   -3373, -0.69,   -6177, -1.26
 219,-294.00,   -8619, -0.88,   -3564, -0.73,   -5055, -1.03
 220,-293.00,   -6720, -0.68,   -2885, -0.59,   -3835, -0.78
 221,-292.00,   -3349, -0.34,    -862, -0.18,   -2487, -0.51
 222,-291.00,    -394, -0.04,     730,  0.15,   -1124, -0.23
 223,-290.00,    1486,  0.15,    1439,  0.29,      47,  0.00
 224,-289.00,    2536,  0.26,    1571,  0.32,     965,  0.20
 225,-288.00,    3522,  0.36,    1481,  0.30,    2041,  0.42
 226,-287.00,    5112,  0.52,    2049,  0.42,    3063,  0.62
 227,-286.00,    7013,  0.71,    3657,  0.74,    3356,  0.68
 228,-285.00,    8950,  0.91,    4775,  0.97,    4175,  0.85
 229,-284.00,   11218,  1.14,    5598,  1.14,    5620,  1.14
 230,-283.00,   11462,  1.17,    5268,  1.07,    6194,  1.26
 231,-282.00,   11392,  1.16,    4655,  0.95,    6737,  1.37
 232,-281.00,   12932,  1.32,    4846,  0.99,    8086,  1.65
 233,-280.00,   14627,  1.49,    5218,  1.06,    9409,  1.91
 234,-279.00,   15672,  1.59,    5371,  1.09,   10301,  2.10
 235,-278.00,   16184,  1.65,    5062,  1.03,   11122,  2.26
 236,-277.00,   17079,  1.74,    5239,  1.07,   11840,  2.41
 237,-276.00,   17302,  1.76,    5367,  1.09,   11935,  2.43
 238,-275.00,   17467,  1.78,    5000,  1.02,   12467,  2.54
 239,-274.00,   16855,  1.71,    3367,  0.69,   13488,  2.74
 240,-273.00,   16463,  1.67,    1916,  0.39,   14547,  2.96
 241,-272.00,   17210,  1.75,    1326,  0.27,   15884,  3.23
 242,-271.00,   16734,  1.70,     139,  0.03,   16595,  3.38
 243,-270.00,   17055,  1.73,      63,  0.01,   16992,  3.46
 244,-269.00,   17735,  1.80,     703,  0.14,   17032,  3.47
 245,-268.00,   17990,  1.83,    1050,  0.21,   16940,  3.45
 246,-267.00,   19152,  1.95,    1141,  0.23,   18011,  3.66
 247,-266.00,   20316,  2.07,    1640,  0.33,   18676,  3.80
 248,-265.00,   19979,  2.03,    2168,  0.44,   17811,  3.62
 249,-264.00,   19301,  1.96,    2207,  0.45,   17094,  3.48
 250,-263.00,   18988,  1.93,    2638,  0.54,   16350,  3.33
 251,-262.00,   18642,  1.90,    3168,  0.64,   15474,  3.15
 252,-261.00,   18792,  1.91,    4268,  0.87,   14524,  2.96
 253,-260.00,   19838,  2.02,    5633,  1.15,   14205,  2.89
 254,-259.00,   21351,  2.17,    6759,  1.38,   14592,  2.97
 255,-258.00,   22050,  2.24,    7196,  1.46,   14854,  3.02
 256,-257.00,   22383,  2.28,    7737,  1.57,   14646,  2.98
 257,-256.00,   21258,  2.16,    7563,  1.54,   13695,  2.79
 258,-255.00,   20617,  2.10,    7240,  1.47,   13377,  2.72
 259,-254.00,   19759,  2.01,    7530,  1.53,   12229,  2.49
 260,-253.00,   19019,  1.93,    8039,  1.64,   10980,  2.23
 261,-252.00,   19692,  2.00,    8371,  1.70,   11321,  2.30
 262,-251.00,   19985,  2.03,    8065,  1.64,   11920,  2.43
 263,-250.00,   19682,  2.00,    7619,  1.55,   12063,  2.45
 264,-249.00,   19154,  1.95,    7179,  1.46,   11975,  2.44
 265,-248.00,   18293,  1.86,    6459,  1.31,   11834,  2.41
 266,-247.00,   18108,  1.84,    6929,  1.41,   11179,  2.27
 267,-246.00,   18411,  1.87,    7919,  1.61,   10492,  2.13
 268,-245.00,   18943,  1.93,    8742,  1.78,   10201,  2.08
 269,-244.00,   19445,  1.98,    9138,  1.86,   10307,  2.10
 270,-243.00,   19333,  1.97,    9689,  1.97,    9644,  1.96
 271,-242.00,   18941,  1.93,   10465,  2.13,    8476,  1.72
 272,-241.00,   16952,  1.72,   10111,  2.06,    6841,  1.39
 273,-240.00,   14536,  1.48,    8742,  1.78,    5794,  1.18
 274,-239.00,   13348,  1.36,    7820,  1.59,    5528,  1.12
 275,-238.00,   13276,  1.35,    8104,  1.65,    5172,  1.05
 276,-237.00,   12507,  1.27,    8040,  1.64,    4467,  0.91
 277,-236.00,   10431,  1.06,    6549,  1.33,    3882,  0.79
 278,-235.00,    7324,  0.75,    3986,  0.81,    3338,  0.68
 279,-234.00,    4778,  0.49,    2520,  0.51,    2258,  0.46
 280,-233.00,    2578,  0.26,    1650,  0.34,     928,  0.19
 281,-232.00,     939,  0.10,     820,  0.17,     119,  0.02
 282,-231.00,     884,  0.09,    1110,  0.23,    -226, -0.05
 283,-230.00,    1233,  0.13,    1029,  0.21,     204,  0.04
 284,-229.00,    1004,  0.10,     -77, -0.02,    1081,  0.22
 285,-228.00,     135,  0.01,   -2040, -0.42,    2175,  0.44
 286,-227.00,   -1646, -0.17,   -4148, -0.84,    2502,  0.51
 287,-226.00,   -3989, -0.41,   -5533, -1.13,    1544,  0.31
 288,-225.00,   -4171, -0.42,   -5308, -1.08,    1137,  0.23
 289,-224.00,   -4303, -0.44,   -4666, -0.95,     363,  0.07
 290,-223.00,   -3968, -0.40,   -3915, -0.80,     -53, -0.01
 291,-222.00,   -2837, -0.29,   -3188, -0.65,     351,  0.07
 292,-221.00,   -2899, -0.29,   -3042, -0.62,     143,  0.03
 293,-220.00,   -4114, -0.42,   -3721, -0.76,    -393, -0.08
 294,-219.00,   -5197, -0.53,   -4522, -0.92,    -675, -0.14
 295,-218.00,   -5708, -0.58,   -4427, -0.90,   -1281, -0.26
 296,-217.00,   -5925, -0.60,   -3907, -0.79,   -2018, -0.41
 297,-216.00,   -5847, -0.59,   -4212, -0.86,   -1635, -0.33
 298,-215.00,   -5888, -0.60,   -4408, -0.90,   -1480, -0.30
 299,-214.00,   -6590, -0.67,   -4598, -0.94,   -1992, -0.41
 300,-213.00,   -7943, -0.81,   -5063, -1.03,   -2880, -0.59
 301,-212.00,   -8807, -0.90,   -5140, -1.05,   -3667, -0.75
 302,-211.00,   -8883, -0.90,   -4224, -0.86,   -4659, -0.95
 303,-210.00,   -9937, -1.01,   -4005, -0.81,   -5932, -1.21
 304,-209.00,  -11730, -1.19,   -4480, -0.91,   -7250, -1.48
 305,-208.00,  -14300, -1.45,   -5331, -1.08,   -8969, -1.82
 306,-207.00,  -17430, -1.77,   -6840, -1.39,  -10590, -2.15
 307,-206.00,  -20537, -2.09,   -8509, -1.73,  -12028, -2.45
 308,-205.00,  -22502, -2.29,   -9519, -1.94,  -12983, -2.64
 309,-204.00,  -24442, -2.49,   -9788, -1.99,  -14654, -2.98
 310,-203.00,  -27658, -2.81,  -10528, -2.14,  -17130, -3.49
 311,-202.00,  -31455, -3.20,  -11787, -2.40,  -19668, -4.00
 312,-201.00,  -34790, -3.54,  -12778, -2.60,  -22012, -4.48
 313,-200.00,  -37478, -3.81,  -13540, -2.75,  -23938, -4.87
 314,-199.00,  -41119, -4.18,  -15823, -3.22,  -25296, -5.15
 315,-198.00,  -43977, -4.47,  -17122, -3.48,  -26855, -5.46
 316,-197.00,  -44440, -4.52,  -16835, -3.43,  -27605, -5.62
 317,-196.00,  -44532, -4.53,  -16900, -3.44,  -27632, -5.62
 318,-195.00,  -45751, -4.65,  -17142, -3.49,  -28609, -5.82
 319,-194.00,  -47439, -4.83,  -17463, -3.55,  -29976, -6.10
 320,-193.00,  -48200, -4.90,  -18014, -3.67,  -30186, -6.14
 321,-192.00,  -49091, -4.99,  -18687, -3.80,  -30404, -6.19
 322,-191.00,  -50035, -5.09,  -18848, -3.83,  -31187, -6.35
 323,-190.00,  -51173, -5.21,  -19592, -3.99,  -31581, -6.43
 324,-189.00,  -51785, -5.27,  -20050, -4.08,  -31735, -6.46
 325,-188.00,  -50719, -5.16,  -19834, -4.04,  -30885, -6.28
 326,-187.00,  -50090, -5.10,  -19956, -4.06,  -30134, -6.13
 327,-186.00,  -50850, -5.17,  -21147, -4.30,  -29703, -6.04
 328,-185.00,  -52023, -5.29,  -22346, -4.55,  -29677, -6.04
 329,-184.00,  -52776, -5.37,  -22373, -4.55,  -30403, -6.19
 330,-183.00,  -53605, -5.45,  -22081, -4.49,  -31524, -6.41
 331,-182.00,  -54921, -5.59,  -22050, -4.49,  -32871, -6.69
 332,-181.00,  -56189, -5.72,  -22446, -4.57,  -33743, -6.87
 333,-180.00,  -58209, -5.92,  -23575, -4.80,  -34634, -7.05
 334,-179.00,  -61313, -6.24,  -25735, -5.24,  -35578, -7.24
 335,-178.00,  -64127, -6.52,  -27931, -5.68,  -36196, -7.36
 336,-177.00,  -65812, -6.69,  -29203, -5.94,  -36609, -7.45
 337,-176.00,  -66600, -6.78,  -29734, -6.05,  -36866, -7.50
 338,-175.00,  -66055, -6.72,  -29303, -5.96,  -36752, -7.48
 339,-174.00,  -64604, -6.57,  -28906, -5.88,  -35698, -7.26
 340,-173.00,  -63828, -6.49,  -30105, -6.13,  -33723, -6.86
 341,-172.00,  -63493, -6.46,  -31176, -6.34,  -32317, -6.58
 342,-171.00,  -63282, -6.44,  -31472, -6.40,  -31810, -6.47
 343,-170.00,  -62220, -6.33,  -31147, -6.34,  -31073, -6.32
 344,-169.00,  -61789, -6.29,  -31107, -6.33,  -30682, -6.24
 345,-168.00,  -63031, -6.41,  -31886, -6.49,  -31145, -6.34
 346,-167.00,  -63092, -6.42,  -32064, -6.52,  -31028, -6.31
 347,-166.00,  -62122, -6.32,  -32354, -6.58,  -29768, -6.06
 348,-165.00,  -60290, -6.13,  -32699, -6.65,  -27591, -5.61
 349,-164.00,  -58254, -5.93,  -32705, -6.65,  -25549, -5.20
 350,-163.00,  -57100, -5.81,  -32510, -6.61,  -24590, -5.00
 351,-162.00,  -56824, -5.78,  -32647, -6.64,  -24177, -4.92
 352,-161.00,  -55286, -5.62,  -32229, -6.56,  -23057, -4.69
 353,-160.00,  -53201, -5.41,  -31136, -6.33,  -22065, -4.49
 354,-159.00,  -51964, -5.29,  -31009, -6.31,  -20955, -4.26
 355,-158.00,  -51914, -5.28,  -32006, -6.51,  -19908, -4.05
 356,-157.00,  -52239, -5.31,  -32259, -6.56,  -19980, -4.07
 357,-156.00,  -51542, -5.24,  -32162, -6.54,  -19380, -3.94
 358,-155.00,  -50699, -5.16,  -32245, -6.56,  -18454, -3.75
 359,-154.00,  -50192, -5.11,  -32640, -6.64,  -17552, -3.57
 360,-153.00,  -49520, -5.04,  -33158, -6.75,  -16362, -3.33
 361,-152.00,  -48118, -4.89,  -33393, -6.79,  -14725, -3.00
 362,-151.00,  -45378, -4.62,  -32785, -6.67,  -12593, -2.56
 363,-150.00,  -42751, -4.35,  -32081, -6.53,  -10670, -2.17
 364,-149.00,  -40640, -4.13,  -30909, -6.29,   -9731, -1.98
 365,-148.00,  -38745, -3.94,  -29703, -6.04,   -9042, -1.84
 366,-147.00,  -37066, -3.77,  -28825, -5.86,   -8241, -1.68
 367,-146.00,  -35984, -3.66,  -28012, -5.70,   -7972, -1.62
 368,-145.00,  -34659, -3.53,  -26848, -5.46,   -7811, -1.59
 369,-144.00,  -32238, -3.28,  -25100, -5.11,   -7138, -1.45
 370,-143.00,  -30906, -3.14,  -24147, -4.91,   -6759, -1.38
 371,-142.00,  -30622, -3.12,  -23857, -4.85,   -6765, -1.38
 372,-141.00,  -29749, -3.03,  -23251, -4.73,   -6498, -1.32
 373,-140.00,  -26821, -2.73,  -21197, -4.31,   -5624, -1.14
 374,-139.00,  -23604, -2.40,  -19243, -3.92,   -4361, -0.89
 375,-138.00,  -19974, -2.03,  -17066, -3.47,   -2908, -0.59
 376,-137.00,  -15382, -1.56,  -14302, -2.91,   -1080, -0.22
 377,-136.00,  -11834, -1.20,  -12116, -2.47,     282,  0.06
 378,-135.00,   -8960, -0.91,  -10567, -2.15,    1607,  0.33
 379,-134.00,   -7082, -0.72,   -9477, -1.93,    2395,  0.49
 380,-133.00,   -4874, -0.50,   -8223, -1.67,    3349,  0.68
 381,-132.00,   -2394, -0.24,   -6864, -1.40,    4470,  0.91
 382,-131.00,    1959,  0.20,   -5187, -1.06,    7146,  1.45
 383,-130.00,    7054,  0.72,   -3120, -0.63,   10174,  2.07
 384,-129.00,   11065,  1.13,   -1743, -0.35,   12808,  2.61
 385,-128.00,   14054,  1.43,     -39, -0.00,   14093,  2.87
 386,-127.00,   17403,  1.77,    2325,  0.47,   15078,  3.07
 387,-126.00,   21488,  2.19,    4568,  0.93,   16920,  3.44
 388,-125.00,   24901,  2.53,    6269,  1.28,   18632,  3.79
 389,-124.00,   27945,  2.84,    7661,  1.56,   20284,  4.13
 390,-123.00,   32042,  3.26,    9835,  2.00,   22207,  4.52
 391,-122.00,   35243,  3.59,   12071,  2.46,   23172,  4.71
 392,-121.00,   37253,  3.79,   14066,  2.86,   23187,  4.72
 393,-120.00,   39457,  4.01,   16040,  3.26,   23417,  4.76
 394,-119.00,   42551,  4.33,   17904,  3.64,   24647,  5.01
 395,-118.00,   45390,  4.62,   20307,  4.13,   25083,  5.10
 396,-117.00,   47254,  4.81,   22090,  4.49,   25164,  5.12
 397,-116.00,   50021,  5.09,   23341,  4.75,   26680,  5.43
 398,-115.00,   52483,  5.34,   24276,  4.94,   28207,  5.74
 399,-114.00,   52990,  5.39,   25205,  5.13,   27785,  5.65
 400,-113.00,   53686,  5.46,   26096,  5.31,   27590,  5.61
 401,-112.00,   54368,  5.53,   27026,  5.50,   27342,  5.56
 402,-111.00,   55212,  5.62,   28007,  5.70,   27205,  5.54
 403,-110.00,   56660,  5.76,   28821,  5.86,   27839,  5.66
 404,-109.00,   57155,  5.81,   29483,  6.00,   27672,  5.63
 405,-108.00,   57565,  5.86,   30644,  6.23,   26921,  5.48
 406,-107.00,   57895,  5.89,   31319,  6.37,   26576,  5.41
 407,-106.00,   58177,  5.92,   31253,  6.36,   26924,  5.48
 408,-105.00,   58076,  5.91,   31063,  6.32,   27013,  5.50
 409,-104.00,   58081,  5.91,   31105,  6.33,   26976,  5.49
 410,-103.00,   58196,  5.92,   31058,  6.32,   27138,  5.52
 411,-102.00,   58481,  5.95,   30374,  6.18,   28107,  5.72
 412,-101.00,   58497,  5.95,   29531,  6.01,   28966,  5.89
 413,-100.00,   58075,  5.91,   29601,  6.02,   28474,  5.79
 414,-99.00,   58592,  5.96,   30405,  6.19,   28187,  5.73
 415,-98.00,   58533,  5.95,   30785,  6.26,   27748,  5.65
 416,-97.00,   56923,  5.79,   29959,  6.10,   26964,  5.49
 417,-96.00,   56821,  5.78,   29227,  5.95,   27594,  5.61
 418,-95.00,   57095,  5.81,   29206,  5.94,   27889,  5.67
 419,-94.00,   56690,  5.77,   29139,  5.93,   27551,  5.61
 420,-93.00,   55704,  5.67,   27799,  5.66,   27905,  5.68
 421,-92.00,   55468,  5.64,   27044,  5.50,   28424,  5.78
 422,-91.00,   56811,  5.78,   28102,  5.72,   28709,  5.84
 423,-90.00,   57362,  5.84,   28371,  5.77,   28991,  5.90
 424,-89.00,   56443,  5.74,   27914,  5.68,   28529,  5.80
 425,-88.00,   55518,  5.65,   27424,  5.58,   28094,  5.72
 426,-87.00,   55511,  5.65,   27511,  5.60,   28000,  5.70
 427,-86.00,   55789,  5.68,   27847,  5.67,   27942,  5.68
 428,-85.00,   55108,  5.61,   27523,  5.60,   27585,  5.61
 429,-84.00,   54808,  5.58,   26640,  5.42,   28168,  5.73
 430,-83.00,   55700,  5.67,   26716,  5.44,   28984,  5.90
 431,-82.00,   55532,  5.65,   26466,  5.38,   29066,  5.91
 432,-81.00,   54067,  5.50,   25652,  5.22,   28415,  5.78
 433,-80.00,   52157,  5.31,   24762,  5.04,   27395,  5.57
 434,-79.00,   50339,  5.12,   24315,  4.95,   26024,  5.29
 435,-78.00,   49841,  5.07,   24121,  4.91,   25720,  5.23
 436,-77.00,   49026,  4.99,   23526,  4.79,   25500,  5.19
 437,-76.00,   47759,  4.86,   23467,  4.77,   24292,  4.94
 438,-75.00,   45864,  4.67,   23187,  4.72,   22677,  4.61
 439,-74.00,   43791,  4.45,   22681,  4.61,   21110,  4.29
 440,-73.00,   41397,  4.21,   22064,  4.49,   19333,  3.93
 441,-72.00,   39101,  3.98,   21655,  4.41,   17446,  3.55
 442,-71.00,   36426,  3.71,   20537,  4.18,   15889,  3.23
 443,-70.00,   33967,  3.46,   19007,  3.87,   14960,  3.04
 444,-69.00,   32108,  3.27,   18235,  3.71,   13873,  2.82
 445,-68.00,   30810,  3.13,   18293,  3.72,   12517,  2.55
 446,-67.00,   29375,  2.99,   17980,  3.66,   11395,  2.32
 447,-66.00,   28360,  2.89,   17504,  3.56,   10856,  2.21
 448,-65.00,   27123,  2.76,   16993,  3.46,   10130,  2.06
 449,-64.00,   26760,  2.72,   17108,  3.48,    9652,  1.96
 450,-63.00,   27260,  2.77,   17343,  3.53,    9917,  2.02
 451,-62.00,   27857,  2.83,   17485,  3.56,   10372,  2.11
 452,-61.00,   28369,  2.89,   17357,  3.53,   11012,  2.24
 453,-60.00,   27016,  2.75,   16299,  3.32,   10717,  2.18
 454,-59.00,   25227,  2.57,   15864,  3.23,    9363,  1.90
 455,-58.00,   24437,  2.49,   16147,  3.29,    8290,  1.69
 456,-57.00,   23105,  2.35,   16354,  3.33,    6751,  1.37
 457,-56.00,   22488,  2.29,   16581,  3.37,    5907,  1.20
 458,-55.00,   22886,  2.33,   16909,  3.44,    5977,  1.22
 459,-54.00,   22754,  2.31,   16939,  3.45,    5815,  1.18
 460,-53.00,   22031,  2.24,   16727,  3.40,    5304,  1.08
 461,-52.00,   21434,  2.18,   16766,  3.41,    4668,  0.95
 462,-51.00,   20161,  2.05,   17020,  3.46,    3141,  0.64
 463,-50.00,   18358,  1.87,   16743,  3.41,    1615,  0.33
 464,-49.00,   17322,  1.76,   16521,  3.36,     801,  0.16
 465,-48.00,   15595,  1.59,   15851,  3.22,    -256, -0.05
 466,-47.00,   13980,  1.42,   15165,  3.09,   -1185, -0.24
 467,-46.00,   13408,  1.36,   15348,  3.12,   -1940, -0.39
 468,-45.00,   12382,  1.26,   14407,  2.93,   -2025, -0.41
 469,-44.00,   10919,  1.11,   13220,  2.69,   -2301, -0.47
 470,-43.00,    8451,  0.86,   12044,  2.45,   -3593, -0.73
 471,-42.00,    7317,  0.74,   11287,  2.30,   -3970, -0.81
 472,-41.00,    6948,  0.71,   10273,  2.09,   -3325, -0.68
 473,-40.00,    5728,  0.58,    8831,  1.80,   -3103, -0.63
 474,-39.00,    3815,  0.39,    6673,  1.36,   -2858, -0.58
 475,-38.00,    2797,  0.28,    4924,  1.00,   -2127, -0.43
 476,-37.00,    2049,  0.21,    3943,  0.80,   -1894, -0.39
 477,-36.00,     769,  0.08,    3300,  0.67,   -2531, -0.51
 478,-35.00,     139,  0.01,    2343,  0.48,   -2204, -0.45
 479,-34.00,     421,  0.04,    1932,  0.39,   -1511, -0.31
 480,-33.00,     868,  0.09,    2083,  0.42,   -1215, -0.25
 481,-32.00,    -349, -0.04,    1645,  0.33,   -1994, -0.41
 482,-31.00,   -1136, -0.12,    1715,  0.35,   -2851, -0.58
 483,-30.00,    -359, -0.04,    1893,  0.39,   -2252, -0.46
 484,-29.00,     -20, -0.00,    1313,  0.27,   -1333, -0.27
 485,-28.00,    -798, -0.08,     473,  0.10,   -1271, -0.26
 486,-27.00,   -2184, -0.22,    -352, -0.07,   -1832, -0.37
 487,-26.00,   -2522, -0.26,   -1486, -0.30,   -1036, -0.21
 488,-25.00,   -3130, -0.32,   -2732, -0.56,    -398, -0.08
 489,-24.00,   -4386, -0.45,   -3513, -0.71,    -873, -0.18
 490,-23.00,   -3627, -0.37,   -3453, -0.70,    -174, -0.04
 491,-22.00,   -2459, -0.25,   -2746, -0.56,     287,  0.06
 492,-21.00,   -4190, -0.43,   -3766, -0.77,    -424, -0.09
 493,-20.00,   -6155, -0.63,   -4789, -0.97,   -1366, -0.28
 494,-19.00,   -8045, -0.82,   -5779, -1.18,   -2266, -0.46
 495,-18.00,  -10050, -1.02,   -7229, -1.47,   -2821, -0.57
 496,-17.00,  -10347, -1.05,   -7945, -1.62,   -2402, -0.49
 497,-16.00,  -10594, -1.08,   -8387, -1.71,   -2207, -0.45
 498,-15.00,  -12209, -1.24,   -9515, -1.94,   -2694, -0.55
 499,-14.00,  -14201, -1.44,  -11149, -2.27,   -3052, -0.62
 500,-13.00,  -14812, -1.51,  -12332, -2.51,   -2480, -0.50
 501,-12.00,  -15659, -1.59,  -13328, -2.71,   -2331, -0.47
 502,-11.00,  -14905, -1.52,  -12950, -2.63,   -1955, -0.40
 503,-10.00,  -12964, -1.32,  -12027, -2.45,    -937, -0.19
 504,-9.00,  -12990, -1.32,  -13095, -2.66,     105,  0.02
 505,-8.00,  -12281, -1.25,  -13093, -2.66,     812,  0.17
 506,-7.00,  -10550, -1.07,  -11254, -2.29,     704,  0.14
 507,-6.00,   -7997, -0.81,   -9063, -1.84,    1066,  0.22
 508,-5.00,   -5878, -0.60,   -7339, -1.49,    1461,  0.30
 509,-4.00,   -3213, -0.33,   -5669, -1.15,    2456,  0.50
 510,-3.00,    -927, -0.09,   -4386, -0.89,    3459,  0.70
 511,-2.00,     309,  0.03,   -3757, -0.76,    4066,  0.83
 512,-1.00,    2841,  0.29,   -2771, -0.56,    5612,  1.14
 513,0.00,    6157,  0.63,   -1094, -0.22,    7251,  1.48
 514,1.00,    8791,  0.89,     191,  0.04,    8600,  1.75
 515,2.00,   10397,  1.06,     551,  0.11,    9846,  2.00
 516,3.00,   11674,  1.19,    1104,  0.22,   10570,  2.15
 517,4.00,   11893,  1.21,    1242,  0.25,   10651,  2.17
 518,5.00,   11572,  1.18,     798,  0.16,   10774,  2.19
 519,6.00,   10813,  1.10,     209,  0.04,   10604,  2.16
 520,7.00,   11555,  1.18,     266,  0.05,   11289,  2.30
 521,8.00,   14569,  1.48,    1371,  0.28,   13198,  2.69
 522,9.00,   16632,  1.69,    1439,  0.29,   15193,  3.09
 523,10.00,   17246,  1.75,     647,  0.13,   16599,  3.38
 524,11.00,   16187,  1.65,    -887, -0.18,   17074,  3.47
 525,12.00,   14161,  1.44,   -2766, -0.56,   16927,  3.44
 526,13.00,   11966,  1.22,   -4523, -0.92,   16489,  3.35
 527,14.00,   10072,  1.02,   -6059, -1.23,   16131,  3.28
 528,15.00,    8511,  0.87,   -7747, -1.58,   16258,  3.31
 529,16.00,    7181,  0.73,   -9371, -1.91,   16552,  3.37
 530,17.00,    5805,  0.59,  -10483, -2.13,   16288,  3.31
 531,18.00,    5107,  0.52,  -11356, -2.31,   16463,  3.35
 532,19.00,    5747,  0.58,  -11986, -2.44,   17733,  3.61
 533,20.00,    5606,  0.57,  -12330, -2.51,   17936,  3.65
 534,21.00,    5441,  0.55,  -12225, -2.49,   17666,  3.59
 535,22.00,    5012,  0.51,  -13149, -2.68,   18161,  3.69
 536,23.00,    4240,  0.43,  -14338, -2.92,   18578,  3.78
 537,24.00,    4427,  0.45,  -13930, -2.83,   18357,  3.73
 538,25.00,    4279,  0.44,  -13872, -2.82,   18151,  3.69
 539,26.00,    4545,  0.46,  -13862, -2.82,   18407,  3.75
 540,27.00,    4504,  0.46,  -13908, -2.83,   18412,  3.75
 541,28.00,    3411,  0.35,  -14457, -2.94,   17868,  3.64
 542,29.00,    1770,  0.18,  -15508, -3.16,   17278,  3.52
 543,30.00,    2085,  0.21,  -16248, -3.31,   18333,  3.73
 544,31.00,    3421,  0.35,  -15809, -3.22,   19230,  3.91
 545,32.00,    4891,  0.50,  -14790, -3.01,   19681,  4.00
 546,33.00,    5529,  0.56,  -14314, -2.91,   19843,  4.04
 547,34.00,    5237,  0.53,  -14295, -2.91,   19532,  3.97
 548,35.00,    4596,  0.47,  -14443, -2.94,   19039,  3.87
 549,36.00,    3419,  0.35,  -14524, -2.96,   17943,  3.65
 550,37.00,    2755,  0.28,  -13975, -2.84,   16730,  3.40
 551,38.00,    2266,  0.23,  -13616, -2.77,   15882,  3.23
 552,39.00,    1411,  0.14,  -13639, -2.77,   15050,  3.06
 553,40.00,    1235,  0.13,  -13675, -2.78,   14910,  3.03
 554,41.00,    1155,  0.12,  -13367, -2.72,   14522,  2.95
 555,42.00,     856,  0.09,  -12774, -2.60,   13630,  2.77
 556,43.00,     276,  0.03,  -12116, -2.47,   12392,  2.52
 557,44.00,     366,  0.04,  -11811, -2.40,   12177,  2.48
 558,45.00,    1395,  0.14,  -11333, -2.31,   12728,  2.59
 559,46.00,    1748,  0.18,  -11264, -2.29,   13012,  2.65
 560,47.00,    1792,  0.18,  -11642, -2.37,   13434,  2.73
 561,48.00,    2505,  0.25,  -10806, -2.20,   13311,  2.71
 562,49.00,    3056,  0.31,   -9711, -1.98,   12767,  2.60
 563,50.00,    2033,  0.21,   -9559, -1.94,   11592,  2.36
 564,51.00,    1207,  0.12,   -9891, -2.01,   11098,  2.26
 565,52.00,     524,  0.05,  -10712, -2.18,   11236,  2.29
 566,53.00,     612,  0.06,  -10499, -2.14,   11111,  2.26
 567,54.00,     220,  0.02,  -10734, -2.18,   10954,  2.23
 568,55.00,     -93, -0.00,  -10896, -2.22,   10803,  2.20
 569,56.00,    -768, -0.08,  -10479, -2.13,    9711,  1.98
 570,57.00,   -2718, -0.28,  -11432, -2.33,    8714,  1.77
 571,58.00,   -4426, -0.45,  -13148, -2.68,    8722,  1.77
 572,59.00,   -5998, -0.61,  -14656, -2.98,    8658,  1.76
 573,60.00,   -7896, -0.80,  -15050, -3.06,    7154,  1.46
 574,61.00,   -9215, -0.94,  -14267, -2.90,    5052,  1.03
 575,62.00,  -10100, -1.03,  -13561, -2.76,    3461,  0.70
 576,63.00,  -11663, -1.19,  -13532, -2.75,    1869,  0.38
 577,64.00,  -13358, -1.36,  -14023, -2.85,     665,  0.14
 578,65.00,  -15445, -1.57,  -14947, -3.04,    -498, -0.10
 579,66.00,  -17053, -1.73,  -14841, -3.02,   -2212, -0.45
 580,67.00,  -17851, -1.82,  -14064, -2.86,   -3787, -0.77
 581,68.00,  -19391, -1.97,  -14532, -2.96,   -4859, -0.99
 582,69.00,  -20046, -2.04,  -15231, -3.10,   -4815, -0.98
 583,70.00,  -19044, -1.94,  -15372, -3.13,   -3672, -0.75
 584,71.00,  -19658, -2.00,  -15956, -3.25,   -3702, -0.75
 585,72.00,  -21119, -2.15,  -17260, -3.51,   -3859, -0.79
 586,73.00,  -21644, -2.20,  -17929, -3.65,   -3715, -0.76
 587,74.00,  -21416, -2.18,  -17652, -3.59,   -3764, -0.77
 588,75.00,  -20639, -2.10,  -16578, -3.37,   -4061, -0.83
 589,76.00,  -21023, -2.14,  -16030, -3.26,   -4993, -1.02
 590,77.00,  -22299, -2.27,  -15798, -3.21,   -6501, -1.32
 591,78.00,  -23267, -2.37,  -15879, -3.23,   -7388, -1.50
 592,79.00,  -22293, -2.27,  -15079, -3.07,   -7214, -1.47
 593,80.00,  -20773, -2.11,  -14286, -2.91,   -6487, -1.32
 594,81.00,  -20553, -2.09,  -14801, -3.01,   -5752, -1.17
 595,82.00,  -20349, -2.07,  -15389, -3.13,   -4960, -1.01
 596,83.00,  -20236, -2.06,  -15125, -3.08,   -5111, -1.04
 597,84.00,  -21547, -2.19,  -15302, -3.11,   -6245, -1.27
 598,85.00,  -22438, -2.28,  -16036, -3.26,   -6402, -1.30
 599,86.00,  -22454, -2.28,  -16600, -3.38,   -5854, -1.19
 600,87.00,  -22687, -2.31,  -16513, -3.36,   -6174, -1.26
 601,88.00,  -23533, -2.39,  -15871, -3.23,   -7662, -1.56
 602,89.00,  -25108, -2.55,  -16013, -3.26,   -9095, -1.85
 603,90.00,  -26567, -2.70,  -17387, -3.54,   -9180, -1.87
 604,91.00,  -28968, -2.95,  -19313, -3.93,   -9655, -1.96
 605,92.00,  -30691, -3.12,  -20427, -4.16,  -10264, -2.09
 606,93.00,  -31567, -3.21,  -21032, -4.28,  -10535, -2.14
 607,94.00,  -33799, -3.44,  -22801, -4.64,  -10998, -2.24
 608,95.00,  -35863, -3.65,  -24509, -4.99,  -11354, -2.31
 609,96.00,  -37026, -3.77,  -25687, -5.23,  -11339, -2.31
 610,97.00,  -38689, -3.94,  -26995, -5.49,  -11694, -2.38
 611,98.00,  -40565, -4.13,  -28414, -5.78,  -12151, -2.47
 612,99.00,  -42152, -4.29,  -30302, -6.17,  -11850, -2.41
 613,100.00,  -42696, -4.34,  -31722, -6.45,  -10974, -2.23
 614,101.00,  -41899, -4.26,  -31545, -6.42,  -10354, -2.11
 615,102.00,  -41514, -4.22,  -31207, -6.35,  -10307, -2.10
 616,103.00,  -41270, -4.20,  -30858, -6.28,  -10412, -2.12
 617,104.00,  -41785, -4.25,  -30144, -6.13,  -11641, -2.37
 618,105.00,  -42177, -4.29,  -29820, -6.07,  -12357, -2.51
 619,106.00,  -41286, -4.20,  -29672, -6.04,  -11614, -2.36
 620,107.00,  -40977, -4.17,  -30163, -6.14,  -10814, -2.20
 621,108.00,  -40134, -4.08,  -30528, -6.21,   -9606, -1.95
 622,109.00,  -38631, -3.93,  -30980, -6.30,   -7651, -1.56
 623,110.00,  -37334, -3.80,  -30838, -6.27,   -6496, -1.32
 624,111.00,  -35406, -3.60,  -29839, -6.07,   -5567, -1.13
 625,112.00,  -34776, -3.54,  -29351, -5.97,   -5425, -1.10
 626,113.00,  -34747, -3.53,  -29340, -5.97,   -5407, -1.10
 627,114.00,  -33571, -3.42,  -28702, -5.84,   -4869, -0.99
 628,115.00,  -31303, -3.18,  -27458, -5.59,   -3845, -0.78
 629,116.00,  -30560, -3.11,  -26327, -5.36,   -4233, -0.86
 630,117.00,  -30185, -3.07,  -24875, -5.06,   -5310, -1.08
 631,118.00,  -27580, -2.81,  -23081, -4.70,   -4499, -0.92
 632,119.00,  -23730, -2.41,  -21730, -4.42,   -2000, -0.41
 633,120.00,  -21337, -2.17,  -21202, -4.31,    -135, -0.03
 634,121.00,  -19712, -2.01,  -20747, -4.22,    1035,  0.21
 635,122.00,  -16373, -1.67,  -18957, -3.86,    2584,  0.53
 636,123.00,  -13760, -1.40,  -17326, -3.53,    3566,  0.73
 637,124.00,  -11275, -1.15,  -16280, -3.31,    5005,  1.02
 638,125.00,   -9946, -1.01,  -16479, -3.35,    6533,  1.33
 639,126.00,   -8648, -0.88,  -16277, -3.31,    7629,  1.55
 640,127.00,   -5973, -0.61,  -14773, -3.01,    8800,  1.79
 641,128.00,   -3756, -0.38,  -13262, -2.70,    9506,  1.93
 642,129.00,   -1856, -0.19,  -12215, -2.49,   10359,  2.11
 643,130.00,     296,  0.03,  -10970, -2.23,   11266,  2.29
 644,131.00,    1758,  0.18,  -10313, -2.10,   12071,  2.46
 645,132.00,    2317,  0.24,  -10421, -2.12,   12738,  2.59
 646,133.00,    3762,  0.38,   -9931, -2.02,   13693,  2.79
 647,134.00,    5022,  0.51,   -9184, -1.87,   14206,  2.89
 648,135.00,    6190,  0.63,   -8617, -1.75,   14807,  3.01
 649,136.00,    8141,  0.83,   -8409, -1.71,   16550,  3.37
 650,137.00,   10561,  1.07,   -8069, -1.64,   18630,  3.79
 651,138.00,   11863,  1.21,   -7216, -1.47,   19079,  3.88
 652,139.00,   12200,  1.24,   -6419, -1.31,   18619,  3.79
 653,140.00,   13284,  1.35,   -5629, -1.15,   18913,  3.85
 654,141.00,   13033,  1.33,   -5367, -1.09,   18400,  3.74
 655,142.00,   12239,  1.25,   -5334, -1.09,   17573,  3.58
 656,143.00,   12845,  1.31,   -4268, -0.87,   17113,  3.48
 657,144.00,   14206,  1.45,   -3184, -0.65,   17390,  3.54
 658,145.00,   15233,  1.55,   -3310, -0.67,   18543,  3.77
 659,146.00,   14640,  1.49,   -3995, -0.81,   18635,  3.79
 660,147.00,   14083,  1.43,   -3938, -0.80,   18021,  3.67
 661,148.00,   14702,  1.50,   -3402, -0.69,   18104,  3.68
 662,149.00,   14508,  1.48,   -3013, -0.61,   17521,  3.56
 663,150.00,   13710,  1.39,   -3045, -0.62,   16755,  3.41
 664,151.00,   13686,  1.39,   -3713, -0.76,   17399,  3.54
 665,152.00,   12807,  1.30,   -5506, -1.12,   18313,  3.73
 666,153.00,    9834,  1.00,   -8269, -1.68,   18103,  3.68
 667,154.00,    7190,  0.73,   -9610, -1.96,   16800,  3.42
 668,155.00,    5613,  0.57,   -9734, -1.98,   15347,  3.12
 669,156.00,    5398,  0.55,  -10214, -2.08,   15612,  3.18
 670,157.00,    6026,  0.61,  -10098, -2.05,   16124,  3.28
 671,158.00,    8271,  0.84,   -8824, -1.80,   17095,  3.48
 672,159.00,   10268,  1.04,   -7724, -1.57,   17992,  3.66
 673,160.00,   12191,  1.24,   -6750, -1.37,   18941,  3.85
 674,161.00,   14233,  1.45,   -6225, -1.27,   20458,  4.16
 675,162.00,   15438,  1.57,   -5776, -1.18,   21214,  4.32
 676,163.00,   16154,  1.64,   -5171, -1.05,   21325,  4.34
 677,164.00,   16203,  1.65,   -4453, -0.91,   20656,  4.20
 678,165.00,   16122,  1.64,   -3672, -0.75,   19794,  4.03
 679,166.00,   16659,  1.69,   -2733, -0.56,   19392,  3.95
 680,167.00,   17745,  1.81,   -1657, -0.34,   19402,  3.95
 681,168.00,   20764,  2.11,     932,  0.19,   19832,  4.03
 682,169.00,   22652,  2.30,    3273,  0.67,   19379,  3.94
 683,170.00,   23190,  2.36,    4882,  0.99,   18308,  3.72
 684,171.00,   24427,  2.48,    6144,  1.25,   18283,  3.72
 685,172.00,   26259,  2.67,    7559,  1.54,   18700,  3.80
 686,173.00,   28207,  2.87,    9157,  1.86,   19050,  3.88
 687,174.00,   29899,  3.04,   10541,  2.14,   19358,  3.94
 688,175.00,   31458,  3.20,   11730,  2.39,   19728,  4.01
 689,176.00,   32614,  3.32,   13076,  2.66,   19538,  3.98
 690,177.00,   33474,  3.41,   14257,  2.90,   19217,  3.91
 691,178.00,   33440,  3.40,   14379,  2.93,   19061,  3.88
 692,179.00,   34410,  3.50,   15394,  3.13,   19016,  3.87
 693,180.00,   38207,  3.89,   17919,  3.65,   20288,  4.13
 694,181.00,   41810,  4.25,   20958,  4.26,   20852,  4.24
 695,182.00,   43624,  4.44,   23244,  4.73,   20380,  4.15
 696,183.00,   44968,  4.57,   24605,  5.01,   20363,  4.14
 697,184.00,   45542,  4.63,   25651,  5.22,   19891,  4.05
 698,185.00,   45255,  4.60,   26132,  5.32,   19123,  3.89
 699,186.00,   46618,  4.74,   26813,  5.46,   19805,  4.03
 700,187.00,   50212,  5.11,   28031,  5.70,   22181,  4.51
 701,188.00,   51851,  5.27,   29179,  5.94,   22672,  4.61
 702,189.00,   51835,  5.27,   29785,  6.06,   22050,  4.49
 703,190.00,   52261,  5.32,   30463,  6.20,   21798,  4.43
 704,191.00,   52499,  5.34,   30586,  6.22,   21913,  4.46
 705,192.00,   52634,  5.35,   30500,  6.21,   22134,  4.50
 706,193.00,   52242,  5.31,   30707,  6.25,   21535,  4.38
 707,194.00,   52583,  5.35,   31009,  6.31,   21574,  4.39
 708,195.00,   52768,  5.37,   31131,  6.33,   21637,  4.40
 709,196.00,   52420,  5.33,   31000,  6.31,   21420,  4.36
 710,197.00,   52120,  5.30,   30459,  6.20,   21661,  4.41
 711,198.00,   53028,  5.39,   30351,  6.18,   22677,  4.61
 712,199.00,   54437,  5.54,   31637,  6.44,   22800,  4.64
 713,200.00,   54218,  5.52,   32377,  6.59,   21841,  4.44
 714,201.00,   53849,  5.48,   31856,  6.48,   21993,  4.47
 715,202.00,   53832,  5.48,   31397,  6.39,   22435,  4.56
 716,203.00,   54024,  5.50,   31795,  6.47,   22229,  4.52
 717,204.00,   54788,  5.57,   32598,  6.63,   22190,  4.51
 718,205.00,   56268,  5.72,   33159,  6.75,   23109,  4.70
 719,206.00,   57245,  5.82,   33307,  6.78,   23938,  4.87
 720,207.00,   56980,  5.80,   33565,  6.83,   23415,  4.76
 721,208.00,   56145,  5.71,   33356,  6.79,   22789,  4.64
 722,209.00,   55276,  5.62,   32601,  6.63,   22675,  4.61
 723,210.00,   53848,  5.48,   31979,  6.51,   21869,  4.45
 724,211.00,   52022,  5.29,   30891,  6.28,   21131,  4.30
 725,212.00,   50083,  5.09,   30248,  6.15,   19835,  4.04
 726,213.00,   49913,  5.08,   30612,  6.23,   19301,  3.93
 727,214.00,   50599,  5.15,   30696,  6.25,   19903,  4.05
 728,215.00,   51191,  5.21,   30666,  6.24,   20525,  4.18
 729,216.00,   51372,  5.23,   31027,  6.31,   20345,  4.14
 730,217.00,   51447,  5.23,   31808,  6.47,   19639,  4.00
 731,218.00,   51376,  5.23,   32493,  6.61,   18883,  3.84
 732,219.00,   49688,  5.05,   32626,  6.64,   17062,  3.47
 733,220.00,   47240,  4.81,   31678,  6.45,   15562,  3.17
 734,221.00,   44915,  4.57,   29662,  6.03,   15253,  3.10
 735,222.00,   43494,  4.42,   28846,  5.87,   14648,  2.98
 736,223.00,   43972,  4.47,   29976,  6.10,   13996,  2.85
 737,224.00,   43840,  4.46,   30045,  6.11,   13795,  2.81
 738,225.00,   42749,  4.35,   29365,  5.97,   13384,  2.72
 739,226.00,   41375,  4.21,   28573,  5.81,   12802,  2.60
 740,227.00,   38660,  3.93,   28135,  5.72,   10525,  2.14
 741,228.00,   37111,  3.78,   27795,  5.66,    9316,  1.90
 742,229.00,   36888,  3.75,   28308,  5.76,    8580,  1.75
 743,230.00,   38013,  3.87,   29686,  6.04,    8327,  1.69
 744,231.00,   39853,  4.05,   30094,  6.12,    9759,  1.99
 745,232.00,   40844,  4.15,   29381,  5.98,   11463,  2.33
 746,233.00,   40626,  4.13,   28632,  5.83,   11994,  2.44
 747,234.00,   41035,  4.17,   28628,  5.82,   12407,  2.52
 748,235.00,   41877,  4.26,   29377,  5.98,   12500,  2.54
 749,236.00,   43040,  4.38,   30118,  6.13,   12922,  2.63
 750,237.00,   44296,  4.51,   30585,  6.22,   13711,  2.79
 751,238.00,   45797,  4.66,   31564,  6.42,   14233,  2.90
 752,239.00,   48079,  4.89,   33548,  6.83,   14531,  2.96
 753,240.00,   50112,  5.10,   35468,  7.22,   14644,  2.98
 754,241.00,   52958,  5.39,   37236,  7.58,   15722,  3.20
 755,242.00,   55866,  5.68,   38984,  7.93,   16882,  3.43
 756,243.00,   58213,  5.92,   39934,  8.12,   18279,  3.72
 757,244.00,   61206,  6.23,   41418,  8.43,   19788,  4.03
 758,245.00,   62499,  6.36,   42497,  8.65,   20002,  4.07
 759,246.00,   62934,  6.40,   43283,  8.81,   19651,  4.00
 760,247.00,   63726,  6.48,   44529,  9.06,   19197,  3.91
 761,248.00,   63511,  6.46,   45234,  9.20,   18277,  3.72
 762,249.00,   63958,  6.51,   45954,  9.35,   18004,  3.66
 763,250.00,   64835,  6.60,   47198,  9.60,   17637,  3.59
 764,251.00,   65403,  6.65,   48340,  9.84,   17063,  3.47
 765,252.00,   65582,  6.67,   49019,  9.97,   16563,  3.37
 766,253.00,   63595,  6.47,   48396,  9.85,   15199,  3.09
 767,254.00,   61702,  6.28,   47440,  9.65,   14262,  2.90
 768,255.00,   60411,  6.15,   47035,  9.57,   13376,  2.72
 769,256.00,   59489,  6.05,   46588,  9.48,   12901,  2.62
 770,257.00,   60391,  6.14,   46756,  9.51,   13635,  2.77
 771,258.00,   62008,  6.31,   48114,  9.79,   13894,  2.83
 772,259.00,   60884,  6.19,   48321,  9.83,   12563,  2.56
 773,260.00,   59604,  6.06,   48231,  9.81,   11373,  2.31
 774,261.00,   60013,  6.11,   48516,  9.87,   11497,  2.34
 775,262.00,   59293,  6.03,   47587,  9.68,   11706,  2.38
 776,263.00,   58449,  5.95,   46795,  9.52,   11654,  2.37
 777,264.00,   58922,  5.99,   47515,  9.67,   11407,  2.32
 778,265.00,   58987,  6.00,   48300,  9.83,   10687,  2.17
 779,266.00,   59936,  6.10,   49931, 10.16,   10005,  2.04
 780,267.00,   60494,  6.15,   51150, 10.41,    9344,  1.90
 781,268.00,   60866,  6.19,   51304, 10.44,    9562,  1.95
 782,269.00,   60908,  6.20,   50515, 10.28,   10393,  2.11
 783,270.00,   60505,  6.16,   50227, 10.22,   10278,  2.09
 784,271.00,   59090,  6.01,   50138, 10.20,    8952,  1.82
 785,272.00,   58341,  5.93,   50381, 10.25,    7960,  1.62
 786,273.00,   57478,  5.85,   50565, 10.29,    6913,  1.41
 787,274.00,   55093,  5.60,   49753, 10.12,    5340,  1.09
 788,275.00,   54088,  5.50,   49305, 10.03,    4783,  0.97
 789,276.00,   53768,  5.47,   49275, 10.03,    4493,  0.91
 790,277.00,   52775,  5.37,   48508,  9.87,    4267,  0.87
 791,278.00,   50514,  5.14,   46525,  9.47,    3989,  0.81
 792,279.00,   48455,  4.93,   44996,  9.15,    3459,  0.70
 793,280.00,   47661,  4.85,   44270,  9.01,    3391,  0.69
 794,281.00,   45859,  4.67,   42418,  8.63,    3441,  0.70
 795,282.00,   43065,  4.38,   40243,  8.19,    2822,  0.57
 796,283.00,   39641,  4.03,   38250,  7.78,    1391,  0.28
 797,284.00,   35952,  3.66,   35968,  7.32,     -16, -0.00
 798,285.00,   31558,  3.21,   33062,  6.73,   -1504, -0.31
 799,286.00,   26765,  2.72,   30052,  6.11,   -3287, -0.67
 800,287.00,   23259,  2.37,   27831,  5.66,   -4572, -0.93
 801,288.00,   21193,  2.16,   26335,  5.36,   -5142, -1.05
 802,289.00,   19753,  2.01,   25209,  5.13,   -5456, -1.11
 803,290.00,   16672,  1.70,   23146,  4.71,   -6474, -1.32
 804,291.00,   13980,  1.42,   21640,  4.40,   -7660, -1.56
 805,292.00,   10585,  1.08,   19662,  4.00,   -9077, -1.85
 806,293.00,    7098,  0.72,   16841,  3.43,   -9743, -1.98
 807,294.00,    5025,  0.51,   14630,  2.98,   -9605, -1.95
 808,295.00,    2956,  0.30,   13656,  2.78,  -10700, -2.18
 809,296.00,     159,  0.02,   12283,  2.50,  -12124, -2.47
 810,297.00,   -3468, -0.35,    9573,  1.95,  -13041, -2.65
 811,298.00,   -6379, -0.65,    7163,  1.46,  -13542, -2.76
 812,299.00,   -8718, -0.89,    5651,  1.15,  -14369, -2.92
 813,300.00,  -11655, -1.19,    4503,  0.92,  -16158, -3.29
 814,301.00,  -15291, -1.56,    1984,  0.40,  -17275, -3.51
 815,302.00,  -18323, -1.86,    -469, -0.10,  -17854, -3.63
 816,303.00,  -20322, -2.07,   -2611, -0.53,  -17711, -3.60
 817,304.00,  -22131, -2.25,   -5237, -1.07,  -16894, -3.44
 818,305.00,  -24467, -2.49,   -7686, -1.56,  -16781, -3.41
 819,306.00,  -26476, -2.69,   -9320, -1.90,  -17156, -3.49
 820,307.00,  -29284, -2.98,  -10870, -2.21,  -18414, -3.75
 821,308.00,  -33297, -3.39,  -12549, -2.55,  -20748, -4.22
 822,309.00,  -37922, -3.86,  -14753, -3.00,  -23169, -4.71
 823,310.00,  -40675, -4.14,  -16779, -3.41,  -23896, -4.86
 824,311.00,  -40693, -4.14,  -18763, -3.82,  -21930, -4.46
 825,312.00,  -42038, -4.28,  -20681, -4.21,  -21357, -4.35
 826,313.00,  -46182, -4.70,  -23541, -4.79,  -22641, -4.61
 827,314.00,  -51595, -5.25,  -27064, -5.51,  -24531, -4.99
 828,315.00,  -55344, -5.63,  -30488, -6.20,  -24856, -5.06
 829,316.00,  -57003, -5.80,  -32170, -6.55,  -24833, -5.05
 830,317.00,  -58911, -5.99,  -33022, -6.72,  -25889, -5.27
 831,318.00,  -61318, -6.24,  -34178, -6.95,  -27140, -5.52
 832,319.00,  -62311, -6.34,  -35042, -7.13,  -27269, -5.55
 833,320.00,  -63815, -6.49,  -36099, -7.34,  -27716, -5.64
 834,321.00,  -68929, -7.01,  -39115, -7.96,  -29814, -6.07
 835,322.00,  -74126, -7.54,  -42159, -8.58,  -31967, -6.50
 836,323.00,  -77181, -7.85,  -43974, -8.95,  -33207, -6.76
 837,324.00,  -79102, -8.05,  -45748, -9.31,  -33354, -6.79
 838,325.00,  -81421, -8.28,  -47857, -9.74,  -33564, -6.83
 839,326.00,  -85062, -8.65,  -49892,-10.15,  -35170, -7.16
 840,327.00,  -87382, -8.89,  -51057,-10.39,  -36325, -7.39
 841,328.00,  -90381, -9.19,  -52826,-10.75,  -37555, -7.64
 842,329.00,  -94840, -9.65,  -54913,-11.17,  -39927, -8.12
 843,330.00,  -98278,-10.00,  -57044,-11.61,  -41234, -8.39
 844,331.00,  -99987,-10.17,  -58809,-11.97,  -41178, -8.38
 845,332.00, -101202,-10.30,  -60367,-12.28,  -40835, -8.31
 846,333.00, -102464,-10.42,  -61927,-12.60,  -40537, -8.25
 847,334.00, -102768,-10.45,  -63421,-12.90,  -39347, -8.01
 848,335.00, -102650,-10.44,  -64678,-13.16,  -37972, -7.73
 849,336.00, -104115,-10.59,  -66382,-13.51,  -37733, -7.68
 850,337.00, -106287,-10.81,  -68309,-13.90,  -37978, -7.73
 851,338.00, -108208,-11.01,  -70528,-14.35,  -37680, -7.67
 852,339.00, -109420,-11.13,  -72785,-14.81,  -36635, -7.45
 853,340.00, -108697,-11.06,  -74082,-15.07,  -34615, -7.04
 854,341.00, -108264,-11.01,  -74719,-15.20,  -33545, -6.82
 855,342.00, -109192,-11.11,  -75394,-15.34,  -33798, -6.88
 856,343.00, -109793,-11.17,  -75699,-15.40,  -34094, -6.94
 857,344.00, -110822,-11.27,  -76417,-15.55,  -34405, -7.00
 858,345.00, -112195,-11.41,  -77545,-15.78,  -34650, -7.05
 859,346.00, -114036,-11.60,  -79047,-16.08,  -34989, -7.12
 860,347.00, -115812,-11.78,  -79839,-16.24,  -35973, -7.32
 861,348.00, -117728,-11.98,  -80250,-16.33,  -37478, -7.63
 862,349.00, -119382,-12.14,  -80805,-16.44,  -38577, -7.85
 863,350.00, -120167,-12.22,  -81152,-16.51,  -39015, -7.94
 864,351.00, -120538,-12.26,  -82473,-16.78,  -38065, -7.74
 865,352.00, -120073,-12.21,  -83140,-16.92,  -36933, -7.51
 866,353.00, -121371,-12.35,  -83321,-16.95,  -38050, -7.74
 867,354.00, -123844,-12.60,  -83501,-16.99,  -40343, -8.21
 868,355.00, -125294,-12.75,  -83741,-17.04,  -41553, -8.45
 869,356.00, -125233,-12.74,  -83665,-17.02,  -41568, -8.46
 870,357.00, -124119,-12.63,  -83525,-16.99,  -40594, -8.26
 871,358.00, -122948,-12.51,  -82627,-16.81,  -40321, -8.20
 872,359.00, -122413,-12.45,  -81986,-16.68,  -40427, -8.23
 873,360.00, -122471,-12.46,  -82410,-16.77,  -40061, -8.15
 874,361.00, -123781,-12.59,  -83331,-16.95,  -40450, -8.23
 875,362.00, -124698,-12.69,  -83662,-17.02,  -41036, -8.35
 876,363.00, -124484,-12.66,  -83126,-16.91,  -41358, -8.41
 877,364.00, -123571,-12.57,  -82093,-16.70,  -41478, -8.44
 878,365.00, -121449,-12.35,  -81054,-16.49,  -40395, -8.22
 879,366.00, -118565,-12.06,  -80264,-16.33,  -38301, -7.79
 880,367.00, -117034,-11.91,  -79421,-16.16,  -37613, -7.65
 881,368.00, -118051,-12.01,  -79298,-16.13,  -38753, -7.88
 882,369.00, -120241,-12.23,  -80190,-16.32,  -40051, -8.15
 883,370.00, -119855,-12.19,  -80223,-16.32,  -39632, -8.06
 884,371.00, -119905,-12.20,  -80226,-16.32,  -39679, -8.07
 885,372.00, -120889,-12.30,  -81009,-16.48,  -39880, -8.11
 886,373.00, -121489,-12.36,  -81556,-16.59,  -39933, -8.12
 887,374.00, -122762,-12.49,  -82000,-16.68,  -40762, -8.29
 888,375.00, -124044,-12.62,  -82890,-16.86,  -41154, -8.37
 889,376.00, -124393,-12.65,  -83520,-16.99,  -40873, -8.32
 890,377.00, -122575,-12.47,  -83126,-16.91,  -39449, -8.03
 891,378.00, -122176,-12.43,  -82620,-16.81,  -39556, -8.05
 892,379.00, -123421,-12.56,  -82343,-16.75,  -41078, -8.36
 893,380.00, -123576,-12.57,  -82610,-16.81,  -40966, -8.33
 894,381.00, -124144,-12.63,  -82613,-16.81,  -41531, -8.45
 895,382.00, -125609,-12.78,  -82910,-16.87,  -42699, -8.69
 896,383.00, -124510,-12.67,  -82017,-16.69,  -42493, -8.65
 897,384.00, -123174,-12.53,  -80459,-16.37,  -42715, -8.69
 898,385.00, -122425,-12.45,  -79457,-16.17,  -42968, -8.74
 899,386.00, -121332,-12.34,  -78718,-16.02,  -42614, -8.67
 900,387.00, -121370,-12.35,  -78254,-15.92,  -43116, -8.77
 901,388.00, -122032,-12.41,  -77922,-15.85,  -44110, -8.97
 902,389.00, -121635,-12.37,  -77331,-15.73,  -44304, -9.01
 903,390.00, -119008,-12.11,  -75726,-15.41,  -43282, -8.81
 904,391.00, -117571,-11.96,  -74029,-15.06,  -43542, -8.86
 905,392.00, -117120,-11.91,  -72386,-14.73,  -44734, -9.10
 906,393.00, -115186,-11.72,  -70510,-14.35,  -44676, -9.09
 907,394.00, -113660,-11.56,  -69066,-14.05,  -44594, -9.07
 908,395.00, -112011,-11.39,  -68035,-13.84,  -43976, -8.95
 909,396.00, -109779,-11.17,  -67000,-13.63,  -42779, -8.70
 910,397.00, -107459,-10.93,  -65705,-13.37,  -41754, -8.50
 911,398.00, -104667,-10.65,  -64102,-13.04,  -40565, -8.25
 912,399.00, -101677,-10.34,  -60824,-12.38,  -40853, -8.31
 913,400.00, -100316,-10.20,  -57930,-11.79,  -42386, -8.62
 914,401.00,  -98486,-10.02,  -56266,-11.45,  -42220, -8.59
 915,402.00,  -95133, -9.68,  -54122,-11.01,  -41011, -8.34
 916,403.00,  -90041, -9.16,  -50734,-10.32,  -39307, -8.00
 917,404.00,  -86148, -8.76,  -47697, -9.70,  -38451, -7.82
 918,405.00,  -83313, -8.48,  -44995, -9.15,  -38318, -7.80
 919,406.00,  -78978, -8.03,  -41872, -8.52,  -37106, -7.55
 920,407.00,  -75984, -7.73,  -39574, -8.05,  -36410, -7.41
 921,408.00,  -73340, -7.46,  -36655, -7.46,  -36685, -7.46
 922,409.00,  -70145, -7.14,  -33405, -6.80,  -36740, -7.48
 923,410.00,  -67492, -6.87,  -30400, -6.19,  -37092, -7.55
 924,411.00,  -65557, -6.67,  -27846, -5.67,  -37711, -7.67
 925,412.00,  -62603, -6.37,  -24245, -4.93,  -38358, -7.80
 926,413.00,  -60777, -6.18,  -21258, -4.33,  -39519, -8.04
 927,414.00,  -58560, -5.96,  -18509, -3.77,  -40051, -8.15
 928,415.00,  -55623, -5.66,  -15381, -3.13,  -40242, -8.19
 929,416.00,  -52512, -5.34,  -12400, -2.52,  -40112, -8.16
 930,417.00,  -50513, -5.14,  -10244, -2.08,  -40269, -8.19
 931,418.00,  -50823, -5.17,   -8971, -1.83,  -41852, -8.52
 932,419.00,  -50867, -5.17,   -8650, -1.76,  -42217, -8.59
 933,420.00,  -49856, -5.07,   -8100, -1.65,  -41756, -8.50
 934,421.00,  -47981, -4.88,   -7072, -1.44,  -40909, -8.32
 935,422.00,  -45131, -4.59,   -5369, -1.09,  -39762, -8.09
 936,423.00,  -41291, -4.20,   -1967, -0.40,  -39324, -8.00
 937,424.00,  -38616, -3.93,     847,  0.17,  -39463, -8.03
 938,425.00,  -36989, -3.76,    2791,  0.57,  -39780, -8.09
 939,426.00,  -35928, -3.65,    4124,  0.84,  -40052, -8.15
 940,427.00,  -34452, -3.50,    6257,  1.27,  -40709, -8.28
 941,428.00,  -33493, -3.41,    8002,  1.63,  -41495, -8.44
 942,429.00,  -33034, -3.36,    8560,  1.74,  -41594, -8.46
 943,430.00,  -31823, -3.24,    9474,  1.93,  -41297, -8.40
 944,431.00,  -30759, -3.13,   10555,  2.15,  -41314, -8.41
 945,432.00,  -31160, -3.17,   10956,  2.23,  -42116, -8.57
 946,433.00,  -30692, -3.12,   12509,  2.55,  -43201, -8.79
 947,434.00,  -29657, -3.02,   14817,  3.01,  -44474, -9.05
 948,435.00,  -30047, -3.06,   16083,  3.27,  -46130, -9.39
 949,436.00,  -30748, -3.13,   16735,  3.40,  -47483, -9.66
 950,437.00,  -30470, -3.10,   17515,  3.56,  -47985, -9.76
 951,438.00,  -29438, -2.99,   18387,  3.74,  -47825, -9.73
 952,439.00,  -28309, -2.88,   19406,  3.95,  -47715, -9.71
 953,440.00,  -28101, -2.86,   19365,  3.94,  -47466, -9.66
 954,441.00,  -27922, -2.84,   19350,  3.94,  -47272, -9.62
 955,442.00,  -27375, -2.78,   19702,  4.01,  -47077, -9.58
 956,443.00,  -26501, -2.70,   19800,  4.03,  -46301, -9.42
 957,444.00,  -25417, -2.59,   20316,  4.13,  -45733, -9.30
 958,445.00,  -25632, -2.61,   20782,  4.23,  -46414, -9.44
 959,446.00,  -25812, -2.63,   21097,  4.29,  -46909, -9.54
 960,447.00,  -25397, -2.58,   21208,  4.31,  -46605, -9.48
 961,448.00,  -23277, -2.37,   21566,  4.39,  -44843, -9.12
 962,449.00,  -20932, -2.13,   21871,  4.45,  -42803, -8.71
 963,450.00,  -18605, -1.89,   22403,  4.56,  -41008, -8.34
 964,451.00,  -15269, -1.55,   22810,  4.64,  -38079, -7.75
 965,452.00,  -13371, -1.36,   23022,  4.68,  -36393, -7.40
 966,453.00,  -11565, -1.18,   23679,  4.82,  -35244, -7.17
 967,454.00,   -9489, -0.97,   23434,  4.77,  -32923, -6.70
 968,455.00,   -7511, -0.76,   22666,  4.61,  -30177, -6.14
 969,456.00,   -5697, -0.58,   22009,  4.48,  -27706, -5.64
 970,457.00,   -3990, -0.41,   21357,  4.35,  -25347, -5.16
 971,458.00,   -3274, -0.33,   20228,  4.12,  -23502, -4.78
 972,459.00,   -3523, -0.36,   18107,  3.68,  -21630, -4.40
 973,460.00,   -2535, -0.26,   16591,  3.38,  -19126, -3.89
 974,461.00,    -725, -0.07,   16414,  3.34,  -17139, -3.49
 975,462.00,     408,  0.04,   15728,  3.20,  -15320, -3.12
 976,463.00,    1333,  0.14,   13696,  2.79,  -12363, -2.52
 977,464.00,    1589,  0.16,   11158,  2.27,   -9569, -1.95
 978,465.00,    1781,  0.18,    8885,  1.81,   -7104, -1.45
 979,466.00,    3947,  0.40,    8545,  1.74,   -4598, -0.94
 980,467.00,    6074,  0.62,    9387,  1.91,   -3313, -0.67
 981,468.00,    7799,  0.79,    9620,  1.96,   -1821, -0.37
 982,469.00,   10045,  1.02,    9760,  1.99,     285,  0.06
 983,470.00,   12411,  1.26,    9814,  2.00,    2597,  0.53
 984,471.00,   13513,  1.37,    9242,  1.88,    4271,  0.87
 985,472.00,   13559,  1.38,    8129,  1.65,    5430,  1.10
 986,473.00,   12814,  1.30,    6729,  1.37,    6085,  1.24
 987,474.00,   12322,  1.25,    5762,  1.17,    6560,  1.33
 988,475.00,   13352,  1.36,    5071,  1.03,    8281,  1.68
 989,476.00,   15261,  1.55,    4919,  1.00,   10342,  2.10
 990,477.00,   17292,  1.76,    4838,  0.98,   12454,  2.53
 991,478.00,   18401,  1.87,    4508,  0.92,   13893,  2.83
 992,479.00,   18231,  1.85,    4041,  0.82,   14190,  2.89
 993,480.00,   18496,  1.88,    4061,  0.83,   14435,  2.94
 994,481.00,   20819,  2.12,    4475,  0.91,   16344,  3.33
 995,482.00,   22266,  2.27,    4278,  0.87,   17988,  3.66
 996,483.00,   22061,  2.24,    3699,  0.75,   18362,  3.74
 997,484.00,   21817,  2.22,    2937,  0.60,   18880,  3.84
 998,485.00,   22515,  2.29,    2382,  0.48,   20133,  4.10
 999,486.00,   24362,  2.48,    2607,  0.53,   21755,  4.43
1000,487.00,   25746,  2.62,    2422,  0.49,   23324,  4.75
1001,488.00,   26808,  2.73,    2100,  0.43,   24708,  5.03
1002,489.00,   27357,  2.78,    2200,  0.45,   25157,  5.12
1003,490.00,   26725,  2.72,    2019,  0.41,   24706,  5.03
1004,491.00,   25375,  2.58,    1785,  0.36,   23590,  4.80
1005,492.00,   24358,  2.48,    1427,  0.29,   22931,  4.67
1006,493.00,   25339,  2.58,    1991,  0.41,   23348,  4.75
1007,494.00,   26787,  2.72,    3340,  0.68,   23447,  4.77
1008,495.00,   28574,  2.91,    4299,  0.87,   24275,  4.94
1009,496.00,   29623,  3.01,    4889,  0.99,   24734,  5.03
1010,497.00,   30238,  3.08,    5527,  1.12,   24711,  5.03
1011,498.00,   31441,  3.20,    6571,  1.34,   24870,  5.06
1012,499.00,   32037,  3.26,    7318,  1.49,   24719,  5.03
1013,500.00,   31913,  3.25,    7785,  1.58,   24128,  4.91
1014,501.00,   31226,  3.18,    7697,  1.57,   23529,  4.79
1015,502.00,   31545,  3.21,    8410,  1.71,   23135,  4.71
1016,503.00,   31197,  3.17,    8292,  1.69,   22905,  4.66
1017,504.00,   29043,  2.95,    7618,  1.55,   21425,  4.36
1018,505.00,   28261,  2.87,    7720,  1.57,   20541,  4.18
1019,506.00,   29373,  2.99,    8592,  1.75,   20781,  4.23
1020,507.00,   30465,  3.10,    8716,  1.77,   21749,  4.42
1021,508.00,   32618,  3.32,    9278,  1.89,   23340,  4.75
1022,509.00,   35035,  3.56,   10169,  2.07,   24866,  5.06
1023,510.00,   37487,  3.81,   10946,  2.23,   26541,  5.40
1024,511.00,   40415,  4.11,   12263,  2.49,   28152,  5.73
