-----------------------------------------------------------------------------------
Identifier:,IHS5922-20198602
File Name:,VALP70B.11
Ear:,L
Channel:,2
Intensity:,70 dB HL
Stim. Rate:,  1.10/s
Stim. Mode:,0
Sweeps:,189
Artifacts:,66
Smp. Period:,1000.00 us
Amp. Gain:, 50.00 K
Low Pass:, 30.00 Hz
High Pass:,  1.00 Hz
Notch Filter:,TRUE
Stimulus:,100
Stim. Freq.:,1000 Hz
Stim. Dur.:,2000 pnts
Masking:,0 dB SPL
Stim. Point:,513
-----------------------------------------------------------------------------------
Peak Information:,Label,Peak(+),Peak(+)(ms),Peak(-),Peak(-)(ms)
,20, 730,217.00, 823,310.00,
,19, 659,146.00, 730,217.00,
,18, 625,112.00, 658,145.00,
,17, 588,75.00, 625,112.00,
-----------------------------------------------------------------------------------


Data Pnt:,Data Pnt(ms):,Average:,Average(uV):,Buffer1:,Buffer1(uV):,Buffer2:,Buffer2(uV):
   1,-512.00,       0,  0.00,       0,  0.00,       0,  0.00
   2,-511.00,       0,  0.00,       0,  0.00,       0,  0.00
   3,-510.00,       0,  0.00,       0,  0.00,       0,  0.00
   4,-509.00,       0,  0.00,       0,  0.00,       0,  0.00
   5,-508.00,       0,  0.00,       0,  0.00,       0,  0.00
   6,-507.00,       0,  0.00,       0,  0.00,       0,  0.00
   7,-506.00,       0,  0.00,       0,  0.00,       0,  0.00
   8,-505.00,       0,  0.00,       0,  0.00,       0,  0.00
   9,-504.00,       0,  0.00,       0,  0.00,       0,  0.00
  10,-503.00,       0,  0.00,       0,  0.00,       0,  0.00
  11,-502.00,       0,  0.00,       0,  0.00,       0,  0.00
  12,-501.00,       0,  0.00,       0,  0.00,       0,  0.00
  13,-500.00,       0,  0.00,       0,  0.00,       0,  0.00
  14,-499.00,       0,  0.00,       0,  0.00,       0,  0.00
  15,-498.00,       0,  0.00,       0,  0.00,       0,  0.00
  16,-497.00,       0,  0.00,       0,  0.00,       0,  0.00
  17,-496.00,       0,  0.00,       0,  0.00,       0,  0.00
  18,-495.00,       0,  0.00,       0,  0.00,       0,  0.00
  19,-494.00,       0,  0.00,       0,  0.00,       0,  0.00
  20,-493.00,       0,  0.00,       0,  0.00,       0,  0.00
  21,-492.00,       0,  0.00,       0,  0.00,       0,  0.00
  22,-491.00,       0,  0.00,       0,  0.00,       0,  0.00
  23,-490.00,       0,  0.00,       0,  0.00,       0,  0.00
  24,-489.00,       0,  0.00,       0,  0.00,       0,  0.00
  25,-488.00,       0,  0.00,       0,  0.00,       0,  0.00
  26,-487.00,       0,  0.00,       0,  0.00,       0,  0.00
  27,-486.00,       0,  0.00,       0,  0.00,       0,  0.00
  28,-485.00,       0,  0.00,       0,  0.00,       0,  0.00
  29,-484.00,       0,  0.00,       0,  0.00,       0,  0.00
  30,-483.00,       0,  0.00,       0,  0.00,       0,  0.00
  31,-482.00,       0,  0.00,       0,  0.00,       0,  0.00
  32,-481.00,       0,  0.00,       0,  0.00,       0,  0.00
  33,-480.00,       0,  0.00,       0,  0.00,       0,  0.00
  34,-479.00,       0,  0.00,       0,  0.00,       0,  0.00
  35,-478.00,       0,  0.00,       0,  0.00,       0,  0.00
  36,-477.00,       0,  0.00,       0,  0.00,       0,  0.00
  37,-476.00,       0,  0.00,       0,  0.00,       0,  0.00
  38,-475.00,       0,  0.00,       0,  0.00,       0,  0.00
  39,-474.00,       0,  0.00,       0,  0.00,       0,  0.00
  40,-473.00,       0,  0.00,       0,  0.00,       0,  0.00
  41,-472.00,       0,  0.00,       0,  0.00,       0,  0.00
  42,-471.00,       0,  0.00,       0,  0.00,       0,  0.00
  43,-470.00,       0,  0.00,       0,  0.00,       0,  0.00
  44,-469.00,       0,  0.00,       0,  0.00,       0,  0.00
  45,-468.00,       0,  0.00,       0,  0.00,       0,  0.00
  46,-467.00,       0,  0.00,       0,  0.00,       0,  0.00
  47,-466.00,       0,  0.00,       0,  0.00,       0,  0.00
  48,-465.00,       0,  0.00,       0,  0.00,       0,  0.00
  49,-464.00,       0,  0.00,       0,  0.00,       0,  0.00
  50,-463.00,       0,  0.00,       0,  0.00,       0,  0.00
  51,-462.00,       0,  0.00,       0,  0.00,       0,  0.00
  52,-461.00,       0,  0.00,       0,  0.00,       0,  0.00
  53,-460.00,       0,  0.00,       0,  0.00,       0,  0.00
  54,-459.00,       0,  0.00,       0,  0.00,       0,  0.00
  55,-458.00,       0,  0.00,       0,  0.00,       0,  0.00
  56,-457.00,       0,  0.00,       0,  0.00,       0,  0.00
  57,-456.00,       0,  0.00,       0,  0.00,       0,  0.00
  58,-455.00,       0,  0.00,       0,  0.00,       0,  0.00
  59,-454.00,       0,  0.00,       0,  0.00,       0,  0.00
  60,-453.00,       0,  0.00,       0,  0.00,       0,  0.00
  61,-452.00,       0,  0.00,       0,  0.00,       0,  0.00
  62,-451.00,       0,  0.00,       0,  0.00,       0,  0.00
  63,-450.00,       0,  0.00,       0,  0.00,       0,  0.00
  64,-449.00,       0,  0.00,       0,  0.00,       0,  0.00
  65,-448.00,       0,  0.00,       0,  0.00,       0,  0.00
  66,-447.00,       0,  0.00,       0,  0.00,       0,  0.00
  67,-446.00,       0,  0.00,       0,  0.00,       0,  0.00
  68,-445.00,       0,  0.00,       0,  0.00,       0,  0.00
  69,-444.00,       0,  0.00,       0,  0.00,       0,  0.00
  70,-443.00,       0,  0.00,       0,  0.00,       0,  0.00
  71,-442.00,       0,  0.00,       0,  0.00,       0,  0.00
  72,-441.00,       0,  0.00,       0,  0.00,       0,  0.00
  73,-440.00,       0,  0.00,       0,  0.00,       0,  0.00
  74,-439.00,       0,  0.00,       0,  0.00,       0,  0.00
  75,-438.00,       0,  0.00,       0,  0.00,       0,  0.00
  76,-437.00,       0,  0.00,       0,  0.00,       0,  0.00
  77,-436.00,       0,  0.00,       0,  0.00,       0,  0.00
  78,-435.00,       0,  0.00,       0,  0.00,       0,  0.00
  79,-434.00,       0,  0.00,       0,  0.00,       0,  0.00
  80,-433.00,       0,  0.00,       0,  0.00,       0,  0.00
  81,-432.00,       0,  0.00,       0,  0.00,       0,  0.00
  82,-431.00,       0,  0.00,       0,  0.00,       0,  0.00
  83,-430.00,       0,  0.00,       0,  0.00,       0,  0.00
  84,-429.00,       0,  0.00,       0,  0.00,       0,  0.00
  85,-428.00,       0,  0.00,       0,  0.00,       0,  0.00
  86,-427.00,       0,  0.00,       0,  0.00,       0,  0.00
  87,-426.00,       0,  0.00,       0,  0.00,       0,  0.00
  88,-425.00,       0,  0.00,       0,  0.00,       0,  0.00
  89,-424.00,       0,  0.00,       0,  0.00,       0,  0.00
  90,-423.00,       0,  0.00,       0,  0.00,       0,  0.00
  91,-422.00,       0,  0.00,       0,  0.00,       0,  0.00
  92,-421.00,       0,  0.00,       0,  0.00,       0,  0.00
  93,-420.00,       0,  0.00,       0,  0.00,       0,  0.00
  94,-419.00,       0,  0.00,       0,  0.00,       0,  0.00
  95,-418.00,       0,  0.00,       0,  0.00,       0,  0.00
  96,-417.00,       0,  0.00,       0,  0.00,       0,  0.00
  97,-416.00,       0,  0.00,       0,  0.00,       0,  0.00
  98,-415.00,       0,  0.00,       0,  0.00,       0,  0.00
  99,-414.00,       0,  0.00,       0,  0.00,       0,  0.00
 100,-413.00,       0,  0.00,       0,  0.00,       0,  0.00
 101,-412.00,       0,  0.00,       0,  0.00,       0,  0.00
 102,-411.00,       0,  0.00,       0,  0.00,       0,  0.00
 103,-410.00,       0,  0.00,       0,  0.00,       0,  0.00
 104,-409.00,       0,  0.00,       0,  0.00,       0,  0.00
 105,-408.00,       0,  0.00,       0,  0.00,       0,  0.00
 106,-407.00,       0,  0.00,       0,  0.00,       0,  0.00
 107,-406.00,       0,  0.00,       0,  0.00,       0,  0.00
 108,-405.00,       0,  0.00,       0,  0.00,       0,  0.00
 109,-404.00,       0,  0.00,       0,  0.00,       0,  0.00
 110,-403.00,     -39, -0.00,      39,  0.00,     -78, -0.00
 111,-402.00,     101,  0.00,     -75, -0.00,     176,  0.01
 112,-401.00,     170,  0.00,    -246, -0.02,     416,  0.03
 113,-400.00,      22,  0.00,    -140, -0.00,     162,  0.01
 114,-399.00,    -355, -0.01,     517,  0.03,    -872, -0.06
 115,-398.00,    -999, -0.03,    1712,  0.11,   -2711, -0.18
 116,-397.00,   -2039, -0.07,    2939,  0.19,   -4978, -0.32
 117,-396.00,   -3096, -0.10,    3137,  0.20,   -6233, -0.40
 118,-395.00,   -4480, -0.14,    1958,  0.13,   -6438, -0.42
 119,-394.00,   -5866, -0.19,    -254, -0.02,   -5612, -0.36
 120,-393.00,   -6945, -0.22,   -2914, -0.19,   -4031, -0.26
 121,-392.00,   -7831, -0.25,   -5519, -0.36,   -2312, -0.15
 122,-391.00,   -8998, -0.29,   -7962, -0.52,   -1036, -0.07
 123,-390.00,  -10668, -0.34,  -10290, -0.67,    -378, -0.02
 124,-389.00,  -13054, -0.42,  -12460, -0.81,    -594, -0.04
 125,-388.00,  -15765, -0.51,  -14435, -0.94,   -1330, -0.09
 126,-387.00,  -18286, -0.59,  -16206, -1.05,   -2080, -0.14
 127,-386.00,  -20009, -0.65,  -17745, -1.15,   -2264, -0.15
 128,-385.00,  -20516, -0.66,  -18825, -1.22,   -1691, -0.11
 129,-384.00,  -19661, -0.63,  -18862, -1.22,    -799, -0.05
 130,-383.00,  -17618, -0.57,  -17658, -1.15,      40,  0.00
 131,-382.00,  -15626, -0.50,  -15691, -1.02,      65,  0.00
 132,-381.00,  -14894, -0.48,  -13704, -0.89,   -1190, -0.08
 133,-380.00,  -15888, -0.51,  -12543, -0.81,   -3345, -0.22
 134,-379.00,  -18346, -0.59,  -12689, -0.82,   -5657, -0.37
 135,-378.00,  -21326, -0.69,  -13685, -0.89,   -7641, -0.50
 136,-377.00,  -23706, -0.77,  -14703, -0.95,   -9003, -0.58
 137,-376.00,  -25357, -0.82,  -15223, -0.99,  -10134, -0.66
 138,-375.00,  -26431, -0.85,  -15006, -0.97,  -11425, -0.74
 139,-374.00,  -27091, -0.87,  -14270, -0.93,  -12821, -0.83
 140,-373.00,  -27349, -0.88,  -13520, -0.88,  -13829, -0.90
 141,-372.00,  -27098, -0.88,  -12886, -0.84,  -14212, -0.92
 142,-371.00,  -26260, -0.85,  -12109, -0.79,  -14151, -0.92
 143,-370.00,  -24673, -0.80,  -10918, -0.71,  -13755, -0.89
 144,-369.00,  -22569, -0.73,   -9424, -0.61,  -13145, -0.85
 145,-368.00,  -20290, -0.66,   -7999, -0.52,  -12291, -0.80
 146,-367.00,  -18349, -0.59,   -7093, -0.46,  -11256, -0.73
 147,-366.00,  -17407, -0.56,   -7078, -0.46,  -10329, -0.67
 148,-365.00,  -17420, -0.56,   -7605, -0.49,   -9815, -0.64
 149,-364.00,  -17830, -0.58,   -8215, -0.53,   -9615, -0.62
 150,-363.00,  -18503, -0.60,   -8819, -0.57,   -9684, -0.63
 151,-362.00,  -19078, -0.62,   -9049, -0.59,  -10029, -0.65
 152,-361.00,  -19387, -0.63,   -8511, -0.55,  -10876, -0.71
 153,-360.00,  -19409, -0.63,   -7171, -0.47,  -12238, -0.79
 154,-359.00,  -18802, -0.61,   -5088, -0.33,  -13714, -0.89
 155,-358.00,  -18372, -0.59,   -3323, -0.22,  -15049, -0.98
 156,-357.00,  -19173, -0.62,   -3082, -0.20,  -16091, -1.04
 157,-356.00,  -21518, -0.69,   -4503, -0.29,  -17015, -1.10
 158,-355.00,  -24764, -0.80,   -6850, -0.44,  -17914, -1.16
 159,-354.00,  -27692, -0.89,   -8977, -0.58,  -18715, -1.22
 160,-353.00,  -29249, -0.94,  -10047, -0.65,  -19202, -1.25
 161,-352.00,  -29771, -0.96,  -10303, -0.67,  -19468, -1.26
 162,-351.00,  -29819, -0.96,  -10096, -0.66,  -19723, -1.28
 163,-350.00,  -29960, -0.97,   -9548, -0.62,  -20412, -1.33
 164,-349.00,  -30431, -0.98,   -8713, -0.57,  -21718, -1.41
 165,-348.00,  -31219, -1.01,   -7523, -0.49,  -23696, -1.54
 166,-347.00,  -31892, -1.03,   -5976, -0.39,  -25916, -1.68
 167,-346.00,  -31720, -1.02,   -4122, -0.27,  -27598, -1.79
 168,-345.00,  -29998, -0.97,   -1823, -0.12,  -28175, -1.83
 169,-344.00,  -26802, -0.87,     697,  0.05,  -27499, -1.79
 170,-343.00,  -23356, -0.75,    2557,  0.17,  -25913, -1.68
 171,-342.00,  -21279, -0.69,    3025,  0.20,  -24304, -1.58
 172,-341.00,  -21109, -0.68,    2177,  0.14,  -23286, -1.51
 173,-340.00,  -22047, -0.71,     803,  0.05,  -22850, -1.48
 174,-339.00,  -22542, -0.73,      -5, -0.00,  -22537, -1.46
 175,-338.00,  -21697, -0.70,     357,  0.02,  -22054, -1.43
 176,-337.00,  -19658, -0.63,    1490,  0.10,  -21148, -1.37
 177,-336.00,  -17586, -0.57,    2496,  0.16,  -20082, -1.30
 178,-335.00,  -16009, -0.52,    2970,  0.19,  -18979, -1.23
 179,-334.00,  -15101, -0.49,    2658,  0.17,  -17759, -1.15
 180,-333.00,  -14386, -0.46,    1717,  0.11,  -16103, -1.05
 181,-332.00,  -13714, -0.44,     707,  0.05,  -14421, -0.94
 182,-331.00,  -13173, -0.43,      61,  0.00,  -13234, -0.86
 183,-330.00,  -13349, -0.43,    -352, -0.02,  -12997, -0.84
 184,-329.00,  -14194, -0.46,    -722, -0.05,  -13472, -0.87
 185,-328.00,  -15742, -0.51,   -1487, -0.10,  -14255, -0.93
 186,-327.00,  -17688, -0.57,   -2844, -0.18,  -14844, -0.96
 187,-326.00,  -19644, -0.63,   -4329, -0.28,  -15315, -0.99
 188,-325.00,  -21154, -0.68,   -5200, -0.34,  -15954, -1.04
 189,-324.00,  -21914, -0.71,   -5208, -0.34,  -16706, -1.08
 190,-323.00,  -21937, -0.71,   -4552, -0.30,  -17385, -1.13
 191,-322.00,  -21616, -0.70,   -3471, -0.23,  -18145, -1.18
 192,-321.00,  -21446, -0.69,   -2285, -0.15,  -19161, -1.24
 193,-320.00,  -21720, -0.70,   -1137, -0.07,  -20583, -1.34
 194,-319.00,  -22310, -0.72,      -5, -0.00,  -22305, -1.45
 195,-318.00,  -22864, -0.74,    1017,  0.07,  -23881, -1.55
 196,-317.00,  -23329, -0.75,    1818,  0.12,  -25147, -1.63
 197,-316.00,  -23723, -0.77,    2500,  0.16,  -26223, -1.70
 198,-315.00,  -24319, -0.79,    3053,  0.20,  -27372, -1.78
 199,-314.00,  -25476, -0.82,    3444,  0.22,  -28920, -1.88
 200,-313.00,  -27173, -0.88,    3724,  0.24,  -30897, -2.01
 201,-312.00,  -28698, -0.93,    4215,  0.27,  -32913, -2.14
 202,-311.00,  -29322, -0.95,    5193,  0.34,  -34515, -2.24
 203,-310.00,  -28620, -0.92,    6597,  0.43,  -35217, -2.29
 204,-309.00,  -27020, -0.87,    8000,  0.52,  -35020, -2.27
 205,-308.00,  -25530, -0.82,    8898,  0.58,  -34428, -2.24
 206,-307.00,  -25072, -0.81,    8981,  0.58,  -34053, -2.21
 207,-306.00,  -25874, -0.84,    8399,  0.55,  -34273, -2.23
 208,-305.00,  -27648, -0.89,    7243,  0.47,  -34891, -2.27
 209,-304.00,  -29896, -0.97,    5484,  0.36,  -35380, -2.30
 210,-303.00,  -32409, -1.05,    3103,  0.20,  -35512, -2.31
 211,-302.00,  -35228, -1.14,     192,  0.01,  -35420, -2.30
 212,-301.00,  -38208, -1.23,   -3007, -0.20,  -35201, -2.29
 213,-300.00,  -41060, -1.33,   -6119, -0.40,  -34941, -2.27
 214,-299.00,  -43420, -1.40,   -9139, -0.59,  -34281, -2.23
 215,-298.00,  -44988, -1.45,  -12087, -0.78,  -32901, -2.14
 216,-297.00,  -45666, -1.47,  -14751, -0.96,  -30915, -2.01
 217,-296.00,  -45913, -1.48,  -17063, -1.11,  -28850, -1.87
 218,-295.00,  -46112, -1.49,  -19089, -1.24,  -27023, -1.75
 219,-294.00,  -46531, -1.50,  -20882, -1.36,  -25649, -1.67
 220,-293.00,  -47657, -1.54,  -22954, -1.49,  -24703, -1.60
 221,-292.00,  -49571, -1.60,  -25485, -1.65,  -24086, -1.56
 222,-291.00,  -51714, -1.67,  -28156, -1.83,  -23558, -1.53
 223,-290.00,  -53499, -1.73,  -30542, -1.98,  -22957, -1.49
 224,-289.00,  -54459, -1.76,  -32231, -2.09,  -22228, -1.44
 225,-288.00,  -54300, -1.75,  -33147, -2.15,  -21153, -1.37
 226,-287.00,  -53254, -1.72,  -33778, -2.19,  -19476, -1.26
 227,-286.00,  -51595, -1.67,  -34222, -2.22,  -17373, -1.13
 228,-285.00,  -49350, -1.59,  -34265, -2.22,  -15085, -0.98
 229,-284.00,  -46290, -1.49,  -33477, -2.17,  -12813, -0.83
 230,-283.00,  -42571, -1.37,  -31622, -2.05,  -10949, -0.71
 231,-282.00,  -38670, -1.25,  -29227, -1.90,   -9443, -0.61
 232,-281.00,  -34737, -1.12,  -27025, -1.75,   -7712, -0.50
 233,-280.00,  -30810, -1.00,  -25102, -1.63,   -5708, -0.37
 234,-279.00,  -27098, -0.88,  -23362, -1.52,   -3736, -0.24
 235,-278.00,  -23566, -0.76,  -21541, -1.40,   -2025, -0.13
 236,-277.00,  -20583, -0.66,  -19594, -1.27,    -989, -0.06
 237,-276.00,  -18755, -0.61,  -17869, -1.16,    -886, -0.06
 238,-275.00,  -17831, -0.58,  -16658, -1.08,   -1173, -0.08
 239,-274.00,  -17207, -0.56,  -15922, -1.03,   -1285, -0.08
 240,-273.00,  -16782, -0.54,  -15869, -1.03,    -913, -0.06
 241,-272.00,  -16103, -0.52,  -16301, -1.06,     198,  0.01
 242,-271.00,  -15154, -0.49,  -16941, -1.10,    1787,  0.12
 243,-270.00,  -14264, -0.46,  -17418, -1.13,    3154,  0.20
 244,-269.00,  -13314, -0.43,  -17366, -1.13,    4052,  0.26
 245,-268.00,  -12489, -0.40,  -16873, -1.10,    4384,  0.28
 246,-267.00,  -11937, -0.39,  -16117, -1.05,    4180,  0.27
 247,-266.00,  -11162, -0.36,  -15079, -0.98,    3917,  0.25
 248,-265.00,  -10006, -0.32,  -14196, -0.92,    4190,  0.27
 249,-264.00,   -8443, -0.27,  -13834, -0.90,    5391,  0.35
 250,-263.00,   -6513, -0.21,  -14257, -0.93,    7744,  0.50
 251,-262.00,   -5166, -0.17,  -16015, -1.04,   10849,  0.70
 252,-261.00,   -4463, -0.14,  -18435, -1.20,   13972,  0.91
 253,-260.00,   -4103, -0.13,  -20494, -1.33,   16391,  1.06
 254,-259.00,   -3809, -0.12,  -21763, -1.41,   17954,  1.17
 255,-258.00,   -3265, -0.11,  -22078, -1.43,   18813,  1.22
 256,-257.00,   -2339, -0.08,  -21506, -1.40,   19167,  1.24
 257,-256.00,   -1451, -0.05,  -20643, -1.34,   19192,  1.25
 258,-255.00,    -507, -0.02,  -19500, -1.27,   18993,  1.23
 259,-254.00,     459,  0.01,  -18023, -1.17,   18482,  1.20
 260,-253.00,    1117,  0.04,  -16771, -1.09,   17888,  1.16
 261,-252.00,    1103,  0.04,  -16465, -1.07,   17568,  1.14
 262,-251.00,     450,  0.01,  -17217, -1.12,   17667,  1.15
 263,-250.00,    -522, -0.02,  -18770, -1.22,   18248,  1.18
 264,-249.00,   -1240, -0.04,  -20380, -1.32,   19140,  1.24
 265,-248.00,   -1254, -0.04,  -21146, -1.37,   19892,  1.29
 266,-247.00,    -739, -0.02,  -20832, -1.35,   20093,  1.30
 267,-246.00,     103,  0.00,  -19615, -1.27,   19718,  1.28
 268,-245.00,    1272,  0.04,  -17730, -1.15,   19002,  1.23
 269,-244.00,    2975,  0.10,  -15518, -1.01,   18493,  1.20
 270,-243.00,    5380,  0.17,  -13374, -0.87,   18754,  1.22
 271,-242.00,    8411,  0.27,  -11571, -0.75,   19982,  1.30
 272,-241.00,   11696,  0.38,  -10237, -0.66,   21933,  1.42
 273,-240.00,   14883,  0.48,   -9254, -0.60,   24137,  1.57
 274,-239.00,   17622,  0.57,   -8342, -0.54,   25964,  1.69
 275,-238.00,   19907,  0.64,   -7162, -0.47,   27069,  1.76
 276,-237.00,   21666,  0.70,   -5756, -0.37,   27422,  1.78
 277,-236.00,   22819,  0.74,   -4388, -0.28,   27207,  1.77
 278,-235.00,   23420,  0.76,   -3424, -0.22,   26844,  1.74
 279,-234.00,   23542,  0.76,   -3094, -0.20,   26636,  1.73
 280,-233.00,   23187,  0.75,   -3416, -0.22,   26603,  1.73
 281,-232.00,   22706,  0.73,   -3794, -0.25,   26500,  1.72
 282,-231.00,   22602,  0.73,   -3416, -0.22,   26018,  1.69
 283,-230.00,   23034,  0.74,   -1849, -0.12,   24883,  1.62
 284,-229.00,   23453,  0.76,     510,  0.03,   22943,  1.49
 285,-228.00,   22878,  0.74,    2599,  0.17,   20279,  1.32
 286,-227.00,   20371,  0.66,    3006,  0.20,   17365,  1.13
 287,-226.00,   16283,  0.53,    1534,  0.10,   14749,  0.96
 288,-225.00,   11560,  0.37,   -1107, -0.07,   12667,  0.82
 289,-224.00,    7098,  0.23,   -3979, -0.26,   11077,  0.72
 290,-223.00,    3204,  0.10,   -6436, -0.42,    9640,  0.63
 291,-222.00,    -349, -0.01,   -8356, -0.54,    8007,  0.52
 292,-221.00,   -3883, -0.13,  -10037, -0.65,    6154,  0.40
 293,-220.00,   -7137, -0.23,  -11419, -0.74,    4282,  0.28
 294,-219.00,  -10383, -0.34,  -12570, -0.82,    2187,  0.14
 295,-218.00,  -13898, -0.45,  -13762, -0.89,    -136, -0.00
 296,-217.00,  -17529, -0.57,  -15116, -0.98,   -2413, -0.16
 297,-216.00,  -20985, -0.68,  -16649, -1.08,   -4336, -0.28
 298,-215.00,  -24013, -0.78,  -18386, -1.19,   -5627, -0.37
 299,-214.00,  -26536, -0.86,  -20246, -1.31,   -6290, -0.41
 300,-213.00,  -28922, -0.93,  -22074, -1.43,   -6848, -0.44
 301,-212.00,  -31329, -1.01,  -23785, -1.54,   -7544, -0.49
 302,-211.00,  -33400, -1.08,  -24913, -1.62,   -8487, -0.55
 303,-210.00,  -35051, -1.13,  -25438, -1.65,   -9613, -0.62
 304,-209.00,  -36598, -1.18,  -25740, -1.67,  -10858, -0.71
 305,-208.00,  -38684, -1.25,  -26541, -1.72,  -12143, -0.79
 306,-207.00,  -41871, -1.35,  -28459, -1.85,  -13412, -0.87
 307,-206.00,  -45891, -1.48,  -31520, -2.05,  -14371, -0.93
 308,-205.00,  -49923, -1.61,  -34659, -2.25,  -15264, -0.99
 309,-204.00,  -53458, -1.73,  -37012, -2.40,  -16446, -1.07
 310,-203.00,  -56102, -1.81,  -37997, -2.47,  -18105, -1.18
 311,-202.00,  -57685, -1.86,  -37872, -2.46,  -19813, -1.29
 312,-201.00,  -58538, -1.89,  -37544, -2.44,  -20994, -1.36
 313,-200.00,  -58815, -1.90,  -37712, -2.45,  -21103, -1.37
 314,-199.00,  -58589, -1.89,  -38112, -2.47,  -20477, -1.33
 315,-198.00,  -58367, -1.88,  -38364, -2.49,  -20003, -1.30
 316,-197.00,  -58711, -1.90,  -38582, -2.51,  -20129, -1.31
 317,-196.00,  -59801, -1.93,  -39148, -2.54,  -20653, -1.34
 318,-195.00,  -61559, -1.99,  -40286, -2.62,  -21273, -1.38
 319,-194.00,  -63372, -2.05,  -41807, -2.71,  -21565, -1.40
 320,-193.00,  -64238, -2.07,  -42734, -2.77,  -21504, -1.40
 321,-192.00,  -63616, -2.05,  -42227, -2.74,  -21389, -1.39
 322,-191.00,  -61747, -1.99,  -40668, -2.64,  -21079, -1.37
 323,-190.00,  -59099, -1.91,  -38762, -2.52,  -20337, -1.32
 324,-189.00,  -56441, -1.82,  -37023, -2.40,  -19418, -1.26
 325,-188.00,  -54593, -1.76,  -35981, -2.34,  -18612, -1.21
 326,-187.00,  -54184, -1.75,  -35988, -2.34,  -18196, -1.18
 327,-186.00,  -55538, -1.79,  -37251, -2.42,  -18287, -1.19
 328,-185.00,  -58036, -1.87,  -39651, -2.57,  -18385, -1.19
 329,-184.00,  -60077, -1.94,  -42214, -2.74,  -17863, -1.16
 330,-183.00,  -60874, -1.97,  -43969, -2.86,  -16905, -1.10
 331,-182.00,  -60437, -1.95,  -44624, -2.90,  -15813, -1.03
 332,-181.00,  -59385, -1.92,  -44566, -2.89,  -14819, -0.96
 333,-180.00,  -58791, -1.90,  -44588, -2.90,  -14203, -0.92
 334,-179.00,  -58748, -1.90,  -44738, -2.90,  -14010, -0.91
 335,-178.00,  -58479, -1.89,  -44338, -2.88,  -14141, -0.92
 336,-177.00,  -57857, -1.87,  -43271, -2.81,  -14586, -0.95
 337,-176.00,  -57169, -1.85,  -42054, -2.73,  -15115, -0.98
 338,-175.00,  -56290, -1.82,  -40962, -2.66,  -15328, -1.00
 339,-174.00,  -55230, -1.78,  -40122, -2.61,  -15108, -0.98
 340,-173.00,  -53908, -1.74,  -38996, -2.53,  -14912, -0.97
 341,-172.00,  -52420, -1.69,  -37095, -2.41,  -15325, -1.00
 342,-171.00,  -51174, -1.65,  -34743, -2.26,  -16431, -1.07
 343,-170.00,  -50808, -1.64,  -32769, -2.13,  -18039, -1.17
 344,-169.00,  -51052, -1.65,  -31392, -2.04,  -19660, -1.28
 345,-168.00,  -50998, -1.65,  -30327, -1.97,  -20671, -1.34
 346,-167.00,  -49857, -1.61,  -28891, -1.88,  -20966, -1.36
 347,-166.00,  -47613, -1.54,  -26735, -1.74,  -20878, -1.36
 348,-165.00,  -44539, -1.44,  -24025, -1.56,  -20514, -1.33
 349,-164.00,  -41693, -1.35,  -21461, -1.39,  -20232, -1.31
 350,-163.00,  -39935, -1.29,  -19533, -1.27,  -20402, -1.32
 351,-162.00,  -39329, -1.27,  -18312, -1.19,  -21017, -1.36
 352,-161.00,  -39366, -1.27,  -17368, -1.13,  -21998, -1.43
 353,-160.00,  -39468, -1.27,  -16281, -1.06,  -23187, -1.51
 354,-159.00,  -38744, -1.25,  -14739, -0.96,  -24005, -1.56
 355,-158.00,  -36863, -1.19,  -12857, -0.83,  -24006, -1.56
 356,-157.00,  -33856, -1.09,  -10902, -0.71,  -22954, -1.49
 357,-156.00,  -29904, -0.97,   -9102, -0.59,  -20802, -1.35
 358,-155.00,  -25029, -0.81,   -7256, -0.47,  -17773, -1.15
 359,-154.00,  -19565, -0.63,   -5280, -0.34,  -14285, -0.93
 360,-153.00,  -13817, -0.45,   -3010, -0.20,  -10807, -0.70
 361,-152.00,   -8103, -0.26,    -339, -0.02,   -7764, -0.50
 362,-151.00,   -2951, -0.10,    2488,  0.16,   -5439, -0.35
 363,-150.00,    1036,  0.03,    4971,  0.32,   -3935, -0.26
 364,-149.00,    3788,  0.12,    6815,  0.44,   -3027, -0.20
 365,-148.00,    5683,  0.18,    7896,  0.51,   -2213, -0.14
 366,-147.00,    7716,  0.25,    8563,  0.56,    -847, -0.05
 367,-146.00,   10668,  0.34,    9276,  0.60,    1392,  0.09
 368,-145.00,   14483,  0.47,   10265,  0.67,    4218,  0.27
 369,-144.00,   18203,  0.59,   11450,  0.74,    6753,  0.44
 370,-143.00,   20822,  0.67,   12692,  0.82,    8130,  0.53
 371,-142.00,   22066,  0.71,   14000,  0.91,    8066,  0.52
 372,-141.00,   22541,  0.73,   15276,  0.99,    7265,  0.47
 373,-140.00,   22935,  0.74,   16133,  1.05,    6802,  0.44
 374,-139.00,   23587,  0.76,   16243,  1.05,    7344,  0.48
 375,-138.00,   24478,  0.79,   15498,  1.01,    8980,  0.58
 376,-137.00,   25193,  0.81,   14247,  0.93,   10946,  0.71
 377,-136.00,   25442,  0.82,   13110,  0.85,   12332,  0.80
 378,-135.00,   25418,  0.82,   12576,  0.82,   12842,  0.83
 379,-134.00,   25407,  0.82,   12862,  0.84,   12545,  0.81
 380,-133.00,   25897,  0.84,   14008,  0.91,   11889,  0.77
 381,-132.00,   27232,  0.88,   15642,  1.02,   11590,  0.75
 382,-131.00,   28768,  0.93,   17157,  1.11,   11611,  0.75
 383,-130.00,   30043,  0.97,   18021,  1.17,   12022,  0.78
 384,-129.00,   31043,  1.00,   18216,  1.18,   12827,  0.83
 385,-128.00,   31446,  1.02,   18103,  1.18,   13343,  0.87
 386,-127.00,   31394,  1.01,   18316,  1.19,   13078,  0.85
 387,-126.00,   30908,  1.00,   19026,  1.24,   11882,  0.77
 388,-125.00,   29866,  0.96,   20062,  1.30,    9804,  0.64
 389,-124.00,   28971,  0.94,   21203,  1.38,    7768,  0.50
 390,-123.00,   29177,  0.94,   22508,  1.46,    6669,  0.43
 391,-122.00,   30309,  0.98,   23908,  1.55,    6401,  0.42
 392,-121.00,   31732,  1.02,   25422,  1.65,    6310,  0.41
 393,-120.00,   32412,  1.05,   26759,  1.74,    5653,  0.37
 394,-119.00,   31787,  1.03,   27701,  1.80,    4086,  0.27
 395,-118.00,   30362,  0.98,   28290,  1.84,    2072,  0.13
 396,-117.00,   29528,  0.95,   28952,  1.88,     576,  0.04
 397,-116.00,   29992,  0.97,   29871,  1.94,     121,  0.00
 398,-115.00,   31549,  1.02,   31021,  2.01,     528,  0.03
 399,-114.00,   32967,  1.06,   31938,  2.07,    1029,  0.07
 400,-113.00,   33095,  1.07,   32351,  2.10,     744,  0.05
 401,-112.00,   31800,  1.03,   32362,  2.10,    -562, -0.04
 402,-111.00,   29936,  0.97,   32382,  2.10,   -2446, -0.16
 403,-110.00,   28667,  0.93,   32881,  2.14,   -4214, -0.27
 404,-109.00,   28833,  0.93,   33908,  2.20,   -5075, -0.33
 405,-108.00,   30457,  0.98,   35055,  2.28,   -4598, -0.30
 406,-107.00,   32967,  1.06,   35992,  2.34,   -3025, -0.20
 407,-106.00,   35191,  1.14,   36300,  2.36,   -1109, -0.07
 408,-105.00,   35677,  1.15,   35687,  2.32,     -10, -0.00
 409,-104.00,   33569,  1.08,   34277,  2.23,    -708, -0.05
 410,-103.00,   29518,  0.95,   32420,  2.11,   -2902, -0.19
 411,-102.00,   25634,  0.83,   30617,  1.99,   -4983, -0.32
 412,-101.00,   23584,  0.76,   29197,  1.90,   -5613, -0.36
 413,-100.00,   23525,  0.76,   27886,  1.81,   -4361, -0.28
 414,-99.00,   24595,  0.79,   26222,  1.70,   -1627, -0.11
 415,-98.00,   25198,  0.81,   23793,  1.54,    1405,  0.09
 416,-97.00,   24928,  0.81,   20708,  1.34,    4220,  0.27
 417,-96.00,   24611,  0.79,   17578,  1.14,    7033,  0.46
 418,-95.00,   24540,  0.79,   14966,  0.97,    9574,  0.62
 419,-94.00,   24534,  0.79,   13146,  0.85,   11388,  0.74
 420,-93.00,   24415,  0.79,   12223,  0.79,   12192,  0.79
 421,-92.00,   23195,  0.75,   11672,  0.76,   11523,  0.75
 422,-91.00,   20569,  0.66,   10820,  0.70,    9749,  0.63
 423,-90.00,   16726,  0.54,    9084,  0.59,    7642,  0.50
 424,-89.00,   11778,  0.38,    6087,  0.40,    5691,  0.37
 425,-88.00,    6146,  0.20,    2141,  0.14,    4005,  0.26
 426,-87.00,     220,  0.00,   -1852, -0.12,    2072,  0.13
 427,-86.00,   -6293, -0.20,   -5283, -0.34,   -1010, -0.07
 428,-85.00,  -13452, -0.43,   -7888, -0.51,   -5564, -0.36
 429,-84.00,  -20736, -0.67,   -9937, -0.65,  -10799, -0.70
 430,-83.00,  -27297, -0.88,  -12102, -0.79,  -15195, -0.99
 431,-82.00,  -32340, -1.04,  -14821, -0.96,  -17519, -1.14
 432,-81.00,  -35953, -1.16,  -18125, -1.18,  -17828, -1.16
 433,-80.00,  -38797, -1.25,  -21601, -1.40,  -17196, -1.12
 434,-79.00,  -41924, -1.35,  -24781, -1.61,  -17143, -1.11
 435,-78.00,  -45834, -1.48,  -27465, -1.78,  -18369, -1.19
 436,-77.00,  -50051, -1.62,  -29746, -1.93,  -20305, -1.32
 437,-76.00,  -53713, -1.73,  -31740, -2.06,  -21973, -1.43
 438,-75.00,  -56095, -1.81,  -33280, -2.16,  -22815, -1.48
 439,-74.00,  -56497, -1.82,  -33942, -2.20,  -22555, -1.46
 440,-73.00,  -55115, -1.78,  -33706, -2.19,  -21409, -1.39
 441,-72.00,  -52893, -1.71,  -33029, -2.14,  -19864, -1.29
 442,-71.00,  -50288, -1.62,  -32485, -2.11,  -17803, -1.16
 443,-70.00,  -47790, -1.54,  -32394, -2.10,  -15396, -1.00
 444,-69.00,  -45704, -1.48,  -32648, -2.12,  -13056, -0.85
 445,-68.00,  -43840, -1.42,  -32876, -2.13,  -10964, -0.71
 446,-67.00,  -42002, -1.36,  -32950, -2.14,   -9052, -0.59
 447,-66.00,  -40747, -1.32,  -33121, -2.15,   -7626, -0.50
 448,-65.00,  -40230, -1.30,  -33666, -2.19,   -6564, -0.43
 449,-64.00,  -40567, -1.31,  -34498, -2.24,   -6069, -0.39
 450,-63.00,  -41603, -1.34,  -35281, -2.29,   -6322, -0.41
 451,-62.00,  -42843, -1.38,  -35459, -2.30,   -7384, -0.48
 452,-61.00,  -43270, -1.40,  -34746, -2.26,   -8524, -0.55
 453,-60.00,  -42564, -1.37,  -33556, -2.18,   -9008, -0.58
 454,-59.00,  -41055, -1.33,  -32593, -2.12,   -8462, -0.55
 455,-58.00,  -39146, -1.26,  -32094, -2.08,   -7052, -0.46
 456,-57.00,  -37071, -1.20,  -31721, -2.06,   -5350, -0.35
 457,-56.00,  -35234, -1.14,  -30706, -1.99,   -4528, -0.29
 458,-55.00,  -33772, -1.09,  -28678, -1.86,   -5094, -0.33
 459,-54.00,  -32487, -1.05,  -25931, -1.68,   -6556, -0.43
 460,-53.00,  -31546, -1.02,  -23120, -1.50,   -8426, -0.55
 461,-52.00,  -30651, -0.99,  -20941, -1.36,   -9710, -0.63
 462,-51.00,  -29165, -0.94,  -19629, -1.27,   -9536, -0.62
 463,-50.00,  -26879, -0.87,  -18842, -1.22,   -8037, -0.52
 464,-49.00,  -24306, -0.78,  -18390, -1.19,   -5916, -0.38
 465,-48.00,  -21704, -0.70,  -17894, -1.16,   -3810, -0.25
 466,-47.00,  -19512, -0.63,  -17012, -1.10,   -2500, -0.16
 467,-46.00,  -17653, -0.57,  -15986, -1.04,   -1667, -0.11
 468,-45.00,  -16163, -0.52,  -15347, -1.00,    -816, -0.05
 469,-44.00,  -15576, -0.50,  -15503, -1.01,     -73, -0.00
 470,-43.00,  -16723, -0.54,  -16840, -1.09,     117,  0.00
 471,-42.00,  -19763, -0.64,  -19207, -1.25,    -556, -0.04
 472,-41.00,  -23703, -0.77,  -21926, -1.42,   -1777, -0.12
 473,-40.00,  -26744, -0.86,  -24310, -1.58,   -2434, -0.16
 474,-39.00,  -28150, -0.91,  -25994, -1.69,   -2156, -0.14
 475,-38.00,  -29026, -0.94,  -27072, -1.76,   -1954, -0.13
 476,-37.00,  -30831, -1.00,  -27856, -1.81,   -2975, -0.19
 477,-36.00,  -34019, -1.10,  -28727, -1.87,   -5292, -0.34
 478,-35.00,  -37517, -1.21,  -29660, -1.93,   -7857, -0.51
 479,-34.00,  -39733, -1.28,  -30346, -1.97,   -9387, -0.61
 480,-33.00,  -40044, -1.29,  -30593, -1.99,   -9451, -0.61
 481,-32.00,  -39509, -1.28,  -30387, -1.97,   -9122, -0.59
 482,-31.00,  -39226, -1.27,  -29514, -1.92,   -9712, -0.63
 483,-30.00,  -39609, -1.28,  -28195, -1.83,  -11414, -0.74
 484,-29.00,  -40416, -1.31,  -26758, -1.74,  -13658, -0.89
 485,-28.00,  -41266, -1.33,  -25772, -1.67,  -15494, -1.01
 486,-27.00,  -41832, -1.35,  -25727, -1.67,  -16105, -1.05
 487,-26.00,  -42222, -1.36,  -26576, -1.73,  -15646, -1.02
 488,-25.00,  -42292, -1.37,  -27487, -1.78,  -14805, -0.96
 489,-24.00,  -41621, -1.34,  -27710, -1.80,  -13911, -0.90
 490,-23.00,  -39943, -1.29,  -27047, -1.76,  -12896, -0.84
 491,-22.00,  -37509, -1.21,  -25900, -1.68,  -11609, -0.75
 492,-21.00,  -34834, -1.12,  -24639, -1.60,  -10195, -0.66
 493,-20.00,  -32877, -1.06,  -23555, -1.53,   -9322, -0.61
 494,-19.00,  -31952, -1.03,  -22573, -1.47,   -9379, -0.61
 495,-18.00,  -31443, -1.02,  -21368, -1.39,  -10075, -0.65
 496,-17.00,  -30615, -0.99,  -20236, -1.31,  -10379, -0.67
 497,-16.00,  -28873, -0.93,  -19274, -1.25,   -9599, -0.62
 498,-15.00,  -26111, -0.84,  -18197, -1.18,   -7914, -0.51
 499,-14.00,  -23272, -0.75,  -16815, -1.09,   -6457, -0.42
 500,-13.00,  -21102, -0.68,  -15222, -0.99,   -5880, -0.38
 501,-12.00,  -19609, -0.63,  -13466, -0.87,   -6143, -0.40
 502,-11.00,  -18624, -0.60,  -12132, -0.79,   -6492, -0.42
 503,-10.00,  -17568, -0.57,  -11511, -0.75,   -6057, -0.39
 504,-9.00,  -16062, -0.52,  -11398, -0.74,   -4664, -0.30
 505,-8.00,  -14715, -0.48,  -11517, -0.75,   -3198, -0.21
 506,-7.00,  -14116, -0.46,  -11880, -0.77,   -2236, -0.15
 507,-6.00,  -14350, -0.46,  -12232, -0.79,   -2118, -0.14
 508,-5.00,  -15300, -0.49,  -12449, -0.81,   -2851, -0.19
 509,-4.00,  -16390, -0.53,  -12581, -0.82,   -3809, -0.25
 510,-3.00,  -17008, -0.55,  -12636, -0.82,   -4372, -0.28
 511,-2.00,  -16785, -0.54,  -12491, -0.81,   -4294, -0.28
 512,-1.00,  -15384, -0.50,  -12153, -0.79,   -3231, -0.21
 513,0.00,  -13327, -0.43,  -11799, -0.77,   -1528, -0.10
 514,1.00,  -11938, -0.39,  -11920, -0.77,     -18, -0.00
 515,2.00,  -12065, -0.39,  -12989, -0.84,     924,  0.06
 516,3.00,  -13526, -0.44,  -14885, -0.97,    1359,  0.09
 517,4.00,  -15115, -0.49,  -16579, -1.08,    1464,  0.10
 518,5.00,  -15719, -0.51,  -17120, -1.11,    1401,  0.09
 519,6.00,  -15720, -0.51,  -16542, -1.07,     822,  0.05
 520,7.00,  -16706, -0.54,  -15846, -1.03,    -860, -0.06
 521,8.00,  -19043, -0.61,  -15684, -1.02,   -3359, -0.22
 522,9.00,  -21670, -0.70,  -15823, -1.03,   -5847, -0.38
 523,10.00,  -23307, -0.75,  -15682, -1.02,   -7625, -0.50
 524,11.00,  -23676, -0.76,  -15099, -0.98,   -8577, -0.56
 525,12.00,  -23106, -0.75,  -14260, -0.93,   -8846, -0.57
 526,13.00,  -22246, -0.72,  -13595, -0.88,   -8651, -0.56
 527,14.00,  -20621, -0.67,  -12851, -0.83,   -7770, -0.50
 528,15.00,  -17990, -0.58,  -11634, -0.76,   -6356, -0.41
 529,16.00,  -15239, -0.49,  -10370, -0.67,   -4869, -0.32
 530,17.00,  -13673, -0.44,   -9760, -0.63,   -3913, -0.25
 531,18.00,  -13493, -0.44,   -9775, -0.63,   -3718, -0.24
 532,19.00,  -14122, -0.46,  -10167, -0.66,   -3955, -0.26
 533,20.00,  -14491, -0.47,  -10686, -0.69,   -3805, -0.25
 534,21.00,  -14166, -0.46,  -11233, -0.73,   -2933, -0.19
 535,22.00,  -13405, -0.43,  -12170, -0.79,   -1235, -0.08
 536,23.00,  -12446, -0.40,  -13565, -0.88,    1119,  0.07
 537,24.00,  -11236, -0.36,  -14769, -0.96,    3533,  0.23
 538,25.00,  -10027, -0.32,  -15419, -1.00,    5392,  0.35
 539,26.00,   -8871, -0.29,  -15434, -1.00,    6563,  0.43
 540,27.00,   -7471, -0.24,  -14588, -0.95,    7117,  0.46
 541,28.00,   -6022, -0.19,  -13134, -0.85,    7112,  0.46
 542,29.00,   -5186, -0.17,  -11880, -0.77,    6694,  0.43
 543,30.00,   -5401, -0.17,  -11540, -0.75,    6139,  0.40
 544,31.00,   -7127, -0.23,  -12691, -0.82,    5564,  0.36
 545,32.00,   -9499, -0.31,  -14775, -0.96,    5276,  0.34
 546,33.00,  -11109, -0.36,  -16449, -1.07,    5340,  0.35
 547,34.00,  -11320, -0.37,  -16743, -1.09,    5423,  0.35
 548,35.00,  -10028, -0.32,  -15666, -1.02,    5638,  0.37
 549,36.00,   -7089, -0.23,  -13601, -0.88,    6512,  0.42
 550,37.00,   -3203, -0.10,  -11233, -0.73,    8030,  0.52
 551,38.00,    1106,  0.04,   -8914, -0.58,   10020,  0.65
 552,39.00,    5136,  0.17,   -6796, -0.44,   11932,  0.77
 553,40.00,    8465,  0.27,   -4647, -0.30,   13112,  0.85
 554,41.00,   11184,  0.36,   -2211, -0.14,   13395,  0.87
 555,42.00,   13601,  0.44,     618,  0.04,   12983,  0.84
 556,43.00,   15937,  0.51,    3655,  0.24,   12282,  0.80
 557,44.00,   18246,  0.59,    6251,  0.41,   11995,  0.78
 558,45.00,   20552,  0.66,    7869,  0.51,   12683,  0.82
 559,46.00,   22557,  0.73,    8658,  0.56,   13899,  0.90
 560,47.00,   23575,  0.76,    9037,  0.59,   14538,  0.94
 561,48.00,   23229,  0.75,    9405,  0.61,   13824,  0.90
 562,49.00,   22182,  0.72,   10278,  0.67,   11904,  0.77
 563,50.00,   21591,  0.70,   11808,  0.77,    9783,  0.64
 564,51.00,   22489,  0.73,   13758,  0.89,    8731,  0.57
 565,52.00,   24617,  0.79,   15708,  1.02,    8909,  0.58
 566,53.00,   27243,  0.88,   17249,  1.12,    9994,  0.65
 567,54.00,   29889,  0.97,   18393,  1.19,   11496,  0.75
 568,55.00,   32218,  1.04,   19466,  1.26,   12752,  0.83
 569,56.00,   34092,  1.10,   20626,  1.34,   13466,  0.87
 570,57.00,   35321,  1.14,   21582,  1.40,   13739,  0.89
 571,58.00,   35923,  1.16,   22036,  1.43,   13887,  0.90
 572,59.00,   36475,  1.18,   21773,  1.41,   14702,  0.95
 573,60.00,   38013,  1.23,   21389,  1.39,   16624,  1.08
 574,61.00,   40894,  1.32,   21794,  1.42,   19100,  1.24
 575,62.00,   45027,  1.45,   23481,  1.52,   21546,  1.40
 576,63.00,   49831,  1.61,   26344,  1.71,   23487,  1.53
 577,64.00,   54269,  1.75,   29555,  1.92,   24714,  1.60
 578,65.00,   57000,  1.84,   31685,  2.06,   25315,  1.64
 579,66.00,   57750,  1.87,   32238,  2.09,   25512,  1.66
 580,67.00,   57073,  1.84,   31747,  2.06,   25326,  1.64
 581,68.00,   56429,  1.82,   31174,  2.02,   25255,  1.64
 582,69.00,   57216,  1.85,   31402,  2.04,   25814,  1.68
 583,70.00,   59548,  1.92,   32589,  2.12,   26959,  1.75
 584,71.00,   62667,  2.02,   34519,  2.24,   28148,  1.83
 585,72.00,   65954,  2.13,   36909,  2.40,   29045,  1.89
 586,73.00,   68911,  2.23,   39265,  2.55,   29646,  1.93
 587,74.00,   71044,  2.29,   40840,  2.65,   30204,  1.96
 588,75.00,   71828,  2.32,   40828,  2.65,   31000,  2.01
 589,76.00,   70976,  2.29,   39067,  2.54,   31909,  2.07
 590,77.00,   69198,  2.23,   36779,  2.39,   32419,  2.11
 591,78.00,   67701,  2.19,   35391,  2.30,   32310,  2.10
 592,79.00,   67430,  2.18,   35637,  2.31,   31793,  2.06
 593,80.00,   67968,  2.20,   37018,  2.40,   30950,  2.01
 594,81.00,   68047,  2.20,   38111,  2.47,   29936,  1.94
 595,82.00,   66498,  2.15,   37715,  2.45,   28783,  1.87
 596,83.00,   63180,  2.04,   35821,  2.33,   27359,  1.78
 597,84.00,   59244,  1.91,   33485,  2.17,   25759,  1.67
 598,85.00,   56137,  1.81,   31905,  2.07,   24232,  1.57
 599,86.00,   54404,  1.76,   31597,  2.05,   22807,  1.48
 600,87.00,   53935,  1.74,   32241,  2.09,   21694,  1.41
 601,88.00,   53736,  1.74,   32908,  2.14,   20828,  1.35
 602,89.00,   52652,  1.70,   32593,  2.12,   20059,  1.30
 603,90.00,   50509,  1.63,   31294,  2.03,   19215,  1.25
 604,91.00,   47235,  1.53,   29435,  1.91,   17800,  1.16
 605,92.00,   43042,  1.39,   27660,  1.80,   15382,  1.00
 606,93.00,   38846,  1.25,   26418,  1.72,   12428,  0.81
 607,94.00,   35781,  1.16,   25829,  1.68,    9952,  0.65
 608,95.00,   34459,  1.11,   25427,  1.65,    9032,  0.59
 609,96.00,   34535,  1.12,   24673,  1.60,    9862,  0.64
 610,97.00,   34404,  1.11,   23025,  1.50,   11379,  0.74
 611,98.00,   32375,  1.05,   20372,  1.32,   12003,  0.78
 612,99.00,   27738,  0.90,   16823,  1.09,   10915,  0.71
 613,100.00,   21741,  0.70,   13232,  0.86,    8509,  0.55
 614,101.00,   16102,  0.52,   10551,  0.69,    5551,  0.36
 615,102.00,   11616,  0.38,    8956,  0.58,    2660,  0.17
 616,103.00,    8192,  0.26,    7919,  0.51,     273,  0.02
 617,104.00,    5091,  0.16,    6601,  0.43,   -1510, -0.10
 618,105.00,    1196,  0.04,    4025,  0.26,   -2829, -0.18
 619,106.00,   -3536, -0.11,     378,  0.02,   -3914, -0.25
 620,107.00,   -8631, -0.28,   -3125, -0.20,   -5506, -0.36
 621,108.00,  -13551, -0.44,   -5577, -0.36,   -7974, -0.52
 622,109.00,  -17623, -0.57,   -6832, -0.44,  -10791, -0.70
 623,110.00,  -20236, -0.65,   -7251, -0.47,  -12985, -0.84
 624,111.00,  -21510, -0.69,   -7469, -0.48,  -14041, -0.91
 625,112.00,  -21642, -0.70,   -7601, -0.49,  -14041, -0.91
 626,113.00,  -20866, -0.67,   -7282, -0.47,  -13584, -0.88
 627,114.00,  -19761, -0.64,   -6647, -0.43,  -13114, -0.85
 628,115.00,  -18972, -0.61,   -6344, -0.41,  -12628, -0.82
 629,116.00,  -18676, -0.60,   -6866, -0.45,  -11810, -0.77
 630,117.00,  -18986, -0.61,   -8151, -0.53,  -10835, -0.70
 631,118.00,  -19885, -0.64,   -9777, -0.63,  -10108, -0.66
 632,119.00,  -20587, -0.66,  -11251, -0.73,   -9336, -0.61
 633,120.00,  -20625, -0.67,  -12515, -0.81,   -8110, -0.53
 634,121.00,  -19603, -0.63,  -13721, -0.89,   -5882, -0.38
 635,122.00,  -17184, -0.55,  -14529, -0.94,   -2655, -0.17
 636,123.00,  -14106, -0.46,  -14532, -0.94,     426,  0.03
 637,124.00,  -11674, -0.38,  -13911, -0.90,    2237,  0.15
 638,125.00,  -10288, -0.33,  -13194, -0.86,    2906,  0.19
 639,126.00,  -10300, -0.33,  -13193, -0.86,    2893,  0.19
 640,127.00,  -11228, -0.36,  -14332, -0.93,    3104,  0.20
 641,128.00,  -11952, -0.39,  -15892, -1.03,    3940,  0.26
 642,129.00,  -12022, -0.39,  -17127, -1.11,    5105,  0.33
 643,130.00,  -11377, -0.37,  -17917, -1.16,    6540,  0.42
 644,131.00,   -9913, -0.32,  -18383, -1.19,    8470,  0.55
 645,132.00,   -8291, -0.27,  -19175, -1.25,   10884,  0.71
 646,133.00,   -7344, -0.24,  -20713, -1.34,   13369,  0.87
 647,134.00,   -7310, -0.24,  -22717, -1.48,   15407,  1.00
 648,135.00,   -7855, -0.25,  -24744, -1.61,   16889,  1.10
 649,136.00,   -8538, -0.28,  -26497, -1.72,   17959,  1.17
 650,137.00,   -8715, -0.28,  -27681, -1.80,   18966,  1.23
 651,138.00,   -7989, -0.26,  -28231, -1.83,   20242,  1.31
 652,139.00,   -7043, -0.23,  -28454, -1.85,   21411,  1.39
 653,140.00,   -6690, -0.22,  -28660, -1.86,   21970,  1.43
 654,141.00,   -6992, -0.23,  -29050, -1.89,   22058,  1.43
 655,142.00,   -7755, -0.25,  -29592, -1.92,   21837,  1.42
 656,143.00,   -8299, -0.27,  -30097, -1.95,   21798,  1.42
 657,144.00,   -7743, -0.25,  -29961, -1.95,   22218,  1.44
 658,145.00,   -6558, -0.21,  -29208, -1.90,   22650,  1.47
 659,146.00,   -5613, -0.18,  -28034, -1.82,   22421,  1.46
 660,147.00,   -5370, -0.17,  -26706, -1.73,   21336,  1.39
 661,148.00,   -6288, -0.20,  -25543, -1.66,   19255,  1.25
 662,149.00,   -8480, -0.27,  -24916, -1.62,   16436,  1.07
 663,150.00,  -11452, -0.37,  -24671, -1.60,   13219,  0.86
 664,151.00,  -14757, -0.48,  -24716, -1.60,    9959,  0.65
 665,152.00,  -17503, -0.57,  -24715, -1.60,    7212,  0.47
 666,153.00,  -19002, -0.61,  -24442, -1.59,    5440,  0.35
 667,154.00,  -19407, -0.63,  -24111, -1.57,    4704,  0.31
 668,155.00,  -19371, -0.63,  -23981, -1.56,    4610,  0.30
 669,156.00,  -19549, -0.63,  -24058, -1.56,    4509,  0.29
 670,157.00,  -20345, -0.66,  -24182, -1.57,    3837,  0.25
 671,158.00,  -21415, -0.69,  -23833, -1.55,    2418,  0.16
 672,159.00,  -22395, -0.72,  -22748, -1.48,     353,  0.02
 673,160.00,  -22699, -0.73,  -21166, -1.37,   -1533, -0.10
 674,161.00,  -22465, -0.73,  -19399, -1.26,   -3066, -0.20
 675,162.00,  -22327, -0.72,  -17940, -1.16,   -4387, -0.28
 676,163.00,  -23021, -0.74,  -17194, -1.12,   -5827, -0.38
 677,164.00,  -24725, -0.80,  -16998, -1.10,   -7727, -0.50
 678,165.00,  -26890, -0.87,  -17002, -1.10,   -9888, -0.64
 679,166.00,  -28013, -0.90,  -16863, -1.09,  -11150, -0.72
 680,167.00,  -27722, -0.90,  -16341, -1.06,  -11381, -0.74
 681,168.00,  -26511, -0.86,  -15688, -1.02,  -10823, -0.70
 682,169.00,  -25562, -0.83,  -15177, -0.99,  -10385, -0.67
 683,170.00,  -26118, -0.84,  -14847, -0.96,  -11271, -0.73
 684,171.00,  -28628, -0.92,  -14742, -0.96,  -13886, -0.90
 685,172.00,  -32060, -1.04,  -14860, -0.96,  -17200, -1.12
 686,173.00,  -35707, -1.15,  -15297, -0.99,  -20410, -1.33
 687,174.00,  -39022, -1.26,  -16272, -1.06,  -22750, -1.48
 688,175.00,  -41897, -1.35,  -17621, -1.14,  -24276, -1.58
 689,176.00,  -44763, -1.45,  -19112, -1.24,  -25651, -1.67
 690,177.00,  -48543, -1.57,  -20794, -1.35,  -27749, -1.80
 691,178.00,  -53046, -1.71,  -22760, -1.48,  -30286, -1.97
 692,179.00,  -57960, -1.87,  -24972, -1.62,  -32988, -2.14
 693,180.00,  -62525, -2.02,  -27080, -1.76,  -35445, -2.30
 694,181.00,  -65927, -2.13,  -28516, -1.85,  -37411, -2.43
 695,182.00,  -67896, -2.19,  -29144, -1.89,  -38752, -2.52
 696,183.00,  -69525, -2.25,  -29569, -1.92,  -39956, -2.59
 697,184.00,  -71768, -2.32,  -30502, -1.98,  -41266, -2.68
 698,185.00,  -75383, -2.43,  -32166, -2.09,  -43217, -2.81
 699,186.00,  -80436, -2.60,  -34395, -2.23,  -46041, -2.99
 700,187.00,  -86270, -2.79,  -36884, -2.39,  -49386, -3.21
 701,188.00,  -91623, -2.96,  -39367, -2.56,  -52256, -3.39
 702,189.00,  -96034, -3.10,  -41896, -2.72,  -54138, -3.52
 703,190.00,  -99709, -3.22,  -44377, -2.88,  -55332, -3.59
 704,191.00, -103367, -3.34,  -46774, -3.04,  -56593, -3.67
 705,192.00, -108127, -3.49,  -49522, -3.22,  -58605, -3.81
 706,193.00, -114195, -3.69,  -52776, -3.43,  -61419, -3.99
 707,194.00, -120714, -3.90,  -56142, -3.65,  -64572, -4.19
 708,195.00, -127086, -4.10,  -59224, -3.85,  -67862, -4.41
 709,196.00, -133186, -4.30,  -61763, -4.01,  -71423, -4.64
 710,197.00, -139413, -4.50,  -64182, -4.17,  -75231, -4.88
 711,198.00, -146359, -4.73,  -67274, -4.37,  -79085, -5.14
 712,199.00, -153527, -4.96,  -70952, -4.61,  -82575, -5.36
 713,200.00, -159885, -5.16,  -74305, -4.82,  -85580, -5.56
 714,201.00, -164979, -5.33,  -76734, -4.98,  -88245, -5.73
 715,202.00, -169182, -5.46,  -78419, -5.09,  -90763, -5.89
 716,203.00, -173833, -5.61,  -80321, -5.22,  -93512, -6.07
 717,204.00, -179977, -5.81,  -83345, -5.41,  -96632, -6.27
 718,205.00, -187612, -6.06,  -87568, -5.69, -100044, -6.50
 719,206.00, -195348, -6.31,  -91865, -5.97, -103483, -6.72
 720,207.00, -201591, -6.51,  -95075, -6.17, -106516, -6.92
 721,208.00, -205454, -6.64,  -96609, -6.27, -108845, -7.07
 722,209.00, -207290, -6.69,  -96595, -6.27, -110695, -7.19
 723,210.00, -207733, -6.71,  -95702, -6.21, -112031, -7.27
 724,211.00, -207519, -6.70,  -94964, -6.17, -112555, -7.31
 725,212.00, -207183, -6.69,  -94991, -6.17, -112192, -7.28
 726,213.00, -207400, -6.70,  -96061, -6.24, -111339, -7.23
 727,214.00, -208752, -6.74,  -97870, -6.35, -110882, -7.20
 728,215.00, -211287, -6.82,  -99605, -6.47, -111682, -7.25
 729,216.00, -213736, -6.90, -100265, -6.51, -113471, -7.37
 730,217.00, -214273, -6.92,  -99352, -6.45, -114921, -7.46
 731,218.00, -212340, -6.86,  -97269, -6.32, -115071, -7.47
 732,219.00, -208537, -6.73,  -94908, -6.16, -113629, -7.38
 733,220.00, -204219, -6.60,  -92960, -6.04, -111259, -7.22
 734,221.00, -201053, -6.49,  -91958, -5.97, -109095, -7.08
 735,222.00, -199637, -6.45,  -91693, -5.95, -107944, -7.01
 736,223.00, -199162, -6.43,  -91525, -5.94, -107637, -6.99
 737,224.00, -198690, -6.42,  -91198, -5.92, -107492, -6.98
 738,225.00, -197114, -6.37,  -90718, -5.89, -106396, -6.91
 739,226.00, -194312, -6.28,  -90249, -5.86, -104063, -6.76
 740,227.00, -191425, -6.18,  -90466, -5.87, -100959, -6.56
 741,228.00, -189724, -6.13,  -91627, -5.95,  -98097, -6.37
 742,229.00, -189203, -6.11,  -93144, -6.05,  -96059, -6.24
 743,230.00, -188828, -6.10,  -94216, -6.12,  -94612, -6.14
 744,231.00, -187269, -6.05,  -94461, -6.13,  -92808, -6.03
 745,232.00, -184203, -5.95,  -93866, -6.10,  -90337, -5.87
 746,233.00, -180369, -5.82,  -92903, -6.03,  -87466, -5.68
 747,234.00, -176827, -5.71,  -92128, -5.98,  -84699, -5.50
 748,235.00, -173555, -5.60,  -91253, -5.93,  -82302, -5.34
 749,236.00, -170289, -5.50,  -89838, -5.83,  -80451, -5.22
 750,237.00, -167190, -5.40,  -88174, -5.73,  -79016, -5.13
 751,238.00, -164395, -5.31,  -86761, -5.63,  -77634, -5.04
 752,239.00, -161855, -5.23,  -85989, -5.58,  -75866, -4.93
 753,240.00, -159516, -5.15,  -86325, -5.61,  -73191, -4.75
 754,241.00, -156676, -5.06,  -87309, -5.67,  -69367, -4.50
 755,242.00, -153594, -4.96,  -88267, -5.73,  -65327, -4.24
 756,243.00, -151252, -4.88,  -88866, -5.77,  -62386, -4.05
 757,244.00, -149936, -4.84,  -88931, -5.77,  -61005, -3.96
 758,245.00, -149036, -4.81,  -88257, -5.73,  -60779, -3.95
 759,246.00, -148018, -4.78,  -87181, -5.66,  -60837, -3.95
 760,247.00, -145990, -4.71,  -85773, -5.57,  -60217, -3.91
 761,248.00, -142926, -4.62,  -84250, -5.47,  -58676, -3.81
 762,249.00, -139330, -4.50,  -82902, -5.38,  -56428, -3.66
 763,250.00, -135772, -4.38,  -81879, -5.32,  -53893, -3.50
 764,251.00, -132454, -4.28,  -80797, -5.25,  -51657, -3.35
 765,252.00, -129206, -4.17,  -79097, -5.14,  -50109, -3.25
 766,253.00, -125567, -4.06,  -76277, -4.95,  -49290, -3.20
 767,254.00, -121202, -3.91,  -72256, -4.69,  -48946, -3.18
 768,255.00, -116143, -3.75,  -67572, -4.39,  -48571, -3.15
 769,256.00, -111411, -3.60,  -63267, -4.11,  -48144, -3.13
 770,257.00, -107708, -3.48,  -59908, -3.89,  -47800, -3.10
 771,258.00, -104463, -3.37,  -57182, -3.71,  -47281, -3.07
 772,259.00, -100691, -3.25,  -54628, -3.55,  -46063, -2.99
 773,260.00,  -95327, -3.08,  -51516, -3.35,  -43811, -2.84
 774,261.00,  -88128, -2.85,  -47542, -3.09,  -40586, -2.64
 775,262.00,  -80395, -2.60,  -43201, -2.81,  -37194, -2.42
 776,263.00,  -73115, -2.36,  -38793, -2.52,  -34322, -2.23
 777,264.00,  -66605, -2.15,  -34259, -2.22,  -32346, -2.10
 778,265.00,  -60664, -1.96,  -30014, -1.95,  -30650, -1.99
 779,266.00,  -55036, -1.78,  -26532, -1.72,  -28504, -1.85
 780,267.00,  -49936, -1.61,  -24002, -1.56,  -25934, -1.68
 781,268.00,  -45605, -1.47,  -22366, -1.45,  -23239, -1.51
 782,269.00,  -41449, -1.34,  -20764, -1.35,  -20685, -1.34
 783,270.00,  -37289, -1.20,  -18317, -1.19,  -18972, -1.23
 784,271.00,  -32843, -1.06,  -15024, -0.98,  -17819, -1.16
 785,272.00,  -28086, -0.91,  -11530, -0.75,  -16556, -1.08
 786,273.00,  -23243, -0.75,   -8141, -0.53,  -15102, -0.98
 787,274.00,  -18368, -0.59,   -5221, -0.34,  -13147, -0.85
 788,275.00,  -13307, -0.43,   -2668, -0.17,  -10639, -0.69
 789,276.00,   -8598, -0.28,    -289, -0.02,   -8309, -0.54
 790,277.00,   -4208, -0.14,    2166,  0.14,   -6374, -0.41
 791,278.00,     309,  0.00,    4963,  0.32,   -4654, -0.30
 792,279.00,    5093,  0.16,    8260,  0.54,   -3167, -0.21
 793,280.00,    9603,  0.31,   11333,  0.74,   -1730, -0.11
 794,281.00,   13185,  0.43,   13398,  0.87,    -213, -0.01
 795,282.00,   15481,  0.50,   14045,  0.91,    1436,  0.09
 796,283.00,   17559,  0.57,   13986,  0.91,    3573,  0.23
 797,284.00,   20722,  0.67,   14391,  0.93,    6331,  0.41
 798,285.00,   25133,  0.81,   16012,  1.04,    9121,  0.59
 799,286.00,   29999,  0.97,   18686,  1.21,   11313,  0.73
 800,287.00,   34335,  1.11,   21788,  1.41,   12547,  0.81
 801,288.00,   37679,  1.22,   24534,  1.59,   13145,  0.85
 802,289.00,   40519,  1.31,   26847,  1.74,   13672,  0.89
 803,290.00,   43263,  1.40,   28817,  1.87,   14446,  0.94
 804,291.00,   45772,  1.48,   30487,  1.98,   15285,  0.99
 805,292.00,   47961,  1.55,   31934,  2.07,   16027,  1.04
 806,293.00,   49962,  1.61,   33478,  2.17,   16484,  1.07
 807,294.00,   52015,  1.68,   35277,  2.29,   16738,  1.09
 808,295.00,   54294,  1.75,   37693,  2.45,   16601,  1.08
 809,296.00,   56747,  1.83,   40647,  2.64,   16100,  1.05
 810,297.00,   58941,  1.90,   43445,  2.82,   15496,  1.01
 811,298.00,   60564,  1.96,   45268,  2.94,   15296,  0.99
 812,299.00,   61802,  2.00,   45834,  2.98,   15968,  1.04
 813,300.00,   63005,  2.03,   45381,  2.95,   17624,  1.14
 814,301.00,   64650,  2.09,   44889,  2.91,   19761,  1.28
 815,302.00,   67174,  2.17,   45333,  2.94,   21841,  1.42
 816,303.00,   70585,  2.28,   47155,  3.06,   23430,  1.52
 817,304.00,   74496,  2.41,   49818,  3.23,   24678,  1.60
 818,305.00,   78557,  2.54,   52323,  3.40,   26234,  1.70
 819,306.00,   82316,  2.66,   53913,  3.50,   28403,  1.84
 820,307.00,   85268,  2.75,   54410,  3.53,   30858,  2.00
 821,308.00,   87155,  2.81,   54309,  3.53,   32846,  2.13
 822,309.00,   87971,  2.84,   54337,  3.53,   33634,  2.18
 823,310.00,   87826,  2.84,   54489,  3.54,   33337,  2.16
 824,311.00,   87271,  2.82,   54537,  3.54,   32734,  2.13
 825,312.00,   87016,  2.81,   54500,  3.54,   32516,  2.11
 826,313.00,   87339,  2.82,   54634,  3.55,   32705,  2.12
 827,314.00,   88177,  2.85,   55386,  3.60,   32791,  2.13
 828,315.00,   89039,  2.88,   56664,  3.68,   32375,  2.10
 829,316.00,   89196,  2.88,   57621,  3.74,   31575,  2.05
 830,317.00,   88350,  2.85,   57611,  3.74,   30739,  2.00
 831,318.00,   86610,  2.80,   56481,  3.67,   30129,  1.96
 832,319.00,   84188,  2.72,   54714,  3.55,   29474,  1.91
 833,320.00,   81704,  2.64,   53273,  3.46,   28431,  1.85
 834,321.00,   79910,  2.58,   52781,  3.43,   27129,  1.76
 835,322.00,   79219,  2.56,   53086,  3.45,   26133,  1.70
 836,323.00,   79694,  2.57,   53546,  3.48,   26148,  1.70
 837,324.00,   80375,  2.60,   53351,  3.46,   27024,  1.75
 838,325.00,   80047,  2.59,   52307,  3.40,   27740,  1.80
 839,326.00,   78495,  2.53,   51051,  3.31,   27444,  1.78
 840,327.00,   76248,  2.46,   50265,  3.26,   25983,  1.69
 841,328.00,   73983,  2.39,   50005,  3.25,   23978,  1.56
 842,329.00,   72428,  2.34,   49792,  3.23,   22636,  1.47
 843,330.00,   71135,  2.30,   49005,  3.18,   22130,  1.44
 844,331.00,   69604,  2.25,   47645,  3.09,   21959,  1.43
 845,332.00,   67636,  2.18,   46185,  3.00,   21451,  1.39
 846,333.00,   65552,  2.12,   45105,  2.93,   20447,  1.33
 847,334.00,   63594,  2.05,   44519,  2.89,   19075,  1.24
 848,335.00,   62416,  2.02,   44575,  2.89,   17841,  1.16
 849,336.00,   62260,  2.01,   45224,  2.94,   17036,  1.11
 850,337.00,   63011,  2.03,   46222,  3.00,   16789,  1.09
 851,338.00,   63866,  2.06,   47257,  3.07,   16609,  1.08
 852,339.00,   64569,  2.09,   48292,  3.14,   16277,  1.06
 853,340.00,   64499,  2.08,   49404,  3.21,   15095,  0.98
 854,341.00,   64081,  2.07,   51265,  3.33,   12816,  0.83
 855,342.00,   63857,  2.06,   53978,  3.50,    9879,  0.64
 856,343.00,   64057,  2.07,   56935,  3.70,    7122,  0.46
 857,344.00,   64408,  2.08,   59192,  3.84,    5216,  0.34
 858,345.00,   64515,  2.08,   60025,  3.90,    4490,  0.29
 859,346.00,   63688,  2.06,   59392,  3.86,    4296,  0.28
 860,347.00,   62171,  2.01,   58163,  3.78,    4008,  0.26
 861,348.00,   60089,  1.94,   57027,  3.70,    3062,  0.20
 862,349.00,   57865,  1.87,   56448,  3.67,    1417,  0.09
 863,350.00,   55841,  1.80,   56362,  3.66,    -521, -0.03
 864,351.00,   53908,  1.74,   56261,  3.65,   -2353, -0.15
 865,352.00,   52133,  1.68,   55820,  3.62,   -3687, -0.24
 866,353.00,   50760,  1.64,   54787,  3.56,   -4027, -0.26
 867,354.00,   49475,  1.60,   52935,  3.44,   -3460, -0.22
 868,355.00,   48094,  1.55,   50427,  3.27,   -2333, -0.15
 869,356.00,   46700,  1.51,   47764,  3.10,   -1064, -0.07
 870,357.00,   45404,  1.47,   45473,  2.95,     -69, -0.00
 871,358.00,   44708,  1.44,   43852,  2.85,     856,  0.06
 872,359.00,   45263,  1.46,   42867,  2.78,    2396,  0.16
 873,360.00,   46554,  1.50,   41882,  2.72,    4672,  0.30
 874,361.00,   47800,  1.54,   40479,  2.63,    7321,  0.48
 875,362.00,   48504,  1.57,   38823,  2.52,    9681,  0.63
 876,363.00,   48071,  1.55,   37207,  2.42,   10864,  0.71
 877,364.00,   46628,  1.51,   35784,  2.32,   10844,  0.70
 878,365.00,   45236,  1.46,   34725,  2.25,   10511,  0.68
 879,366.00,   44293,  1.43,   33638,  2.18,   10655,  0.69
 880,367.00,   43996,  1.42,   32324,  2.10,   11672,  0.76
 881,368.00,   44303,  1.43,   30996,  2.01,   13307,  0.86
 882,369.00,   44624,  1.44,   29936,  1.94,   14688,  0.95
 883,370.00,   44350,  1.43,   29274,  1.90,   15076,  0.98
 884,371.00,   43407,  1.40,   28714,  1.86,   14693,  0.95
 885,372.00,   42168,  1.36,   27670,  1.80,   14498,  0.94
 886,373.00,   41049,  1.33,   25780,  1.67,   15269,  0.99
 887,374.00,   40503,  1.31,   23364,  1.52,   17139,  1.11
 888,375.00,   40738,  1.32,   21146,  1.37,   19592,  1.27
 889,376.00,   41482,  1.34,   19744,  1.28,   21738,  1.41
 890,377.00,   42189,  1.36,   19113,  1.24,   23076,  1.50
 891,378.00,   42622,  1.38,   18865,  1.22,   23757,  1.54
 892,379.00,   42437,  1.37,   18545,  1.20,   23892,  1.55
 893,380.00,   41438,  1.34,   17959,  1.17,   23479,  1.52
 894,381.00,   39825,  1.29,   17129,  1.11,   22696,  1.47
 895,382.00,   38330,  1.24,   16329,  1.06,   22001,  1.43
 896,383.00,   37484,  1.21,   15685,  1.02,   21799,  1.42
 897,384.00,   37152,  1.20,   15091,  0.98,   22061,  1.43
 898,385.00,   36793,  1.19,   14369,  0.93,   22424,  1.46
 899,386.00,   35818,  1.16,   13494,  0.88,   22324,  1.45
 900,387.00,   34433,  1.11,   12976,  0.84,   21457,  1.39
 901,388.00,   33687,  1.09,   13592,  0.88,   20095,  1.30
 902,389.00,   34635,  1.12,   15398,  1.00,   19237,  1.25
 903,390.00,   36871,  1.19,   17469,  1.13,   19402,  1.26
 904,391.00,   39152,  1.26,   18649,  1.21,   20503,  1.33
 905,392.00,   40182,  1.30,   18377,  1.19,   21805,  1.42
 906,393.00,   39670,  1.28,   17408,  1.13,   22262,  1.45
 907,394.00,   38407,  1.24,   17073,  1.11,   21334,  1.39
 908,395.00,   38031,  1.23,   17927,  1.16,   20104,  1.31
 909,396.00,   39161,  1.26,   19560,  1.27,   19601,  1.27
 910,397.00,   41576,  1.34,   21343,  1.39,   20233,  1.31
 911,398.00,   44580,  1.44,   22741,  1.48,   21839,  1.42
 912,399.00,   47317,  1.53,   23593,  1.53,   23724,  1.54
 913,400.00,   49170,  1.59,   24011,  1.56,   25159,  1.63
 914,401.00,   50250,  1.62,   23994,  1.56,   26256,  1.70
 915,402.00,   50460,  1.63,   23655,  1.54,   26805,  1.74
 916,403.00,   49810,  1.61,   23408,  1.52,   26402,  1.71
 917,404.00,   48628,  1.57,   23391,  1.52,   25237,  1.64
 918,405.00,   46950,  1.52,   23226,  1.51,   23724,  1.54
 919,406.00,   44848,  1.45,   22490,  1.46,   22358,  1.45
 920,407.00,   42815,  1.38,   21114,  1.37,   21701,  1.41
 921,408.00,   41067,  1.33,   19310,  1.25,   21757,  1.41
 922,409.00,   39862,  1.29,   17643,  1.15,   22219,  1.44
 923,410.00,   39508,  1.28,   16518,  1.07,   22990,  1.49
 924,411.00,   39507,  1.28,   15788,  1.03,   23719,  1.54
 925,412.00,   39545,  1.28,   15360,  1.00,   24185,  1.57
 926,413.00,   39561,  1.28,   15300,  0.99,   24261,  1.58
 927,414.00,   39321,  1.27,   15249,  0.99,   24072,  1.56
 928,415.00,   38586,  1.25,   14741,  0.96,   23845,  1.55
 929,416.00,   37152,  1.20,   13677,  0.89,   23475,  1.52
 930,417.00,   34943,  1.13,   12099,  0.79,   22844,  1.48
 931,418.00,   32640,  1.05,   10551,  0.69,   22089,  1.43
 932,419.00,   31048,  1.00,    9757,  0.63,   21291,  1.38
 933,420.00,   30604,  0.99,    9779,  0.63,   20825,  1.35
 934,421.00,   30658,  0.99,   10019,  0.65,   20639,  1.34
 935,422.00,   30133,  0.97,   10195,  0.66,   19938,  1.29
 936,423.00,   28661,  0.93,   10135,  0.66,   18526,  1.20
 937,424.00,   26551,  0.86,    9976,  0.65,   16575,  1.08
 938,425.00,   24416,  0.79,   10146,  0.66,   14270,  0.93
 939,426.00,   22839,  0.74,   10610,  0.69,   12229,  0.79
 940,427.00,   21931,  0.71,   11052,  0.72,   10879,  0.71
 941,428.00,   21272,  0.69,   11217,  0.73,   10055,  0.65
 942,429.00,   20308,  0.66,   10512,  0.68,    9796,  0.64
 943,430.00,   18486,  0.60,    8612,  0.56,    9874,  0.64
 944,431.00,   15402,  0.50,    5939,  0.39,    9463,  0.61
 945,432.00,   11346,  0.37,    3193,  0.21,    8153,  0.53
 946,433.00,    7751,  0.25,    1381,  0.09,    6370,  0.41
 947,434.00,    5849,  0.19,    1078,  0.07,    4771,  0.31
 948,435.00,    5890,  0.19,    1710,  0.11,    4180,  0.27
 949,436.00,    7071,  0.23,    2377,  0.15,    4694,  0.30
 950,437.00,    7874,  0.25,    2733,  0.18,    5141,  0.33
 951,438.00,    7107,  0.23,    2686,  0.17,    4421,  0.29
 952,439.00,    5002,  0.16,    2515,  0.16,    2487,  0.16
 953,440.00,    2385,  0.08,    2469,  0.16,     -84, -0.00
 954,441.00,     -26, -0.00,    2355,  0.15,   -2381, -0.15
 955,442.00,   -2166, -0.07,    1948,  0.13,   -4114, -0.27
 956,443.00,   -4232, -0.14,    1494,  0.10,   -5726, -0.37
 957,444.00,   -6435, -0.21,    1105,  0.07,   -7540, -0.49
 958,445.00,   -8349, -0.27,    1046,  0.07,   -9395, -0.61
 959,446.00,   -9558, -0.31,    1485,  0.10,  -11043, -0.72
 960,447.00,  -10306, -0.33,    2178,  0.14,  -12484, -0.81
 961,448.00,  -11284, -0.36,    2766,  0.18,  -14050, -0.91
 962,449.00,  -12760, -0.41,    3030,  0.20,  -15790, -1.03
 963,450.00,  -14869, -0.48,    2717,  0.18,  -17586, -1.14
 964,451.00,  -17313, -0.56,    2024,  0.13,  -19337, -1.26
 965,452.00,  -19641, -0.63,    1148,  0.07,  -20789, -1.35
 966,453.00,  -21640, -0.70,     150,  0.00,  -21790, -1.41
 967,454.00,  -23068, -0.74,    -904, -0.06,  -22164, -1.44
 968,455.00,  -23466, -0.76,   -1887, -0.12,  -21579, -1.40
 969,456.00,  -22809, -0.74,   -2554, -0.17,  -20255, -1.32
 970,457.00,  -21497, -0.69,   -2443, -0.16,  -19054, -1.24
 971,458.00,  -19912, -0.64,   -1437, -0.09,  -18475, -1.20
 972,459.00,  -18160, -0.59,     278,  0.02,  -18438, -1.20
 973,460.00,  -16260, -0.53,    2017,  0.13,  -18277, -1.19
 974,461.00,  -13939, -0.45,    3268,  0.21,  -17207, -1.12
 975,462.00,  -11109, -0.36,    3811,  0.25,  -14920, -0.97
 976,463.00,   -8283, -0.27,    3726,  0.24,  -12009, -0.78
 977,464.00,   -5710, -0.18,    3272,  0.21,   -8982, -0.58
 978,465.00,   -3302, -0.11,    2855,  0.19,   -6157, -0.40
 979,466.00,    -747, -0.02,    2647,  0.17,   -3394, -0.22
 980,467.00,    2568,  0.08,    2911,  0.19,    -343, -0.02
 981,468.00,    6439,  0.21,    3346,  0.22,    3093,  0.20
 982,469.00,    9845,  0.32,    3452,  0.22,    6393,  0.42
 983,470.00,   12208,  0.39,    3055,  0.20,    9153,  0.59
 984,471.00,   13694,  0.44,    2340,  0.15,   11354,  0.74
 985,472.00,   15449,  0.50,    1847,  0.12,   13602,  0.88
 986,473.00,   18867,  0.61,    2255,  0.15,   16612,  1.08
 987,474.00,   23913,  0.77,    3409,  0.22,   20504,  1.33
 988,475.00,   29282,  0.95,    4662,  0.30,   24620,  1.60
 989,476.00,   33639,  1.09,    5562,  0.36,   28077,  1.82
 990,477.00,   36405,  1.18,    5970,  0.39,   30435,  1.98
 991,478.00,   38132,  1.23,    6191,  0.40,   31941,  2.07
 992,479.00,   39867,  1.29,    6682,  0.43,   33185,  2.15
 993,480.00,   42073,  1.36,    7452,  0.48,   34621,  2.25
 994,481.00,   44320,  1.43,    8042,  0.52,   36278,  2.36
 995,482.00,   46084,  1.49,    8171,  0.53,   37913,  2.46
 996,483.00,   46899,  1.51,    7945,  0.52,   38954,  2.53
 997,484.00,   46745,  1.51,    7574,  0.49,   39171,  2.54
 998,485.00,   45820,  1.48,    7038,  0.46,   38782,  2.52
 999,486.00,   44509,  1.44,    6191,  0.40,   38318,  2.49
1000,487.00,   43437,  1.40,    5169,  0.34,   38268,  2.48
1001,488.00,   43057,  1.39,    4346,  0.28,   38711,  2.51
1002,489.00,   43388,  1.40,    4186,  0.27,   39202,  2.55
1003,490.00,   43867,  1.42,    4627,  0.30,   39240,  2.55
1004,491.00,   43290,  1.40,    4861,  0.32,   38429,  2.50
1005,492.00,   41347,  1.34,    4263,  0.28,   37084,  2.41
1006,493.00,   39246,  1.27,    3286,  0.21,   35960,  2.33
1007,494.00,   37838,  1.22,    2486,  0.16,   35352,  2.30
1008,495.00,   37578,  1.21,    2314,  0.15,   35264,  2.29
1009,496.00,   37632,  1.22,    2577,  0.17,   35055,  2.28
1010,497.00,   36546,  1.18,    2641,  0.17,   33905,  2.20
1011,498.00,   34510,  1.11,    2590,  0.17,   31920,  2.07
1012,499.00,   33209,  1.07,    3532,  0.23,   29677,  1.93
1013,500.00,   33671,  1.09,    5931,  0.39,   27740,  1.80
1014,501.00,   36179,  1.17,    9594,  0.62,   26585,  1.73
1015,502.00,   39511,  1.28,   13485,  0.88,   26026,  1.69
1016,503.00,   41897,  1.35,   16404,  1.07,   25493,  1.66
1017,504.00,   42721,  1.38,   17975,  1.17,   24746,  1.61
1018,505.00,   42447,  1.37,   18782,  1.22,   23665,  1.54
1019,506.00,   41405,  1.34,   19037,  1.24,   22368,  1.45
1020,507.00,   40668,  1.31,   19182,  1.25,   21486,  1.40
1021,508.00,   40429,  1.31,   19299,  1.25,   21130,  1.37
1022,509.00,   40668,  1.31,   19182,  1.25,   21486,  1.40
1023,510.00,   40668,  1.31,   19182,  1.25,   21486,  1.40
1024,511.00,   40668,  1.31,   19182,  1.25,   21486,  1.40
