-----------------------------------------------------------------------------------
Identifier:,IHS5922-2017CF01
File Name:,VBLP70B.6
Ear:,L
Channel:,2
Intensity:,70 dB HL
Stim. Rate:,  1.10/s
Stim. Mode:,0
Sweeps:,60
Artifacts:,0
Smp. Period:,1000.00 us
Amp. Gain:, 50.00 K
Low Pass:, 30.00 Hz
High Pass:,  1.00 Hz
Notch Filter:,TRUE
Stimulus:,100
Stim. Freq.:,1000 Hz
Stim. Dur.:,2000 pnts
Masking:,0 dB SPL
Stim. Point:,513
-----------------------------------------------------------------------------------
Peak Information:,Label,Peak(+),Peak(+)(ms),Peak(-),Peak(-)(ms)
,21, 777,264.00, 883,370.00,
-----------------------------------------------------------------------------------


Data Pnt:,Data Pnt(ms):,Average:,Average(uV):,Buffer1:,Buffer1(uV):,Buffer2:,Buffer2(uV):
   1,-512.00,       0,  0.00,       0,  0.00,       0,  0.00
   2,-511.00,       0,  0.00,       0,  0.00,       0,  0.00
   3,-510.00,       0,  0.00,       0,  0.00,       0,  0.00
   4,-509.00,       0,  0.00,       0,  0.00,       0,  0.00
   5,-508.00,       0,  0.00,       0,  0.00,       0,  0.00
   6,-507.00,       0,  0.00,       0,  0.00,       0,  0.00
   7,-506.00,       0,  0.00,       0,  0.00,       0,  0.00
   8,-505.00,       0,  0.00,       0,  0.00,       0,  0.00
   9,-504.00,       0,  0.00,       0,  0.00,       0,  0.00
  10,-503.00,       0,  0.00,       0,  0.00,       0,  0.00
  11,-502.00,       0,  0.00,       0,  0.00,       0,  0.00
  12,-501.00,       0,  0.00,       0,  0.00,       0,  0.00
  13,-500.00,       0,  0.00,       0,  0.00,       0,  0.00
  14,-499.00,       0,  0.00,       0,  0.00,       0,  0.00
  15,-498.00,       0,  0.00,       0,  0.00,       0,  0.00
  16,-497.00,       0,  0.00,       0,  0.00,       0,  0.00
  17,-496.00,       0,  0.00,       0,  0.00,       0,  0.00
  18,-495.00,       0,  0.00,       0,  0.00,       0,  0.00
  19,-494.00,       0,  0.00,       0,  0.00,       0,  0.00
  20,-493.00,       0,  0.00,       0,  0.00,       0,  0.00
  21,-492.00,       0,  0.00,       0,  0.00,       0,  0.00
  22,-491.00,       0,  0.00,       0,  0.00,       0,  0.00
  23,-490.00,       0,  0.00,       0,  0.00,       0,  0.00
  24,-489.00,       0,  0.00,       0,  0.00,       0,  0.00
  25,-488.00,       0,  0.00,       0,  0.00,       0,  0.00
  26,-487.00,       0,  0.00,       0,  0.00,       0,  0.00
  27,-486.00,       0,  0.00,       0,  0.00,       0,  0.00
  28,-485.00,       0,  0.00,       0,  0.00,       0,  0.00
  29,-484.00,       0,  0.00,       0,  0.00,       0,  0.00
  30,-483.00,       0,  0.00,       0,  0.00,       0,  0.00
  31,-482.00,       0,  0.00,       0,  0.00,       0,  0.00
  32,-481.00,       0,  0.00,       0,  0.00,       0,  0.00
  33,-480.00,       0,  0.00,       0,  0.00,       0,  0.00
  34,-479.00,       0,  0.00,       0,  0.00,       0,  0.00
  35,-478.00,       0,  0.00,       0,  0.00,       0,  0.00
  36,-477.00,       0,  0.00,       0,  0.00,       0,  0.00
  37,-476.00,       0,  0.00,       0,  0.00,       0,  0.00
  38,-475.00,       0,  0.00,       0,  0.00,       0,  0.00
  39,-474.00,       0,  0.00,       0,  0.00,       0,  0.00
  40,-473.00,       0,  0.00,       0,  0.00,       0,  0.00
  41,-472.00,       0,  0.00,       0,  0.00,       0,  0.00
  42,-471.00,       0,  0.00,       0,  0.00,       0,  0.00
  43,-470.00,       0,  0.00,       0,  0.00,       0,  0.00
  44,-469.00,       0,  0.00,       0,  0.00,       0,  0.00
  45,-468.00,       0,  0.00,       0,  0.00,       0,  0.00
  46,-467.00,       0,  0.00,       0,  0.00,       0,  0.00
  47,-466.00,       0,  0.00,       0,  0.00,       0,  0.00
  48,-465.00,       0,  0.00,       0,  0.00,       0,  0.00
  49,-464.00,       0,  0.00,       0,  0.00,       0,  0.00
  50,-463.00,       0,  0.00,       0,  0.00,       0,  0.00
  51,-462.00,       0,  0.00,       0,  0.00,       0,  0.00
  52,-461.00,       0,  0.00,       0,  0.00,       0,  0.00
  53,-460.00,       0,  0.00,       0,  0.00,       0,  0.00
  54,-459.00,       0,  0.00,       0,  0.00,       0,  0.00
  55,-458.00,       0,  0.00,       0,  0.00,       0,  0.00
  56,-457.00,       0,  0.00,       0,  0.00,       0,  0.00
  57,-456.00,       0,  0.00,       0,  0.00,       0,  0.00
  58,-455.00,       0,  0.00,       0,  0.00,       0,  0.00
  59,-454.00,       0,  0.00,       0,  0.00,       0,  0.00
  60,-453.00,       0,  0.00,       0,  0.00,       0,  0.00
  61,-452.00,       0,  0.00,       0,  0.00,       0,  0.00
  62,-451.00,       0,  0.00,       0,  0.00,       0,  0.00
  63,-450.00,       0,  0.00,       0,  0.00,       0,  0.00
  64,-449.00,       0,  0.00,       0,  0.00,       0,  0.00
  65,-448.00,       0,  0.00,       0,  0.00,       0,  0.00
  66,-447.00,       0,  0.00,       0,  0.00,       0,  0.00
  67,-446.00,       0,  0.00,       0,  0.00,       0,  0.00
  68,-445.00,       0,  0.00,       0,  0.00,       0,  0.00
  69,-444.00,       0,  0.00,       0,  0.00,       0,  0.00
  70,-443.00,       0,  0.00,       0,  0.00,       0,  0.00
  71,-442.00,       0,  0.00,       0,  0.00,       0,  0.00
  72,-441.00,       0,  0.00,       0,  0.00,       0,  0.00
  73,-440.00,       0,  0.00,       0,  0.00,       0,  0.00
  74,-439.00,       0,  0.00,       0,  0.00,       0,  0.00
  75,-438.00,       0,  0.00,       0,  0.00,       0,  0.00
  76,-437.00,       0,  0.00,       0,  0.00,       0,  0.00
  77,-436.00,       0,  0.00,       0,  0.00,       0,  0.00
  78,-435.00,       0,  0.00,       0,  0.00,       0,  0.00
  79,-434.00,       0,  0.00,       0,  0.00,       0,  0.00
  80,-433.00,       0,  0.00,       0,  0.00,       0,  0.00
  81,-432.00,       0,  0.00,       0,  0.00,       0,  0.00
  82,-431.00,       0,  0.00,       0,  0.00,       0,  0.00
  83,-430.00,       0,  0.00,       0,  0.00,       0,  0.00
  84,-429.00,       0,  0.00,       0,  0.00,       0,  0.00
  85,-428.00,       0,  0.00,       0,  0.00,       0,  0.00
  86,-427.00,       0,  0.00,       0,  0.00,       0,  0.00
  87,-426.00,       0,  0.00,       0,  0.00,       0,  0.00
  88,-425.00,       0,  0.00,       0,  0.00,       0,  0.00
  89,-424.00,       0,  0.00,       0,  0.00,       0,  0.00
  90,-423.00,       0,  0.00,       0,  0.00,       0,  0.00
  91,-422.00,       0,  0.00,       0,  0.00,       0,  0.00
  92,-421.00,       0,  0.00,       0,  0.00,       0,  0.00
  93,-420.00,       0,  0.00,       0,  0.00,       0,  0.00
  94,-419.00,       0,  0.00,       0,  0.00,       0,  0.00
  95,-418.00,       0,  0.00,       0,  0.00,       0,  0.00
  96,-417.00,       0,  0.00,       0,  0.00,       0,  0.00
  97,-416.00,       0,  0.00,       0,  0.00,       0,  0.00
  98,-415.00,       0,  0.00,       0,  0.00,       0,  0.00
  99,-414.00,       0,  0.00,       0,  0.00,       0,  0.00
 100,-413.00,       0,  0.00,       0,  0.00,       0,  0.00
 101,-412.00,       0,  0.00,       0,  0.00,       0,  0.00
 102,-411.00,       0,  0.00,       0,  0.00,       0,  0.00
 103,-410.00,       0,  0.00,       0,  0.00,       0,  0.00
 104,-409.00,       0,  0.00,       0,  0.00,       0,  0.00
 105,-408.00,       0,  0.00,       0,  0.00,       0,  0.00
 106,-407.00,       0,  0.00,       0,  0.00,       0,  0.00
 107,-406.00,       0,  0.00,       0,  0.00,       0,  0.00
 108,-405.00,       0,  0.00,       0,  0.00,       0,  0.00
 109,-404.00,       0,  0.00,       0,  0.00,       0,  0.00
 110,-403.00,       0,  0.00,       0,  0.00,       0,  0.00
 111,-402.00,       0,  0.00,       0,  0.00,       0,  0.00
 112,-401.00,       0,  0.00,       0,  0.00,       0,  0.00
 113,-400.00,       0,  0.00,       0,  0.00,       0,  0.00
 114,-399.00,       0,  0.00,       0,  0.00,       0,  0.00
 115,-398.00,       0,  0.00,       0,  0.00,       0,  0.00
 116,-397.00,   14028,  1.43,    1416,  0.29,   12612,  2.57
 117,-396.00,   13445,  1.37,     855,  0.17,   12590,  2.56
 118,-395.00,   12980,  1.32,     528,  0.11,   12452,  2.53
 119,-394.00,   12392,  1.26,     330,  0.07,   12062,  2.45
 120,-393.00,   11969,  1.22,     295,  0.06,   11674,  2.38
 121,-392.00,   11270,  1.15,     353,  0.07,   10917,  2.22
 122,-391.00,   10765,  1.10,     799,  0.16,    9966,  2.03
 123,-390.00,   10438,  1.06,    1076,  0.22,    9362,  1.90
 124,-389.00,   10588,  1.08,    1655,  0.34,    8933,  1.82
 125,-388.00,   10903,  1.11,    2429,  0.49,    8474,  1.72
 126,-387.00,   11510,  1.17,    3378,  0.69,    8132,  1.65
 127,-386.00,   11954,  1.22,    4331,  0.88,    7623,  1.55
 128,-385.00,   11826,  1.20,    4901,  1.00,    6925,  1.41
 129,-384.00,   11853,  1.21,    5377,  1.09,    6476,  1.32
 130,-383.00,   11987,  1.22,    5745,  1.17,    6242,  1.27
 131,-382.00,   12266,  1.25,    6141,  1.25,    6125,  1.25
 132,-381.00,   12203,  1.24,    6322,  1.29,    5881,  1.20
 133,-380.00,   12109,  1.23,    6541,  1.33,    5568,  1.13
 134,-379.00,   12386,  1.26,    6848,  1.39,    5538,  1.13
 135,-378.00,   12783,  1.30,    7217,  1.47,    5566,  1.13
 136,-377.00,   12329,  1.25,    6952,  1.41,    5377,  1.09
 137,-376.00,   11645,  1.18,    6693,  1.36,    4952,  1.01
 138,-375.00,   10959,  1.11,    6504,  1.32,    4455,  0.91
 139,-374.00,   10196,  1.04,    6339,  1.29,    3857,  0.78
 140,-373.00,    9938,  1.01,    6437,  1.31,    3501,  0.71
 141,-372.00,    9818,  1.00,    6628,  1.35,    3190,  0.65
 142,-371.00,    9895,  1.01,    7103,  1.45,    2792,  0.57
 143,-370.00,    9751,  0.99,    7345,  1.49,    2406,  0.49
 144,-369.00,    9884,  1.01,    7695,  1.57,    2189,  0.45
 145,-368.00,   10304,  1.05,    8142,  1.66,    2162,  0.44
 146,-367.00,   10254,  1.04,    8319,  1.69,    1935,  0.39
 147,-366.00,    9988,  1.02,    8438,  1.72,    1550,  0.32
 148,-365.00,    9619,  0.98,    8402,  1.71,    1217,  0.25
 149,-364.00,    9254,  0.94,    8326,  1.69,     928,  0.19
 150,-363.00,    8727,  0.89,    8109,  1.65,     618,  0.13
 151,-362.00,    7966,  0.81,    7969,  1.62,      -3, -0.00
 152,-361.00,    7469,  0.76,    8015,  1.63,    -546, -0.11
 153,-360.00,    7120,  0.72,    8051,  1.64,    -931, -0.19
 154,-359.00,    7154,  0.73,    8317,  1.69,   -1163, -0.24
 155,-358.00,    7520,  0.76,    8995,  1.83,   -1475, -0.30
 156,-357.00,    7784,  0.79,    9532,  1.94,   -1748, -0.36
 157,-356.00,    8356,  0.85,   10221,  2.08,   -1865, -0.38
 158,-355.00,    9201,  0.94,   11000,  2.24,   -1799, -0.37
 159,-354.00,   10110,  1.03,   11857,  2.41,   -1747, -0.36
 160,-353.00,   10872,  1.11,   12711,  2.59,   -1839, -0.37
 161,-352.00,   11803,  1.20,   13339,  2.71,   -1536, -0.31
 162,-351.00,   12965,  1.32,   14107,  2.87,   -1142, -0.23
 163,-350.00,   13702,  1.39,   14406,  2.93,    -704, -0.14
 164,-349.00,   14045,  1.43,   14468,  2.94,    -423, -0.09
 165,-348.00,   14113,  1.44,   14516,  2.95,    -403, -0.08
 166,-347.00,   13903,  1.41,   14110,  2.87,    -207, -0.04
 167,-346.00,   13389,  1.36,   13671,  2.78,    -282, -0.06
 168,-345.00,   12679,  1.29,   13114,  2.67,    -435, -0.09
 169,-344.00,   11487,  1.17,   12394,  2.52,    -907, -0.18
 170,-343.00,   10676,  1.09,   12095,  2.46,   -1419, -0.29
 171,-342.00,    9731,  0.99,   11766,  2.39,   -2035, -0.41
 172,-341.00,    8870,  0.90,   11803,  2.40,   -2933, -0.60
 173,-340.00,    8602,  0.88,   12012,  2.44,   -3410, -0.69
 174,-339.00,    7976,  0.81,   11933,  2.43,   -3957, -0.81
 175,-338.00,    7240,  0.74,   11665,  2.37,   -4425, -0.90
 176,-337.00,    6906,  0.70,   11466,  2.33,   -4560, -0.93
 177,-336.00,    6775,  0.69,   11325,  2.30,   -4550, -0.93
 178,-335.00,    6740,  0.69,   11145,  2.27,   -4405, -0.90
 179,-334.00,    6728,  0.68,   10901,  2.22,   -4173, -0.85
 180,-333.00,    6809,  0.69,   10416,  2.12,   -3607, -0.73
 181,-332.00,    7232,  0.74,   10401,  2.12,   -3169, -0.64
 182,-331.00,    7224,  0.73,   10200,  2.08,   -2976, -0.61
 183,-330.00,    6258,  0.64,    9359,  1.90,   -3101, -0.63
 184,-329.00,    5433,  0.55,    8608,  1.75,   -3175, -0.65
 185,-328.00,    5077,  0.52,    8114,  1.65,   -3037, -0.62
 186,-327.00,    4456,  0.45,    7566,  1.54,   -3110, -0.63
 187,-326.00,    3789,  0.39,    7029,  1.43,   -3240, -0.66
 188,-325.00,    3234,  0.33,    6621,  1.35,   -3387, -0.69
 189,-324.00,    2815,  0.29,    6436,  1.31,   -3621, -0.74
 190,-323.00,    2876,  0.29,    6327,  1.29,   -3451, -0.70
 191,-322.00,    2900,  0.30,    6069,  1.23,   -3169, -0.64
 192,-321.00,    2593,  0.26,    5566,  1.13,   -2973, -0.60
 193,-320.00,    2371,  0.24,    4948,  1.01,   -2577, -0.52
 194,-319.00,    2041,  0.21,    4148,  0.84,   -2107, -0.43
 195,-318.00,    1606,  0.16,    3211,  0.65,   -1605, -0.33
 196,-317.00,    1328,  0.14,    2476,  0.50,   -1148, -0.23
 197,-316.00,     551,  0.06,    1482,  0.30,    -931, -0.19
 198,-315.00,    -274, -0.03,     248,  0.05,    -522, -0.11
 199,-314.00,   -1345, -0.14,   -1030, -0.21,    -315, -0.06
 200,-313.00,   -2133, -0.22,   -2166, -0.44,      33,  0.00
 201,-312.00,   -3161, -0.32,   -3300, -0.67,     139,  0.03
 202,-311.00,   -4474, -0.46,   -4236, -0.86,    -238, -0.05
 203,-310.00,   -6020, -0.61,   -5316, -1.08,    -704, -0.14
 204,-309.00,   -7142, -0.73,   -5898, -1.20,   -1244, -0.25
 205,-308.00,   -8362, -0.85,   -6441, -1.31,   -1921, -0.39
 206,-307.00,   -9113, -0.93,   -6507, -1.32,   -2606, -0.53
 207,-306.00,   -9595, -0.98,   -6409, -1.30,   -3186, -0.65
 208,-305.00,   -9970, -1.01,   -6223, -1.27,   -3747, -0.76
 209,-304.00,  -10760, -1.09,   -6279, -1.28,   -4481, -0.91
 210,-303.00,  -11310, -1.15,   -6353, -1.29,   -4957, -1.01
 211,-302.00,  -11705, -1.19,   -6511, -1.32,   -5194, -1.06
 212,-301.00,  -11797, -1.20,   -6287, -1.28,   -5510, -1.12
 213,-300.00,  -12277, -1.25,   -6600, -1.34,   -5677, -1.16
 214,-299.00,  -12881, -1.31,   -6941, -1.41,   -5940, -1.21
 215,-298.00,  -13506, -1.37,   -7280, -1.48,   -6226, -1.27
 216,-297.00,  -14339, -1.46,   -7732, -1.57,   -6607, -1.34
 217,-296.00,  -15196, -1.55,   -8156, -1.66,   -7040, -1.43
 218,-295.00,  -16143, -1.64,   -8686, -1.77,   -7457, -1.52
 219,-294.00,  -16716, -1.70,   -8852, -1.80,   -7864, -1.60
 220,-293.00,  -17521, -1.78,   -9401, -1.91,   -8120, -1.65
 221,-292.00,  -18286, -1.86,  -10203, -2.08,   -8083, -1.64
 222,-291.00,  -18717, -1.90,  -10787, -2.19,   -7930, -1.61
 223,-290.00,  -19062, -1.94,  -11099, -2.26,   -7963, -1.62
 224,-289.00,  -18657, -1.90,  -10982, -2.23,   -7675, -1.56
 225,-288.00,  -18120, -1.84,  -10648, -2.17,   -7472, -1.52
 226,-287.00,  -17284, -1.76,  -10085, -2.05,   -7199, -1.46
 227,-286.00,  -16723, -1.70,   -9689, -1.97,   -7034, -1.43
 228,-285.00,  -16152, -1.64,   -9398, -1.91,   -6754, -1.37
 229,-284.00,  -15808, -1.61,   -9306, -1.89,   -6502, -1.32
 230,-283.00,  -15754, -1.60,   -9739, -1.98,   -6015, -1.22
 231,-282.00,  -16310, -1.66,  -10446, -2.13,   -5864, -1.19
 232,-281.00,  -16773, -1.71,  -10935, -2.22,   -5838, -1.19
 233,-280.00,  -17082, -1.74,  -11145, -2.27,   -5937, -1.21
 234,-279.00,  -17114, -1.74,  -11198, -2.28,   -5916, -1.20
 235,-278.00,  -16959, -1.73,  -11247, -2.29,   -5712, -1.16
 236,-277.00,  -16931, -1.72,  -11168, -2.27,   -5763, -1.17
 237,-276.00,  -16982, -1.73,  -10788, -2.19,   -6194, -1.26
 238,-275.00,  -17115, -1.74,  -10220, -2.08,   -6895, -1.40
 239,-274.00,  -17101, -1.74,   -9608, -1.95,   -7493, -1.52
 240,-273.00,  -16755, -1.70,   -8814, -1.79,   -7941, -1.62
 241,-272.00,  -16505, -1.68,   -8301, -1.69,   -8204, -1.67
 242,-271.00,  -16108, -1.64,   -7778, -1.58,   -8330, -1.69
 243,-270.00,  -16037, -1.63,   -7117, -1.45,   -8920, -1.81
 244,-269.00,  -15979, -1.63,   -6287, -1.28,   -9692, -1.97
 245,-268.00,  -15321, -1.56,   -5447, -1.11,   -9874, -2.01
 246,-267.00,  -15044, -1.53,   -4905, -1.00,  -10139, -2.06
 247,-266.00,  -14922, -1.52,   -4731, -0.96,  -10191, -2.07
 248,-265.00,  -14833, -1.51,   -4677, -0.95,  -10156, -2.07
 249,-264.00,  -15301, -1.56,   -5051, -1.03,  -10250, -2.09
 250,-263.00,  -15994, -1.63,   -5660, -1.15,  -10334, -2.10
 251,-262.00,  -16777, -1.71,   -6268, -1.28,  -10509, -2.14
 252,-261.00,  -17360, -1.77,   -6642, -1.35,  -10718, -2.18
 253,-260.00,  -17714, -1.80,   -6820, -1.39,  -10894, -2.22
 254,-259.00,  -17927, -1.82,   -6854, -1.39,  -11073, -2.25
 255,-258.00,  -18018, -1.83,   -6774, -1.38,  -11244, -2.29
 256,-257.00,  -18024, -1.83,   -6696, -1.36,  -11328, -2.30
 257,-256.00,  -17809, -1.81,   -6462, -1.31,  -11347, -2.31
 258,-255.00,  -17528, -1.78,   -6423, -1.31,  -11105, -2.26
 259,-254.00,  -16952, -1.72,   -6126, -1.25,  -10826, -2.20
 260,-253.00,  -15906, -1.62,   -5582, -1.14,  -10324, -2.10
 261,-252.00,  -14745, -1.50,   -4918, -1.00,   -9827, -2.00
 262,-251.00,  -13416, -1.36,   -4253, -0.87,   -9163, -1.86
 263,-250.00,  -12374, -1.26,   -3801, -0.77,   -8573, -1.74
 264,-249.00,  -11679, -1.19,   -3527, -0.72,   -8152, -1.66
 265,-248.00,  -11310, -1.15,   -3406, -0.69,   -7904, -1.61
 266,-247.00,  -11496, -1.17,   -3797, -0.77,   -7699, -1.57
 267,-246.00,  -11346, -1.15,   -4103, -0.83,   -7243, -1.47
 268,-245.00,  -11177, -1.14,   -4294, -0.87,   -6883, -1.40
 269,-244.00,  -11321, -1.15,   -4400, -0.90,   -6921, -1.41
 270,-243.00,  -11377, -1.16,   -4165, -0.85,   -7212, -1.47
 271,-242.00,  -11259, -1.15,   -3707, -0.75,   -7552, -1.54
 272,-241.00,  -10727, -1.09,   -2811, -0.57,   -7916, -1.61
 273,-240.00,  -10042, -1.02,   -2112, -0.43,   -7930, -1.61
 274,-239.00,   -9161, -0.93,   -1415, -0.29,   -7746, -1.58
 275,-238.00,   -8191, -0.83,    -557, -0.11,   -7634, -1.55
 276,-237.00,   -7234, -0.74,     382,  0.08,   -7616, -1.55
 277,-236.00,   -6193, -0.63,    1066,  0.22,   -7259, -1.48
 278,-235.00,   -5441, -0.55,    1591,  0.32,   -7032, -1.43
 279,-234.00,   -4946, -0.50,    1905,  0.39,   -6851, -1.39
 280,-233.00,   -4358, -0.44,    2176,  0.44,   -6534, -1.33
 281,-232.00,   -3772, -0.38,    2345,  0.48,   -6117, -1.24
 282,-231.00,   -3514, -0.36,    2383,  0.48,   -5897, -1.20
 283,-230.00,   -3585, -0.36,    2478,  0.50,   -6063, -1.23
 284,-229.00,   -3784, -0.38,    2440,  0.50,   -6224, -1.27
 285,-228.00,   -3823, -0.39,    2719,  0.55,   -6542, -1.33
 286,-227.00,   -4394, -0.45,    2755,  0.56,   -7149, -1.45
 287,-226.00,   -5026, -0.51,    2778,  0.57,   -7804, -1.59
 288,-225.00,   -5311, -0.54,    3211,  0.65,   -8522, -1.73
 289,-224.00,   -5587, -0.57,    3820,  0.78,   -9407, -1.91
 290,-223.00,   -6055, -0.62,    4337,  0.88,  -10392, -2.11
 291,-222.00,   -6559, -0.67,    4551,  0.93,  -11110, -2.26
 292,-221.00,   -6576, -0.67,    5214,  1.06,  -11790, -2.40
 293,-220.00,   -6991, -0.71,    5968,  1.21,  -12959, -2.64
 294,-219.00,   -7451, -0.76,    6453,  1.31,  -13904, -2.83
 295,-218.00,   -7822, -0.80,    6929,  1.41,  -14751, -3.00
 296,-217.00,   -7938, -0.81,    7501,  1.53,  -15439, -3.14
 297,-216.00,   -8244, -0.84,    7661,  1.56,  -15905, -3.24
 298,-215.00,   -8243, -0.84,    7995,  1.63,  -16238, -3.30
 299,-214.00,   -8545, -0.87,    7869,  1.60,  -16414, -3.34
 300,-213.00,   -9642, -0.98,    7052,  1.43,  -16694, -3.40
 301,-212.00,  -10764, -1.10,    6423,  1.31,  -17187, -3.50
 302,-211.00,  -11808, -1.20,    5947,  1.21,  -17755, -3.61
 303,-210.00,  -12840, -1.31,    5447,  1.11,  -18287, -3.72
 304,-209.00,  -13715, -1.40,    5017,  1.02,  -18732, -3.81
 305,-208.00,  -14205, -1.45,    4968,  1.01,  -19173, -3.90
 306,-207.00,  -14084, -1.43,    5224,  1.06,  -19308, -3.93
 307,-206.00,  -13862, -1.41,    5498,  1.12,  -19360, -3.94
 308,-205.00,  -14155, -1.44,    5721,  1.16,  -19876, -4.04
 309,-204.00,  -14185, -1.44,    6104,  1.24,  -20289, -4.13
 310,-203.00,  -13985, -1.42,    6505,  1.32,  -20490, -4.17
 311,-202.00,  -13772, -1.40,    6955,  1.42,  -20727, -4.22
 312,-201.00,  -13448, -1.37,    7143,  1.45,  -20591, -4.19
 313,-200.00,  -13300, -1.35,    7077,  1.44,  -20377, -4.15
 314,-199.00,  -13228, -1.35,    6698,  1.36,  -19926, -4.05
 315,-198.00,  -12876, -1.31,    6501,  1.32,  -19377, -3.94
 316,-197.00,  -12208, -1.24,    6523,  1.33,  -18731, -3.81
 317,-196.00,  -11462, -1.17,    6540,  1.33,  -18002, -3.66
 318,-195.00,  -10795, -1.10,    6576,  1.34,  -17371, -3.53
 319,-194.00,  -10140, -1.03,    6502,  1.32,  -16642, -3.39
 320,-193.00,   -9436, -0.96,    6512,  1.32,  -15948, -3.24
 321,-192.00,   -8727, -0.89,    6625,  1.35,  -15352, -3.12
 322,-191.00,   -8533, -0.87,    6357,  1.29,  -14890, -3.03
 323,-190.00,   -7764, -0.79,    6498,  1.32,  -14262, -2.90
 324,-189.00,   -6491, -0.66,    6991,  1.42,  -13482, -2.74
 325,-188.00,   -5078, -0.52,    7632,  1.55,  -12710, -2.59
 326,-187.00,   -3803, -0.39,    8412,  1.71,  -12215, -2.49
 327,-186.00,   -2566, -0.26,    9049,  1.84,  -11615, -2.36
 328,-185.00,   -1088, -0.11,    9722,  1.98,  -10810, -2.20
 329,-184.00,      96,  0.00,   10013,  2.04,   -9917, -2.02
 330,-183.00,     858,  0.09,    9670,  1.97,   -8812, -1.79
 331,-182.00,    1324,  0.13,    9115,  1.85,   -7791, -1.59
 332,-181.00,    1527,  0.16,    8643,  1.76,   -7116, -1.45
 333,-180.00,    1623,  0.17,    8149,  1.66,   -6526, -1.33
 334,-179.00,    1543,  0.16,    7466,  1.52,   -5923, -1.21
 335,-178.00,    1688,  0.17,    7000,  1.42,   -5312, -1.08
 336,-177.00,    1926,  0.20,    6764,  1.38,   -4838, -0.98
 337,-176.00,    2024,  0.21,    6365,  1.30,   -4341, -0.88
 338,-175.00,    2470,  0.25,    5787,  1.18,   -3317, -0.67
 339,-174.00,    3217,  0.33,    5529,  1.12,   -2312, -0.47
 340,-173.00,    4038,  0.41,    5407,  1.10,   -1369, -0.28
 341,-172.00,    4958,  0.50,    5368,  1.09,    -410, -0.08
 342,-171.00,    5568,  0.57,    5325,  1.08,     243,  0.05
 343,-170.00,    6028,  0.61,    5148,  1.05,     880,  0.18
 344,-169.00,    6757,  0.69,    5067,  1.03,    1690,  0.34
 345,-168.00,    7656,  0.78,    5101,  1.04,    2555,  0.52
 346,-167.00,    8083,  0.82,    4926,  1.00,    3157,  0.64
 347,-166.00,    8591,  0.87,    4796,  0.98,    3795,  0.77
 348,-165.00,    9698,  0.99,    4792,  0.97,    4906,  1.00
 349,-164.00,   10829,  1.10,    4775,  0.97,    6054,  1.23
 350,-163.00,   11833,  1.20,    4760,  0.97,    7073,  1.44
 351,-162.00,   12939,  1.32,    4498,  0.92,    8441,  1.72
 352,-161.00,   14475,  1.47,    4440,  0.90,   10035,  2.04
 353,-160.00,   16251,  1.65,    4717,  0.96,   11534,  2.35
 354,-159.00,   17544,  1.78,    5006,  1.02,   12538,  2.55
 355,-158.00,   18948,  1.93,    5322,  1.08,   13626,  2.77
 356,-157.00,   20609,  2.10,    5561,  1.13,   15048,  3.06
 357,-156.00,   23408,  2.38,    6576,  1.34,   16832,  3.42
 358,-155.00,   26495,  2.70,    7834,  1.59,   18661,  3.80
 359,-154.00,   28947,  2.94,    8677,  1.77,   20270,  4.12
 360,-153.00,   31394,  3.19,    9333,  1.90,   22061,  4.49
 361,-152.00,   33529,  3.41,    9818,  2.00,   23711,  4.82
 362,-151.00,   36242,  3.69,   10771,  2.19,   25471,  5.18
 363,-150.00,   38621,  3.93,   11360,  2.31,   27261,  5.55
 364,-149.00,   40213,  4.09,   11717,  2.38,   28496,  5.80
 365,-148.00,   41661,  4.24,   12352,  2.51,   29309,  5.96
 366,-147.00,   42567,  4.33,   12650,  2.57,   29917,  6.09
 367,-146.00,   42684,  4.34,   12520,  2.55,   30164,  6.14
 368,-145.00,   42549,  4.33,   12467,  2.54,   30082,  6.12
 369,-144.00,   42400,  4.31,   12508,  2.54,   29892,  6.08
 370,-143.00,   42569,  4.33,   12777,  2.60,   29792,  6.06
 371,-142.00,   42854,  4.36,   13231,  2.69,   29623,  6.03
 372,-141.00,   43214,  4.40,   13874,  2.82,   29340,  5.97
 373,-140.00,   43618,  4.44,   14508,  2.95,   29110,  5.92
 374,-139.00,   43841,  4.46,   14735,  3.00,   29106,  5.92
 375,-138.00,   44188,  4.50,   15351,  3.12,   28837,  5.87
 376,-137.00,   44568,  4.53,   15953,  3.25,   28615,  5.82
 377,-136.00,   45453,  4.62,   16808,  3.42,   28645,  5.83
 378,-135.00,   45967,  4.68,   17446,  3.55,   28521,  5.80
 379,-134.00,   46261,  4.71,   17821,  3.63,   28440,  5.79
 380,-133.00,   46288,  4.71,   18316,  3.73,   27972,  5.69
 381,-132.00,   45814,  4.66,   18245,  3.71,   27569,  5.61
 382,-131.00,   44950,  4.57,   17915,  3.64,   27035,  5.50
 383,-130.00,   43644,  4.44,   17429,  3.55,   26215,  5.33
 384,-129.00,   42267,  4.30,   16870,  3.43,   25397,  5.17
 385,-128.00,   40901,  4.16,   16293,  3.31,   24608,  5.01
 386,-127.00,   39721,  4.04,   15981,  3.25,   23740,  4.83
 387,-126.00,   38439,  3.91,   15655,  3.19,   22784,  4.64
 388,-125.00,   37235,  3.79,   15277,  3.11,   21958,  4.47
 389,-124.00,   36025,  3.66,   15012,  3.05,   21013,  4.28
 390,-123.00,   35052,  3.57,   14808,  3.01,   20244,  4.12
 391,-122.00,   34182,  3.48,   14578,  2.97,   19604,  3.99
 392,-121.00,   33013,  3.36,   13808,  2.81,   19205,  3.91
 393,-120.00,   31757,  3.23,   12881,  2.62,   18876,  3.84
 394,-119.00,   30760,  3.13,   11992,  2.44,   18768,  3.82
 395,-118.00,   29832,  3.03,   11087,  2.26,   18745,  3.81
 396,-117.00,   29537,  3.00,   10483,  2.13,   19054,  3.88
 397,-116.00,   29541,  3.01,   10001,  2.03,   19540,  3.98
 398,-115.00,   29258,  2.98,    9362,  1.90,   19896,  4.05
 399,-114.00,   28692,  2.92,    8423,  1.71,   20269,  4.12
 400,-113.00,   27233,  2.77,    7077,  1.44,   20156,  4.10
 401,-112.00,   25805,  2.63,    5707,  1.16,   20098,  4.09
 402,-111.00,   24376,  2.48,    4537,  0.92,   19839,  4.04
 403,-110.00,   22654,  2.30,    3354,  0.68,   19300,  3.93
 404,-109.00,   21281,  2.16,    2568,  0.52,   18713,  3.81
 405,-108.00,   20160,  2.05,    2235,  0.45,   17925,  3.65
 406,-107.00,   19134,  1.95,    1795,  0.37,   17339,  3.53
 407,-106.00,   17845,  1.82,     783,  0.16,   17062,  3.47
 408,-105.00,   17001,  1.73,      64,  0.01,   16937,  3.45
 409,-104.00,   16433,  1.67,    -411, -0.08,   16844,  3.43
 410,-103.00,   15852,  1.61,    -718, -0.15,   16570,  3.37
 411,-102.00,   15374,  1.56,    -983, -0.20,   16357,  3.33
 412,-101.00,   15054,  1.53,   -1081, -0.22,   16135,  3.28
 413,-100.00,   14848,  1.51,   -1218, -0.25,   16066,  3.27
 414,-99.00,   14574,  1.48,   -1551, -0.32,   16125,  3.28
 415,-98.00,   13784,  1.40,   -2191, -0.45,   15975,  3.25
 416,-97.00,   13155,  1.34,   -2719, -0.55,   15874,  3.23
 417,-96.00,   12431,  1.26,   -3473, -0.71,   15904,  3.24
 418,-95.00,   11909,  1.21,   -4306, -0.88,   16215,  3.30
 419,-94.00,   11512,  1.17,   -5001, -1.02,   16513,  3.36
 420,-93.00,   10945,  1.11,   -5716, -1.16,   16661,  3.39
 421,-92.00,   10485,  1.07,   -6337, -1.29,   16822,  3.42
 422,-91.00,   10008,  1.02,   -6869, -1.40,   16877,  3.43
 423,-90.00,    9327,  0.95,   -7358, -1.50,   16685,  3.39
 424,-89.00,    9052,  0.92,   -7417, -1.51,   16469,  3.35
 425,-88.00,    9009,  0.92,   -7213, -1.47,   16222,  3.30
 426,-87.00,    8644,  0.88,   -7455, -1.52,   16099,  3.28
 427,-86.00,    8494,  0.86,   -7584, -1.54,   16078,  3.27
 428,-85.00,    7929,  0.81,   -8025, -1.63,   15954,  3.25
 429,-84.00,    7940,  0.81,   -8235, -1.68,   16175,  3.29
 430,-83.00,    7524,  0.77,   -8830, -1.80,   16354,  3.33
 431,-82.00,    6462,  0.66,  -10000, -2.03,   16462,  3.35
 432,-81.00,    4662,  0.47,  -11430, -2.33,   16092,  3.27
 433,-80.00,    2676,  0.27,  -12620, -2.57,   15296,  3.11
 434,-79.00,    1078,  0.11,  -13557, -2.76,   14635,  2.98
 435,-78.00,    -485, -0.05,  -14522, -2.95,   14037,  2.86
 436,-77.00,   -1826, -0.19,  -15223, -3.10,   13397,  2.73
 437,-76.00,   -3078, -0.31,  -15879, -3.23,   12801,  2.60
 438,-75.00,   -4501, -0.46,  -16342, -3.32,   11841,  2.41
 439,-74.00,   -6122, -0.62,  -16626, -3.38,   10504,  2.14
 440,-73.00,   -7290, -0.74,  -16483, -3.35,    9193,  1.87
 441,-72.00,   -8197, -0.83,  -16309, -3.32,    8112,  1.65
 442,-71.00,   -8983, -0.91,  -16267, -3.31,    7284,  1.48
 443,-70.00,   -9808, -1.00,  -16164, -3.29,    6356,  1.29
 444,-69.00,  -10837, -1.10,  -16252, -3.31,    5415,  1.10
 445,-68.00,  -11401, -1.16,  -16049, -3.27,    4648,  0.95
 446,-67.00,  -12122, -1.23,  -16161, -3.29,    4039,  0.82
 447,-66.00,  -13027, -1.33,  -16396, -3.34,    3369,  0.69
 448,-65.00,  -14120, -1.44,  -16490, -3.36,    2370,  0.48
 449,-64.00,  -15039, -1.53,  -16670, -3.39,    1631,  0.33
 450,-63.00,  -16052, -1.63,  -16820, -3.42,     768,  0.16
 451,-62.00,  -16773, -1.71,  -16904, -3.44,     131,  0.03
 452,-61.00,  -17482, -1.78,  -16727, -3.40,    -755, -0.15
 453,-60.00,  -18319, -1.86,  -16505, -3.36,   -1814, -0.37
 454,-59.00,  -18930, -1.93,  -16164, -3.29,   -2766, -0.56
 455,-58.00,  -19414, -1.97,  -15700, -3.19,   -3714, -0.76
 456,-57.00,  -19274, -1.96,  -14821, -3.02,   -4453, -0.91
 457,-56.00,  -19004, -1.93,  -14147, -2.88,   -4857, -0.99
 458,-55.00,  -18570, -1.89,  -13184, -2.68,   -5386, -1.10
 459,-54.00,  -18177, -1.85,  -12156, -2.47,   -6021, -1.23
 460,-53.00,  -17742, -1.80,  -10907, -2.22,   -6835, -1.39
 461,-52.00,  -17248, -1.75,   -9918, -2.02,   -7330, -1.49
 462,-51.00,  -16652, -1.69,   -8939, -1.82,   -7713, -1.57
 463,-50.00,  -15660, -1.59,   -7910, -1.61,   -7750, -1.58
 464,-49.00,  -15100, -1.54,   -7286, -1.48,   -7814, -1.59
 465,-48.00,  -14575, -1.48,   -6529, -1.33,   -8046, -1.64
 466,-47.00,  -14315, -1.46,   -5971, -1.21,   -8344, -1.70
 467,-46.00,  -14187, -1.44,   -5543, -1.13,   -8644, -1.76
 468,-45.00,  -13952, -1.42,   -5004, -1.02,   -8948, -1.82
 469,-44.00,  -13276, -1.35,   -4228, -0.86,   -9048, -1.84
 470,-43.00,  -12203, -1.24,   -3365, -0.68,   -8838, -1.80
 471,-42.00,  -11396, -1.16,   -2786, -0.57,   -8610, -1.75
 472,-41.00,  -10379, -1.06,   -1761, -0.36,   -8618, -1.75
 473,-40.00,   -9845, -1.00,    -908, -0.18,   -8937, -1.82
 474,-39.00,   -8893, -0.90,       2,  0.00,   -8895, -1.81
 475,-38.00,   -7511, -0.76,    1154,  0.23,   -8665, -1.76
 476,-37.00,   -5494, -0.56,    2738,  0.56,   -8232, -1.67
 477,-36.00,   -3413, -0.35,    4300,  0.87,   -7713, -1.57
 478,-35.00,   -1750, -0.18,    5716,  1.16,   -7466, -1.52
 479,-34.00,    -569, -0.06,    6606,  1.34,   -7175, -1.46
 480,-33.00,     767,  0.08,    7376,  1.50,   -6609, -1.34
 481,-32.00,    1967,  0.20,    8023,  1.63,   -6056, -1.23
 482,-31.00,    2897,  0.29,    8520,  1.73,   -5623, -1.14
 483,-30.00,    3430,  0.35,    8733,  1.78,   -5303, -1.08
 484,-29.00,    3906,  0.40,    9063,  1.84,   -5157, -1.05
 485,-28.00,    3908,  0.40,    9190,  1.87,   -5282, -1.07
 486,-27.00,    3287,  0.33,    8770,  1.78,   -5483, -1.12
 487,-26.00,    2846,  0.29,    8505,  1.73,   -5659, -1.15
 488,-25.00,    2652,  0.27,    8520,  1.73,   -5868, -1.19
 489,-24.00,    2313,  0.24,    8258,  1.68,   -5945, -1.21
 490,-23.00,    2380,  0.24,    8289,  1.69,   -5909, -1.20
 491,-22.00,    2532,  0.26,    8173,  1.66,   -5641, -1.15
 492,-21.00,    3096,  0.31,    8331,  1.69,   -5235, -1.07
 493,-20.00,    3454,  0.35,    8322,  1.69,   -4868, -0.99
 494,-19.00,    3718,  0.38,    8159,  1.66,   -4441, -0.90
 495,-18.00,    4082,  0.42,    8094,  1.65,   -4012, -0.82
 496,-17.00,    4223,  0.43,    7799,  1.59,   -3576, -0.73
 497,-16.00,    4847,  0.49,    7636,  1.55,   -2789, -0.57
 498,-15.00,    4724,  0.48,    6832,  1.39,   -2108, -0.43
 499,-14.00,    3990,  0.41,    6137,  1.25,   -2147, -0.44
 500,-13.00,    3041,  0.31,    5268,  1.07,   -2227, -0.45
 501,-12.00,    2059,  0.21,    4460,  0.91,   -2401, -0.49
 502,-11.00,    1100,  0.11,    3475,  0.71,   -2375, -0.48
 503,-10.00,     379,  0.04,    2624,  0.53,   -2245, -0.46
 504,-9.00,     214,  0.02,    2398,  0.49,   -2184, -0.44
 505,-8.00,     534,  0.05,    2663,  0.54,   -2129, -0.43
 506,-7.00,    1318,  0.13,    3254,  0.66,   -1936, -0.39
 507,-6.00,    1546,  0.16,    3324,  0.68,   -1778, -0.36
 508,-5.00,    1872,  0.19,    3616,  0.74,   -1744, -0.35
 509,-4.00,    2234,  0.23,    3995,  0.81,   -1761, -0.36
 510,-3.00,    2118,  0.22,    3947,  0.80,   -1829, -0.37
 511,-2.00,    2210,  0.22,    3927,  0.80,   -1717, -0.35
 512,-1.00,    2632,  0.27,    4155,  0.85,   -1523, -0.31
 513,0.00,    2840,  0.29,    4249,  0.86,   -1409, -0.29
 514,1.00,    2793,  0.28,    3972,  0.81,   -1179, -0.24
 515,2.00,    2558,  0.26,    3619,  0.74,   -1061, -0.22
 516,3.00,    2195,  0.22,    3138,  0.64,    -943, -0.19
 517,4.00,    1679,  0.17,    2593,  0.53,    -914, -0.19
 518,5.00,    1073,  0.11,    1816,  0.37,    -743, -0.15
 519,6.00,     196,  0.02,     928,  0.19,    -732, -0.15
 520,7.00,    -753, -0.08,      58,  0.01,    -811, -0.17
 521,8.00,   -1974, -0.20,    -944, -0.19,   -1030, -0.21
 522,9.00,   -3027, -0.31,   -1656, -0.34,   -1371, -0.28
 523,10.00,   -4068, -0.41,   -2416, -0.49,   -1652, -0.34
 524,11.00,   -5168, -0.53,   -3065, -0.62,   -2103, -0.43
 525,12.00,   -6494, -0.66,   -3945, -0.80,   -2549, -0.52
 526,13.00,   -7785, -0.79,   -4803, -0.98,   -2982, -0.61
 527,14.00,   -9084, -0.92,   -5669, -1.15,   -3415, -0.69
 528,15.00,  -10259, -1.04,   -6469, -1.32,   -3790, -0.77
 529,16.00,  -10837, -1.10,   -6986, -1.42,   -3851, -0.78
 530,17.00,  -11368, -1.16,   -7752, -1.58,   -3616, -0.74
 531,18.00,  -11959, -1.22,   -8704, -1.77,   -3255, -0.66
 532,19.00,  -12390, -1.26,   -9368, -1.91,   -3022, -0.61
 533,20.00,  -12928, -1.32,  -10095, -2.05,   -2833, -0.58
 534,21.00,  -13826, -1.41,  -10886, -2.21,   -2940, -0.60
 535,22.00,  -14841, -1.51,  -11456, -2.33,   -3385, -0.69
 536,23.00,  -15371, -1.56,  -11500, -2.34,   -3871, -0.79
 537,24.00,  -15970, -1.62,  -11623, -2.36,   -4347, -0.88
 538,25.00,  -16539, -1.68,  -11752, -2.39,   -4787, -0.97
 539,26.00,  -16998, -1.73,  -11851, -2.41,   -5147, -1.05
 540,27.00,  -17199, -1.75,  -11702, -2.38,   -5497, -1.12
 541,28.00,  -17357, -1.77,  -11745, -2.39,   -5612, -1.14
 542,29.00,  -17729, -1.80,  -12051, -2.45,   -5678, -1.16
 543,30.00,  -17577, -1.79,  -11955, -2.43,   -5622, -1.14
 544,31.00,  -17574, -1.79,  -12280, -2.50,   -5294, -1.08
 545,32.00,  -18088, -1.84,  -12870, -2.62,   -5218, -1.06
 546,33.00,  -18358, -1.87,  -13371, -2.72,   -4987, -1.01
 547,34.00,  -18449, -1.88,  -13899, -2.83,   -4550, -0.93
 548,35.00,  -18750, -1.91,  -14541, -2.96,   -4209, -0.86
 549,36.00,  -19122, -1.95,  -15335, -3.12,   -3787, -0.77
 550,37.00,  -19200, -1.95,  -15893, -3.23,   -3307, -0.67
 551,38.00,  -18854, -1.92,  -16359, -3.33,   -2495, -0.51
 552,39.00,  -18299, -1.86,  -16644, -3.39,   -1655, -0.34
 553,40.00,  -17899, -1.82,  -17185, -3.50,    -714, -0.15
 554,41.00,  -17492, -1.78,  -17384, -3.54,    -108, -0.02
 555,42.00,  -16838, -1.71,  -17327, -3.53,     489,  0.10
 556,43.00,  -15965, -1.62,  -17001, -3.46,    1036,  0.21
 557,44.00,  -15284, -1.55,  -16820, -3.42,    1536,  0.31
 558,45.00,  -14401, -1.46,  -16288, -3.31,    1887,  0.38
 559,46.00,  -13378, -1.36,  -15454, -3.14,    2076,  0.42
 560,47.00,  -12961, -1.32,  -14792, -3.01,    1831,  0.37
 561,48.00,  -12947, -1.32,  -14447, -2.94,    1500,  0.31
 562,49.00,  -12848, -1.31,  -14202, -2.89,    1354,  0.28
 563,50.00,  -12651, -1.29,  -13865, -2.82,    1214,  0.25
 564,51.00,  -12668, -1.29,  -13661, -2.78,     993,  0.20
 565,52.00,  -13248, -1.35,  -13685, -2.78,     437,  0.09
 566,53.00,  -13876, -1.41,  -13753, -2.80,    -123, -0.03
 567,54.00,  -14786, -1.50,  -14090, -2.87,    -696, -0.14
 568,55.00,  -15631, -1.59,  -14357, -2.92,   -1274, -0.26
 569,56.00,  -16402, -1.67,  -14459, -2.94,   -1943, -0.40
 570,57.00,  -17332, -1.76,  -14384, -2.93,   -2948, -0.60
 571,58.00,  -18273, -1.86,  -14302, -2.91,   -3971, -0.81
 572,59.00,  -18743, -1.91,  -13824, -2.81,   -4919, -1.00
 573,60.00,  -19067, -1.94,  -12982, -2.64,   -6085, -1.24
 574,61.00,  -18907, -1.92,  -12091, -2.46,   -6816, -1.39
 575,62.00,  -18630, -1.90,  -11251, -2.29,   -7379, -1.50
 576,63.00,  -18594, -1.89,  -10706, -2.18,   -7888, -1.60
 577,64.00,  -18464, -1.88,  -10059, -2.05,   -8405, -1.71
 578,65.00,  -18806, -1.91,   -9580, -1.95,   -9226, -1.88
 579,66.00,  -19181, -1.95,   -9217, -1.88,   -9964, -2.03
 580,67.00,  -19664, -2.00,   -9096, -1.85,  -10568, -2.15
 581,68.00,  -20142, -2.05,   -9173, -1.87,  -10969, -2.23
 582,69.00,  -21113, -2.15,   -9432, -1.92,  -11681, -2.38
 583,70.00,  -22977, -2.34,  -10412, -2.12,  -12565, -2.56
 584,71.00,  -24978, -2.54,  -11501, -2.34,  -13477, -2.74
 585,72.00,  -27365, -2.78,  -12945, -2.63,  -14420, -2.93
 586,73.00,  -29333, -2.98,  -14055, -2.86,  -15278, -3.11
 587,74.00,  -31279, -3.18,  -14952, -3.04,  -16327, -3.32
 588,75.00,  -32840, -3.34,  -15518, -3.16,  -17322, -3.52
 589,76.00,  -33851, -3.44,  -15728, -3.20,  -18123, -3.69
 590,77.00,  -34821, -3.54,  -15987, -3.25,  -18834, -3.83
 591,78.00,  -35113, -3.57,  -15809, -3.22,  -19304, -3.93
 592,79.00,  -35488, -3.61,  -15400, -3.13,  -20088, -4.09
 593,80.00,  -35546, -3.62,  -14752, -3.00,  -20794, -4.23
 594,81.00,  -35486, -3.61,  -14286, -2.91,  -21200, -4.31
 595,82.00,  -35654, -3.63,  -14258, -2.90,  -21396, -4.35
 596,83.00,  -35567, -3.62,  -14008, -2.85,  -21559, -4.39
 597,84.00,  -35533, -3.61,  -13775, -2.80,  -21758, -4.43
 598,85.00,  -35281, -3.59,  -13407, -2.73,  -21874, -4.45
 599,86.00,  -35364, -3.60,  -13235, -2.69,  -22129, -4.50
 600,87.00,  -35828, -3.64,  -13055, -2.66,  -22773, -4.63
 601,88.00,  -36457, -3.71,  -13032, -2.65,  -23425, -4.77
 602,89.00,  -37121, -3.78,  -13088, -2.66,  -24033, -4.89
 603,90.00,  -37578, -3.82,  -12785, -2.60,  -24793, -5.04
 604,91.00,  -37819, -3.85,  -12497, -2.54,  -25322, -5.15
 605,92.00,  -38218, -3.89,  -12113, -2.46,  -26105, -5.31
 606,93.00,  -38750, -3.94,  -11848, -2.41,  -26902, -5.47
 607,94.00,  -39556, -4.02,  -11916, -2.42,  -27640, -5.62
 608,95.00,  -39752, -4.04,  -11501, -2.34,  -28251, -5.75
 609,96.00,  -39658, -4.03,  -11111, -2.26,  -28547, -5.81
 610,97.00,  -39775, -4.05,  -10775, -2.19,  -29000, -5.90
 611,98.00,  -39584, -4.03,  -10395, -2.11,  -29189, -5.94
 612,99.00,  -39172, -3.98,  -10061, -2.05,  -29111, -5.92
 613,100.00,  -38275, -3.89,   -9602, -1.95,  -28673, -5.83
 614,101.00,  -37660, -3.83,   -9349, -1.90,  -28311, -5.76
 615,102.00,  -37365, -3.80,   -9246, -1.88,  -28119, -5.72
 616,103.00,  -37067, -3.77,   -9131, -1.86,  -27936, -5.68
 617,104.00,  -37122, -3.78,   -9092, -1.85,  -28030, -5.70
 618,105.00,  -37348, -3.80,   -9305, -1.89,  -28043, -5.71
 619,106.00,  -37271, -3.79,   -9133, -1.86,  -28138, -5.72
 620,107.00,  -37170, -3.78,   -8916, -1.81,  -28254, -5.75
 621,108.00,  -36805, -3.74,   -8717, -1.77,  -28088, -5.71
 622,109.00,  -36599, -3.72,   -8609, -1.75,  -27990, -5.69
 623,110.00,  -35566, -3.62,   -8109, -1.65,  -27457, -5.59
 624,111.00,  -34568, -3.52,   -7347, -1.49,  -27221, -5.54
 625,112.00,  -33217, -3.38,   -6498, -1.32,  -26719, -5.44
 626,113.00,  -31617, -3.22,   -5350, -1.09,  -26267, -5.34
 627,114.00,  -30169, -3.07,   -4255, -0.87,  -25914, -5.27
 628,115.00,  -29205, -2.97,   -3791, -0.77,  -25414, -5.17
 629,116.00,  -28123, -2.86,   -2964, -0.60,  -25159, -5.12
 630,117.00,  -26956, -2.74,   -2304, -0.47,  -24652, -5.02
 631,118.00,  -26303, -2.68,   -2069, -0.42,  -24234, -4.93
 632,119.00,  -25774, -2.62,   -1781, -0.36,  -23993, -4.88
 633,120.00,  -25080, -2.55,   -1550, -0.32,  -23530, -4.79
 634,121.00,  -24256, -2.47,   -1345, -0.27,  -22911, -4.66
 635,122.00,  -23510, -2.39,   -1552, -0.32,  -21958, -4.47
 636,123.00,  -23080, -2.35,   -1756, -0.36,  -21324, -4.34
 637,124.00,  -22172, -2.26,   -1797, -0.37,  -20375, -4.15
 638,125.00,  -21163, -2.15,   -1790, -0.36,  -19373, -3.94
 639,126.00,  -19920, -2.03,   -1703, -0.35,  -18217, -3.71
 640,127.00,  -17933, -1.82,    -913, -0.19,  -17020, -3.46
 641,128.00,  -16652, -1.69,    -428, -0.09,  -16224, -3.30
 642,129.00,  -15501, -1.58,    -227, -0.05,  -15274, -3.11
 643,130.00,  -14676, -1.49,    -102, -0.02,  -14574, -2.97
 644,131.00,  -14003, -1.42,    -284, -0.06,  -13719, -2.79
 645,132.00,  -13468, -1.37,    -668, -0.14,  -12800, -2.60
 646,133.00,  -13494, -1.37,   -1604, -0.33,  -11890, -2.42
 647,134.00,  -13141, -1.34,   -2338, -0.48,  -10803, -2.20
 648,135.00,  -13220, -1.34,   -3458, -0.70,   -9762, -1.99
 649,136.00,  -13339, -1.36,   -4591, -0.93,   -8748, -1.78
 650,137.00,  -13855, -1.41,   -5920, -1.20,   -7935, -1.61
 651,138.00,  -14353, -1.46,   -7183, -1.46,   -7170, -1.46
 652,139.00,  -14571, -1.48,   -8094, -1.65,   -6477, -1.32
 653,140.00,  -14916, -1.52,   -8745, -1.78,   -6171, -1.26
 654,141.00,  -14881, -1.51,   -9201, -1.87,   -5680, -1.16
 655,142.00,  -14384, -1.46,   -9298, -1.89,   -5086, -1.03
 656,143.00,  -13482, -1.37,   -9221, -1.88,   -4261, -0.87
 657,144.00,  -12375, -1.26,   -8944, -1.82,   -3431, -0.70
 658,145.00,  -11125, -1.13,   -8814, -1.79,   -2311, -0.47
 659,146.00,  -10000, -1.02,   -8718, -1.77,   -1282, -0.26
 660,147.00,   -8684, -0.88,   -8406, -1.71,    -278, -0.06
 661,148.00,   -6982, -0.71,   -8032, -1.63,    1050,  0.21
 662,149.00,   -5015, -0.51,   -7226, -1.47,    2211,  0.45
 663,150.00,   -2920, -0.30,   -6437, -1.31,    3517,  0.72
 664,151.00,   -1143, -0.12,   -5880, -1.20,    4737,  0.96
 665,152.00,     444,  0.05,   -5499, -1.12,    5943,  1.21
 666,153.00,    1581,  0.16,   -5096, -1.04,    6677,  1.36
 667,154.00,    2303,  0.23,   -4722, -0.96,    7025,  1.43
 668,155.00,    2958,  0.30,   -4210, -0.86,    7168,  1.46
 669,156.00,    3368,  0.34,   -3797, -0.77,    7165,  1.46
 670,157.00,    4316,  0.44,   -2936, -0.60,    7252,  1.48
 671,158.00,    5131,  0.52,   -2000, -0.41,    7131,  1.45
 672,159.00,    6274,  0.64,    -847, -0.17,    7121,  1.45
 673,160.00,    7512,  0.76,     618,  0.13,    6894,  1.40
 674,161.00,    9185,  0.93,    2283,  0.46,    6902,  1.40
 675,162.00,   10897,  1.11,    4124,  0.84,    6773,  1.38
 676,163.00,   12542,  1.28,    6172,  1.26,    6370,  1.30
 677,164.00,   14397,  1.46,    8295,  1.69,    6102,  1.24
 678,165.00,   16044,  1.63,   10277,  2.09,    5767,  1.17
 679,166.00,   17172,  1.75,   11761,  2.39,    5411,  1.10
 680,167.00,   18266,  1.86,   13207,  2.69,    5059,  1.03
 681,168.00,   19008,  1.93,   14176,  2.88,    4832,  0.98
 682,169.00,   19723,  2.01,   14963,  3.04,    4760,  0.97
 683,170.00,   20154,  2.05,   15379,  3.13,    4775,  0.97
 684,171.00,   20251,  2.06,   15676,  3.19,    4575,  0.93
 685,172.00,   20063,  2.04,   15679,  3.19,    4384,  0.89
 686,173.00,   20516,  2.09,   16131,  3.28,    4385,  0.89
 687,174.00,   20383,  2.07,   16015,  3.26,    4368,  0.89
 688,175.00,   20492,  2.08,   16112,  3.28,    4380,  0.89
 689,176.00,   20359,  2.07,   16121,  3.28,    4238,  0.86
 690,177.00,   20975,  2.13,   16456,  3.35,    4519,  0.92
 691,178.00,   22182,  2.26,   17190,  3.50,    4992,  1.02
 692,179.00,   22877,  2.33,   17520,  3.56,    5357,  1.09
 693,180.00,   23666,  2.41,   17975,  3.66,    5691,  1.16
 694,181.00,   24458,  2.49,   18543,  3.77,    5915,  1.20
 695,182.00,   25351,  2.58,   19014,  3.87,    6337,  1.29
 696,183.00,   26194,  2.66,   19566,  3.98,    6628,  1.35
 697,184.00,   27101,  2.76,   20084,  4.09,    7017,  1.43
 698,185.00,   27737,  2.82,   20430,  4.16,    7307,  1.49
 699,186.00,   28392,  2.89,   20851,  4.24,    7541,  1.53
 700,187.00,   28377,  2.89,   20641,  4.20,    7736,  1.57
 701,188.00,   28008,  2.85,   20284,  4.13,    7724,  1.57
 702,189.00,   27099,  2.76,   19541,  3.98,    7558,  1.54
 703,190.00,   25963,  2.64,   18929,  3.85,    7034,  1.43
 704,191.00,   24645,  2.51,   18103,  3.68,    6542,  1.33
 705,192.00,   23496,  2.39,   17421,  3.54,    6075,  1.24
 706,193.00,   22449,  2.28,   16761,  3.41,    5688,  1.16
 707,194.00,   21492,  2.19,   16034,  3.26,    5458,  1.11
 708,195.00,   20942,  2.13,   15634,  3.18,    5308,  1.08
 709,196.00,   20779,  2.11,   15059,  3.06,    5720,  1.16
 710,197.00,   20568,  2.09,   14515,  2.95,    6053,  1.23
 711,198.00,   20651,  2.10,   14150,  2.88,    6501,  1.32
 712,199.00,   20760,  2.11,   13711,  2.79,    7049,  1.43
 713,200.00,   20641,  2.10,   13372,  2.72,    7269,  1.48
 714,201.00,   20130,  2.05,   12454,  2.53,    7676,  1.56
 715,202.00,   19681,  2.00,   11619,  2.36,    8062,  1.64
 716,203.00,   19393,  1.97,   11115,  2.26,    8278,  1.68
 717,204.00,   18943,  1.93,   10549,  2.15,    8394,  1.71
 718,205.00,   18249,  1.86,    9749,  1.98,    8500,  1.73
 719,206.00,   18232,  1.85,    9681,  1.97,    8551,  1.74
 720,207.00,   18159,  1.85,    9761,  1.99,    8398,  1.71
 721,208.00,   17678,  1.80,    9841,  2.00,    7837,  1.59
 722,209.00,   17087,  1.74,   10001,  2.03,    7086,  1.44
 723,210.00,   16717,  1.70,   10436,  2.12,    6281,  1.28
 724,211.00,   16178,  1.65,   10556,  2.15,    5622,  1.14
 725,212.00,   15688,  1.60,   10616,  2.16,    5072,  1.03
 726,213.00,   15517,  1.58,   10915,  2.22,    4602,  0.94
 727,214.00,   15427,  1.57,   11139,  2.27,    4288,  0.87
 728,215.00,   15395,  1.57,   11049,  2.25,    4346,  0.88
 729,216.00,   15170,  1.54,   10804,  2.20,    4366,  0.89
 730,217.00,   14973,  1.52,   10669,  2.17,    4304,  0.88
 731,218.00,   14453,  1.47,   10085,  2.05,    4368,  0.89
 732,219.00,   13455,  1.37,    9255,  1.88,    4200,  0.85
 733,220.00,   12146,  1.24,    8331,  1.69,    3815,  0.78
 734,221.00,   10833,  1.10,    7401,  1.51,    3432,  0.70
 735,222.00,    9819,  1.00,    6486,  1.32,    3333,  0.68
 736,223.00,    9052,  0.92,    5715,  1.16,    3337,  0.68
 737,224.00,    8736,  0.89,    5315,  1.08,    3421,  0.70
 738,225.00,    8210,  0.84,    4704,  0.96,    3506,  0.71
 739,226.00,    8044,  0.82,    4579,  0.93,    3465,  0.70
 740,227.00,    8654,  0.88,    4941,  1.01,    3713,  0.76
 741,228.00,    9250,  0.94,    5367,  1.09,    3883,  0.79
 742,229.00,   10482,  1.07,    6243,  1.27,    4239,  0.86
 743,230.00,   11457,  1.17,    7138,  1.45,    4319,  0.88
 744,231.00,   12284,  1.25,    7974,  1.62,    4310,  0.88
 745,232.00,   13222,  1.35,    8699,  1.77,    4523,  0.92
 746,233.00,   14796,  1.51,    9643,  1.96,    5153,  1.05
 747,234.00,   16541,  1.68,   10474,  2.13,    6067,  1.23
 748,235.00,   18179,  1.85,   11126,  2.26,    7053,  1.43
 749,236.00,   19751,  2.01,   11908,  2.42,    7843,  1.60
 750,237.00,   20972,  2.13,   12505,  2.54,    8467,  1.72
 751,238.00,   21757,  2.21,   13125,  2.67,    8632,  1.76
 752,239.00,   22198,  2.26,   13501,  2.75,    8697,  1.77
 753,240.00,   22644,  2.30,   13898,  2.83,    8746,  1.78
 754,241.00,   23184,  2.36,   14443,  2.94,    8741,  1.78
 755,242.00,   23896,  2.43,   15062,  3.06,    8834,  1.80
 756,243.00,   24966,  2.54,   15985,  3.25,    8981,  1.83
 757,244.00,   26876,  2.73,   17408,  3.54,    9468,  1.93
 758,245.00,   29085,  2.96,   18923,  3.85,   10162,  2.07
 759,246.00,   30745,  3.13,   19987,  4.07,   10758,  2.19
 760,247.00,   32561,  3.31,   21178,  4.31,   11383,  2.32
 761,248.00,   34028,  3.46,   22163,  4.51,   11865,  2.41
 762,249.00,   35748,  3.64,   23361,  4.75,   12387,  2.52
 763,250.00,   37250,  3.79,   24503,  4.99,   12747,  2.59
 764,251.00,   38424,  3.91,   25418,  5.17,   13006,  2.65
 765,252.00,   39263,  3.99,   25958,  5.28,   13305,  2.71
 766,253.00,   40319,  4.10,   26712,  5.43,   13607,  2.77
 767,254.00,   40990,  4.17,   27089,  5.51,   13901,  2.83
 768,255.00,   41846,  4.26,   27547,  5.60,   14299,  2.91
 769,256.00,   42658,  4.34,   27807,  5.66,   14851,  3.02
 770,257.00,   43048,  4.38,   27918,  5.68,   15130,  3.08
 771,258.00,   43173,  4.39,   28023,  5.70,   15150,  3.08
 772,259.00,   43339,  4.41,   28166,  5.73,   15173,  3.09
 773,260.00,   42974,  4.37,   27962,  5.69,   15012,  3.05
 774,261.00,   42273,  4.30,   27702,  5.64,   14571,  2.96
 775,262.00,   42051,  4.28,   27778,  5.65,   14273,  2.90
 776,263.00,   42325,  4.31,   27802,  5.66,   14523,  2.95
 777,264.00,   42448,  4.32,   27594,  5.61,   14854,  3.02
 778,265.00,   42442,  4.32,   27182,  5.53,   15260,  3.10
 779,266.00,   42509,  4.32,   27008,  5.49,   15501,  3.15
 780,267.00,   42154,  4.29,   26727,  5.44,   15427,  3.14
 781,268.00,   41246,  4.20,   26091,  5.31,   15155,  3.08
 782,269.00,   40135,  4.08,   25145,  5.12,   14990,  3.05
 783,270.00,   39072,  3.97,   24271,  4.94,   14801,  3.01
 784,271.00,   38102,  3.88,   23342,  4.75,   14760,  3.00
 785,272.00,   37180,  3.78,   22423,  4.56,   14757,  3.00
 786,273.00,   36417,  3.70,   21820,  4.44,   14597,  2.97
 787,274.00,   35158,  3.58,   21025,  4.28,   14133,  2.88
 788,275.00,   33445,  3.40,   20111,  4.09,   13334,  2.71
 789,276.00,   31736,  3.23,   19221,  3.91,   12515,  2.55
 790,277.00,   30679,  3.12,   18732,  3.81,   11947,  2.43
 791,278.00,   30112,  3.06,   18498,  3.76,   11614,  2.36
 792,279.00,   29824,  3.03,   18309,  3.73,   11515,  2.34
 793,280.00,   29688,  3.02,   18245,  3.71,   11443,  2.33
 794,281.00,   29399,  2.99,   18180,  3.70,   11219,  2.28
 795,282.00,   29243,  2.97,   18252,  3.71,   10991,  2.24
 796,283.00,   29216,  2.97,   18238,  3.71,   10978,  2.23
 797,284.00,   29409,  2.99,   18090,  3.68,   11319,  2.30
 798,285.00,   29226,  2.97,   17550,  3.57,   11676,  2.38
 799,286.00,   28954,  2.95,   16989,  3.46,   11965,  2.43
 800,287.00,   28833,  2.93,   16668,  3.39,   12165,  2.48
 801,288.00,   28602,  2.91,   16020,  3.26,   12582,  2.56
 802,289.00,   28190,  2.87,   15264,  3.11,   12926,  2.63
 803,290.00,   27355,  2.78,   14631,  2.98,   12724,  2.59
 804,291.00,   26744,  2.72,   14367,  2.92,   12377,  2.52
 805,292.00,   26581,  2.70,   14362,  2.92,   12219,  2.49
 806,293.00,   26522,  2.70,   14497,  2.95,   12025,  2.45
 807,294.00,   26882,  2.73,   14908,  3.03,   11974,  2.44
 808,295.00,   26588,  2.70,   14938,  3.04,   11650,  2.37
 809,296.00,   26346,  2.68,   15025,  3.06,   11321,  2.30
 810,297.00,   25639,  2.61,   14735,  3.00,   10904,  2.22
 811,298.00,   24683,  2.51,   14238,  2.90,   10445,  2.13
 812,299.00,   23733,  2.41,   13723,  2.79,   10010,  2.04
 813,300.00,   22809,  2.32,   13136,  2.67,    9673,  1.97
 814,301.00,   21834,  2.22,   12358,  2.51,    9476,  1.93
 815,302.00,   20650,  2.10,   11328,  2.30,    9322,  1.90
 816,303.00,   19325,  1.97,    9988,  2.03,    9337,  1.90
 817,304.00,   17559,  1.79,    8513,  1.73,    9046,  1.84
 818,305.00,   15298,  1.56,    6613,  1.35,    8685,  1.77
 819,306.00,   13201,  1.34,    4943,  1.01,    8258,  1.68
 820,307.00,   11349,  1.15,    3337,  0.68,    8012,  1.63
 821,308.00,    9573,  0.97,    1840,  0.37,    7733,  1.57
 822,309.00,    7323,  0.74,     324,  0.07,    6999,  1.42
 823,310.00,    4976,  0.51,   -1181, -0.24,    6157,  1.25
 824,311.00,    2769,  0.28,   -2535, -0.52,    5304,  1.08
 825,312.00,    1036,  0.11,   -3449, -0.70,    4485,  0.91
 826,313.00,     -37, -0.00,   -3709, -0.75,    3672,  0.75
 827,314.00,   -1557, -0.16,   -4281, -0.87,    2724,  0.55
 828,315.00,   -3237, -0.33,   -5194, -1.06,    1957,  0.40
 829,316.00,   -5131, -0.52,   -6342, -1.29,    1211,  0.25
 830,317.00,   -7239, -0.74,   -7788, -1.58,     549,  0.11
 831,318.00,   -9001, -0.92,   -9056, -1.84,      55,  0.01
 832,319.00,  -11407, -1.16,  -10588, -2.15,    -819, -0.17
 833,320.00,  -13669, -1.39,  -11793, -2.40,   -1876, -0.38
 834,321.00,  -15571, -1.58,  -12957, -2.64,   -2614, -0.53
 835,322.00,  -17806, -1.81,  -14402, -2.93,   -3404, -0.69
 836,323.00,  -19710, -2.01,  -15557, -3.17,   -4153, -0.84
 837,324.00,  -21575, -2.19,  -16682, -3.39,   -4893, -1.00
 838,325.00,  -23415, -2.38,  -17476, -3.56,   -5939, -1.21
 839,326.00,  -25015, -2.54,  -18059, -3.67,   -6956, -1.42
 840,327.00,  -26391, -2.68,  -18437, -3.75,   -7954, -1.62
 841,328.00,  -27421, -2.79,  -18833, -3.83,   -8588, -1.75
 842,329.00,  -27957, -2.84,  -19040, -3.87,   -8917, -1.81
 843,330.00,  -28840, -2.93,  -19394, -3.95,   -9446, -1.92
 844,331.00,  -29576, -3.01,  -19497, -3.97,  -10079, -2.05
 845,332.00,  -30416, -3.09,  -19685, -4.01,  -10731, -2.18
 846,333.00,  -31489, -3.20,  -20169, -4.10,  -11320, -2.30
 847,334.00,  -32298, -3.29,  -20260, -4.12,  -12038, -2.45
 848,335.00,  -33897, -3.45,  -21025, -4.28,  -12872, -2.62
 849,336.00,  -35446, -3.61,  -21653, -4.41,  -13793, -2.81
 850,337.00,  -36737, -3.74,  -21987, -4.47,  -14750, -3.00
 851,338.00,  -37940, -3.86,  -22533, -4.58,  -15407, -3.13
 852,339.00,  -39325, -4.00,  -23329, -4.75,  -15996, -3.25
 853,340.00,  -40541, -4.12,  -23886, -4.86,  -16655, -3.39
 854,341.00,  -41592, -4.23,  -24047, -4.89,  -17545, -3.57
 855,342.00,  -42930, -4.37,  -24453, -4.98,  -18477, -3.76
 856,343.00,  -43918, -4.47,  -24696, -5.02,  -19222, -3.91
 857,344.00,  -44635, -4.54,  -24919, -5.07,  -19716, -4.01
 858,345.00,  -45649, -4.64,  -25181, -5.12,  -20468, -4.16
 859,346.00,  -46365, -4.72,  -25394, -5.17,  -20971, -4.27
 860,347.00,  -46942, -4.78,  -25330, -5.15,  -21612, -4.40
 861,348.00,  -47197, -4.80,  -25261, -5.14,  -21936, -4.46
 862,349.00,  -47684, -4.85,  -25620, -5.21,  -22064, -4.49
 863,350.00,  -48174, -4.90,  -25646, -5.22,  -22528, -4.58
 864,351.00,  -48893, -4.97,  -26077, -5.31,  -22816, -4.64
 865,352.00,  -49581, -5.04,  -26621, -5.42,  -22960, -4.67
 866,353.00,  -50574, -5.14,  -27181, -5.53,  -23393, -4.76
 867,354.00,  -51642, -5.25,  -27698, -5.64,  -23944, -4.87
 868,355.00,  -52555, -5.35,  -28304, -5.76,  -24251, -4.93
 869,356.00,  -53682, -5.46,  -28914, -5.88,  -24768, -5.04
 870,357.00,  -54631, -5.56,  -29397, -5.98,  -25234, -5.13
 871,358.00,  -55810, -5.68,  -30043, -6.11,  -25767, -5.24
 872,359.00,  -57118, -5.81,  -30784, -6.26,  -26334, -5.36
 873,360.00,  -57635, -5.86,  -31015, -6.31,  -26620, -5.42
 874,361.00,  -57839, -5.88,  -31163, -6.34,  -26676, -5.43
 875,362.00,  -57833, -5.88,  -31238, -6.36,  -26595, -5.41
 876,363.00,  -57805, -5.88,  -31346, -6.38,  -26459, -5.38
 877,364.00,  -57811, -5.88,  -31591, -6.43,  -26220, -5.33
 878,365.00,  -58036, -5.90,  -32049, -6.52,  -25987, -5.29
 879,366.00,  -58158, -5.92,  -32637, -6.64,  -25521, -5.19
 880,367.00,  -58356, -5.94,  -33072, -6.73,  -25284, -5.14
 881,368.00,  -58529, -5.95,  -33504, -6.82,  -25025, -5.09
 882,369.00,  -58897, -5.99,  -33938, -6.90,  -24959, -5.08
 883,370.00,  -58693, -5.97,  -33884, -6.89,  -24809, -5.05
 884,371.00,  -58475, -5.95,  -33813, -6.88,  -24662, -5.02
 885,372.00,  -57756, -5.88,  -33306, -6.78,  -24450, -4.97
 886,373.00,  -57151, -5.81,  -32871, -6.69,  -24280, -4.94
 887,374.00,  -56583, -5.76,  -32454, -6.60,  -24129, -4.91
 888,375.00,  -55601, -5.66,  -31887, -6.49,  -23714, -4.82
 889,376.00,  -54961, -5.59,  -31438, -6.40,  -23523, -4.79
 890,377.00,  -54592, -5.55,  -30956, -6.30,  -23636, -4.81
 891,378.00,  -54476, -5.54,  -30537, -6.21,  -23939, -4.87
 892,379.00,  -54069, -5.50,  -29746, -6.05,  -24323, -4.95
 893,380.00,  -53334, -5.43,  -28787, -5.86,  -24547, -4.99
 894,381.00,  -52144, -5.30,  -27530, -5.60,  -24614, -5.01
 895,382.00,  -50807, -5.17,  -26293, -5.35,  -24514, -4.99
 896,383.00,  -49821, -5.07,  -25358, -5.16,  -24463, -4.98
 897,384.00,  -48750, -4.96,  -24480, -4.98,  -24270, -4.94
 898,385.00,  -48013, -4.88,  -23903, -4.86,  -24110, -4.91
 899,386.00,  -47326, -4.81,  -23423, -4.77,  -23903, -4.86
 900,387.00,  -46943, -4.78,  -22883, -4.66,  -24060, -4.90
 901,388.00,  -46698, -4.75,  -22718, -4.62,  -23980, -4.88
 902,389.00,  -46436, -4.72,  -22671, -4.61,  -23765, -4.84
 903,390.00,  -46220, -4.70,  -22419, -4.56,  -23801, -4.84
 904,391.00,  -45538, -4.63,  -21720, -4.42,  -23818, -4.85
 905,392.00,  -44888, -4.57,  -20991, -4.27,  -23897, -4.86
 906,393.00,  -44209, -4.50,  -20166, -4.10,  -24043, -4.89
 907,394.00,  -43283, -4.40,  -18948, -3.86,  -24335, -4.95
 908,395.00,  -42488, -4.32,  -18015, -3.67,  -24473, -4.98
 909,396.00,  -41036, -4.17,  -16884, -3.44,  -24152, -4.91
 910,397.00,  -39519, -4.02,  -15811, -3.22,  -23708, -4.82
 911,398.00,  -38030, -3.87,  -14941, -3.04,  -23089, -4.70
 912,399.00,  -36581, -3.72,  -14162, -2.88,  -22419, -4.56
 913,400.00,  -35301, -3.59,  -13530, -2.75,  -21771, -4.43
 914,401.00,  -33881, -3.45,  -12857, -2.62,  -21024, -4.28
 915,402.00,  -32584, -3.31,  -12261, -2.49,  -20323, -4.13
 916,403.00,  -31791, -3.23,  -11805, -2.40,  -19986, -4.07
 917,404.00,  -31405, -3.19,  -11797, -2.40,  -19608, -3.99
 918,405.00,  -30957, -3.15,  -12043, -2.45,  -18914, -3.85
 919,406.00,  -30811, -3.13,  -12451, -2.53,  -18360, -3.74
 920,407.00,  -30111, -3.06,  -12578, -2.56,  -17533, -3.57
 921,408.00,  -29056, -2.96,  -12336, -2.51,  -16720, -3.40
 922,409.00,  -27575, -2.81,  -11622, -2.36,  -15953, -3.25
 923,410.00,  -25530, -2.60,  -10475, -2.13,  -15055, -3.06
 924,411.00,  -23378, -2.38,   -9251, -1.88,  -14127, -2.87
 925,412.00,  -21223, -2.16,   -8026, -1.63,  -13197, -2.69
 926,413.00,  -19013, -1.93,   -6507, -1.32,  -12506, -2.54
 927,414.00,  -16551, -1.68,   -4967, -1.01,  -11584, -2.36
 928,415.00,  -14227, -1.45,   -3672, -0.75,  -10555, -2.15
 929,416.00,  -12288, -1.25,   -2790, -0.57,   -9498, -1.93
 930,417.00,  -10329, -1.05,   -2086, -0.42,   -8243, -1.68
 931,418.00,   -8347, -0.85,   -1403, -0.29,   -6944, -1.41
 932,419.00,   -6435, -0.65,    -654, -0.13,   -5781, -1.18
 933,420.00,   -4757, -0.48,     -81, -0.02,   -4676, -0.95
 934,421.00,   -3165, -0.32,     368,  0.07,   -3533, -0.72
 935,422.00,   -1740, -0.18,     895,  0.18,   -2635, -0.54
 936,423.00,    -617, -0.06,    1191,  0.24,   -1808, -0.37
 937,424.00,     185,  0.02,    1417,  0.29,   -1232, -0.25
 938,425.00,     721,  0.07,    1781,  0.36,   -1060, -0.22
 939,426.00,    1311,  0.13,    2177,  0.44,    -866, -0.18
 940,427.00,    2365,  0.24,    2743,  0.56,    -378, -0.08
 941,428.00,    3624,  0.37,    3356,  0.68,     268,  0.05
 942,429.00,    4709,  0.48,    3760,  0.76,     949,  0.19
 943,430.00,    6388,  0.65,    4345,  0.88,    2043,  0.42
 944,431.00,    8208,  0.83,    4831,  0.98,    3377,  0.69
 945,432.00,    9728,  0.99,    5374,  1.09,    4354,  0.89
 946,433.00,   10847,  1.10,    5857,  1.19,    4990,  1.02
 947,434.00,   11930,  1.21,    6294,  1.28,    5636,  1.15
 948,435.00,   12755,  1.30,    6435,  1.31,    6320,  1.29
 949,436.00,   13343,  1.36,    6298,  1.28,    7045,  1.43
 950,437.00,   14082,  1.43,    6038,  1.23,    8044,  1.64
 951,438.00,   14704,  1.50,    5715,  1.16,    8989,  1.83
 952,439.00,   15329,  1.56,    5485,  1.12,    9844,  2.00
 953,440.00,   16091,  1.64,    5490,  1.12,   10601,  2.16
 954,441.00,   17322,  1.76,    5689,  1.16,   11633,  2.37
 955,442.00,   18961,  1.93,    6227,  1.27,   12734,  2.59
 956,443.00,   20517,  2.09,    6763,  1.38,   13754,  2.80
 957,444.00,   22534,  2.29,    7615,  1.55,   14919,  3.04
 958,445.00,   24945,  2.54,    8856,  1.80,   16089,  3.27
 959,446.00,   27903,  2.84,   10367,  2.11,   17536,  3.57
 960,447.00,   30456,  3.10,   11736,  2.39,   18720,  3.81
 961,448.00,   32513,  3.31,   12770,  2.60,   19743,  4.02
 962,449.00,   34673,  3.53,   13894,  2.83,   20779,  4.23
 963,450.00,   36642,  3.73,   14783,  3.01,   21859,  4.45
 964,451.00,   38421,  3.91,   15287,  3.11,   23134,  4.71
 965,452.00,   39876,  4.06,   15488,  3.15,   24388,  4.96
 966,453.00,   40785,  4.15,   15515,  3.16,   25270,  5.14
 967,454.00,   41273,  4.20,   15375,  3.13,   25898,  5.27
 968,455.00,   41448,  4.22,   14927,  3.04,   26521,  5.40
 969,456.00,   42207,  4.29,   14874,  3.03,   27333,  5.56
 970,457.00,   43154,  4.39,   15069,  3.07,   28085,  5.71
 971,458.00,   44266,  4.50,   15192,  3.09,   29074,  5.92
 972,459.00,   45667,  4.65,   15344,  3.12,   30323,  6.17
 973,460.00,   46783,  4.76,   15512,  3.16,   31271,  6.36
 974,461.00,   48304,  4.91,   15862,  3.23,   32442,  6.60
 975,462.00,   49887,  5.07,   16342,  3.32,   33545,  6.82
 976,463.00,   51515,  5.24,   16828,  3.42,   34687,  7.06
 977,464.00,   53061,  5.40,   17155,  3.49,   35906,  7.31
 978,465.00,   54597,  5.55,   17587,  3.58,   37010,  7.53
 979,466.00,   56041,  5.70,   18038,  3.67,   38003,  7.73
 980,467.00,   57374,  5.84,   18194,  3.70,   39180,  7.97
 981,468.00,   58460,  5.95,   18284,  3.72,   40176,  8.17
 982,469.00,   59120,  6.01,   18180,  3.70,   40940,  8.33
 983,470.00,   59049,  6.01,   17916,  3.65,   41133,  8.37
 984,471.00,   58599,  5.96,   17743,  3.61,   40856,  8.31
 985,472.00,   58367,  5.94,   17571,  3.57,   40796,  8.30
 986,473.00,   57792,  5.88,   17321,  3.52,   40471,  8.23
 987,474.00,   57166,  5.82,   17124,  3.48,   40042,  8.15
 988,475.00,   56018,  5.70,   16891,  3.44,   39127,  7.96
 989,476.00,   54880,  5.58,   16817,  3.42,   38063,  7.74
 990,477.00,   53930,  5.49,   16812,  3.42,   37118,  7.55
 991,478.00,   52959,  5.39,   16913,  3.44,   36046,  7.33
 992,479.00,   52253,  5.32,   17261,  3.51,   34992,  7.12
 993,480.00,   51554,  5.24,   17705,  3.60,   33849,  6.89
 994,481.00,   50975,  5.19,   18114,  3.69,   32861,  6.69
 995,482.00,   50196,  5.11,   18402,  3.74,   31794,  6.47
 996,483.00,   49449,  5.03,   18597,  3.78,   30852,  6.28
 997,484.00,   48606,  4.94,   18294,  3.72,   30312,  6.17
 998,485.00,   47655,  4.85,   17805,  3.62,   29850,  6.07
 999,486.00,   46628,  4.74,   17166,  3.49,   29462,  5.99
1000,487.00,   45424,  4.62,   16499,  3.36,   28925,  5.88
1001,488.00,   43332,  4.41,   15422,  3.14,   27910,  5.68
1002,489.00,   40785,  4.15,   14172,  2.88,   26613,  5.41
1003,490.00,   39003,  3.97,   13343,  2.71,   25660,  5.22
1004,491.00,   37341,  3.80,   12474,  2.54,   24867,  5.06
1005,492.00,   35757,  3.64,   11771,  2.39,   23986,  4.88
1006,493.00,   33982,  3.46,   11139,  2.27,   22843,  4.65
1007,494.00,   32310,  3.29,   10693,  2.18,   21617,  4.40
1008,495.00,   30881,  3.14,   10328,  2.10,   20553,  4.18
1009,496.00,   29333,  2.98,    9874,  2.01,   19459,  3.96
1010,497.00,   28097,  2.86,    9418,  1.92,   18679,  3.80
1011,498.00,   26769,  2.72,    8894,  1.81,   17875,  3.64
1012,499.00,   25517,  2.60,    8433,  1.72,   17084,  3.48
1013,500.00,   24573,  2.50,    8100,  1.65,   16473,  3.35
1014,501.00,   23690,  2.41,    7745,  1.58,   15945,  3.24
1015,502.00,   22716,  2.31,    7289,  1.48,   15427,  3.14
1016,503.00,   21482,  2.19,    6695,  1.36,   14787,  3.01
1017,504.00,   20285,  2.06,    5879,  1.20,   14406,  2.93
1018,505.00,   18677,  1.90,    5012,  1.02,   13665,  2.78
1019,506.00,   16932,  1.72,    4222,  0.86,   12710,  2.59
1020,507.00,   15614,  1.59,    3519,  0.72,   12095,  2.46
1021,508.00,   14352,  1.46,    2961,  0.60,   11391,  2.32
1022,509.00,   13242,  1.35,    2726,  0.55,   10516,  2.14
1023,510.00,   12239,  1.25,    2585,  0.53,    9654,  1.96
1024,511.00,   11652,  1.19,    2432,  0.49,    9220,  1.88
