-----------------------------------------------------------------------------------
Identifier:,IHS5922-20188301
File Name:,MDRP70A.1
Ear:,R
Channel:,1
Intensity:,70 dB HL
Stim. Rate:,  1.10/s
Stim. Mode:,0
Sweeps:,196
Artifacts:,62
Smp. Period:,1000.00 us
Amp. Gain:, 50.00 K
Low Pass:, 30.00 Hz
High Pass:,  1.00 Hz
Notch Filter:,TRUE
Stimulus:,100
Stim. Freq.:,1000 Hz
Stim. Dur.:,2000 pnts
Masking:,0 dB SPL
Stim. Point:,513
-----------------------------------------------------------------------------------
Peak Information:,Label,Peak(+),Peak(+)(ms),Peak(-),Peak(-)(ms)
,20, 719,206.00, 772,259.00,
,19, 659,146.00, 719,206.00,
,18, 614,101.00, 659,146.00,
,17, 594,81.00, 614,101.00,
-----------------------------------------------------------------------------------


Data Pnt:,Data Pnt(ms):,Average:,Average(uV):,Buffer1:,Buffer1(uV):,Buffer2:,Buffer2(uV):
   1,-512.00,       0,  0.00,       0,  0.00,       0,  0.00
   2,-511.00,       0,  0.00,       0,  0.00,       0,  0.00
   3,-510.00,       0,  0.00,       0,  0.00,       0,  0.00
   4,-509.00,       0,  0.00,       0,  0.00,       0,  0.00
   5,-508.00,       0,  0.00,       0,  0.00,       0,  0.00
   6,-507.00,       0,  0.00,       0,  0.00,       0,  0.00
   7,-506.00,       0,  0.00,       0,  0.00,       0,  0.00
   8,-505.00,       0,  0.00,       0,  0.00,       0,  0.00
   9,-504.00,       0,  0.00,       0,  0.00,       0,  0.00
  10,-503.00,       0,  0.00,       0,  0.00,       0,  0.00
  11,-502.00,       0,  0.00,       0,  0.00,       0,  0.00
  12,-501.00,       0,  0.00,       0,  0.00,       0,  0.00
  13,-500.00,       0,  0.00,       0,  0.00,       0,  0.00
  14,-499.00,       0,  0.00,       0,  0.00,       0,  0.00
  15,-498.00,       0,  0.00,       0,  0.00,       0,  0.00
  16,-497.00,       0,  0.00,       0,  0.00,       0,  0.00
  17,-496.00,       0,  0.00,       0,  0.00,       0,  0.00
  18,-495.00,       0,  0.00,       0,  0.00,       0,  0.00
  19,-494.00,       0,  0.00,       0,  0.00,       0,  0.00
  20,-493.00,       0,  0.00,       0,  0.00,       0,  0.00
  21,-492.00,       0,  0.00,       0,  0.00,       0,  0.00
  22,-491.00,       0,  0.00,       0,  0.00,       0,  0.00
  23,-490.00,       0,  0.00,       0,  0.00,       0,  0.00
  24,-489.00,       0,  0.00,       0,  0.00,       0,  0.00
  25,-488.00,       0,  0.00,       0,  0.00,       0,  0.00
  26,-487.00,       0,  0.00,       0,  0.00,       0,  0.00
  27,-486.00,       0,  0.00,       0,  0.00,       0,  0.00
  28,-485.00,       0,  0.00,       0,  0.00,       0,  0.00
  29,-484.00,       0,  0.00,       0,  0.00,       0,  0.00
  30,-483.00,       0,  0.00,       0,  0.00,       0,  0.00
  31,-482.00,       0,  0.00,       0,  0.00,       0,  0.00
  32,-481.00,       0,  0.00,       0,  0.00,       0,  0.00
  33,-480.00,       0,  0.00,       0,  0.00,       0,  0.00
  34,-479.00,       0,  0.00,       0,  0.00,       0,  0.00
  35,-478.00,       0,  0.00,       0,  0.00,       0,  0.00
  36,-477.00,       0,  0.00,       0,  0.00,       0,  0.00
  37,-476.00,       0,  0.00,       0,  0.00,       0,  0.00
  38,-475.00,       0,  0.00,       0,  0.00,       0,  0.00
  39,-474.00,       0,  0.00,       0,  0.00,       0,  0.00
  40,-473.00,       0,  0.00,       0,  0.00,       0,  0.00
  41,-472.00,       0,  0.00,       0,  0.00,       0,  0.00
  42,-471.00,       0,  0.00,       0,  0.00,       0,  0.00
  43,-470.00,       0,  0.00,       0,  0.00,       0,  0.00
  44,-469.00,       0,  0.00,       0,  0.00,       0,  0.00
  45,-468.00,       0,  0.00,       0,  0.00,       0,  0.00
  46,-467.00,       0,  0.00,       0,  0.00,       0,  0.00
  47,-466.00,       0,  0.00,       0,  0.00,       0,  0.00
  48,-465.00,       0,  0.00,       0,  0.00,       0,  0.00
  49,-464.00,       0,  0.00,       0,  0.00,       0,  0.00
  50,-463.00,       0,  0.00,       0,  0.00,       0,  0.00
  51,-462.00,       0,  0.00,       0,  0.00,       0,  0.00
  52,-461.00,       0,  0.00,       0,  0.00,       0,  0.00
  53,-460.00,       0,  0.00,       0,  0.00,       0,  0.00
  54,-459.00,       0,  0.00,       0,  0.00,       0,  0.00
  55,-458.00,       0,  0.00,       0,  0.00,       0,  0.00
  56,-457.00,       0,  0.00,       0,  0.00,       0,  0.00
  57,-456.00,       0,  0.00,       0,  0.00,       0,  0.00
  58,-455.00,       0,  0.00,       0,  0.00,       0,  0.00
  59,-454.00,       0,  0.00,       0,  0.00,       0,  0.00
  60,-453.00,       0,  0.00,       0,  0.00,       0,  0.00
  61,-452.00,       0,  0.00,       0,  0.00,       0,  0.00
  62,-451.00,       0,  0.00,       0,  0.00,       0,  0.00
  63,-450.00,       0,  0.00,       0,  0.00,       0,  0.00
  64,-449.00,       0,  0.00,       0,  0.00,       0,  0.00
  65,-448.00,       0,  0.00,       0,  0.00,       0,  0.00
  66,-447.00,       0,  0.00,       0,  0.00,       0,  0.00
  67,-446.00,       0,  0.00,       0,  0.00,       0,  0.00
  68,-445.00,       0,  0.00,       0,  0.00,       0,  0.00
  69,-444.00,       0,  0.00,       0,  0.00,       0,  0.00
  70,-443.00,       0,  0.00,       0,  0.00,       0,  0.00
  71,-442.00,       0,  0.00,       0,  0.00,       0,  0.00
  72,-441.00,       0,  0.00,       0,  0.00,       0,  0.00
  73,-440.00,       0,  0.00,       0,  0.00,       0,  0.00
  74,-439.00,       0,  0.00,       0,  0.00,       0,  0.00
  75,-438.00,       0,  0.00,       0,  0.00,       0,  0.00
  76,-437.00,       0,  0.00,       0,  0.00,       0,  0.00
  77,-436.00,       0,  0.00,       0,  0.00,       0,  0.00
  78,-435.00,       0,  0.00,       0,  0.00,       0,  0.00
  79,-434.00,       0,  0.00,       0,  0.00,       0,  0.00
  80,-433.00,       0,  0.00,       0,  0.00,       0,  0.00
  81,-432.00,       0,  0.00,       0,  0.00,       0,  0.00
  82,-431.00,       0,  0.00,       0,  0.00,       0,  0.00
  83,-430.00,       0,  0.00,       0,  0.00,       0,  0.00
  84,-429.00,       0,  0.00,       0,  0.00,       0,  0.00
  85,-428.00,       0,  0.00,       0,  0.00,       0,  0.00
  86,-427.00,       0,  0.00,       0,  0.00,       0,  0.00
  87,-426.00,       0,  0.00,       0,  0.00,       0,  0.00
  88,-425.00,       0,  0.00,       0,  0.00,       0,  0.00
  89,-424.00,       0,  0.00,       0,  0.00,       0,  0.00
  90,-423.00,       0,  0.00,       0,  0.00,       0,  0.00
  91,-422.00,       0,  0.00,       0,  0.00,       0,  0.00
  92,-421.00,       0,  0.00,       0,  0.00,       0,  0.00
  93,-420.00,       0,  0.00,       0,  0.00,       0,  0.00
  94,-419.00,       0,  0.00,       0,  0.00,       0,  0.00
  95,-418.00,       0,  0.00,       0,  0.00,       0,  0.00
  96,-417.00,       0,  0.00,       0,  0.00,       0,  0.00
  97,-416.00,       0,  0.00,       0,  0.00,       0,  0.00
  98,-415.00,       0,  0.00,       0,  0.00,       0,  0.00
  99,-414.00,       0,  0.00,       0,  0.00,       0,  0.00
 100,-413.00,       0,  0.00,       0,  0.00,       0,  0.00
 101,-412.00,       0,  0.00,       0,  0.00,       0,  0.00
 102,-411.00,       0,  0.00,       0,  0.00,       0,  0.00
 103,-410.00,       0,  0.00,       0,  0.00,       0,  0.00
 104,-409.00,       0,  0.00,       0,  0.00,       0,  0.00
 105,-408.00,       0,  0.00,       0,  0.00,       0,  0.00
 106,-407.00,       0,  0.00,       0,  0.00,       0,  0.00
 107,-406.00,       0,  0.00,       0,  0.00,       0,  0.00
 108,-405.00,       0,  0.00,       0,  0.00,       0,  0.00
 109,-404.00,       0,  0.00,       0,  0.00,       0,  0.00
 110,-403.00,       0,  0.00,       0,  0.00,       0,  0.00
 111,-402.00,       0,  0.00,       0,  0.00,       0,  0.00
 112,-401.00,       0,  0.00,       0,  0.00,       0,  0.00
 113,-400.00,       0,  0.00,       0,  0.00,       0,  0.00
 114,-399.00,       0,  0.00,       0,  0.00,       0,  0.00
 115,-398.00,       0,  0.00,       0,  0.00,       0,  0.00
 116,-397.00,   72487,  2.26,   24584,  1.53,   47903,  2.98
 117,-396.00,   74132,  2.31,   25868,  1.61,   48264,  3.01
 118,-395.00,   74877,  2.33,   25962,  1.62,   48915,  3.05
 119,-394.00,   77010,  2.40,   27299,  1.70,   49711,  3.10
 120,-393.00,   79378,  2.47,   29061,  1.81,   50317,  3.13
 121,-392.00,   80613,  2.51,   29469,  1.84,   51144,  3.19
 122,-391.00,   81356,  2.53,   30077,  1.87,   51279,  3.19
 123,-390.00,   82759,  2.58,   31416,  1.96,   51343,  3.20
 124,-389.00,   84696,  2.64,   32981,  2.05,   51715,  3.22
 125,-388.00,   86325,  2.69,   34829,  2.17,   51496,  3.21
 126,-387.00,   87533,  2.73,   36855,  2.30,   50678,  3.16
 127,-386.00,   89386,  2.78,   39831,  2.48,   49555,  3.09
 128,-385.00,   88965,  2.77,   41349,  2.58,   47616,  2.97
 129,-384.00,   89592,  2.79,   42805,  2.67,   46787,  2.91
 130,-383.00,   90829,  2.83,   44173,  2.75,   46656,  2.91
 131,-382.00,   91117,  2.84,   45529,  2.84,   45588,  2.84
 132,-381.00,   90435,  2.82,   46811,  2.92,   43624,  2.72
 133,-380.00,   91085,  2.84,   48924,  3.05,   42161,  2.63
 134,-379.00,   90201,  2.81,   50530,  3.15,   39671,  2.47
 135,-378.00,   88020,  2.74,   52325,  3.26,   35695,  2.22
 136,-377.00,   86242,  2.69,   54986,  3.42,   31256,  1.95
 137,-376.00,   85332,  2.66,   57865,  3.60,   27467,  1.71
 138,-375.00,   84349,  2.63,   60236,  3.75,   24113,  1.50
 139,-374.00,   82471,  2.57,   60763,  3.78,   21708,  1.35
 140,-373.00,   80947,  2.52,   61255,  3.82,   19692,  1.23
 141,-372.00,   79733,  2.48,   63129,  3.93,   16604,  1.03
 142,-371.00,   78056,  2.43,   64941,  4.04,   13115,  0.82
 143,-370.00,   74600,  2.32,   66388,  4.13,    8212,  0.51
 144,-369.00,   69651,  2.17,   67537,  4.21,    2114,  0.13
 145,-368.00,   65358,  2.04,   68275,  4.25,   -2917, -0.18
 146,-367.00,   62517,  1.95,   68559,  4.27,   -6042, -0.38
 147,-366.00,   59591,  1.86,   68427,  4.26,   -8836, -0.55
 148,-365.00,   53391,  1.66,   66674,  4.15,  -13283, -0.83
 149,-364.00,   46998,  1.46,   64310,  4.01,  -17312, -1.08
 150,-363.00,   40891,  1.27,   62632,  3.90,  -21741, -1.35
 151,-362.00,   35921,  1.12,   60762,  3.78,  -24841, -1.55
 152,-361.00,   32097,  1.00,   58487,  3.64,  -26390, -1.64
 153,-360.00,   28165,  0.88,   56057,  3.49,  -27892, -1.74
 154,-359.00,   23768,  0.74,   54010,  3.36,  -30242, -1.88
 155,-358.00,   20630,  0.64,   52474,  3.27,  -31844, -1.98
 156,-357.00,   18232,  0.57,   50663,  3.16,  -32431, -2.02
 157,-356.00,   14779,  0.46,   48023,  2.99,  -33244, -2.07
 158,-355.00,   10729,  0.33,   44331,  2.76,  -33602, -2.09
 159,-354.00,    7948,  0.25,   41144,  2.56,  -33196, -2.07
 160,-353.00,    6672,  0.21,   38730,  2.41,  -32058, -2.00
 161,-352.00,    4768,  0.15,   35993,  2.24,  -31225, -1.94
 162,-351.00,    2072,  0.06,   32965,  2.05,  -30893, -1.92
 163,-350.00,     215,  0.00,   30671,  1.91,  -30456, -1.90
 164,-349.00,    -949, -0.03,   29347,  1.83,  -30296, -1.89
 165,-348.00,   -2238, -0.07,   27797,  1.73,  -30035, -1.87
 166,-347.00,   -4990, -0.16,   25598,  1.59,  -30588, -1.91
 167,-346.00,   -7766, -0.24,   23933,  1.49,  -31699, -1.97
 168,-345.00,   -9018, -0.28,   22187,  1.38,  -31205, -1.94
 169,-344.00,   -9155, -0.29,   20727,  1.29,  -29882, -1.86
 170,-343.00,   -9076, -0.28,   19951,  1.24,  -29027, -1.81
 171,-342.00,  -10278, -0.32,   18712,  1.17,  -28990, -1.81
 172,-341.00,  -13490, -0.42,   16669,  1.04,  -30159, -1.88
 173,-340.00,  -15297, -0.48,   14688,  0.91,  -29985, -1.87
 174,-339.00,  -17308, -0.54,   11914,  0.74,  -29222, -1.82
 175,-338.00,  -20725, -0.65,    8781,  0.55,  -29506, -1.84
 176,-337.00,  -23360, -0.73,    6833,  0.43,  -30193, -1.88
 177,-336.00,  -27146, -0.85,    5336,  0.33,  -32482, -2.02
 178,-335.00,  -31183, -0.97,    3757,  0.23,  -34940, -2.18
 179,-334.00,  -33989, -1.06,    1157,  0.07,  -35146, -2.19
 180,-333.00,  -36026, -1.12,    -987, -0.06,  -35039, -2.18
 181,-332.00,  -37596, -1.17,   -3195, -0.20,  -34401, -2.14
 182,-331.00,  -40050, -1.25,   -5396, -0.34,  -34654, -2.16
 183,-330.00,  -41382, -1.29,   -6752, -0.42,  -34630, -2.16
 184,-329.00,  -40782, -1.27,   -7659, -0.48,  -33123, -2.06
 185,-328.00,  -38308, -1.19,   -8255, -0.51,  -30053, -1.87
 186,-327.00,  -37685, -1.17,   -8305, -0.52,  -29380, -1.83
 187,-326.00,  -39276, -1.22,   -9250, -0.58,  -30026, -1.87
 188,-325.00,  -40339, -1.26,  -10302, -0.64,  -30037, -1.87
 189,-324.00,  -40959, -1.28,  -10836, -0.67,  -30123, -1.88
 190,-323.00,  -41911, -1.31,  -11992, -0.75,  -29919, -1.86
 191,-322.00,  -42456, -1.32,  -13258, -0.83,  -29198, -1.82
 192,-321.00,  -43946, -1.37,  -15131, -0.94,  -28815, -1.79
 193,-320.00,  -44998, -1.40,  -16717, -1.04,  -28281, -1.76
 194,-319.00,  -44921, -1.40,  -17728, -1.10,  -27193, -1.69
 195,-318.00,  -43162, -1.34,  -18038, -1.12,  -25124, -1.56
 196,-317.00,  -42751, -1.33,  -18910, -1.18,  -23841, -1.48
 197,-316.00,  -42714, -1.33,  -19877, -1.24,  -22837, -1.42
 198,-315.00,  -42739, -1.33,  -20504, -1.28,  -22235, -1.38
 199,-314.00,  -41335, -1.29,  -20870, -1.30,  -20465, -1.27
 200,-313.00,  -38069, -1.19,  -20938, -1.30,  -17131, -1.07
 201,-312.00,  -33919, -1.06,  -20789, -1.29,  -13130, -0.82
 202,-311.00,  -30476, -0.95,  -20304, -1.26,  -10172, -0.63
 203,-310.00,  -28414, -0.88,  -19469, -1.21,   -8945, -0.56
 204,-309.00,  -26430, -0.82,  -19149, -1.19,   -7281, -0.45
 205,-308.00,  -22698, -0.71,  -18932, -1.18,   -3766, -0.23
 206,-307.00,  -18590, -0.58,  -18299, -1.14,    -291, -0.02
 207,-306.00,  -16003, -0.50,  -18214, -1.13,    2211,  0.14
 208,-305.00,  -14210, -0.44,  -17918, -1.12,    3708,  0.23
 209,-304.00,  -13035, -0.41,  -17276, -1.08,    4241,  0.26
 210,-303.00,  -10723, -0.33,  -16642, -1.04,    5919,  0.37
 211,-302.00,   -8375, -0.26,  -15252, -0.95,    6877,  0.43
 212,-301.00,   -4661, -0.15,  -13748, -0.86,    9087,  0.57
 213,-300.00,     743,  0.02,  -11960, -0.74,   12703,  0.79
 214,-299.00,    6036,  0.19,  -10210, -0.64,   16246,  1.01
 215,-298.00,    8862,  0.28,   -9117, -0.57,   17979,  1.12
 216,-297.00,    7866,  0.24,   -8680, -0.54,   16546,  1.03
 217,-296.00,    6651,  0.21,   -7849, -0.49,   14500,  0.90
 218,-295.00,    5755,  0.18,   -7047, -0.44,   12802,  0.80
 219,-294.00,    5864,  0.18,   -5791, -0.36,   11655,  0.73
 220,-293.00,    6995,  0.22,   -4139, -0.26,   11134,  0.69
 221,-292.00,    7877,  0.25,   -2611, -0.16,   10488,  0.65
 222,-291.00,    8363,  0.26,    -854, -0.05,    9217,  0.57
 223,-290.00,    7654,  0.24,      16,  0.00,    7638,  0.48
 224,-289.00,    6925,  0.22,     828,  0.05,    6097,  0.38
 225,-288.00,    6574,  0.20,    1123,  0.07,    5451,  0.34
 226,-287.00,    7397,  0.23,    2012,  0.13,    5385,  0.34
 227,-286.00,    7749,  0.24,    4009,  0.25,    3740,  0.23
 228,-285.00,    9183,  0.29,    6298,  0.39,    2885,  0.18
 229,-284.00,    9316,  0.29,    8120,  0.51,    1196,  0.07
 230,-283.00,    8634,  0.27,    8794,  0.55,    -160, -0.00
 231,-282.00,    7549,  0.24,    9276,  0.58,   -1727, -0.11
 232,-281.00,    7792,  0.24,    9917,  0.62,   -2125, -0.13
 233,-280.00,    7547,  0.24,   10569,  0.66,   -3022, -0.19
 234,-279.00,    5516,  0.17,   10040,  0.63,   -4524, -0.28
 235,-278.00,    4194,  0.13,    9566,  0.60,   -5372, -0.33
 236,-277.00,    2845,  0.09,    9338,  0.58,   -6493, -0.40
 237,-276.00,    1804,  0.06,    8875,  0.55,   -7071, -0.44
 238,-275.00,     358,  0.01,    8506,  0.53,   -8148, -0.51
 239,-274.00,   -1700, -0.05,    8635,  0.54,  -10335, -0.64
 240,-273.00,   -4639, -0.14,    9154,  0.57,  -13793, -0.86
 241,-272.00,   -5750, -0.18,    9780,  0.61,  -15530, -0.97
 242,-271.00,   -4766, -0.15,   11051,  0.69,  -15817, -0.99
 243,-270.00,   -3440, -0.11,   12078,  0.75,  -15518, -0.97
 244,-269.00,   -4151, -0.13,   12710,  0.79,  -16861, -1.05
 245,-268.00,   -4035, -0.13,   13892,  0.87,  -17927, -1.12
 246,-267.00,   -2873, -0.09,   15158,  0.94,  -18031, -1.12
 247,-266.00,   -3795, -0.12,   15634,  0.97,  -19429, -1.21
 248,-265.00,   -4429, -0.14,   16096,  1.00,  -20525, -1.28
 249,-264.00,   -3950, -0.12,   17227,  1.07,  -21177, -1.32
 250,-263.00,   -4073, -0.13,   18081,  1.13,  -22154, -1.38
 251,-262.00,   -4949, -0.15,   18716,  1.17,  -23665, -1.47
 252,-261.00,   -4646, -0.14,   18968,  1.18,  -23614, -1.47
 253,-260.00,   -4510, -0.14,   19352,  1.21,  -23862, -1.49
 254,-259.00,   -4480, -0.14,   19696,  1.23,  -24176, -1.51
 255,-258.00,   -3156, -0.10,   19487,  1.21,  -22643, -1.41
 256,-257.00,   -3578, -0.11,   18314,  1.14,  -21892, -1.36
 257,-256.00,   -3134, -0.10,   18577,  1.16,  -21711, -1.35
 258,-255.00,   -3071, -0.10,   19170,  1.19,  -22241, -1.39
 259,-254.00,   -5048, -0.16,   17830,  1.11,  -22878, -1.42
 260,-253.00,   -8693, -0.27,   15658,  0.98,  -24351, -1.52
 261,-252.00,  -12224, -0.38,   12898,  0.80,  -25122, -1.56
 262,-251.00,  -14864, -0.46,   10466,  0.65,  -25330, -1.58
 263,-250.00,  -17382, -0.54,    7469,  0.47,  -24851, -1.55
 264,-249.00,  -19330, -0.60,    4685,  0.29,  -24015, -1.50
 265,-248.00,  -20459, -0.64,    2756,  0.17,  -23215, -1.45
 266,-247.00,  -21993, -0.68,    1318,  0.08,  -23311, -1.45
 267,-246.00,  -22508, -0.70,     587,  0.04,  -23095, -1.44
 268,-245.00,  -22616, -0.70,     462,  0.03,  -23078, -1.44
 269,-244.00,  -23406, -0.73,     132,  0.00,  -23538, -1.47
 270,-243.00,  -25206, -0.78,    -591, -0.04,  -24615, -1.53
 271,-242.00,  -27867, -0.87,   -2026, -0.13,  -25841, -1.61
 272,-241.00,  -30051, -0.94,   -3733, -0.23,  -26318, -1.64
 273,-240.00,  -31063, -0.97,   -4993, -0.31,  -26070, -1.62
 274,-239.00,  -32670, -1.02,   -6809, -0.42,  -25861, -1.61
 275,-238.00,  -32978, -1.03,   -8692, -0.54,  -24286, -1.51
 276,-237.00,  -31158, -0.97,   -9774, -0.61,  -21384, -1.33
 277,-236.00,  -29315, -0.91,  -11269, -0.70,  -18046, -1.12
 278,-235.00,  -29292, -0.91,  -12452, -0.78,  -16840, -1.05
 279,-234.00,  -30593, -0.95,  -13081, -0.81,  -17512, -1.09
 280,-233.00,  -30271, -0.94,  -13108, -0.82,  -17163, -1.07
 281,-232.00,  -30304, -0.94,  -14093, -0.88,  -16211, -1.01
 282,-231.00,  -31671, -0.99,  -16699, -1.04,  -14972, -0.93
 283,-230.00,  -32085, -1.00,  -19018, -1.18,  -13067, -0.81
 284,-229.00,  -32915, -1.03,  -21659, -1.35,  -11256, -0.70
 285,-228.00,  -33678, -1.05,  -23966, -1.49,   -9712, -0.60
 286,-227.00,  -32470, -1.01,  -24951, -1.55,   -7519, -0.47
 287,-226.00,  -31251, -0.97,  -26227, -1.63,   -5024, -0.31
 288,-225.00,  -29891, -0.93,  -27069, -1.69,   -2822, -0.18
 289,-224.00,  -28855, -0.90,  -27490, -1.71,   -1365, -0.09
 290,-223.00,  -27539, -0.86,  -27929, -1.74,     390,  0.02
 291,-222.00,  -25418, -0.79,  -27777, -1.73,    2359,  0.15
 292,-221.00,  -22608, -0.70,  -27317, -1.70,    4709,  0.29
 293,-220.00,  -19610, -0.61,  -26950, -1.68,    7340,  0.46
 294,-219.00,  -17725, -0.55,  -26854, -1.67,    9129,  0.57
 295,-218.00,  -17673, -0.55,  -27310, -1.70,    9637,  0.60
 296,-217.00,  -18210, -0.57,  -28490, -1.77,   10280,  0.64
 297,-216.00,  -18014, -0.56,  -28803, -1.79,   10789,  0.67
 298,-215.00,  -17401, -0.54,  -28532, -1.78,   11131,  0.69
 299,-214.00,  -16095, -0.50,  -27237, -1.70,   11142,  0.69
 300,-213.00,  -14039, -0.44,  -24492, -1.53,   10453,  0.65
 301,-212.00,  -12219, -0.38,  -21723, -1.35,    9504,  0.59
 302,-211.00,  -10724, -0.33,  -20136, -1.25,    9412,  0.59
 303,-210.00,   -9332, -0.29,  -19130, -1.19,    9798,  0.61
 304,-209.00,   -7635, -0.24,  -17623, -1.10,    9988,  0.62
 305,-208.00,   -5686, -0.18,  -15526, -0.97,    9840,  0.61
 306,-207.00,   -3007, -0.09,  -12655, -0.79,    9648,  0.60
 307,-206.00,     267,  0.00,   -9442, -0.59,    9709,  0.60
 308,-205.00,    3239,  0.10,   -6312, -0.39,    9551,  0.59
 309,-204.00,    6058,  0.19,   -3080, -0.19,    9138,  0.57
 310,-203.00,    7954,  0.25,    -301, -0.02,    8255,  0.51
 311,-202.00,   10770,  0.34,    2854,  0.18,    7916,  0.49
 312,-201.00,   14625,  0.46,    6259,  0.39,    8366,  0.52
 313,-200.00,   15840,  0.49,    8703,  0.54,    7137,  0.44
 314,-199.00,   16354,  0.51,   10899,  0.68,    5455,  0.34
 315,-198.00,   17833,  0.56,   14885,  0.93,    2948,  0.18
 316,-197.00,   21632,  0.67,   19832,  1.24,    1800,  0.11
 317,-196.00,   25411,  0.79,   23981,  1.49,    1430,  0.09
 318,-195.00,   28375,  0.88,   27549,  1.72,     826,  0.05
 319,-194.00,   29551,  0.92,   30650,  1.91,   -1099, -0.07
 320,-193.00,   29712,  0.93,   33533,  2.09,   -3821, -0.24
 321,-192.00,   31317,  0.98,   36812,  2.29,   -5495, -0.34
 322,-191.00,   32993,  1.03,   38900,  2.42,   -5907, -0.37
 323,-190.00,   35373,  1.10,   40902,  2.55,   -5529, -0.34
 324,-189.00,   36415,  1.13,   42767,  2.66,   -6352, -0.40
 325,-188.00,   38102,  1.19,   44555,  2.78,   -6453, -0.40
 326,-187.00,   39895,  1.24,   47174,  2.94,   -7279, -0.45
 327,-186.00,   42935,  1.34,   49701,  3.10,   -6766, -0.42
 328,-185.00,   44748,  1.39,   49914,  3.11,   -5166, -0.32
 329,-184.00,   45510,  1.42,   49742,  3.10,   -4232, -0.26
 330,-183.00,   47212,  1.47,   49964,  3.11,   -2752, -0.17
 331,-182.00,   46573,  1.45,   49716,  3.10,   -3143, -0.20
 332,-181.00,   44273,  1.38,   48693,  3.03,   -4420, -0.28
 333,-180.00,   42089,  1.31,   47994,  2.99,   -5905, -0.37
 334,-179.00,   39398,  1.23,   47090,  2.93,   -7692, -0.48
 335,-178.00,   36668,  1.14,   45366,  2.83,   -8698, -0.54
 336,-177.00,   35058,  1.09,   44120,  2.75,   -9062, -0.56
 337,-176.00,   33673,  1.05,   42006,  2.62,   -8333, -0.52
 338,-175.00,   32305,  1.01,   38920,  2.42,   -6615, -0.41
 339,-174.00,   29510,  0.92,   36565,  2.28,   -7055, -0.44
 340,-173.00,   24108,  0.75,   34547,  2.15,  -10439, -0.65
 341,-172.00,   17114,  0.53,   31973,  1.99,  -14859, -0.93
 342,-171.00,   10746,  0.33,   29911,  1.86,  -19165, -1.19
 343,-170.00,    4440,  0.14,   27385,  1.71,  -22945, -1.43
 344,-169.00,    -386, -0.01,   24626,  1.53,  -25012, -1.56
 345,-168.00,   -3212, -0.10,   22848,  1.42,  -26060, -1.62
 346,-167.00,   -6094, -0.19,   20887,  1.30,  -26981, -1.68
 347,-166.00,   -9737, -0.30,   18322,  1.14,  -28059, -1.75
 348,-165.00,  -13384, -0.42,   16265,  1.01,  -29649, -1.85
 349,-164.00,  -16685, -0.52,   14856,  0.93,  -31541, -1.96
 350,-163.00,  -20080, -0.63,   12888,  0.80,  -32968, -2.05
 351,-162.00,  -24076, -0.75,   10167,  0.63,  -34243, -2.13
 352,-161.00,  -29252, -0.91,    7651,  0.48,  -36903, -2.30
 353,-160.00,  -32711, -1.02,    5383,  0.34,  -38094, -2.37
 354,-159.00,  -35825, -1.12,    3109,  0.19,  -38934, -2.42
 355,-158.00,  -39551, -1.23,     571,  0.04,  -40122, -2.50
 356,-157.00,  -42657, -1.33,   -2044, -0.13,  -40613, -2.53
 357,-156.00,  -45904, -1.43,   -4675, -0.29,  -41229, -2.57
 358,-155.00,  -48391, -1.51,   -6766, -0.42,  -41625, -2.59
 359,-154.00,  -48489, -1.51,   -7696, -0.48,  -40793, -2.54
 360,-153.00,  -48059, -1.50,   -8751, -0.55,  -39308, -2.45
 361,-152.00,  -48115, -1.50,   -9698, -0.60,  -38417, -2.39
 362,-151.00,  -47464, -1.48,   -9993, -0.62,  -37471, -2.33
 363,-150.00,  -48077, -1.50,  -10502, -0.65,  -37575, -2.34
 364,-149.00,  -48576, -1.51,  -11076, -0.69,  -37500, -2.34
 365,-148.00,  -49365, -1.54,  -12372, -0.77,  -36993, -2.30
 366,-147.00,  -49668, -1.55,  -13268, -0.83,  -36400, -2.27
 367,-146.00,  -49796, -1.55,  -13998, -0.87,  -35798, -2.23
 368,-145.00,  -49023, -1.53,  -14867, -0.93,  -34156, -2.13
 369,-144.00,  -47874, -1.49,  -16179, -1.01,  -31695, -1.97
 370,-143.00,  -43914, -1.37,  -16366, -1.02,  -27548, -1.72
 371,-142.00,  -40895, -1.27,  -16676, -1.04,  -24219, -1.51
 372,-141.00,  -38004, -1.18,  -16204, -1.01,  -21800, -1.36
 373,-140.00,  -35049, -1.09,  -15478, -0.96,  -19571, -1.22
 374,-139.00,  -33478, -1.04,  -15419, -0.96,  -18059, -1.12
 375,-138.00,  -33013, -1.03,  -16748, -1.04,  -16265, -1.01
 376,-137.00,  -32897, -1.02,  -17230, -1.07,  -15667, -0.98
 377,-136.00,  -30906, -0.96,  -17250, -1.07,  -13656, -0.85
 378,-135.00,  -29035, -0.90,  -17022, -1.06,  -12013, -0.75
 379,-134.00,  -28340, -0.88,  -16759, -1.04,  -11581, -0.72
 380,-133.00,  -25519, -0.79,  -16408, -1.02,   -9111, -0.57
 381,-132.00,  -23686, -0.74,  -16171, -1.01,   -7515, -0.47
 382,-131.00,  -21466, -0.67,  -16192, -1.01,   -5274, -0.33
 383,-130.00,  -20716, -0.65,  -16099, -1.00,   -4617, -0.29
 384,-129.00,  -20809, -0.65,  -15609, -0.97,   -5200, -0.32
 385,-128.00,  -21521, -0.67,  -14993, -0.93,   -6528, -0.41
 386,-127.00,  -21534, -0.67,  -13878, -0.86,   -7656, -0.48
 387,-126.00,  -20656, -0.64,  -12912, -0.80,   -7744, -0.48
 388,-125.00,  -20837, -0.65,  -11956, -0.74,   -8881, -0.55
 389,-124.00,  -21954, -0.68,  -11627, -0.72,  -10327, -0.64
 390,-123.00,  -22215, -0.69,  -10902, -0.68,  -11313, -0.70
 391,-122.00,  -22039, -0.69,   -9599, -0.60,  -12440, -0.77
 392,-121.00,  -22539, -0.70,   -8451, -0.53,  -14088, -0.88
 393,-120.00,  -24259, -0.76,   -7715, -0.48,  -16544, -1.03
 394,-119.00,  -24714, -0.77,   -6802, -0.42,  -17912, -1.12
 395,-118.00,  -25180, -0.78,   -5287, -0.33,  -19893, -1.24
 396,-117.00,  -26783, -0.83,   -5098, -0.32,  -21685, -1.35
 397,-116.00,  -28243, -0.88,   -5095, -0.32,  -23148, -1.44
 398,-115.00,  -29381, -0.91,   -4855, -0.30,  -24526, -1.53
 399,-114.00,  -28945, -0.90,   -4274, -0.27,  -24671, -1.54
 400,-113.00,  -28325, -0.88,   -3482, -0.22,  -24843, -1.55
 401,-112.00,  -26784, -0.83,   -2051, -0.13,  -24733, -1.54
 402,-111.00,  -25090, -0.78,    -690, -0.04,  -24400, -1.52
 403,-110.00,  -25628, -0.80,     374,  0.02,  -26002, -1.62
 404,-109.00,  -26225, -0.82,     942,  0.06,  -27167, -1.69
 405,-108.00,  -27621, -0.86,     998,  0.06,  -28619, -1.78
 406,-107.00,  -28609, -0.89,    1342,  0.08,  -29951, -1.87
 407,-106.00,  -28761, -0.90,    1554,  0.10,  -30315, -1.89
 408,-105.00,  -27942, -0.87,    1405,  0.09,  -29347, -1.83
 409,-104.00,  -28113, -0.88,    1448,  0.09,  -29561, -1.84
 410,-103.00,  -28612, -0.89,    1506,  0.09,  -30118, -1.88
 411,-102.00,  -29859, -0.93,    1145,  0.07,  -31004, -1.93
 412,-101.00,  -30761, -0.96,     652,  0.04,  -31413, -1.96
 413,-100.00,  -30877, -0.96,    -237, -0.01,  -30640, -1.91
 414,-99.00,  -29401, -0.92,    -528, -0.03,  -28873, -1.80
 415,-98.00,  -27281, -0.85,   -1017, -0.06,  -26264, -1.64
 416,-97.00,  -25705, -0.80,   -1425, -0.09,  -24280, -1.51
 417,-96.00,  -25197, -0.78,   -1579, -0.10,  -23618, -1.47
 418,-95.00,  -26321, -0.82,   -2424, -0.15,  -23897, -1.49
 419,-94.00,  -29698, -0.92,   -4254, -0.26,  -25444, -1.58
 420,-93.00,  -32689, -1.02,   -6734, -0.42,  -25955, -1.62
 421,-92.00,  -32725, -1.02,   -8214, -0.51,  -24511, -1.53
 422,-91.00,  -32773, -1.02,   -9915, -0.62,  -22858, -1.42
 423,-90.00,  -32185, -1.00,  -11719, -0.73,  -20466, -1.27
 424,-89.00,  -33712, -1.05,  -13937, -0.87,  -19775, -1.23
 425,-88.00,  -34892, -1.09,  -15711, -0.98,  -19181, -1.19
 426,-87.00,  -35560, -1.11,  -17140, -1.07,  -18420, -1.15
 427,-86.00,  -37314, -1.16,  -18504, -1.15,  -18810, -1.17
 428,-85.00,  -39842, -1.24,  -19602, -1.22,  -20240, -1.26
 429,-84.00,  -41632, -1.30,  -20516, -1.28,  -21116, -1.32
 430,-83.00,  -42734, -1.33,  -21395, -1.33,  -21339, -1.33
 431,-82.00,  -43685, -1.36,  -22064, -1.37,  -21621, -1.35
 432,-81.00,  -45953, -1.43,  -23419, -1.46,  -22534, -1.40
 433,-80.00,  -47435, -1.48,  -25889, -1.61,  -21546, -1.34
 434,-79.00,  -47306, -1.47,  -27475, -1.71,  -19831, -1.24
 435,-78.00,  -48594, -1.51,  -28915, -1.80,  -19679, -1.23
 436,-77.00,  -51464, -1.60,  -30861, -1.92,  -20603, -1.28
 437,-76.00,  -52949, -1.65,  -32196, -2.01,  -20753, -1.29
 438,-75.00,  -54773, -1.71,  -33931, -2.11,  -20842, -1.30
 439,-74.00,  -55660, -1.73,  -35468, -2.21,  -20192, -1.26
 440,-73.00,  -56155, -1.75,  -36541, -2.28,  -19614, -1.22
 441,-72.00,  -57014, -1.78,  -37662, -2.35,  -19352, -1.21
 442,-71.00,  -58317, -1.82,  -38631, -2.41,  -19686, -1.23
 443,-70.00,  -57642, -1.80,  -39228, -2.44,  -18414, -1.15
 444,-69.00,  -56313, -1.75,  -39360, -2.45,  -16953, -1.06
 445,-68.00,  -55449, -1.73,  -39551, -2.46,  -15898, -0.99
 446,-67.00,  -54304, -1.69,  -39327, -2.45,  -14977, -0.93
 447,-66.00,  -54321, -1.69,  -40279, -2.51,  -14042, -0.87
 448,-65.00,  -55012, -1.71,  -41555, -2.59,  -13457, -0.84
 449,-64.00,  -53229, -1.66,  -41534, -2.59,  -11695, -0.73
 450,-63.00,  -52137, -1.62,  -41150, -2.56,  -10987, -0.68
 451,-62.00,  -50279, -1.57,  -40293, -2.51,   -9986, -0.62
 452,-61.00,  -48135, -1.50,  -39661, -2.47,   -8474, -0.53
 453,-60.00,  -46261, -1.44,  -39350, -2.45,   -6911, -0.43
 454,-59.00,  -46129, -1.44,  -39545, -2.46,   -6584, -0.41
 455,-58.00,  -45620, -1.42,  -39380, -2.45,   -6240, -0.39
 456,-57.00,  -44007, -1.37,  -38508, -2.40,   -5499, -0.34
 457,-56.00,  -42592, -1.33,  -37258, -2.32,   -5334, -0.33
 458,-55.00,  -41196, -1.28,  -36026, -2.24,   -5170, -0.32
 459,-54.00,  -40463, -1.26,  -36041, -2.24,   -4422, -0.28
 460,-53.00,  -40664, -1.27,  -35922, -2.24,   -4742, -0.30
 461,-52.00,  -39946, -1.24,  -35004, -2.18,   -4942, -0.31
 462,-51.00,  -38403, -1.20,  -33893, -2.11,   -4510, -0.28
 463,-50.00,  -37135, -1.16,  -33531, -2.09,   -3604, -0.22
 464,-49.00,  -37034, -1.15,  -33517, -2.09,   -3517, -0.22
 465,-48.00,  -36987, -1.15,  -33574, -2.09,   -3413, -0.21
 466,-47.00,  -37100, -1.16,  -33670, -2.10,   -3430, -0.21
 467,-46.00,  -36629, -1.14,  -33754, -2.10,   -2875, -0.18
 468,-45.00,  -36617, -1.14,  -34003, -2.12,   -2614, -0.16
 469,-44.00,  -35166, -1.10,  -33442, -2.08,   -1724, -0.11
 470,-43.00,  -34008, -1.06,  -32580, -2.03,   -1428, -0.09
 471,-42.00,  -34117, -1.06,  -32591, -2.03,   -1526, -0.10
 472,-41.00,  -34468, -1.07,  -33158, -2.07,   -1310, -0.08
 473,-40.00,  -34983, -1.09,  -33559, -2.09,   -1424, -0.09
 474,-39.00,  -34544, -1.08,  -33265, -2.07,   -1279, -0.08
 475,-38.00,  -34572, -1.08,  -33167, -2.07,   -1405, -0.09
 476,-37.00,  -35778, -1.11,  -33550, -2.09,   -2228, -0.14
 477,-36.00,  -36092, -1.12,  -34310, -2.14,   -1782, -0.11
 478,-35.00,  -36126, -1.13,  -35130, -2.19,    -996, -0.06
 479,-34.00,  -35934, -1.12,  -35626, -2.22,    -308, -0.02
 480,-33.00,  -33376, -1.04,  -35138, -2.19,    1762,  0.11
 481,-32.00,  -30912, -0.96,  -34423, -2.14,    3511,  0.22
 482,-31.00,  -29413, -0.92,  -33827, -2.11,    4414,  0.27
 483,-30.00,  -28978, -0.90,  -33505, -2.09,    4527,  0.28
 484,-29.00,  -29112, -0.91,  -33449, -2.08,    4337,  0.27
 485,-28.00,  -29616, -0.92,  -33633, -2.09,    4017,  0.25
 486,-27.00,  -30849, -0.96,  -34086, -2.12,    3237,  0.20
 487,-26.00,  -32168, -1.00,  -34514, -2.15,    2346,  0.15
 488,-25.00,  -31869, -0.99,  -34002, -2.12,    2133,  0.13
 489,-24.00,  -30257, -0.94,  -32037, -2.00,    1780,  0.11
 490,-23.00,  -29185, -0.91,  -31163, -1.94,    1978,  0.12
 491,-22.00,  -29071, -0.91,  -30465, -1.90,    1394,  0.09
 492,-21.00,  -27287, -0.85,  -29350, -1.83,    2063,  0.13
 493,-20.00,  -25069, -0.78,  -27668, -1.72,    2599,  0.16
 494,-19.00,  -24031, -0.75,  -25672, -1.60,    1641,  0.10
 495,-18.00,  -23976, -0.75,  -24032, -1.50,      56,  0.00
 496,-17.00,  -24672, -0.77,  -23060, -1.44,   -1612, -0.10
 497,-16.00,  -24909, -0.78,  -22172, -1.38,   -2737, -0.17
 498,-15.00,  -24225, -0.75,  -20690, -1.29,   -3535, -0.22
 499,-14.00,  -22773, -0.71,  -18425, -1.15,   -4348, -0.27
 500,-13.00,  -21592, -0.67,  -15908, -0.99,   -5684, -0.35
 501,-12.00,  -20510, -0.64,  -13543, -0.84,   -6967, -0.43
 502,-11.00,  -17644, -0.55,  -10531, -0.66,   -7113, -0.44
 503,-10.00,  -14451, -0.45,   -8055, -0.50,   -6396, -0.40
 504,-9.00,  -12956, -0.40,   -7438, -0.46,   -5518, -0.34
 505,-8.00,  -10508, -0.33,   -6495, -0.40,   -4013, -0.25
 506,-7.00,   -8470, -0.26,   -5626, -0.35,   -2844, -0.18
 507,-6.00,   -6766, -0.21,   -4214, -0.26,   -2552, -0.16
 508,-5.00,   -6332, -0.20,   -2941, -0.18,   -3391, -0.21
 509,-4.00,   -6040, -0.19,   -2377, -0.15,   -3663, -0.23
 510,-3.00,   -5765, -0.18,   -1337, -0.08,   -4428, -0.28
 511,-2.00,   -6247, -0.19,   -1213, -0.08,   -5034, -0.31
 512,-1.00,   -5603, -0.17,    -971, -0.06,   -4632, -0.29
 513,0.00,   -5500, -0.17,   -1800, -0.11,   -3700, -0.23
 514,1.00,   -5631, -0.18,   -2599, -0.16,   -3032, -0.19
 515,2.00,   -6504, -0.20,   -3538, -0.22,   -2966, -0.18
 516,3.00,   -6321, -0.20,   -4160, -0.26,   -2161, -0.13
 517,4.00,   -7238, -0.23,   -5126, -0.32,   -2112, -0.13
 518,5.00,   -7985, -0.25,   -6630, -0.41,   -1355, -0.08
 519,6.00,   -7023, -0.22,   -7720, -0.48,     697,  0.04
 520,7.00,   -5865, -0.18,   -8375, -0.52,    2510,  0.16
 521,8.00,   -5972, -0.19,   -9135, -0.57,    3163,  0.20
 522,9.00,   -6139, -0.19,   -9643, -0.60,    3504,  0.22
 523,10.00,   -6030, -0.19,  -10269, -0.64,    4239,  0.26
 524,11.00,   -5941, -0.19,  -11087, -0.69,    5146,  0.32
 525,12.00,   -5311, -0.17,  -11359, -0.71,    6048,  0.38
 526,13.00,   -5465, -0.17,  -12081, -0.75,    6616,  0.41
 527,14.00,   -5187, -0.16,  -12478, -0.78,    7291,  0.45
 528,15.00,   -5144, -0.16,  -13374, -0.83,    8230,  0.51
 529,16.00,   -5469, -0.17,  -13862, -0.86,    8393,  0.52
 530,17.00,   -5850, -0.18,  -13820, -0.86,    7970,  0.50
 531,18.00,   -5451, -0.17,  -14008, -0.87,    8557,  0.53
 532,19.00,   -5802, -0.18,  -14510, -0.90,    8708,  0.54
 533,20.00,   -6802, -0.21,  -14796, -0.92,    7994,  0.50
 534,21.00,   -8086, -0.25,  -15852, -0.99,    7766,  0.48
 535,22.00,   -9449, -0.29,  -17214, -1.07,    7765,  0.48
 536,23.00,  -10304, -0.32,  -18964, -1.18,    8660,  0.54
 537,24.00,  -10775, -0.34,  -20596, -1.28,    9821,  0.61
 538,25.00,  -11442, -0.36,  -21503, -1.34,   10061,  0.63
 539,26.00,  -10801, -0.34,  -21654, -1.35,   10853,  0.68
 540,27.00,  -11186, -0.35,  -21969, -1.37,   10783,  0.67
 541,28.00,  -10814, -0.34,  -21793, -1.36,   10979,  0.68
 542,29.00,   -8516, -0.27,  -21670, -1.35,   13154,  0.82
 543,30.00,   -5882, -0.18,  -21352, -1.33,   15470,  0.96
 544,31.00,   -2093, -0.07,  -20373, -1.27,   18280,  1.14
 545,32.00,    -147, -0.00,  -19582, -1.22,   19435,  1.21
 546,33.00,     828,  0.03,  -18974, -1.18,   19802,  1.23
 547,34.00,     591,  0.02,  -19056, -1.19,   19647,  1.22
 548,35.00,     375,  0.01,  -18986, -1.18,   19361,  1.21
 549,36.00,    -857, -0.03,  -19282, -1.20,   18425,  1.15
 550,37.00,    -654, -0.02,  -19148, -1.19,   18494,  1.15
 551,38.00,    -184, -0.00,  -18886, -1.18,   18702,  1.16
 552,39.00,    -212, -0.00,  -18125, -1.13,   17913,  1.12
 553,40.00,   -1273, -0.04,  -17344, -1.08,   16071,  1.00
 554,41.00,   -5207, -0.16,  -18235, -1.14,   13028,  0.81
 555,42.00,  -10356, -0.32,  -20001, -1.25,    9645,  0.60
 556,43.00,  -14088, -0.44,  -21455, -1.34,    7367,  0.46
 557,44.00,  -18194, -0.57,  -23205, -1.45,    5011,  0.31
 558,45.00,  -21956, -0.68,  -24510, -1.53,    2554,  0.16
 559,46.00,  -27084, -0.84,  -25666, -1.60,   -1418, -0.09
 560,47.00,  -32231, -1.00,  -26563, -1.65,   -5668, -0.35
 561,48.00,  -37126, -1.16,  -27770, -1.73,   -9356, -0.58
 562,49.00,  -42697, -1.33,  -30711, -1.91,  -11986, -0.75
 563,50.00,  -49681, -1.55,  -33921, -2.11,  -15760, -0.98
 564,51.00,  -55374, -1.72,  -36318, -2.26,  -19056, -1.19
 565,52.00,  -58945, -1.84,  -37640, -2.34,  -21305, -1.33
 566,53.00,  -60273, -1.88,  -37265, -2.32,  -23008, -1.43
 567,54.00,  -61078, -1.90,  -36731, -2.29,  -24347, -1.52
 568,55.00,  -61679, -1.92,  -36874, -2.30,  -24805, -1.54
 569,56.00,  -62570, -1.95,  -37025, -2.31,  -25545, -1.59
 570,57.00,  -63022, -1.96,  -37001, -2.30,  -26021, -1.62
 571,58.00,  -64164, -2.00,  -36457, -2.27,  -27707, -1.73
 572,59.00,  -64049, -1.99,  -35860, -2.23,  -28189, -1.76
 573,60.00,  -62827, -1.96,  -36168, -2.25,  -26659, -1.66
 574,61.00,  -61477, -1.91,  -36190, -2.25,  -25287, -1.57
 575,62.00,  -59589, -1.86,  -34987, -2.18,  -24602, -1.53
 576,63.00,  -59006, -1.84,  -33759, -2.10,  -25247, -1.57
 577,64.00,  -58031, -1.81,  -32483, -2.02,  -25548, -1.59
 578,65.00,  -56566, -1.76,  -31522, -1.96,  -25044, -1.56
 579,66.00,  -54332, -1.69,  -30584, -1.90,  -23748, -1.48
 580,67.00,  -52709, -1.64,  -30251, -1.88,  -22458, -1.40
 581,68.00,  -50716, -1.58,  -30076, -1.87,  -20640, -1.29
 582,69.00,  -49326, -1.54,  -30033, -1.87,  -19293, -1.20
 583,70.00,  -47971, -1.49,  -29498, -1.84,  -18473, -1.15
 584,71.00,  -46676, -1.45,  -28423, -1.77,  -18253, -1.14
 585,72.00,  -45025, -1.40,  -27162, -1.69,  -17863, -1.11
 586,73.00,  -43379, -1.35,  -26193, -1.63,  -17186, -1.07
 587,74.00,  -41969, -1.31,  -25232, -1.57,  -16737, -1.04
 588,75.00,  -39211, -1.22,  -24232, -1.51,  -14979, -0.93
 589,76.00,  -35516, -1.11,  -22860, -1.42,  -12656, -0.79
 590,77.00,  -32761, -1.02,  -22063, -1.37,  -10698, -0.67
 591,78.00,  -30243, -0.94,  -21838, -1.36,   -8405, -0.52
 592,79.00,  -29126, -0.91,  -21281, -1.33,   -7845, -0.49
 593,80.00,  -29187, -0.91,  -21365, -1.33,   -7822, -0.49
 594,81.00,  -29314, -0.91,  -21280, -1.33,   -8034, -0.50
 595,82.00,  -28929, -0.90,  -20501, -1.28,   -8428, -0.52
 596,83.00,  -30163, -0.94,  -20225, -1.26,   -9938, -0.62
 597,84.00,  -32121, -1.00,  -20745, -1.29,  -11376, -0.71
 598,85.00,  -36003, -1.12,  -22349, -1.39,  -13654, -0.85
 599,86.00,  -40469, -1.26,  -24558, -1.53,  -15911, -0.99
 600,87.00,  -46461, -1.45,  -27233, -1.70,  -19228, -1.20
 601,88.00,  -53206, -1.66,  -29596, -1.84,  -23610, -1.47
 602,89.00,  -61595, -1.92,  -32995, -2.06,  -28600, -1.78
 603,90.00,  -70745, -2.20,  -37193, -2.32,  -33552, -2.09
 604,91.00,  -79958, -2.49,  -41690, -2.60,  -38268, -2.38
 605,92.00,  -88842, -2.77,  -45852, -2.86,  -42990, -2.68
 606,93.00,  -97378, -3.03,  -50275, -3.13,  -47103, -2.93
 607,94.00, -105638, -3.29,  -54142, -3.37,  -51496, -3.21
 608,95.00, -113664, -3.54,  -57438, -3.58,  -56226, -3.50
 609,96.00, -121260, -3.78,  -61141, -3.81,  -60119, -3.74
 610,97.00, -127705, -3.98,  -64366, -4.01,  -63339, -3.94
 611,98.00, -132933, -4.14,  -67070, -4.18,  -65863, -4.10
 612,99.00, -134975, -4.20,  -67916, -4.23,  -67059, -4.18
 613,100.00, -135729, -4.23,  -68770, -4.28,  -66959, -4.17
 614,101.00, -135446, -4.22,  -69655, -4.34,  -65791, -4.10
 615,102.00, -134743, -4.20,  -70638, -4.40,  -64105, -3.99
 616,103.00, -132497, -4.13,  -70814, -4.41,  -61683, -3.84
 617,104.00, -129059, -4.02,  -69879, -4.35,  -59180, -3.69
 618,105.00, -124305, -3.87,  -67585, -4.21,  -56720, -3.53
 619,106.00, -118594, -3.69,  -65086, -4.05,  -53508, -3.33
 620,107.00, -111556, -3.47,  -61386, -3.82,  -50170, -3.12
 621,108.00, -102536, -3.19,  -57133, -3.56,  -45403, -2.83
 622,109.00,  -94207, -2.93,  -53872, -3.36,  -40335, -2.51
 623,110.00,  -85554, -2.66,  -50401, -3.14,  -35153, -2.19
 624,111.00,  -77387, -2.41,  -47093, -2.93,  -30294, -1.89
 625,112.00,  -67970, -2.12,  -43546, -2.71,  -24424, -1.52
 626,113.00,  -57883, -1.80,  -39479, -2.46,  -18404, -1.15
 627,114.00,  -47834, -1.49,  -35399, -2.20,  -12435, -0.77
 628,115.00,  -36927, -1.15,  -30776, -1.92,   -6151, -0.38
 629,116.00,  -25878, -0.81,  -26319, -1.64,     441,  0.03
 630,117.00,  -13990, -0.44,  -21599, -1.35,    7609,  0.47
 631,118.00,   -3292, -0.10,  -16923, -1.05,   13631,  0.85
 632,119.00,    8057,  0.25,  -12078, -0.75,   20135,  1.25
 633,120.00,   18953,  0.59,   -7095, -0.44,   26048,  1.62
 634,121.00,   29293,  0.91,   -1530, -0.10,   30823,  1.92
 635,122.00,   40708,  1.27,    3613,  0.23,   37095,  2.31
 636,123.00,   51532,  1.60,    7837,  0.49,   43695,  2.72
 637,124.00,   61677,  1.92,   12076,  0.75,   49601,  3.09
 638,125.00,   71514,  2.23,   15798,  0.98,   55716,  3.47
 639,126.00,   80518,  2.51,   18639,  1.16,   61879,  3.85
 640,127.00,   89601,  2.79,   21541,  1.34,   68060,  4.24
 641,128.00,   98502,  3.07,   25099,  1.56,   73403,  4.57
 642,129.00,  107934,  3.36,   28881,  1.80,   79053,  4.92
 643,130.00,  115123,  3.59,   31833,  1.98,   83290,  5.19
 644,131.00,  120972,  3.77,   34554,  2.15,   86418,  5.38
 645,132.00,  127230,  3.96,   37479,  2.33,   89751,  5.59
 646,133.00,  133415,  4.15,   40151,  2.50,   93264,  5.81
 647,134.00,  138801,  4.32,   42693,  2.66,   96108,  5.99
 648,135.00,  144337,  4.49,   45390,  2.83,   98947,  6.16
 649,136.00,  149038,  4.64,   47531,  2.96,  101507,  6.32
 650,137.00,  153597,  4.78,   49869,  3.11,  103728,  6.46
 651,138.00,  155715,  4.85,   52105,  3.25,  103610,  6.45
 652,139.00,  157425,  4.90,   53852,  3.35,  103573,  6.45
 653,140.00,  158614,  4.94,   55288,  3.44,  103326,  6.44
 654,141.00,  159361,  4.96,   57232,  3.56,  102129,  6.36
 655,142.00,  161915,  5.04,   59946,  3.73,  101969,  6.35
 656,143.00,  164428,  5.12,   62352,  3.88,  102076,  6.36
 657,144.00,  165948,  5.17,   64911,  4.04,  101037,  6.29
 658,145.00,  168246,  5.24,   67782,  4.22,  100464,  6.26
 659,146.00,  169611,  5.28,   70572,  4.40,   99039,  6.17
 660,147.00,  169370,  5.27,   72761,  4.53,   96609,  6.02
 661,148.00,  168039,  5.23,   74668,  4.65,   93371,  5.82
 662,149.00,  165328,  5.15,   75746,  4.72,   89582,  5.58
 663,150.00,  163860,  5.10,   76842,  4.79,   87018,  5.42
 664,151.00,  163837,  5.10,   78413,  4.88,   85424,  5.32
 665,152.00,  163347,  5.09,   80298,  5.00,   83049,  5.17
 666,153.00,  161652,  5.03,   81476,  5.07,   80176,  4.99
 667,154.00,  160841,  5.01,   83178,  5.18,   77663,  4.84
 668,155.00,  160260,  4.99,   84696,  5.28,   75564,  4.71
 669,156.00,  158262,  4.93,   84755,  5.28,   73507,  4.58
 670,157.00,  156195,  4.86,   84610,  5.27,   71585,  4.46
 671,158.00,  153817,  4.79,   84324,  5.25,   69493,  4.33
 672,159.00,  151554,  4.72,   83955,  5.23,   67599,  4.21
 673,160.00,  148900,  4.64,   83829,  5.22,   65071,  4.05
 674,161.00,  144761,  4.51,   83302,  5.19,   61459,  3.83
 675,162.00,  139575,  4.35,   82053,  5.11,   57522,  3.58
 676,163.00,  134032,  4.17,   80763,  5.03,   53269,  3.32
 677,164.00,  129388,  4.03,   79260,  4.94,   50128,  3.12
 678,165.00,  124562,  3.88,   77028,  4.80,   47534,  2.96
 679,166.00,  120384,  3.75,   75208,  4.68,   45176,  2.81
 680,167.00,  115718,  3.60,   72751,  4.53,   42967,  2.68
 681,168.00,  110491,  3.44,   70620,  4.40,   39871,  2.48
 682,169.00,  105376,  3.28,   68953,  4.29,   36423,  2.27
 683,170.00,   99124,  3.09,   66157,  4.12,   32967,  2.05
 684,171.00,   92598,  2.88,   62667,  3.90,   29931,  1.86
 685,172.00,   84516,  2.63,   59078,  3.68,   25438,  1.58
 686,173.00,   77442,  2.41,   55225,  3.44,   22217,  1.38
 687,174.00,   70086,  2.18,   50562,  3.15,   19524,  1.22
 688,175.00,   61043,  1.90,   45776,  2.85,   15267,  0.95
 689,176.00,   52376,  1.63,   41634,  2.59,   10742,  0.67
 690,177.00,   44652,  1.39,   38019,  2.37,    6633,  0.41
 691,178.00,   35508,  1.11,   34166,  2.13,    1342,  0.08
 692,179.00,   26352,  0.82,   30121,  1.88,   -3769, -0.23
 693,180.00,   18453,  0.57,   25516,  1.59,   -7063, -0.44
 694,181.00,   10956,  0.34,   20892,  1.30,   -9936, -0.62
 695,182.00,    2193,  0.07,   16207,  1.01,  -14014, -0.87
 696,183.00,   -6433, -0.20,   12003,  0.75,  -18436, -1.15
 697,184.00,  -12991, -0.40,    7753,  0.48,  -20744, -1.29
 698,185.00,  -19992, -0.62,    2897,  0.18,  -22889, -1.43
 699,186.00,  -28310, -0.88,   -1572, -0.10,  -26738, -1.67
 700,187.00,  -35947, -1.12,   -5572, -0.35,  -30375, -1.89
 701,188.00,  -41314, -1.29,   -9151, -0.57,  -32163, -2.00
 702,189.00,  -46465, -1.45,  -12924, -0.80,  -33541, -2.09
 703,190.00,  -50329, -1.57,  -16071, -1.00,  -34258, -2.13
 704,191.00,  -54984, -1.71,  -18804, -1.17,  -36180, -2.25
 705,192.00,  -58225, -1.81,  -20017, -1.25,  -38208, -2.38
 706,193.00,  -61833, -1.93,  -21437, -1.34,  -40396, -2.52
 707,194.00,  -64803, -2.02,  -23760, -1.48,  -41043, -2.56
 708,195.00,  -67139, -2.09,  -26084, -1.62,  -41055, -2.56
 709,196.00,  -68461, -2.13,  -27650, -1.72,  -40811, -2.54
 710,197.00,  -68955, -2.15,  -28245, -1.76,  -40710, -2.54
 711,198.00,  -68368, -2.13,  -28033, -1.75,  -40335, -2.51
 712,199.00,  -69701, -2.17,  -28340, -1.77,  -41361, -2.58
 713,200.00,  -71685, -2.23,  -28442, -1.77,  -43243, -2.69
 714,201.00,  -72462, -2.26,  -28366, -1.77,  -44096, -2.75
 715,202.00,  -73683, -2.29,  -28676, -1.79,  -45007, -2.80
 716,203.00,  -74563, -2.32,  -27839, -1.73,  -46724, -2.91
 717,204.00,  -76238, -2.37,  -27297, -1.70,  -48941, -3.05
 718,205.00,  -77317, -2.41,  -26842, -1.67,  -50475, -3.14
 719,206.00,  -76334, -2.38,  -25821, -1.61,  -50513, -3.15
 720,207.00,  -75601, -2.35,  -24625, -1.53,  -50976, -3.17
 721,208.00,  -75158, -2.34,  -23657, -1.47,  -51501, -3.21
 722,209.00,  -75931, -2.36,  -22762, -1.42,  -53169, -3.31
 723,210.00,  -75832, -2.36,  -22111, -1.38,  -53721, -3.35
 724,211.00,  -74726, -2.33,  -22205, -1.38,  -52521, -3.27
 725,212.00,  -73483, -2.29,  -22252, -1.39,  -51231, -3.19
 726,213.00,  -69493, -2.16,  -21391, -1.33,  -48102, -3.00
 727,214.00,  -68026, -2.12,  -20326, -1.27,  -47700, -2.97
 728,215.00,  -66587, -2.07,  -19616, -1.22,  -46971, -2.93
 729,216.00,  -65556, -2.04,  -19716, -1.23,  -45840, -2.86
 730,217.00,  -66999, -2.09,  -19563, -1.22,  -47436, -2.95
 731,218.00,  -67070, -2.09,  -18914, -1.18,  -48156, -3.00
 732,219.00,  -68157, -2.12,  -18900, -1.18,  -49257, -3.07
 733,220.00,  -68125, -2.12,  -19200, -1.20,  -48925, -3.05
 734,221.00,  -69274, -2.16,  -19981, -1.24,  -49293, -3.07
 735,222.00,  -71009, -2.21,  -20239, -1.26,  -50770, -3.16
 736,223.00,  -72964, -2.27,  -19906, -1.24,  -53058, -3.30
 737,224.00,  -74327, -2.31,  -20526, -1.28,  -53801, -3.35
 738,225.00,  -74353, -2.32,  -20871, -1.30,  -53482, -3.33
 739,226.00,  -74129, -2.31,  -21425, -1.33,  -52704, -3.28
 740,227.00,  -74633, -2.32,  -22004, -1.37,  -52629, -3.28
 741,228.00,  -76658, -2.39,  -22947, -1.43,  -53711, -3.35
 742,229.00,  -79730, -2.48,  -24336, -1.52,  -55394, -3.45
 743,230.00,  -81934, -2.55,  -24499, -1.53,  -57435, -3.58
 744,231.00,  -82957, -2.58,  -24329, -1.52,  -58628, -3.65
 745,232.00,  -84224, -2.62,  -24786, -1.54,  -59438, -3.70
 746,233.00,  -86548, -2.70,  -25175, -1.57,  -61373, -3.82
 747,234.00,  -87738, -2.73,  -25394, -1.58,  -62344, -3.88
 748,235.00,  -88743, -2.76,  -26132, -1.63,  -62611, -3.90
 749,236.00,  -89309, -2.78,  -27202, -1.69,  -62107, -3.87
 750,237.00,  -88948, -2.77,  -27242, -1.70,  -61706, -3.84
 751,238.00,  -86401, -2.69,  -26136, -1.63,  -60265, -3.75
 752,239.00,  -83506, -2.60,  -25264, -1.57,  -58242, -3.63
 753,240.00,  -81526, -2.54,  -23869, -1.49,  -57657, -3.59
 754,241.00,  -83336, -2.60,  -23135, -1.44,  -60201, -3.75
 755,242.00,  -84516, -2.63,  -23324, -1.45,  -61192, -3.81
 756,243.00,  -83596, -2.60,  -22652, -1.41,  -60944, -3.80
 757,244.00,  -83876, -2.61,  -22457, -1.40,  -61419, -3.83
 758,245.00,  -84438, -2.63,  -21529, -1.34,  -62909, -3.92
 759,246.00,  -83655, -2.61,  -20475, -1.28,  -63180, -3.94
 760,247.00,  -82735, -2.58,  -20232, -1.26,  -62503, -3.89
 761,248.00,  -80026, -2.49,  -20561, -1.28,  -59465, -3.70
 762,249.00,  -78768, -2.45,  -21404, -1.33,  -57364, -3.57
 763,250.00,  -77963, -2.43,  -22051, -1.37,  -55912, -3.48
 764,251.00,  -77038, -2.40,  -22457, -1.40,  -54581, -3.40
 765,252.00,  -75716, -2.36,  -22199, -1.38,  -53517, -3.33
 766,253.00,  -74021, -2.31,  -21766, -1.36,  -52255, -3.25
 767,254.00,  -72167, -2.25,  -21772, -1.36,  -50395, -3.14
 768,255.00,  -70142, -2.18,  -21588, -1.34,  -48554, -3.02
 769,256.00,  -67510, -2.10,  -21641, -1.35,  -45869, -2.86
 770,257.00,  -66319, -2.07,  -22240, -1.39,  -44079, -2.75
 771,258.00,  -65799, -2.05,  -23567, -1.47,  -42232, -2.63
 772,259.00,  -64803, -2.02,  -24525, -1.53,  -40278, -2.51
 773,260.00,  -65384, -2.04,  -25618, -1.60,  -39766, -2.48
 774,261.00,  -67565, -2.10,  -27255, -1.70,  -40310, -2.51
 775,262.00,  -69702, -2.17,  -28276, -1.76,  -41426, -2.58
 776,263.00,  -69979, -2.18,  -28843, -1.80,  -41136, -2.56
 777,264.00,  -69295, -2.16,  -28816, -1.79,  -40479, -2.52
 778,265.00,  -67875, -2.11,  -28922, -1.80,  -38953, -2.43
 779,266.00,  -68572, -2.14,  -29831, -1.86,  -38741, -2.41
 780,267.00,  -68409, -2.13,  -30336, -1.89,  -38073, -2.37
 781,268.00,  -67089, -2.09,  -30840, -1.92,  -36249, -2.26
 782,269.00,  -66797, -2.08,  -32182, -2.00,  -34615, -2.16
 783,270.00,  -69642, -2.17,  -33587, -2.09,  -36055, -2.25
 784,271.00,  -72336, -2.25,  -34828, -2.17,  -37508, -2.34
 785,272.00,  -73831, -2.30,  -36840, -2.29,  -36991, -2.30
 786,273.00,  -73601, -2.29,  -38408, -2.39,  -35193, -2.19
 787,274.00,  -73442, -2.29,  -39633, -2.47,  -33809, -2.11
 788,275.00,  -75725, -2.36,  -41439, -2.58,  -34286, -2.14
 789,276.00,  -79286, -2.47,  -43479, -2.71,  -35807, -2.23
 790,277.00,  -82426, -2.57,  -45173, -2.81,  -37253, -2.32
 791,278.00,  -85681, -2.67,  -47241, -2.94,  -38440, -2.39
 792,279.00,  -88268, -2.75,  -50122, -3.12,  -38146, -2.38
 793,280.00,  -90561, -2.82,  -52811, -3.29,  -37750, -2.35
 794,281.00,  -91996, -2.86,  -55432, -3.45,  -36564, -2.28
 795,282.00,  -93444, -2.91,  -59844, -3.73,  -33600, -2.09
 796,283.00,  -93564, -2.91,  -63784, -3.97,  -29780, -1.85
 797,284.00,  -95990, -2.99,  -67799, -4.22,  -28191, -1.76
 798,285.00,  -99176, -3.09,  -71545, -4.46,  -27631, -1.72
 799,286.00, -101628, -3.16,  -74502, -4.64,  -27126, -1.69
 800,287.00, -104768, -3.26,  -77699, -4.84,  -27069, -1.69
 801,288.00, -108130, -3.37,  -81776, -5.09,  -26354, -1.64
 802,289.00, -109943, -3.42,  -85091, -5.30,  -24852, -1.55
 803,290.00, -110338, -3.44,  -87701, -5.46,  -22637, -1.41
 804,291.00, -110409, -3.44,  -90323, -5.63,  -20086, -1.25
 805,292.00, -109910, -3.42,  -91596, -5.70,  -18314, -1.14
 806,293.00, -108722, -3.39,  -91987, -5.73,  -16735, -1.04
 807,294.00, -108181, -3.37,  -91954, -5.73,  -16227, -1.01
 808,295.00, -109555, -3.41,  -92481, -5.76,  -17074, -1.06
 809,296.00, -111392, -3.47,  -93018, -5.79,  -18374, -1.14
 810,297.00, -113811, -3.54,  -93869, -5.85,  -19942, -1.24
 811,298.00, -115575, -3.60,  -94354, -5.88,  -21221, -1.32
 812,299.00, -115383, -3.59,  -93272, -5.81,  -22111, -1.38
 813,300.00, -114473, -3.56,  -91267, -5.68,  -23206, -1.45
 814,301.00, -114410, -3.56,  -89494, -5.57,  -24916, -1.55
 815,302.00, -115322, -3.59,  -88458, -5.51,  -26864, -1.67
 816,303.00, -114057, -3.55,  -86867, -5.41,  -27190, -1.69
 817,304.00, -112491, -3.50,  -84770, -5.28,  -27721, -1.73
 818,305.00, -112099, -3.49,  -83184, -5.18,  -28915, -1.80
 819,306.00, -109569, -3.41,  -81279, -5.06,  -28290, -1.76
 820,307.00, -105417, -3.28,  -78209, -4.87,  -27208, -1.69
 821,308.00, -104302, -3.25,  -75625, -4.71,  -28677, -1.79
 822,309.00, -104435, -3.25,  -73224, -4.56,  -31211, -1.94
 823,310.00, -103364, -3.22,  -71276, -4.44,  -32088, -2.00
 824,311.00,  -99890, -3.11,  -67943, -4.23,  -31947, -1.99
 825,312.00,  -95228, -2.97,  -63844, -3.98,  -31384, -1.95
 826,313.00,  -90124, -2.81,  -59747, -3.72,  -30377, -1.89
 827,314.00,  -85486, -2.66,  -56106, -3.49,  -29380, -1.83
 828,315.00,  -79417, -2.47,  -51616, -3.21,  -27801, -1.73
 829,316.00,  -73418, -2.29,  -46275, -2.88,  -27143, -1.69
 830,317.00,  -69979, -2.18,  -42018, -2.62,  -27961, -1.74
 831,318.00,  -65008, -2.02,  -37755, -2.35,  -27253, -1.70
 832,319.00,  -58594, -1.82,  -33307, -2.07,  -25287, -1.57
 833,320.00,  -52623, -1.64,  -28383, -1.77,  -24240, -1.51
 834,321.00,  -46600, -1.45,  -22851, -1.42,  -23749, -1.48
 835,322.00,  -41340, -1.29,  -18084, -1.13,  -23256, -1.45
 836,323.00,  -35975, -1.12,  -14107, -0.88,  -21868, -1.36
 837,324.00,  -30826, -0.96,  -10417, -0.65,  -20409, -1.27
 838,325.00,  -25820, -0.80,   -6840, -0.43,  -18980, -1.18
 839,326.00,  -20633, -0.64,   -3026, -0.19,  -17607, -1.10
 840,327.00,  -14826, -0.46,     246,  0.02,  -15072, -0.94
 841,328.00,   -9051, -0.28,    4135,  0.26,  -13186, -0.82
 842,329.00,   -4835, -0.15,    8682,  0.54,  -13517, -0.84
 843,330.00,   -1116, -0.03,   13360,  0.83,  -14476, -0.90
 844,331.00,    2010,  0.06,   16281,  1.01,  -14271, -0.89
 845,332.00,    5177,  0.16,   18987,  1.18,  -13810, -0.86
 846,333.00,    9802,  0.31,   22509,  1.40,  -12707, -0.79
 847,334.00,   14003,  0.44,   24934,  1.55,  -10931, -0.68
 848,335.00,   17258,  0.54,   27357,  1.70,  -10099, -0.63
 849,336.00,   21184,  0.66,   29460,  1.83,   -8276, -0.52
 850,337.00,   25830,  0.80,   30311,  1.89,   -4481, -0.28
 851,338.00,   32427,  1.01,   31663,  1.97,     764,  0.05
 852,339.00,   36186,  1.13,   32768,  2.04,    3418,  0.21
 853,340.00,   37087,  1.15,   34124,  2.13,    2963,  0.18
 854,341.00,   38050,  1.18,   35383,  2.20,    2667,  0.17
 855,342.00,   39632,  1.23,   36637,  2.28,    2995,  0.19
 856,343.00,   42211,  1.31,   37750,  2.35,    4461,  0.28
 857,344.00,   45208,  1.41,   38499,  2.40,    6709,  0.42
 858,345.00,   46779,  1.46,   38633,  2.41,    8146,  0.51
 859,346.00,   48235,  1.50,   38164,  2.38,   10071,  0.63
 860,347.00,   49173,  1.53,   38440,  2.39,   10733,  0.67
 861,348.00,   51465,  1.60,   39745,  2.48,   11720,  0.73
 862,349.00,   53412,  1.66,   40610,  2.53,   12802,  0.80
 863,350.00,   52635,  1.64,   39727,  2.47,   12908,  0.80
 864,351.00,   50842,  1.58,   38381,  2.39,   12461,  0.78
 865,352.00,   48465,  1.51,   36531,  2.28,   11934,  0.74
 866,353.00,   46495,  1.45,   34655,  2.16,   11840,  0.74
 867,354.00,   44244,  1.38,   34526,  2.15,    9718,  0.61
 868,355.00,   42309,  1.32,   34141,  2.13,    8168,  0.51
 869,356.00,   38919,  1.21,   31947,  1.99,    6972,  0.43
 870,357.00,   35709,  1.11,   30103,  1.87,    5606,  0.35
 871,358.00,   33452,  1.04,   27786,  1.73,    5666,  0.35
 872,359.00,   30978,  0.96,   25687,  1.60,    5291,  0.33
 873,360.00,   27786,  0.87,   23393,  1.46,    4393,  0.27
 874,361.00,   25346,  0.79,   20429,  1.27,    4917,  0.31
 875,362.00,   21755,  0.68,   17582,  1.10,    4173,  0.26
 876,363.00,   18975,  0.59,   15933,  0.99,    3042,  0.19
 877,364.00,   15232,  0.47,   13240,  0.82,    1992,  0.12
 878,365.00,   10972,  0.34,    9820,  0.61,    1152,  0.07
 879,366.00,    6711,  0.21,    6210,  0.39,     501,  0.03
 880,367.00,    4356,  0.14,    3226,  0.20,    1130,  0.07
 881,368.00,    3293,  0.10,     715,  0.04,    2578,  0.16
 882,369.00,    2165,  0.07,   -1473, -0.09,    3638,  0.23
 883,370.00,   -1373, -0.04,   -3410, -0.21,    2037,  0.13
 884,371.00,   -5975, -0.19,   -4621, -0.29,   -1354, -0.08
 885,372.00,   -9687, -0.30,   -6263, -0.39,   -3424, -0.21
 886,373.00,  -12191, -0.38,   -8250, -0.51,   -3941, -0.25
 887,374.00,  -14326, -0.45,   -9555, -0.60,   -4771, -0.30
 888,375.00,  -14754, -0.46,   -9547, -0.59,   -5207, -0.32
 889,376.00,  -16244, -0.51,  -11665, -0.73,   -4579, -0.29
 890,377.00,  -17378, -0.54,  -14295, -0.89,   -3083, -0.19
 891,378.00,  -18084, -0.56,  -17005, -1.06,   -1079, -0.07
 892,379.00,  -18848, -0.59,  -19376, -1.21,     528,  0.03
 893,380.00,  -19577, -0.61,  -20955, -1.31,    1378,  0.09
 894,381.00,  -19227, -0.60,  -21942, -1.37,    2715,  0.17
 895,382.00,  -18327, -0.57,  -22832, -1.42,    4505,  0.28
 896,383.00,  -19005, -0.59,  -23657, -1.47,    4652,  0.29
 897,384.00,  -19610, -0.61,  -24463, -1.52,    4853,  0.30
 898,385.00,  -20557, -0.64,  -26133, -1.63,    5576,  0.35
 899,386.00,  -21298, -0.66,  -27161, -1.69,    5863,  0.37
 900,387.00,  -22793, -0.71,  -28261, -1.76,    5468,  0.34
 901,388.00,  -23229, -0.72,  -28982, -1.81,    5753,  0.36
 902,389.00,  -24191, -0.75,  -30593, -1.91,    6402,  0.40
 903,390.00,  -23192, -0.72,  -30938, -1.93,    7746,  0.48
 904,391.00,  -21167, -0.66,  -30486, -1.90,    9319,  0.58
 905,392.00,  -20114, -0.63,  -29995, -1.87,    9881,  0.62
 906,393.00,  -18591, -0.58,  -28531, -1.78,    9940,  0.62
 907,394.00,  -15442, -0.48,  -26256, -1.64,   10814,  0.67
 908,395.00,  -11730, -0.37,  -24172, -1.51,   12442,  0.77
 909,396.00,   -9143, -0.28,  -21878, -1.36,   12735,  0.79
 910,397.00,   -8294, -0.26,  -20467, -1.27,   12173,  0.76
 911,398.00,   -9370, -0.29,  -20392, -1.27,   11022,  0.69
 912,399.00,   -8564, -0.27,  -19290, -1.20,   10726,  0.67
 913,400.00,   -6626, -0.21,  -17031, -1.06,   10405,  0.65
 914,401.00,   -5248, -0.16,  -14684, -0.91,    9436,  0.59
 915,402.00,   -2720, -0.08,  -11279, -0.70,    8559,  0.53
 916,403.00,    -845, -0.03,   -8343, -0.52,    7498,  0.47
 917,404.00,     579,  0.02,   -6239, -0.39,    6818,  0.42
 918,405.00,    1503,  0.05,   -3674, -0.23,    5177,  0.32
 919,406.00,     466,  0.01,   -2190, -0.14,    2656,  0.17
 920,407.00,    -851, -0.03,   -1467, -0.09,     616,  0.04
 921,408.00,   -1961, -0.06,    -397, -0.02,   -1564, -0.10
 922,409.00,   -1527, -0.05,    1220,  0.08,   -2747, -0.17
 923,410.00,    -552, -0.02,    3689,  0.23,   -4241, -0.26
 924,411.00,     100,  0.00,    6687,  0.42,   -6587, -0.41
 925,412.00,     -70, -0.00,    8881,  0.55,   -8951, -0.56
 926,413.00,   -1185, -0.04,   10308,  0.64,  -11493, -0.72
 927,414.00,   -3397, -0.11,   10491,  0.65,  -13888, -0.86
 928,415.00,   -5388, -0.17,   10648,  0.66,  -16036, -1.00
 929,416.00,   -7407, -0.23,   10443,  0.65,  -17850, -1.11
 930,417.00,   -9228, -0.29,   10083,  0.63,  -19311, -1.20
 931,418.00,  -10008, -0.31,   10052,  0.63,  -20060, -1.25
 932,419.00,   -9347, -0.29,   10938,  0.68,  -20285, -1.26
 933,420.00,   -8557, -0.27,   12622,  0.79,  -21179, -1.32
 934,421.00,   -9966, -0.31,   13048,  0.81,  -23014, -1.43
 935,422.00,  -11059, -0.34,   12739,  0.79,  -23798, -1.48
 936,423.00,  -11591, -0.36,   12698,  0.79,  -24289, -1.51
 937,424.00,  -11802, -0.37,   12531,  0.78,  -24333, -1.52
 938,425.00,  -10856, -0.34,   12647,  0.79,  -23503, -1.46
 939,426.00,   -9741, -0.30,   12573,  0.78,  -22314, -1.39
 940,427.00,   -8346, -0.26,   13224,  0.82,  -21570, -1.34
 941,428.00,   -8628, -0.27,   13809,  0.86,  -22437, -1.40
 942,429.00,   -7768, -0.24,   15745,  0.98,  -23513, -1.46
 943,430.00,   -6972, -0.22,   18768,  1.17,  -25740, -1.60
 944,431.00,   -7222, -0.22,   21188,  1.32,  -28410, -1.77
 945,432.00,   -6552, -0.20,   23665,  1.47,  -30217, -1.88
 946,433.00,   -4732, -0.15,   25315,  1.58,  -30047, -1.87
 947,434.00,   -1949, -0.06,   27613,  1.72,  -29562, -1.84
 948,435.00,    -271, -0.00,   28950,  1.80,  -29221, -1.82
 949,436.00,    1092,  0.03,   29530,  1.84,  -28438, -1.77
 950,437.00,    1683,  0.05,   30536,  1.90,  -28853, -1.80
 951,438.00,    2426,  0.08,   32173,  2.00,  -29747, -1.85
 952,439.00,    1676,  0.05,   32638,  2.03,  -30962, -1.93
 953,440.00,    1498,  0.05,   32792,  2.04,  -31294, -1.95
 954,441.00,    2541,  0.08,   33071,  2.06,  -30530, -1.90
 955,442.00,    3925,  0.12,   34004,  2.12,  -30079, -1.87
 956,443.00,    4794,  0.15,   34924,  2.18,  -30130, -1.88
 957,444.00,    4333,  0.13,   34957,  2.18,  -30624, -1.91
 958,445.00,    2615,  0.08,   34371,  2.14,  -31756, -1.98
 959,446.00,   -1128, -0.04,   32576,  2.03,  -33704, -2.10
 960,447.00,   -5334, -0.17,   29573,  1.84,  -34907, -2.17
 961,448.00,   -8950, -0.28,   26382,  1.64,  -35332, -2.20
 962,449.00,  -14294, -0.45,   23557,  1.47,  -37851, -2.36
 963,450.00,  -20304, -0.63,   21289,  1.33,  -41593, -2.59
 964,451.00,  -23171, -0.72,   20379,  1.27,  -43550, -2.71
 965,452.00,  -24667, -0.77,   18707,  1.17,  -43374, -2.70
 966,453.00,  -26128, -0.81,   17279,  1.08,  -43407, -2.70
 967,454.00,  -27033, -0.84,   16963,  1.06,  -43996, -2.74
 968,455.00,  -27528, -0.86,   17202,  1.07,  -44730, -2.79
 969,456.00,  -27036, -0.84,   17555,  1.09,  -44591, -2.78
 970,457.00,  -27164, -0.85,   17591,  1.10,  -44755, -2.79
 971,458.00,  -28307, -0.88,   16443,  1.02,  -44750, -2.79
 972,459.00,  -31359, -0.98,   13769,  0.86,  -45128, -2.81
 973,460.00,  -32369, -1.01,   12697,  0.79,  -45066, -2.81
 974,461.00,  -33050, -1.03,   12229,  0.76,  -45279, -2.82
 975,462.00,  -32713, -1.02,   11470,  0.71,  -44183, -2.75
 976,463.00,  -33659, -1.05,   10731,  0.67,  -44390, -2.76
 977,464.00,  -35277, -1.10,    9247,  0.58,  -44524, -2.77
 978,465.00,  -36681, -1.14,    7106,  0.44,  -43787, -2.73
 979,466.00,  -39188, -1.22,    4296,  0.27,  -43484, -2.71
 980,467.00,  -40975, -1.28,    2497,  0.16,  -43472, -2.71
 981,468.00,  -42184, -1.31,     795,  0.05,  -42979, -2.68
 982,469.00,  -42613, -1.33,       6,  0.00,  -42619, -2.65
 983,470.00,  -43886, -1.37,   -1734, -0.11,  -42152, -2.63
 984,471.00,  -44906, -1.40,   -4049, -0.25,  -40857, -2.54
 985,472.00,  -45874, -1.43,   -6031, -0.38,  -39843, -2.48
 986,473.00,  -47338, -1.47,   -8169, -0.51,  -39169, -2.44
 987,474.00,  -49100, -1.53,  -10610, -0.66,  -38490, -2.40
 988,475.00,  -51189, -1.59,  -13022, -0.81,  -38167, -2.38
 989,476.00,  -52743, -1.64,  -15016, -0.94,  -37727, -2.35
 990,477.00,  -52722, -1.64,  -16530, -1.03,  -36192, -2.25
 991,478.00,  -53093, -1.65,  -17323, -1.08,  -35770, -2.23
 992,479.00,  -53637, -1.67,  -18512, -1.15,  -35125, -2.19
 993,480.00,  -53820, -1.68,  -20262, -1.26,  -33558, -2.09
 994,481.00,  -51587, -1.61,  -20786, -1.29,  -30801, -1.92
 995,482.00,  -49502, -1.54,  -20843, -1.30,  -28659, -1.78
 996,483.00,  -46843, -1.46,  -19943, -1.24,  -26900, -1.68
 997,484.00,  -44939, -1.40,  -18841, -1.17,  -26098, -1.63
 998,485.00,  -44011, -1.37,  -18501, -1.15,  -25510, -1.59
 999,486.00,  -43660, -1.36,  -19050, -1.19,  -24610, -1.53
1000,487.00,  -43096, -1.34,  -19949, -1.24,  -23147, -1.44
1001,488.00,  -42686, -1.33,  -21022, -1.31,  -21664, -1.35
1002,489.00,  -41262, -1.28,  -20642, -1.29,  -20620, -1.28
1003,490.00,  -39777, -1.24,  -19863, -1.24,  -19914, -1.24
1004,491.00,  -39760, -1.24,  -19599, -1.22,  -20161, -1.26
1005,492.00,  -37767, -1.18,  -18618, -1.16,  -19149, -1.19
1006,493.00,  -35532, -1.11,  -18093, -1.13,  -17439, -1.09
1007,494.00,  -33393, -1.04,  -18038, -1.12,  -15355, -0.96
1008,495.00,  -30745, -0.96,  -17720, -1.10,  -13025, -0.81
1009,496.00,  -28061, -0.87,  -17504, -1.09,  -10557, -0.66
1010,497.00,  -24669, -0.77,  -16021, -1.00,   -8648, -0.54
1011,498.00,  -20991, -0.65,  -14014, -0.87,   -6977, -0.43
1012,499.00,  -17095, -0.53,  -12249, -0.76,   -4846, -0.30
1013,500.00,  -12561, -0.39,  -10302, -0.64,   -2259, -0.14
1014,501.00,   -7933, -0.25,   -7686, -0.48,    -247, -0.02
1015,502.00,   -3447, -0.11,   -4856, -0.30,    1409,  0.09
1016,503.00,    1082,  0.03,   -1499, -0.09,    2581,  0.16
1017,504.00,    4623,  0.14,     938,  0.06,    3685,  0.23
1018,505.00,    8476,  0.26,    3499,  0.22,    4977,  0.31
1019,506.00,   12463,  0.39,    6535,  0.41,    5928,  0.37
1020,507.00,   15827,  0.49,    8773,  0.55,    7054,  0.44
1021,508.00,   17791,  0.55,   10082,  0.63,    7709,  0.48
1022,509.00,   18955,  0.59,   10404,  0.65,    8551,  0.53
1023,510.00,   21251,  0.66,   11497,  0.72,    9754,  0.61
1024,511.00,   23705,  0.74,   13547,  0.84,   10158,  0.63
