-----------------------------------------------------------------------------------
Identifier:,IHS5922-20188301
File Name:,MDRP70A.2
Ear:,R
Channel:,1
Intensity:,70 dB HL
Stim. Rate:,  1.10/s
Stim. Mode:,0
Sweeps:,61
Artifacts:,2
Smp. Period:,1000.00 us
Amp. Gain:, 50.00 K
Low Pass:, 30.00 Hz
High Pass:,  1.00 Hz
Notch Filter:,TRUE
Stimulus:,100
Stim. Freq.:,1000 Hz
Stim. Dur.:,2000 pnts
Masking:,0 dB SPL
Stim. Point:,513
-----------------------------------------------------------------------------------
Peak Information:,Label,Peak(+),Peak(+)(ms),Peak(-),Peak(-)(ms)
,21, 887,374.00, 912,399.00,
-----------------------------------------------------------------------------------


Data Pnt:,Data Pnt(ms):,Average:,Average(uV):,Buffer1:,Buffer1(uV):,Buffer2:,Buffer2(uV):
   1,-512.00,       0,  0.00,       0,  0.00,       0,  0.00
   2,-511.00,       0,  0.00,       0,  0.00,       0,  0.00
   3,-510.00,       0,  0.00,       0,  0.00,       0,  0.00
   4,-509.00,       0,  0.00,       0,  0.00,       0,  0.00
   5,-508.00,       0,  0.00,       0,  0.00,       0,  0.00
   6,-507.00,       0,  0.00,       0,  0.00,       0,  0.00
   7,-506.00,       0,  0.00,       0,  0.00,       0,  0.00
   8,-505.00,       0,  0.00,       0,  0.00,       0,  0.00
   9,-504.00,       0,  0.00,       0,  0.00,       0,  0.00
  10,-503.00,       0,  0.00,       0,  0.00,       0,  0.00
  11,-502.00,       0,  0.00,       0,  0.00,       0,  0.00
  12,-501.00,       0,  0.00,       0,  0.00,       0,  0.00
  13,-500.00,       0,  0.00,       0,  0.00,       0,  0.00
  14,-499.00,       0,  0.00,       0,  0.00,       0,  0.00
  15,-498.00,       0,  0.00,       0,  0.00,       0,  0.00
  16,-497.00,       0,  0.00,       0,  0.00,       0,  0.00
  17,-496.00,       0,  0.00,       0,  0.00,       0,  0.00
  18,-495.00,       0,  0.00,       0,  0.00,       0,  0.00
  19,-494.00,       0,  0.00,       0,  0.00,       0,  0.00
  20,-493.00,       0,  0.00,       0,  0.00,       0,  0.00
  21,-492.00,       0,  0.00,       0,  0.00,       0,  0.00
  22,-491.00,       0,  0.00,       0,  0.00,       0,  0.00
  23,-490.00,       0,  0.00,       0,  0.00,       0,  0.00
  24,-489.00,       0,  0.00,       0,  0.00,       0,  0.00
  25,-488.00,       0,  0.00,       0,  0.00,       0,  0.00
  26,-487.00,       0,  0.00,       0,  0.00,       0,  0.00
  27,-486.00,       0,  0.00,       0,  0.00,       0,  0.00
  28,-485.00,       0,  0.00,       0,  0.00,       0,  0.00
  29,-484.00,       0,  0.00,       0,  0.00,       0,  0.00
  30,-483.00,       0,  0.00,       0,  0.00,       0,  0.00
  31,-482.00,       0,  0.00,       0,  0.00,       0,  0.00
  32,-481.00,       0,  0.00,       0,  0.00,       0,  0.00
  33,-480.00,       0,  0.00,       0,  0.00,       0,  0.00
  34,-479.00,       0,  0.00,       0,  0.00,       0,  0.00
  35,-478.00,       0,  0.00,       0,  0.00,       0,  0.00
  36,-477.00,       0,  0.00,       0,  0.00,       0,  0.00
  37,-476.00,       0,  0.00,       0,  0.00,       0,  0.00
  38,-475.00,       0,  0.00,       0,  0.00,       0,  0.00
  39,-474.00,       0,  0.00,       0,  0.00,       0,  0.00
  40,-473.00,       0,  0.00,       0,  0.00,       0,  0.00
  41,-472.00,       0,  0.00,       0,  0.00,       0,  0.00
  42,-471.00,       0,  0.00,       0,  0.00,       0,  0.00
  43,-470.00,       0,  0.00,       0,  0.00,       0,  0.00
  44,-469.00,       0,  0.00,       0,  0.00,       0,  0.00
  45,-468.00,       0,  0.00,       0,  0.00,       0,  0.00
  46,-467.00,       0,  0.00,       0,  0.00,       0,  0.00
  47,-466.00,       0,  0.00,       0,  0.00,       0,  0.00
  48,-465.00,       0,  0.00,       0,  0.00,       0,  0.00
  49,-464.00,       0,  0.00,       0,  0.00,       0,  0.00
  50,-463.00,       0,  0.00,       0,  0.00,       0,  0.00
  51,-462.00,       0,  0.00,       0,  0.00,       0,  0.00
  52,-461.00,       0,  0.00,       0,  0.00,       0,  0.00
  53,-460.00,       0,  0.00,       0,  0.00,       0,  0.00
  54,-459.00,       0,  0.00,       0,  0.00,       0,  0.00
  55,-458.00,       0,  0.00,       0,  0.00,       0,  0.00
  56,-457.00,       0,  0.00,       0,  0.00,       0,  0.00
  57,-456.00,       0,  0.00,       0,  0.00,       0,  0.00
  58,-455.00,       0,  0.00,       0,  0.00,       0,  0.00
  59,-454.00,       0,  0.00,       0,  0.00,       0,  0.00
  60,-453.00,       0,  0.00,       0,  0.00,       0,  0.00
  61,-452.00,       0,  0.00,       0,  0.00,       0,  0.00
  62,-451.00,       0,  0.00,       0,  0.00,       0,  0.00
  63,-450.00,       0,  0.00,       0,  0.00,       0,  0.00
  64,-449.00,       0,  0.00,       0,  0.00,       0,  0.00
  65,-448.00,       0,  0.00,       0,  0.00,       0,  0.00
  66,-447.00,       0,  0.00,       0,  0.00,       0,  0.00
  67,-446.00,       0,  0.00,       0,  0.00,       0,  0.00
  68,-445.00,       0,  0.00,       0,  0.00,       0,  0.00
  69,-444.00,       0,  0.00,       0,  0.00,       0,  0.00
  70,-443.00,       0,  0.00,       0,  0.00,       0,  0.00
  71,-442.00,       0,  0.00,       0,  0.00,       0,  0.00
  72,-441.00,       0,  0.00,       0,  0.00,       0,  0.00
  73,-440.00,       0,  0.00,       0,  0.00,       0,  0.00
  74,-439.00,       0,  0.00,       0,  0.00,       0,  0.00
  75,-438.00,       0,  0.00,       0,  0.00,       0,  0.00
  76,-437.00,       0,  0.00,       0,  0.00,       0,  0.00
  77,-436.00,       0,  0.00,       0,  0.00,       0,  0.00
  78,-435.00,       0,  0.00,       0,  0.00,       0,  0.00
  79,-434.00,       0,  0.00,       0,  0.00,       0,  0.00
  80,-433.00,       0,  0.00,       0,  0.00,       0,  0.00
  81,-432.00,       0,  0.00,       0,  0.00,       0,  0.00
  82,-431.00,       0,  0.00,       0,  0.00,       0,  0.00
  83,-430.00,       0,  0.00,       0,  0.00,       0,  0.00
  84,-429.00,       0,  0.00,       0,  0.00,       0,  0.00
  85,-428.00,       0,  0.00,       0,  0.00,       0,  0.00
  86,-427.00,       0,  0.00,       0,  0.00,       0,  0.00
  87,-426.00,       0,  0.00,       0,  0.00,       0,  0.00
  88,-425.00,       0,  0.00,       0,  0.00,       0,  0.00
  89,-424.00,       0,  0.00,       0,  0.00,       0,  0.00
  90,-423.00,       0,  0.00,       0,  0.00,       0,  0.00
  91,-422.00,       0,  0.00,       0,  0.00,       0,  0.00
  92,-421.00,       0,  0.00,       0,  0.00,       0,  0.00
  93,-420.00,       0,  0.00,       0,  0.00,       0,  0.00
  94,-419.00,       0,  0.00,       0,  0.00,       0,  0.00
  95,-418.00,       0,  0.00,       0,  0.00,       0,  0.00
  96,-417.00,       0,  0.00,       0,  0.00,       0,  0.00
  97,-416.00,       0,  0.00,       0,  0.00,       0,  0.00
  98,-415.00,       0,  0.00,       0,  0.00,       0,  0.00
  99,-414.00,       0,  0.00,       0,  0.00,       0,  0.00
 100,-413.00,       0,  0.00,       0,  0.00,       0,  0.00
 101,-412.00,       0,  0.00,       0,  0.00,       0,  0.00
 102,-411.00,       0,  0.00,       0,  0.00,       0,  0.00
 103,-410.00,       0,  0.00,       0,  0.00,       0,  0.00
 104,-409.00,       0,  0.00,       0,  0.00,       0,  0.00
 105,-408.00,       0,  0.00,       0,  0.00,       0,  0.00
 106,-407.00,       0,  0.00,       0,  0.00,       0,  0.00
 107,-406.00,       0,  0.00,       0,  0.00,       0,  0.00
 108,-405.00,       0,  0.00,       0,  0.00,       0,  0.00
 109,-404.00,       0,  0.00,       0,  0.00,       0,  0.00
 110,-403.00,       0,  0.00,       0,  0.00,       0,  0.00
 111,-402.00,       0,  0.00,       0,  0.00,       0,  0.00
 112,-401.00,       0,  0.00,       0,  0.00,       0,  0.00
 113,-400.00,       0,  0.00,       0,  0.00,       0,  0.00
 114,-399.00,       0,  0.00,       0,  0.00,       0,  0.00
 115,-398.00,       0,  0.00,       0,  0.00,       0,  0.00
 116,-397.00,  -10029, -1.00,  -10463, -2.13,     434,  0.09
 117,-396.00,  -13156, -1.32,  -12945, -2.63,    -211, -0.04
 118,-395.00,  -15567, -1.56,  -15238, -3.10,    -329, -0.07
 119,-394.00,  -17700, -1.77,  -16984, -3.46,    -716, -0.15
 120,-393.00,  -19748, -1.98,  -18442, -3.75,   -1306, -0.27
 121,-392.00,  -21516, -2.15,  -19497, -3.97,   -2019, -0.41
 122,-391.00,  -23192, -2.32,  -20849, -4.24,   -2343, -0.48
 123,-390.00,  -23859, -2.39,  -21804, -4.44,   -2055, -0.42
 124,-389.00,  -24856, -2.49,  -22741, -4.63,   -2115, -0.43
 125,-388.00,  -26427, -2.64,  -23885, -4.86,   -2542, -0.52
 126,-387.00,  -27464, -2.75,  -24638, -5.01,   -2826, -0.57
 127,-386.00,  -28059, -2.81,  -25351, -5.16,   -2708, -0.55
 128,-385.00,  -28222, -2.82,  -25556, -5.20,   -2666, -0.54
 129,-384.00,  -28058, -2.81,  -25533, -5.19,   -2525, -0.51
 130,-383.00,  -28124, -2.81,  -25493, -5.19,   -2631, -0.54
 131,-382.00,  -28147, -2.82,  -25514, -5.19,   -2633, -0.54
 132,-381.00,  -27882, -2.79,  -25226, -5.13,   -2656, -0.54
 133,-380.00,  -27120, -2.71,  -24318, -4.95,   -2802, -0.57
 134,-379.00,  -26559, -2.66,  -23779, -4.84,   -2780, -0.57
 135,-378.00,  -26005, -2.60,  -22880, -4.66,   -3125, -0.64
 136,-377.00,  -25721, -2.57,  -22360, -4.55,   -3361, -0.68
 137,-376.00,  -25788, -2.58,  -21904, -4.46,   -3884, -0.79
 138,-375.00,  -26543, -2.66,  -21831, -4.44,   -4712, -0.96
 139,-374.00,  -27366, -2.74,  -21812, -4.44,   -5554, -1.13
 140,-373.00,  -28002, -2.80,  -21284, -4.33,   -6718, -1.37
 141,-372.00,  -28558, -2.86,  -20706, -4.21,   -7852, -1.60
 142,-371.00,  -28761, -2.88,  -20149, -4.10,   -8612, -1.75
 143,-370.00,  -29499, -2.95,  -19981, -4.07,   -9518, -1.94
 144,-369.00,  -30479, -3.05,  -19710, -4.01,  -10769, -2.19
 145,-368.00,  -31192, -3.12,  -19784, -4.03,  -11408, -2.32
 146,-367.00,  -32224, -3.22,  -20119, -4.09,  -12105, -2.46
 147,-366.00,  -32604, -3.26,  -19649, -4.00,  -12955, -2.64
 148,-365.00,  -32561, -3.26,  -18890, -3.84,  -13671, -2.78
 149,-364.00,  -32808, -3.28,  -18554, -3.77,  -14254, -2.90
 150,-363.00,  -33700, -3.37,  -18527, -3.77,  -15173, -3.09
 151,-362.00,  -34219, -3.42,  -18186, -3.70,  -16033, -3.26
 152,-361.00,  -34512, -3.45,  -17903, -3.64,  -16609, -3.38
 153,-360.00,  -34392, -3.44,  -17838, -3.63,  -16554, -3.37
 154,-359.00,  -34309, -3.43,  -17974, -3.66,  -16335, -3.32
 155,-358.00,  -34616, -3.46,  -18289, -3.72,  -16327, -3.32
 156,-357.00,  -34570, -3.46,  -18363, -3.74,  -16207, -3.30
 157,-356.00,  -33849, -3.39,  -18424, -3.75,  -15425, -3.14
 158,-355.00,  -32322, -3.23,  -17894, -3.64,  -14428, -2.94
 159,-354.00,  -30750, -3.08,  -17480, -3.56,  -13270, -2.70
 160,-353.00,  -29066, -2.91,  -17062, -3.47,  -12004, -2.44
 161,-352.00,  -27786, -2.78,  -16858, -3.43,  -10928, -2.22
 162,-351.00,  -27176, -2.72,  -16725, -3.40,  -10451, -2.13
 163,-350.00,  -26429, -2.64,  -17044, -3.47,   -9385, -1.91
 164,-349.00,  -26007, -2.60,  -17682, -3.60,   -8325, -1.69
 165,-348.00,  -25121, -2.51,  -17970, -3.66,   -7151, -1.45
 166,-347.00,  -23657, -2.37,  -17794, -3.62,   -5863, -1.19
 167,-346.00,  -21918, -2.19,  -17235, -3.51,   -4683, -0.95
 168,-345.00,  -19865, -1.99,  -16647, -3.39,   -3218, -0.65
 169,-344.00,  -17135, -1.71,  -15579, -3.17,   -1556, -0.32
 170,-343.00,  -14779, -1.48,  -14653, -2.98,    -126, -0.03
 171,-342.00,  -13320, -1.33,  -14178, -2.88,     858,  0.17
 172,-341.00,  -11869, -1.19,  -13534, -2.75,    1665,  0.34
 173,-340.00,  -10388, -1.04,  -12958, -2.64,    2570,  0.52
 174,-339.00,   -9650, -0.97,  -12623, -2.57,    2973,  0.60
 175,-338.00,   -8915, -0.89,  -12281, -2.50,    3366,  0.68
 176,-337.00,   -7685, -0.77,  -11674, -2.38,    3989,  0.81
 177,-336.00,   -5979, -0.60,  -10759, -2.19,    4780,  0.97
 178,-335.00,   -4371, -0.44,   -9734, -1.98,    5363,  1.09
 179,-334.00,   -3073, -0.31,   -8408, -1.71,    5335,  1.09
 180,-333.00,   -2832, -0.28,   -7948, -1.62,    5116,  1.04
 181,-332.00,   -3103, -0.31,   -7841, -1.60,    4738,  0.96
 182,-331.00,   -3104, -0.31,   -7682, -1.56,    4578,  0.93
 183,-330.00,   -3190, -0.32,   -7439, -1.51,    4249,  0.86
 184,-329.00,   -3887, -0.39,   -7452, -1.52,    3565,  0.73
 185,-328.00,   -4903, -0.49,   -7498, -1.53,    2595,  0.53
 186,-327.00,   -5454, -0.55,   -6916, -1.41,    1462,  0.30
 187,-326.00,   -6575, -0.66,   -6811, -1.39,     236,  0.05
 188,-325.00,   -7170, -0.72,   -6761, -1.38,    -409, -0.08
 189,-324.00,   -8084, -0.81,   -6606, -1.34,   -1478, -0.30
 190,-323.00,   -8730, -0.87,   -6200, -1.26,   -2530, -0.51
 191,-322.00,   -9801, -0.98,   -6116, -1.24,   -3685, -0.75
 192,-321.00,  -10731, -1.07,   -5884, -1.20,   -4847, -0.99
 193,-320.00,  -11835, -1.18,   -5771, -1.17,   -6064, -1.23
 194,-319.00,  -13252, -1.33,   -6040, -1.23,   -7212, -1.47
 195,-318.00,  -14716, -1.47,   -6207, -1.26,   -8509, -1.73
 196,-317.00,  -15792, -1.58,   -6120, -1.25,   -9672, -1.97
 197,-316.00,  -16324, -1.63,   -5871, -1.19,  -10453, -2.13
 198,-315.00,  -17014, -1.70,   -6067, -1.23,  -10947, -2.23
 199,-314.00,  -17120, -1.71,   -6087, -1.24,  -11033, -2.24
 200,-313.00,  -16943, -1.70,   -5572, -1.13,  -11371, -2.31
 201,-312.00,  -16551, -1.66,   -4987, -1.01,  -11564, -2.35
 202,-311.00,  -16039, -1.60,   -4568, -0.93,  -11471, -2.33
 203,-310.00,  -15647, -1.57,   -4448, -0.90,  -11199, -2.28
 204,-309.00,  -15127, -1.51,   -4389, -0.89,  -10738, -2.18
 205,-308.00,  -14383, -1.44,   -4289, -0.87,  -10094, -2.05
 206,-307.00,  -13056, -1.31,   -3717, -0.76,   -9339, -1.90
 207,-306.00,  -11150, -1.12,   -3000, -0.61,   -8150, -1.66
 208,-305.00,   -8976, -0.90,   -2277, -0.46,   -6699, -1.36
 209,-304.00,   -7986, -0.80,   -2386, -0.49,   -5600, -1.14
 210,-303.00,   -7526, -0.75,   -2690, -0.55,   -4836, -0.98
 211,-302.00,   -6967, -0.70,   -2821, -0.57,   -4146, -0.84
 212,-301.00,   -6318, -0.63,   -2839, -0.58,   -3479, -0.71
 213,-300.00,   -5235, -0.52,   -2607, -0.53,   -2628, -0.53
 214,-299.00,   -4343, -0.43,   -2688, -0.55,   -1655, -0.34
 215,-298.00,   -3678, -0.37,   -3097, -0.63,    -581, -0.12
 216,-297.00,   -3783, -0.38,   -3843, -0.78,      60,  0.01
 217,-296.00,   -3555, -0.36,   -4469, -0.91,     914,  0.19
 218,-295.00,   -4027, -0.40,   -5468, -1.11,    1441,  0.29
 219,-294.00,   -5000, -0.50,   -6850, -1.39,    1850,  0.38
 220,-293.00,   -5530, -0.55,   -8166, -1.66,    2636,  0.54
 221,-292.00,   -5627, -0.56,   -8621, -1.75,    2994,  0.61
 222,-291.00,   -5559, -0.56,   -9000, -1.83,    3441,  0.70
 223,-290.00,   -6028, -0.60,   -9947, -2.02,    3919,  0.80
 224,-289.00,   -6689, -0.67,  -10536, -2.14,    3847,  0.78
 225,-288.00,   -7765, -0.78,  -11364, -2.31,    3599,  0.73
 226,-287.00,   -8327, -0.83,  -11710, -2.38,    3383,  0.69
 227,-286.00,   -8184, -0.82,  -11353, -2.31,    3169,  0.64
 228,-285.00,   -8013, -0.80,  -11100, -2.26,    3087,  0.63
 229,-284.00,   -8502, -0.85,  -11214, -2.28,    2712,  0.55
 230,-283.00,   -8492, -0.85,  -11252, -2.29,    2760,  0.56
 231,-282.00,   -7967, -0.80,  -10879, -2.21,    2912,  0.59
 232,-281.00,   -7464, -0.75,  -10253, -2.09,    2789,  0.57
 233,-280.00,   -7586, -0.76,   -9736, -1.98,    2150,  0.44
 234,-279.00,   -7408, -0.74,   -9086, -1.85,    1678,  0.34
 235,-278.00,   -7118, -0.71,   -8473, -1.72,    1355,  0.28
 236,-277.00,   -6756, -0.68,   -7861, -1.60,    1105,  0.22
 237,-276.00,   -6621, -0.66,   -7443, -1.51,     822,  0.17
 238,-275.00,   -5791, -0.58,   -6312, -1.28,     521,  0.11
 239,-274.00,   -5690, -0.57,   -5796, -1.18,     106,  0.02
 240,-273.00,   -6075, -0.61,   -5551, -1.13,    -524, -0.11
 241,-272.00,   -5964, -0.60,   -5114, -1.04,    -850, -0.17
 242,-271.00,   -5906, -0.59,   -4941, -1.01,    -965, -0.20
 243,-270.00,   -5784, -0.58,   -4474, -0.91,   -1310, -0.27
 244,-269.00,   -6123, -0.61,   -4097, -0.83,   -2026, -0.41
 245,-268.00,   -7113, -0.71,   -3791, -0.77,   -3322, -0.68
 246,-267.00,   -7709, -0.77,   -3312, -0.67,   -4397, -0.89
 247,-266.00,   -8233, -0.82,   -3058, -0.62,   -5175, -1.05
 248,-265.00,   -9115, -0.91,   -3001, -0.61,   -6114, -1.24
 249,-264.00,   -9958, -1.00,   -3312, -0.67,   -6646, -1.35
 250,-263.00,  -11392, -1.14,   -4032, -0.82,   -7360, -1.50
 251,-262.00,  -12301, -1.23,   -4029, -0.82,   -8272, -1.68
 252,-261.00,  -13038, -1.30,   -3733, -0.76,   -9305, -1.89
 253,-260.00,  -14331, -1.43,   -3868, -0.79,  -10463, -2.13
 254,-259.00,  -15818, -1.58,   -4247, -0.86,  -11571, -2.35
 255,-258.00,  -16615, -1.66,   -4387, -0.89,  -12228, -2.49
 256,-257.00,  -17693, -1.77,   -4805, -0.98,  -12888, -2.62
 257,-256.00,  -18507, -1.85,   -5131, -1.04,  -13376, -2.72
 258,-255.00,  -19296, -1.93,   -5395, -1.10,  -13901, -2.83
 259,-254.00,  -19837, -1.98,   -5700, -1.16,  -14137, -2.88
 260,-253.00,  -20668, -2.07,   -6436, -1.31,  -14232, -2.90
 261,-252.00,  -20242, -2.03,   -6325, -1.29,  -13917, -2.83
 262,-251.00,  -20709, -2.07,   -7131, -1.45,  -13578, -2.76
 263,-250.00,  -20683, -2.07,   -7459, -1.52,  -13224, -2.69
 264,-249.00,  -20468, -2.05,   -7735, -1.57,  -12733, -2.59
 265,-248.00,  -20581, -2.06,   -7975, -1.62,  -12606, -2.56
 266,-247.00,  -21066, -2.11,   -8657, -1.76,  -12409, -2.52
 267,-246.00,  -20698, -2.07,   -8839, -1.80,  -11859, -2.41
 268,-245.00,  -20064, -2.01,   -8783, -1.79,  -11281, -2.30
 269,-244.00,  -20182, -2.02,   -9317, -1.90,  -10865, -2.21
 270,-243.00,  -20706, -2.07,  -10250, -2.09,  -10456, -2.13
 271,-242.00,  -20766, -2.08,  -10585, -2.15,  -10181, -2.07
 272,-241.00,  -21004, -2.10,  -11040, -2.25,   -9964, -2.03
 273,-240.00,  -21454, -2.15,  -11919, -2.43,   -9535, -1.94
 274,-239.00,  -21426, -2.14,  -12587, -2.56,   -8839, -1.80
 275,-238.00,  -21728, -2.17,  -13651, -2.78,   -8077, -1.64
 276,-237.00,  -21549, -2.16,  -14312, -2.91,   -7237, -1.47
 277,-236.00,  -21414, -2.14,  -14891, -3.03,   -6523, -1.33
 278,-235.00,  -21119, -2.11,  -15108, -3.07,   -6011, -1.22
 279,-234.00,  -21009, -2.10,  -15705, -3.20,   -5304, -1.08
 280,-233.00,  -20960, -2.10,  -15999, -3.26,   -4961, -1.01
 281,-232.00,  -20951, -2.10,  -16257, -3.31,   -4694, -0.96
 282,-231.00,  -21074, -2.11,  -16549, -3.37,   -4525, -0.92
 283,-230.00,  -21823, -2.18,  -17121, -3.48,   -4702, -0.96
 284,-229.00,  -22736, -2.27,  -17933, -3.65,   -4803, -0.98
 285,-228.00,  -23318, -2.33,  -18461, -3.76,   -4857, -0.99
 286,-227.00,  -24032, -2.40,  -19039, -3.87,   -4993, -1.02
 287,-226.00,  -24664, -2.47,  -19499, -3.97,   -5165, -1.05
 288,-225.00,  -25792, -2.58,  -20361, -4.14,   -5431, -1.10
 289,-224.00,  -26988, -2.70,  -21676, -4.41,   -5312, -1.08
 290,-223.00,  -27793, -2.78,  -22733, -4.63,   -5060, -1.03
 291,-222.00,  -28465, -2.85,  -23387, -4.76,   -5078, -1.03
 292,-221.00,  -29897, -2.99,  -24159, -4.92,   -5738, -1.17
 293,-220.00,  -31066, -3.11,  -24906, -5.07,   -6160, -1.25
 294,-219.00,  -32778, -3.28,  -25775, -5.24,   -7003, -1.42
 295,-218.00,  -34559, -3.46,  -26840, -5.46,   -7719, -1.57
 296,-217.00,  -35960, -3.60,  -27983, -5.69,   -7977, -1.62
 297,-216.00,  -36796, -3.68,  -28439, -5.79,   -8357, -1.70
 298,-215.00,  -37375, -3.74,  -28609, -5.82,   -8766, -1.78
 299,-214.00,  -38392, -3.84,  -29024, -5.91,   -9368, -1.91
 300,-213.00,  -39345, -3.94,  -29429, -5.99,   -9916, -2.02
 301,-212.00,  -40858, -4.09,  -30017, -6.11,  -10841, -2.21
 302,-211.00,  -42411, -4.24,  -30399, -6.18,  -12012, -2.44
 303,-210.00,  -43032, -4.31,  -30411, -6.19,  -12621, -2.57
 304,-209.00,  -43704, -4.37,  -30556, -6.22,  -13148, -2.68
 305,-208.00,  -44739, -4.48,  -30782, -6.26,  -13957, -2.84
 306,-207.00,  -44695, -4.47,  -30302, -6.17,  -14393, -2.93
 307,-206.00,  -44547, -4.46,  -29863, -6.08,  -14684, -2.99
 308,-205.00,  -44894, -4.49,  -29848, -6.07,  -15046, -3.06
 309,-204.00,  -44723, -4.48,  -29785, -6.06,  -14938, -3.04
 310,-203.00,  -45263, -4.53,  -30287, -6.16,  -14976, -3.05
 311,-202.00,  -46095, -4.61,  -30819, -6.27,  -15276, -3.11
 312,-201.00,  -45763, -4.58,  -30813, -6.27,  -14950, -3.04
 313,-200.00,  -45762, -4.58,  -30995, -6.31,  -14767, -3.00
 314,-199.00,  -45865, -4.59,  -31390, -6.39,  -14475, -2.95
 315,-198.00,  -45793, -4.58,  -31866, -6.48,  -13927, -2.83
 316,-197.00,  -45271, -4.53,  -32060, -6.52,  -13211, -2.69
 317,-196.00,  -44910, -4.49,  -32340, -6.58,  -12570, -2.56
 318,-195.00,  -44642, -4.47,  -32947, -6.70,  -11695, -2.38
 319,-194.00,  -43660, -4.37,  -33117, -6.74,  -10543, -2.15
 320,-193.00,  -43230, -4.33,  -33529, -6.82,   -9701, -1.97
 321,-192.00,  -43136, -4.32,  -33781, -6.87,   -9355, -1.90
 322,-191.00,  -43169, -4.32,  -34233, -6.96,   -8936, -1.82
 323,-190.00,  -43535, -4.36,  -34764, -7.07,   -8771, -1.78
 324,-189.00,  -43376, -4.34,  -35077, -7.14,   -8299, -1.69
 325,-188.00,  -42842, -4.29,  -34902, -7.10,   -7940, -1.62
 326,-187.00,  -42141, -4.22,  -34533, -7.03,   -7608, -1.55
 327,-186.00,  -41062, -4.11,  -34087, -6.94,   -6975, -1.42
 328,-185.00,  -39802, -3.98,  -34020, -6.92,   -5782, -1.18
 329,-184.00,  -38524, -3.85,  -33967, -6.91,   -4557, -0.93
 330,-183.00,  -38699, -3.87,  -34109, -6.94,   -4590, -0.93
 331,-182.00,  -38504, -3.85,  -33934, -6.90,   -4570, -0.93
 332,-181.00,  -38069, -3.81,  -33782, -6.87,   -4287, -0.87
 333,-180.00,  -37549, -3.76,  -33780, -6.87,   -3769, -0.77
 334,-179.00,  -37091, -3.71,  -33749, -6.87,   -3342, -0.68
 335,-178.00,  -35978, -3.60,  -33355, -6.79,   -2623, -0.53
 336,-177.00,  -35473, -3.55,  -32921, -6.70,   -2552, -0.52
 337,-176.00,  -35527, -3.55,  -32756, -6.66,   -2771, -0.56
 338,-175.00,  -34628, -3.46,  -31691, -6.45,   -2937, -0.60
 339,-174.00,  -33529, -3.35,  -30300, -6.16,   -3229, -0.66
 340,-173.00,  -32680, -3.27,  -29431, -5.99,   -3249, -0.66
 341,-172.00,  -32494, -3.25,  -29201, -5.94,   -3293, -0.67
 342,-171.00,  -32833, -3.29,  -29227, -5.95,   -3606, -0.73
 343,-170.00,  -32692, -3.27,  -28877, -5.88,   -3815, -0.78
 344,-169.00,  -32482, -3.25,  -28347, -5.77,   -4135, -0.84
 345,-168.00,  -32160, -3.22,  -27650, -5.63,   -4510, -0.92
 346,-167.00,  -31585, -3.16,  -26760, -5.44,   -4825, -0.98
 347,-166.00,  -30986, -3.10,  -26103, -5.31,   -4883, -0.99
 348,-165.00,  -30116, -3.01,  -25353, -5.16,   -4763, -0.97
 349,-164.00,  -28975, -2.90,  -24711, -5.03,   -4264, -0.87
 350,-163.00,  -28095, -2.81,  -23981, -4.88,   -4114, -0.84
 351,-162.00,  -27134, -2.72,  -23437, -4.77,   -3697, -0.75
 352,-161.00,  -26094, -2.61,  -22741, -4.63,   -3353, -0.68
 353,-160.00,  -25564, -2.56,  -22186, -4.51,   -3378, -0.69
 354,-159.00,  -24388, -2.44,  -21819, -4.44,   -2569, -0.52
 355,-158.00,  -23739, -2.38,  -21684, -4.41,   -2055, -0.42
 356,-157.00,  -22429, -2.24,  -21349, -4.34,   -1080, -0.22
 357,-156.00,  -20708, -2.07,  -20693, -4.21,     -15, -0.00
 358,-155.00,  -19392, -1.94,  -20357, -4.14,     965,  0.20
 359,-154.00,  -18468, -1.85,  -19817, -4.03,    1349,  0.27
 360,-153.00,  -18028, -1.80,  -19432, -3.95,    1404,  0.29
 361,-152.00,  -17089, -1.71,  -18912, -3.85,    1823,  0.37
 362,-151.00,  -16358, -1.64,  -18437, -3.75,    2079,  0.42
 363,-150.00,  -15640, -1.56,  -17640, -3.59,    2000,  0.41
 364,-149.00,  -14329, -1.43,  -16810, -3.42,    2481,  0.50
 365,-148.00,  -13111, -1.31,  -15685, -3.19,    2574,  0.52
 366,-147.00,  -11468, -1.15,  -14311, -2.91,    2843,  0.58
 367,-146.00,  -10039, -1.00,  -12778, -2.60,    2739,  0.56
 368,-145.00,   -8827, -0.88,  -11280, -2.29,    2453,  0.50
 369,-144.00,   -7939, -0.79,   -9941, -2.02,    2002,  0.41
 370,-143.00,   -7721, -0.77,   -8787, -1.79,    1066,  0.22
 371,-142.00,   -7660, -0.77,   -7517, -1.53,    -143, -0.03
 372,-141.00,   -7656, -0.77,   -6472, -1.32,   -1184, -0.24
 373,-140.00,   -7264, -0.73,   -5058, -1.03,   -2206, -0.45
 374,-139.00,   -7077, -0.71,   -3822, -0.78,   -3255, -0.66
 375,-138.00,   -6975, -0.70,   -2532, -0.52,   -4443, -0.90
 376,-137.00,   -6220, -0.62,   -1062, -0.22,   -5158, -1.05
 377,-136.00,   -5271, -0.53,      41,  0.00,   -5312, -1.08
 378,-135.00,   -4646, -0.46,    1052,  0.21,   -5698, -1.16
 379,-134.00,   -4206, -0.42,    2071,  0.42,   -6277, -1.28
 380,-133.00,   -4063, -0.41,    3094,  0.63,   -7157, -1.46
 381,-132.00,   -4532, -0.45,    3746,  0.76,   -8278, -1.68
 382,-131.00,   -5482, -0.55,    4390,  0.89,   -9872, -2.01
 383,-130.00,   -5970, -0.60,    4920,  1.00,  -10890, -2.22
 384,-129.00,   -6788, -0.68,    5395,  1.10,  -12183, -2.48
 385,-128.00,   -7673, -0.77,    5768,  1.17,  -13441, -2.73
 386,-127.00,   -8737, -0.87,    5734,  1.17,  -14471, -2.94
 387,-126.00,  -10217, -1.02,    5330,  1.08,  -15547, -3.16
 388,-125.00,  -11054, -1.11,    5002,  1.02,  -16056, -3.27
 389,-124.00,  -11315, -1.13,    5074,  1.03,  -16389, -3.33
 390,-123.00,  -11863, -1.19,    4697,  0.96,  -16560, -3.37
 391,-122.00,  -12656, -1.27,    4233,  0.86,  -16889, -3.44
 392,-121.00,  -12868, -1.29,    3659,  0.74,  -16527, -3.36
 393,-120.00,  -13667, -1.37,    2847,  0.58,  -16514, -3.36
 394,-119.00,  -15195, -1.52,    2133,  0.43,  -17328, -3.53
 395,-118.00,  -17531, -1.75,    1107,  0.23,  -18638, -3.79
 396,-117.00,  -19374, -1.94,      19,  0.00,  -19393, -3.95
 397,-116.00,  -20419, -2.04,    -851, -0.17,  -19568, -3.98
 398,-115.00,  -22010, -2.20,   -1797, -0.37,  -20213, -4.11
 399,-114.00,  -22791, -2.28,   -2710, -0.55,  -20081, -4.09
 400,-113.00,  -22663, -2.27,   -3438, -0.70,  -19225, -3.91
 401,-112.00,  -22463, -2.25,   -4393, -0.89,  -18070, -3.68
 402,-111.00,  -22197, -2.22,   -5005, -1.02,  -17192, -3.50
 403,-110.00,  -22356, -2.24,   -5648, -1.15,  -16708, -3.40
 404,-109.00,  -22442, -2.25,   -5807, -1.18,  -16635, -3.38
 405,-108.00,  -22482, -2.25,   -5996, -1.22,  -16486, -3.35
 406,-107.00,  -22736, -2.27,   -6111, -1.24,  -16625, -3.38
 407,-106.00,  -22641, -2.27,   -5990, -1.22,  -16651, -3.39
 408,-105.00,  -22382, -2.24,   -5801, -1.18,  -16581, -3.37
 409,-104.00,  -21780, -2.18,   -5403, -1.10,  -16377, -3.33
 410,-103.00,  -21170, -2.12,   -5017, -1.02,  -16153, -3.29
 411,-102.00,  -19761, -1.98,   -4583, -0.93,  -15178, -3.09
 412,-101.00,  -18840, -1.89,   -4193, -0.85,  -14647, -2.98
 413,-100.00,  -17884, -1.79,   -4167, -0.85,  -13717, -2.79
 414,-99.00,  -16855, -1.69,   -4018, -0.82,  -12837, -2.61
 415,-98.00,  -16110, -1.61,   -4228, -0.86,  -11882, -2.42
 416,-97.00,  -15663, -1.57,   -4542, -0.92,  -11121, -2.26
 417,-96.00,  -14413, -1.44,   -4335, -0.88,  -10078, -2.05
 418,-95.00,  -12752, -1.28,   -3771, -0.77,   -8981, -1.83
 419,-94.00,  -11454, -1.15,   -3051, -0.62,   -8403, -1.71
 420,-93.00,   -9617, -0.96,   -1989, -0.40,   -7628, -1.55
 421,-92.00,   -7664, -0.77,    -806, -0.16,   -6858, -1.40
 422,-91.00,   -5889, -0.59,     338,  0.07,   -6227, -1.27
 423,-90.00,   -4544, -0.45,    1258,  0.26,   -5802, -1.18
 424,-89.00,   -3113, -0.31,    2268,  0.46,   -5381, -1.09
 425,-88.00,   -2312, -0.23,    2849,  0.58,   -5161, -1.05
 426,-87.00,   -1440, -0.14,    3520,  0.72,   -4960, -1.01
 427,-86.00,    -236, -0.02,    4330,  0.88,   -4566, -0.93
 428,-85.00,    1246,  0.12,    5610,  1.14,   -4364, -0.89
 429,-84.00,    2191,  0.22,    6590,  1.34,   -4399, -0.90
 430,-83.00,    2754,  0.28,    7381,  1.50,   -4627, -0.94
 431,-82.00,    3460,  0.35,    7996,  1.63,   -4536, -0.92
 432,-81.00,    4010,  0.40,    8793,  1.79,   -4783, -0.97
 433,-80.00,    4515,  0.45,    9409,  1.91,   -4894, -1.00
 434,-79.00,    5412,  0.54,    9920,  2.02,   -4508, -0.92
 435,-78.00,    5452,  0.55,   10305,  2.10,   -4853, -0.99
 436,-77.00,    5106,  0.51,   10707,  2.18,   -5601, -1.14
 437,-76.00,    5478,  0.55,   11054,  2.25,   -5576, -1.13
 438,-75.00,    5585,  0.56,   11086,  2.26,   -5501, -1.12
 439,-74.00,    5935,  0.59,   11206,  2.28,   -5271, -1.07
 440,-73.00,    6351,  0.64,   11182,  2.28,   -4831, -0.98
 441,-72.00,    6447,  0.65,   10947,  2.23,   -4500, -0.92
 442,-71.00,    5825,  0.58,   10479,  2.13,   -4654, -0.95
 443,-70.00,    6138,  0.61,   10443,  2.12,   -4305, -0.88
 444,-69.00,    6997,  0.70,   10394,  2.11,   -3397, -0.69
 445,-68.00,    7561,  0.76,   10314,  2.10,   -2753, -0.56
 446,-67.00,    8062,  0.81,    9912,  2.02,   -1850, -0.38
 447,-66.00,    8870,  0.89,    9878,  2.01,   -1008, -0.21
 448,-65.00,    9307,  0.93,    9742,  1.98,    -435, -0.09
 449,-64.00,    9416,  0.94,    9576,  1.95,    -160, -0.03
 450,-63.00,    9339,  0.93,    9454,  1.92,    -115, -0.02
 451,-62.00,   10232,  1.02,    9655,  1.96,     577,  0.12
 452,-61.00,   10571,  1.06,    9367,  1.91,    1204,  0.24
 453,-60.00,   10886,  1.09,    8597,  1.75,    2289,  0.47
 454,-59.00,   10642,  1.06,    7430,  1.51,    3212,  0.65
 455,-58.00,    9909,  0.99,    6352,  1.29,    3557,  0.72
 456,-57.00,    9150,  0.92,    5387,  1.10,    3763,  0.77
 457,-56.00,    8577,  0.86,    4360,  0.89,    4217,  0.86
 458,-55.00,    7931,  0.79,    3330,  0.68,    4601,  0.94
 459,-54.00,    7396,  0.74,    2042,  0.42,    5354,  1.09
 460,-53.00,    7097,  0.71,    1011,  0.21,    6086,  1.24
 461,-52.00,    5964,  0.60,    -343, -0.07,    6307,  1.28
 462,-51.00,    4650,  0.47,   -1919, -0.39,    6569,  1.34
 463,-50.00,    3593,  0.36,   -3159, -0.64,    6752,  1.37
 464,-49.00,    3119,  0.31,   -4220, -0.86,    7339,  1.49
 465,-48.00,    2883,  0.29,   -5123, -1.04,    8006,  1.63
 466,-47.00,    2844,  0.28,   -5922, -1.20,    8766,  1.78
 467,-46.00,    2762,  0.28,   -6908, -1.41,    9670,  1.97
 468,-45.00,    3349,  0.34,   -7501, -1.53,   10850,  2.21
 469,-44.00,    4196,  0.42,   -7880, -1.60,   12076,  2.46
 470,-43.00,    5791,  0.58,   -7740, -1.57,   13531,  2.75
 471,-42.00,    7422,  0.74,   -7279, -1.48,   14701,  2.99
 472,-41.00,    8605,  0.86,   -7066, -1.44,   15671,  3.19
 473,-40.00,    9459,  0.95,   -6987, -1.42,   16446,  3.35
 474,-39.00,   10452,  1.05,   -6582, -1.34,   17034,  3.47
 475,-38.00,   11420,  1.14,   -6370, -1.30,   17790,  3.62
 476,-37.00,   12517,  1.25,   -6406, -1.30,   18923,  3.85
 477,-36.00,   13837,  1.38,   -6292, -1.28,   20129,  4.10
 478,-35.00,   15430,  1.54,   -6078, -1.24,   21508,  4.38
 479,-34.00,   15735,  1.57,   -6049, -1.23,   21784,  4.43
 480,-33.00,   15690,  1.57,   -6213, -1.26,   21903,  4.46
 481,-32.00,   16088,  1.61,   -6227, -1.27,   22315,  4.54
 482,-31.00,   16011,  1.60,   -6349, -1.29,   22360,  4.55
 483,-30.00,   15299,  1.53,   -7118, -1.45,   22417,  4.56
 484,-29.00,   14386,  1.44,   -8098, -1.65,   22484,  4.57
 485,-28.00,   13767,  1.38,   -9007, -1.83,   22774,  4.63
 486,-27.00,   13042,  1.30,   -9616, -1.96,   22658,  4.61
 487,-26.00,   11764,  1.18,  -10488, -2.13,   22252,  4.53
 488,-25.00,   10545,  1.06,  -11658, -2.37,   22203,  4.52
 489,-24.00,    9000,  0.90,  -13159, -2.68,   22159,  4.51
 490,-23.00,    7327,  0.73,  -14681, -2.99,   22008,  4.48
 491,-22.00,    5122,  0.51,  -16391, -3.33,   21513,  4.38
 492,-21.00,    2843,  0.28,  -18146, -3.69,   20989,  4.27
 493,-20.00,     245,  0.02,  -20029, -4.08,   20274,  4.12
 494,-19.00,   -2187, -0.22,  -21679, -4.41,   19492,  3.97
 495,-18.00,   -4845, -0.48,  -23154, -4.71,   18309,  3.73
 496,-17.00,   -7486, -0.75,  -24722, -5.03,   17236,  3.51
 497,-16.00,   -9495, -0.95,  -25872, -5.26,   16377,  3.33
 498,-15.00,  -11278, -1.13,  -27036, -5.50,   15758,  3.21
 499,-14.00,  -13044, -1.31,  -27997, -5.70,   14953,  3.04
 500,-13.00,  -14983, -1.50,  -28762, -5.85,   13779,  2.80
 501,-12.00,  -16296, -1.63,  -28873, -5.87,   12577,  2.56
 502,-11.00,  -17419, -1.74,  -28948, -5.89,   11529,  2.35
 503,-10.00,  -18693, -1.87,  -29142, -5.93,   10449,  2.13
 504,-9.00,  -19264, -1.93,  -28592, -5.82,    9328,  1.90
 505,-8.00,  -19422, -1.94,  -27534, -5.60,    8112,  1.65
 506,-7.00,  -19426, -1.94,  -26090, -5.31,    6664,  1.36
 507,-6.00,  -19206, -1.92,  -24582, -5.00,    5376,  1.09
 508,-5.00,  -18689, -1.87,  -22877, -4.65,    4188,  0.85
 509,-4.00,  -17524, -1.75,  -20698, -4.21,    3174,  0.65
 510,-3.00,  -16248, -1.63,  -18502, -3.76,    2254,  0.46
 511,-2.00,  -14629, -1.46,  -16078, -3.27,    1449,  0.29
 512,-1.00,  -13371, -1.34,  -14120, -2.87,     749,  0.15
 513,0.00,  -12215, -1.22,  -12004, -2.44,    -211, -0.04
 514,1.00,  -11098, -1.11,   -9735, -1.98,   -1363, -0.28
 515,2.00,   -9831, -0.98,   -7642, -1.55,   -2189, -0.45
 516,3.00,   -8919, -0.89,   -5757, -1.17,   -3162, -0.64
 517,4.00,   -8324, -0.83,   -3947, -0.80,   -4377, -0.89
 518,5.00,   -8230, -0.82,   -2577, -0.52,   -5653, -1.15
 519,6.00,   -7582, -0.76,   -1191, -0.24,   -6391, -1.30
 520,7.00,   -6861, -0.69,     354,  0.07,   -7215, -1.47
 521,8.00,   -6364, -0.64,    1674,  0.34,   -8038, -1.64
 522,9.00,   -5832, -0.58,    2927,  0.60,   -8759, -1.78
 523,10.00,   -5398, -0.54,    4452,  0.91,   -9850, -2.00
 524,11.00,   -4663, -0.47,    5981,  1.22,  -10644, -2.17
 525,12.00,   -4185, -0.42,    7048,  1.43,  -11233, -2.29
 526,13.00,   -3710, -0.37,    7858,  1.60,  -11568, -2.35
 527,14.00,   -3118, -0.31,    8873,  1.81,  -11991, -2.44
 528,15.00,   -2992, -0.30,    9718,  1.98,  -12710, -2.59
 529,16.00,   -2510, -0.25,   10660,  2.17,  -13170, -2.68
 530,17.00,   -1980, -0.20,   11872,  2.42,  -13852, -2.82
 531,18.00,   -1761, -0.18,   13001,  2.65,  -14762, -3.00
 532,19.00,   -1229, -0.12,   14080,  2.86,  -15309, -3.11
 533,20.00,   -1009, -0.10,   14967,  3.05,  -15976, -3.25
 534,21.00,   -1114, -0.11,   15788,  3.21,  -16902, -3.44
 535,22.00,   -1476, -0.15,   16532,  3.36,  -18008, -3.66
 536,23.00,   -1747, -0.17,   17308,  3.52,  -19055, -3.88
 537,24.00,   -2097, -0.21,   18155,  3.69,  -20252, -4.12
 538,25.00,   -1624, -0.16,   19581,  3.98,  -21205, -4.31
 539,26.00,   -1912, -0.19,   20264,  4.12,  -22176, -4.51
 540,27.00,   -1599, -0.16,   21067,  4.29,  -22666, -4.61
 541,28.00,    -519, -0.05,   22378,  4.55,  -22897, -4.66
 542,29.00,    -486, -0.05,   23295,  4.74,  -23781, -4.84
 543,30.00,    -375, -0.04,   24079,  4.90,  -24454, -4.98
 544,31.00,    -220, -0.02,   24633,  5.01,  -24853, -5.06
 545,32.00,    -248, -0.02,   25136,  5.11,  -25384, -5.16
 546,33.00,    -312, -0.03,   25630,  5.21,  -25942, -5.28
 547,34.00,    -924, -0.09,   25778,  5.24,  -26702, -5.43
 548,35.00,   -1896, -0.19,   25648,  5.22,  -27544, -5.60
 549,36.00,   -2580, -0.26,   25695,  5.23,  -28275, -5.75
 550,37.00,   -3117, -0.31,   25741,  5.24,  -28858, -5.87
 551,38.00,   -3202, -0.32,   25749,  5.24,  -28951, -5.89
 552,39.00,   -3185, -0.32,   25592,  5.21,  -28777, -5.85
 553,40.00,   -3542, -0.35,   24918,  5.07,  -28460, -5.79
 554,41.00,   -3173, -0.32,   24800,  5.05,  -27973, -5.69
 555,42.00,   -3931, -0.39,   24727,  5.03,  -28658, -5.83
 556,43.00,   -5468, -0.55,   24305,  4.95,  -29773, -6.06
 557,44.00,   -6030, -0.60,   23824,  4.85,  -29854, -6.07
 558,45.00,   -6453, -0.65,   23457,  4.77,  -29910, -6.09
 559,46.00,   -6689, -0.67,   23027,  4.68,  -29716, -6.05
 560,47.00,   -6091, -0.61,   22699,  4.62,  -28790, -5.86
 561,48.00,   -5722, -0.57,   22244,  4.53,  -27966, -5.69
 562,49.00,   -4889, -0.49,   22008,  4.48,  -26897, -5.47
 563,50.00,   -4607, -0.46,   21480,  4.37,  -26087, -5.31
 564,51.00,   -4354, -0.44,   21045,  4.28,  -25399, -5.17
 565,52.00,   -3588, -0.36,   21037,  4.28,  -24625, -5.01
 566,53.00,   -2436, -0.24,   21249,  4.32,  -23685, -4.82
 567,54.00,    -987, -0.10,   21264,  4.33,  -22251, -4.53
 568,55.00,      79,  0.00,   20805,  4.23,  -20726, -4.22
 569,56.00,     478,  0.05,   19671,  4.00,  -19193, -3.90
 570,57.00,       8,  0.00,   17877,  3.64,  -17869, -3.64
 571,58.00,   -1016, -0.10,   15705,  3.20,  -16721, -3.40
 572,59.00,   -1886, -0.19,   13528,  2.75,  -15414, -3.14
 573,60.00,   -2996, -0.30,   11291,  2.30,  -14287, -2.91
 574,61.00,   -4523, -0.45,    9037,  1.84,  -13560, -2.76
 575,62.00,   -6050, -0.61,    6814,  1.39,  -12864, -2.62
 576,63.00,   -7521, -0.75,    4610,  0.94,  -12131, -2.47
 577,64.00,   -8835, -0.88,    2535,  0.52,  -11370, -2.31
 578,65.00,  -10587, -1.06,     273,  0.06,  -10860, -2.21
 579,66.00,  -12404, -1.24,   -1643, -0.33,  -10761, -2.19
 580,67.00,  -13923, -1.39,   -4037, -0.82,   -9886, -2.01
 581,68.00,  -15938, -1.59,   -6700, -1.36,   -9238, -1.88
 582,69.00,  -17659, -1.77,   -9057, -1.84,   -8602, -1.75
 583,70.00,  -19303, -1.93,  -10965, -2.23,   -8338, -1.70
 584,71.00,  -20503, -2.05,  -12277, -2.50,   -8226, -1.67
 585,72.00,  -20912, -2.09,  -13394, -2.73,   -7518, -1.53
 586,73.00,  -21940, -2.20,  -15062, -3.06,   -6878, -1.40
 587,74.00,  -22189, -2.22,  -15872, -3.23,   -6317, -1.29
 588,75.00,  -22093, -2.21,  -16323, -3.32,   -5770, -1.17
 589,76.00,  -21693, -2.17,  -16201, -3.30,   -5492, -1.12
 590,77.00,  -20748, -2.08,  -15638, -3.18,   -5110, -1.04
 591,78.00,  -20477, -2.05,  -15749, -3.20,   -4728, -0.96
 592,79.00,  -22075, -2.21,  -16963, -3.45,   -5112, -1.04
 593,80.00,  -24267, -2.43,  -18573, -3.78,   -5694, -1.16
 594,81.00,  -26299, -2.63,  -19877, -4.04,   -6422, -1.31
 595,82.00,  -26952, -2.70,  -20333, -4.14,   -6619, -1.35
 596,83.00,  -26723, -2.67,  -20230, -4.12,   -6493, -1.32
 597,84.00,  -26439, -2.65,  -19984, -4.07,   -6455, -1.31
 598,85.00,  -26919, -2.69,  -20410, -4.15,   -6509, -1.32
 599,86.00,  -28663, -2.87,  -21776, -4.43,   -6887, -1.40
 600,87.00,  -31594, -3.16,  -23956, -4.87,   -7638, -1.55
 601,88.00,  -34355, -3.44,  -25761, -5.24,   -8594, -1.75
 602,89.00,  -37462, -3.75,  -27182, -5.53,  -10280, -2.09
 603,90.00,  -40829, -4.09,  -28885, -5.88,  -11944, -2.43
 604,91.00,  -44553, -4.46,  -30875, -6.28,  -13678, -2.78
 605,92.00,  -48480, -4.85,  -32794, -6.67,  -15686, -3.19
 606,93.00,  -52332, -5.24,  -34634, -7.05,  -17698, -3.60
 607,94.00,  -55451, -5.55,  -36416, -7.41,  -19035, -3.87
 608,95.00,  -58385, -5.84,  -38532, -7.84,  -19853, -4.04
 609,96.00,  -61407, -6.14,  -40905, -8.32,  -20502, -4.17
 610,97.00,  -64212, -6.43,  -43181, -8.79,  -21031, -4.28
 611,98.00,  -66598, -6.66,  -44694, -9.09,  -21904, -4.46
 612,99.00,  -68290, -6.83,  -45330, -9.22,  -22960, -4.67
 613,100.00,  -70436, -7.05,  -46084, -9.38,  -24352, -4.95
 614,101.00,  -72474, -7.25,  -46990, -9.56,  -25484, -5.18
 615,102.00,  -74563, -7.46,  -48159, -9.80,  -26404, -5.37
 616,103.00,  -75707, -7.58,  -48783, -9.93,  -26924, -5.48
 617,104.00,  -76566, -7.66,  -49290,-10.03,  -27276, -5.55
 618,105.00,  -76455, -7.65,  -49307,-10.03,  -27148, -5.52
 619,106.00,  -74984, -7.50,  -48509, -9.87,  -26475, -5.39
 620,107.00,  -72576, -7.26,  -47260, -9.62,  -25316, -5.15
 621,108.00,  -70571, -7.06,  -46082, -9.38,  -24489, -4.98
 622,109.00,  -67520, -6.76,  -44522, -9.06,  -22998, -4.68
 623,110.00,  -64095, -6.41,  -42592, -8.67,  -21503, -4.37
 624,111.00,  -60893, -6.09,  -40700, -8.28,  -20193, -4.11
 625,112.00,  -57692, -5.77,  -38597, -7.85,  -19095, -3.89
 626,113.00,  -54183, -5.42,  -36305, -7.39,  -17878, -3.64
 627,114.00,  -50052, -5.01,  -33918, -6.90,  -16134, -3.28
 628,115.00,  -46433, -4.65,  -31571, -6.42,  -14862, -3.02
 629,116.00,  -43500, -4.35,  -29857, -6.07,  -13643, -2.78
 630,117.00,  -39674, -3.97,  -27683, -5.63,  -11991, -2.44
 631,118.00,  -35506, -3.55,  -25202, -5.13,  -10304, -2.10
 632,119.00,  -31336, -3.14,  -22812, -4.64,   -8524, -1.73
 633,120.00,  -26891, -2.69,  -20184, -4.11,   -6707, -1.36
 634,121.00,  -22432, -2.24,  -17872, -3.64,   -4560, -0.93
 635,122.00,  -18556, -1.86,  -16048, -3.27,   -2508, -0.51
 636,123.00,  -14369, -1.44,  -14169, -2.88,    -200, -0.04
 637,124.00,  -10224, -1.02,  -12102, -2.46,    1878,  0.38
 638,125.00,   -6624, -0.66,  -10191, -2.07,    3567,  0.73
 639,126.00,   -2947, -0.29,   -8245, -1.68,    5298,  1.08
 640,127.00,     758,  0.08,   -6479, -1.32,    7237,  1.47
 641,128.00,    4365,  0.44,   -5182, -1.05,    9547,  1.94
 642,129.00,    7047,  0.71,   -4018, -0.82,   11065,  2.25
 643,130.00,    9968,  1.00,   -2358, -0.48,   12326,  2.51
 644,131.00,   13281,  1.33,    -132, -0.03,   13413,  2.73
 645,132.00,   16416,  1.64,    2075,  0.42,   14341,  2.92
 646,133.00,   19016,  1.90,    3937,  0.80,   15079,  3.07
 647,134.00,   20861,  2.09,    5317,  1.08,   15544,  3.16
 648,135.00,   22616,  2.26,    6832,  1.39,   15784,  3.21
 649,136.00,   24640,  2.47,    8590,  1.75,   16050,  3.27
 650,137.00,   27358,  2.74,   10594,  2.16,   16764,  3.41
 651,138.00,   29934,  3.00,   12569,  2.56,   17365,  3.53
 652,139.00,   31979,  3.20,   14402,  2.93,   17577,  3.58
 653,140.00,   33783,  3.38,   16067,  3.27,   17716,  3.60
 654,141.00,   35167,  3.52,   17362,  3.53,   17805,  3.62
 655,142.00,   36670,  3.67,   19009,  3.87,   17661,  3.59
 656,143.00,   38302,  3.83,   20711,  4.21,   17591,  3.58
 657,144.00,   39378,  3.94,   21778,  4.43,   17600,  3.58
 658,145.00,   40495,  4.05,   22699,  4.62,   17796,  3.62
 659,146.00,   42138,  4.22,   23836,  4.85,   18302,  3.72
 660,147.00,   44036,  4.41,   24686,  5.02,   19350,  3.94
 661,148.00,   45530,  4.56,   25387,  5.17,   20143,  4.10
 662,149.00,   46535,  4.66,   26140,  5.32,   20395,  4.15
 663,150.00,   47089,  4.71,   26808,  5.45,   20281,  4.13
 664,151.00,   47464,  4.75,   27579,  5.61,   19885,  4.05
 665,152.00,   48221,  4.83,   28574,  5.81,   19647,  4.00
 666,153.00,   48931,  4.90,   29200,  5.94,   19731,  4.01
 667,154.00,   49244,  4.93,   29594,  6.02,   19650,  4.00
 668,155.00,   49916,  4.99,   30336,  6.17,   19580,  3.98
 669,156.00,   50207,  5.02,   30503,  6.21,   19704,  4.01
 670,157.00,   50635,  5.07,   30798,  6.27,   19837,  4.04
 671,158.00,   50927,  5.10,   31164,  6.34,   19763,  4.02
 672,159.00,   51015,  5.10,   32138,  6.54,   18877,  3.84
 673,160.00,   51091,  5.11,   33098,  6.73,   17993,  3.66
 674,161.00,   51172,  5.12,   34093,  6.94,   17079,  3.47
 675,162.00,   51250,  5.13,   35075,  7.14,   16175,  3.29
 676,163.00,   51498,  5.15,   36198,  7.36,   15300,  3.11
 677,164.00,   50926,  5.10,   36091,  7.34,   14835,  3.02
 678,165.00,   50929,  5.10,   36555,  7.44,   14374,  2.92
 679,166.00,   51401,  5.14,   37515,  7.63,   13886,  2.83
 680,167.00,   51451,  5.15,   38124,  7.76,   13327,  2.71
 681,168.00,   50742,  5.08,   37904,  7.71,   12838,  2.61
 682,169.00,   50425,  5.05,   38054,  7.74,   12371,  2.52
 683,170.00,   50279,  5.03,   38661,  7.87,   11618,  2.36
 684,171.00,   49570,  4.96,   38458,  7.82,   11112,  2.26
 685,172.00,   49158,  4.92,   38592,  7.85,   10566,  2.15
 686,173.00,   48027,  4.81,   38471,  7.83,    9556,  1.94
 687,174.00,   47054,  4.71,   38561,  7.85,    8493,  1.73
 688,175.00,   45634,  4.57,   38465,  7.83,    7169,  1.46
 689,176.00,   43272,  4.33,   37689,  7.67,    5583,  1.14
 690,177.00,   41876,  4.19,   37049,  7.54,    4827,  0.98
 691,178.00,   40226,  4.03,   36150,  7.35,    4076,  0.83
 692,179.00,   37047,  3.71,   34089,  6.94,    2958,  0.60
 693,180.00,   33935,  3.40,   32136,  6.54,    1799,  0.37
 694,181.00,   31092,  3.11,   30337,  6.17,     755,  0.15
 695,182.00,   28338,  2.84,   28823,  5.86,    -485, -0.10
 696,183.00,   25062,  2.51,   27241,  5.54,   -2179, -0.44
 697,184.00,   21850,  2.19,   25964,  5.28,   -4114, -0.84
 698,185.00,   18595,  1.86,   24275,  4.94,   -5680, -1.16
 699,186.00,   14998,  1.50,   21969,  4.47,   -6971, -1.42
 700,187.00,   11080,  1.11,   19840,  4.04,   -8760, -1.78
 701,188.00,    6942,  0.69,   17789,  3.62,  -10847, -2.21
 702,189.00,    3978,  0.40,   16202,  3.30,  -12224, -2.49
 703,190.00,     703,  0.07,   14228,  2.89,  -13525, -2.75
 704,191.00,   -2796, -0.28,   12233,  2.49,  -15029, -3.06
 705,192.00,   -5655, -0.57,   10817,  2.20,  -16472, -3.35
 706,193.00,   -9091, -0.91,    8657,  1.76,  -17748, -3.61
 707,194.00,  -12250, -1.23,    6828,  1.39,  -19078, -3.88
 708,195.00,  -14738, -1.47,    5834,  1.19,  -20572, -4.19
 709,196.00,  -17380, -1.74,    4467,  0.91,  -21847, -4.44
 710,197.00,  -19727, -1.97,    3331,  0.68,  -23058, -4.69
 711,198.00,  -21451, -2.15,    2479,  0.50,  -23930, -4.87
 712,199.00,  -24276, -2.43,    1223,  0.25,  -25499, -5.19
 713,200.00,  -26250, -2.63,     501,  0.10,  -26751, -5.44
 714,201.00,  -27120, -2.71,     224,  0.05,  -27344, -5.56
 715,202.00,  -28644, -2.87,    -539, -0.11,  -28105, -5.72
 716,203.00,  -30333, -3.04,   -1574, -0.32,  -28759, -5.85
 717,204.00,  -31436, -3.15,   -2454, -0.50,  -28982, -5.90
 718,205.00,  -32743, -3.28,   -3130, -0.64,  -29613, -6.02
 719,206.00,  -34866, -3.49,   -4483, -0.91,  -30383, -6.18
 720,207.00,  -36726, -3.67,   -5618, -1.14,  -31108, -6.33
 721,208.00,  -39054, -3.91,   -6929, -1.41,  -32125, -6.54
 722,209.00,  -42045, -4.21,   -8852, -1.80,  -33193, -6.75
 723,210.00,  -44459, -4.45,  -10168, -2.07,  -34291, -6.98
 724,211.00,  -46393, -4.64,  -11323, -2.30,  -35070, -7.14
 725,212.00,  -48520, -4.85,  -13062, -2.66,  -35458, -7.21
 726,213.00,  -49963, -5.00,  -14348, -2.92,  -35615, -7.25
 727,214.00,  -51061, -5.11,  -14915, -3.03,  -36146, -7.35
 728,215.00,  -51278, -5.13,  -14967, -3.05,  -36311, -7.39
 729,216.00,  -51740, -5.18,  -15319, -3.12,  -36421, -7.41
 730,217.00,  -52632, -5.27,  -15728, -3.20,  -36904, -7.51
 731,218.00,  -53078, -5.31,  -16342, -3.32,  -36736, -7.47
 732,219.00,  -54031, -5.41,  -17495, -3.56,  -36536, -7.43
 733,220.00,  -55166, -5.52,  -19107, -3.89,  -36059, -7.34
 734,221.00,  -55848, -5.59,  -20412, -4.15,  -35436, -7.21
 735,222.00,  -55978, -5.60,  -21128, -4.30,  -34850, -7.09
 736,223.00,  -56208, -5.62,  -21324, -4.34,  -34884, -7.10
 737,224.00,  -55658, -5.57,  -20955, -4.26,  -34703, -7.06
 738,225.00,  -54554, -5.46,  -20288, -4.13,  -34266, -6.97
 739,226.00,  -53420, -5.35,  -19894, -4.05,  -33526, -6.82
 740,227.00,  -52068, -5.21,  -19513, -3.97,  -32555, -6.62
 741,228.00,  -49994, -5.00,  -18590, -3.78,  -31404, -6.39
 742,229.00,  -48736, -4.88,  -18215, -3.71,  -30521, -6.21
 743,230.00,  -47683, -4.77,  -17780, -3.62,  -29903, -6.08
 744,231.00,  -45950, -4.60,  -16733, -3.40,  -29217, -5.94
 745,232.00,  -43474, -4.35,  -15429, -3.14,  -28045, -5.71
 746,233.00,  -41676, -4.17,  -14529, -2.96,  -27147, -5.52
 747,234.00,  -40452, -4.05,  -13960, -2.84,  -26492, -5.39
 748,235.00,  -39643, -3.97,  -13619, -2.77,  -26024, -5.29
 749,236.00,  -38115, -3.81,  -12334, -2.51,  -25781, -5.25
 750,237.00,  -35969, -3.60,  -10878, -2.21,  -25091, -5.10
 751,238.00,  -34468, -3.45,   -9433, -1.92,  -25035, -5.09
 752,239.00,  -32669, -3.27,   -7985, -1.62,  -24684, -5.02
 753,240.00,  -30517, -3.05,   -6993, -1.42,  -23524, -4.79
 754,241.00,  -28037, -2.81,   -6031, -1.23,  -22006, -4.48
 755,242.00,  -25854, -2.59,   -4884, -0.99,  -20970, -4.27
 756,243.00,  -24549, -2.46,   -4113, -0.84,  -20436, -4.16
 757,244.00,  -22498, -2.25,   -3159, -0.64,  -19339, -3.93
 758,245.00,  -20286, -2.03,   -1626, -0.33,  -18660, -3.80
 759,246.00,  -17907, -1.79,     133,  0.03,  -18040, -3.67
 760,247.00,  -14881, -1.49,    2467,  0.50,  -17348, -3.53
 761,248.00,  -12036, -1.20,    4091,  0.83,  -16127, -3.28
 762,249.00,   -9239, -0.92,    4975,  1.01,  -14214, -2.89
 763,250.00,   -7175, -0.72,    5451,  1.11,  -12626, -2.57
 764,251.00,   -6107, -0.61,    4958,  1.01,  -11065, -2.25
 765,252.00,   -4970, -0.50,    5067,  1.03,  -10037, -2.04
 766,253.00,   -4055, -0.41,    5138,  1.05,   -9193, -1.87
 767,254.00,   -3891, -0.39,    5041,  1.03,   -8932, -1.82
 768,255.00,   -2833, -0.28,    5447,  1.11,   -8280, -1.68
 769,256.00,    -895, -0.09,    6542,  1.33,   -7437, -1.51
 770,257.00,     660,  0.07,    7307,  1.49,   -6647, -1.35
 771,258.00,    2010,  0.20,    7784,  1.58,   -5774, -1.17
 772,259.00,    3945,  0.39,    8938,  1.82,   -4993, -1.02
 773,260.00,    5707,  0.57,   10283,  2.09,   -4576, -0.93
 774,261.00,    7500,  0.75,   11158,  2.27,   -3658, -0.74
 775,262.00,    8785,  0.88,   11557,  2.35,   -2772, -0.56
 776,263.00,    8541,  0.85,   10819,  2.20,   -2278, -0.46
 777,264.00,    7639,  0.76,    9379,  1.91,   -1740, -0.35
 778,265.00,    6881,  0.69,    8247,  1.68,   -1366, -0.28
 779,266.00,    6231,  0.62,    7145,  1.45,    -914, -0.19
 780,267.00,    6093,  0.61,    7212,  1.47,   -1119, -0.23
 781,268.00,    6364,  0.64,    7136,  1.45,    -772, -0.16
 782,269.00,    6118,  0.61,    6789,  1.38,    -671, -0.14
 783,270.00,    4907,  0.49,    5302,  1.08,    -395, -0.08
 784,271.00,    3860,  0.39,    3554,  0.72,     306,  0.06
 785,272.00,    1986,  0.20,     998,  0.20,     988,  0.20
 786,273.00,     481,  0.05,   -1018, -0.21,    1499,  0.30
 787,274.00,   -1913, -0.19,   -3320, -0.68,    1407,  0.29
 788,275.00,   -4826, -0.48,   -6097, -1.24,    1271,  0.26
 789,276.00,   -6801, -0.68,   -7574, -1.54,     773,  0.16
 790,277.00,   -8486, -0.85,   -8689, -1.77,     203,  0.04
 791,278.00,  -10166, -1.02,   -9669, -1.97,    -497, -0.10
 792,279.00,  -11378, -1.14,  -10053, -2.05,   -1325, -0.27
 793,280.00,  -11566, -1.16,   -9937, -2.02,   -1629, -0.33
 794,281.00,  -11665, -1.17,   -9738, -1.98,   -1927, -0.39
 795,282.00,  -12260, -1.23,  -10002, -2.03,   -2258, -0.46
 796,283.00,  -13033, -1.30,   -9579, -1.95,   -3454, -0.70
 797,284.00,  -13188, -1.32,   -8638, -1.76,   -4550, -0.93
 798,285.00,  -13766, -1.38,   -8651, -1.76,   -5115, -1.04
 799,286.00,  -13915, -1.39,   -8563, -1.74,   -5352, -1.09
 800,287.00,  -13664, -1.37,   -7633, -1.55,   -6031, -1.23
 801,288.00,  -12699, -1.27,   -5989, -1.22,   -6710, -1.37
 802,289.00,  -11775, -1.18,   -4323, -0.88,   -7452, -1.52
 803,290.00,  -11480, -1.15,   -3176, -0.65,   -8304, -1.69
 804,291.00,  -11906, -1.19,   -2315, -0.47,   -9591, -1.95
 805,292.00,  -12851, -1.29,   -2020, -0.41,  -10831, -2.20
 806,293.00,  -12961, -1.30,   -1014, -0.21,  -11947, -2.43
 807,294.00,  -13106, -1.31,    -536, -0.11,  -12570, -2.56
 808,295.00,  -12707, -1.27,     672,  0.14,  -13379, -2.72
 809,296.00,  -12431, -1.24,    1728,  0.35,  -14159, -2.88
 810,297.00,  -12947, -1.30,    1738,  0.35,  -14685, -2.99
 811,298.00,  -13366, -1.34,    1479,  0.30,  -14845, -3.02
 812,299.00,  -14365, -1.44,    1175,  0.24,  -15540, -3.16
 813,300.00,  -14481, -1.45,    1532,  0.31,  -16013, -3.26
 814,301.00,  -14429, -1.44,    1520,  0.31,  -15949, -3.24
 815,302.00,  -13898, -1.39,    1979,  0.40,  -15877, -3.23
 816,303.00,  -12705, -1.27,    2989,  0.61,  -15694, -3.19
 817,304.00,  -11455, -1.15,    4309,  0.88,  -15764, -3.21
 818,305.00,  -10211, -1.02,    5471,  1.11,  -15682, -3.19
 819,306.00,   -9145, -0.92,    6340,  1.29,  -15485, -3.15
 820,307.00,   -8730, -0.87,    6464,  1.32,  -15194, -3.09
 821,308.00,   -8658, -0.87,    6186,  1.26,  -14844, -3.02
 822,309.00,   -9281, -0.93,    5296,  1.08,  -14577, -2.97
 823,310.00,   -9707, -0.97,    4224,  0.86,  -13931, -2.83
 824,311.00,   -9857, -0.99,    3312,  0.67,  -13169, -2.68
 825,312.00,   -9519, -0.95,    3141,  0.64,  -12660, -2.58
 826,313.00,   -9584, -0.96,    2750,  0.56,  -12334, -2.51
 827,314.00,   -8452, -0.85,    3063,  0.62,  -11515, -2.34
 828,315.00,   -7049, -0.71,    3677,  0.75,  -10726, -2.18
 829,316.00,   -4446, -0.44,    5220,  1.06,   -9666, -1.97
 830,317.00,   -2253, -0.23,    6012,  1.22,   -8265, -1.68
 831,318.00,    -895, -0.09,    6106,  1.24,   -7001, -1.42
 832,319.00,     820,  0.08,    6303,  1.28,   -5483, -1.12
 833,320.00,    2847,  0.28,    6601,  1.34,   -3754, -0.76
 834,321.00,    3901,  0.39,    6006,  1.22,   -2105, -0.43
 835,322.00,    7489,  0.75,    7891,  1.61,    -402, -0.08
 836,323.00,   11095,  1.11,    9697,  1.97,    1398,  0.28
 837,324.00,   15071,  1.51,   11695,  2.38,    3376,  0.69
 838,325.00,   18674,  1.87,   13141,  2.67,    5533,  1.13
 839,326.00,   22380,  2.24,   14361,  2.92,    8019,  1.63
 840,327.00,   26517,  2.65,   15783,  3.21,   10734,  2.18
 841,328.00,   28934,  2.90,   15756,  3.21,   13178,  2.68
 842,329.00,   30765,  3.08,   14838,  3.02,   15927,  3.24
 843,330.00,   31497,  3.15,   13368,  2.72,   18129,  3.69
 844,331.00,   32734,  3.28,   12659,  2.58,   20075,  4.08
 845,332.00,   34348,  3.44,   12365,  2.52,   21983,  4.47
 846,333.00,   36270,  3.63,   12650,  2.57,   23620,  4.81
 847,334.00,   38909,  3.89,   13906,  2.83,   25003,  5.09
 848,335.00,   41413,  4.14,   14843,  3.02,   26570,  5.41
 849,336.00,   43449,  4.35,   15242,  3.10,   28207,  5.74
 850,337.00,   44852,  4.49,   15539,  3.16,   29313,  5.96
 851,338.00,   45066,  4.51,   14816,  3.01,   30250,  6.15
 852,339.00,   45178,  4.52,   13716,  2.79,   31462,  6.40
 853,340.00,   45992,  4.60,   13076,  2.66,   32916,  6.70
 854,341.00,   45340,  4.54,   11552,  2.35,   33788,  6.87
 855,342.00,   45142,  4.52,   10574,  2.15,   34568,  7.03
 856,343.00,   45287,  4.53,    9878,  2.01,   35409,  7.20
 857,344.00,   46225,  4.63,    9762,  1.99,   36463,  7.42
 858,345.00,   47876,  4.79,   10415,  2.12,   37461,  7.62
 859,346.00,   49062,  4.91,   11149,  2.27,   37913,  7.71
 860,347.00,   50079,  5.01,   11684,  2.38,   38395,  7.81
 861,348.00,   50738,  5.08,   11594,  2.36,   39144,  7.96
 862,349.00,   50203,  5.02,   11445,  2.33,   38758,  7.89
 863,350.00,   49899,  4.99,   11402,  2.32,   38497,  7.83
 864,351.00,   49350,  4.94,   11161,  2.27,   38189,  7.77
 865,352.00,   49015,  4.90,   11202,  2.28,   37813,  7.69
 866,353.00,   48651,  4.87,   11084,  2.26,   37567,  7.64
 867,354.00,   47448,  4.75,   10924,  2.22,   36524,  7.43
 868,355.00,   46342,  4.64,   11150,  2.27,   35192,  7.16
 869,356.00,   45670,  4.57,   11543,  2.35,   34127,  6.94
 870,357.00,   45053,  4.51,   11964,  2.43,   33089,  6.73
 871,358.00,   45374,  4.54,   13457,  2.74,   31917,  6.49
 872,359.00,   45232,  4.53,   14440,  2.94,   30792,  6.26
 873,360.00,   44344,  4.44,   14553,  2.96,   29791,  6.06
 874,361.00,   44384,  4.44,   15049,  3.06,   29335,  5.97
 875,362.00,   44721,  4.47,   15735,  3.20,   28986,  5.90
 876,363.00,   44937,  4.50,   16364,  3.33,   28573,  5.81
 877,364.00,   45924,  4.60,   18086,  3.68,   27838,  5.66
 878,365.00,   46922,  4.70,   20100,  4.09,   26822,  5.46
 879,366.00,   48260,  4.83,   22359,  4.55,   25901,  5.27
 880,367.00,   50157,  5.02,   24534,  4.99,   25623,  5.21
 881,368.00,   51393,  5.14,   26308,  5.35,   25085,  5.10
 882,369.00,   51675,  5.17,   27585,  5.61,   24090,  4.90
 883,370.00,   50583,  5.06,   27544,  5.60,   23039,  4.69
 884,371.00,   49929,  5.00,   27804,  5.66,   22125,  4.50
 885,372.00,   50474,  5.05,   29583,  6.02,   20891,  4.25
 886,373.00,   52444,  5.25,   32359,  6.58,   20085,  4.09
 887,374.00,   54158,  5.42,   34772,  7.07,   19386,  3.94
 888,375.00,   52007,  5.20,   33001,  6.71,   19006,  3.87
 889,376.00,   49535,  4.96,   30832,  6.27,   18703,  3.81
 890,377.00,   47934,  4.80,   30083,  6.12,   17851,  3.63
 891,378.00,   47740,  4.78,   31180,  6.34,   16560,  3.37
 892,379.00,   46800,  4.68,   31587,  6.43,   15213,  3.10
 893,380.00,   44521,  4.45,   31065,  6.32,   13456,  2.74
 894,381.00,   43043,  4.31,   30994,  6.31,   12049,  2.45
 895,382.00,   41688,  4.17,   30659,  6.24,   11029,  2.24
 896,383.00,   38745,  3.88,   28779,  5.86,    9966,  2.03
 897,384.00,   34865,  3.49,   25548,  5.20,    9317,  1.90
 898,385.00,   31731,  3.18,   22894,  4.66,    8837,  1.80
 899,386.00,   29200,  2.92,   21063,  4.29,    8137,  1.66
 900,387.00,   27376,  2.74,   19677,  4.00,    7699,  1.57
 901,388.00,   25200,  2.52,   17940,  3.65,    7260,  1.48
 902,389.00,   22431,  2.24,   15877,  3.23,    6554,  1.33
 903,390.00,   19986,  2.00,   14109,  2.87,    5877,  1.20
 904,391.00,   18076,  1.81,   13050,  2.66,    5026,  1.02
 905,392.00,   16958,  1.70,   11981,  2.44,    4977,  1.01
 906,393.00,   15012,  1.50,   10884,  2.21,    4128,  0.84
 907,394.00,   12895,  1.29,    9535,  1.94,    3360,  0.68
 908,395.00,   11792,  1.18,    8752,  1.78,    3040,  0.62
 909,396.00,   11376,  1.14,    8421,  1.71,    2955,  0.60
 910,397.00,   10493,  1.05,    7783,  1.58,    2710,  0.55
 911,398.00,    9339,  0.93,    6699,  1.36,    2640,  0.54
 912,399.00,    8878,  0.89,    6310,  1.28,    2568,  0.52
 913,400.00,    9513,  0.95,    6549,  1.33,    2964,  0.60
 914,401.00,   10497,  1.05,    7162,  1.46,    3335,  0.68
 915,402.00,   11590,  1.16,    7582,  1.54,    4008,  0.82
 916,403.00,   13460,  1.35,    8831,  1.80,    4629,  0.94
 917,404.00,   13394,  1.34,    8580,  1.75,    4814,  0.98
 918,405.00,   14167,  1.42,    8968,  1.82,    5199,  1.06
 919,406.00,   17122,  1.71,   11687,  2.38,    5435,  1.11
 920,407.00,   20587,  2.06,   15196,  3.09,    5391,  1.10
 921,408.00,   25589,  2.56,   19756,  4.02,    5833,  1.19
 922,409.00,   28667,  2.87,   22342,  4.55,    6325,  1.29
 923,410.00,   32205,  3.22,   25256,  5.14,    6949,  1.41
 924,411.00,   34301,  3.43,   26861,  5.47,    7440,  1.51
 925,412.00,   35040,  3.51,   27178,  5.53,    7862,  1.60
 926,413.00,   32700,  3.27,   23871,  4.86,    8829,  1.80
 927,414.00,   31234,  3.13,   21618,  4.40,    9616,  1.96
 928,415.00,   32562,  3.26,   22451,  4.57,   10111,  2.06
 929,416.00,   35367,  3.54,   24924,  5.07,   10443,  2.12
 930,417.00,   36121,  3.61,   25606,  5.21,   10515,  2.14
 931,418.00,   36930,  3.70,   26428,  5.38,   10502,  2.14
 932,419.00,   38156,  3.82,   27288,  5.55,   10868,  2.21
 933,420.00,   36556,  3.66,   25878,  5.27,   10678,  2.17
 934,421.00,   35294,  3.53,   25139,  5.11,   10155,  2.07
 935,422.00,   34302,  3.43,   24057,  4.89,   10245,  2.08
 936,423.00,   33689,  3.37,   23171,  4.71,   10518,  2.14
 937,424.00,   32557,  3.26,   22184,  4.51,   10373,  2.11
 938,425.00,   31749,  3.18,   21575,  4.39,   10174,  2.07
 939,426.00,   30366,  3.04,   20238,  4.12,   10128,  2.06
 940,427.00,   29435,  2.95,   18792,  3.82,   10643,  2.17
 941,428.00,   29842,  2.99,   18749,  3.81,   11093,  2.26
 942,429.00,   30868,  3.09,   19538,  3.98,   11330,  2.31
 943,430.00,   32321,  3.23,   21024,  4.28,   11297,  2.30
 944,431.00,   32788,  3.28,   21150,  4.30,   11638,  2.37
 945,432.00,   32396,  3.24,   20570,  4.19,   11826,  2.41
 946,433.00,   31157,  3.12,   18900,  3.85,   12257,  2.49
 947,434.00,   29440,  2.95,   16686,  3.39,   12754,  2.59
 948,435.00,   28723,  2.87,   15354,  3.12,   13369,  2.72
 949,436.00,   30033,  3.01,   15607,  3.18,   14426,  2.94
 950,437.00,   32278,  3.23,   16337,  3.32,   15941,  3.24
 951,438.00,   34192,  3.42,   16233,  3.30,   17959,  3.65
 952,439.00,   36463,  3.65,   16363,  3.33,   20100,  4.09
 953,440.00,   39176,  3.92,   17499,  3.56,   21677,  4.41
 954,441.00,   41828,  4.19,   18406,  3.74,   23422,  4.77
 955,442.00,   43773,  4.38,   19108,  3.89,   24665,  5.02
 956,443.00,   45025,  4.51,   19293,  3.93,   25732,  5.24
 957,444.00,   46360,  4.64,   19476,  3.96,   26884,  5.47
 958,445.00,   48283,  4.83,   20266,  4.12,   28017,  5.70
 959,446.00,   50177,  5.02,   21281,  4.33,   28896,  5.88
 960,447.00,   51645,  5.17,   22434,  4.56,   29211,  5.94
 961,448.00,   52991,  5.30,   23240,  4.73,   29751,  6.05
 962,449.00,   55916,  5.59,   25303,  5.15,   30613,  6.23
 963,450.00,   58500,  5.85,   27194,  5.53,   31306,  6.37
 964,451.00,   59447,  5.95,   27717,  5.64,   31730,  6.46
 965,452.00,   60835,  6.09,   28670,  5.83,   32165,  6.54
 966,453.00,   60510,  6.05,   27894,  5.68,   32616,  6.64
 967,454.00,   60402,  6.04,   27015,  5.50,   33387,  6.79
 968,455.00,   60697,  6.07,   27108,  5.52,   33589,  6.83
 969,456.00,   60803,  6.08,   26939,  5.48,   33864,  6.89
 970,457.00,   60960,  6.10,   27204,  5.53,   33756,  6.87
 971,458.00,   61774,  6.18,   28893,  5.88,   32881,  6.69
 972,459.00,   62052,  6.21,   29809,  6.06,   32243,  6.56
 973,460.00,   60878,  6.09,   29163,  5.93,   31715,  6.45
 974,461.00,   59077,  5.91,   27819,  5.66,   31258,  6.36
 975,462.00,   58911,  5.89,   27515,  5.60,   31396,  6.39
 976,463.00,   60881,  6.09,   29301,  5.96,   31580,  6.43
 977,464.00,   60913,  6.09,   29523,  6.01,   31390,  6.39
 978,465.00,   61417,  6.15,   30248,  6.15,   31169,  6.34
 979,466.00,   61446,  6.15,   30737,  6.25,   30709,  6.25
 980,467.00,   61016,  6.11,   30790,  6.26,   30226,  6.15
 981,468.00,   60209,  6.02,   30828,  6.27,   29381,  5.98
 982,469.00,   58271,  5.83,   29936,  6.09,   28335,  5.76
 983,470.00,   56635,  5.67,   28797,  5.86,   27838,  5.66
 984,471.00,   54616,  5.46,   26878,  5.47,   27738,  5.64
 985,472.00,   52449,  5.25,   25234,  5.13,   27215,  5.54
 986,473.00,   50447,  5.05,   24158,  4.92,   26289,  5.35
 987,474.00,   48476,  4.85,   22893,  4.66,   25583,  5.21
 988,475.00,   47951,  4.80,   22761,  4.63,   25190,  5.13
 989,476.00,   49960,  5.00,   25092,  5.11,   24868,  5.06
 990,477.00,   51101,  5.11,   26847,  5.46,   24254,  4.93
 991,478.00,   52514,  5.25,   28875,  5.87,   23639,  4.81
 992,479.00,   52576,  5.26,   29265,  5.95,   23311,  4.74
 993,480.00,   49286,  4.93,   26404,  5.37,   22882,  4.66
 994,481.00,   43072,  4.31,   20782,  4.23,   22290,  4.54
 995,482.00,   39487,  3.95,   17746,  3.61,   21741,  4.42
 996,483.00,   39434,  3.95,   17835,  3.63,   21599,  4.39
 997,484.00,   39731,  3.98,   18573,  3.78,   21158,  4.30
 998,485.00,   38139,  3.82,   17437,  3.55,   20702,  4.21
 999,486.00,   36829,  3.69,   16429,  3.34,   20400,  4.15
1000,487.00,   36842,  3.69,   16580,  3.37,   20262,  4.12
1001,488.00,   35950,  3.60,   15534,  3.16,   20416,  4.15
1002,489.00,   35643,  3.57,   14995,  3.05,   20648,  4.20
1003,490.00,   33671,  3.37,   12717,  2.59,   20954,  4.26
1004,491.00,   31533,  3.16,   10406,  2.12,   21127,  4.30
1005,492.00,   29660,  2.97,    8292,  1.69,   21368,  4.35
1006,493.00,   28273,  2.83,    6758,  1.37,   21515,  4.38
1007,494.00,   28709,  2.87,    6856,  1.39,   21853,  4.45
1008,495.00,   27906,  2.79,    5917,  1.20,   21989,  4.47
1009,496.00,   26667,  2.67,    4244,  0.86,   22423,  4.56
1010,497.00,   25524,  2.55,    2466,  0.50,   23058,  4.69
1011,498.00,   24652,  2.47,     648,  0.13,   24004,  4.88
1012,499.00,   24492,  2.45,    -593, -0.12,   25085,  5.10
1013,500.00,   23357,  2.34,   -2473, -0.50,   25830,  5.26
1014,501.00,   22092,  2.21,   -4203, -0.86,   26295,  5.35
1015,502.00,   22584,  2.26,   -4387, -0.89,   26971,  5.49
1016,503.00,   23096,  2.31,   -4089, -0.83,   27185,  5.53
1017,504.00,   23761,  2.38,   -3320, -0.68,   27081,  5.51
1018,505.00,   24255,  2.43,   -2634, -0.54,   26889,  5.47
1019,506.00,   24138,  2.42,   -2705, -0.55,   26843,  5.46
1020,507.00,   23026,  2.30,   -3008, -0.61,   26034,  5.30
1021,508.00,   22151,  2.22,   -3510, -0.71,   25661,  5.22
1022,509.00,   21561,  2.16,   -3869, -0.79,   25430,  5.17
1023,510.00,   18890,  1.89,   -6474, -1.32,   25364,  5.16
1024,511.00,   16951,  1.70,   -8123, -1.65,   25074,  5.10
