-----------------------------------------------------------------------------------
Identifier:,IHS5922-20187K03
File Name:,JOLP70B.2
Ear:,L
Channel:,2
Intensity:,70 dB HL
Stim. Rate:,  1.10/s
Stim. Mode:,0
Sweeps:,61
Artifacts:,0
Smp. Period:,1000.00 us
Amp. Gain:, 50.00 K
Low Pass:, 30.00 Hz
High Pass:,  1.00 Hz
Notch Filter:,TRUE
Stimulus:,100
Stim. Freq.:,1000 Hz
Stim. Dur.:,2000 pnts
Masking:,0 dB SPL
Stim. Point:,513
-----------------------------------------------------------------------------------
Peak Information:,Label,Peak(+),Peak(+)(ms),Peak(-),Peak(-)(ms)
,21, 792,279.00, 863,350.00,
-----------------------------------------------------------------------------------


Data Pnt:,Data Pnt(ms):,Average:,Average(uV):,Buffer1:,Buffer1(uV):,Buffer2:,Buffer2(uV):
   1,-512.00,       0,  0.00,       0,  0.00,       0,  0.00
   2,-511.00,       0,  0.00,       0,  0.00,       0,  0.00
   3,-510.00,       0,  0.00,       0,  0.00,       0,  0.00
   4,-509.00,       0,  0.00,       0,  0.00,       0,  0.00
   5,-508.00,       0,  0.00,       0,  0.00,       0,  0.00
   6,-507.00,       0,  0.00,       0,  0.00,       0,  0.00
   7,-506.00,       0,  0.00,       0,  0.00,       0,  0.00
   8,-505.00,       0,  0.00,       0,  0.00,       0,  0.00
   9,-504.00,       0,  0.00,       0,  0.00,       0,  0.00
  10,-503.00,       0,  0.00,       0,  0.00,       0,  0.00
  11,-502.00,       0,  0.00,       0,  0.00,       0,  0.00
  12,-501.00,       0,  0.00,       0,  0.00,       0,  0.00
  13,-500.00,       0,  0.00,       0,  0.00,       0,  0.00
  14,-499.00,       0,  0.00,       0,  0.00,       0,  0.00
  15,-498.00,       0,  0.00,       0,  0.00,       0,  0.00
  16,-497.00,       0,  0.00,       0,  0.00,       0,  0.00
  17,-496.00,       0,  0.00,       0,  0.00,       0,  0.00
  18,-495.00,       0,  0.00,       0,  0.00,       0,  0.00
  19,-494.00,       0,  0.00,       0,  0.00,       0,  0.00
  20,-493.00,       0,  0.00,       0,  0.00,       0,  0.00
  21,-492.00,       0,  0.00,       0,  0.00,       0,  0.00
  22,-491.00,       0,  0.00,       0,  0.00,       0,  0.00
  23,-490.00,       0,  0.00,       0,  0.00,       0,  0.00
  24,-489.00,       0,  0.00,       0,  0.00,       0,  0.00
  25,-488.00,       0,  0.00,       0,  0.00,       0,  0.00
  26,-487.00,       0,  0.00,       0,  0.00,       0,  0.00
  27,-486.00,       0,  0.00,       0,  0.00,       0,  0.00
  28,-485.00,       0,  0.00,       0,  0.00,       0,  0.00
  29,-484.00,       0,  0.00,       0,  0.00,       0,  0.00
  30,-483.00,       0,  0.00,       0,  0.00,       0,  0.00
  31,-482.00,       0,  0.00,       0,  0.00,       0,  0.00
  32,-481.00,       0,  0.00,       0,  0.00,       0,  0.00
  33,-480.00,       0,  0.00,       0,  0.00,       0,  0.00
  34,-479.00,       0,  0.00,       0,  0.00,       0,  0.00
  35,-478.00,       0,  0.00,       0,  0.00,       0,  0.00
  36,-477.00,       0,  0.00,       0,  0.00,       0,  0.00
  37,-476.00,       0,  0.00,       0,  0.00,       0,  0.00
  38,-475.00,       0,  0.00,       0,  0.00,       0,  0.00
  39,-474.00,       0,  0.00,       0,  0.00,       0,  0.00
  40,-473.00,       0,  0.00,       0,  0.00,       0,  0.00
  41,-472.00,       0,  0.00,       0,  0.00,       0,  0.00
  42,-471.00,       0,  0.00,       0,  0.00,       0,  0.00
  43,-470.00,       0,  0.00,       0,  0.00,       0,  0.00
  44,-469.00,       0,  0.00,       0,  0.00,       0,  0.00
  45,-468.00,       0,  0.00,       0,  0.00,       0,  0.00
  46,-467.00,       0,  0.00,       0,  0.00,       0,  0.00
  47,-466.00,       0,  0.00,       0,  0.00,       0,  0.00
  48,-465.00,       0,  0.00,       0,  0.00,       0,  0.00
  49,-464.00,       0,  0.00,       0,  0.00,       0,  0.00
  50,-463.00,       0,  0.00,       0,  0.00,       0,  0.00
  51,-462.00,       0,  0.00,       0,  0.00,       0,  0.00
  52,-461.00,       0,  0.00,       0,  0.00,       0,  0.00
  53,-460.00,       0,  0.00,       0,  0.00,       0,  0.00
  54,-459.00,       0,  0.00,       0,  0.00,       0,  0.00
  55,-458.00,       0,  0.00,       0,  0.00,       0,  0.00
  56,-457.00,       0,  0.00,       0,  0.00,       0,  0.00
  57,-456.00,       0,  0.00,       0,  0.00,       0,  0.00
  58,-455.00,       0,  0.00,       0,  0.00,       0,  0.00
  59,-454.00,       0,  0.00,       0,  0.00,       0,  0.00
  60,-453.00,       0,  0.00,       0,  0.00,       0,  0.00
  61,-452.00,       0,  0.00,       0,  0.00,       0,  0.00
  62,-451.00,       0,  0.00,       0,  0.00,       0,  0.00
  63,-450.00,       0,  0.00,       0,  0.00,       0,  0.00
  64,-449.00,       0,  0.00,       0,  0.00,       0,  0.00
  65,-448.00,       0,  0.00,       0,  0.00,       0,  0.00
  66,-447.00,       0,  0.00,       0,  0.00,       0,  0.00
  67,-446.00,       0,  0.00,       0,  0.00,       0,  0.00
  68,-445.00,       0,  0.00,       0,  0.00,       0,  0.00
  69,-444.00,       0,  0.00,       0,  0.00,       0,  0.00
  70,-443.00,       0,  0.00,       0,  0.00,       0,  0.00
  71,-442.00,       0,  0.00,       0,  0.00,       0,  0.00
  72,-441.00,       0,  0.00,       0,  0.00,       0,  0.00
  73,-440.00,       0,  0.00,       0,  0.00,       0,  0.00
  74,-439.00,       0,  0.00,       0,  0.00,       0,  0.00
  75,-438.00,       0,  0.00,       0,  0.00,       0,  0.00
  76,-437.00,       0,  0.00,       0,  0.00,       0,  0.00
  77,-436.00,       0,  0.00,       0,  0.00,       0,  0.00
  78,-435.00,       0,  0.00,       0,  0.00,       0,  0.00
  79,-434.00,       0,  0.00,       0,  0.00,       0,  0.00
  80,-433.00,       0,  0.00,       0,  0.00,       0,  0.00
  81,-432.00,       0,  0.00,       0,  0.00,       0,  0.00
  82,-431.00,       0,  0.00,       0,  0.00,       0,  0.00
  83,-430.00,       0,  0.00,       0,  0.00,       0,  0.00
  84,-429.00,       0,  0.00,       0,  0.00,       0,  0.00
  85,-428.00,       0,  0.00,       0,  0.00,       0,  0.00
  86,-427.00,       0,  0.00,       0,  0.00,       0,  0.00
  87,-426.00,       0,  0.00,       0,  0.00,       0,  0.00
  88,-425.00,       0,  0.00,       0,  0.00,       0,  0.00
  89,-424.00,       0,  0.00,       0,  0.00,       0,  0.00
  90,-423.00,       0,  0.00,       0,  0.00,       0,  0.00
  91,-422.00,       0,  0.00,       0,  0.00,       0,  0.00
  92,-421.00,       0,  0.00,       0,  0.00,       0,  0.00
  93,-420.00,       0,  0.00,       0,  0.00,       0,  0.00
  94,-419.00,       0,  0.00,       0,  0.00,       0,  0.00
  95,-418.00,       0,  0.00,       0,  0.00,       0,  0.00
  96,-417.00,       0,  0.00,       0,  0.00,       0,  0.00
  97,-416.00,       0,  0.00,       0,  0.00,       0,  0.00
  98,-415.00,       0,  0.00,       0,  0.00,       0,  0.00
  99,-414.00,       0,  0.00,       0,  0.00,       0,  0.00
 100,-413.00,       0,  0.00,       0,  0.00,       0,  0.00
 101,-412.00,       0,  0.00,       0,  0.00,       0,  0.00
 102,-411.00,       0,  0.00,       0,  0.00,       0,  0.00
 103,-410.00,       0,  0.00,       0,  0.00,       0,  0.00
 104,-409.00,       0,  0.00,       0,  0.00,       0,  0.00
 105,-408.00,       0,  0.00,       0,  0.00,       0,  0.00
 106,-407.00,       0,  0.00,       0,  0.00,       0,  0.00
 107,-406.00,       0,  0.00,       0,  0.00,       0,  0.00
 108,-405.00,       0,  0.00,       0,  0.00,       0,  0.00
 109,-404.00,       0,  0.00,       0,  0.00,       0,  0.00
 110,-403.00,       0,  0.00,       0,  0.00,       0,  0.00
 111,-402.00,       0,  0.00,       0,  0.00,       0,  0.00
 112,-401.00,       0,  0.00,       0,  0.00,       0,  0.00
 113,-400.00,       0,  0.00,       0,  0.00,       0,  0.00
 114,-399.00,       0,  0.00,       0,  0.00,       0,  0.00
 115,-398.00,       0,  0.00,       0,  0.00,       0,  0.00
 116,-397.00,   -2192, -0.22,   -8360, -1.70,    6168,  1.25
 117,-396.00,   -1867, -0.19,   -8424, -1.71,    6557,  1.33
 118,-395.00,   -1905, -0.19,   -8622, -1.75,    6717,  1.37
 119,-394.00,   -3064, -0.31,   -8954, -1.82,    5890,  1.20
 120,-393.00,   -4558, -0.46,   -9451, -1.92,    4893,  1.00
 121,-392.00,   -5154, -0.52,   -9670, -1.97,    4516,  0.92
 122,-391.00,   -5609, -0.56,   -9975, -2.03,    4366,  0.89
 123,-390.00,   -6578, -0.66,  -10514, -2.14,    3936,  0.80
 124,-389.00,   -7084, -0.71,  -10865, -2.21,    3781,  0.77
 125,-388.00,   -6763, -0.68,  -10760, -2.19,    3997,  0.81
 126,-387.00,   -5918, -0.59,   -9912, -2.02,    3994,  0.81
 127,-386.00,   -5844, -0.58,  -10222, -2.08,    4378,  0.89
 128,-385.00,   -6331, -0.63,  -10777, -2.19,    4446,  0.90
 129,-384.00,   -6979, -0.70,  -11330, -2.31,    4351,  0.89
 130,-383.00,   -7544, -0.75,  -11571, -2.35,    4027,  0.82
 131,-382.00,   -7820, -0.78,  -11494, -2.34,    3674,  0.75
 132,-381.00,   -8023, -0.80,  -11594, -2.36,    3571,  0.73
 133,-380.00,   -7209, -0.72,  -11095, -2.26,    3886,  0.79
 134,-379.00,   -6592, -0.66,  -10479, -2.13,    3887,  0.79
 135,-378.00,   -6802, -0.68,  -10261, -2.09,    3459,  0.70
 136,-377.00,   -6958, -0.70,  -10244, -2.08,    3286,  0.67
 137,-376.00,   -6983, -0.70,  -10197, -2.07,    3214,  0.65
 138,-375.00,   -7249, -0.73,  -10167, -2.07,    2918,  0.59
 139,-374.00,   -6725, -0.67,   -9604, -1.95,    2879,  0.59
 140,-373.00,   -5949, -0.60,   -8962, -1.82,    3013,  0.61
 141,-372.00,   -5405, -0.54,   -8275, -1.68,    2870,  0.58
 142,-371.00,   -5287, -0.53,   -7936, -1.61,    2649,  0.54
 143,-370.00,   -4880, -0.49,   -7242, -1.47,    2362,  0.48
 144,-369.00,   -4551, -0.46,   -6737, -1.37,    2186,  0.44
 145,-368.00,   -4058, -0.41,   -6521, -1.33,    2463,  0.50
 146,-367.00,   -3816, -0.38,   -6410, -1.30,    2594,  0.53
 147,-366.00,   -3208, -0.32,   -6225, -1.27,    3017,  0.61
 148,-365.00,   -2234, -0.22,   -5890, -1.20,    3656,  0.74
 149,-364.00,   -1395, -0.14,   -5676, -1.15,    4281,  0.87
 150,-363.00,    -982, -0.10,   -5696, -1.16,    4714,  0.96
 151,-362.00,    -417, -0.04,   -5766, -1.17,    5349,  1.09
 152,-361.00,    -382, -0.04,   -6032, -1.23,    5650,  1.15
 153,-360.00,    -335, -0.03,   -6168, -1.25,    5833,  1.19
 154,-359.00,     323,  0.03,   -6428, -1.31,    6751,  1.37
 155,-358.00,     566,  0.06,   -7075, -1.44,    7641,  1.55
 156,-357.00,    1123,  0.11,   -7363, -1.50,    8486,  1.73
 157,-356.00,    1135,  0.11,   -7454, -1.52,    8589,  1.75
 158,-355.00,     897,  0.09,   -7514, -1.53,    8411,  1.71
 159,-354.00,     167,  0.02,   -8273, -1.68,    8440,  1.72
 160,-353.00,    -263, -0.03,   -8980, -1.83,    8717,  1.77
 161,-352.00,     200,  0.02,   -8815, -1.79,    9015,  1.83
 162,-351.00,    -650, -0.07,   -9462, -1.93,    8812,  1.79
 163,-350.00,   -1923, -0.19,  -10813, -2.20,    8890,  1.81
 164,-349.00,   -2794, -0.28,  -11688, -2.38,    8894,  1.81
 165,-348.00,   -3446, -0.34,  -11970, -2.44,    8524,  1.73
 166,-347.00,   -3810, -0.38,  -12157, -2.47,    8347,  1.70
 167,-346.00,   -4668, -0.47,  -12951, -2.63,    8283,  1.69
 168,-345.00,   -5362, -0.54,  -13494, -2.75,    8132,  1.65
 169,-344.00,   -5613, -0.56,  -13687, -2.78,    8074,  1.64
 170,-343.00,   -5849, -0.59,  -14021, -2.85,    8172,  1.66
 171,-342.00,   -7118, -0.71,  -14977, -3.05,    7859,  1.60
 172,-341.00,   -8124, -0.81,  -15369, -3.13,    7245,  1.47
 173,-340.00,   -8464, -0.85,  -15240, -3.10,    6776,  1.38
 174,-339.00,   -9683, -0.97,  -15576, -3.17,    5893,  1.20
 175,-338.00,  -10767, -1.08,  -15983, -3.25,    5216,  1.06
 176,-337.00,  -10916, -1.09,  -16286, -3.31,    5370,  1.09
 177,-336.00,  -10607, -1.06,  -16561, -3.37,    5954,  1.21
 178,-335.00,  -10619, -1.06,  -16795, -3.42,    6176,  1.26
 179,-334.00,  -10743, -1.07,  -17107, -3.48,    6364,  1.29
 180,-333.00,  -11305, -1.13,  -17425, -3.55,    6120,  1.25
 181,-332.00,  -11339, -1.13,  -17060, -3.47,    5721,  1.16
 182,-331.00,  -12404, -1.24,  -17145, -3.49,    4741,  0.96
 183,-330.00,  -13864, -1.39,  -17926, -3.65,    4062,  0.83
 184,-329.00,  -14031, -1.40,  -18186, -3.70,    4155,  0.85
 185,-328.00,  -14041, -1.40,  -18143, -3.69,    4102,  0.83
 186,-327.00,  -13897, -1.39,  -17742, -3.61,    3845,  0.78
 187,-326.00,  -13918, -1.39,  -17309, -3.52,    3391,  0.69
 188,-325.00,  -14099, -1.41,  -17023, -3.46,    2924,  0.59
 189,-324.00,  -14673, -1.47,  -17345, -3.53,    2672,  0.54
 190,-323.00,  -15055, -1.51,  -17526, -3.57,    2471,  0.50
 191,-322.00,  -15018, -1.50,  -17249, -3.51,    2231,  0.45
 192,-321.00,  -14382, -1.44,  -16559, -3.37,    2177,  0.44
 193,-320.00,  -14182, -1.42,  -15958, -3.25,    1776,  0.36
 194,-319.00,  -14400, -1.44,  -16074, -3.27,    1674,  0.34
 195,-318.00,  -14761, -1.48,  -16272, -3.31,    1511,  0.31
 196,-317.00,  -14564, -1.46,  -16100, -3.28,    1536,  0.31
 197,-316.00,  -13682, -1.37,  -15539, -3.16,    1857,  0.38
 198,-315.00,  -13349, -1.34,  -15033, -3.06,    1684,  0.34
 199,-314.00,  -13503, -1.35,  -15135, -3.08,    1632,  0.33
 200,-313.00,  -13346, -1.34,  -15209, -3.09,    1863,  0.38
 201,-312.00,  -12727, -1.27,  -14406, -2.93,    1679,  0.34
 202,-311.00,  -11747, -1.18,  -13289, -2.70,    1542,  0.31
 203,-310.00,  -10341, -1.03,  -12414, -2.53,    2073,  0.42
 204,-309.00,   -9490, -0.95,  -12222, -2.49,    2732,  0.56
 205,-308.00,   -8492, -0.85,  -11651, -2.37,    3159,  0.64
 206,-307.00,   -7679, -0.77,  -10931, -2.22,    3252,  0.66
 207,-306.00,   -7341, -0.73,  -10225, -2.08,    2884,  0.59
 208,-305.00,   -7822, -0.78,   -9961, -2.03,    2139,  0.44
 209,-304.00,   -8390, -0.84,   -9746, -1.98,    1356,  0.28
 210,-303.00,   -8355, -0.84,   -9379, -1.91,    1024,  0.21
 211,-302.00,   -8294, -0.83,   -8845, -1.80,     551,  0.11
 212,-301.00,   -8379, -0.84,   -8363, -1.70,     -16, -0.00
 213,-300.00,   -8304, -0.83,   -7761, -1.58,    -543, -0.11
 214,-299.00,   -8120, -0.81,   -7044, -1.43,   -1076, -0.22
 215,-298.00,   -7540, -0.75,   -6321, -1.29,   -1219, -0.25
 216,-297.00,   -7107, -0.71,   -5632, -1.15,   -1475, -0.30
 217,-296.00,   -7896, -0.79,   -5522, -1.12,   -2374, -0.48
 218,-295.00,   -8084, -0.81,   -5282, -1.07,   -2802, -0.57
 219,-294.00,   -7730, -0.77,   -4563, -0.93,   -3167, -0.64
 220,-293.00,   -7664, -0.77,   -4296, -0.87,   -3368, -0.69
 221,-292.00,   -8135, -0.81,   -4546, -0.92,   -3589, -0.73
 222,-291.00,   -8294, -0.83,   -4248, -0.86,   -4046, -0.82
 223,-290.00,   -8100, -0.81,   -3494, -0.71,   -4606, -0.94
 224,-289.00,   -7383, -0.74,   -2746, -0.56,   -4637, -0.94
 225,-288.00,   -6085, -0.61,   -1692, -0.34,   -4393, -0.89
 226,-287.00,   -5052, -0.51,    -897, -0.18,   -4155, -0.85
 227,-286.00,   -4996, -0.50,    -949, -0.19,   -4047, -0.82
 228,-285.00,   -5315, -0.53,   -1214, -0.25,   -4101, -0.83
 229,-284.00,   -4973, -0.50,    -706, -0.14,   -4267, -0.87
 230,-283.00,   -4655, -0.47,    -819, -0.17,   -3836, -0.78
 231,-282.00,   -4172, -0.42,    -654, -0.13,   -3518, -0.72
 232,-281.00,   -4061, -0.41,    -588, -0.12,   -3473, -0.71
 233,-280.00,   -3832, -0.38,    -951, -0.19,   -2881, -0.59
 234,-279.00,   -3795, -0.38,   -1578, -0.32,   -2217, -0.45
 235,-278.00,   -3884, -0.39,   -1858, -0.38,   -2026, -0.41
 236,-277.00,   -3472, -0.35,   -2000, -0.41,   -1472, -0.30
 237,-276.00,   -2822, -0.28,   -2503, -0.51,    -319, -0.06
 238,-275.00,   -2555, -0.26,   -3212, -0.65,     657,  0.13
 239,-274.00,   -2948, -0.29,   -4019, -0.82,    1071,  0.22
 240,-273.00,   -3304, -0.33,   -4669, -0.95,    1365,  0.28
 241,-272.00,   -2735, -0.27,   -4730, -0.96,    1995,  0.41
 242,-271.00,   -2578, -0.26,   -5097, -1.04,    2519,  0.51
 243,-270.00,   -2243, -0.22,   -5258, -1.07,    3015,  0.61
 244,-269.00,   -2165, -0.22,   -5192, -1.06,    3027,  0.62
 245,-268.00,   -1899, -0.19,   -5142, -1.05,    3243,  0.66
 246,-267.00,   -1604, -0.16,   -5158, -1.05,    3554,  0.72
 247,-266.00,   -1852, -0.19,   -5407, -1.10,    3555,  0.72
 248,-265.00,   -2293, -0.23,   -5696, -1.16,    3403,  0.69
 249,-264.00,   -2815, -0.28,   -5961, -1.21,    3146,  0.64
 250,-263.00,   -3205, -0.32,   -6121, -1.25,    2916,  0.59
 251,-262.00,   -3591, -0.36,   -6345, -1.29,    2754,  0.56
 252,-261.00,   -4030, -0.40,   -6881, -1.40,    2851,  0.58
 253,-260.00,   -4484, -0.45,   -7217, -1.47,    2733,  0.56
 254,-259.00,   -5073, -0.51,   -7247, -1.47,    2174,  0.44
 255,-258.00,   -5649, -0.57,   -7284, -1.48,    1635,  0.33
 256,-257.00,   -6870, -0.69,   -7750, -1.58,     880,  0.18
 257,-256.00,   -8000, -0.80,   -7881, -1.60,    -119, -0.02
 258,-255.00,   -8522, -0.85,   -7943, -1.62,    -579, -0.12
 259,-254.00,   -9482, -0.95,   -8361, -1.70,   -1121, -0.23
 260,-253.00,  -10362, -1.04,   -8564, -1.74,   -1798, -0.37
 261,-252.00,  -11749, -1.18,   -9140, -1.86,   -2609, -0.53
 262,-251.00,  -12698, -1.27,   -9615, -1.96,   -3083, -0.63
 263,-250.00,  -13181, -1.32,   -9724, -1.98,   -3457, -0.70
 264,-249.00,  -14362, -1.44,  -10065, -2.05,   -4297, -0.87
 265,-248.00,  -15509, -1.55,  -10338, -2.10,   -5171, -1.05
 266,-247.00,  -16670, -1.67,  -10651, -2.17,   -6019, -1.22
 267,-246.00,  -17721, -1.77,  -10612, -2.16,   -7109, -1.45
 268,-245.00,  -18309, -1.83,  -10364, -2.11,   -7945, -1.62
 269,-244.00,  -18741, -1.88,  -10380, -2.11,   -8361, -1.70
 270,-243.00,  -20133, -2.01,  -10879, -2.21,   -9254, -1.88
 271,-242.00,  -21251, -2.13,  -11208, -2.28,  -10043, -2.04
 272,-241.00,  -21302, -2.13,  -11152, -2.27,  -10150, -2.07
 273,-240.00,  -22046, -2.21,  -11495, -2.34,  -10551, -2.15
 274,-239.00,  -22510, -2.25,  -11837, -2.41,  -10673, -2.17
 275,-238.00,  -22859, -2.29,  -12346, -2.51,  -10513, -2.14
 276,-237.00,  -23910, -2.39,  -13078, -2.66,  -10832, -2.20
 277,-236.00,  -24369, -2.44,  -13349, -2.72,  -11020, -2.24
 278,-235.00,  -24306, -2.43,  -13448, -2.74,  -10858, -2.21
 279,-234.00,  -24751, -2.48,  -13457, -2.74,  -11294, -2.30
 280,-233.00,  -24420, -2.44,  -12974, -2.64,  -11446, -2.33
 281,-232.00,  -23874, -2.39,  -12654, -2.57,  -11220, -2.28
 282,-231.00,  -23681, -2.37,  -12503, -2.54,  -11178, -2.27
 283,-230.00,  -23395, -2.34,  -12267, -2.50,  -11128, -2.26
 284,-229.00,  -23700, -2.37,  -12393, -2.52,  -11307, -2.30
 285,-228.00,  -23686, -2.37,  -11550, -2.35,  -12136, -2.47
 286,-227.00,  -22154, -2.22,  -10493, -2.13,  -11661, -2.37
 287,-226.00,  -21341, -2.14,  -10085, -2.05,  -11256, -2.29
 288,-225.00,  -20955, -2.10,   -9649, -1.96,  -11306, -2.30
 289,-224.00,  -20193, -2.02,   -9024, -1.84,  -11169, -2.27
 290,-223.00,  -19352, -1.94,   -8277, -1.68,  -11075, -2.25
 291,-222.00,  -18553, -1.86,   -7466, -1.52,  -11087, -2.26
 292,-221.00,  -18195, -1.82,   -7116, -1.45,  -11079, -2.25
 293,-220.00,  -18202, -1.82,   -7347, -1.49,  -10855, -2.21
 294,-219.00,  -17263, -1.73,   -6279, -1.28,  -10984, -2.23
 295,-218.00,  -16459, -1.65,   -5593, -1.14,  -10866, -2.21
 296,-217.00,  -16528, -1.65,   -5531, -1.13,  -10997, -2.24
 297,-216.00,  -17018, -1.70,   -5780, -1.18,  -11238, -2.29
 298,-215.00,  -16839, -1.68,   -5804, -1.18,  -11035, -2.25
 299,-214.00,  -16492, -1.65,   -5870, -1.19,  -10622, -2.16
 300,-213.00,  -16680, -1.67,   -6102, -1.24,  -10578, -2.15
 301,-212.00,  -16422, -1.64,   -5766, -1.17,  -10656, -2.17
 302,-211.00,  -16369, -1.64,   -5958, -1.21,  -10411, -2.12
 303,-210.00,  -16223, -1.62,   -6114, -1.24,  -10109, -2.06
 304,-209.00,  -15784, -1.58,   -5918, -1.20,   -9866, -2.01
 305,-208.00,  -16258, -1.63,   -5784, -1.18,  -10474, -2.13
 306,-207.00,  -16757, -1.68,   -5751, -1.17,  -11006, -2.24
 307,-206.00,  -16814, -1.68,   -5982, -1.22,  -10832, -2.20
 308,-205.00,  -17021, -1.70,   -6318, -1.29,  -10703, -2.18
 309,-204.00,  -16683, -1.67,   -6131, -1.25,  -10552, -2.15
 310,-203.00,  -15955, -1.60,   -5735, -1.17,  -10220, -2.08
 311,-202.00,  -15692, -1.57,   -5122, -1.04,  -10570, -2.15
 312,-201.00,  -15173, -1.52,   -4595, -0.93,  -10578, -2.15
 313,-200.00,  -15180, -1.52,   -4568, -0.93,  -10612, -2.16
 314,-199.00,  -15337, -1.53,   -4461, -0.91,  -10876, -2.21
 315,-198.00,  -15704, -1.57,   -4304, -0.88,  -11400, -2.32
 316,-197.00,  -15866, -1.59,   -3722, -0.76,  -12144, -2.47
 317,-196.00,  -15323, -1.53,   -3130, -0.64,  -12193, -2.48
 318,-195.00,  -14512, -1.45,   -2034, -0.41,  -12478, -2.54
 319,-194.00,  -14069, -1.41,   -1043, -0.21,  -13026, -2.65
 320,-193.00,  -13872, -1.39,    -522, -0.11,  -13350, -2.72
 321,-192.00,  -14010, -1.40,    -349, -0.07,  -13661, -2.78
 322,-191.00,  -13533, -1.35,     380,  0.08,  -13913, -2.83
 323,-190.00,  -12469, -1.25,    1399,  0.28,  -13868, -2.82
 324,-189.00,  -11501, -1.15,    2589,  0.53,  -14090, -2.87
 325,-188.00,  -10685, -1.07,    3202,  0.65,  -13887, -2.83
 326,-187.00,   -9666, -0.97,    3734,  0.76,  -13400, -2.73
 327,-186.00,   -8590, -0.86,    4631,  0.94,  -13221, -2.69
 328,-185.00,   -7488, -0.75,    5202,  1.06,  -12690, -2.58
 329,-184.00,   -6495, -0.65,    5542,  1.13,  -12037, -2.45
 330,-183.00,   -5965, -0.60,    5995,  1.22,  -11960, -2.43
 331,-182.00,   -5760, -0.58,    6276,  1.28,  -12036, -2.45
 332,-181.00,   -5120, -0.51,    6616,  1.35,  -11736, -2.39
 333,-180.00,   -3911, -0.39,    7342,  1.49,  -11253, -2.29
 334,-179.00,   -2849, -0.29,    8079,  1.64,  -10928, -2.22
 335,-178.00,   -1933, -0.19,    8215,  1.67,  -10148, -2.06
 336,-177.00,   -2194, -0.22,    7856,  1.60,  -10050, -2.04
 337,-176.00,   -2029, -0.20,    8057,  1.64,  -10086, -2.05
 338,-175.00,   -1698, -0.17,    8438,  1.72,  -10136, -2.06
 339,-174.00,   -1370, -0.14,    8510,  1.73,   -9880, -2.01
 340,-173.00,    -472, -0.05,    8631,  1.76,   -9103, -1.85
 341,-172.00,     888,  0.09,    9353,  1.90,   -8465, -1.72
 342,-171.00,    1964,  0.20,    9989,  2.03,   -8025, -1.63
 343,-170.00,    1609,  0.16,   10042,  2.04,   -8433, -1.72
 344,-169.00,     681,  0.07,    9995,  2.03,   -9314, -1.89
 345,-168.00,     189,  0.02,    9814,  2.00,   -9625, -1.96
 346,-167.00,     604,  0.06,    9617,  1.96,   -9013, -1.83
 347,-166.00,    1455,  0.15,    9907,  2.02,   -8452, -1.72
 348,-165.00,    1799,  0.18,    9915,  2.02,   -8116, -1.65
 349,-164.00,    2453,  0.25,   10059,  2.05,   -7606, -1.55
 350,-163.00,    3197,  0.32,   10347,  2.11,   -7150, -1.45
 351,-162.00,    3186,  0.32,   10349,  2.11,   -7163, -1.46
 352,-161.00,    2782,  0.28,   10091,  2.05,   -7309, -1.49
 353,-160.00,    3061,  0.31,   10128,  2.06,   -7067, -1.44
 354,-159.00,    4090,  0.41,   10538,  2.14,   -6448, -1.31
 355,-158.00,    4490,  0.45,   10736,  2.18,   -6246, -1.27
 356,-157.00,    4083,  0.41,   10545,  2.15,   -6462, -1.31
 357,-156.00,    4286,  0.43,   10787,  2.19,   -6501, -1.32
 358,-155.00,    4928,  0.49,   11421,  2.32,   -6493, -1.32
 359,-154.00,    5167,  0.52,   11605,  2.36,   -6438, -1.31
 360,-153.00,    5965,  0.60,   11834,  2.41,   -5869, -1.19
 361,-152.00,    7199,  0.72,   12551,  2.55,   -5352, -1.09
 362,-151.00,    7185,  0.72,   12543,  2.55,   -5358, -1.09
 363,-150.00,    7635,  0.76,   12447,  2.53,   -4812, -0.98
 364,-149.00,    8009,  0.80,   12641,  2.57,   -4632, -0.94
 365,-148.00,    8619,  0.86,   12834,  2.61,   -4215, -0.86
 366,-147.00,    9335,  0.93,   12695,  2.58,   -3360, -0.68
 367,-146.00,   10186,  1.02,   12644,  2.57,   -2458, -0.50
 368,-145.00,   10960,  1.10,   12663,  2.58,   -1703, -0.35
 369,-144.00,   11644,  1.17,   12696,  2.58,   -1052, -0.21
 370,-143.00,   11785,  1.18,   12435,  2.53,    -650, -0.13
 371,-142.00,   10832,  1.08,   11405,  2.32,    -573, -0.12
 372,-141.00,   10715,  1.07,   10400,  2.12,     315,  0.06
 373,-140.00,   10410,  1.04,    9566,  1.95,     844,  0.17
 374,-139.00,   10927,  1.09,    9405,  1.91,    1522,  0.31
 375,-138.00,   11144,  1.12,    9269,  1.89,    1875,  0.38
 376,-137.00,   10912,  1.09,    8981,  1.83,    1931,  0.39
 377,-136.00,   10431,  1.04,    8066,  1.64,    2365,  0.48
 378,-135.00,   10718,  1.07,    7454,  1.52,    3264,  0.66
 379,-134.00,   10697,  1.07,    6943,  1.41,    3754,  0.76
 380,-133.00,   10321,  1.03,    6495,  1.32,    3826,  0.78
 381,-132.00,   10022,  1.00,    5919,  1.20,    4103,  0.83
 382,-131.00,    9998,  1.00,    5481,  1.12,    4517,  0.92
 383,-130.00,    9765,  0.98,    5026,  1.02,    4739,  0.96
 384,-129.00,    9342,  0.93,    4666,  0.95,    4676,  0.95
 385,-128.00,    9004,  0.90,    4364,  0.89,    4640,  0.94
 386,-127.00,    9336,  0.93,    4140,  0.84,    5196,  1.06
 387,-126.00,    9408,  0.94,    3901,  0.79,    5507,  1.12
 388,-125.00,    8832,  0.88,    3383,  0.69,    5449,  1.11
 389,-124.00,    8868,  0.89,    3296,  0.67,    5572,  1.13
 390,-123.00,   10133,  1.01,    4035,  0.82,    6098,  1.24
 391,-122.00,   10647,  1.07,    4338,  0.88,    6309,  1.28
 392,-121.00,   10471,  1.05,    3896,  0.79,    6575,  1.34
 393,-120.00,   10620,  1.06,    3658,  0.74,    6962,  1.42
 394,-119.00,   11102,  1.11,    3712,  0.76,    7390,  1.50
 395,-118.00,   11661,  1.17,    3870,  0.79,    7791,  1.59
 396,-117.00,   12276,  1.23,    3930,  0.80,    8346,  1.70
 397,-116.00,   12766,  1.28,    4256,  0.87,    8510,  1.73
 398,-115.00,   12287,  1.23,    4252,  0.87,    8035,  1.63
 399,-114.00,   13449,  1.35,    5206,  1.06,    8243,  1.68
 400,-113.00,   14544,  1.46,    5840,  1.19,    8704,  1.77
 401,-112.00,   14924,  1.49,    6157,  1.25,    8767,  1.78
 402,-111.00,   14905,  1.49,    6501,  1.32,    8404,  1.71
 403,-110.00,   14491,  1.45,    6775,  1.38,    7716,  1.57
 404,-109.00,   14477,  1.45,    7042,  1.43,    7435,  1.51
 405,-108.00,   14615,  1.46,    7240,  1.47,    7375,  1.50
 406,-107.00,   14321,  1.43,    7240,  1.47,    7081,  1.44
 407,-106.00,   14713,  1.47,    7921,  1.61,    6792,  1.38
 408,-105.00,   15238,  1.52,    8611,  1.75,    6627,  1.35
 409,-104.00,   15710,  1.57,    9562,  1.95,    6148,  1.25
 410,-103.00,   15804,  1.58,    9762,  1.99,    6042,  1.23
 411,-102.00,   14660,  1.47,    9427,  1.92,    5233,  1.06
 412,-101.00,   14082,  1.41,    9293,  1.89,    4789,  0.97
 413,-100.00,   13897,  1.39,    9316,  1.90,    4581,  0.93
 414,-99.00,   14088,  1.41,    9364,  1.91,    4724,  0.96
 415,-98.00,   14473,  1.45,    9533,  1.94,    4940,  1.01
 416,-97.00,   15029,  1.50,    9943,  2.02,    5086,  1.03
 417,-96.00,   15703,  1.57,   10386,  2.11,    5317,  1.08
 418,-95.00,   16544,  1.66,   10955,  2.23,    5589,  1.14
 419,-94.00,   16112,  1.61,   10477,  2.13,    5635,  1.15
 420,-93.00,   15497,  1.55,    9716,  1.98,    5781,  1.18
 421,-92.00,   14965,  1.50,    9445,  1.92,    5520,  1.12
 422,-91.00,   14511,  1.45,    9066,  1.84,    5445,  1.11
 423,-90.00,   14652,  1.47,    8732,  1.78,    5920,  1.20
 424,-89.00,   15367,  1.54,    8769,  1.78,    6598,  1.34
 425,-88.00,   16188,  1.62,    9295,  1.89,    6893,  1.40
 426,-87.00,   15910,  1.59,    9290,  1.89,    6620,  1.35
 427,-86.00,   15922,  1.59,    9142,  1.86,    6780,  1.38
 428,-85.00,   16103,  1.61,    9004,  1.83,    7099,  1.44
 429,-84.00,   15683,  1.57,    8838,  1.80,    6845,  1.39
 430,-83.00,   14922,  1.49,    8373,  1.70,    6549,  1.33
 431,-82.00,   14779,  1.48,    8331,  1.69,    6448,  1.31
 432,-81.00,   14795,  1.48,    8131,  1.65,    6664,  1.36
 433,-80.00,   15296,  1.53,    8221,  1.67,    7075,  1.44
 434,-79.00,   14954,  1.50,    8164,  1.66,    6790,  1.38
 435,-78.00,   14710,  1.47,    8020,  1.63,    6690,  1.36
 436,-77.00,   14635,  1.46,    7883,  1.60,    6752,  1.37
 437,-76.00,   14342,  1.44,    7645,  1.56,    6697,  1.36
 438,-75.00,   14312,  1.43,    7338,  1.49,    6974,  1.42
 439,-74.00,   13771,  1.38,    6924,  1.41,    6847,  1.39
 440,-73.00,   12899,  1.29,    6416,  1.31,    6483,  1.32
 441,-72.00,   12066,  1.21,    5735,  1.17,    6331,  1.29
 442,-71.00,   11412,  1.14,    5432,  1.11,    5980,  1.22
 443,-70.00,   10744,  1.08,    5536,  1.13,    5208,  1.06
 444,-69.00,    9381,  0.94,    5051,  1.03,    4330,  0.88
 445,-68.00,    7635,  0.76,    3947,  0.80,    3688,  0.75
 446,-67.00,    6102,  0.61,    2748,  0.56,    3354,  0.68
 447,-66.00,    5020,  0.50,    1721,  0.35,    3299,  0.67
 448,-65.00,    3404,  0.34,     440,  0.09,    2964,  0.60
 449,-64.00,    1692,  0.17,    -680, -0.14,    2372,  0.48
 450,-63.00,      25,  0.00,   -1456, -0.30,    1481,  0.30
 451,-62.00,   -1176, -0.12,   -2129, -0.43,     953,  0.19
 452,-61.00,   -2386, -0.24,   -2729, -0.56,     343,  0.07
 453,-60.00,   -3691, -0.37,   -3292, -0.67,    -399, -0.08
 454,-59.00,   -4301, -0.43,   -3338, -0.68,    -963, -0.20
 455,-58.00,   -4146, -0.41,   -2828, -0.58,   -1318, -0.27
 456,-57.00,   -5097, -0.51,   -3012, -0.61,   -2085, -0.42
 457,-56.00,   -6628, -0.66,   -3348, -0.68,   -3280, -0.67
 458,-55.00,   -7895, -0.79,   -3885, -0.79,   -4010, -0.82
 459,-54.00,   -9309, -0.93,   -4606, -0.94,   -4703, -0.96
 460,-53.00,  -10015, -1.00,   -4851, -0.99,   -5164, -1.05
 461,-52.00,  -10593, -1.06,   -5137, -1.05,   -5456, -1.11
 462,-51.00,  -10753, -1.08,   -5163, -1.05,   -5590, -1.14
 463,-50.00,  -10310, -1.03,   -4420, -0.90,   -5890, -1.20
 464,-49.00,  -10127, -1.01,   -3594, -0.73,   -6533, -1.33
 465,-48.00,  -10366, -1.04,   -3442, -0.70,   -6924, -1.41
 466,-47.00,   -9751, -0.98,   -2796, -0.57,   -6955, -1.42
 467,-46.00,   -9530, -0.95,   -2278, -0.46,   -7252, -1.48
 468,-45.00,   -9319, -0.93,   -2057, -0.42,   -7262, -1.48
 469,-44.00,   -8462, -0.85,   -1298, -0.26,   -7164, -1.46
 470,-43.00,   -7772, -0.78,    -882, -0.18,   -6890, -1.40
 471,-42.00,   -7377, -0.74,    -398, -0.08,   -6979, -1.42
 472,-41.00,   -6679, -0.67,     262,  0.05,   -6941, -1.41
 473,-40.00,   -6713, -0.67,     510,  0.10,   -7223, -1.47
 474,-39.00,   -7761, -0.78,    -127, -0.03,   -7634, -1.55
 475,-38.00,   -7531, -0.75,    -167, -0.03,   -7364, -1.50
 476,-37.00,   -7679, -0.77,    -369, -0.08,   -7310, -1.49
 477,-36.00,   -8198, -0.82,    -333, -0.07,   -7865, -1.60
 478,-35.00,   -7894, -0.79,    -148, -0.03,   -7746, -1.58
 479,-34.00,   -7795, -0.78,       5,  0.00,   -7800, -1.59
 480,-33.00,   -7705, -0.77,     160,  0.03,   -7865, -1.60
 481,-32.00,   -7586, -0.76,     229,  0.05,   -7815, -1.59
 482,-31.00,   -7629, -0.76,    -146, -0.03,   -7483, -1.52
 483,-30.00,   -7856, -0.79,    -683, -0.14,   -7173, -1.46
 484,-29.00,   -8651, -0.87,   -1351, -0.27,   -7300, -1.49
 485,-28.00,   -8808, -0.88,   -1606, -0.33,   -7202, -1.47
 486,-27.00,   -8856, -0.89,   -1600, -0.33,   -7256, -1.48
 487,-26.00,   -9752, -0.98,   -2143, -0.44,   -7609, -1.55
 488,-25.00,   -9893, -0.99,   -2786, -0.57,   -7107, -1.45
 489,-24.00,  -10073, -1.01,   -3225, -0.66,   -6848, -1.39
 490,-23.00,  -10284, -1.03,   -3719, -0.76,   -6565, -1.34
 491,-22.00,  -10101, -1.01,   -4165, -0.85,   -5936, -1.21
 492,-21.00,  -10367, -1.04,   -4622, -0.94,   -5745, -1.17
 493,-20.00,  -10704, -1.07,   -4755, -0.97,   -5949, -1.21
 494,-19.00,  -10309, -1.03,   -4362, -0.89,   -5947, -1.21
 495,-18.00,   -9717, -0.97,   -3926, -0.80,   -5791, -1.18
 496,-17.00,   -9701, -0.97,   -3735, -0.76,   -5966, -1.21
 497,-16.00,   -8336, -0.83,   -3071, -0.62,   -5265, -1.07
 498,-15.00,   -7466, -0.75,   -2751, -0.56,   -4715, -0.96
 499,-14.00,   -7888, -0.79,   -2951, -0.60,   -4937, -1.00
 500,-13.00,   -8216, -0.82,   -3180, -0.65,   -5036, -1.02
 501,-12.00,   -8046, -0.81,   -3449, -0.70,   -4597, -0.94
 502,-11.00,   -7835, -0.78,   -3352, -0.68,   -4483, -0.91
 503,-10.00,   -8000, -0.80,   -3171, -0.65,   -4829, -0.98
 504,-9.00,   -7658, -0.77,   -3007, -0.61,   -4651, -0.95
 505,-8.00,   -6650, -0.67,   -2692, -0.55,   -3958, -0.81
 506,-7.00,   -5691, -0.57,   -2285, -0.46,   -3406, -0.69
 507,-6.00,   -4617, -0.46,   -1926, -0.39,   -2691, -0.55
 508,-5.00,   -3901, -0.39,   -1977, -0.40,   -1924, -0.39
 509,-4.00,   -3649, -0.37,   -1815, -0.37,   -1834, -0.37
 510,-3.00,   -3359, -0.34,   -1579, -0.32,   -1780, -0.36
 511,-2.00,   -3081, -0.31,   -1721, -0.35,   -1360, -0.28
 512,-1.00,   -2949, -0.30,   -1967, -0.40,    -982, -0.20
 513,0.00,   -3069, -0.31,   -2331, -0.47,    -738, -0.15
 514,1.00,   -2623, -0.26,   -2474, -0.50,    -149, -0.03
 515,2.00,   -1925, -0.19,   -2432, -0.49,     507,  0.10
 516,3.00,   -1665, -0.17,   -2426, -0.49,     761,  0.15
 517,4.00,   -1419, -0.14,   -2450, -0.50,    1031,  0.21
 518,5.00,   -1128, -0.11,   -2583, -0.53,    1455,  0.30
 519,6.00,   -1575, -0.16,   -3012, -0.61,    1437,  0.29
 520,7.00,   -1882, -0.19,   -3220, -0.66,    1338,  0.27
 521,8.00,   -2277, -0.23,   -3539, -0.72,    1262,  0.26
 522,9.00,   -1906, -0.19,   -3464, -0.70,    1558,  0.32
 523,10.00,   -1388, -0.14,   -3211, -0.65,    1823,  0.37
 524,11.00,   -1090, -0.11,   -2923, -0.59,    1833,  0.37
 525,12.00,   -1492, -0.15,   -3089, -0.63,    1597,  0.32
 526,13.00,   -1739, -0.17,   -3321, -0.68,    1582,  0.32
 527,14.00,   -1598, -0.16,   -3336, -0.68,    1738,  0.35
 528,15.00,   -1639, -0.16,   -3553, -0.72,    1914,  0.39
 529,16.00,   -1983, -0.20,   -4040, -0.82,    2057,  0.42
 530,17.00,   -2174, -0.22,   -4206, -0.86,    2032,  0.41
 531,18.00,   -1994, -0.20,   -4363, -0.89,    2369,  0.48
 532,19.00,   -2530, -0.25,   -4972, -1.01,    2442,  0.50
 533,20.00,   -2570, -0.26,   -4878, -0.99,    2308,  0.47
 534,21.00,   -2306, -0.23,   -4838, -0.98,    2532,  0.52
 535,22.00,   -2726, -0.27,   -5269, -1.07,    2543,  0.52
 536,23.00,   -3105, -0.31,   -5699, -1.16,    2594,  0.53
 537,24.00,   -3016, -0.30,   -5733, -1.17,    2717,  0.55
 538,25.00,   -3063, -0.31,   -5845, -1.19,    2782,  0.57
 539,26.00,   -2976, -0.30,   -6048, -1.23,    3072,  0.63
 540,27.00,   -2269, -0.23,   -5850, -1.19,    3581,  0.73
 541,28.00,   -1660, -0.17,   -5360, -1.09,    3700,  0.75
 542,29.00,   -1592, -0.16,   -5475, -1.11,    3883,  0.79
 543,30.00,   -1299, -0.13,   -5466, -1.11,    4167,  0.85
 544,31.00,    -351, -0.04,   -4997, -1.02,    4646,  0.95
 545,32.00,    -181, -0.02,   -5004, -1.02,    4823,  0.98
 546,33.00,     256,  0.03,   -4904, -1.00,    5160,  1.05
 547,34.00,     870,  0.09,   -4367, -0.89,    5237,  1.07
 548,35.00,    1339,  0.13,   -3875, -0.79,    5214,  1.06
 549,36.00,    1577,  0.16,   -3694, -0.75,    5271,  1.07
 550,37.00,    2239,  0.22,   -2953, -0.60,    5192,  1.06
 551,38.00,    3619,  0.36,   -2237, -0.46,    5856,  1.19
 552,39.00,    4920,  0.49,   -1590, -0.32,    6510,  1.32
 553,40.00,    5616,  0.56,   -1015, -0.21,    6631,  1.35
 554,41.00,    6007,  0.60,    -337, -0.07,    6344,  1.29
 555,42.00,    6940,  0.69,     685,  0.14,    6255,  1.27
 556,43.00,    7229,  0.72,    1015,  0.21,    6214,  1.26
 557,44.00,    6837,  0.68,    1337,  0.27,    5500,  1.12
 558,45.00,    7077,  0.71,    1801,  0.37,    5276,  1.07
 559,46.00,    7786,  0.78,    2557,  0.52,    5229,  1.06
 560,47.00,    8318,  0.83,    3364,  0.68,    4954,  1.01
 561,48.00,    8369,  0.84,    3755,  0.76,    4614,  0.94
 562,49.00,    8421,  0.84,    3719,  0.76,    4702,  0.96
 563,50.00,    8947,  0.90,    4233,  0.86,    4714,  0.96
 564,51.00,    9521,  0.95,    4950,  1.01,    4571,  0.93
 565,52.00,    9362,  0.94,    4882,  0.99,    4480,  0.91
 566,53.00,    9317,  0.93,    4687,  0.95,    4630,  0.94
 567,54.00,    9355,  0.94,    4576,  0.93,    4779,  0.97
 568,55.00,    9561,  0.96,    4806,  0.98,    4755,  0.97
 569,56.00,   10005,  1.00,    5105,  1.04,    4900,  1.00
 570,57.00,    9499,  0.95,    5238,  1.07,    4261,  0.87
 571,58.00,    8803,  0.88,    5214,  1.06,    3589,  0.73
 572,59.00,    8902,  0.89,    5066,  1.03,    3836,  0.78
 573,60.00,    8659,  0.87,    4607,  0.94,    4052,  0.82
 574,61.00,    8938,  0.89,    4638,  0.94,    4300,  0.87
 575,62.00,    8806,  0.88,    4406,  0.90,    4400,  0.90
 576,63.00,    8353,  0.84,    4187,  0.85,    4166,  0.85
 577,64.00,    6609,  0.66,    3353,  0.68,    3256,  0.66
 578,65.00,    5162,  0.52,    2823,  0.57,    2339,  0.48
 579,66.00,    4147,  0.41,    2611,  0.53,    1536,  0.31
 580,67.00,    2926,  0.29,    2099,  0.43,     827,  0.17
 581,68.00,    1026,  0.10,    1095,  0.22,     -69, -0.01
 582,69.00,    -597, -0.06,      98,  0.02,    -695, -0.14
 583,70.00,   -1714, -0.17,    -506, -0.10,   -1208, -0.25
 584,71.00,   -2873, -0.29,   -1005, -0.20,   -1868, -0.38
 585,72.00,   -4277, -0.43,   -1742, -0.35,   -2535, -0.52
 586,73.00,   -6096, -0.61,   -2657, -0.54,   -3439, -0.70
 587,74.00,   -8666, -0.87,   -4213, -0.86,   -4453, -0.91
 588,75.00,  -10422, -1.04,   -5482, -1.12,   -4940, -1.01
 589,76.00,  -12456, -1.25,   -6979, -1.42,   -5477, -1.11
 590,77.00,  -14877, -1.49,   -8686, -1.77,   -6191, -1.26
 591,78.00,  -17251, -1.73,  -10280, -2.09,   -6971, -1.42
 592,79.00,  -19885, -1.99,  -12190, -2.48,   -7695, -1.57
 593,80.00,  -22807, -2.28,  -14158, -2.88,   -8649, -1.76
 594,81.00,  -25877, -2.59,  -16248, -3.31,   -9629, -1.96
 595,82.00,  -28614, -2.86,  -17912, -3.64,  -10702, -2.18
 596,83.00,  -31041, -3.11,  -19227, -3.91,  -11814, -2.40
 597,84.00,  -34069, -3.41,  -21283, -4.33,  -12786, -2.60
 598,85.00,  -37306, -3.73,  -23140, -4.71,  -14166, -2.88
 599,86.00,  -40841, -4.09,  -25310, -5.15,  -15531, -3.16
 600,87.00,  -44380, -4.44,  -27921, -5.68,  -16459, -3.35
 601,88.00,  -47418, -4.74,  -29961, -6.10,  -17457, -3.55
 602,89.00,  -50558, -5.06,  -31732, -6.46,  -18826, -3.83
 603,90.00,  -54031, -5.41,  -33714, -6.86,  -20317, -4.13
 604,91.00,  -57242, -5.73,  -35836, -7.29,  -21406, -4.36
 605,92.00,  -59662, -5.97,  -37770, -7.68,  -21892, -4.45
 606,93.00,  -62574, -6.26,  -39991, -8.14,  -22583, -4.59
 607,94.00,  -65907, -6.59,  -42008, -8.55,  -23899, -4.86
 608,95.00,  -68350, -6.84,  -43399, -8.83,  -24951, -5.08
 609,96.00,  -70368, -7.04,  -44672, -9.09,  -25696, -5.23
 610,97.00,  -72795, -7.28,  -46332, -9.43,  -26463, -5.38
 611,98.00,  -75029, -7.51,  -48050, -9.78,  -26979, -5.49
 612,99.00,  -77160, -7.72,  -49417,-10.05,  -27743, -5.64
 613,100.00,  -78037, -7.81,  -50107,-10.19,  -27930, -5.68
 614,101.00,  -79248, -7.93,  -51105,-10.40,  -28143, -5.73
 615,102.00,  -80749, -8.08,  -52192,-10.62,  -28557, -5.81
 616,103.00,  -81059, -8.11,  -52680,-10.72,  -28379, -5.77
 617,104.00,  -81668, -8.17,  -53111,-10.81,  -28557, -5.81
 618,105.00,  -82242, -8.23,  -53175,-10.82,  -29067, -5.91
 619,106.00,  -82505, -8.26,  -53140,-10.81,  -29365, -5.97
 620,107.00,  -81967, -8.20,  -52755,-10.73,  -29212, -5.94
 621,108.00,  -80732, -8.08,  -51929,-10.57,  -28803, -5.86
 622,109.00,  -79738, -7.98,  -51321,-10.44,  -28417, -5.78
 623,110.00,  -78307, -7.84,  -50543,-10.28,  -27764, -5.65
 624,111.00,  -76799, -7.68,  -49420,-10.05,  -27379, -5.57
 625,112.00,  -75396, -7.54,  -48249, -9.82,  -27147, -5.52
 626,113.00,  -74369, -7.44,  -47248, -9.61,  -27121, -5.52
 627,114.00,  -72606, -7.27,  -45818, -9.32,  -26788, -5.45
 628,115.00,  -70053, -7.01,  -44001, -8.95,  -26052, -5.30
 629,116.00,  -67199, -6.72,  -41883, -8.52,  -25316, -5.15
 630,117.00,  -64476, -6.45,  -39764, -8.09,  -24712, -5.03
 631,118.00,  -61746, -6.18,  -37726, -7.68,  -24020, -4.89
 632,119.00,  -58828, -5.89,  -35817, -7.29,  -23011, -4.68
 633,120.00,  -55925, -5.60,  -33892, -6.90,  -22033, -4.48
 634,121.00,  -53409, -5.34,  -32125, -6.54,  -21284, -4.33
 635,122.00,  -50696, -5.07,  -30179, -6.14,  -20517, -4.17
 636,123.00,  -47936, -4.80,  -28089, -5.71,  -19847, -4.04
 637,124.00,  -44748, -4.48,  -25558, -5.20,  -19190, -3.90
 638,125.00,  -42274, -4.23,  -23664, -4.81,  -18610, -3.79
 639,126.00,  -40545, -4.06,  -22444, -4.57,  -18101, -3.68
 640,127.00,  -38451, -3.85,  -20651, -4.20,  -17800, -3.62
 641,128.00,  -36454, -3.65,  -19075, -3.88,  -17379, -3.54
 642,129.00,  -34029, -3.40,  -17288, -3.52,  -16741, -3.41
 643,130.00,  -31482, -3.15,  -15557, -3.17,  -15925, -3.24
 644,131.00,  -28560, -2.86,  -14015, -2.85,  -14545, -2.96
 645,132.00,  -25696, -2.57,  -12555, -2.55,  -13141, -2.67
 646,133.00,  -22919, -2.29,  -11182, -2.28,  -11737, -2.39
 647,134.00,  -20535, -2.05,  -10011, -2.04,  -10524, -2.14
 648,135.00,  -18368, -1.84,   -8957, -1.82,   -9411, -1.91
 649,136.00,  -15738, -1.57,   -7821, -1.59,   -7917, -1.61
 650,137.00,  -13543, -1.36,   -7065, -1.44,   -6478, -1.32
 651,138.00,  -10905, -1.09,   -6187, -1.26,   -4718, -0.96
 652,139.00,   -7748, -0.78,   -4721, -0.96,   -3027, -0.62
 653,140.00,   -5107, -0.51,   -3068, -0.62,   -2039, -0.41
 654,141.00,   -2586, -0.26,   -1753, -0.36,    -833, -0.17
 655,142.00,     339,  0.03,    -764, -0.16,    1103,  0.22
 656,143.00,    2773,  0.28,      25,  0.00,    2748,  0.56
 657,144.00,    5193,  0.52,    1001,  0.20,    4192,  0.85
 658,145.00,    7173,  0.72,    2022,  0.41,    5151,  1.05
 659,146.00,    9520,  0.95,    3087,  0.63,    6433,  1.31
 660,147.00,   11861,  1.19,    4045,  0.82,    7816,  1.59
 661,148.00,   13765,  1.38,    4650,  0.95,    9115,  1.85
 662,149.00,   15990,  1.60,    5521,  1.12,   10469,  2.13
 663,150.00,   18213,  1.82,    6660,  1.36,   11553,  2.35
 664,151.00,   20415,  2.04,    7852,  1.60,   12563,  2.56
 665,152.00,   22250,  2.23,    8815,  1.79,   13435,  2.73
 666,153.00,   23984,  2.40,    9778,  1.99,   14206,  2.89
 667,154.00,   26136,  2.62,   10787,  2.19,   15349,  3.12
 668,155.00,   27923,  2.79,   11948,  2.43,   15975,  3.25
 669,156.00,   29575,  2.96,   13046,  2.65,   16529,  3.36
 670,157.00,   31459,  3.15,   13838,  2.82,   17621,  3.59
 671,158.00,   33478,  3.35,   14627,  2.98,   18851,  3.84
 672,159.00,   35289,  3.53,   15250,  3.10,   20039,  4.08
 673,160.00,   37378,  3.74,   15871,  3.23,   21507,  4.38
 674,161.00,   39317,  3.93,   16351,  3.33,   22966,  4.67
 675,162.00,   41077,  4.11,   17268,  3.51,   23809,  4.84
 676,163.00,   42923,  4.29,   18437,  3.75,   24486,  4.98
 677,164.00,   44626,  4.47,   19412,  3.95,   25214,  5.13
 678,165.00,   46664,  4.67,   20655,  4.20,   26009,  5.29
 679,166.00,   48236,  4.83,   21466,  4.37,   26770,  5.45
 680,167.00,   49659,  4.97,   22077,  4.49,   27582,  5.61
 681,168.00,   50832,  5.09,   22665,  4.61,   28167,  5.73
 682,169.00,   52903,  5.29,   23926,  4.87,   28977,  5.90
 683,170.00,   55111,  5.51,   24971,  5.08,   30140,  6.13
 684,171.00,   56521,  5.66,   25627,  5.21,   30894,  6.29
 685,172.00,   58484,  5.85,   26720,  5.44,   31764,  6.46
 686,173.00,   60359,  6.04,   27734,  5.64,   32625,  6.64
 687,174.00,   62148,  6.22,   28562,  5.81,   33586,  6.83
 688,175.00,   63441,  6.35,   29281,  5.96,   34160,  6.95
 689,176.00,   64643,  6.47,   29988,  6.10,   34655,  7.05
 690,177.00,   65572,  6.56,   30249,  6.15,   35323,  7.19
 691,178.00,   66201,  6.62,   30577,  6.22,   35624,  7.25
 692,179.00,   66307,  6.63,   31260,  6.36,   35047,  7.13
 693,180.00,   67596,  6.76,   32274,  6.57,   35322,  7.19
 694,181.00,   68641,  6.87,   33172,  6.75,   35469,  7.22
 695,182.00,   69053,  6.91,   33851,  6.89,   35202,  7.16
 696,183.00,   68986,  6.90,   34395,  7.00,   34591,  7.04
 697,184.00,   68465,  6.85,   34577,  7.03,   33888,  6.89
 698,185.00,   67370,  6.74,   34448,  7.01,   32922,  6.70
 699,186.00,   65973,  6.60,   34759,  7.07,   31214,  6.35
 700,187.00,   64199,  6.42,   34898,  7.10,   29301,  5.96
 701,188.00,   62568,  6.26,   34752,  7.07,   27816,  5.66
 702,189.00,   61431,  6.15,   35059,  7.13,   26372,  5.37
 703,190.00,   60243,  6.03,   35669,  7.26,   24574,  5.00
 704,191.00,   59033,  5.91,   36266,  7.38,   22767,  4.63
 705,192.00,   57764,  5.78,   36587,  7.44,   21177,  4.31
 706,193.00,   56135,  5.62,   36590,  7.44,   19545,  3.98
 707,194.00,   54494,  5.45,   36705,  7.47,   17789,  3.62
 708,195.00,   52903,  5.29,   37125,  7.55,   15778,  3.21
 709,196.00,   50755,  5.08,   37146,  7.56,   13609,  2.77
 710,197.00,   48225,  4.83,   36780,  7.48,   11445,  2.33
 711,198.00,   46129,  4.62,   36212,  7.37,    9917,  2.02
 712,199.00,   44841,  4.49,   36094,  7.34,    8747,  1.78
 713,200.00,   43594,  4.36,   36024,  7.33,    7570,  1.54
 714,201.00,   41572,  4.16,   35780,  7.28,    5792,  1.18
 715,202.00,   39836,  3.99,   35290,  7.18,    4546,  0.92
 716,203.00,   37828,  3.79,   34811,  7.08,    3017,  0.61
 717,204.00,   35730,  3.58,   34377,  6.99,    1353,  0.28
 718,205.00,   33277,  3.33,   33380,  6.79,    -103, -0.02
 719,206.00,   31130,  3.11,   32668,  6.65,   -1538, -0.31
 720,207.00,   28866,  2.89,   31818,  6.47,   -2952, -0.60
 721,208.00,   26641,  2.67,   31123,  6.33,   -4482, -0.91
 722,209.00,   24635,  2.46,   30413,  6.19,   -5778, -1.18
 723,210.00,   23002,  2.30,   30047,  6.11,   -7045, -1.43
 724,211.00,   22038,  2.21,   29794,  6.06,   -7756, -1.58
 725,212.00,   21127,  2.11,   29503,  6.00,   -8376, -1.70
 726,213.00,   19705,  1.97,   28851,  5.87,   -9146, -1.86
 727,214.00,   18426,  1.84,   28192,  5.74,   -9766, -1.99
 728,215.00,   17302,  1.73,   27502,  5.60,  -10200, -2.08
 729,216.00,   15501,  1.55,   26320,  5.35,  -10819, -2.20
 730,217.00,   13488,  1.35,   25547,  5.20,  -12059, -2.45
 731,218.00,   11871,  1.19,   25163,  5.12,  -13292, -2.70
 732,219.00,   11287,  1.13,   25282,  5.14,  -13995, -2.85
 733,220.00,   10998,  1.10,   25403,  5.17,  -14405, -2.93
 734,221.00,   10237,  1.02,   25204,  5.13,  -14967, -3.05
 735,222.00,    9529,  0.95,   25043,  5.10,  -15514, -3.16
 736,223.00,    8208,  0.82,   24716,  5.03,  -16508, -3.36
 737,224.00,    7091,  0.71,   24540,  4.99,  -17449, -3.55
 738,225.00,    5916,  0.59,   24181,  4.92,  -18265, -3.72
 739,226.00,    5129,  0.51,   23878,  4.86,  -18749, -3.81
 740,227.00,    4719,  0.47,   23587,  4.80,  -18868, -3.84
 741,228.00,    3690,  0.37,   23175,  4.72,  -19485, -3.96
 742,229.00,    2991,  0.30,   22926,  4.66,  -19935, -4.06
 743,230.00,    2052,  0.21,   22690,  4.62,  -20638, -4.20
 744,231.00,     518,  0.05,   21990,  4.47,  -21472, -4.37
 745,232.00,    -893, -0.09,   21417,  4.36,  -22310, -4.54
 746,233.00,   -1233, -0.12,   21078,  4.29,  -22311, -4.54
 747,234.00,   -1381, -0.14,   20077,  4.08,  -21458, -4.37
 748,235.00,   -1650, -0.17,   19229,  3.91,  -20879, -4.25
 749,236.00,   -2514, -0.25,   18458,  3.76,  -20972, -4.27
 750,237.00,   -2752, -0.28,   18145,  3.69,  -20897, -4.25
 751,238.00,   -2203, -0.22,   18470,  3.76,  -20673, -4.21
 752,239.00,   -2153, -0.22,   18311,  3.73,  -20464, -4.16
 753,240.00,   -2270, -0.23,   17818,  3.63,  -20088, -4.09
 754,241.00,   -2391, -0.24,   17711,  3.60,  -20102, -4.09
 755,242.00,   -2435, -0.24,   17496,  3.56,  -19931, -4.06
 756,243.00,   -1974, -0.20,   17469,  3.55,  -19443, -3.96
 757,244.00,   -2020, -0.20,   16938,  3.45,  -18958, -3.86
 758,245.00,   -1619, -0.16,   16957,  3.45,  -18576, -3.78
 759,246.00,    -521, -0.05,   17702,  3.60,  -18223, -3.71
 760,247.00,    -192, -0.02,   17547,  3.57,  -17739, -3.61
 761,248.00,      96,  0.00,   17533,  3.57,  -17437, -3.55
 762,249.00,    1640,  0.16,   18380,  3.74,  -16740, -3.41
 763,250.00,    2973,  0.30,   19029,  3.87,  -16056, -3.27
 764,251.00,    4112,  0.41,   19415,  3.95,  -15303, -3.11
 765,252.00,    4774,  0.48,   19746,  4.02,  -14972, -3.05
 766,253.00,    5914,  0.59,   20208,  4.11,  -14294, -2.91
 767,254.00,    7434,  0.74,   20796,  4.23,  -13362, -2.72
 768,255.00,    8643,  0.86,   21065,  4.29,  -12422, -2.53
 769,256.00,    9993,  1.00,   21488,  4.37,  -11495, -2.34
 770,257.00,   11567,  1.16,   22269,  4.53,  -10702, -2.18
 771,258.00,   12035,  1.20,   21961,  4.47,   -9926, -2.02
 772,259.00,   12808,  1.28,   21878,  4.45,   -9070, -1.85
 773,260.00,   14547,  1.46,   22506,  4.58,   -7959, -1.62
 774,261.00,   16790,  1.68,   23449,  4.77,   -6659, -1.35
 775,262.00,   18217,  1.82,   23712,  4.82,   -5495, -1.12
 776,263.00,   19651,  1.97,   23715,  4.82,   -4064, -0.83
 777,264.00,   21038,  2.11,   24017,  4.89,   -2979, -0.61
 778,265.00,   21930,  2.19,   24126,  4.91,   -2196, -0.45
 779,266.00,   23000,  2.30,   24257,  4.94,   -1257, -0.26
 780,267.00,   25133,  2.51,   24955,  5.08,     178,  0.04
 781,268.00,   27070,  2.71,   25425,  5.17,    1645,  0.33
 782,269.00,   28097,  2.81,   25216,  5.13,    2881,  0.59
 783,270.00,   28815,  2.88,   24936,  5.07,    3879,  0.79
 784,271.00,   30076,  3.01,   24805,  5.05,    5271,  1.07
 785,272.00,   30615,  3.06,   23912,  4.87,    6703,  1.36
 786,273.00,   30746,  3.08,   22505,  4.58,    8241,  1.68
 787,274.00,   30912,  3.09,   21536,  4.38,    9376,  1.91
 788,275.00,   32034,  3.21,   21053,  4.28,   10981,  2.23
 789,276.00,   32483,  3.25,   20127,  4.09,   12356,  2.51
 790,277.00,   31712,  3.17,   18881,  3.84,   12831,  2.61
 791,278.00,   31693,  3.17,   17826,  3.63,   13867,  2.82
 792,279.00,   31597,  3.16,   16607,  3.38,   14990,  3.05
 793,280.00,   30686,  3.07,   15364,  3.13,   15322,  3.12
 794,281.00,   29873,  2.99,   13910,  2.83,   15963,  3.25
 795,282.00,   30228,  3.02,   13407,  2.73,   16821,  3.42
 796,283.00,   29658,  2.97,   12654,  2.57,   17004,  3.46
 797,284.00,   28459,  2.85,   11160,  2.27,   17299,  3.52
 798,285.00,   27599,  2.76,   10212,  2.08,   17387,  3.54
 799,286.00,   27569,  2.76,    9852,  2.00,   17717,  3.60
 800,287.00,   27340,  2.74,    9225,  1.88,   18115,  3.69
 801,288.00,   27104,  2.71,    8729,  1.78,   18375,  3.74
 802,289.00,   26841,  2.69,    8455,  1.72,   18386,  3.74
 803,290.00,   26008,  2.60,    7772,  1.58,   18236,  3.71
 804,291.00,   26266,  2.63,    7259,  1.48,   19007,  3.87
 805,292.00,   25796,  2.58,    6824,  1.39,   18972,  3.86
 806,293.00,   25621,  2.56,    6535,  1.33,   19086,  3.88
 807,294.00,   25531,  2.55,    6406,  1.30,   19125,  3.89
 808,295.00,   24467,  2.45,    5542,  1.13,   18925,  3.85
 809,296.00,   22791,  2.28,    4446,  0.90,   18345,  3.73
 810,297.00,   21063,  2.11,    3578,  0.73,   17485,  3.56
 811,298.00,   19204,  1.92,    2514,  0.51,   16690,  3.40
 812,299.00,   17695,  1.77,    1741,  0.35,   15954,  3.25
 813,300.00,   16631,  1.66,     899,  0.18,   15732,  3.20
 814,301.00,   15086,  1.51,    -106, -0.02,   15192,  3.09
 815,302.00,   13410,  1.34,    -936, -0.19,   14346,  2.92
 816,303.00,   11553,  1.16,   -1871, -0.38,   13424,  2.73
 817,304.00,   10005,  1.00,   -2191, -0.45,   12196,  2.48
 818,305.00,    8487,  0.85,   -2171, -0.44,   10658,  2.17
 819,306.00,    6470,  0.65,   -2712, -0.55,    9182,  1.87
 820,307.00,    4114,  0.41,   -3548, -0.72,    7662,  1.56
 821,308.00,    2370,  0.24,   -3930, -0.80,    6300,  1.28
 822,309.00,     325,  0.03,   -4628, -0.94,    4953,  1.01
 823,310.00,   -1415, -0.14,   -5317, -1.08,    3902,  0.79
 824,311.00,   -2589, -0.26,   -5915, -1.20,    3326,  0.68
 825,312.00,   -3692, -0.37,   -6661, -1.36,    2969,  0.60
 826,313.00,   -5563, -0.56,   -7420, -1.51,    1857,  0.38
 827,314.00,   -6470, -0.65,   -7633, -1.55,    1163,  0.24
 828,315.00,   -7017, -0.70,   -7426, -1.51,     409,  0.08
 829,316.00,   -8040, -0.80,   -7278, -1.48,    -762, -0.16
 830,317.00,   -9307, -0.93,   -7623, -1.55,   -1684, -0.34
 831,318.00,  -10839, -1.08,   -8028, -1.63,   -2811, -0.57
 832,319.00,  -12574, -1.26,   -8441, -1.72,   -4133, -0.84
 833,320.00,  -14415, -1.44,   -9015, -1.83,   -5400, -1.10
 834,321.00,  -15459, -1.55,   -9703, -1.97,   -5756, -1.17
 835,322.00,  -16363, -1.64,  -10015, -2.04,   -6348, -1.29
 836,323.00,  -17849, -1.79,  -10377, -2.11,   -7472, -1.52
 837,324.00,  -18837, -1.88,  -10499, -2.14,   -8338, -1.70
 838,325.00,  -18905, -1.89,   -9987, -2.03,   -8918, -1.81
 839,326.00,  -19803, -1.98,  -10151, -2.07,   -9652, -1.96
 840,327.00,  -20686, -2.07,  -10422, -2.12,  -10264, -2.09
 841,328.00,  -20965, -2.10,  -10223, -2.08,  -10742, -2.19
 842,329.00,  -20961, -2.10,  -10020, -2.04,  -10941, -2.23
 843,330.00,  -21429, -2.14,  -10247, -2.08,  -11182, -2.28
 844,331.00,  -21560, -2.16,   -9764, -1.99,  -11796, -2.40
 845,332.00,  -21077, -2.11,   -9182, -1.87,  -11895, -2.42
 846,333.00,  -20849, -2.09,   -9105, -1.85,  -11744, -2.39
 847,334.00,  -21188, -2.12,   -9396, -1.91,  -11792, -2.40
 848,335.00,  -21606, -2.16,   -9661, -1.97,  -11945, -2.43
 849,336.00,  -21941, -2.20,   -9674, -1.97,  -12267, -2.50
 850,337.00,  -22136, -2.21,   -9585, -1.95,  -12551, -2.55
 851,338.00,  -22548, -2.26,   -9287, -1.89,  -13261, -2.70
 852,339.00,  -22836, -2.28,   -8796, -1.79,  -14040, -2.86
 853,340.00,  -22795, -2.28,   -8234, -1.68,  -14561, -2.96
 854,341.00,  -23036, -2.30,   -7557, -1.54,  -15479, -3.15
 855,342.00,  -23403, -2.34,   -6906, -1.41,  -16497, -3.36
 856,343.00,  -23587, -2.36,   -6667, -1.36,  -16920, -3.44
 857,344.00,  -23353, -2.34,   -6311, -1.28,  -17042, -3.47
 858,345.00,  -23535, -2.35,   -5706, -1.16,  -17829, -3.63
 859,346.00,  -24177, -2.42,   -5351, -1.09,  -18826, -3.83
 860,347.00,  -24857, -2.49,   -5476, -1.11,  -19381, -3.94
 861,348.00,  -25066, -2.51,   -5303, -1.08,  -19763, -4.02
 862,349.00,  -24955, -2.50,   -4878, -0.99,  -20077, -4.08
 863,350.00,  -25171, -2.52,   -4781, -0.97,  -20390, -4.15
 864,351.00,  -25359, -2.54,   -4644, -0.94,  -20715, -4.21
 865,352.00,  -24937, -2.50,   -4411, -0.90,  -20526, -4.18
 866,353.00,  -24288, -2.43,   -3984, -0.81,  -20304, -4.13
 867,354.00,  -23529, -2.35,   -3496, -0.71,  -20033, -4.08
 868,355.00,  -23642, -2.37,   -3882, -0.79,  -19760, -4.02
 869,356.00,  -23421, -2.34,   -4003, -0.81,  -19418, -3.95
 870,357.00,  -23137, -2.32,   -3827, -0.78,  -19310, -3.93
 871,358.00,  -22733, -2.27,   -3411, -0.69,  -19322, -3.93
 872,359.00,  -22572, -2.26,   -3005, -0.61,  -19567, -3.98
 873,360.00,  -21931, -2.19,   -2506, -0.51,  -19425, -3.95
 874,361.00,  -21151, -2.12,   -2072, -0.42,  -19079, -3.88
 875,362.00,  -20791, -2.08,   -1949, -0.40,  -18842, -3.83
 876,363.00,  -20617, -2.06,   -1794, -0.37,  -18823, -3.83
 877,364.00,  -19598, -1.96,   -1585, -0.32,  -18013, -3.66
 878,365.00,  -18766, -1.88,   -1622, -0.33,  -17144, -3.49
 879,366.00,  -18241, -1.83,   -1492, -0.30,  -16749, -3.41
 880,367.00,  -17682, -1.77,   -1129, -0.23,  -16553, -3.37
 881,368.00,  -16788, -1.68,    -721, -0.15,  -16067, -3.27
 882,369.00,  -15763, -1.58,    -413, -0.08,  -15350, -3.12
 883,370.00,  -13925, -1.39,     391,  0.08,  -14316, -2.91
 884,371.00,  -12072, -1.21,    1275,  0.26,  -13347, -2.72
 885,372.00,   -9851, -0.99,    2539,  0.52,  -12390, -2.52
 886,373.00,   -7803, -0.78,    3877,  0.79,  -11680, -2.38
 887,374.00,   -5822, -0.58,    4846,  0.99,  -10668, -2.17
 888,375.00,   -3741, -0.37,    6081,  1.24,   -9822, -2.00
 889,376.00,   -2105, -0.21,    7145,  1.45,   -9250, -1.88
 890,377.00,    -530, -0.05,    7965,  1.62,   -8495, -1.73
 891,378.00,     934,  0.09,    8747,  1.78,   -7813, -1.59
 892,379.00,    2342,  0.23,    9525,  1.94,   -7183, -1.46
 893,380.00,    4419,  0.44,   10747,  2.19,   -6328, -1.29
 894,381.00,    7659,  0.77,   12603,  2.56,   -4944, -1.01
 895,382.00,    9681,  0.97,   13605,  2.77,   -3924, -0.80
 896,383.00,   11174,  1.12,   14161,  2.88,   -2987, -0.61
 897,384.00,   12572,  1.26,   14974,  3.05,   -2402, -0.49
 898,385.00,   12910,  1.29,   15459,  3.15,   -2549, -0.52
 899,386.00,   14195,  1.42,   16376,  3.33,   -2181, -0.44
 900,387.00,   16364,  1.64,   17493,  3.56,   -1129, -0.23
 901,388.00,   17640,  1.77,   18199,  3.70,    -559, -0.11
 902,389.00,   18350,  1.84,   18354,  3.73,      -4, -0.00
 903,390.00,   19679,  1.97,   18417,  3.75,    1262,  0.26
 904,391.00,   20486,  2.05,   18581,  3.78,    1905,  0.39
 905,392.00,   21840,  2.19,   19274,  3.92,    2566,  0.52
 906,393.00,   23308,  2.33,   20137,  4.10,    3171,  0.65
 907,394.00,   25037,  2.51,   20879,  4.25,    4158,  0.85
 908,395.00,   26238,  2.63,   21612,  4.40,    4626,  0.94
 909,396.00,   27246,  2.73,   21962,  4.47,    5284,  1.08
 910,397.00,   28601,  2.86,   22807,  4.64,    5794,  1.18
 911,398.00,   28787,  2.88,   22926,  4.66,    5861,  1.19
 912,399.00,   29003,  2.90,   23273,  4.74,    5730,  1.17
 913,400.00,   29790,  2.98,   23490,  4.78,    6300,  1.28
 914,401.00,   30573,  3.06,   23593,  4.80,    6980,  1.42
 915,402.00,   30430,  3.04,   23556,  4.79,    6874,  1.40
 916,403.00,   30481,  3.05,   23622,  4.81,    6859,  1.40
 917,404.00,   31076,  3.11,   23591,  4.80,    7485,  1.52
 918,405.00,   31692,  3.17,   23352,  4.75,    8340,  1.70
 919,406.00,   32145,  3.22,   23139,  4.71,    9006,  1.83
 920,407.00,   31321,  3.13,   22733,  4.63,    8588,  1.75
 921,408.00,   30845,  3.09,   22766,  4.63,    8079,  1.64
 922,409.00,   30277,  3.03,   22296,  4.54,    7981,  1.62
 923,410.00,   30086,  3.01,   21777,  4.43,    8309,  1.69
 924,411.00,   30308,  3.03,   21650,  4.40,    8658,  1.76
 925,412.00,   30779,  3.08,   21641,  4.40,    9138,  1.86
 926,413.00,   30404,  3.04,   21078,  4.29,    9326,  1.90
 927,414.00,   30033,  3.01,   20665,  4.20,    9368,  1.91
 928,415.00,   30084,  3.01,   20659,  4.20,    9425,  1.92
 929,416.00,   30537,  3.06,   20552,  4.18,    9985,  2.03
 930,417.00,   31089,  3.11,   20391,  4.15,   10698,  2.18
 931,418.00,   31760,  3.18,   20270,  4.12,   11490,  2.34
 932,419.00,   31849,  3.19,   19999,  4.07,   11850,  2.41
 933,420.00,   32240,  3.23,   19908,  4.05,   12332,  2.51
 934,421.00,   32980,  3.30,   19967,  4.06,   13013,  2.65
 935,422.00,   33369,  3.34,   19805,  4.03,   13564,  2.76
 936,423.00,   33148,  3.32,   19848,  4.04,   13300,  2.71
 937,424.00,   32689,  3.27,   19432,  3.95,   13257,  2.70
 938,425.00,   32357,  3.24,   18930,  3.85,   13427,  2.73
 939,426.00,   32505,  3.25,   18967,  3.86,   13538,  2.75
 940,427.00,   31768,  3.18,   18651,  3.79,   13117,  2.67
 941,428.00,   31534,  3.16,   18631,  3.79,   12903,  2.63
 942,429.00,   31229,  3.12,   18659,  3.80,   12570,  2.56
 943,430.00,   30884,  3.09,   18815,  3.83,   12069,  2.46
 944,431.00,   30344,  3.04,   18633,  3.79,   11711,  2.38
 945,432.00,   29873,  2.99,   18023,  3.67,   11850,  2.41
 946,433.00,   29492,  2.95,   17485,  3.56,   12007,  2.44
 947,434.00,   28928,  2.89,   16882,  3.43,   12046,  2.45
 948,435.00,   27174,  2.72,   16156,  3.29,   11018,  2.24
 949,436.00,   25693,  2.57,   15619,  3.18,   10074,  2.05
 950,437.00,   23758,  2.38,   14348,  2.92,    9410,  1.91
 951,438.00,   22243,  2.23,   13159,  2.68,    9084,  1.85
 952,439.00,   21051,  2.11,   11839,  2.41,    9212,  1.87
 953,440.00,   20148,  2.02,   10771,  2.19,    9377,  1.91
 954,441.00,   19065,  1.91,    9834,  2.00,    9231,  1.88
 955,442.00,   17682,  1.77,    8638,  1.76,    9044,  1.84
 956,443.00,   15779,  1.58,    7293,  1.48,    8486,  1.73
 957,444.00,   14240,  1.42,    6123,  1.25,    8117,  1.65
 958,445.00,   12812,  1.28,    5141,  1.05,    7671,  1.56
 959,446.00,   11989,  1.20,    4034,  0.82,    7955,  1.62
 960,447.00,   11621,  1.16,    3501,  0.71,    8120,  1.65
 961,448.00,   10441,  1.04,    2835,  0.58,    7606,  1.55
 962,449.00,    9009,  0.90,    1983,  0.40,    7026,  1.43
 963,450.00,    8071,  0.81,    1618,  0.33,    6453,  1.31
 964,451.00,    6493,  0.65,     802,  0.16,    5691,  1.16
 965,452.00,    4319,  0.43,    -312, -0.06,    4631,  0.94
 966,453.00,    2777,  0.28,   -1332, -0.27,    4109,  0.84
 967,454.00,    2197,  0.22,   -2058, -0.42,    4255,  0.87
 968,455.00,    1276,  0.13,   -2989, -0.61,    4265,  0.87
 969,456.00,     364,  0.04,   -3561, -0.72,    3925,  0.80
 970,457.00,   -1030, -0.10,   -4410, -0.90,    3380,  0.69
 971,458.00,   -2477, -0.25,   -5857, -1.19,    3380,  0.69
 972,459.00,   -3575, -0.36,   -7292, -1.48,    3717,  0.76
 973,460.00,   -4513, -0.45,   -8097, -1.65,    3584,  0.73
 974,461.00,   -5553, -0.56,   -8907, -1.81,    3354,  0.68
 975,462.00,   -7141, -0.71,   -9880, -2.01,    2739,  0.56
 976,463.00,   -8765, -0.88,  -10991, -2.24,    2226,  0.45
 977,464.00,  -10327, -1.03,  -11942, -2.43,    1615,  0.33
 978,465.00,  -12012, -1.20,  -12935, -2.63,     923,  0.19
 979,466.00,  -13394, -1.34,  -13915, -2.83,     521,  0.11
 980,467.00,  -14169, -1.42,  -14931, -3.04,     762,  0.16
 981,468.00,  -14587, -1.46,  -15404, -3.13,     817,  0.17
 982,469.00,  -15502, -1.55,  -16192, -3.29,     690,  0.14
 983,470.00,  -16352, -1.64,  -16973, -3.45,     621,  0.13
 984,471.00,  -17666, -1.77,  -17691, -3.60,      25,  0.00
 985,472.00,  -18754, -1.88,  -18375, -3.74,    -379, -0.08
 986,473.00,  -19338, -1.93,  -18678, -3.80,    -660, -0.13
 987,474.00,  -19530, -1.95,  -18689, -3.80,    -841, -0.17
 988,475.00,  -20359, -2.04,  -19268, -3.92,   -1091, -0.22
 989,476.00,  -21552, -2.16,  -20192, -4.11,   -1360, -0.28
 990,477.00,  -22464, -2.25,  -20805, -4.23,   -1659, -0.34
 991,478.00,  -23135, -2.31,  -20948, -4.26,   -2187, -0.44
 992,479.00,  -23586, -2.36,  -21128, -4.30,   -2458, -0.50
 993,480.00,  -24952, -2.50,  -22012, -4.48,   -2940, -0.60
 994,481.00,  -25759, -2.58,  -23134, -4.71,   -2625, -0.53
 995,482.00,  -26100, -2.61,  -24010, -4.88,   -2090, -0.43
 996,483.00,  -26301, -2.63,  -24821, -5.05,   -1480, -0.30
 997,484.00,  -27351, -2.74,  -25468, -5.18,   -1883, -0.38
 998,485.00,  -28320, -2.83,  -25795, -5.25,   -2525, -0.51
 999,486.00,  -28242, -2.83,  -25364, -5.16,   -2878, -0.59
1000,487.00,  -28523, -2.85,  -25326, -5.15,   -3197, -0.65
1001,488.00,  -29286, -2.93,  -25773, -5.24,   -3513, -0.71
1002,489.00,  -30102, -3.01,  -26531, -5.40,   -3571, -0.73
1003,490.00,  -30919, -3.09,  -26933, -5.48,   -3986, -0.81
1004,491.00,  -31159, -3.12,  -26703, -5.43,   -4456, -0.91
1005,492.00,  -31199, -3.12,  -26667, -5.43,   -4532, -0.92
1006,493.00,  -31412, -3.14,  -26809, -5.45,   -4603, -0.94
1007,494.00,  -31609, -3.16,  -26746, -5.44,   -4863, -0.99
1008,495.00,  -31368, -3.14,  -26587, -5.41,   -4781, -0.97
1009,496.00,  -31648, -3.17,  -26658, -5.42,   -4990, -1.02
1010,497.00,  -32112, -3.21,  -26439, -5.38,   -5673, -1.15
1011,498.00,  -32652, -3.27,  -26170, -5.32,   -6482, -1.32
1012,499.00,  -33292, -3.33,  -26170, -5.32,   -7122, -1.45
1013,500.00,  -33561, -3.36,  -26336, -5.36,   -7225, -1.47
1014,501.00,  -33663, -3.37,  -26058, -5.30,   -7605, -1.55
1015,502.00,  -33359, -3.34,  -25631, -5.21,   -7728, -1.57
1016,503.00,  -33401, -3.34,  -25636, -5.22,   -7765, -1.58
1017,504.00,  -32723, -3.27,  -25242, -5.14,   -7481, -1.52
1018,505.00,  -32472, -3.25,  -24966, -5.08,   -7506, -1.53
1019,506.00,  -32582, -3.26,  -24689, -5.02,   -7893, -1.61
1020,507.00,  -33472, -3.35,  -24676, -5.02,   -8796, -1.79
1021,508.00,  -33715, -3.37,  -24482, -4.98,   -9233, -1.88
1022,509.00,  -33329, -3.33,  -24041, -4.89,   -9288, -1.89
1023,510.00,  -33329, -3.33,  -24282, -4.94,   -9047, -1.84
1024,511.00,  -32545, -3.26,  -23732, -4.83,   -8813, -1.79
