-----------------------------------------------------------------------------------
Identifier:,IHS5922-20187K03
File Name:,JORP70A.2
Ear:,R
Channel:,1
Intensity:,70 dB HL
Stim. Rate:,  1.10/s
Stim. Mode:,0
Sweeps:,60
Artifacts:,0
Smp. Period:,1000.00 us
Amp. Gain:, 50.00 K
Low Pass:, 30.00 Hz
High Pass:,  1.00 Hz
Notch Filter:,TRUE
Stimulus:,100
Stim. Freq.:,1000 Hz
Stim. Dur.:,2000 pnts
Masking:,0 dB SPL
Stim. Point:,513
-----------------------------------------------------------------------------------
Peak Information:,Label,Peak(+),Peak(+)(ms),Peak(-),Peak(-)(ms)
,21, 877,364.00, 982,469.00,
-----------------------------------------------------------------------------------


Data Pnt:,Data Pnt(ms):,Average:,Average(uV):,Buffer1:,Buffer1(uV):,Buffer2:,Buffer2(uV):
   1,-512.00,       0,  0.00,       0,  0.00,       0,  0.00
   2,-511.00,       0,  0.00,       0,  0.00,       0,  0.00
   3,-510.00,       0,  0.00,       0,  0.00,       0,  0.00
   4,-509.00,       0,  0.00,       0,  0.00,       0,  0.00
   5,-508.00,       0,  0.00,       0,  0.00,       0,  0.00
   6,-507.00,       0,  0.00,       0,  0.00,       0,  0.00
   7,-506.00,       0,  0.00,       0,  0.00,       0,  0.00
   8,-505.00,       0,  0.00,       0,  0.00,       0,  0.00
   9,-504.00,       0,  0.00,       0,  0.00,       0,  0.00
  10,-503.00,       0,  0.00,       0,  0.00,       0,  0.00
  11,-502.00,       0,  0.00,       0,  0.00,       0,  0.00
  12,-501.00,       0,  0.00,       0,  0.00,       0,  0.00
  13,-500.00,       0,  0.00,       0,  0.00,       0,  0.00
  14,-499.00,       0,  0.00,       0,  0.00,       0,  0.00
  15,-498.00,       0,  0.00,       0,  0.00,       0,  0.00
  16,-497.00,       0,  0.00,       0,  0.00,       0,  0.00
  17,-496.00,       0,  0.00,       0,  0.00,       0,  0.00
  18,-495.00,       0,  0.00,       0,  0.00,       0,  0.00
  19,-494.00,       0,  0.00,       0,  0.00,       0,  0.00
  20,-493.00,       0,  0.00,       0,  0.00,       0,  0.00
  21,-492.00,       0,  0.00,       0,  0.00,       0,  0.00
  22,-491.00,       0,  0.00,       0,  0.00,       0,  0.00
  23,-490.00,       0,  0.00,       0,  0.00,       0,  0.00
  24,-489.00,       0,  0.00,       0,  0.00,       0,  0.00
  25,-488.00,       0,  0.00,       0,  0.00,       0,  0.00
  26,-487.00,       0,  0.00,       0,  0.00,       0,  0.00
  27,-486.00,       0,  0.00,       0,  0.00,       0,  0.00
  28,-485.00,       0,  0.00,       0,  0.00,       0,  0.00
  29,-484.00,       0,  0.00,       0,  0.00,       0,  0.00
  30,-483.00,       0,  0.00,       0,  0.00,       0,  0.00
  31,-482.00,       0,  0.00,       0,  0.00,       0,  0.00
  32,-481.00,       0,  0.00,       0,  0.00,       0,  0.00
  33,-480.00,       0,  0.00,       0,  0.00,       0,  0.00
  34,-479.00,       0,  0.00,       0,  0.00,       0,  0.00
  35,-478.00,       0,  0.00,       0,  0.00,       0,  0.00
  36,-477.00,       0,  0.00,       0,  0.00,       0,  0.00
  37,-476.00,       0,  0.00,       0,  0.00,       0,  0.00
  38,-475.00,       0,  0.00,       0,  0.00,       0,  0.00
  39,-474.00,       0,  0.00,       0,  0.00,       0,  0.00
  40,-473.00,       0,  0.00,       0,  0.00,       0,  0.00
  41,-472.00,       0,  0.00,       0,  0.00,       0,  0.00
  42,-471.00,       0,  0.00,       0,  0.00,       0,  0.00
  43,-470.00,       0,  0.00,       0,  0.00,       0,  0.00
  44,-469.00,       0,  0.00,       0,  0.00,       0,  0.00
  45,-468.00,       0,  0.00,       0,  0.00,       0,  0.00
  46,-467.00,       0,  0.00,       0,  0.00,       0,  0.00
  47,-466.00,       0,  0.00,       0,  0.00,       0,  0.00
  48,-465.00,       0,  0.00,       0,  0.00,       0,  0.00
  49,-464.00,       0,  0.00,       0,  0.00,       0,  0.00
  50,-463.00,       0,  0.00,       0,  0.00,       0,  0.00
  51,-462.00,       0,  0.00,       0,  0.00,       0,  0.00
  52,-461.00,       0,  0.00,       0,  0.00,       0,  0.00
  53,-460.00,       0,  0.00,       0,  0.00,       0,  0.00
  54,-459.00,       0,  0.00,       0,  0.00,       0,  0.00
  55,-458.00,       0,  0.00,       0,  0.00,       0,  0.00
  56,-457.00,       0,  0.00,       0,  0.00,       0,  0.00
  57,-456.00,       0,  0.00,       0,  0.00,       0,  0.00
  58,-455.00,       0,  0.00,       0,  0.00,       0,  0.00
  59,-454.00,       0,  0.00,       0,  0.00,       0,  0.00
  60,-453.00,       0,  0.00,       0,  0.00,       0,  0.00
  61,-452.00,       0,  0.00,       0,  0.00,       0,  0.00
  62,-451.00,       0,  0.00,       0,  0.00,       0,  0.00
  63,-450.00,       0,  0.00,       0,  0.00,       0,  0.00
  64,-449.00,       0,  0.00,       0,  0.00,       0,  0.00
  65,-448.00,       0,  0.00,       0,  0.00,       0,  0.00
  66,-447.00,       0,  0.00,       0,  0.00,       0,  0.00
  67,-446.00,       0,  0.00,       0,  0.00,       0,  0.00
  68,-445.00,       0,  0.00,       0,  0.00,       0,  0.00
  69,-444.00,       0,  0.00,       0,  0.00,       0,  0.00
  70,-443.00,       0,  0.00,       0,  0.00,       0,  0.00
  71,-442.00,       0,  0.00,       0,  0.00,       0,  0.00
  72,-441.00,       0,  0.00,       0,  0.00,       0,  0.00
  73,-440.00,       0,  0.00,       0,  0.00,       0,  0.00
  74,-439.00,       0,  0.00,       0,  0.00,       0,  0.00
  75,-438.00,       0,  0.00,       0,  0.00,       0,  0.00
  76,-437.00,       0,  0.00,       0,  0.00,       0,  0.00
  77,-436.00,       0,  0.00,       0,  0.00,       0,  0.00
  78,-435.00,       0,  0.00,       0,  0.00,       0,  0.00
  79,-434.00,       0,  0.00,       0,  0.00,       0,  0.00
  80,-433.00,       0,  0.00,       0,  0.00,       0,  0.00
  81,-432.00,       0,  0.00,       0,  0.00,       0,  0.00
  82,-431.00,       0,  0.00,       0,  0.00,       0,  0.00
  83,-430.00,       0,  0.00,       0,  0.00,       0,  0.00
  84,-429.00,       0,  0.00,       0,  0.00,       0,  0.00
  85,-428.00,       0,  0.00,       0,  0.00,       0,  0.00
  86,-427.00,       0,  0.00,       0,  0.00,       0,  0.00
  87,-426.00,       0,  0.00,       0,  0.00,       0,  0.00
  88,-425.00,       0,  0.00,       0,  0.00,       0,  0.00
  89,-424.00,       0,  0.00,       0,  0.00,       0,  0.00
  90,-423.00,       0,  0.00,       0,  0.00,       0,  0.00
  91,-422.00,       0,  0.00,       0,  0.00,       0,  0.00
  92,-421.00,       0,  0.00,       0,  0.00,       0,  0.00
  93,-420.00,       0,  0.00,       0,  0.00,       0,  0.00
  94,-419.00,       0,  0.00,       0,  0.00,       0,  0.00
  95,-418.00,       0,  0.00,       0,  0.00,       0,  0.00
  96,-417.00,       0,  0.00,       0,  0.00,       0,  0.00
  97,-416.00,       0,  0.00,       0,  0.00,       0,  0.00
  98,-415.00,       0,  0.00,       0,  0.00,       0,  0.00
  99,-414.00,       0,  0.00,       0,  0.00,       0,  0.00
 100,-413.00,       0,  0.00,       0,  0.00,       0,  0.00
 101,-412.00,       0,  0.00,       0,  0.00,       0,  0.00
 102,-411.00,       0,  0.00,       0,  0.00,       0,  0.00
 103,-410.00,       0,  0.00,       0,  0.00,       0,  0.00
 104,-409.00,       0,  0.00,       0,  0.00,       0,  0.00
 105,-408.00,       0,  0.00,       0,  0.00,       0,  0.00
 106,-407.00,       0,  0.00,       0,  0.00,       0,  0.00
 107,-406.00,       0,  0.00,       0,  0.00,       0,  0.00
 108,-405.00,       0,  0.00,       0,  0.00,       0,  0.00
 109,-404.00,       0,  0.00,       0,  0.00,       0,  0.00
 110,-403.00,       0,  0.00,       0,  0.00,       0,  0.00
 111,-402.00,       0,  0.00,       0,  0.00,       0,  0.00
 112,-401.00,       0,  0.00,       0,  0.00,       0,  0.00
 113,-400.00,       0,  0.00,       0,  0.00,       0,  0.00
 114,-399.00,       0,  0.00,       0,  0.00,       0,  0.00
 115,-398.00,       0,  0.00,       0,  0.00,       0,  0.00
 116,-397.00,   11234,  1.14,    2128,  0.43,    9106,  1.85
 117,-396.00,   10354,  1.05,    1578,  0.32,    8776,  1.79
 118,-395.00,    9511,  0.97,    1679,  0.34,    7832,  1.59
 119,-394.00,    8805,  0.90,    1603,  0.33,    7202,  1.47
 120,-393.00,    7868,  0.80,    1072,  0.22,    6796,  1.38
 121,-392.00,    7210,  0.73,    1242,  0.25,    5968,  1.21
 122,-391.00,    6132,  0.62,    1596,  0.32,    4536,  0.92
 123,-390.00,    7387,  0.75,    2746,  0.56,    4641,  0.94
 124,-389.00,    8046,  0.82,    2996,  0.61,    5050,  1.03
 125,-388.00,    7211,  0.73,    2211,  0.45,    5000,  1.02
 126,-387.00,    6186,  0.63,    1631,  0.33,    4555,  0.93
 127,-386.00,    6222,  0.63,    1634,  0.33,    4588,  0.93
 128,-385.00,    5967,  0.61,    1549,  0.32,    4418,  0.90
 129,-384.00,    5624,  0.57,    1612,  0.33,    4012,  0.82
 130,-383.00,    5986,  0.61,    1764,  0.36,    4222,  0.86
 131,-382.00,    5837,  0.59,    1477,  0.30,    4360,  0.89
 132,-381.00,    6013,  0.61,    1361,  0.28,    4652,  0.95
 133,-380.00,    6548,  0.67,    1783,  0.36,    4765,  0.97
 134,-379.00,    6512,  0.66,    1851,  0.38,    4661,  0.95
 135,-378.00,    6374,  0.65,    1737,  0.35,    4637,  0.94
 136,-377.00,    6371,  0.65,    1751,  0.36,    4620,  0.94
 137,-376.00,    6193,  0.63,    1511,  0.31,    4682,  0.95
 138,-375.00,    5851,  0.60,     990,  0.20,    4861,  0.99
 139,-374.00,    6989,  0.71,    1475,  0.30,    5514,  1.12
 140,-373.00,    6719,  0.68,    1143,  0.23,    5576,  1.13
 141,-372.00,    5953,  0.61,     923,  0.19,    5030,  1.02
 142,-371.00,    5761,  0.59,    1185,  0.24,    4576,  0.93
 143,-370.00,    6263,  0.64,    1766,  0.36,    4497,  0.91
 144,-369.00,    7267,  0.74,    1953,  0.40,    5314,  1.08
 145,-368.00,    8414,  0.86,    1888,  0.38,    6526,  1.33
 146,-367.00,    8333,  0.85,    1223,  0.25,    7110,  1.45
 147,-366.00,    8741,  0.89,     889,  0.18,    7852,  1.60
 148,-365.00,    9636,  0.98,     628,  0.13,    9008,  1.83
 149,-364.00,   10083,  1.03,      -6, -0.00,   10089,  2.05
 150,-363.00,   10962,  1.12,    -823, -0.17,   11785,  2.40
 151,-362.00,   11220,  1.14,   -1779, -0.36,   12999,  2.64
 152,-361.00,   10083,  1.03,   -2919, -0.59,   13002,  2.65
 153,-360.00,    9716,  0.99,   -3137, -0.64,   12853,  2.62
 154,-359.00,   10381,  1.06,   -3654, -0.74,   14035,  2.86
 155,-358.00,   11928,  1.21,   -3838, -0.78,   15766,  3.21
 156,-357.00,   12962,  1.32,   -4165, -0.85,   17127,  3.48
 157,-356.00,   13711,  1.39,   -4591, -0.93,   18302,  3.72
 158,-355.00,   14049,  1.43,   -4496, -0.91,   18545,  3.77
 159,-354.00,   14911,  1.52,   -3723, -0.76,   18634,  3.79
 160,-353.00,   15104,  1.54,   -3830, -0.78,   18934,  3.85
 161,-352.00,   15875,  1.61,   -3329, -0.68,   19204,  3.91
 162,-351.00,   17240,  1.75,   -2306, -0.47,   19546,  3.98
 163,-350.00,   18730,  1.91,   -1026, -0.21,   19756,  4.02
 164,-349.00,   19364,  1.97,    -241, -0.05,   19605,  3.99
 165,-348.00,   19675,  2.00,     773,  0.16,   18902,  3.85
 166,-347.00,   20102,  2.04,    1507,  0.31,   18595,  3.78
 167,-346.00,   20538,  2.09,    1650,  0.34,   18888,  3.84
 168,-345.00,   20882,  2.12,    1600,  0.33,   19282,  3.92
 169,-344.00,   21347,  2.17,    1752,  0.36,   19595,  3.99
 170,-343.00,   22199,  2.26,    1771,  0.36,   20428,  4.16
 171,-342.00,   23615,  2.40,    1998,  0.41,   21617,  4.40
 172,-341.00,   24189,  2.46,    2867,  0.58,   21322,  4.34
 173,-340.00,   23611,  2.40,    3277,  0.67,   20334,  4.14
 174,-339.00,   23088,  2.35,    3373,  0.69,   19715,  4.01
 175,-338.00,   23396,  2.38,    3999,  0.81,   19397,  3.95
 176,-337.00,   23775,  2.42,    4489,  0.91,   19286,  3.92
 177,-336.00,   24278,  2.47,    4837,  0.98,   19441,  3.96
 178,-335.00,   24162,  2.46,    5432,  1.11,   18730,  3.81
 179,-334.00,   23558,  2.40,    6124,  1.25,   17434,  3.55
 180,-333.00,   22877,  2.33,    5906,  1.20,   16971,  3.45
 181,-332.00,   22397,  2.28,    5586,  1.14,   16811,  3.42
 182,-331.00,   21712,  2.21,    5550,  1.13,   16162,  3.29
 183,-330.00,   21763,  2.21,    6005,  1.22,   15758,  3.21
 184,-329.00,   22286,  2.27,    7020,  1.43,   15266,  3.11
 185,-328.00,   22497,  2.29,    7769,  1.58,   14728,  3.00
 186,-327.00,   22071,  2.25,    7603,  1.55,   14468,  2.94
 187,-326.00,   20883,  2.12,    6762,  1.38,   14121,  2.87
 188,-325.00,   19840,  2.02,    6056,  1.23,   13784,  2.80
 189,-324.00,   19405,  1.97,    6462,  1.31,   12943,  2.63
 190,-323.00,   18561,  1.89,    7206,  1.47,   11355,  2.31
 191,-322.00,   17767,  1.81,    7557,  1.54,   10210,  2.08
 192,-321.00,   16847,  1.71,    7796,  1.59,    9051,  1.84
 193,-320.00,   15919,  1.62,    7838,  1.59,    8081,  1.64
 194,-319.00,   15874,  1.61,    8511,  1.73,    7363,  1.50
 195,-318.00,   15910,  1.62,    8981,  1.83,    6929,  1.41
 196,-317.00,   15196,  1.55,    8683,  1.77,    6513,  1.33
 197,-316.00,   15164,  1.54,    8917,  1.81,    6247,  1.27
 198,-315.00,   14782,  1.50,    9225,  1.88,    5557,  1.13
 199,-314.00,   13788,  1.40,    9675,  1.97,    4113,  0.84
 200,-313.00,   13697,  1.39,   10875,  2.21,    2822,  0.57
 201,-312.00,   13723,  1.40,   11746,  2.39,    1977,  0.40
 202,-311.00,   12900,  1.31,   11862,  2.41,    1038,  0.21
 203,-310.00,   11352,  1.15,   11685,  2.38,    -333, -0.07
 204,-309.00,   10526,  1.07,   11657,  2.37,   -1131, -0.23
 205,-308.00,    9456,  0.96,   10817,  2.20,   -1361, -0.28
 206,-307.00,    8971,  0.91,   10321,  2.10,   -1350, -0.27
 207,-306.00,    8861,  0.90,   10799,  2.20,   -1938, -0.39
 208,-305.00,    8523,  0.87,   10959,  2.23,   -2436, -0.50
 209,-304.00,    7769,  0.79,   10531,  2.14,   -2762, -0.56
 210,-303.00,    6827,  0.69,   10047,  2.04,   -3220, -0.66
 211,-302.00,    6316,  0.64,    9762,  1.99,   -3446, -0.70
 212,-301.00,    5969,  0.61,    9767,  1.99,   -3798, -0.77
 213,-300.00,    4670,  0.48,    8771,  1.78,   -4101, -0.83
 214,-299.00,    4180,  0.43,    8490,  1.73,   -4310, -0.88
 215,-298.00,    3476,  0.35,    7267,  1.48,   -3791, -0.77
 216,-297.00,    2625,  0.27,    6283,  1.28,   -3658, -0.74
 217,-296.00,    3188,  0.32,    6752,  1.37,   -3564, -0.73
 218,-295.00,    3015,  0.31,    7222,  1.47,   -4207, -0.86
 219,-294.00,    2063,  0.21,    6955,  1.42,   -4892, -1.00
 220,-293.00,    1376,  0.14,    6638,  1.35,   -5262, -1.07
 221,-292.00,    1019,  0.10,    6637,  1.35,   -5618, -1.14
 222,-291.00,     126,  0.01,    6604,  1.34,   -6478, -1.32
 223,-290.00,    -445, -0.05,    6630,  1.35,   -7075, -1.44
 224,-289.00,    -925, -0.09,    6368,  1.30,   -7293, -1.48
 225,-288.00,   -2036, -0.21,    5486,  1.12,   -7522, -1.53
 226,-287.00,   -2451, -0.25,    4679,  0.95,   -7130, -1.45
 227,-286.00,   -2141, -0.22,    4156,  0.85,   -6297, -1.28
 228,-285.00,   -2002, -0.20,    3843,  0.78,   -5845, -1.19
 229,-284.00,   -2992, -0.30,    3577,  0.73,   -6569, -1.34
 230,-283.00,   -3704, -0.38,    3371,  0.69,   -7075, -1.44
 231,-282.00,   -4695, -0.48,    2649,  0.54,   -7344, -1.49
 232,-281.00,   -5829, -0.59,    1954,  0.40,   -7783, -1.58
 233,-280.00,   -6207, -0.63,    1605,  0.33,   -7812, -1.59
 234,-279.00,   -5999, -0.61,    1759,  0.36,   -7758, -1.58
 235,-278.00,   -5233, -0.53,    2094,  0.43,   -7327, -1.49
 236,-277.00,   -4084, -0.42,    2288,  0.47,   -6372, -1.30
 237,-276.00,   -2819, -0.29,    2779,  0.57,   -5598, -1.14
 238,-275.00,   -1392, -0.14,    3417,  0.70,   -4809, -0.98
 239,-274.00,    -269, -0.03,    3950,  0.80,   -4219, -0.86
 240,-273.00,     662,  0.07,    4246,  0.86,   -3584, -0.73
 241,-272.00,    1540,  0.16,    4685,  0.95,   -3145, -0.64
 242,-271.00,    2021,  0.21,    5447,  1.11,   -3426, -0.70
 243,-270.00,    3722,  0.38,    6864,  1.40,   -3142, -0.64
 244,-269.00,    4461,  0.45,    7885,  1.60,   -3424, -0.70
 245,-268.00,    5089,  0.52,    8278,  1.68,   -3189, -0.65
 246,-267.00,    6490,  0.66,    9341,  1.90,   -2851, -0.58
 247,-266.00,    7555,  0.77,   10486,  2.13,   -2931, -0.60
 248,-265.00,    8997,  0.92,   11275,  2.29,   -2278, -0.46
 249,-264.00,   10013,  1.02,   11642,  2.37,   -1629, -0.33
 250,-263.00,   11116,  1.13,   12040,  2.45,    -924, -0.19
 251,-262.00,   12990,  1.32,   12756,  2.60,     234,  0.05
 252,-261.00,   13935,  1.42,   13406,  2.73,     529,  0.11
 253,-260.00,   14045,  1.43,   13737,  2.79,     308,  0.06
 254,-259.00,   14247,  1.45,   13529,  2.75,     718,  0.15
 255,-258.00,   15151,  1.54,   13212,  2.69,    1939,  0.39
 256,-257.00,   15497,  1.58,   12934,  2.63,    2563,  0.52
 257,-256.00,   15621,  1.59,   12702,  2.58,    2919,  0.59
 258,-255.00,   16279,  1.66,   12393,  2.52,    3886,  0.79
 259,-254.00,   17231,  1.75,   12452,  2.53,    4779,  0.97
 260,-253.00,   18278,  1.86,   12466,  2.54,    5812,  1.18
 261,-252.00,   18711,  1.90,   12419,  2.53,    6292,  1.28
 262,-251.00,   19389,  1.97,   13034,  2.65,    6355,  1.29
 263,-250.00,   20634,  2.10,   13699,  2.79,    6935,  1.41
 264,-249.00,   21926,  2.23,   14654,  2.98,    7272,  1.48
 265,-248.00,   22312,  2.27,   15394,  3.13,    6918,  1.41
 266,-247.00,   23757,  2.42,   16509,  3.36,    7248,  1.47
 267,-246.00,   24430,  2.49,   16764,  3.41,    7666,  1.56
 268,-245.00,   23351,  2.38,   16002,  3.26,    7349,  1.50
 269,-244.00,   22140,  2.25,   15441,  3.14,    6699,  1.36
 270,-243.00,   21803,  2.22,   15948,  3.24,    5855,  1.19
 271,-242.00,   21261,  2.16,   15692,  3.19,    5569,  1.13
 272,-241.00,   21082,  2.14,   15155,  3.08,    5927,  1.21
 273,-240.00,   20357,  2.07,   14017,  2.85,    6340,  1.29
 274,-239.00,   19986,  2.03,   13535,  2.75,    6451,  1.31
 275,-238.00,   19915,  2.03,   12862,  2.62,    7053,  1.43
 276,-237.00,   19007,  1.93,   12007,  2.44,    7000,  1.42
 277,-236.00,   17299,  1.76,   11280,  2.29,    6019,  1.22
 278,-235.00,   15649,  1.59,   10314,  2.10,    5335,  1.09
 279,-234.00,   14870,  1.51,    9614,  1.96,    5256,  1.07
 280,-233.00,   14236,  1.45,    9357,  1.90,    4879,  0.99
 281,-232.00,   14436,  1.47,    9479,  1.93,    4957,  1.01
 282,-231.00,   14302,  1.45,    9310,  1.89,    4992,  1.02
 283,-230.00,   14257,  1.45,    9097,  1.85,    5160,  1.05
 284,-229.00,   13657,  1.39,    8481,  1.73,    5176,  1.05
 285,-228.00,   12553,  1.28,    7771,  1.58,    4782,  0.97
 286,-227.00,   12190,  1.24,    7801,  1.59,    4389,  0.89
 287,-226.00,   12095,  1.23,    8135,  1.66,    3960,  0.81
 288,-225.00,   12033,  1.22,    8837,  1.80,    3196,  0.65
 289,-224.00,   11839,  1.20,    9077,  1.85,    2762,  0.56
 290,-223.00,   10865,  1.11,    8416,  1.71,    2449,  0.50
 291,-222.00,    9550,  0.97,    7881,  1.60,    1669,  0.34
 292,-221.00,    8104,  0.82,    7654,  1.56,     450,  0.09
 293,-220.00,    6778,  0.69,    7316,  1.49,    -538, -0.11
 294,-219.00,    6767,  0.69,    6846,  1.39,     -79, -0.02
 295,-218.00,    7543,  0.77,    6733,  1.37,     810,  0.16
 296,-217.00,    7506,  0.76,    6482,  1.32,    1024,  0.21
 297,-216.00,    7363,  0.75,    6063,  1.23,    1300,  0.26
 298,-215.00,    6897,  0.70,    5735,  1.17,    1162,  0.24
 299,-214.00,    6295,  0.64,    5312,  1.08,     983,  0.20
 300,-213.00,    6377,  0.65,    5343,  1.09,    1034,  0.21
 301,-212.00,    6210,  0.63,    5524,  1.12,     686,  0.14
 302,-211.00,    5458,  0.56,    5379,  1.09,      79,  0.02
 303,-210.00,    5839,  0.59,    6014,  1.22,    -175, -0.04
 304,-209.00,    6594,  0.67,    6855,  1.39,    -261, -0.05
 305,-208.00,    6581,  0.67,    7493,  1.52,    -912, -0.19
 306,-207.00,    7883,  0.80,    8761,  1.78,    -878, -0.18
 307,-206.00,    8319,  0.85,    9119,  1.86,    -800, -0.16
 308,-205.00,    7827,  0.80,    8605,  1.75,    -778, -0.16
 309,-204.00,    7427,  0.76,    8328,  1.69,    -901, -0.18
 310,-203.00,    7292,  0.74,    8364,  1.70,   -1072, -0.22
 311,-202.00,    8417,  0.86,    8369,  1.70,      48,  0.00
 312,-201.00,    8548,  0.87,    7899,  1.61,     649,  0.13
 313,-200.00,    6927,  0.70,    7602,  1.55,    -675, -0.14
 314,-199.00,    4601,  0.47,    6638,  1.35,   -2037, -0.41
 315,-198.00,    3112,  0.32,    5547,  1.13,   -2435, -0.50
 316,-197.00,    3147,  0.32,    4872,  0.99,   -1725, -0.35
 317,-196.00,    3262,  0.33,    3921,  0.80,    -659, -0.13
 318,-195.00,    2795,  0.28,    3079,  0.63,    -284, -0.06
 319,-194.00,    2961,  0.30,    2870,  0.58,      91,  0.02
 320,-193.00,    4234,  0.43,    3731,  0.76,     503,  0.10
 321,-192.00,    4824,  0.49,    4255,  0.87,     569,  0.12
 322,-191.00,    4624,  0.47,    4136,  0.84,     488,  0.10
 323,-190.00,    5395,  0.55,    4322,  0.88,    1073,  0.22
 324,-189.00,    6677,  0.68,    4913,  1.00,    1764,  0.36
 325,-188.00,    7930,  0.81,    5514,  1.12,    2416,  0.49
 326,-187.00,    8423,  0.86,    5308,  1.08,    3115,  0.63
 327,-186.00,    9062,  0.92,    4794,  0.98,    4268,  0.87
 328,-185.00,    9647,  0.98,    4512,  0.92,    5135,  1.04
 329,-184.00,    9994,  1.02,    3906,  0.79,    6088,  1.24
 330,-183.00,   10062,  1.02,    3662,  0.75,    6400,  1.30
 331,-182.00,   11246,  1.14,    4070,  0.83,    7176,  1.46
 332,-181.00,   13495,  1.37,    4758,  0.97,    8737,  1.78
 333,-180.00,   14631,  1.49,    4752,  0.97,    9879,  2.01
 334,-179.00,   15172,  1.54,    5421,  1.10,    9751,  1.98
 335,-178.00,   16043,  1.63,    6023,  1.23,   10020,  2.04
 336,-177.00,   16557,  1.68,    5644,  1.15,   10913,  2.22
 337,-176.00,   15970,  1.62,    4243,  0.86,   11727,  2.39
 338,-175.00,   15344,  1.56,    2983,  0.61,   12361,  2.51
 339,-174.00,   14817,  1.51,    2783,  0.57,   12034,  2.45
 340,-173.00,   15176,  1.54,    3356,  0.68,   11820,  2.40
 341,-172.00,   14907,  1.52,    3634,  0.74,   11273,  2.29
 342,-171.00,   15176,  1.54,    3579,  0.73,   11597,  2.36
 343,-170.00,   15008,  1.53,    3377,  0.69,   11631,  2.37
 344,-169.00,   13503,  1.37,    2459,  0.50,   11044,  2.25
 345,-168.00,   12802,  1.30,    1864,  0.38,   10938,  2.23
 346,-167.00,   11888,  1.21,    1290,  0.26,   10598,  2.16
 347,-166.00,    9260,  0.94,    -135, -0.03,    9395,  1.91
 348,-165.00,    7312,  0.74,    -873, -0.18,    8185,  1.67
 349,-164.00,    7470,  0.76,    -620, -0.13,    8090,  1.65
 350,-163.00,    7317,  0.74,    -479, -0.10,    7796,  1.59
 351,-162.00,    5839,  0.59,    -916, -0.19,    6755,  1.37
 352,-161.00,    4040,  0.41,   -2056, -0.42,    6096,  1.24
 353,-160.00,    2773,  0.28,   -2778, -0.57,    5551,  1.13
 354,-159.00,    1650,  0.17,   -3608, -0.73,    5258,  1.07
 355,-158.00,    -623, -0.06,   -5043, -1.03,    4420,  0.90
 356,-157.00,   -2635, -0.27,   -5570, -1.13,    2935,  0.60
 357,-156.00,   -3663, -0.37,   -5615, -1.14,    1952,  0.40
 358,-155.00,   -4075, -0.41,   -5627, -1.14,    1552,  0.32
 359,-154.00,   -4666, -0.47,   -5594, -1.14,     928,  0.19
 360,-153.00,   -5607, -0.57,   -5662, -1.15,      55,  0.01
 361,-152.00,   -6665, -0.68,   -6288, -1.28,    -377, -0.08
 362,-151.00,   -7949, -0.81,   -6769, -1.38,   -1180, -0.24
 363,-150.00,   -9842, -1.00,   -7226, -1.47,   -2616, -0.53
 364,-149.00,  -11657, -1.19,   -7381, -1.50,   -4276, -0.87
 365,-148.00,  -12403, -1.26,   -7371, -1.50,   -5032, -1.02
 366,-147.00,  -12848, -1.31,   -7236, -1.47,   -5612, -1.14
 367,-146.00,  -13082, -1.33,   -6969, -1.42,   -6113, -1.24
 368,-145.00,  -12341, -1.26,   -6529, -1.33,   -5812, -1.18
 369,-144.00,  -11629, -1.18,   -5692, -1.16,   -5937, -1.21
 370,-143.00,  -12454, -1.27,   -5392, -1.10,   -7062, -1.44
 371,-142.00,  -13305, -1.35,   -5356, -1.09,   -7949, -1.62
 372,-141.00,  -13404, -1.36,   -4916, -1.00,   -8488, -1.73
 373,-140.00,  -13803, -1.40,   -4378, -0.89,   -9425, -1.92
 374,-139.00,  -14022, -1.43,   -3608, -0.73,  -10414, -2.12
 375,-138.00,  -12617, -1.28,   -2037, -0.41,  -10580, -2.15
 376,-137.00,  -11866, -1.21,   -1058, -0.22,  -10808, -2.20
 377,-136.00,  -11537, -1.17,    -481, -0.10,  -11056, -2.25
 378,-135.00,  -10292, -1.05,     581,  0.12,  -10873, -2.21
 379,-134.00,   -9191, -0.93,    1729,  0.35,  -10920, -2.22
 380,-133.00,   -8419, -0.86,    3068,  0.62,  -11487, -2.34
 381,-132.00,   -7058, -0.72,    4419,  0.90,  -11477, -2.34
 382,-131.00,   -7060, -0.72,    4365,  0.89,  -11425, -2.32
 383,-130.00,   -7317, -0.74,    4349,  0.88,  -11666, -2.37
 384,-129.00,   -7277, -0.74,    4363,  0.89,  -11640, -2.37
 385,-128.00,   -6245, -0.64,    5056,  1.03,  -11301, -2.30
 386,-127.00,   -4227, -0.43,    6702,  1.36,  -10929, -2.22
 387,-126.00,   -2801, -0.28,    8114,  1.65,  -10915, -2.22
 388,-125.00,   -2608, -0.27,    8935,  1.82,  -11543, -2.35
 389,-124.00,   -1933, -0.20,   10016,  2.04,  -11949, -2.43
 390,-123.00,   -1096, -0.11,   10948,  2.23,  -12044, -2.45
 391,-122.00,    -587, -0.06,   11109,  2.26,  -11696, -2.38
 392,-121.00,    1446,  0.15,   11796,  2.40,  -10350, -2.11
 393,-120.00,    3257,  0.33,   12764,  2.60,   -9507, -1.93
 394,-119.00,    4776,  0.49,   14161,  2.88,   -9385, -1.91
 395,-118.00,    6331,  0.64,   15004,  3.05,   -8673, -1.76
 396,-117.00,    8207,  0.83,   16278,  3.31,   -8071, -1.64
 397,-116.00,   10343,  1.05,   17374,  3.53,   -7031, -1.43
 398,-115.00,   11770,  1.20,   18260,  3.72,   -6490, -1.32
 399,-114.00,   12791,  1.30,   19133,  3.89,   -6342, -1.29
 400,-113.00,   14140,  1.44,   19602,  3.99,   -5462, -1.11
 401,-112.00,   15366,  1.56,   20590,  4.19,   -5224, -1.06
 402,-111.00,   16168,  1.64,   21393,  4.35,   -5225, -1.06
 403,-110.00,   16952,  1.72,   21860,  4.45,   -4908, -1.00
 404,-109.00,   17112,  1.74,   21510,  4.38,   -4398, -0.89
 405,-108.00,   17259,  1.76,   21552,  4.38,   -4293, -0.87
 406,-107.00,   17661,  1.80,   21266,  4.33,   -3605, -0.73
 407,-106.00,   16884,  1.72,   20859,  4.24,   -3975, -0.81
 408,-105.00,   16913,  1.72,   21248,  4.32,   -4335, -0.88
 409,-104.00,   17197,  1.75,   21899,  4.46,   -4702, -0.96
 410,-103.00,   17112,  1.74,   22132,  4.50,   -5020, -1.02
 411,-102.00,   17258,  1.76,   22277,  4.53,   -5019, -1.02
 412,-101.00,   17715,  1.80,   22493,  4.58,   -4778, -0.97
 413,-100.00,   18074,  1.84,   22910,  4.66,   -4836, -0.98
 414,-99.00,   17985,  1.83,   22876,  4.65,   -4891, -1.00
 415,-98.00,   18065,  1.84,   22521,  4.58,   -4456, -0.91
 416,-97.00,   18033,  1.83,   21773,  4.43,   -3740, -0.76
 417,-96.00,   17777,  1.81,   21450,  4.36,   -3673, -0.75
 418,-95.00,   18136,  1.84,   21755,  4.43,   -3619, -0.74
 419,-94.00,   17826,  1.81,   22119,  4.50,   -4293, -0.87
 420,-93.00,   17909,  1.82,   22026,  4.48,   -4117, -0.84
 421,-92.00,   17522,  1.78,   21385,  4.35,   -3863, -0.79
 422,-91.00,   18521,  1.88,   21494,  4.37,   -2973, -0.60
 423,-90.00,   19830,  2.02,   21688,  4.41,   -1858, -0.38
 424,-89.00,   20629,  2.10,   21495,  4.37,    -866, -0.18
 425,-88.00,   21420,  2.18,   21418,  4.36,       2,  0.00
 426,-87.00,   20728,  2.11,   21084,  4.29,    -356, -0.07
 427,-86.00,   20511,  2.09,   20552,  4.18,     -41, -0.00
 428,-85.00,   19792,  2.01,   19292,  3.93,     500,  0.10
 429,-84.00,   19761,  2.01,   18394,  3.74,    1367,  0.28
 430,-83.00,   20868,  2.12,   18147,  3.69,    2721,  0.55
 431,-82.00,   21919,  2.23,   18195,  3.70,    3724,  0.76
 432,-81.00,   22431,  2.28,   18160,  3.69,    4271,  0.87
 433,-80.00,   23969,  2.44,   18304,  3.72,    5665,  1.15
 434,-79.00,   25212,  2.56,   18297,  3.72,    6915,  1.41
 435,-78.00,   26031,  2.65,   17876,  3.64,    8155,  1.66
 436,-77.00,   25792,  2.62,   17214,  3.50,    8578,  1.75
 437,-76.00,   26072,  2.65,   17302,  3.52,    8770,  1.78
 438,-75.00,   26495,  2.70,   17274,  3.51,    9221,  1.88
 439,-74.00,   26583,  2.70,   16883,  3.43,    9700,  1.97
 440,-73.00,   27132,  2.76,   16344,  3.33,   10788,  2.19
 441,-72.00,   28949,  2.94,   15968,  3.25,   12981,  2.64
 442,-71.00,   30687,  3.12,   15836,  3.22,   14851,  3.02
 443,-70.00,   30852,  3.14,   15568,  3.17,   15284,  3.11
 444,-69.00,   31051,  3.16,   15504,  3.15,   15547,  3.16
 445,-68.00,   30647,  3.12,   14674,  2.99,   15973,  3.25
 446,-67.00,   30201,  3.07,   13461,  2.74,   16740,  3.41
 447,-66.00,   29882,  3.04,   12884,  2.62,   16998,  3.46
 448,-65.00,   28850,  2.93,   12110,  2.46,   16740,  3.41
 449,-64.00,   28196,  2.87,   10860,  2.21,   17336,  3.53
 450,-63.00,   28260,  2.87,    9592,  1.95,   18668,  3.80
 451,-62.00,   28153,  2.86,    8424,  1.71,   19729,  4.01
 452,-61.00,   27852,  2.83,    7873,  1.60,   19979,  4.06
 453,-60.00,   27329,  2.78,    7327,  1.49,   20002,  4.07
 454,-59.00,   26430,  2.69,    5924,  1.21,   20506,  4.17
 455,-58.00,   25861,  2.63,    4254,  0.87,   21607,  4.40
 456,-57.00,   25106,  2.55,    3066,  0.62,   22040,  4.48
 457,-56.00,   24195,  2.46,    2086,  0.42,   22109,  4.50
 458,-55.00,   22555,  2.29,     704,  0.14,   21851,  4.45
 459,-54.00,   20483,  2.08,    -636, -0.13,   21119,  4.30
 460,-53.00,   19232,  1.96,   -1742, -0.35,   20974,  4.27
 461,-52.00,   20131,  2.05,   -1975, -0.40,   22106,  4.50
 462,-51.00,   20935,  2.13,   -2000, -0.41,   22935,  4.67
 463,-50.00,   20585,  2.09,   -2719, -0.55,   23304,  4.74
 464,-49.00,   19239,  1.96,   -4319, -0.88,   23558,  4.79
 465,-48.00,   17814,  1.81,   -5754, -1.17,   23568,  4.80
 466,-47.00,   16721,  1.70,   -6647, -1.35,   23368,  4.75
 467,-46.00,   15896,  1.62,   -7542, -1.53,   23438,  4.77
 468,-45.00,   15409,  1.57,   -8085, -1.64,   23494,  4.78
 469,-44.00,   14696,  1.50,   -8794, -1.79,   23490,  4.78
 470,-43.00,   13636,  1.39,   -9323, -1.90,   22959,  4.67
 471,-42.00,   12905,  1.31,  -10093, -2.05,   22998,  4.68
 472,-41.00,   11146,  1.13,  -11445, -2.33,   22591,  4.60
 473,-40.00,   10265,  1.04,  -11192, -2.28,   21457,  4.37
 474,-39.00,   10255,  1.04,  -10600, -2.16,   20855,  4.24
 475,-38.00,    9633,  0.98,  -10468, -2.13,   20101,  4.09
 476,-37.00,    8124,  0.83,  -10466, -2.13,   18590,  3.78
 477,-36.00,    6767,  0.69,  -11312, -2.30,   18079,  3.68
 478,-35.00,    4689,  0.48,  -12534, -2.55,   17223,  3.50
 479,-34.00,    3794,  0.39,  -13316, -2.71,   17110,  3.48
 480,-33.00,    2862,  0.29,  -14333, -2.92,   17195,  3.50
 481,-32.00,     993,  0.10,  -16048, -3.27,   17041,  3.47
 482,-31.00,    -839, -0.09,  -17498, -3.56,   16659,  3.39
 483,-30.00,   -2859, -0.29,  -18320, -3.73,   15461,  3.15
 484,-29.00,   -3524, -0.36,  -18439, -3.75,   14915,  3.03
 485,-28.00,   -4067, -0.41,  -18784, -3.82,   14717,  2.99
 486,-27.00,   -4853, -0.49,  -19264, -3.92,   14411,  2.93
 487,-26.00,   -5137, -0.52,  -19051, -3.88,   13914,  2.83
 488,-25.00,   -6050, -0.62,  -19411, -3.95,   13361,  2.72
 489,-24.00,   -6576, -0.67,  -19808, -4.03,   13232,  2.69
 490,-23.00,   -8073, -0.82,  -20337, -4.14,   12264,  2.50
 491,-22.00,  -10406, -1.06,  -21433, -4.36,   11027,  2.24
 492,-21.00,  -11123, -1.13,  -22068, -4.49,   10945,  2.23
 493,-20.00,  -11258, -1.15,  -22222, -4.52,   10964,  2.23
 494,-19.00,  -11709, -1.19,  -21919, -4.46,   10210,  2.08
 495,-18.00,  -12356, -1.26,  -21744, -4.42,    9388,  1.91
 496,-17.00,  -12136, -1.23,  -21510, -4.38,    9374,  1.91
 497,-16.00,  -10755, -1.09,  -20722, -4.22,    9967,  2.03
 498,-15.00,  -10764, -1.10,  -20420, -4.15,    9656,  1.96
 499,-14.00,  -11429, -1.16,  -20504, -4.17,    9075,  1.85
 500,-13.00,  -12718, -1.29,  -20305, -4.13,    7587,  1.54
 501,-12.00,  -12518, -1.27,  -19157, -3.90,    6639,  1.35
 502,-11.00,  -11913, -1.21,  -18824, -3.83,    6911,  1.41
 503,-10.00,  -11509, -1.17,  -18387, -3.74,    6878,  1.40
 504,-9.00,  -11820, -1.20,  -17683, -3.60,    5863,  1.19
 505,-8.00,  -10662, -1.08,  -16711, -3.40,    6049,  1.23
 506,-7.00,  -10065, -1.02,  -15871, -3.23,    5806,  1.18
 507,-6.00,  -10013, -1.02,  -14911, -3.03,    4898,  1.00
 508,-5.00,  -10359, -1.05,  -14345, -2.92,    3986,  0.81
 509,-4.00,  -11536, -1.17,  -14203, -2.89,    2667,  0.54
 510,-3.00,  -11715, -1.19,  -13940, -2.84,    2225,  0.45
 511,-2.00,  -11361, -1.16,  -13523, -2.75,    2162,  0.44
 512,-1.00,  -11493, -1.17,  -12599, -2.56,    1106,  0.23
 513,0.00,  -10723, -1.09,  -11088, -2.26,     365,  0.07
 514,1.00,  -10168, -1.03,  -10546, -2.15,     378,  0.08
 515,2.00,  -10733, -1.09,  -10024, -2.04,    -709, -0.14
 516,3.00,  -10583, -1.08,   -8795, -1.79,   -1788, -0.36
 517,4.00,   -9788, -1.00,   -7921, -1.61,   -1867, -0.38
 518,5.00,   -9567, -0.97,   -7985, -1.62,   -1582, -0.32
 519,6.00,  -10347, -1.05,   -8181, -1.66,   -2166, -0.44
 520,7.00,  -11436, -1.16,   -8598, -1.75,   -2838, -0.58
 521,8.00,  -11243, -1.14,   -8463, -1.72,   -2780, -0.57
 522,9.00,  -11185, -1.14,   -8556, -1.74,   -2629, -0.53
 523,10.00,  -11243, -1.14,   -8844, -1.80,   -2399, -0.49
 524,11.00,  -11476, -1.17,   -9249, -1.88,   -2227, -0.45
 525,12.00,  -12396, -1.26,   -9422, -1.92,   -2974, -0.61
 526,13.00,  -12887, -1.31,   -9265, -1.89,   -3622, -0.74
 527,14.00,  -12767, -1.30,   -8780, -1.79,   -3987, -0.81
 528,15.00,  -12596, -1.28,   -8389, -1.71,   -4207, -0.86
 529,16.00,  -13601, -1.38,   -9173, -1.87,   -4428, -0.90
 530,17.00,  -14699, -1.50,   -9342, -1.90,   -5357, -1.09
 531,18.00,  -14548, -1.48,   -8991, -1.83,   -5557, -1.13
 532,19.00,  -14104, -1.43,   -8772, -1.78,   -5332, -1.08
 533,20.00,  -14747, -1.50,   -8597, -1.75,   -6150, -1.25
 534,21.00,  -16507, -1.68,   -8561, -1.74,   -7946, -1.62
 535,22.00,  -17630, -1.79,   -8757, -1.78,   -8873, -1.81
 536,23.00,  -18971, -1.93,   -8969, -1.82,  -10002, -2.03
 537,24.00,  -19032, -1.94,   -8504, -1.73,  -10528, -2.14
 538,25.00,  -18696, -1.90,   -8292, -1.69,  -10404, -2.12
 539,26.00,  -19513, -1.99,   -8791, -1.79,  -10722, -2.18
 540,27.00,  -20460, -2.08,   -9212, -1.87,  -11248, -2.29
 541,28.00,  -21754, -2.21,   -9546, -1.94,  -12208, -2.48
 542,29.00,  -22330, -2.27,   -9363, -1.90,  -12967, -2.64
 543,30.00,  -24539, -2.50,   -9979, -2.03,  -14560, -2.96
 544,31.00,  -26132, -2.66,  -11046, -2.25,  -15086, -3.07
 545,32.00,  -27163, -2.76,  -12366, -2.52,  -14797, -3.01
 546,33.00,  -27538, -2.80,  -12861, -2.62,  -14677, -2.99
 547,34.00,  -27613, -2.81,  -12665, -2.58,  -14948, -3.04
 548,35.00,  -27468, -2.79,  -12713, -2.59,  -14755, -3.00
 549,36.00,  -27773, -2.83,  -12822, -2.61,  -14951, -3.04
 550,37.00,  -28172, -2.87,  -13061, -2.66,  -15111, -3.07
 551,38.00,  -28830, -2.93,  -13873, -2.82,  -14957, -3.04
 552,39.00,  -28876, -2.94,  -14410, -2.93,  -14466, -2.94
 553,40.00,  -27498, -2.80,  -14196, -2.89,  -13302, -2.71
 554,41.00,  -26255, -2.67,  -13946, -2.84,  -12309, -2.50
 555,42.00,  -24978, -2.54,  -13254, -2.70,  -11724, -2.39
 556,43.00,  -23650, -2.41,  -12080, -2.46,  -11570, -2.35
 557,44.00,  -23068, -2.35,  -11570, -2.35,  -11498, -2.34
 558,45.00,  -21710, -2.21,  -10772, -2.19,  -10938, -2.23
 559,46.00,  -20535, -2.09,  -10097, -2.05,  -10438, -2.12
 560,47.00,  -19723, -2.01,   -9486, -1.93,  -10237, -2.08
 561,48.00,  -19117, -1.94,   -8942, -1.82,  -10175, -2.07
 562,49.00,  -18286, -1.86,   -8290, -1.69,   -9996, -2.03
 563,50.00,  -17633, -1.79,   -7706, -1.57,   -9927, -2.02
 564,51.00,  -16775, -1.71,   -6882, -1.40,   -9893, -2.01
 565,52.00,  -15619, -1.59,   -5208, -1.06,  -10411, -2.12
 566,53.00,  -13812, -1.41,   -3334, -0.68,  -10478, -2.13
 567,54.00,  -12281, -1.25,   -2040, -0.42,  -10241, -2.08
 568,55.00,  -12059, -1.23,   -1800, -0.37,  -10259, -2.09
 569,56.00,  -11597, -1.18,   -1333, -0.27,  -10264, -2.09
 570,57.00,  -11222, -1.14,   -1096, -0.22,  -10126, -2.06
 571,58.00,  -11493, -1.17,    -819, -0.17,  -10674, -2.17
 572,59.00,  -11786, -1.20,     315,  0.06,  -12101, -2.46
 573,60.00,  -10992, -1.12,    1477,  0.30,  -12469, -2.54
 574,61.00,  -10351, -1.05,    2162,  0.44,  -12513, -2.55
 575,62.00,  -10032, -1.02,    2816,  0.57,  -12848, -2.61
 576,63.00,  -10301, -1.05,    3418,  0.70,  -13719, -2.79
 577,64.00,  -10466, -1.06,    3652,  0.74,  -14118, -2.87
 578,65.00,  -10948, -1.11,    3412,  0.69,  -14360, -2.92
 579,66.00,  -12166, -1.24,    2964,  0.60,  -15130, -3.08
 580,67.00,  -13874, -1.41,    2116,  0.43,  -15990, -3.25
 581,68.00,  -15280, -1.55,    1608,  0.33,  -16888, -3.44
 582,69.00,  -17120, -1.74,     898,  0.18,  -18018, -3.67
 583,70.00,  -18507, -1.88,     305,  0.06,  -18812, -3.83
 584,71.00,  -20106, -2.05,    -422, -0.09,  -19684, -4.00
 585,72.00,  -21507, -2.19,   -1012, -0.21,  -20495, -4.17
 586,73.00,  -23601, -2.40,   -1683, -0.34,  -21918, -4.46
 587,74.00,  -25428, -2.59,   -2322, -0.47,  -23106, -4.70
 588,75.00,  -27156, -2.76,   -2702, -0.55,  -24454, -4.98
 589,76.00,  -28559, -2.91,   -2880, -0.59,  -25679, -5.22
 590,77.00,  -30322, -3.08,   -3749, -0.76,  -26573, -5.41
 591,78.00,  -32560, -3.31,   -5321, -1.08,  -27239, -5.54
 592,79.00,  -34267, -3.49,   -6553, -1.33,  -27714, -5.64
 593,80.00,  -35993, -3.66,   -7619, -1.55,  -28374, -5.77
 594,81.00,  -37693, -3.83,   -8438, -1.72,  -29255, -5.95
 595,82.00,  -39138, -3.98,   -9505, -1.93,  -29633, -6.03
 596,83.00,  -39807, -4.05,   -9747, -1.98,  -30060, -6.12
 597,84.00,  -40713, -4.14,   -9949, -2.02,  -30764, -6.26
 598,85.00,  -42041, -4.28,  -10412, -2.12,  -31629, -6.44
 599,86.00,  -44419, -4.52,  -11557, -2.35,  -32862, -6.69
 600,87.00,  -46958, -4.78,  -13175, -2.68,  -33783, -6.87
 601,88.00,  -49286, -5.01,  -14613, -2.97,  -34673, -7.05
 602,89.00,  -51390, -5.23,  -15877, -3.23,  -35513, -7.23
 603,90.00,  -53743, -5.47,  -17347, -3.53,  -36396, -7.41
 604,91.00,  -55891, -5.69,  -18411, -3.75,  -37480, -7.63
 605,92.00,  -58057, -5.91,  -19651, -4.00,  -38406, -7.81
 606,93.00,  -59896, -6.09,  -20965, -4.27,  -38931, -7.92
 607,94.00,  -61753, -6.28,  -21806, -4.44,  -39947, -8.13
 608,95.00,  -63129, -6.42,  -22249, -4.53,  -40880, -8.32
 609,96.00,  -64438, -6.56,  -22985, -4.68,  -41453, -8.43
 610,97.00,  -65720, -6.69,  -23479, -4.78,  -42241, -8.59
 611,98.00,  -67136, -6.83,  -24039, -4.89,  -43097, -8.77
 612,99.00,  -68763, -7.00,  -25168, -5.12,  -43595, -8.87
 613,100.00,  -69221, -7.04,  -25169, -5.12,  -44052, -8.96
 614,101.00,  -68828, -7.00,  -25146, -5.12,  -43682, -8.89
 615,102.00,  -68890, -7.01,  -25117, -5.11,  -43773, -8.91
 616,103.00,  -68633, -6.98,  -24554, -5.00,  -44079, -8.97
 617,104.00,  -69227, -7.04,  -25308, -5.15,  -43919, -8.94
 618,105.00,  -70342, -7.16,  -26315, -5.35,  -44027, -8.96
 619,106.00,  -71111, -7.23,  -27166, -5.53,  -43945, -8.94
 620,107.00,  -69995, -7.12,  -27323, -5.56,  -42672, -8.68
 621,108.00,  -68926, -7.01,  -27444, -5.58,  -41482, -8.44
 622,109.00,  -68238, -6.94,  -28000, -5.70,  -40238, -8.19
 623,110.00,  -66927, -6.81,  -27921, -5.68,  -39006, -7.94
 624,111.00,  -66848, -6.80,  -27937, -5.68,  -38911, -7.92
 625,112.00,  -67464, -6.86,  -28745, -5.85,  -38719, -7.88
 626,113.00,  -66786, -6.79,  -28872, -5.87,  -37914, -7.71
 627,114.00,  -64978, -6.61,  -28180, -5.73,  -36798, -7.49
 628,115.00,  -62754, -6.38,  -27282, -5.55,  -35472, -7.22
 629,116.00,  -59669, -6.07,  -26178, -5.33,  -33491, -6.81
 630,117.00,  -58611, -5.96,  -26196, -5.33,  -32415, -6.60
 631,118.00,  -56946, -5.79,  -25850, -5.26,  -31096, -6.33
 632,119.00,  -54264, -5.52,  -24641, -5.01,  -29623, -6.03
 633,120.00,  -51907, -5.28,  -24088, -4.90,  -27819, -5.66
 634,121.00,  -49056, -4.99,  -23163, -4.71,  -25893, -5.27
 635,122.00,  -45763, -4.66,  -21654, -4.41,  -24109, -4.91
 636,123.00,  -43011, -4.38,  -20164, -4.10,  -22847, -4.65
 637,124.00,  -39945, -4.06,  -18895, -3.84,  -21050, -4.28
 638,125.00,  -36930, -3.76,  -17382, -3.54,  -19548, -3.98
 639,126.00,  -33714, -3.43,  -15553, -3.16,  -18161, -3.69
 640,127.00,  -30836, -3.14,  -14437, -2.94,  -16399, -3.34
 641,128.00,  -28419, -2.89,  -13267, -2.70,  -15152, -3.08
 642,129.00,  -24263, -2.47,  -11189, -2.28,  -13074, -2.66
 643,130.00,  -21416, -2.18,  -10089, -2.05,  -11327, -2.30
 644,131.00,  -19108, -1.94,   -8959, -1.82,  -10149, -2.06
 645,132.00,  -16351, -1.66,   -7305, -1.49,   -9046, -1.84
 646,133.00,  -14063, -1.43,   -6634, -1.35,   -7429, -1.51
 647,134.00,  -11834, -1.20,   -6438, -1.31,   -5396, -1.10
 648,135.00,   -9662, -0.98,   -5972, -1.22,   -3690, -0.75
 649,136.00,   -8183, -0.83,   -4945, -1.01,   -3238, -0.66
 650,137.00,   -7682, -0.78,   -4252, -0.87,   -3430, -0.70
 651,138.00,   -6992, -0.71,   -4402, -0.90,   -2590, -0.53
 652,139.00,   -4902, -0.50,   -3334, -0.68,   -1568, -0.32
 653,140.00,   -2402, -0.24,   -1566, -0.32,    -836, -0.17
 654,141.00,     172,  0.02,     -82, -0.02,     254,  0.05
 655,142.00,     978,  0.10,      33,  0.00,     945,  0.19
 656,143.00,     799,  0.08,    -139, -0.03,     938,  0.19
 657,144.00,     956,  0.10,    -136, -0.03,    1092,  0.22
 658,145.00,    1662,  0.17,     114,  0.02,    1548,  0.31
 659,146.00,    1900,  0.19,     144,  0.03,    1756,  0.36
 660,147.00,    2031,  0.21,     -28, -0.00,    2059,  0.42
 661,148.00,    2887,  0.29,     596,  0.12,    2291,  0.47
 662,149.00,    3567,  0.36,    1004,  0.20,    2563,  0.52
 663,150.00,    3589,  0.37,    1006,  0.20,    2583,  0.53
 664,151.00,    3436,  0.35,     953,  0.19,    2483,  0.51
 665,152.00,    3153,  0.32,     634,  0.13,    2519,  0.51
 666,153.00,    3898,  0.40,    1270,  0.26,    2628,  0.53
 667,154.00,    4619,  0.47,    1849,  0.38,    2770,  0.56
 668,155.00,    5886,  0.60,    2518,  0.51,    3368,  0.69
 669,156.00,    7376,  0.75,    3511,  0.71,    3865,  0.79
 670,157.00,    8888,  0.90,    4465,  0.91,    4423,  0.90
 671,158.00,    9753,  0.99,    5075,  1.03,    4678,  0.95
 672,159.00,   10270,  1.04,    4836,  0.98,    5434,  1.11
 673,160.00,   10848,  1.10,    4792,  0.97,    6056,  1.23
 674,161.00,   11791,  1.20,    4940,  1.01,    6851,  1.39
 675,162.00,   12933,  1.32,    4995,  1.02,    7938,  1.62
 676,163.00,   14730,  1.50,    5489,  1.12,    9241,  1.88
 677,164.00,   16354,  1.66,    6131,  1.25,   10223,  2.08
 678,165.00,   17933,  1.82,    6730,  1.37,   11203,  2.28
 679,166.00,   19894,  2.02,    7627,  1.55,   12267,  2.50
 680,167.00,   21517,  2.19,    8123,  1.65,   13394,  2.73
 681,168.00,   24062,  2.45,    8923,  1.82,   15139,  3.08
 682,169.00,   27015,  2.75,    9544,  1.94,   17471,  3.55
 683,170.00,   30767,  3.13,   10865,  2.21,   19902,  4.05
 684,171.00,   34278,  3.49,   12639,  2.57,   21639,  4.40
 685,172.00,   36902,  3.75,   14274,  2.90,   22628,  4.60
 686,173.00,   38422,  3.91,   14908,  3.03,   23514,  4.78
 687,174.00,   40779,  4.15,   15061,  3.06,   25718,  5.23
 688,175.00,   43534,  4.43,   15532,  3.16,   28002,  5.70
 689,176.00,   45660,  4.64,   16624,  3.38,   29036,  5.91
 690,177.00,   47631,  4.85,   17959,  3.65,   29672,  6.04
 691,178.00,   50018,  5.09,   19505,  3.97,   30513,  6.21
 692,179.00,   52849,  5.38,   21073,  4.29,   31776,  6.47
 693,180.00,   55969,  5.69,   22860,  4.65,   33109,  6.74
 694,181.00,   58540,  5.96,   24077,  4.90,   34463,  7.01
 695,182.00,   60950,  6.20,   25303,  5.15,   35647,  7.25
 696,183.00,   63790,  6.49,   27028,  5.50,   36762,  7.48
 697,184.00,   66185,  6.73,   28230,  5.74,   37955,  7.72
 698,185.00,   67208,  6.84,   28854,  5.87,   38354,  7.80
 699,186.00,   67318,  6.85,   29204,  5.94,   38114,  7.75
 700,187.00,   67577,  6.87,   29195,  5.94,   38382,  7.81
 701,188.00,   68446,  6.96,   29524,  6.01,   38922,  7.92
 702,189.00,   68493,  6.97,   29562,  6.01,   38931,  7.92
 703,190.00,   68475,  6.97,   30039,  6.11,   38436,  7.82
 704,191.00,   69203,  7.04,   31047,  6.32,   38156,  7.76
 705,192.00,   69535,  7.07,   31791,  6.47,   37744,  7.68
 706,193.00,   68982,  7.02,   32081,  6.53,   36901,  7.51
 707,194.00,   66791,  6.79,   31980,  6.51,   34811,  7.08
 708,195.00,   65092,  6.62,   31553,  6.42,   33539,  6.82
 709,196.00,   64036,  6.51,   31171,  6.34,   32865,  6.69
 710,197.00,   62705,  6.38,   30799,  6.27,   31906,  6.49
 711,198.00,   61286,  6.23,   30085,  6.12,   31201,  6.35
 712,199.00,   59866,  6.09,   29659,  6.03,   30207,  6.15
 713,200.00,   56884,  5.79,   28284,  5.75,   28600,  5.82
 714,201.00,   54422,  5.54,   27051,  5.50,   27371,  5.57
 715,202.00,   52479,  5.34,   25760,  5.24,   26719,  5.44
 716,203.00,   50344,  5.12,   24713,  5.03,   25631,  5.21
 717,204.00,   47898,  4.87,   23371,  4.75,   24527,  4.99
 718,205.00,   44980,  4.58,   21476,  4.37,   23504,  4.78
 719,206.00,   42200,  4.29,   19860,  4.04,   22340,  4.55
 720,207.00,   40360,  4.11,   18621,  3.79,   21739,  4.42
 721,208.00,   37764,  3.84,   16437,  3.34,   21327,  4.34
 722,209.00,   35714,  3.63,   14595,  2.97,   21119,  4.30
 723,210.00,   33655,  3.42,   13510,  2.75,   20145,  4.10
 724,211.00,   30708,  3.12,   11632,  2.37,   19076,  3.88
 725,212.00,   27301,  2.78,    9250,  1.88,   18051,  3.67
 726,213.00,   25258,  2.57,    7914,  1.61,   17344,  3.53
 727,214.00,   22822,  2.32,    6827,  1.39,   15995,  3.25
 728,215.00,   19477,  1.98,    4843,  0.99,   14634,  2.98
 729,216.00,   17051,  1.73,    2786,  0.57,   14265,  2.90
 730,217.00,   14965,  1.52,    1573,  0.32,   13392,  2.72
 731,218.00,   12199,  1.24,     390,  0.08,   11809,  2.40
 732,219.00,    9471,  0.96,    -865, -0.18,   10336,  2.10
 733,220.00,    7355,  0.75,   -2274, -0.46,    9629,  1.96
 734,221.00,    5856,  0.60,   -3064, -0.62,    8920,  1.81
 735,222.00,    3933,  0.40,   -4033, -0.82,    7966,  1.62
 736,223.00,    1091,  0.11,   -5562, -1.13,    6653,  1.35
 737,224.00,   -1020, -0.10,   -6919, -1.41,    5899,  1.20
 738,225.00,   -3136, -0.32,   -7777, -1.58,    4641,  0.94
 739,226.00,   -5310, -0.54,   -8426, -1.71,    3116,  0.63
 740,227.00,   -7765, -0.79,   -9552, -1.94,    1787,  0.36
 741,228.00,  -10723, -1.09,  -10934, -2.22,     211,  0.04
 742,229.00,  -12126, -1.23,  -11821, -2.41,    -305, -0.06
 743,230.00,  -13389, -1.36,  -12477, -2.54,    -912, -0.19
 744,231.00,  -15254, -1.55,  -12970, -2.64,   -2284, -0.46
 745,232.00,  -17791, -1.81,  -14435, -2.94,   -3356, -0.68
 746,233.00,  -20083, -2.04,  -15793, -3.21,   -4290, -0.87
 747,234.00,  -20594, -2.09,  -16237, -3.30,   -4357, -0.89
 748,235.00,  -21227, -2.16,  -16730, -3.40,   -4497, -0.91
 749,236.00,  -21962, -2.23,  -16424, -3.34,   -5538, -1.13
 750,237.00,  -22968, -2.34,  -15472, -3.15,   -7496, -1.53
 751,238.00,  -23949, -2.44,  -15217, -3.10,   -8732, -1.78
 752,239.00,  -24363, -2.48,  -15413, -3.14,   -8950, -1.82
 753,240.00,  -25600, -2.60,  -16175, -3.29,   -9425, -1.92
 754,241.00,  -25398, -2.58,  -16284, -3.31,   -9114, -1.85
 755,242.00,  -24078, -2.45,  -15909, -3.24,   -8169, -1.66
 756,243.00,  -23637, -2.40,  -16018, -3.26,   -7619, -1.55
 757,244.00,  -23127, -2.35,  -15385, -3.13,   -7742, -1.58
 758,245.00,  -23388, -2.38,  -15191, -3.09,   -8197, -1.67
 759,246.00,  -23004, -2.34,  -15001, -3.05,   -8003, -1.63
 760,247.00,  -22999, -2.34,  -14638, -2.98,   -8361, -1.70
 761,248.00,  -22649, -2.30,  -14481, -2.95,   -8168, -1.66
 762,249.00,  -21738, -2.21,  -14163, -2.88,   -7575, -1.54
 763,250.00,  -19942, -2.03,  -13172, -2.68,   -6770, -1.38
 764,251.00,  -18592, -1.89,  -12046, -2.45,   -6546, -1.33
 765,252.00,  -18369, -1.87,  -11330, -2.31,   -7039, -1.43
 766,253.00,  -17484, -1.78,  -10645, -2.17,   -6839, -1.39
 767,254.00,  -16457, -1.67,  -10333, -2.10,   -6124, -1.25
 768,255.00,  -14826, -1.51,   -9884, -2.01,   -4942, -1.01
 769,256.00,  -13275, -1.35,   -9176, -1.87,   -4099, -0.83
 770,257.00,  -11780, -1.20,   -8517, -1.73,   -3263, -0.66
 771,258.00,   -9553, -0.97,   -7175, -1.46,   -2378, -0.48
 772,259.00,   -7618, -0.77,   -6110, -1.24,   -1508, -0.31
 773,260.00,   -5654, -0.58,   -5400, -1.10,    -254, -0.05
 774,261.00,   -3107, -0.32,   -4298, -0.87,    1191,  0.24
 775,262.00,   -1649, -0.17,   -4134, -0.84,    2485,  0.51
 776,263.00,   -1201, -0.12,   -3990, -0.81,    2789,  0.57
 777,264.00,     768,  0.08,   -2567, -0.52,    3335,  0.68
 778,265.00,    2741,  0.28,   -1394, -0.28,    4135,  0.84
 779,266.00,    4730,  0.48,    -474, -0.10,    5204,  1.06
 780,267.00,    6147,  0.63,     174,  0.04,    5973,  1.22
 781,268.00,    7817,  0.80,     694,  0.14,    7123,  1.45
 782,269.00,    9617,  0.98,    1366,  0.28,    8251,  1.68
 783,270.00,   11009,  1.12,    1719,  0.35,    9290,  1.89
 784,271.00,   12690,  1.29,    2449,  0.50,   10241,  2.08
 785,272.00,   15246,  1.55,    3635,  0.74,   11611,  2.36
 786,273.00,   17035,  1.73,    3952,  0.80,   13083,  2.66
 787,274.00,   20031,  2.04,    5132,  1.04,   14899,  3.03
 788,275.00,   22053,  2.24,    6530,  1.33,   15523,  3.16
 789,276.00,   21456,  2.18,    6711,  1.37,   14745,  3.00
 790,277.00,   21302,  2.17,    6501,  1.32,   14801,  3.01
 791,278.00,   22397,  2.28,    6467,  1.32,   15930,  3.24
 792,279.00,   23205,  2.36,    6858,  1.40,   16347,  3.33
 793,280.00,   24330,  2.48,    7415,  1.51,   16915,  3.44
 794,281.00,   25302,  2.57,    7786,  1.58,   17516,  3.56
 795,282.00,   25695,  2.61,    7844,  1.60,   17851,  3.63
 796,283.00,   25569,  2.60,    7246,  1.47,   18323,  3.73
 797,284.00,   25201,  2.56,    7339,  1.49,   17862,  3.63
 798,285.00,   24695,  2.51,    6929,  1.41,   17766,  3.61
 799,286.00,   24556,  2.50,    6506,  1.32,   18050,  3.67
 800,287.00,   24803,  2.52,    6666,  1.36,   18137,  3.69
 801,288.00,   25555,  2.60,    7198,  1.46,   18357,  3.73
 802,289.00,   24666,  2.51,    6602,  1.34,   18064,  3.68
 803,290.00,   23422,  2.38,    5710,  1.16,   17712,  3.60
 804,291.00,   23409,  2.38,    5149,  1.05,   18260,  3.72
 805,292.00,   23263,  2.37,    4775,  0.97,   18488,  3.76
 806,293.00,   23057,  2.35,    4432,  0.90,   18625,  3.79
 807,294.00,   22912,  2.33,    3980,  0.81,   18932,  3.85
 808,295.00,   22634,  2.30,    3477,  0.71,   19157,  3.90
 809,296.00,   22542,  2.29,    3183,  0.65,   19359,  3.94
 810,297.00,   21862,  2.22,    2575,  0.52,   19287,  3.92
 811,298.00,   21388,  2.18,    2356,  0.48,   19032,  3.87
 812,299.00,   22519,  2.29,    2614,  0.53,   19905,  4.05
 813,300.00,   23132,  2.35,    2224,  0.45,   20908,  4.25
 814,301.00,   22844,  2.32,    1557,  0.32,   21287,  4.33
 815,302.00,   22549,  2.29,    1015,  0.21,   21534,  4.38
 816,303.00,   21217,  2.16,     368,  0.07,   20849,  4.24
 817,304.00,   19440,  1.98,    -497, -0.10,   19937,  4.06
 818,305.00,   17921,  1.82,   -1442, -0.29,   19363,  3.94
 819,306.00,   17648,  1.80,   -2046, -0.42,   19694,  4.01
 820,307.00,   17861,  1.82,   -2309, -0.47,   20170,  4.10
 821,308.00,   17975,  1.83,   -2447, -0.50,   20422,  4.15
 822,309.00,   17161,  1.75,   -3087, -0.63,   20248,  4.12
 823,310.00,   15550,  1.58,   -3738, -0.76,   19288,  3.92
 824,311.00,   14570,  1.48,   -4322, -0.88,   18892,  3.84
 825,312.00,   13150,  1.34,   -5784, -1.18,   18934,  3.85
 826,313.00,   11816,  1.20,   -7308, -1.49,   19124,  3.89
 827,314.00,   11167,  1.14,   -7985, -1.62,   19152,  3.90
 828,315.00,   10737,  1.09,   -8075, -1.64,   18812,  3.83
 829,316.00,   10986,  1.12,   -8332, -1.70,   19318,  3.93
 830,317.00,   10917,  1.11,   -9116, -1.85,   20033,  4.08
 831,318.00,    9921,  1.01,   -9864, -2.01,   19785,  4.03
 832,319.00,    9453,  0.96,  -10206, -2.08,   19659,  4.00
 833,320.00,    8377,  0.85,  -10863, -2.21,   19240,  3.91
 834,321.00,    6845,  0.70,  -12124, -2.47,   18969,  3.86
 835,322.00,    5697,  0.58,  -13669, -2.78,   19366,  3.94
 836,323.00,    5421,  0.55,  -14345, -2.92,   19766,  4.02
 837,324.00,    6357,  0.65,  -13960, -2.84,   20317,  4.13
 838,325.00,    6756,  0.69,  -13922, -2.83,   20678,  4.21
 839,326.00,    6673,  0.68,  -13673, -2.78,   20346,  4.14
 840,327.00,    6141,  0.62,  -13622, -2.77,   19763,  4.02
 841,328.00,    6003,  0.61,  -13538, -2.75,   19541,  3.98
 842,329.00,    5900,  0.60,  -13245, -2.69,   19145,  3.90
 843,330.00,    6239,  0.63,  -13269, -2.70,   19508,  3.97
 844,331.00,    6653,  0.68,  -13344, -2.71,   19997,  4.07
 845,332.00,    6721,  0.68,  -13372, -2.72,   20093,  4.09
 846,333.00,    6062,  0.62,  -13483, -2.74,   19545,  3.98
 847,334.00,    6357,  0.65,  -12803, -2.60,   19160,  3.90
 848,335.00,    7356,  0.75,  -12045, -2.45,   19401,  3.95
 849,336.00,    8711,  0.89,  -11071, -2.25,   19782,  4.02
 850,337.00,    9725,  0.99,  -10298, -2.10,   20023,  4.07
 851,338.00,   10357,  1.05,   -9372, -1.91,   19729,  4.01
 852,339.00,   11553,  1.18,   -8142, -1.66,   19695,  4.01
 853,340.00,   11542,  1.17,   -7588, -1.54,   19130,  3.89
 854,341.00,   11495,  1.17,   -7112, -1.45,   18607,  3.79
 855,342.00,   13403,  1.36,   -5617, -1.14,   19020,  3.87
 856,343.00,   15751,  1.60,   -3620, -0.74,   19371,  3.94
 857,344.00,   17351,  1.77,   -2221, -0.45,   19572,  3.98
 858,345.00,   17641,  1.79,   -1934, -0.39,   19575,  3.98
 859,346.00,   17944,  1.83,   -1019, -0.21,   18963,  3.86
 860,347.00,   18312,  1.86,      37,  0.00,   18275,  3.72
 861,348.00,   17891,  1.82,     854,  0.17,   17037,  3.47
 862,349.00,   17382,  1.77,    1624,  0.33,   15758,  3.21
 863,350.00,   19053,  1.94,    2950,  0.60,   16103,  3.28
 864,351.00,   21281,  2.16,    4255,  0.87,   17026,  3.46
 865,352.00,   22693,  2.31,    5687,  1.16,   17006,  3.46
 866,353.00,   22962,  2.34,    6435,  1.31,   16527,  3.36
 867,354.00,   23516,  2.39,    7214,  1.47,   16302,  3.32
 868,355.00,   24638,  2.51,    8400,  1.71,   16238,  3.30
 869,356.00,   25430,  2.59,    9787,  1.99,   15643,  3.18
 870,357.00,   25289,  2.57,   11048,  2.25,   14241,  2.90
 871,358.00,   24577,  2.50,   11875,  2.42,   12702,  2.58
 872,359.00,   24433,  2.49,   12756,  2.60,   11677,  2.38
 873,360.00,   24085,  2.45,   13136,  2.67,   10949,  2.23
 874,361.00,   24178,  2.46,   13599,  2.77,   10579,  2.15
 875,362.00,   24980,  2.54,   14425,  2.93,   10555,  2.15
 876,363.00,   25999,  2.64,   15272,  3.11,   10727,  2.18
 877,364.00,   26137,  2.66,   15606,  3.18,   10531,  2.14
 878,365.00,   25546,  2.60,   15879,  3.23,    9667,  1.97
 879,366.00,   25805,  2.63,   16701,  3.40,    9104,  1.85
 880,367.00,   25833,  2.63,   17459,  3.55,    8374,  1.70
 881,368.00,   25737,  2.62,   18090,  3.68,    7647,  1.56
 882,369.00,   25330,  2.58,   18560,  3.78,    6770,  1.38
 883,370.00,   24972,  2.54,   19450,  3.96,    5522,  1.12
 884,371.00,   24246,  2.47,   19626,  3.99,    4620,  0.94
 885,372.00,   22935,  2.33,   19437,  3.95,    3498,  0.71
 886,373.00,   21754,  2.21,   19371,  3.94,    2383,  0.48
 887,374.00,   21857,  2.22,   20072,  4.08,    1785,  0.36
 888,375.00,   22395,  2.28,   20831,  4.24,    1564,  0.32
 889,376.00,   22207,  2.26,   21007,  4.27,    1200,  0.24
 890,377.00,   21058,  2.14,   20978,  4.27,      80,  0.02
 891,378.00,   20682,  2.10,   21091,  4.29,    -409, -0.08
 892,379.00,   20736,  2.11,   21326,  4.34,    -590, -0.12
 893,380.00,   21037,  2.14,   21763,  4.43,    -726, -0.15
 894,381.00,   21053,  2.14,   22722,  4.62,   -1669, -0.34
 895,382.00,   20903,  2.13,   23609,  4.80,   -2706, -0.55
 896,383.00,   19194,  1.95,   23342,  4.75,   -4148, -0.84
 897,384.00,   18010,  1.83,   23285,  4.74,   -5275, -1.07
 898,385.00,   16734,  1.70,   22923,  4.66,   -6189, -1.26
 899,386.00,   16255,  1.65,   22594,  4.60,   -6339, -1.29
 900,387.00,   15971,  1.62,   22359,  4.55,   -6388, -1.30
 901,388.00,   15772,  1.60,   22357,  4.55,   -6585, -1.34
 902,389.00,   14702,  1.50,   22110,  4.50,   -7408, -1.51
 903,390.00,   13367,  1.36,   22188,  4.51,   -8821, -1.79
 904,391.00,   11731,  1.19,   21706,  4.42,   -9975, -2.03
 905,392.00,   10653,  1.08,   21263,  4.33,  -10610, -2.16
 906,393.00,    9992,  1.02,   20592,  4.19,  -10600, -2.16
 907,394.00,    9052,  0.92,   19923,  4.05,  -10871, -2.21
 908,395.00,    8106,  0.82,   19837,  4.04,  -11731, -2.39
 909,396.00,    7078,  0.72,   19590,  3.99,  -12512, -2.55
 910,397.00,    5563,  0.57,   19013,  3.87,  -13450, -2.74
 911,398.00,    3699,  0.38,   17850,  3.63,  -14151, -2.88
 912,399.00,    1506,  0.15,   16040,  3.26,  -14534, -2.96
 913,400.00,   -1037, -0.11,   14339,  2.92,  -15376, -3.13
 914,401.00,   -2133, -0.22,   13628,  2.77,  -15761, -3.21
 915,402.00,   -1947, -0.20,   14022,  2.85,  -15969, -3.25
 916,403.00,   -2247, -0.23,   13778,  2.80,  -16025, -3.26
 917,404.00,   -2888, -0.29,   13420,  2.73,  -16308, -3.32
 918,405.00,   -3842, -0.39,   12877,  2.62,  -16719, -3.40
 919,406.00,   -4305, -0.44,   12436,  2.53,  -16741, -3.41
 920,407.00,   -3502, -0.36,   12800,  2.60,  -16302, -3.32
 921,408.00,   -3593, -0.37,   12533,  2.55,  -16126, -3.28
 922,409.00,   -3979, -0.40,   12318,  2.51,  -16297, -3.32
 923,410.00,   -2930, -0.30,   12999,  2.64,  -15929, -3.24
 924,411.00,   -1823, -0.19,   13351,  2.72,  -15174, -3.09
 925,412.00,   -2083, -0.21,   13133,  2.67,  -15216, -3.10
 926,413.00,   -1875, -0.19,   13253,  2.70,  -15128, -3.08
 927,414.00,   -1207, -0.12,   13653,  2.78,  -14860, -3.02
 928,415.00,    -226, -0.02,   14271,  2.90,  -14497, -2.95
 929,416.00,    -878, -0.09,   13843,  2.82,  -14721, -3.00
 930,417.00,    -978, -0.10,   13451,  2.74,  -14429, -2.94
 931,418.00,    -959, -0.10,   13317,  2.71,  -14276, -2.90
 932,419.00,    -361, -0.04,   13370,  2.72,  -13731, -2.79
 933,420.00,     606,  0.06,   13745,  2.80,  -13139, -2.67
 934,421.00,    1702,  0.17,   14142,  2.88,  -12440, -2.53
 935,422.00,    2899,  0.29,   14768,  3.00,  -11869, -2.41
 936,423.00,    4079,  0.41,   15320,  3.12,  -11241, -2.29
 937,424.00,    4904,  0.50,   15256,  3.10,  -10352, -2.11
 938,425.00,    4993,  0.51,   14825,  3.02,   -9832, -2.00
 939,426.00,    4128,  0.42,   14527,  2.96,  -10399, -2.12
 940,427.00,    4238,  0.43,   14635,  2.98,  -10397, -2.12
 941,428.00,    3863,  0.39,   14904,  3.03,  -11041, -2.25
 942,429.00,    3854,  0.39,   14948,  3.04,  -11094, -2.26
 943,430.00,    3814,  0.39,   14692,  2.99,  -10878, -2.21
 944,431.00,    3769,  0.38,   14431,  2.94,  -10662, -2.17
 945,432.00,    4166,  0.42,   14323,  2.91,  -10157, -2.07
 946,433.00,    3692,  0.38,   13835,  2.81,  -10143, -2.06
 947,434.00,    2812,  0.29,   13266,  2.70,  -10454, -2.13
 948,435.00,    1794,  0.18,   12340,  2.51,  -10546, -2.15
 949,436.00,    1416,  0.14,   11308,  2.30,   -9892, -2.01
 950,437.00,    1279,  0.13,   11400,  2.32,  -10121, -2.06
 951,438.00,     470,  0.05,   11661,  2.37,  -11191, -2.28
 952,439.00,   -1325, -0.13,   10964,  2.23,  -12289, -2.50
 953,440.00,   -3498, -0.36,    9922,  2.02,  -13420, -2.73
 954,441.00,   -5642, -0.57,    8903,  1.81,  -14545, -2.96
 955,442.00,   -7281, -0.74,    8079,  1.64,  -15360, -3.13
 956,443.00,   -9591, -0.98,    6835,  1.39,  -16426, -3.34
 957,444.00,  -11070, -1.13,    5637,  1.15,  -16707, -3.40
 958,445.00,  -11042, -1.12,    5441,  1.11,  -16483, -3.35
 959,446.00,  -11662, -1.19,    5172,  1.05,  -16834, -3.42
 960,447.00,  -12888, -1.31,    4345,  0.88,  -17233, -3.51
 961,448.00,  -13846, -1.41,    3869,  0.79,  -17715, -3.60
 962,449.00,  -16225, -1.65,    2869,  0.58,  -19094, -3.88
 963,450.00,  -19497, -1.98,    1493,  0.30,  -20990, -4.27
 964,451.00,  -22621, -2.30,     120,  0.02,  -22741, -4.63
 965,452.00,  -25327, -2.58,    -880, -0.18,  -24447, -4.97
 966,453.00,  -27141, -2.76,   -1761, -0.36,  -25380, -5.16
 967,454.00,  -28887, -2.94,   -2796, -0.57,  -26091, -5.31
 968,455.00,  -30944, -3.15,   -4647, -0.95,  -26297, -5.35
 969,456.00,  -32324, -3.29,   -6156, -1.25,  -26168, -5.32
 970,457.00,  -34164, -3.48,   -7576, -1.54,  -26588, -5.41
 971,458.00,  -36991, -3.76,   -9187, -1.87,  -27804, -5.66
 972,459.00,  -39097, -3.98,  -10594, -2.16,  -28503, -5.80
 973,460.00,  -39754, -4.04,  -11512, -2.34,  -28242, -5.75
 974,461.00,  -39816, -4.05,  -11617, -2.36,  -28199, -5.74
 975,462.00,  -41182, -4.19,  -12320, -2.51,  -28862, -5.87
 976,463.00,  -42935, -4.37,  -13014, -2.65,  -29921, -6.09
 977,464.00,  -44118, -4.49,  -13390, -2.72,  -30728, -6.25
 978,465.00,  -44272, -4.50,  -13861, -2.82,  -30411, -6.19
 979,466.00,  -44820, -4.56,  -14277, -2.90,  -30543, -6.21
 980,467.00,  -45015, -4.58,  -14435, -2.94,  -30580, -6.22
 981,468.00,  -45316, -4.61,  -15276, -3.11,  -30040, -6.11
 982,469.00,  -46352, -4.72,  -16766, -3.41,  -29586, -6.02
 983,470.00,  -46460, -4.73,  -17570, -3.57,  -28890, -5.88
 984,471.00,  -45774, -4.66,  -17760, -3.61,  -28014, -5.70
 985,472.00,  -45141, -4.59,  -17942, -3.65,  -27199, -5.53
 986,473.00,  -45065, -4.58,  -18149, -3.69,  -26916, -5.48
 987,474.00,  -45515, -4.63,  -18541, -3.77,  -26974, -5.49
 988,475.00,  -46273, -4.71,  -19133, -3.89,  -27140, -5.52
 989,476.00,  -46338, -4.71,  -19589, -3.99,  -26749, -5.44
 990,477.00,  -45442, -4.62,  -19579, -3.98,  -25863, -5.26
 991,478.00,  -45433, -4.62,  -19669, -4.00,  -25764, -5.24
 992,479.00,  -45877, -4.67,  -20638, -4.20,  -25239, -5.14
 993,480.00,  -47162, -4.80,  -21808, -4.44,  -25354, -5.16
 994,481.00,  -46860, -4.77,  -22023, -4.48,  -24837, -5.05
 995,482.00,  -46737, -4.75,  -22863, -4.65,  -23874, -4.86
 996,483.00,  -45605, -4.64,  -23064, -4.69,  -22541, -4.59
 997,484.00,  -44370, -4.51,  -22942, -4.67,  -21428, -4.36
 998,485.00,  -44063, -4.48,  -23312, -4.74,  -20751, -4.22
 999,486.00,  -43474, -4.42,  -23517, -4.78,  -19957, -4.06
1000,487.00,  -41800, -4.25,  -22531, -4.58,  -19269, -3.92
1001,488.00,  -40854, -4.16,  -21996, -4.48,  -18858, -3.84
1002,489.00,  -41865, -4.26,  -22997, -4.68,  -18868, -3.84
1003,490.00,  -42320, -4.31,  -23635, -4.81,  -18685, -3.80
1004,491.00,  -42715, -4.35,  -24408, -4.97,  -18307, -3.72
1005,492.00,  -43613, -4.44,  -24965, -5.08,  -18648, -3.79
1006,493.00,  -44396, -4.52,  -25112, -5.11,  -19284, -3.92
1007,494.00,  -44214, -4.50,  -24653, -5.02,  -19561, -3.98
1008,495.00,  -43597, -4.44,  -24016, -4.89,  -19581, -3.98
1009,496.00,  -43606, -4.44,  -24114, -4.91,  -19492, -3.97
1010,497.00,  -43230, -4.40,  -23933, -4.87,  -19297, -3.93
1011,498.00,  -43697, -4.45,  -24016, -4.89,  -19681, -4.00
1012,499.00,  -44653, -4.54,  -24678, -5.02,  -19975, -4.06
1013,500.00,  -44587, -4.54,  -24999, -5.09,  -19588, -3.99
1014,501.00,  -44456, -4.52,  -24700, -5.03,  -19756, -4.02
1015,502.00,  -45164, -4.59,  -24759, -5.04,  -20405, -4.15
1016,503.00,  -44517, -4.53,  -24315, -4.95,  -20202, -4.11
1017,504.00,  -44112, -4.49,  -23588, -4.80,  -20524, -4.18
1018,505.00,  -43963, -4.47,  -23186, -4.72,  -20777, -4.23
1019,506.00,  -43350, -4.41,  -22677, -4.61,  -20673, -4.21
1020,507.00,  -42819, -4.36,  -22667, -4.61,  -20152, -4.10
1021,508.00,  -41665, -4.24,  -22702, -4.62,  -18963, -3.86
1022,509.00,  -40101, -4.08,  -21920, -4.46,  -18181, -3.70
1023,510.00,  -38653, -3.93,  -21035, -4.28,  -17618, -3.58
1024,511.00,  -36736, -3.74,  -20061, -4.08,  -16675, -3.39
