-----------------------------------------------------------------------------------
Identifier:,IHS5922-2018A501
File Name:,LFLP70B.11
Ear:,L
Channel:,2
Intensity:,70 dB HL
Stim. Rate:,  1.10/s
Stim. Mode:,0
Sweeps:,176
Artifacts:,61
Smp. Period:,1000.00 us
Amp. Gain:, 50.00 K
Low Pass:, 30.00 Hz
High Pass:,  1.00 Hz
Notch Filter:,TRUE
Stimulus:,100
Stim. Freq.:,1000 Hz
Stim. Dur.:,2000 pnts
Masking:,0 dB SPL
Stim. Point:,513
-----------------------------------------------------------------------------------
Peak Information:,Label,Peak(+),Peak(+)(ms),Peak(-),Peak(-)(ms)
,20, 734,221.00, 775,262.00,
,19, 690,177.00, 734,221.00,
,18, 615,102.00, 690,177.00,
-----------------------------------------------------------------------------------


Data Pnt:,Data Pnt(ms):,Average:,Average(uV):,Buffer1:,Buffer1(uV):,Buffer2:,Buffer2(uV):
   1,-512.00,       0,  0.00,       0,  0.00,       0,  0.00
   2,-511.00,       0,  0.00,       0,  0.00,       0,  0.00
   3,-510.00,       0,  0.00,       0,  0.00,       0,  0.00
   4,-509.00,       0,  0.00,       0,  0.00,       0,  0.00
   5,-508.00,       0,  0.00,       0,  0.00,       0,  0.00
   6,-507.00,       0,  0.00,       0,  0.00,       0,  0.00
   7,-506.00,       0,  0.00,       0,  0.00,       0,  0.00
   8,-505.00,       0,  0.00,       0,  0.00,       0,  0.00
   9,-504.00,       0,  0.00,       0,  0.00,       0,  0.00
  10,-503.00,       0,  0.00,       0,  0.00,       0,  0.00
  11,-502.00,       0,  0.00,       0,  0.00,       0,  0.00
  12,-501.00,       0,  0.00,       0,  0.00,       0,  0.00
  13,-500.00,       0,  0.00,       0,  0.00,       0,  0.00
  14,-499.00,       0,  0.00,       0,  0.00,       0,  0.00
  15,-498.00,       0,  0.00,       0,  0.00,       0,  0.00
  16,-497.00,       0,  0.00,       0,  0.00,       0,  0.00
  17,-496.00,       0,  0.00,       0,  0.00,       0,  0.00
  18,-495.00,       0,  0.00,       0,  0.00,       0,  0.00
  19,-494.00,       0,  0.00,       0,  0.00,       0,  0.00
  20,-493.00,       0,  0.00,       0,  0.00,       0,  0.00
  21,-492.00,       0,  0.00,       0,  0.00,       0,  0.00
  22,-491.00,       0,  0.00,       0,  0.00,       0,  0.00
  23,-490.00,       0,  0.00,       0,  0.00,       0,  0.00
  24,-489.00,       0,  0.00,       0,  0.00,       0,  0.00
  25,-488.00,       0,  0.00,       0,  0.00,       0,  0.00
  26,-487.00,       0,  0.00,       0,  0.00,       0,  0.00
  27,-486.00,       0,  0.00,       0,  0.00,       0,  0.00
  28,-485.00,       0,  0.00,       0,  0.00,       0,  0.00
  29,-484.00,       0,  0.00,       0,  0.00,       0,  0.00
  30,-483.00,       0,  0.00,       0,  0.00,       0,  0.00
  31,-482.00,       0,  0.00,       0,  0.00,       0,  0.00
  32,-481.00,       0,  0.00,       0,  0.00,       0,  0.00
  33,-480.00,       0,  0.00,       0,  0.00,       0,  0.00
  34,-479.00,       0,  0.00,       0,  0.00,       0,  0.00
  35,-478.00,       0,  0.00,       0,  0.00,       0,  0.00
  36,-477.00,       0,  0.00,       0,  0.00,       0,  0.00
  37,-476.00,       0,  0.00,       0,  0.00,       0,  0.00
  38,-475.00,       0,  0.00,       0,  0.00,       0,  0.00
  39,-474.00,       0,  0.00,       0,  0.00,       0,  0.00
  40,-473.00,       0,  0.00,       0,  0.00,       0,  0.00
  41,-472.00,       0,  0.00,       0,  0.00,       0,  0.00
  42,-471.00,       0,  0.00,       0,  0.00,       0,  0.00
  43,-470.00,       0,  0.00,       0,  0.00,       0,  0.00
  44,-469.00,       0,  0.00,       0,  0.00,       0,  0.00
  45,-468.00,       0,  0.00,       0,  0.00,       0,  0.00
  46,-467.00,       0,  0.00,       0,  0.00,       0,  0.00
  47,-466.00,       0,  0.00,       0,  0.00,       0,  0.00
  48,-465.00,       0,  0.00,       0,  0.00,       0,  0.00
  49,-464.00,       0,  0.00,       0,  0.00,       0,  0.00
  50,-463.00,       0,  0.00,       0,  0.00,       0,  0.00
  51,-462.00,       0,  0.00,       0,  0.00,       0,  0.00
  52,-461.00,       0,  0.00,       0,  0.00,       0,  0.00
  53,-460.00,       0,  0.00,       0,  0.00,       0,  0.00
  54,-459.00,       0,  0.00,       0,  0.00,       0,  0.00
  55,-458.00,       0,  0.00,       0,  0.00,       0,  0.00
  56,-457.00,       0,  0.00,       0,  0.00,       0,  0.00
  57,-456.00,       0,  0.00,       0,  0.00,       0,  0.00
  58,-455.00,       0,  0.00,       0,  0.00,       0,  0.00
  59,-454.00,       0,  0.00,       0,  0.00,       0,  0.00
  60,-453.00,       0,  0.00,       0,  0.00,       0,  0.00
  61,-452.00,       0,  0.00,       0,  0.00,       0,  0.00
  62,-451.00,       0,  0.00,       0,  0.00,       0,  0.00
  63,-450.00,       0,  0.00,       0,  0.00,       0,  0.00
  64,-449.00,       0,  0.00,       0,  0.00,       0,  0.00
  65,-448.00,       0,  0.00,       0,  0.00,       0,  0.00
  66,-447.00,       0,  0.00,       0,  0.00,       0,  0.00
  67,-446.00,       0,  0.00,       0,  0.00,       0,  0.00
  68,-445.00,       0,  0.00,       0,  0.00,       0,  0.00
  69,-444.00,       0,  0.00,       0,  0.00,       0,  0.00
  70,-443.00,       0,  0.00,       0,  0.00,       0,  0.00
  71,-442.00,       0,  0.00,       0,  0.00,       0,  0.00
  72,-441.00,       0,  0.00,       0,  0.00,       0,  0.00
  73,-440.00,       0,  0.00,       0,  0.00,       0,  0.00
  74,-439.00,       0,  0.00,       0,  0.00,       0,  0.00
  75,-438.00,       0,  0.00,       0,  0.00,       0,  0.00
  76,-437.00,       0,  0.00,       0,  0.00,       0,  0.00
  77,-436.00,       0,  0.00,       0,  0.00,       0,  0.00
  78,-435.00,       0,  0.00,       0,  0.00,       0,  0.00
  79,-434.00,       0,  0.00,       0,  0.00,       0,  0.00
  80,-433.00,       0,  0.00,       0,  0.00,       0,  0.00
  81,-432.00,       0,  0.00,       0,  0.00,       0,  0.00
  82,-431.00,       0,  0.00,       0,  0.00,       0,  0.00
  83,-430.00,       0,  0.00,       0,  0.00,       0,  0.00
  84,-429.00,       0,  0.00,       0,  0.00,       0,  0.00
  85,-428.00,       0,  0.00,       0,  0.00,       0,  0.00
  86,-427.00,       0,  0.00,       0,  0.00,       0,  0.00
  87,-426.00,       0,  0.00,       0,  0.00,       0,  0.00
  88,-425.00,       0,  0.00,       0,  0.00,       0,  0.00
  89,-424.00,       0,  0.00,       0,  0.00,       0,  0.00
  90,-423.00,       0,  0.00,       0,  0.00,       0,  0.00
  91,-422.00,       0,  0.00,       0,  0.00,       0,  0.00
  92,-421.00,       0,  0.00,       0,  0.00,       0,  0.00
  93,-420.00,       0,  0.00,       0,  0.00,       0,  0.00
  94,-419.00,       0,  0.00,       0,  0.00,       0,  0.00
  95,-418.00,       0,  0.00,       0,  0.00,       0,  0.00
  96,-417.00,       0,  0.00,       0,  0.00,       0,  0.00
  97,-416.00,       0,  0.00,       0,  0.00,       0,  0.00
  98,-415.00,       0,  0.00,       0,  0.00,       0,  0.00
  99,-414.00,       0,  0.00,       0,  0.00,       0,  0.00
 100,-413.00,       0,  0.00,       0,  0.00,       0,  0.00
 101,-412.00,       0,  0.00,       0,  0.00,       0,  0.00
 102,-411.00,       0,  0.00,       0,  0.00,       0,  0.00
 103,-410.00,       0,  0.00,       0,  0.00,       0,  0.00
 104,-409.00,       0,  0.00,       0,  0.00,       0,  0.00
 105,-408.00,       0,  0.00,       0,  0.00,       0,  0.00
 106,-407.00,       0,  0.00,       0,  0.00,       0,  0.00
 107,-406.00,       0,  0.00,       0,  0.00,       0,  0.00
 108,-405.00,       0,  0.00,       0,  0.00,       0,  0.00
 109,-404.00,       0,  0.00,       0,  0.00,       0,  0.00
 110,-403.00,       0,  0.00,       0,  0.00,       0,  0.00
 111,-402.00,       0,  0.00,       0,  0.00,       0,  0.00
 112,-401.00,       0,  0.00,       0,  0.00,       0,  0.00
 113,-400.00,       0,  0.00,       0,  0.00,       0,  0.00
 114,-399.00,       0,  0.00,       0,  0.00,       0,  0.00
 115,-398.00,       0,  0.00,       0,  0.00,       0,  0.00
 116,-397.00,   21230,  0.74,     271,  0.02,   20959,  1.45
 117,-396.00,   21290,  0.74,     282,  0.02,   21008,  1.46
 118,-395.00,   21204,  0.74,      90,  0.00,   21114,  1.46
 119,-394.00,   19507,  0.68,   -1188, -0.08,   20695,  1.44
 120,-393.00,   17065,  0.59,   -2954, -0.20,   20019,  1.39
 121,-392.00,   14028,  0.49,   -4580, -0.32,   18608,  1.29
 122,-391.00,   11666,  0.40,   -5497, -0.38,   17163,  1.19
 123,-390.00,    9946,  0.34,   -6180, -0.43,   16126,  1.12
 124,-389.00,    8641,  0.30,   -6995, -0.49,   15636,  1.08
 125,-388.00,    7009,  0.24,   -7372, -0.51,   14381,  1.00
 126,-387.00,    5936,  0.21,   -7536, -0.52,   13472,  0.93
 127,-386.00,    4724,  0.16,   -7785, -0.54,   12509,  0.87
 128,-385.00,    3426,  0.12,   -8457, -0.59,   11883,  0.82
 129,-384.00,    1940,  0.07,   -9743, -0.68,   11683,  0.81
 130,-383.00,   -1652, -0.06,  -12891, -0.89,   11239,  0.78
 131,-382.00,   -5037, -0.17,  -15119, -1.05,   10082,  0.70
 132,-381.00,   -7104, -0.25,  -16546, -1.15,    9442,  0.65
 133,-380.00,   -8614, -0.30,  -18048, -1.25,    9434,  0.65
 134,-379.00,  -10716, -0.37,  -19835, -1.38,    9119,  0.63
 135,-378.00,  -13527, -0.47,  -21900, -1.52,    8373,  0.58
 136,-377.00,  -15975, -0.55,  -23739, -1.65,    7764,  0.54
 137,-376.00,  -17431, -0.60,  -24527, -1.70,    7096,  0.49
 138,-375.00,  -20153, -0.70,  -26365, -1.83,    6212,  0.43
 139,-374.00,  -22513, -0.78,  -27545, -1.91,    5032,  0.35
 140,-373.00,  -25146, -0.87,  -28700, -1.99,    3554,  0.25
 141,-372.00,  -26679, -0.93,  -29629, -2.06,    2950,  0.20
 142,-371.00,  -27942, -0.97,  -30401, -2.11,    2459,  0.17
 143,-370.00,  -29687, -1.03,  -30444, -2.11,     757,  0.05
 144,-369.00,  -30944, -1.07,  -29474, -2.04,   -1470, -0.10
 145,-368.00,  -30604, -1.06,  -27889, -1.93,   -2715, -0.19
 146,-367.00,  -32291, -1.12,  -28083, -1.95,   -4208, -0.29
 147,-366.00,  -35758, -1.24,  -29061, -2.02,   -6697, -0.46
 148,-365.00,  -40628, -1.41,  -31082, -2.16,   -9546, -0.66
 149,-364.00,  -44564, -1.55,  -32265, -2.24,  -12299, -0.85
 150,-363.00,  -46400, -1.61,  -31774, -2.20,  -14626, -1.01
 151,-362.00,  -46232, -1.60,  -30457, -2.11,  -15775, -1.09
 152,-361.00,  -46094, -1.60,  -28996, -2.01,  -17098, -1.19
 153,-360.00,  -46512, -1.61,  -27867, -1.93,  -18645, -1.29
 154,-359.00,  -47363, -1.64,  -26937, -1.87,  -20426, -1.42
 155,-358.00,  -47627, -1.65,  -25736, -1.79,  -21891, -1.52
 156,-357.00,  -48262, -1.67,  -25237, -1.75,  -23025, -1.60
 157,-356.00,  -48033, -1.67,  -24580, -1.70,  -23453, -1.63
 158,-355.00,  -48649, -1.69,  -25561, -1.77,  -23088, -1.60
 159,-354.00,  -49259, -1.71,  -26188, -1.82,  -23071, -1.60
 160,-353.00,  -49197, -1.71,  -26294, -1.82,  -22903, -1.59
 161,-352.00,  -49836, -1.73,  -26764, -1.86,  -23072, -1.60
 162,-351.00,  -49351, -1.71,  -25812, -1.79,  -23539, -1.63
 163,-350.00,  -47149, -1.64,  -23578, -1.64,  -23571, -1.63
 164,-349.00,  -44732, -1.55,  -21395, -1.48,  -23337, -1.62
 165,-348.00,  -43557, -1.51,  -19924, -1.38,  -23633, -1.64
 166,-347.00,  -41609, -1.44,  -18504, -1.28,  -23105, -1.60
 167,-346.00,  -41406, -1.44,  -18476, -1.28,  -22930, -1.59
 168,-345.00,  -41315, -1.43,  -19158, -1.33,  -22157, -1.54
 169,-344.00,  -40105, -1.39,  -18811, -1.30,  -21294, -1.48
 170,-343.00,  -37991, -1.32,  -18139, -1.26,  -19852, -1.38
 171,-342.00,  -35629, -1.24,  -17115, -1.19,  -18514, -1.28
 172,-341.00,  -34288, -1.19,  -16340, -1.13,  -17948, -1.24
 173,-340.00,  -34323, -1.19,  -16094, -1.12,  -18229, -1.26
 174,-339.00,  -33468, -1.16,  -15238, -1.06,  -18230, -1.26
 175,-338.00,  -32058, -1.11,  -14380, -1.00,  -17678, -1.23
 176,-337.00,  -31243, -1.08,  -14269, -0.99,  -16974, -1.18
 177,-336.00,  -28405, -0.99,  -13194, -0.92,  -15211, -1.06
 178,-335.00,  -25224, -0.87,  -11788, -0.82,  -13436, -0.93
 179,-334.00,  -22857, -0.79,  -10803, -0.75,  -12054, -0.84
 180,-333.00,  -20282, -0.70,   -9346, -0.65,  -10936, -0.76
 181,-332.00,  -17182, -0.60,   -7981, -0.55,   -9201, -0.64
 182,-331.00,  -14306, -0.50,   -6691, -0.46,   -7615, -0.53
 183,-330.00,  -10854, -0.38,   -4070, -0.28,   -6784, -0.47
 184,-329.00,   -7511, -0.26,   -1642, -0.11,   -5869, -0.41
 185,-328.00,   -5000, -0.17,      14,  0.00,   -5014, -0.35
 186,-327.00,   -2125, -0.07,    1179,  0.08,   -3304, -0.23
 187,-326.00,     962,  0.03,    2448,  0.17,   -1486, -0.10
 188,-325.00,    4283,  0.15,    3429,  0.24,     854,  0.06
 189,-324.00,    7477,  0.26,    4295,  0.30,    3182,  0.22
 190,-323.00,   10202,  0.35,    5187,  0.36,    5015,  0.35
 191,-322.00,   11988,  0.42,    5541,  0.38,    6447,  0.45
 192,-321.00,   14709,  0.51,    6479,  0.45,    8230,  0.57
 193,-320.00,   17546,  0.61,    7793,  0.54,    9753,  0.68
 194,-319.00,   21462,  0.74,    9752,  0.68,   11710,  0.81
 195,-318.00,   24091,  0.84,   10867,  0.75,   13224,  0.92
 196,-317.00,   26117,  0.91,   11339,  0.79,   14778,  1.03
 197,-316.00,   26633,  0.92,   10973,  0.76,   15660,  1.09
 198,-315.00,   27434,  0.95,   11111,  0.77,   16323,  1.13
 199,-314.00,   27979,  0.97,   11371,  0.79,   16608,  1.15
 200,-313.00,   28509,  0.99,   11442,  0.79,   17067,  1.18
 201,-312.00,   30526,  1.06,   11955,  0.83,   18571,  1.29
 202,-311.00,   32153,  1.12,   12354,  0.86,   19799,  1.37
 203,-310.00,   33769,  1.17,   12404,  0.86,   21365,  1.48
 204,-309.00,   35045,  1.22,   12532,  0.87,   22513,  1.56
 205,-308.00,   35623,  1.24,   13317,  0.92,   22306,  1.55
 206,-307.00,   37043,  1.28,   14761,  1.02,   22282,  1.55
 207,-306.00,   37280,  1.29,   15334,  1.06,   21946,  1.52
 208,-305.00,   36561,  1.27,   15008,  1.04,   21553,  1.49
 209,-304.00,   36146,  1.25,   14360,  1.00,   21786,  1.51
 210,-303.00,   36531,  1.27,   13375,  0.93,   23156,  1.61
 211,-302.00,   36686,  1.27,   12804,  0.89,   23882,  1.66
 212,-301.00,   36441,  1.26,   12320,  0.85,   24121,  1.67
 213,-300.00,   34946,  1.21,   11137,  0.77,   23809,  1.65
 214,-299.00,   33565,  1.16,    9865,  0.68,   23700,  1.64
 215,-298.00,   31621,  1.10,    8820,  0.61,   22801,  1.58
 216,-297.00,   30071,  1.04,    8602,  0.60,   21469,  1.49
 217,-296.00,   28034,  0.97,    7650,  0.53,   20384,  1.41
 218,-295.00,   25578,  0.89,    6702,  0.46,   18876,  1.31
 219,-294.00,   22705,  0.79,    5914,  0.41,   16791,  1.16
 220,-293.00,   18999,  0.66,    4878,  0.34,   14121,  0.98
 221,-292.00,   16648,  0.58,    3979,  0.28,   12669,  0.88
 222,-291.00,   14347,  0.50,    2864,  0.20,   11483,  0.80
 223,-290.00,   11935,  0.41,    1731,  0.12,   10204,  0.71
 224,-289.00,    9097,  0.32,     982,  0.07,    8115,  0.56
 225,-288.00,    5884,  0.20,     191,  0.01,    5693,  0.39
 226,-287.00,    3287,  0.11,     209,  0.01,    3078,  0.21
 227,-286.00,     663,  0.02,     453,  0.03,     210,  0.01
 228,-285.00,   -1480, -0.05,     597,  0.04,   -2077, -0.14
 229,-284.00,   -3343, -0.12,     227,  0.02,   -3570, -0.25
 230,-283.00,   -5784, -0.20,      26,  0.00,   -5810, -0.40
 231,-282.00,   -9074, -0.31,   -1042, -0.07,   -8032, -0.56
 232,-281.00,  -12278, -0.43,   -2312, -0.16,   -9966, -0.69
 233,-280.00,  -15506, -0.54,   -3124, -0.22,  -12382, -0.86
 234,-279.00,  -18082, -0.63,   -3503, -0.24,  -14579, -1.01
 235,-278.00,  -21305, -0.74,   -4696, -0.33,  -16609, -1.15
 236,-277.00,  -25237, -0.88,   -6305, -0.44,  -18932, -1.31
 237,-276.00,  -29121, -1.01,   -7070, -0.49,  -22051, -1.53
 238,-275.00,  -32332, -1.12,   -6787, -0.47,  -25545, -1.77
 239,-274.00,  -36977, -1.28,   -8511, -0.59,  -28466, -1.97
 240,-273.00,  -41705, -1.45,  -10953, -0.76,  -30752, -2.13
 241,-272.00,  -46273, -1.60,  -13350, -0.93,  -32923, -2.28
 242,-271.00,  -51341, -1.78,  -15565, -1.08,  -35776, -2.48
 243,-270.00,  -57802, -2.00,  -18369, -1.27,  -39433, -2.74
 244,-269.00,  -62017, -2.15,  -20094, -1.39,  -41923, -2.91
 245,-268.00,  -64258, -2.23,  -20594, -1.43,  -43664, -3.03
 246,-267.00,  -66818, -2.32,  -21769, -1.51,  -45049, -3.12
 247,-266.00,  -68978, -2.39,  -23528, -1.63,  -45450, -3.15
 248,-265.00,  -71231, -2.47,  -24744, -1.72,  -46487, -3.22
 249,-264.00,  -73432, -2.55,  -25439, -1.76,  -47993, -3.33
 250,-263.00,  -76531, -2.65,  -27213, -1.89,  -49318, -3.42
 251,-262.00,  -79151, -2.74,  -29224, -2.03,  -49927, -3.46
 252,-261.00,  -81851, -2.84,  -31306, -2.17,  -50545, -3.51
 253,-260.00,  -82553, -2.86,  -31808, -2.21,  -50745, -3.52
 254,-259.00,  -84023, -2.91,  -33058, -2.29,  -50965, -3.53
 255,-258.00,  -86415, -3.00,  -35275, -2.45,  -51140, -3.55
 256,-257.00,  -87058, -3.02,  -36926, -2.56,  -50132, -3.48
 257,-256.00,  -87500, -3.03,  -38606, -2.68,  -48894, -3.39
 258,-255.00,  -88315, -3.06,  -40062, -2.78,  -48253, -3.35
 259,-254.00,  -87627, -3.04,  -40949, -2.84,  -46678, -3.24
 260,-253.00,  -86956, -3.02,  -41452, -2.88,  -45504, -3.16
 261,-252.00,  -86431, -3.00,  -42574, -2.95,  -43857, -3.04
 262,-251.00,  -87399, -3.03,  -44414, -3.08,  -42985, -2.98
 263,-250.00,  -88423, -3.07,  -45356, -3.15,  -43067, -2.99
 264,-249.00,  -88684, -3.08,  -46075, -3.20,  -42609, -2.96
 265,-248.00,  -87899, -3.05,  -45906, -3.18,  -41993, -2.91
 266,-247.00,  -86716, -3.01,  -45882, -3.18,  -40834, -2.83
 267,-246.00,  -84772, -2.94,  -45613, -3.16,  -39159, -2.72
 268,-245.00,  -82439, -2.86,  -44254, -3.07,  -38185, -2.65
 269,-244.00,  -80785, -2.80,  -43318, -3.00,  -37467, -2.60
 270,-243.00,  -79878, -2.77,  -43390, -3.01,  -36488, -2.53
 271,-242.00,  -77813, -2.70,  -42212, -2.93,  -35601, -2.47
 272,-241.00,  -76422, -2.65,  -41313, -2.87,  -35109, -2.44
 273,-240.00,  -75333, -2.61,  -40764, -2.83,  -34569, -2.40
 274,-239.00,  -73565, -2.55,  -40245, -2.79,  -33320, -2.31
 275,-238.00,  -72166, -2.50,  -40194, -2.79,  -31972, -2.22
 276,-237.00,  -70149, -2.43,  -39320, -2.73,  -30829, -2.14
 277,-236.00,  -68568, -2.38,  -38152, -2.65,  -30416, -2.11
 278,-235.00,  -67153, -2.33,  -37214, -2.58,  -29939, -2.08
 279,-234.00,  -64176, -2.23,  -35465, -2.46,  -28711, -1.99
 280,-233.00,  -61345, -2.13,  -33938, -2.35,  -27407, -1.90
 281,-232.00,  -58723, -2.04,  -32499, -2.25,  -26224, -1.82
 282,-231.00,  -57679, -2.00,  -32527, -2.26,  -25152, -1.74
 283,-230.00,  -56831, -1.97,  -32978, -2.29,  -23853, -1.65
 284,-229.00,  -54994, -1.91,  -32843, -2.28,  -22151, -1.54
 285,-228.00,  -53320, -1.85,  -32468, -2.25,  -20852, -1.45
 286,-227.00,  -52100, -1.81,  -32959, -2.29,  -19141, -1.33
 287,-226.00,  -50930, -1.77,  -32940, -2.28,  -17990, -1.25
 288,-225.00,  -48657, -1.69,  -32188, -2.23,  -16469, -1.14
 289,-224.00,  -46109, -1.60,  -30764, -2.13,  -15345, -1.06
 290,-223.00,  -42930, -1.49,  -29008, -2.01,  -13922, -0.97
 291,-222.00,  -40011, -1.39,  -27064, -1.88,  -12947, -0.90
 292,-221.00,  -38298, -1.33,  -26091, -1.81,  -12207, -0.85
 293,-220.00,  -36033, -1.25,  -25208, -1.75,  -10825, -0.75
 294,-219.00,  -34160, -1.18,  -24996, -1.73,   -9164, -0.64
 295,-218.00,  -32490, -1.13,  -24788, -1.72,   -7702, -0.53
 296,-217.00,  -30273, -1.05,  -23653, -1.64,   -6620, -0.46
 297,-216.00,  -28556, -0.99,  -23230, -1.61,   -5326, -0.37
 298,-215.00,  -27424, -0.95,  -22981, -1.59,   -4443, -0.31
 299,-214.00,  -25710, -0.89,  -21835, -1.51,   -3875, -0.27
 300,-213.00,  -22335, -0.77,  -19728, -1.37,   -2607, -0.18
 301,-212.00,  -18209, -0.63,  -17945, -1.24,    -264, -0.02
 302,-211.00,  -15144, -0.53,  -17222, -1.19,    2078,  0.14
 303,-210.00,  -14148, -0.49,  -17808, -1.24,    3660,  0.25
 304,-209.00,  -14347, -0.50,  -18786, -1.30,    4439,  0.31
 305,-208.00,  -14388, -0.50,  -19589, -1.36,    5201,  0.36
 306,-207.00,  -11850, -0.41,  -18633, -1.29,    6783,  0.47
 307,-206.00,   -8933, -0.31,  -16750, -1.16,    7817,  0.54
 308,-205.00,   -7240, -0.25,  -15311, -1.06,    8071,  0.56
 309,-204.00,   -6633, -0.23,  -15125, -1.05,    8492,  0.59
 310,-203.00,   -6662, -0.23,  -15589, -1.08,    8927,  0.62
 311,-202.00,   -6086, -0.21,  -15830, -1.10,    9744,  0.68
 312,-201.00,   -4886, -0.17,  -14705, -1.02,    9819,  0.68
 313,-200.00,   -4203, -0.15,  -13294, -0.92,    9091,  0.63
 314,-199.00,   -4180, -0.14,  -11940, -0.83,    7760,  0.54
 315,-198.00,   -3203, -0.11,  -10662, -0.74,    7459,  0.52
 316,-197.00,   -2364, -0.08,   -9789, -0.68,    7425,  0.51
 317,-196.00,    -311, -0.01,   -7955, -0.55,    7644,  0.53
 318,-195.00,    1109,  0.04,   -6065, -0.42,    7174,  0.50
 319,-194.00,    2058,  0.07,   -4457, -0.31,    6515,  0.45
 320,-193.00,    1786,  0.06,   -3843, -0.27,    5629,  0.39
 321,-192.00,     573,  0.02,   -4178, -0.29,    4751,  0.33
 322,-191.00,    -672, -0.02,   -4145, -0.29,    3473,  0.24
 323,-190.00,     381,  0.01,   -2893, -0.20,    3274,  0.23
 324,-189.00,    2177,  0.08,   -1768, -0.12,    3945,  0.27
 325,-188.00,    4354,  0.15,    -254, -0.02,    4608,  0.32
 326,-187.00,    4579,  0.16,     157,  0.01,    4422,  0.31
 327,-186.00,    4746,  0.16,     213,  0.01,    4533,  0.31
 328,-185.00,    4351,  0.15,    -441, -0.03,    4792,  0.33
 329,-184.00,    4486,  0.16,    -355, -0.02,    4841,  0.34
 330,-183.00,    5079,  0.18,    -374, -0.03,    5453,  0.38
 331,-182.00,    5853,  0.20,    -579, -0.04,    6432,  0.45
 332,-181.00,    7876,  0.27,     457,  0.03,    7419,  0.51
 333,-180.00,    9594,  0.33,    1387,  0.10,    8207,  0.57
 334,-179.00,   11391,  0.40,    3011,  0.21,    8380,  0.58
 335,-178.00,   13083,  0.45,    4684,  0.32,    8399,  0.58
 336,-177.00,   12944,  0.45,    4978,  0.35,    7966,  0.55
 337,-176.00,   11420,  0.40,    4244,  0.29,    7176,  0.50
 338,-175.00,   10742,  0.37,    4070,  0.28,    6672,  0.46
 339,-174.00,   11791,  0.41,    4961,  0.34,    6830,  0.47
 340,-173.00,   11961,  0.41,    4920,  0.34,    7041,  0.49
 341,-172.00,   12578,  0.44,    4780,  0.33,    7798,  0.54
 342,-171.00,   12753,  0.44,    4270,  0.30,    8483,  0.59
 343,-170.00,   11448,  0.40,    3671,  0.25,    7777,  0.54
 344,-169.00,    9822,  0.34,    2646,  0.18,    7176,  0.50
 345,-168.00,    8647,  0.30,    1806,  0.13,    6841,  0.47
 346,-167.00,    8891,  0.31,    1792,  0.12,    7099,  0.49
 347,-166.00,    8215,  0.28,     511,  0.04,    7704,  0.53
 348,-165.00,    6376,  0.22,    -969, -0.07,    7345,  0.51
 349,-164.00,    5160,  0.18,   -1708, -0.12,    6868,  0.48
 350,-163.00,    4956,  0.17,   -1719, -0.12,    6675,  0.46
 351,-162.00,    4757,  0.16,   -1801, -0.12,    6558,  0.45
 352,-161.00,    5034,  0.17,   -1415, -0.10,    6449,  0.45
 353,-160.00,    5269,  0.18,   -1403, -0.10,    6672,  0.46
 354,-159.00,    5541,  0.19,   -1164, -0.08,    6705,  0.47
 355,-158.00,    6368,  0.22,    -458, -0.03,    6826,  0.47
 356,-157.00,    8336,  0.29,     875,  0.06,    7461,  0.52
 357,-156.00,    9159,  0.32,    2234,  0.15,    6925,  0.48
 358,-155.00,    9374,  0.33,    3138,  0.22,    6236,  0.43
 359,-154.00,    8574,  0.30,    3316,  0.23,    5258,  0.36
 360,-153.00,    7374,  0.26,    2520,  0.17,    4854,  0.34
 361,-152.00,    6504,  0.23,    2938,  0.20,    3566,  0.25
 362,-151.00,    6376,  0.22,    3671,  0.25,    2705,  0.19
 363,-150.00,    6662,  0.23,    4725,  0.33,    1937,  0.13
 364,-149.00,    5929,  0.21,    4884,  0.34,    1045,  0.07
 365,-148.00,    4670,  0.16,    3725,  0.26,     945,  0.07
 366,-147.00,    3213,  0.11,    2583,  0.18,     630,  0.04
 367,-146.00,     717,  0.02,    1012,  0.07,    -295, -0.02
 368,-145.00,   -1547, -0.05,    -564, -0.04,    -983, -0.07
 369,-144.00,   -2688, -0.09,   -1125, -0.08,   -1563, -0.11
 370,-143.00,   -3091, -0.11,    -763, -0.05,   -2328, -0.16
 371,-142.00,   -2687, -0.09,     168,  0.01,   -2855, -0.20
 372,-141.00,   -2032, -0.07,    1616,  0.11,   -3648, -0.25
 373,-140.00,   -2503, -0.09,    2022,  0.14,   -4525, -0.31
 374,-139.00,   -3510, -0.12,    2409,  0.17,   -5919, -0.41
 375,-138.00,   -4087, -0.14,    3208,  0.22,   -7295, -0.51
 376,-137.00,   -4325, -0.15,    4361,  0.30,   -8686, -0.60
 377,-136.00,   -4214, -0.15,    5773,  0.40,   -9987, -0.69
 378,-135.00,   -4394, -0.15,    6284,  0.44,  -10678, -0.74
 379,-134.00,   -4596, -0.16,    6456,  0.45,  -11052, -0.77
 380,-133.00,   -3993, -0.14,    7813,  0.54,  -11806, -0.82
 381,-132.00,   -4150, -0.14,    9021,  0.63,  -13171, -0.91
 382,-131.00,   -4436, -0.15,    9491,  0.66,  -13927, -0.97
 383,-130.00,   -6665, -0.23,    8515,  0.59,  -15180, -1.05
 384,-129.00,   -8586, -0.30,    7680,  0.53,  -16266, -1.13
 385,-128.00,  -10218, -0.35,    6833,  0.47,  -17051, -1.18
 386,-127.00,  -10883, -0.38,    6109,  0.42,  -16992, -1.18
 387,-126.00,  -10200, -0.35,    5487,  0.38,  -15687, -1.09
 388,-125.00,   -8680, -0.30,    5377,  0.37,  -14057, -0.97
 389,-124.00,   -6769, -0.23,    6018,  0.42,  -12787, -0.89
 390,-123.00,   -5301, -0.18,    5997,  0.42,  -11298, -0.78
 391,-122.00,   -4769, -0.17,    5690,  0.39,  -10459, -0.73
 392,-121.00,   -3842, -0.13,    5656,  0.39,   -9498, -0.66
 393,-120.00,   -2760, -0.10,    5859,  0.41,   -8619, -0.60
 394,-119.00,    -286, -0.00,    7044,  0.49,   -7330, -0.51
 395,-118.00,    1659,  0.06,    7656,  0.53,   -5997, -0.42
 396,-117.00,    2677,  0.09,    7048,  0.49,   -4371, -0.30
 397,-116.00,    3772,  0.13,    6510,  0.45,   -2738, -0.19
 398,-115.00,    6089,  0.21,    7374,  0.51,   -1285, -0.09
 399,-114.00,    8340,  0.29,    7897,  0.55,     443,  0.03
 400,-113.00,   10416,  0.36,    7928,  0.55,    2488,  0.17
 401,-112.00,   11211,  0.39,    7384,  0.51,    3827,  0.27
 402,-111.00,   11202,  0.39,    6437,  0.45,    4765,  0.33
 403,-110.00,   11194,  0.39,    4975,  0.35,    6219,  0.43
 404,-109.00,   10867,  0.38,    3377,  0.23,    7490,  0.52
 405,-108.00,   11066,  0.38,    2292,  0.16,    8774,  0.61
 406,-107.00,   12101,  0.42,    1650,  0.11,   10451,  0.72
 407,-106.00,   13927,  0.48,    1974,  0.14,   11953,  0.83
 408,-105.00,   15131,  0.52,    1582,  0.11,   13549,  0.94
 409,-104.00,   16227,  0.56,     180,  0.01,   16047,  1.11
 410,-103.00,   16472,  0.57,   -2016, -0.14,   18488,  1.28
 411,-102.00,   15909,  0.55,   -4500, -0.31,   20409,  1.42
 412,-101.00,   17110,  0.59,   -4193, -0.29,   21303,  1.48
 413,-100.00,   18302,  0.63,   -3961, -0.27,   22263,  1.54
 414,-99.00,   18245,  0.63,   -5263, -0.37,   23508,  1.63
 415,-98.00,   17631,  0.61,   -6364, -0.44,   23995,  1.66
 416,-97.00,   17662,  0.61,   -7560, -0.52,   25222,  1.75
 417,-96.00,   18394,  0.64,   -7797, -0.54,   26191,  1.82
 418,-95.00,   19276,  0.67,   -7342, -0.51,   26618,  1.85
 419,-94.00,   19519,  0.68,   -7421, -0.51,   26940,  1.87
 420,-93.00,   18393,  0.64,   -8995, -0.62,   27388,  1.90
 421,-92.00,   16513,  0.57,  -10731, -0.74,   27244,  1.89
 422,-91.00,   15248,  0.53,  -11951, -0.83,   27199,  1.89
 423,-90.00,   12969,  0.45,  -13041, -0.90,   26010,  1.80
 424,-89.00,   10534,  0.37,  -14255, -0.99,   24789,  1.72
 425,-88.00,    6808,  0.24,  -16672, -1.16,   23480,  1.63
 426,-87.00,    2720,  0.09,  -19323, -1.34,   22043,  1.53
 427,-86.00,      -7, -0.00,  -21057, -1.46,   21050,  1.46
 428,-85.00,   -2669, -0.09,  -21895, -1.52,   19226,  1.33
 429,-84.00,   -5447, -0.19,  -22234, -1.54,   16787,  1.16
 430,-83.00,   -8505, -0.29,  -22884, -1.59,   14379,  1.00
 431,-82.00,  -11560, -0.40,  -23768, -1.65,   12208,  0.85
 432,-81.00,  -13919, -0.48,  -24157, -1.68,   10238,  0.71
 433,-80.00,  -16617, -0.58,  -24500, -1.70,    7883,  0.55
 434,-79.00,  -19632, -0.68,  -25006, -1.73,    5374,  0.37
 435,-78.00,  -23534, -0.82,  -26022, -1.80,    2488,  0.17
 436,-77.00,  -26476, -0.92,  -26183, -1.82,    -293, -0.02
 437,-76.00,  -29562, -1.03,  -26776, -1.86,   -2786, -0.19
 438,-75.00,  -31927, -1.11,  -27163, -1.88,   -4764, -0.33
 439,-74.00,  -32549, -1.13,  -26933, -1.87,   -5616, -0.39
 440,-73.00,  -31979, -1.11,  -25704, -1.78,   -6275, -0.44
 441,-72.00,  -33311, -1.16,  -25945, -1.80,   -7366, -0.51
 442,-71.00,  -35457, -1.23,  -27190, -1.89,   -8267, -0.57
 443,-70.00,  -38166, -1.32,  -28475, -1.98,   -9691, -0.67
 444,-69.00,  -39934, -1.38,  -28433, -1.97,  -11501, -0.80
 445,-68.00,  -40988, -1.42,  -28543, -1.98,  -12445, -0.86
 446,-67.00,  -41491, -1.44,  -28665, -1.99,  -12826, -0.89
 447,-66.00,  -43094, -1.49,  -29700, -2.06,  -13394, -0.93
 448,-65.00,  -45603, -1.58,  -31283, -2.17,  -14320, -0.99
 449,-64.00,  -48066, -1.67,  -32396, -2.25,  -15670, -1.09
 450,-63.00,  -50346, -1.75,  -32690, -2.27,  -17656, -1.22
 451,-62.00,  -52479, -1.82,  -32879, -2.28,  -19600, -1.36
 452,-61.00,  -55093, -1.91,  -33970, -2.36,  -21123, -1.47
 453,-60.00,  -57872, -2.01,  -35076, -2.43,  -22796, -1.58
 454,-59.00,  -60305, -2.09,  -35890, -2.49,  -24415, -1.69
 455,-58.00,  -62639, -2.17,  -36329, -2.52,  -26310, -1.82
 456,-57.00,  -65843, -2.28,  -37458, -2.60,  -28385, -1.97
 457,-56.00,  -68764, -2.38,  -38425, -2.67,  -30339, -2.10
 458,-55.00,  -70724, -2.45,  -39258, -2.72,  -31466, -2.18
 459,-54.00,  -73174, -2.54,  -40448, -2.81,  -32726, -2.27
 460,-53.00,  -76321, -2.65,  -42278, -2.93,  -34043, -2.36
 461,-52.00,  -80010, -2.77,  -43893, -3.04,  -36117, -2.51
 462,-51.00,  -83442, -2.89,  -45457, -3.15,  -37985, -2.63
 463,-50.00,  -85638, -2.97,  -45939, -3.19,  -39699, -2.75
 464,-49.00,  -86752, -3.01,  -46114, -3.20,  -40638, -2.82
 465,-48.00,  -87104, -3.02,  -45711, -3.17,  -41393, -2.87
 466,-47.00,  -86870, -3.01,  -45457, -3.15,  -41413, -2.87
 467,-46.00,  -86777, -3.01,  -44990, -3.12,  -41787, -2.90
 468,-45.00,  -87843, -3.05,  -45047, -3.12,  -42796, -2.97
 469,-44.00,  -89360, -3.10,  -46045, -3.19,  -43315, -3.00
 470,-43.00,  -89702, -3.11,  -45886, -3.18,  -43816, -3.04
 471,-42.00,  -88888, -3.08,  -44869, -3.11,  -44019, -3.05
 472,-41.00,  -88198, -3.06,  -44085, -3.06,  -44113, -3.06
 473,-40.00,  -86643, -3.00,  -42369, -2.94,  -44274, -3.07
 474,-39.00,  -84421, -2.93,  -40393, -2.80,  -44028, -3.05
 475,-38.00,  -81496, -2.83,  -37725, -2.62,  -43771, -3.04
 476,-37.00,  -78593, -2.73,  -35066, -2.43,  -43527, -3.02
 477,-36.00,  -76990, -2.67,  -33698, -2.34,  -43292, -3.00
 478,-35.00,  -75206, -2.61,  -32285, -2.24,  -42921, -2.98
 479,-34.00,  -71260, -2.47,  -30347, -2.10,  -40913, -2.84
 480,-33.00,  -66944, -2.32,  -28480, -1.98,  -38464, -2.67
 481,-32.00,  -62662, -2.17,  -26747, -1.86,  -35915, -2.49
 482,-31.00,  -59491, -2.06,  -25660, -1.78,  -33831, -2.35
 483,-30.00,  -57016, -1.98,  -24253, -1.68,  -32763, -2.27
 484,-29.00,  -56524, -1.96,  -23190, -1.61,  -33334, -2.31
 485,-28.00,  -55482, -1.92,  -21843, -1.52,  -33639, -2.33
 486,-27.00,  -53626, -1.86,  -20435, -1.42,  -33191, -2.30
 487,-26.00,  -51048, -1.77,  -19617, -1.36,  -31431, -2.18
 488,-25.00,  -48751, -1.69,  -19036, -1.32,  -29715, -2.06
 489,-24.00,  -45900, -1.59,  -17489, -1.21,  -28411, -1.97
 490,-23.00,  -42405, -1.47,  -15181, -1.05,  -27224, -1.89
 491,-22.00,  -39538, -1.37,  -13467, -0.93,  -26071, -1.81
 492,-21.00,  -37637, -1.31,  -12858, -0.89,  -24779, -1.72
 493,-20.00,  -35755, -1.24,  -12317, -0.85,  -23438, -1.63
 494,-19.00,  -33856, -1.17,  -10768, -0.75,  -23088, -1.60
 495,-18.00,  -31691, -1.10,   -8302, -0.58,  -23389, -1.62
 496,-17.00,  -28033, -0.97,   -4688, -0.33,  -23345, -1.62
 497,-16.00,  -25057, -0.87,   -2361, -0.16,  -22696, -1.57
 498,-15.00,  -22865, -0.79,    -871, -0.06,  -21994, -1.53
 499,-14.00,  -20562, -0.71,     591,  0.04,  -21153, -1.47
 500,-13.00,  -18697, -0.65,    1466,  0.10,  -20163, -1.40
 501,-12.00,  -17163, -0.60,    1344,  0.09,  -18507, -1.28
 502,-11.00,  -15731, -0.55,     899,  0.06,  -16630, -1.15
 503,-10.00,  -14768, -0.51,     523,  0.04,  -15291, -1.06
 504,-9.00,  -13805, -0.48,     652,  0.05,  -14457, -1.00
 505,-8.00,  -13930, -0.48,      22,  0.00,  -13952, -0.97
 506,-7.00,  -14665, -0.51,   -1286, -0.09,  -13379, -0.93
 507,-6.00,  -15455, -0.54,   -2213, -0.15,  -13242, -0.92
 508,-5.00,  -15247, -0.53,   -2535, -0.18,  -12712, -0.88
 509,-4.00,  -14206, -0.49,   -1852, -0.13,  -12354, -0.86
 510,-3.00,  -14377, -0.50,   -1546, -0.11,  -12831, -0.89
 511,-2.00,  -14237, -0.49,   -1375, -0.10,  -12862, -0.89
 512,-1.00,  -13056, -0.45,    -371, -0.03,  -12685, -0.88
 513,0.00,  -11808, -0.41,     353,  0.02,  -12161, -0.84
 514,1.00,  -11101, -0.38,     257,  0.02,  -11358, -0.79
 515,2.00,  -10744, -0.37,      21,  0.00,  -10765, -0.75
 516,3.00,   -9362, -0.32,     554,  0.04,   -9916, -0.69
 517,4.00,   -7731, -0.27,    1252,  0.09,   -8983, -0.62
 518,5.00,   -4738, -0.16,    2639,  0.18,   -7377, -0.51
 519,6.00,   -2760, -0.10,    3529,  0.24,   -6289, -0.44
 520,7.00,   -1365, -0.05,    4252,  0.29,   -5617, -0.39
 521,8.00,     832,  0.03,    5972,  0.41,   -5140, -0.36
 522,9.00,    3474,  0.12,    7372,  0.51,   -3898, -0.27
 523,10.00,    6262,  0.22,    8250,  0.57,   -1988, -0.14
 524,11.00,    6915,  0.24,    8498,  0.59,   -1583, -0.11
 525,12.00,    6788,  0.24,    9163,  0.64,   -2375, -0.16
 526,13.00,    7081,  0.25,   10053,  0.70,   -2972, -0.21
 527,14.00,    8966,  0.31,   11467,  0.80,   -2501, -0.17
 528,15.00,    9951,  0.35,   11601,  0.80,   -1650, -0.11
 529,16.00,    9370,  0.32,   11003,  0.76,   -1633, -0.11
 530,17.00,    8197,  0.28,   10810,  0.75,   -2613, -0.18
 531,18.00,    6560,  0.23,   11094,  0.77,   -4534, -0.31
 532,19.00,    5383,  0.19,   12217,  0.85,   -6834, -0.47
 533,20.00,    4700,  0.16,   13586,  0.94,   -8886, -0.62
 534,21.00,    3622,  0.13,   14550,  1.01,  -10928, -0.76
 535,22.00,    3169,  0.11,   15301,  1.06,  -12132, -0.84
 536,23.00,    3512,  0.12,   16212,  1.12,  -12700, -0.88
 537,24.00,    2608,  0.09,   16409,  1.14,  -13801, -0.96
 538,25.00,    1047,  0.04,   16610,  1.15,  -15563, -1.08
 539,26.00,    -912, -0.03,   16777,  1.16,  -17689, -1.23
 540,27.00,   -2571, -0.09,   16603,  1.15,  -19174, -1.33
 541,28.00,   -3770, -0.13,   16276,  1.13,  -20046, -1.39
 542,29.00,   -4397, -0.15,   16365,  1.14,  -20762, -1.44
 543,30.00,   -4758, -0.17,   16538,  1.15,  -21296, -1.48
 544,31.00,   -5012, -0.17,   16118,  1.12,  -21130, -1.47
 545,32.00,   -4982, -0.17,   16069,  1.11,  -21051, -1.46
 546,33.00,   -4522, -0.16,   16420,  1.14,  -20942, -1.45
 547,34.00,   -4996, -0.17,   16297,  1.13,  -21293, -1.48
 548,35.00,   -5699, -0.20,   16281,  1.13,  -21980, -1.52
 549,36.00,   -5933, -0.21,   16478,  1.14,  -22411, -1.55
 550,37.00,   -7386, -0.26,   16154,  1.12,  -23540, -1.63
 551,38.00,   -8077, -0.28,   16335,  1.13,  -24412, -1.69
 552,39.00,   -7800, -0.27,   16587,  1.15,  -24387, -1.69
 553,40.00,   -8051, -0.28,   16870,  1.17,  -24921, -1.73
 554,41.00,   -8303, -0.29,   17350,  1.20,  -25653, -1.78
 555,42.00,   -7709, -0.27,   18163,  1.26,  -25872, -1.79
 556,43.00,   -7926, -0.27,   17993,  1.25,  -25919, -1.80
 557,44.00,   -7139, -0.25,   18205,  1.26,  -25344, -1.76
 558,45.00,   -5430, -0.19,   19234,  1.33,  -24664, -1.71
 559,46.00,   -4419, -0.15,   19763,  1.37,  -24182, -1.68
 560,47.00,   -4553, -0.16,   19739,  1.37,  -24292, -1.68
 561,48.00,   -4157, -0.14,   20272,  1.41,  -24429, -1.69
 562,49.00,   -3719, -0.13,   20801,  1.44,  -24520, -1.70
 563,50.00,   -4003, -0.14,   21346,  1.48,  -25349, -1.76
 564,51.00,   -4600, -0.16,   21550,  1.49,  -26150, -1.81
 565,52.00,   -4704, -0.16,   21012,  1.46,  -25716, -1.78
 566,53.00,   -5943, -0.21,   18895,  1.31,  -24838, -1.72
 567,54.00,   -6683, -0.23,   17966,  1.25,  -24649, -1.71
 568,55.00,   -7455, -0.26,   18041,  1.25,  -25496, -1.77
 569,56.00,   -8951, -0.31,   17751,  1.23,  -26702, -1.85
 570,57.00,  -11705, -0.41,   16811,  1.17,  -28516, -1.98
 571,58.00,  -14577, -0.51,   15755,  1.09,  -30332, -2.10
 572,59.00,  -15356, -0.53,   15826,  1.10,  -31182, -2.16
 573,60.00,  -16701, -0.58,   15243,  1.06,  -31944, -2.22
 574,61.00,  -18472, -0.64,   14186,  0.98,  -32658, -2.27
 575,62.00,  -19350, -0.67,   13288,  0.92,  -32638, -2.26
 576,63.00,  -21412, -0.74,   11671,  0.81,  -33083, -2.29
 577,64.00,  -22158, -0.77,   11372,  0.79,  -33530, -2.33
 578,65.00,  -23059, -0.80,   11298,  0.78,  -34357, -2.38
 579,66.00,  -25289, -0.88,    9902,  0.69,  -35191, -2.44
 580,67.00,  -27593, -0.96,    8296,  0.58,  -35889, -2.49
 581,68.00,  -27659, -0.96,    8307,  0.58,  -35966, -2.49
 582,69.00,  -26720, -0.93,    9317,  0.65,  -36037, -2.50
 583,70.00,  -25092, -0.87,   10661,  0.74,  -35753, -2.48
 584,71.00,  -23366, -0.81,   11105,  0.77,  -34471, -2.39
 585,72.00,  -23435, -0.81,   10319,  0.72,  -33754, -2.34
 586,73.00,  -23882, -0.83,    9584,  0.66,  -33466, -2.32
 587,74.00,  -24743, -0.86,    8517,  0.59,  -33260, -2.31
 588,75.00,  -25820, -0.90,    7238,  0.50,  -33058, -2.29
 589,76.00,  -25911, -0.90,    6902,  0.48,  -32813, -2.28
 590,77.00,  -26350, -0.91,    6340,  0.44,  -32690, -2.27
 591,78.00,  -25918, -0.90,    6663,  0.46,  -32581, -2.26
 592,79.00,  -25362, -0.88,    6778,  0.47,  -32140, -2.23
 593,80.00,  -24948, -0.87,    6843,  0.47,  -31791, -2.21
 594,81.00,  -25256, -0.88,    6671,  0.46,  -31927, -2.21
 595,82.00,  -25708, -0.89,    6224,  0.43,  -31932, -2.21
 596,83.00,  -27258, -0.95,    4667,  0.32,  -31925, -2.21
 597,84.00,  -28190, -0.98,    2765,  0.19,  -30955, -2.15
 598,85.00,  -28279, -0.98,    1823,  0.13,  -30102, -2.09
 599,86.00,  -27985, -0.97,    1299,  0.09,  -29284, -2.03
 600,87.00,  -27772, -0.96,     788,  0.05,  -28560, -1.98
 601,88.00,  -27906, -0.97,    -578, -0.04,  -27328, -1.90
 602,89.00,  -28017, -0.97,   -1992, -0.14,  -26025, -1.81
 603,90.00,  -28693, -1.00,   -3983, -0.28,  -24710, -1.71
 604,91.00,  -29119, -1.01,   -6325, -0.44,  -22794, -1.58
 605,92.00,  -29092, -1.01,   -7758, -0.54,  -21334, -1.48
 606,93.00,  -29883, -1.04,   -9859, -0.68,  -20024, -1.39
 607,94.00,  -30159, -1.05,  -11321, -0.79,  -18838, -1.31
 608,95.00,  -30073, -1.04,  -12590, -0.87,  -17483, -1.21
 609,96.00,  -29748, -1.03,  -13365, -0.93,  -16383, -1.14
 610,97.00,  -29871, -1.04,  -14929, -1.04,  -14942, -1.04
 611,98.00,  -31267, -1.08,  -17145, -1.19,  -14122, -0.98
 612,99.00,  -32470, -1.13,  -18946, -1.31,  -13524, -0.94
 613,100.00,  -32869, -1.14,  -20185, -1.40,  -12684, -0.88
 614,101.00,  -32863, -1.14,  -21251, -1.47,  -11612, -0.81
 615,102.00,  -32918, -1.14,  -22406, -1.55,  -10512, -0.73
 616,103.00,  -33697, -1.17,  -24518, -1.70,   -9179, -0.64
 617,104.00,  -33934, -1.18,  -25669, -1.78,   -8265, -0.57
 618,105.00,  -32406, -1.12,  -24881, -1.73,   -7525, -0.52
 619,106.00,  -30542, -1.06,  -23496, -1.63,   -7046, -0.49
 620,107.00,  -28712, -1.00,  -22207, -1.54,   -6505, -0.45
 621,108.00,  -28306, -0.98,  -22472, -1.56,   -5834, -0.40
 622,109.00,  -27737, -0.96,  -23359, -1.62,   -4378, -0.30
 623,110.00,  -27867, -0.97,  -24456, -1.70,   -3411, -0.24
 624,111.00,  -27120, -0.94,  -24809, -1.72,   -2311, -0.16
 625,112.00,  -25520, -0.89,  -24772, -1.72,    -748, -0.05
 626,113.00,  -24252, -0.84,  -25087, -1.74,     835,  0.06
 627,114.00,  -22490, -0.78,  -24732, -1.72,    2242,  0.16
 628,115.00,  -21058, -0.73,  -24222, -1.68,    3164,  0.22
 629,116.00,  -19986, -0.69,  -23803, -1.65,    3817,  0.26
 630,117.00,  -18906, -0.66,  -23619, -1.64,    4713,  0.33
 631,118.00,  -16344, -0.57,  -22382, -1.55,    6038,  0.42
 632,119.00,  -14051, -0.49,  -21204, -1.47,    7153,  0.50
 633,120.00,  -12306, -0.43,  -20919, -1.45,    8613,  0.60
 634,121.00,  -10099, -0.35,  -20671, -1.43,   10572,  0.73
 635,122.00,   -7135, -0.25,  -19719, -1.37,   12584,  0.87
 636,123.00,   -3169, -0.11,  -18073, -1.25,   14904,  1.03
 637,124.00,    1172,  0.04,  -16133, -1.12,   17305,  1.20
 638,125.00,    4846,  0.17,  -13539, -0.94,   18385,  1.28
 639,126.00,    7049,  0.24,  -11954, -0.83,   19003,  1.32
 640,127.00,    7569,  0.26,  -12209, -0.85,   19778,  1.37
 641,128.00,    7971,  0.28,  -12378, -0.86,   20349,  1.41
 642,129.00,    9479,  0.33,  -11855, -0.82,   21334,  1.48
 643,130.00,   10653,  0.37,  -11801, -0.82,   22454,  1.56
 644,131.00,   12469,  0.43,  -10999, -0.76,   23468,  1.63
 645,132.00,   13931,  0.48,  -10433, -0.72,   24364,  1.69
 646,133.00,   16335,  0.57,   -9806, -0.68,   26141,  1.81
 647,134.00,   18916,  0.66,   -9468, -0.66,   28384,  1.97
 648,135.00,   20480,  0.71,   -9784, -0.68,   30264,  2.10
 649,136.00,   21826,  0.76,   -9551, -0.66,   31377,  2.18
 650,137.00,   23487,  0.81,   -9508, -0.66,   32995,  2.29
 651,138.00,   25152,  0.87,   -9791, -0.68,   34943,  2.42
 652,139.00,   26837,  0.93,   -8718, -0.60,   35555,  2.47
 653,140.00,   28323,  0.98,   -7484, -0.52,   35807,  2.48
 654,141.00,   28078,  0.97,   -7483, -0.52,   35561,  2.47
 655,142.00,   27909,  0.97,   -7683, -0.53,   35592,  2.47
 656,143.00,   28032,  0.97,   -8060, -0.56,   36092,  2.50
 657,144.00,   28567,  0.99,   -8408, -0.58,   36975,  2.56
 658,145.00,   29280,  1.02,   -8371, -0.58,   37651,  2.61
 659,146.00,   29352,  1.02,   -8139, -0.56,   37491,  2.60
 660,147.00,   29452,  1.02,   -8233, -0.57,   37685,  2.61
 661,148.00,   29610,  1.03,   -8241, -0.57,   37851,  2.63
 662,149.00,   29444,  1.02,   -8181, -0.57,   37625,  2.61
 663,150.00,   29457,  1.02,   -7556, -0.52,   37013,  2.57
 664,151.00,   29144,  1.01,   -6756, -0.47,   35900,  2.49
 665,152.00,   27851,  0.97,   -6845, -0.47,   34696,  2.41
 666,153.00,   26986,  0.94,   -7255, -0.50,   34241,  2.37
 667,154.00,   27200,  0.94,   -6585, -0.46,   33785,  2.34
 668,155.00,   26497,  0.92,   -6482, -0.45,   32979,  2.29
 669,156.00,   26306,  0.91,   -5612, -0.39,   31918,  2.21
 670,157.00,   26402,  0.92,   -4824, -0.33,   31226,  2.17
 671,158.00,   27850,  0.97,   -3341, -0.23,   31191,  2.16
 672,159.00,   28257,  0.98,   -3025, -0.21,   31282,  2.17
 673,160.00,   29194,  1.01,   -2831, -0.20,   32025,  2.22
 674,161.00,   29824,  1.03,   -1736, -0.12,   31560,  2.19
 675,162.00,   30842,  1.07,     108,  0.00,   30734,  2.13
 676,163.00,   32139,  1.11,    2128,  0.15,   30011,  2.08
 677,164.00,   33694,  1.17,    4176,  0.29,   29518,  2.05
 678,165.00,   33996,  1.18,    5503,  0.38,   28493,  1.98
 679,166.00,   34104,  1.18,    6554,  0.45,   27550,  1.91
 680,167.00,   34760,  1.21,    8261,  0.57,   26499,  1.84
 681,168.00,   35044,  1.22,   10005,  0.69,   25039,  1.74
 682,169.00,   35273,  1.22,   11110,  0.77,   24163,  1.68
 683,170.00,   35837,  1.24,   12369,  0.86,   23468,  1.63
 684,171.00,   35346,  1.23,   13822,  0.96,   21524,  1.49
 685,172.00,   35233,  1.22,   15803,  1.10,   19430,  1.35
 686,173.00,   35294,  1.22,   18055,  1.25,   17239,  1.20
 687,174.00,   36253,  1.26,   19924,  1.38,   16329,  1.13
 688,175.00,   37861,  1.31,   21591,  1.50,   16270,  1.13
 689,176.00,   38426,  1.33,   22392,  1.55,   16034,  1.11
 690,177.00,   38345,  1.33,   23139,  1.60,   15206,  1.05
 691,178.00,   38405,  1.33,   23685,  1.64,   14720,  1.02
 692,179.00,   37853,  1.31,   24591,  1.71,   13262,  0.92
 693,180.00,   36821,  1.28,   25465,  1.77,   11356,  0.79
 694,181.00,   35665,  1.24,   26134,  1.81,    9531,  0.66
 695,182.00,   34243,  1.19,   26609,  1.85,    7634,  0.53
 696,183.00,   32586,  1.13,   26748,  1.86,    5838,  0.40
 697,184.00,   31968,  1.11,   26780,  1.86,    5188,  0.36
 698,185.00,   31809,  1.10,   27159,  1.88,    4650,  0.32
 699,186.00,   32404,  1.12,   28724,  1.99,    3680,  0.26
 700,187.00,   33116,  1.15,   30644,  2.13,    2472,  0.17
 701,188.00,   33598,  1.17,   32548,  2.26,    1050,  0.07
 702,189.00,   32461,  1.13,   32895,  2.28,    -434, -0.03
 703,190.00,   30933,  1.07,   32878,  2.28,   -1945, -0.13
 704,191.00,   29734,  1.03,   32879,  2.28,   -3145, -0.22
 705,192.00,   29908,  1.04,   33896,  2.35,   -3988, -0.28
 706,193.00,   29352,  1.02,   34335,  2.38,   -4983, -0.35
 707,194.00,   29405,  1.02,   34938,  2.42,   -5533, -0.38
 708,195.00,   30857,  1.07,   36575,  2.54,   -5718, -0.40
 709,196.00,   31606,  1.10,   37374,  2.59,   -5768, -0.40
 710,197.00,   31169,  1.08,   36744,  2.55,   -5575, -0.39
 711,198.00,   29650,  1.03,   35411,  2.46,   -5761, -0.40
 712,199.00,   27729,  0.96,   34063,  2.36,   -6334, -0.44
 713,200.00,   26543,  0.92,   33052,  2.29,   -6509, -0.45
 714,201.00,   25607,  0.89,   32124,  2.23,   -6517, -0.45
 715,202.00,   24114,  0.84,   31210,  2.16,   -7096, -0.49
 716,203.00,   23065,  0.80,   29991,  2.08,   -6926, -0.48
 717,204.00,   22093,  0.77,   29305,  2.03,   -7212, -0.50
 718,205.00,   19289,  0.67,   27428,  1.90,   -8139, -0.56
 719,206.00,   16296,  0.57,   24638,  1.71,   -8342, -0.58
 720,207.00,   14478,  0.50,   22507,  1.56,   -8029, -0.56
 721,208.00,   14433,  0.50,   21728,  1.51,   -7295, -0.51
 722,209.00,   15623,  0.54,   22014,  1.53,   -6391, -0.44
 723,210.00,   15621,  0.54,   21748,  1.51,   -6127, -0.42
 724,211.00,   15624,  0.54,   21097,  1.46,   -5473, -0.38
 725,212.00,   15787,  0.55,   20023,  1.39,   -4236, -0.29
 726,213.00,   16300,  0.57,   19516,  1.35,   -3216, -0.22
 727,214.00,   16687,  0.58,   19142,  1.33,   -2455, -0.17
 728,215.00,   15402,  0.53,   17588,  1.22,   -2186, -0.15
 729,216.00,   14403,  0.50,   15461,  1.07,   -1058, -0.07
 730,217.00,   14260,  0.49,   14332,  0.99,     -72, -0.00
 731,218.00,   13647,  0.47,   13252,  0.92,     395,  0.03
 732,219.00,   12524,  0.43,   11474,  0.80,    1050,  0.07
 733,220.00,   11905,  0.41,   10046,  0.70,    1859,  0.13
 734,221.00,   11302,  0.39,    8948,  0.62,    2354,  0.16
 735,222.00,   10968,  0.38,    8404,  0.58,    2564,  0.18
 736,223.00,   11085,  0.38,    8574,  0.59,    2511,  0.17
 737,224.00,   11626,  0.40,    8774,  0.61,    2852,  0.20
 738,225.00,   12382,  0.43,    7920,  0.55,    4462,  0.31
 739,226.00,   12161,  0.42,    6213,  0.43,    5948,  0.41
 740,227.00,   13499,  0.47,    5773,  0.40,    7726,  0.54
 741,228.00,   13900,  0.48,    5122,  0.36,    8778,  0.61
 742,229.00,   13897,  0.48,    4458,  0.31,    9439,  0.65
 743,230.00,   14589,  0.51,    4493,  0.31,   10096,  0.70
 744,231.00,   16788,  0.58,    5454,  0.38,   11334,  0.79
 745,232.00,   20310,  0.70,    6552,  0.45,   13758,  0.95
 746,233.00,   24788,  0.86,    7810,  0.54,   16978,  1.18
 747,234.00,   28140,  0.98,    8044,  0.56,   20096,  1.39
 748,235.00,   29906,  1.04,    7120,  0.49,   22786,  1.58
 749,236.00,   31022,  1.08,    5918,  0.41,   25104,  1.74
 750,237.00,   33180,  1.15,    5658,  0.39,   27522,  1.91
 751,238.00,   36027,  1.25,    6496,  0.45,   29531,  2.05
 752,239.00,   38698,  1.34,    7439,  0.52,   31259,  2.17
 753,240.00,   42884,  1.49,    9492,  0.66,   33392,  2.32
 754,241.00,   47002,  1.63,   11687,  0.81,   35315,  2.45
 755,242.00,   50002,  1.73,   12766,  0.89,   37236,  2.58
 756,243.00,   52909,  1.83,   13694,  0.95,   39215,  2.72
 757,244.00,   55267,  1.92,   15136,  1.05,   40131,  2.78
 758,245.00,   58344,  2.02,   17948,  1.24,   40396,  2.80
 759,246.00,   61380,  2.13,   20557,  1.43,   40823,  2.83
 760,247.00,   64202,  2.23,   23268,  1.61,   40934,  2.84
 761,248.00,   68132,  2.36,   26251,  1.82,   41881,  2.90
 762,249.00,   72501,  2.51,   29152,  2.02,   43349,  3.01
 763,250.00,   75674,  2.62,   31682,  2.20,   43992,  3.05
 764,251.00,   77993,  2.70,   33930,  2.35,   44063,  3.06
 765,252.00,   80489,  2.79,   36133,  2.51,   44356,  3.08
 766,253.00,   83926,  2.91,   39323,  2.73,   44603,  3.09
 767,254.00,   87947,  3.05,   43144,  2.99,   44803,  3.11
 768,255.00,   90117,  3.13,   44936,  3.12,   45181,  3.13
 769,256.00,   91379,  3.17,   46289,  3.21,   45090,  3.13
 770,257.00,   93161,  3.23,   48395,  3.36,   44766,  3.10
 771,258.00,   93951,  3.26,   50021,  3.47,   43930,  3.05
 772,259.00,   95589,  3.32,   52159,  3.62,   43430,  3.01
 773,260.00,   96792,  3.36,   53401,  3.70,   43391,  3.01
 774,261.00,   97562,  3.38,   54536,  3.78,   43026,  2.98
 775,262.00,   97327,  3.38,   55427,  3.84,   41900,  2.91
 776,263.00,   97817,  3.39,   57250,  3.97,   40567,  2.81
 777,264.00,   97040,  3.37,   58559,  4.06,   38481,  2.67
 778,265.00,   96614,  3.35,   60355,  4.19,   36259,  2.51
 779,266.00,   96677,  3.35,   62376,  4.33,   34301,  2.38
 780,267.00,   96509,  3.35,   64149,  4.45,   32360,  2.24
 781,268.00,   95737,  3.32,   65161,  4.52,   30576,  2.12
 782,269.00,   94824,  3.29,   66179,  4.59,   28645,  1.99
 783,270.00,   93386,  3.24,   66172,  4.59,   27214,  1.89
 784,271.00,   91855,  3.19,   66327,  4.60,   25528,  1.77
 785,272.00,   90456,  3.14,   67158,  4.66,   23298,  1.62
 786,273.00,   90070,  3.12,   68492,  4.75,   21578,  1.50
 787,274.00,   89531,  3.10,   69639,  4.83,   19892,  1.38
 788,275.00,   87459,  3.03,   69745,  4.84,   17714,  1.23
 789,276.00,   86074,  2.99,   69952,  4.85,   16122,  1.12
 790,277.00,   84884,  2.94,   70465,  4.89,   14419,  1.00
 791,278.00,   83502,  2.90,   70431,  4.89,   13071,  0.91
 792,279.00,   80223,  2.78,   68888,  4.78,   11335,  0.79
 793,280.00,   77423,  2.69,   67691,  4.70,    9732,  0.68
 794,281.00,   74854,  2.60,   65988,  4.58,    8866,  0.61
 795,282.00,   70768,  2.45,   63418,  4.40,    7350,  0.51
 796,283.00,   65956,  2.29,   60634,  4.21,    5322,  0.37
 797,284.00,   61809,  2.14,   58272,  4.04,    3537,  0.25
 798,285.00,   56955,  1.98,   55901,  3.88,    1054,  0.07
 799,286.00,   51335,  1.78,   53139,  3.69,   -1804, -0.13
 800,287.00,   46965,  1.63,   50871,  3.53,   -3906, -0.27
 801,288.00,   41903,  1.45,   48028,  3.33,   -6125, -0.42
 802,289.00,   38093,  1.32,   45915,  3.18,   -7822, -0.54
 803,290.00,   34751,  1.21,   43984,  3.05,   -9233, -0.64
 804,291.00,   29915,  1.04,   41252,  2.86,  -11337, -0.79
 805,292.00,   25467,  0.88,   37829,  2.62,  -12362, -0.86
 806,293.00,   21254,  0.74,   34298,  2.38,  -13044, -0.90
 807,294.00,   16341,  0.57,   30481,  2.11,  -14140, -0.98
 808,295.00,   12079,  0.42,   27214,  1.89,  -15135, -1.05
 809,296.00,    8942,  0.31,   25115,  1.74,  -16173, -1.12
 810,297.00,    5359,  0.19,   23079,  1.60,  -17720, -1.23
 811,298.00,    2159,  0.07,   21146,  1.47,  -18987, -1.32
 812,299.00,    -549, -0.02,   19292,  1.34,  -19841, -1.38
 813,300.00,   -4072, -0.14,   16602,  1.15,  -20674, -1.43
 814,301.00,   -8817, -0.31,   12825,  0.89,  -21642, -1.50
 815,302.00,  -13939, -0.48,    8834,  0.61,  -22773, -1.58
 816,303.00,  -17934, -0.62,    5591,  0.39,  -23525, -1.63
 817,304.00,  -21918, -0.76,    2604,  0.18,  -24522, -1.70
 818,305.00,  -25942, -0.90,    -321, -0.02,  -25621, -1.78
 819,306.00,  -29643, -1.03,   -3066, -0.21,  -26577, -1.84
 820,307.00,  -31939, -1.11,   -5203, -0.36,  -26736, -1.85
 821,308.00,  -35021, -1.21,   -7439, -0.52,  -27582, -1.91
 822,309.00,  -37510, -1.30,   -9548, -0.66,  -27962, -1.94
 823,310.00,  -40168, -1.39,  -11293, -0.78,  -28875, -2.00
 824,311.00,  -43700, -1.52,  -13816, -0.96,  -29884, -2.07
 825,312.00,  -46790, -1.62,  -16091, -1.12,  -30699, -2.13
 826,313.00,  -48840, -1.69,  -17555, -1.22,  -31285, -2.17
 827,314.00,  -51054, -1.77,  -18361, -1.27,  -32693, -2.27
 828,315.00,  -53309, -1.85,  -19327, -1.34,  -33982, -2.36
 829,316.00,  -56344, -1.95,  -20913, -1.45,  -35431, -2.46
 830,317.00,  -57753, -2.00,  -22057, -1.53,  -35696, -2.48
 831,318.00,  -58900, -2.04,  -23852, -1.65,  -35048, -2.43
 832,319.00,  -60306, -2.09,  -25226, -1.75,  -35080, -2.43
 833,320.00,  -60941, -2.11,  -26299, -1.82,  -34642, -2.40
 834,321.00,  -61127, -2.12,  -27441, -1.90,  -33686, -2.34
 835,322.00,  -61496, -2.13,  -28754, -1.99,  -32742, -2.27
 836,323.00,  -62645, -2.17,  -29842, -2.07,  -32803, -2.28
 837,324.00,  -63890, -2.22,  -31061, -2.15,  -32829, -2.28
 838,325.00,  -64825, -2.25,  -32335, -2.24,  -32490, -2.25
 839,326.00,  -64305, -2.23,  -32917, -2.28,  -31388, -2.18
 840,327.00,  -63126, -2.19,  -33599, -2.33,  -29527, -2.05
 841,328.00,  -61036, -2.12,  -33672, -2.34,  -27364, -1.90
 842,329.00,  -59151, -2.05,  -33572, -2.33,  -25579, -1.77
 843,330.00,  -58767, -2.04,  -34348, -2.38,  -24419, -1.69
 844,331.00,  -57832, -2.01,  -34544, -2.40,  -23288, -1.62
 845,332.00,  -56847, -1.97,  -34788, -2.41,  -22059, -1.53
 846,333.00,  -55465, -1.92,  -34726, -2.41,  -20739, -1.44
 847,334.00,  -54117, -1.88,  -35630, -2.47,  -18487, -1.28
 848,335.00,  -52790, -1.83,  -35798, -2.48,  -16992, -1.18
 849,336.00,  -51869, -1.80,  -35625, -2.47,  -16244, -1.13
 850,337.00,  -50238, -1.74,  -35142, -2.44,  -15096, -1.05
 851,338.00,  -49078, -1.70,  -35345, -2.45,  -13733, -0.95
 852,339.00,  -48398, -1.68,  -35825, -2.48,  -12573, -0.87
 853,340.00,  -47299, -1.64,  -36129, -2.51,  -11170, -0.77
 854,341.00,  -46720, -1.62,  -36990, -2.57,   -9730, -0.67
 855,342.00,  -45505, -1.58,  -37526, -2.60,   -7979, -0.55
 856,343.00,  -43280, -1.50,  -37527, -2.60,   -5753, -0.40
 857,344.00,  -39844, -1.38,  -36403, -2.52,   -3441, -0.24
 858,345.00,  -34884, -1.21,  -35184, -2.44,     300,  0.02
 859,346.00,  -30354, -1.05,  -34085, -2.36,    3731,  0.26
 860,347.00,  -27162, -0.94,  -33612, -2.33,    6450,  0.45
 861,348.00,  -23628, -0.82,  -32927, -2.28,    9299,  0.64
 862,349.00,  -19188, -0.67,  -31306, -2.17,   12118,  0.84
 863,350.00,  -14743, -0.51,  -29047, -2.01,   14304,  0.99
 864,351.00,  -10043, -0.35,  -26828, -1.86,   16785,  1.16
 865,352.00,   -5207, -0.18,  -25125, -1.74,   19918,  1.38
 866,353.00,   -1090, -0.04,  -23564, -1.63,   22474,  1.56
 867,354.00,    3325,  0.12,  -21789, -1.51,   25114,  1.74
 868,355.00,    8533,  0.30,  -19506, -1.35,   28039,  1.94
 869,356.00,   12894,  0.45,  -16857, -1.17,   29751,  2.06
 870,357.00,   18400,  0.64,  -13381, -0.93,   31781,  2.20
 871,358.00,   23707,  0.82,  -10216, -0.71,   33923,  2.35
 872,359.00,   27822,  0.96,   -7857, -0.54,   35679,  2.47
 873,360.00,   31098,  1.08,   -6157, -0.43,   37255,  2.58
 874,361.00,   35035,  1.22,   -4396, -0.30,   39431,  2.73
 875,362.00,   38419,  1.33,   -2783, -0.19,   41202,  2.86
 876,363.00,   42274,  1.47,    -763, -0.05,   43037,  2.99
 877,364.00,   46361,  1.61,    1358,  0.09,   45003,  3.12
 878,365.00,   50529,  1.75,    3820,  0.26,   46709,  3.24
 879,366.00,   55466,  1.92,    7276,  0.50,   48190,  3.34
 880,367.00,   58777,  2.04,    9820,  0.68,   48957,  3.40
 881,368.00,   61628,  2.14,   12480,  0.87,   49148,  3.41
 882,369.00,   65040,  2.26,   15243,  1.06,   49797,  3.45
 883,370.00,   67726,  2.35,   17647,  1.22,   50079,  3.47
 884,371.00,   70741,  2.45,   20008,  1.39,   50733,  3.52
 885,372.00,   73263,  2.54,   21960,  1.52,   51303,  3.56
 886,373.00,   76364,  2.65,   24299,  1.69,   52065,  3.61
 887,374.00,   80103,  2.78,   27004,  1.87,   53099,  3.68
 888,375.00,   82307,  2.85,   28600,  1.98,   53707,  3.73
 889,376.00,   82342,  2.86,   29308,  2.03,   53034,  3.68
 890,377.00,   82217,  2.85,   29665,  2.06,   52552,  3.65
 891,378.00,   82241,  2.85,   30110,  2.09,   52131,  3.62
 892,379.00,   82920,  2.88,   30967,  2.15,   51953,  3.60
 893,380.00,   83818,  2.91,   31823,  2.21,   51995,  3.61
 894,381.00,   85416,  2.96,   32743,  2.27,   52673,  3.65
 895,382.00,   85884,  2.98,   32863,  2.28,   53021,  3.68
 896,383.00,   86438,  3.00,   32961,  2.29,   53477,  3.71
 897,384.00,   87053,  3.02,   33334,  2.31,   53719,  3.73
 898,385.00,   87597,  3.04,   34254,  2.38,   53343,  3.70
 899,386.00,   87598,  3.04,   34822,  2.42,   52776,  3.66
 900,387.00,   86652,  3.01,   34431,  2.39,   52221,  3.62
 901,388.00,   86229,  2.99,   33724,  2.34,   52505,  3.64
 902,389.00,   86230,  2.99,   34095,  2.36,   52135,  3.62
 903,390.00,   86418,  3.00,   34873,  2.42,   51545,  3.58
 904,391.00,   85085,  2.95,   34130,  2.37,   50955,  3.53
 905,392.00,   82862,  2.87,   32572,  2.26,   50290,  3.49
 906,393.00,   80192,  2.78,   30654,  2.13,   49538,  3.44
 907,394.00,   77871,  2.70,   28972,  2.01,   48899,  3.39
 908,395.00,   76900,  2.67,   28241,  1.96,   48659,  3.38
 909,396.00,   75632,  2.62,   27456,  1.90,   48176,  3.34
 910,397.00,   73794,  2.56,   26851,  1.86,   46943,  3.26
 911,398.00,   71188,  2.47,   25318,  1.76,   45870,  3.18
 912,399.00,   67991,  2.36,   22331,  1.55,   45660,  3.17
 913,400.00,   64494,  2.24,   19378,  1.34,   45116,  3.13
 914,401.00,   60203,  2.09,   15898,  1.10,   44305,  3.07
 915,402.00,   55380,  1.92,   12146,  0.84,   43234,  3.00
 916,403.00,   51203,  1.78,    9007,  0.62,   42196,  2.93
 917,404.00,   48194,  1.67,    6677,  0.46,   41517,  2.88
 918,405.00,   44099,  1.53,    3542,  0.25,   40557,  2.81
 919,406.00,   39724,  1.38,     524,  0.04,   39200,  2.72
 920,407.00,   35956,  1.25,   -2477, -0.17,   38433,  2.67
 921,408.00,   31947,  1.11,   -5400, -0.37,   37347,  2.59
 922,409.00,   28237,  0.98,   -8071, -0.56,   36308,  2.52
 923,410.00,   24926,  0.86,  -10687, -0.74,   35613,  2.47
 924,411.00,   21308,  0.74,  -13895, -0.96,   35203,  2.44
 925,412.00,   18171,  0.63,  -16984, -1.18,   35155,  2.44
 926,413.00,   16652,  0.58,  -18406, -1.28,   35058,  2.43
 927,414.00,   14750,  0.51,  -19461, -1.35,   34211,  2.37
 928,415.00,   12690,  0.44,  -20861, -1.45,   33551,  2.33
 929,416.00,    9304,  0.32,  -23081, -1.60,   32385,  2.25
 930,417.00,    6389,  0.22,  -25309, -1.76,   31698,  2.20
 931,418.00,    2287,  0.08,  -28552, -1.98,   30839,  2.14
 932,419.00,   -1070, -0.04,  -31166, -2.16,   30096,  2.09
 933,420.00,   -4227, -0.15,  -33151, -2.30,   28924,  2.01
 934,421.00,   -8108, -0.28,  -36119, -2.51,   28011,  1.94
 935,422.00,  -12797, -0.44,  -40630, -2.82,   27833,  1.93
 936,423.00,  -15906, -0.55,  -44032, -3.05,   28126,  1.95
 937,424.00,  -20008, -0.69,  -47131, -3.27,   27123,  1.88
 938,425.00,  -24186, -0.84,  -49566, -3.44,   25380,  1.76
 939,426.00,  -28198, -0.98,  -51832, -3.60,   23634,  1.64
 940,427.00,  -32285, -1.12,  -54690, -3.79,   22405,  1.55
 941,428.00,  -37791, -1.31,  -58199, -4.04,   20408,  1.42
 942,429.00,  -42830, -1.49,  -61357, -4.26,   18527,  1.29
 943,430.00,  -46529, -1.61,  -63241, -4.39,   16712,  1.16
 944,431.00,  -49005, -1.70,  -64533, -4.48,   15528,  1.08
 945,432.00,  -51267, -1.78,  -66237, -4.59,   14970,  1.04
 946,433.00,  -53594, -1.86,  -67927, -4.71,   14333,  0.99
 947,434.00,  -56016, -1.94,  -69713, -4.84,   13697,  0.95
 948,435.00,  -57695, -2.00,  -70738, -4.91,   13043,  0.90
 949,436.00,  -59113, -2.05,  -71149, -4.93,   12036,  0.83
 950,437.00,  -60471, -2.10,  -71970, -4.99,   11499,  0.80
 951,438.00,  -60525, -2.10,  -72517, -5.03,   11992,  0.83
 952,439.00,  -60722, -2.11,  -72631, -5.04,   11909,  0.83
 953,440.00,  -60086, -2.08,  -71826, -4.98,   11740,  0.81
 954,441.00,  -59171, -2.05,  -70355, -4.88,   11184,  0.78
 955,442.00,  -57518, -1.99,  -68466, -4.75,   10948,  0.76
 956,443.00,  -55784, -1.93,  -66973, -4.65,   11189,  0.78
 957,444.00,  -53408, -1.85,  -65174, -4.52,   11766,  0.82
 958,445.00,  -51778, -1.80,  -63645, -4.41,   11867,  0.82
 959,446.00,  -50886, -1.76,  -63112, -4.38,   12226,  0.85
 960,447.00,  -49737, -1.72,  -62567, -4.34,   12830,  0.89
 961,448.00,  -47857, -1.66,  -61658, -4.28,   13801,  0.96
 962,449.00,  -44979, -1.56,  -59690, -4.14,   14711,  1.02
 963,450.00,  -41938, -1.45,  -57112, -3.96,   15174,  1.05
 964,451.00,  -39220, -1.36,  -54309, -3.77,   15089,  1.05
 965,452.00,  -37376, -1.30,  -52035, -3.61,   14659,  1.02
 966,453.00,  -36671, -1.27,  -50683, -3.52,   14012,  0.97
 967,454.00,  -35479, -1.23,  -48959, -3.40,   13480,  0.93
 968,455.00,  -34346, -1.19,  -47287, -3.28,   12941,  0.90
 969,456.00,  -33338, -1.16,  -45478, -3.15,   12140,  0.84
 970,457.00,  -32803, -1.14,  -43734, -3.03,   10931,  0.76
 971,458.00,  -33020, -1.15,  -42487, -2.95,    9467,  0.66
 972,459.00,  -32339, -1.12,  -41042, -2.85,    8703,  0.60
 973,460.00,  -30163, -1.05,  -38699, -2.68,    8536,  0.59
 974,461.00,  -28961, -1.00,  -36707, -2.55,    7746,  0.54
 975,462.00,  -27482, -0.95,  -34157, -2.37,    6675,  0.46
 976,463.00,  -25926, -0.90,  -31820, -2.21,    5894,  0.41
 977,464.00,  -23268, -0.81,  -28982, -2.01,    5714,  0.40
 978,465.00,  -20998, -0.73,  -26254, -1.82,    5256,  0.36
 979,466.00,  -19748, -0.68,  -24014, -1.67,    4266,  0.30
 980,467.00,  -19027, -0.66,  -22503, -1.56,    3476,  0.24
 981,468.00,  -17692, -0.61,  -19798, -1.37,    2106,  0.15
 982,469.00,  -16428, -0.57,  -16583, -1.15,     155,  0.01
 983,470.00,  -13260, -0.46,  -12992, -0.90,    -268, -0.02
 984,471.00,  -11170, -0.39,  -10304, -0.71,    -866, -0.06
 985,472.00,   -9018, -0.31,   -7593, -0.53,   -1425, -0.10
 986,473.00,   -5720, -0.20,   -4670, -0.32,   -1050, -0.07
 987,474.00,   -2308, -0.08,   -1282, -0.09,   -1026, -0.07
 988,475.00,    1573,  0.05,    2530,  0.18,    -957, -0.07
 989,476.00,    4518,  0.16,    6048,  0.42,   -1530, -0.11
 990,477.00,    7763,  0.27,    9913,  0.69,   -2150, -0.15
 991,478.00,   11169,  0.39,   13667,  0.95,   -2498, -0.17
 992,479.00,   14876,  0.52,   17605,  1.22,   -2729, -0.19
 993,480.00,   18747,  0.65,   21836,  1.51,   -3089, -0.21
 994,481.00,   23142,  0.80,   26495,  1.84,   -3353, -0.23
 995,482.00,   26947,  0.93,   30560,  2.12,   -3613, -0.25
 996,483.00,   30627,  1.06,   34723,  2.41,   -4096, -0.28
 997,484.00,   34568,  1.20,   38900,  2.70,   -4332, -0.30
 998,485.00,   38108,  1.32,   43285,  3.00,   -5177, -0.36
 999,486.00,   42456,  1.47,   48060,  3.33,   -5604, -0.39
1000,487.00,   47475,  1.65,   53136,  3.69,   -5661, -0.39
1001,488.00,   51387,  1.78,   56951,  3.95,   -5564, -0.39
1002,489.00,   54621,  1.89,   60092,  4.17,   -5471, -0.38
1003,490.00,   58354,  2.02,   63765,  4.42,   -5411, -0.38
1004,491.00,   61247,  2.12,   66763,  4.63,   -5516, -0.38
1005,492.00,   64831,  2.25,   70263,  4.87,   -5432, -0.38
1006,493.00,   67961,  2.36,   73460,  5.10,   -5499, -0.38
1007,494.00,   69850,  2.42,   75683,  5.25,   -5833, -0.40
1008,495.00,   72123,  2.50,   77927,  5.41,   -5804, -0.40
1009,496.00,   73509,  2.55,   79661,  5.53,   -6152, -0.43
1010,497.00,   74719,  2.59,   81350,  5.64,   -6631, -0.46
1011,498.00,   75987,  2.64,   82971,  5.75,   -6984, -0.48
1012,499.00,   77928,  2.70,   84349,  5.85,   -6421, -0.45
1013,500.00,   78662,  2.73,   85291,  5.92,   -6629, -0.46
1014,501.00,   79291,  2.75,   86255,  5.98,   -6964, -0.48
1015,502.00,   79583,  2.76,   86516,  6.00,   -6933, -0.48
1016,503.00,   79221,  2.75,   86673,  6.01,   -7452, -0.52
1017,504.00,   78223,  2.71,   86230,  5.98,   -8007, -0.56
1018,505.00,   77816,  2.70,   86059,  5.97,   -8243, -0.57
1019,506.00,   77869,  2.70,   85784,  5.95,   -7915, -0.55
1020,507.00,   77449,  2.69,   84963,  5.89,   -7514, -0.52
1021,508.00,   75586,  2.62,   83456,  5.79,   -7870, -0.55
1022,509.00,   74512,  2.58,   82028,  5.69,   -7516, -0.52
1023,510.00,   73609,  2.55,   79960,  5.55,   -6351, -0.44
1024,511.00,   72295,  2.51,   77838,  5.40,   -5543, -0.38
