-----------------------------------------------------------------------------------
Identifier:,IHS5922-2018CK01
File Name:,CLRP70A.1
Ear:,R
Channel:,1
Intensity:,70 dB HL
Stim. Rate:,  1.10/s
Stim. Mode:,0
Sweeps:,188
Artifacts:,62
Smp. Period:,1000.00 us
Amp. Gain:, 50.00 K
Low Pass:, 30.00 Hz
High Pass:,  1.00 Hz
Notch Filter:,TRUE
Stimulus:,100
Stim. Freq.:,1000 Hz
Stim. Dur.:,2000 pnts
Masking:,0 dB SPL
Stim. Point:,513
-----------------------------------------------------------------------------------
Peak Information:,Label,Peak(+),Peak(+)(ms),Peak(-),Peak(-)(ms)
-----------------------------------------------------------------------------------


Data Pnt:,Data Pnt(ms):,Average:,Average(uV):,Buffer1:,Buffer1(uV):,Buffer2:,Buffer2(uV):
   1,-512.00,       0,  0.00,       0,  0.00,       0,  0.00
   2,-511.00,       0,  0.00,       0,  0.00,       0,  0.00
   3,-510.00,       0,  0.00,       0,  0.00,       0,  0.00
   4,-509.00,       0,  0.00,       0,  0.00,       0,  0.00
   5,-508.00,       0,  0.00,       0,  0.00,       0,  0.00
   6,-507.00,       0,  0.00,       0,  0.00,       0,  0.00
   7,-506.00,       0,  0.00,       0,  0.00,       0,  0.00
   8,-505.00,       0,  0.00,       0,  0.00,       0,  0.00
   9,-504.00,       0,  0.00,       0,  0.00,       0,  0.00
  10,-503.00,       0,  0.00,       0,  0.00,       0,  0.00
  11,-502.00,       0,  0.00,       0,  0.00,       0,  0.00
  12,-501.00,       0,  0.00,       0,  0.00,       0,  0.00
  13,-500.00,       0,  0.00,       0,  0.00,       0,  0.00
  14,-499.00,       0,  0.00,       0,  0.00,       0,  0.00
  15,-498.00,       0,  0.00,       0,  0.00,       0,  0.00
  16,-497.00,       0,  0.00,       0,  0.00,       0,  0.00
  17,-496.00,       0,  0.00,       0,  0.00,       0,  0.00
  18,-495.00,       0,  0.00,       0,  0.00,       0,  0.00
  19,-494.00,       0,  0.00,       0,  0.00,       0,  0.00
  20,-493.00,       0,  0.00,       0,  0.00,       0,  0.00
  21,-492.00,       0,  0.00,       0,  0.00,       0,  0.00
  22,-491.00,       0,  0.00,       0,  0.00,       0,  0.00
  23,-490.00,       0,  0.00,       0,  0.00,       0,  0.00
  24,-489.00,       0,  0.00,       0,  0.00,       0,  0.00
  25,-488.00,       0,  0.00,       0,  0.00,       0,  0.00
  26,-487.00,       0,  0.00,       0,  0.00,       0,  0.00
  27,-486.00,       0,  0.00,       0,  0.00,       0,  0.00
  28,-485.00,       0,  0.00,       0,  0.00,       0,  0.00
  29,-484.00,       0,  0.00,       0,  0.00,       0,  0.00
  30,-483.00,       0,  0.00,       0,  0.00,       0,  0.00
  31,-482.00,       0,  0.00,       0,  0.00,       0,  0.00
  32,-481.00,       0,  0.00,       0,  0.00,       0,  0.00
  33,-480.00,       0,  0.00,       0,  0.00,       0,  0.00
  34,-479.00,       0,  0.00,       0,  0.00,       0,  0.00
  35,-478.00,       0,  0.00,       0,  0.00,       0,  0.00
  36,-477.00,       0,  0.00,       0,  0.00,       0,  0.00
  37,-476.00,       0,  0.00,       0,  0.00,       0,  0.00
  38,-475.00,       0,  0.00,       0,  0.00,       0,  0.00
  39,-474.00,       0,  0.00,       0,  0.00,       0,  0.00
  40,-473.00,       0,  0.00,       0,  0.00,       0,  0.00
  41,-472.00,       0,  0.00,       0,  0.00,       0,  0.00
  42,-471.00,       0,  0.00,       0,  0.00,       0,  0.00
  43,-470.00,       0,  0.00,       0,  0.00,       0,  0.00
  44,-469.00,       0,  0.00,       0,  0.00,       0,  0.00
  45,-468.00,       0,  0.00,       0,  0.00,       0,  0.00
  46,-467.00,       0,  0.00,       0,  0.00,       0,  0.00
  47,-466.00,       0,  0.00,       0,  0.00,       0,  0.00
  48,-465.00,       0,  0.00,       0,  0.00,       0,  0.00
  49,-464.00,       0,  0.00,       0,  0.00,       0,  0.00
  50,-463.00,       0,  0.00,       0,  0.00,       0,  0.00
  51,-462.00,       0,  0.00,       0,  0.00,       0,  0.00
  52,-461.00,       0,  0.00,       0,  0.00,       0,  0.00
  53,-460.00,       0,  0.00,       0,  0.00,       0,  0.00
  54,-459.00,       0,  0.00,       0,  0.00,       0,  0.00
  55,-458.00,       0,  0.00,       0,  0.00,       0,  0.00
  56,-457.00,       0,  0.00,       0,  0.00,       0,  0.00
  57,-456.00,       0,  0.00,       0,  0.00,       0,  0.00
  58,-455.00,       0,  0.00,       0,  0.00,       0,  0.00
  59,-454.00,       0,  0.00,       0,  0.00,       0,  0.00
  60,-453.00,       0,  0.00,       0,  0.00,       0,  0.00
  61,-452.00,       0,  0.00,       0,  0.00,       0,  0.00
  62,-451.00,       0,  0.00,       0,  0.00,       0,  0.00
  63,-450.00,       0,  0.00,       0,  0.00,       0,  0.00
  64,-449.00,       0,  0.00,       0,  0.00,       0,  0.00
  65,-448.00,       0,  0.00,       0,  0.00,       0,  0.00
  66,-447.00,       0,  0.00,       0,  0.00,       0,  0.00
  67,-446.00,       0,  0.00,       0,  0.00,       0,  0.00
  68,-445.00,       0,  0.00,       0,  0.00,       0,  0.00
  69,-444.00,       0,  0.00,       0,  0.00,       0,  0.00
  70,-443.00,       0,  0.00,       0,  0.00,       0,  0.00
  71,-442.00,       0,  0.00,       0,  0.00,       0,  0.00
  72,-441.00,       0,  0.00,       0,  0.00,       0,  0.00
  73,-440.00,       0,  0.00,       0,  0.00,       0,  0.00
  74,-439.00,       0,  0.00,       0,  0.00,       0,  0.00
  75,-438.00,       0,  0.00,       0,  0.00,       0,  0.00
  76,-437.00,       0,  0.00,       0,  0.00,       0,  0.00
  77,-436.00,       0,  0.00,       0,  0.00,       0,  0.00
  78,-435.00,       0,  0.00,       0,  0.00,       0,  0.00
  79,-434.00,       0,  0.00,       0,  0.00,       0,  0.00
  80,-433.00,       0,  0.00,       0,  0.00,       0,  0.00
  81,-432.00,       0,  0.00,       0,  0.00,       0,  0.00
  82,-431.00,       0,  0.00,       0,  0.00,       0,  0.00
  83,-430.00,       0,  0.00,       0,  0.00,       0,  0.00
  84,-429.00,       0,  0.00,       0,  0.00,       0,  0.00
  85,-428.00,       0,  0.00,       0,  0.00,       0,  0.00
  86,-427.00,       0,  0.00,       0,  0.00,       0,  0.00
  87,-426.00,       0,  0.00,       0,  0.00,       0,  0.00
  88,-425.00,       0,  0.00,       0,  0.00,       0,  0.00
  89,-424.00,       0,  0.00,       0,  0.00,       0,  0.00
  90,-423.00,       0,  0.00,       0,  0.00,       0,  0.00
  91,-422.00,       0,  0.00,       0,  0.00,       0,  0.00
  92,-421.00,       0,  0.00,       0,  0.00,       0,  0.00
  93,-420.00,       0,  0.00,       0,  0.00,       0,  0.00
  94,-419.00,       0,  0.00,       0,  0.00,       0,  0.00
  95,-418.00,       0,  0.00,       0,  0.00,       0,  0.00
  96,-417.00,       0,  0.00,       0,  0.00,       0,  0.00
  97,-416.00,       0,  0.00,       0,  0.00,       0,  0.00
  98,-415.00,       0,  0.00,       0,  0.00,       0,  0.00
  99,-414.00,       0,  0.00,       0,  0.00,       0,  0.00
 100,-413.00,       0,  0.00,       0,  0.00,       0,  0.00
 101,-412.00,       0,  0.00,       0,  0.00,       0,  0.00
 102,-411.00,       0,  0.00,       0,  0.00,       0,  0.00
 103,-410.00,       0,  0.00,       0,  0.00,       0,  0.00
 104,-409.00,       0,  0.00,       0,  0.00,       0,  0.00
 105,-408.00,       0,  0.00,       0,  0.00,       0,  0.00
 106,-407.00,       0,  0.00,       0,  0.00,       0,  0.00
 107,-406.00,       0,  0.00,       0,  0.00,       0,  0.00
 108,-405.00,       0,  0.00,       0,  0.00,       0,  0.00
 109,-404.00,       0,  0.00,       0,  0.00,       0,  0.00
 110,-403.00,       0,  0.00,       0,  0.00,       0,  0.00
 111,-402.00,       0,  0.00,       0,  0.00,       0,  0.00
 112,-401.00,       0,  0.00,       0,  0.00,       0,  0.00
 113,-400.00,       0,  0.00,       0,  0.00,       0,  0.00
 114,-399.00,       0,  0.00,       0,  0.00,       0,  0.00
 115,-398.00,       0,  0.00,       0,  0.00,       0,  0.00
 116,-397.00,   27948,  0.91,   10957,  0.71,   16991,  1.10
 117,-396.00,   26903,  0.87,   11187,  0.73,   15716,  1.02
 118,-395.00,   26488,  0.86,   11751,  0.76,   14737,  0.96
 119,-394.00,   26179,  0.85,   12432,  0.81,   13747,  0.89
 120,-393.00,   27359,  0.89,   12517,  0.81,   14842,  0.96
 121,-392.00,   29519,  0.96,   13357,  0.87,   16162,  1.05
 122,-391.00,   31734,  1.03,   14660,  0.95,   17074,  1.11
 123,-390.00,   33217,  1.08,   16481,  1.07,   16736,  1.09
 124,-389.00,   32650,  1.06,   17624,  1.14,   15026,  0.98
 125,-388.00,   31450,  1.02,   18371,  1.19,   13079,  0.85
 126,-387.00,   31298,  1.02,   18858,  1.22,   12440,  0.81
 127,-386.00,   32429,  1.05,   20152,  1.31,   12277,  0.80
 128,-385.00,   33261,  1.08,   21233,  1.38,   12028,  0.78
 129,-384.00,   32416,  1.05,   21621,  1.40,   10795,  0.70
 130,-383.00,   30967,  1.01,   22517,  1.46,    8450,  0.55
 131,-382.00,   30063,  0.98,   23165,  1.50,    6898,  0.45
 132,-381.00,   29618,  0.96,   23381,  1.52,    6237,  0.40
 133,-380.00,   28039,  0.91,   22899,  1.49,    5140,  0.33
 134,-379.00,   26486,  0.86,   22670,  1.47,    3816,  0.25
 135,-378.00,   26655,  0.87,   22168,  1.44,    4487,  0.29
 136,-377.00,   28518,  0.93,   22624,  1.47,    5894,  0.38
 137,-376.00,   30583,  0.99,   24273,  1.58,    6310,  0.41
 138,-375.00,   32732,  1.06,   26466,  1.72,    6266,  0.41
 139,-374.00,   35398,  1.15,   29004,  1.88,    6394,  0.42
 140,-373.00,   38141,  1.24,   31105,  2.02,    7036,  0.46
 141,-372.00,   39380,  1.28,   31369,  2.04,    8011,  0.52
 142,-371.00,   39173,  1.27,   30146,  1.96,    9027,  0.59
 143,-370.00,   40817,  1.33,   29483,  1.91,   11334,  0.74
 144,-369.00,   41452,  1.35,   28383,  1.84,   13069,  0.85
 145,-368.00,   42599,  1.38,   27836,  1.81,   14763,  0.96
 146,-367.00,   42621,  1.38,   26791,  1.74,   15830,  1.03
 147,-366.00,   42410,  1.38,   26622,  1.73,   15788,  1.03
 148,-365.00,   44304,  1.44,   27778,  1.80,   16526,  1.07
 149,-364.00,   46295,  1.50,   29751,  1.93,   16544,  1.07
 150,-363.00,   47358,  1.54,   30930,  2.01,   16428,  1.07
 151,-362.00,   48806,  1.58,   31804,  2.07,   17002,  1.10
 152,-361.00,   49292,  1.60,   31713,  2.06,   17579,  1.14
 153,-360.00,   48296,  1.57,   31483,  2.04,   16813,  1.09
 154,-359.00,   47089,  1.53,   30231,  1.96,   16858,  1.09
 155,-358.00,   45866,  1.49,   29606,  1.92,   16260,  1.06
 156,-357.00,   44220,  1.44,   28662,  1.86,   15558,  1.01
 157,-356.00,   43112,  1.40,   27456,  1.78,   15656,  1.02
 158,-355.00,   40802,  1.32,   26282,  1.71,   14520,  0.94
 159,-354.00,   39795,  1.29,   25792,  1.67,   14003,  0.91
 160,-353.00,   40857,  1.33,   25975,  1.69,   14882,  0.97
 161,-352.00,   40529,  1.32,   25990,  1.69,   14539,  0.94
 162,-351.00,   39775,  1.29,   25365,  1.65,   14410,  0.94
 163,-350.00,   38975,  1.27,   24093,  1.56,   14882,  0.97
 164,-349.00,   37419,  1.21,   23184,  1.51,   14235,  0.92
 165,-348.00,   36028,  1.17,   21289,  1.38,   14739,  0.96
 166,-347.00,   33346,  1.08,   18557,  1.20,   14789,  0.96
 167,-346.00,   29947,  0.97,   16140,  1.05,   13807,  0.90
 168,-345.00,   26883,  0.87,   13215,  0.86,   13668,  0.89
 169,-344.00,   25739,  0.84,   10142,  0.66,   15597,  1.01
 170,-343.00,   24668,  0.80,    8940,  0.58,   15728,  1.02
 171,-342.00,   23777,  0.77,    8221,  0.53,   15556,  1.01
 172,-341.00,   22948,  0.75,    7547,  0.49,   15401,  1.00
 173,-340.00,   21453,  0.70,    6592,  0.43,   14861,  0.96
 174,-339.00,   20742,  0.67,    6052,  0.39,   14690,  0.95
 175,-338.00,   19982,  0.65,    6172,  0.40,   13810,  0.90
 176,-337.00,   18430,  0.60,    5959,  0.39,   12471,  0.81
 177,-336.00,   15913,  0.52,    4786,  0.31,   11127,  0.72
 178,-335.00,   14000,  0.45,    4005,  0.26,    9995,  0.65
 179,-334.00,   11166,  0.36,    2788,  0.18,    8378,  0.54
 180,-333.00,    9782,  0.32,    2550,  0.17,    7232,  0.47
 181,-332.00,    9481,  0.31,    1831,  0.12,    7650,  0.50
 182,-331.00,    9144,  0.30,     961,  0.06,    8183,  0.53
 183,-330.00,    9318,  0.30,     986,  0.06,    8332,  0.54
 184,-329.00,    8966,  0.29,     504,  0.03,    8462,  0.55
 185,-328.00,    8231,  0.27,     520,  0.03,    7711,  0.50
 186,-327.00,    9449,  0.31,    1821,  0.12,    7628,  0.50
 187,-326.00,    9713,  0.32,    1759,  0.11,    7954,  0.52
 188,-325.00,    9183,  0.30,     973,  0.06,    8210,  0.53
 189,-324.00,   10035,  0.33,    1559,  0.10,    8476,  0.55
 190,-323.00,    9784,  0.32,    1159,  0.08,    8625,  0.56
 191,-322.00,    9844,  0.32,    1681,  0.11,    8163,  0.53
 192,-321.00,    9886,  0.32,    2006,  0.13,    7880,  0.51
 193,-320.00,    7751,  0.25,     714,  0.05,    7037,  0.46
 194,-319.00,    4632,  0.15,    -321, -0.02,    4953,  0.32
 195,-318.00,    2686,  0.09,   -1248, -0.08,    3934,  0.26
 196,-317.00,     642,  0.02,   -2115, -0.14,    2757,  0.18
 197,-316.00,   -1986, -0.06,   -3674, -0.24,    1688,  0.11
 198,-315.00,   -2779, -0.09,   -4397, -0.29,    1618,  0.11
 199,-314.00,   -3593, -0.12,   -5500, -0.36,    1907,  0.12
 200,-313.00,   -6444, -0.21,   -8361, -0.54,    1917,  0.12
 201,-312.00,  -10001, -0.32,  -10428, -0.68,     427,  0.03
 202,-311.00,  -12949, -0.42,  -12871, -0.84,     -78, -0.00
 203,-310.00,  -14480, -0.47,  -14598, -0.95,     118,  0.00
 204,-309.00,  -14619, -0.47,  -15333, -1.00,     714,  0.05
 205,-308.00,  -16099, -0.52,  -16241, -1.05,     142,  0.00
 206,-307.00,  -15753, -0.51,  -15148, -0.98,    -605, -0.04
 207,-306.00,  -14519, -0.47,  -12951, -0.84,   -1568, -0.10
 208,-305.00,  -13267, -0.43,  -11391, -0.74,   -1876, -0.12
 209,-304.00,  -12081, -0.39,  -11415, -0.74,    -666, -0.04
 210,-303.00,  -10728, -0.35,  -11159, -0.72,     431,  0.03
 211,-302.00,   -7739, -0.25,   -9276, -0.60,    1537,  0.10
 212,-301.00,   -4291, -0.14,   -7100, -0.46,    2809,  0.18
 213,-300.00,   -1239, -0.04,   -5422, -0.35,    4183,  0.27
 214,-299.00,    1684,  0.05,   -3219, -0.21,    4903,  0.32
 215,-298.00,    5243,  0.17,    -549, -0.04,    5792,  0.38
 216,-297.00,    7999,  0.26,    1749,  0.11,    6250,  0.41
 217,-296.00,    9949,  0.32,    4447,  0.29,    5502,  0.36
 218,-295.00,   15107,  0.49,    8382,  0.54,    6725,  0.44
 219,-294.00,   20191,  0.66,   11867,  0.77,    8324,  0.54
 220,-293.00,   22306,  0.72,   13433,  0.87,    8873,  0.58
 221,-292.00,   23108,  0.75,   13734,  0.89,    9374,  0.61
 222,-291.00,   21943,  0.71,   12655,  0.82,    9288,  0.60
 223,-290.00,   20683,  0.67,   11397,  0.74,    9286,  0.60
 224,-289.00,   19924,  0.65,   10739,  0.70,    9185,  0.60
 225,-288.00,   17776,  0.58,    9881,  0.64,    7895,  0.51
 226,-287.00,   16733,  0.54,    9038,  0.59,    7695,  0.50
 227,-286.00,   17503,  0.57,    8851,  0.57,    8652,  0.56
 228,-285.00,   17960,  0.58,    8418,  0.55,    9542,  0.62
 229,-284.00,   16157,  0.52,    7163,  0.47,    8994,  0.58
 230,-283.00,   16760,  0.54,    7220,  0.47,    9540,  0.62
 231,-282.00,   18100,  0.59,    7677,  0.50,   10423,  0.68
 232,-281.00,   18690,  0.61,    7136,  0.46,   11554,  0.75
 233,-280.00,   17888,  0.58,    5819,  0.38,   12069,  0.78
 234,-279.00,   17571,  0.57,    5041,  0.33,   12530,  0.81
 235,-278.00,   17578,  0.57,    4975,  0.32,   12603,  0.82
 236,-277.00,   17800,  0.58,    4642,  0.30,   13158,  0.85
 237,-276.00,   17597,  0.57,    3790,  0.25,   13807,  0.90
 238,-275.00,   15989,  0.52,    2068,  0.13,   13921,  0.90
 239,-274.00,   15934,  0.52,    2015,  0.13,   13919,  0.90
 240,-273.00,   15238,  0.49,     970,  0.06,   14268,  0.93
 241,-272.00,   13546,  0.44,      84,  0.00,   13462,  0.87
 242,-271.00,   12607,  0.41,    -763, -0.05,   13370,  0.87
 243,-270.00,    9928,  0.32,   -2375, -0.15,   12303,  0.80
 244,-269.00,    7867,  0.26,   -3409, -0.22,   11276,  0.73
 245,-268.00,    6898,  0.22,   -4312, -0.28,   11210,  0.73
 246,-267.00,    8071,  0.26,   -4689, -0.30,   12760,  0.83
 247,-266.00,    7957,  0.26,   -5183, -0.34,   13140,  0.85
 248,-265.00,    5286,  0.17,   -6260, -0.41,   11546,  0.75
 249,-264.00,    2286,  0.07,   -7494, -0.49,    9780,  0.64
 250,-263.00,    1019,  0.03,   -7662, -0.50,    8681,  0.56
 251,-262.00,   -1768, -0.06,   -7698, -0.50,    5930,  0.39
 252,-261.00,   -4018, -0.13,   -7391, -0.48,    3373,  0.22
 253,-260.00,   -6113, -0.20,   -7347, -0.48,    1234,  0.08
 254,-259.00,   -6936, -0.23,   -6766, -0.44,    -170, -0.01
 255,-258.00,   -7362, -0.24,   -5904, -0.38,   -1458, -0.09
 256,-257.00,   -7618, -0.25,   -5250, -0.34,   -2368, -0.15
 257,-256.00,   -7878, -0.26,   -5309, -0.34,   -2569, -0.17
 258,-255.00,   -8965, -0.29,   -5941, -0.39,   -3024, -0.20
 259,-254.00,   -8883, -0.29,   -6223, -0.40,   -2660, -0.17
 260,-253.00,   -7983, -0.26,   -5875, -0.38,   -2108, -0.14
 261,-252.00,   -7967, -0.26,   -5813, -0.38,   -2154, -0.14
 262,-251.00,   -8460, -0.27,   -5066, -0.33,   -3394, -0.22
 263,-250.00,  -11313, -0.37,   -5827, -0.38,   -5486, -0.36
 264,-249.00,  -14323, -0.47,   -7139, -0.46,   -7184, -0.47
 265,-248.00,  -15859, -0.51,   -7606, -0.49,   -8253, -0.54
 266,-247.00,  -17924, -0.58,   -7529, -0.49,  -10395, -0.67
 267,-246.00,  -20334, -0.66,   -8363, -0.54,  -11971, -0.78
 268,-245.00,  -23112, -0.75,  -10424, -0.68,  -12688, -0.82
 269,-244.00,  -26483, -0.86,  -12955, -0.84,  -13528, -0.88
 270,-243.00,  -28091, -0.91,  -14186, -0.92,  -13905, -0.90
 271,-242.00,  -28831, -0.94,  -14945, -0.97,  -13886, -0.90
 272,-241.00,  -30704, -1.00,  -15940, -1.04,  -14764, -0.96
 273,-240.00,  -32326, -1.05,  -17622, -1.14,  -14704, -0.95
 274,-239.00,  -31518, -1.02,  -17172, -1.12,  -14346, -0.93
 275,-238.00,  -32327, -1.05,  -17559, -1.14,  -14768, -0.96
 276,-237.00,  -35431, -1.15,  -19005, -1.23,  -16426, -1.07
 277,-236.00,  -38763, -1.26,  -20288, -1.32,  -18475, -1.20
 278,-235.00,  -43520, -1.41,  -22381, -1.45,  -21139, -1.37
 279,-234.00,  -45555, -1.48,  -23716, -1.54,  -21839, -1.42
 280,-233.00,  -44744, -1.45,  -23644, -1.54,  -21100, -1.37
 281,-232.00,  -44783, -1.45,  -23557, -1.53,  -21226, -1.38
 282,-231.00,  -44224, -1.44,  -23180, -1.51,  -21044, -1.37
 283,-230.00,  -42377, -1.38,  -22855, -1.48,  -19522, -1.27
 284,-229.00,  -41937, -1.36,  -23224, -1.51,  -18713, -1.22
 285,-228.00,  -42443, -1.38,  -23132, -1.50,  -19311, -1.25
 286,-227.00,  -42731, -1.39,  -24900, -1.62,  -17831, -1.16
 287,-226.00,  -46065, -1.50,  -28206, -1.83,  -17859, -1.16
 288,-225.00,  -47048, -1.53,  -30662, -1.99,  -16386, -1.06
 289,-224.00,  -47594, -1.55,  -32475, -2.11,  -15119, -0.98
 290,-223.00,  -48645, -1.58,  -33938, -2.20,  -14707, -0.95
 291,-222.00,  -47892, -1.55,  -34387, -2.23,  -13505, -0.88
 292,-221.00,  -48710, -1.58,  -34988, -2.27,  -13722, -0.89
 293,-220.00,  -50449, -1.64,  -35667, -2.32,  -14782, -0.96
 294,-219.00,  -50576, -1.64,  -36532, -2.37,  -14044, -0.91
 295,-218.00,  -49900, -1.62,  -37677, -2.45,  -12223, -0.79
 296,-217.00,  -49433, -1.60,  -38437, -2.50,  -10996, -0.71
 297,-216.00,  -49289, -1.60,  -40165, -2.61,   -9124, -0.59
 298,-215.00,  -47417, -1.54,  -39985, -2.60,   -7432, -0.48
 299,-214.00,  -45913, -1.49,  -39986, -2.60,   -5927, -0.38
 300,-213.00,  -46256, -1.50,  -41045, -2.67,   -5211, -0.34
 301,-212.00,  -46995, -1.53,  -43303, -2.81,   -3692, -0.24
 302,-211.00,  -48600, -1.58,  -46068, -2.99,   -2532, -0.16
 303,-210.00,  -50544, -1.64,  -48015, -3.12,   -2529, -0.16
 304,-209.00,  -51068, -1.66,  -48928, -3.18,   -2140, -0.14
 305,-208.00,  -51634, -1.68,  -49652, -3.22,   -1982, -0.13
 306,-207.00,  -51565, -1.67,  -49630, -3.22,   -1935, -0.13
 307,-206.00,  -51953, -1.69,  -49199, -3.19,   -2754, -0.18
 308,-205.00,  -54572, -1.77,  -50778, -3.30,   -3794, -0.25
 309,-204.00,  -56631, -1.84,  -52102, -3.38,   -4529, -0.29
 310,-203.00,  -60659, -1.97,  -53977, -3.50,   -6682, -0.43
 311,-202.00,  -63630, -2.07,  -54813, -3.56,   -8817, -0.57
 312,-201.00,  -63453, -2.06,  -52927, -3.44,  -10526, -0.68
 313,-200.00,  -64422, -2.09,  -51220, -3.33,  -13202, -0.86
 314,-199.00,  -67066, -2.18,  -51265, -3.33,  -15801, -1.03
 315,-198.00,  -68676, -2.23,  -51182, -3.32,  -17494, -1.14
 316,-197.00,  -70762, -2.30,  -50596, -3.29,  -20166, -1.31
 317,-196.00,  -71659, -2.33,  -49245, -3.20,  -22414, -1.46
 318,-195.00,  -73039, -2.37,  -47938, -3.11,  -25101, -1.63
 319,-194.00,  -75405, -2.45,  -47012, -3.05,  -28393, -1.84
 320,-193.00,  -75698, -2.46,  -45965, -2.98,  -29733, -1.93
 321,-192.00,  -76360, -2.48,  -45318, -2.94,  -31042, -2.02
 322,-191.00,  -76271, -2.48,  -44400, -2.88,  -31871, -2.07
 323,-190.00,  -76277, -2.48,  -44889, -2.91,  -31388, -2.04
 324,-189.00,  -75889, -2.46,  -44816, -2.91,  -31073, -2.02
 325,-188.00,  -77256, -2.51,  -43663, -2.84,  -33593, -2.18
 326,-187.00,  -77056, -2.50,  -43686, -2.84,  -33370, -2.17
 327,-186.00,  -76503, -2.48,  -44100, -2.86,  -32403, -2.10
 328,-185.00,  -77475, -2.52,  -45110, -2.93,  -32365, -2.10
 329,-184.00,  -78484, -2.55,  -46229, -3.00,  -32255, -2.09
 330,-183.00,  -78886, -2.56,  -47291, -3.07,  -31595, -2.05
 331,-182.00,  -79996, -2.60,  -48421, -3.14,  -31575, -2.05
 332,-181.00,  -80152, -2.60,  -49529, -3.22,  -30623, -1.99
 333,-180.00,  -80925, -2.63,  -50448, -3.28,  -30477, -1.98
 334,-179.00,  -81113, -2.63,  -50672, -3.29,  -30441, -1.98
 335,-178.00,  -80468, -2.61,  -50312, -3.27,  -30156, -1.96
 336,-177.00,  -79145, -2.57,  -49277, -3.20,  -29868, -1.94
 337,-176.00,  -78304, -2.54,  -48595, -3.16,  -29709, -1.93
 338,-175.00,  -77929, -2.53,  -47740, -3.10,  -30189, -1.96
 339,-174.00,  -76027, -2.47,  -46735, -3.03,  -29292, -1.90
 340,-173.00,  -72976, -2.37,  -46454, -3.02,  -26522, -1.72
 341,-172.00,  -71027, -2.31,  -45569, -2.96,  -25458, -1.65
 342,-171.00,  -69453, -2.25,  -44248, -2.87,  -25205, -1.64
 343,-170.00,  -69401, -2.25,  -44242, -2.87,  -25159, -1.63
 344,-169.00,  -66808, -2.17,  -42571, -2.76,  -24237, -1.57
 345,-168.00,  -64046, -2.08,  -41083, -2.67,  -22963, -1.49
 346,-167.00,  -62906, -2.04,  -40193, -2.61,  -22713, -1.47
 347,-166.00,  -62456, -2.03,  -39472, -2.56,  -22984, -1.49
 348,-165.00,  -62805, -2.04,  -38457, -2.50,  -24348, -1.58
 349,-164.00,  -62561, -2.03,  -36702, -2.38,  -25859, -1.68
 350,-163.00,  -61341, -1.99,  -36259, -2.35,  -25082, -1.63
 351,-162.00,  -60630, -1.97,  -36822, -2.39,  -23808, -1.55
 352,-161.00,  -60112, -1.95,  -38471, -2.50,  -21641, -1.41
 353,-160.00,  -58500, -1.90,  -39082, -2.54,  -19418, -1.26
 354,-159.00,  -57377, -1.86,  -39152, -2.54,  -18225, -1.18
 355,-158.00,  -59401, -1.93,  -40504, -2.63,  -18897, -1.23
 356,-157.00,  -58254, -1.89,  -39431, -2.56,  -18823, -1.22
 357,-156.00,  -58576, -1.90,  -39205, -2.55,  -19371, -1.26
 358,-155.00,  -59614, -1.94,  -40025, -2.60,  -19589, -1.27
 359,-154.00,  -58938, -1.91,  -39801, -2.58,  -19137, -1.24
 360,-153.00,  -57782, -1.88,  -38960, -2.53,  -18822, -1.22
 361,-152.00,  -57188, -1.86,  -38237, -2.48,  -18951, -1.23
 362,-151.00,  -57518, -1.87,  -38316, -2.49,  -19202, -1.25
 363,-150.00,  -58159, -1.89,  -38316, -2.49,  -19843, -1.29
 364,-149.00,  -58326, -1.89,  -38088, -2.47,  -20238, -1.31
 365,-148.00,  -60985, -1.98,  -38970, -2.53,  -22015, -1.43
 366,-147.00,  -62094, -2.02,  -38928, -2.53,  -23166, -1.50
 367,-146.00,  -62206, -2.02,  -38553, -2.50,  -23653, -1.54
 368,-145.00,  -63446, -2.06,  -39425, -2.56,  -24021, -1.56
 369,-144.00,  -64853, -2.11,  -39680, -2.58,  -25173, -1.63
 370,-143.00,  -64592, -2.10,  -39654, -2.57,  -24938, -1.62
 371,-142.00,  -63941, -2.08,  -38500, -2.50,  -25441, -1.65
 372,-141.00,  -64487, -2.09,  -37788, -2.45,  -26699, -1.73
 373,-140.00,  -66375, -2.15,  -38360, -2.49,  -28015, -1.82
 374,-139.00,  -66668, -2.16,  -38962, -2.53,  -27706, -1.80
 375,-138.00,  -65644, -2.13,  -38669, -2.51,  -26975, -1.75
 376,-137.00,  -64134, -2.08,  -38267, -2.48,  -25867, -1.68
 377,-136.00,  -62675, -2.03,  -38092, -2.47,  -24583, -1.60
 378,-135.00,  -62825, -2.04,  -38906, -2.53,  -23919, -1.55
 379,-134.00,  -63252, -2.05,  -39053, -2.54,  -24199, -1.57
 380,-133.00,  -60963, -1.98,  -37839, -2.46,  -23124, -1.50
 381,-132.00,  -58154, -1.89,  -35989, -2.34,  -22165, -1.44
 382,-131.00,  -56830, -1.85,  -35007, -2.27,  -21823, -1.42
 383,-130.00,  -54946, -1.78,  -33821, -2.20,  -21125, -1.37
 384,-129.00,  -53032, -1.72,  -32051, -2.08,  -20981, -1.36
 385,-128.00,  -50441, -1.64,  -30119, -1.96,  -20322, -1.32
 386,-127.00,  -48759, -1.58,  -28410, -1.84,  -20349, -1.32
 387,-126.00,  -46669, -1.52,  -26319, -1.71,  -20350, -1.32
 388,-125.00,  -43791, -1.42,  -24173, -1.57,  -19618, -1.27
 389,-124.00,  -41904, -1.36,  -22848, -1.48,  -19056, -1.24
 390,-123.00,  -40356, -1.31,  -21035, -1.37,  -19321, -1.25
 391,-122.00,  -38007, -1.23,  -18546, -1.20,  -19461, -1.26
 392,-121.00,  -35838, -1.16,  -15782, -1.02,  -20056, -1.30
 393,-120.00,  -35099, -1.14,  -13441, -0.87,  -21658, -1.41
 394,-119.00,  -35698, -1.16,  -11775, -0.76,  -23923, -1.55
 395,-118.00,  -33837, -1.10,   -9597, -0.62,  -24240, -1.57
 396,-117.00,  -31970, -1.04,   -8186, -0.53,  -23784, -1.54
 397,-116.00,  -30145, -0.98,   -7169, -0.47,  -22976, -1.49
 398,-115.00,  -28701, -0.93,   -5907, -0.38,  -22794, -1.48
 399,-114.00,  -27325, -0.89,   -4323, -0.28,  -23002, -1.49
 400,-113.00,  -25540, -0.83,   -2848, -0.18,  -22692, -1.47
 401,-112.00,  -25290, -0.82,   -1845, -0.12,  -23445, -1.52
 402,-111.00,  -25463, -0.83,   -1420, -0.09,  -24043, -1.56
 403,-110.00,  -24040, -0.78,    -716, -0.05,  -23324, -1.51
 404,-109.00,  -22355, -0.73,     -84, -0.00,  -22271, -1.45
 405,-108.00,  -20605, -0.67,    1225,  0.08,  -21830, -1.42
 406,-107.00,  -19283, -0.63,    2386,  0.15,  -21669, -1.41
 407,-106.00,  -17825, -0.58,    3258,  0.21,  -21083, -1.37
 408,-105.00,  -16453, -0.53,    4404,  0.29,  -20857, -1.35
 409,-104.00,  -14569, -0.47,    5898,  0.38,  -20467, -1.33
 410,-103.00,  -15058, -0.49,    5513,  0.36,  -20571, -1.34
 411,-102.00,  -14965, -0.49,    4855,  0.32,  -19820, -1.29
 412,-101.00,  -13294, -0.43,    5680,  0.37,  -18974, -1.23
 413,-100.00,  -13273, -0.43,    5904,  0.38,  -19177, -1.25
 414,-99.00,  -13457, -0.44,    5948,  0.39,  -19405, -1.26
 415,-98.00,  -12085, -0.39,    6800,  0.44,  -18885, -1.23
 416,-97.00,  -10167, -0.33,    8490,  0.55,  -18657, -1.21
 417,-96.00,  -10047, -0.33,    9682,  0.63,  -19729, -1.28
 418,-95.00,   -8857, -0.29,   11763,  0.76,  -20620, -1.34
 419,-94.00,   -7919, -0.26,   13616,  0.88,  -21535, -1.40
 420,-93.00,   -6565, -0.21,   16064,  1.04,  -22629, -1.47
 421,-92.00,   -5504, -0.18,   18068,  1.17,  -23572, -1.53
 422,-91.00,   -5616, -0.18,   18459,  1.20,  -24075, -1.56
 423,-90.00,   -4978, -0.16,   20208,  1.31,  -25186, -1.64
 424,-89.00,   -4234, -0.14,   21850,  1.42,  -26084, -1.69
 425,-88.00,   -4198, -0.14,   23249,  1.51,  -27447, -1.78
 426,-87.00,   -3308, -0.11,   25726,  1.67,  -29034, -1.89
 427,-86.00,   -4827, -0.16,   25051,  1.63,  -29878, -1.94
 428,-85.00,   -5706, -0.19,   24113,  1.57,  -29819, -1.94
 429,-84.00,   -3984, -0.13,   24332,  1.58,  -28316, -1.84
 430,-83.00,   -2196, -0.07,   24183,  1.57,  -26379, -1.71
 431,-82.00,   -1267, -0.04,   23436,  1.52,  -24703, -1.60
 432,-81.00,    -850, -0.03,   22391,  1.45,  -23241, -1.51
 433,-80.00,     345,  0.01,   22112,  1.44,  -21767, -1.41
 434,-79.00,     994,  0.03,   21002,  1.36,  -20008, -1.30
 435,-78.00,    1389,  0.05,   21028,  1.37,  -19639, -1.28
 436,-77.00,    4279,  0.14,   22951,  1.49,  -18672, -1.21
 437,-76.00,    8754,  0.28,   24348,  1.58,  -15594, -1.01
 438,-75.00,   11910,  0.39,   24571,  1.60,  -12661, -0.82
 439,-74.00,   12791,  0.42,   23514,  1.53,  -10723, -0.70
 440,-73.00,   11843,  0.38,   21306,  1.38,   -9463, -0.61
 441,-72.00,   11986,  0.39,   19947,  1.30,   -7961, -0.52
 442,-71.00,   13917,  0.45,   19580,  1.27,   -5663, -0.37
 443,-70.00,   15221,  0.49,   19671,  1.28,   -4450, -0.29
 444,-69.00,   16951,  0.55,   21181,  1.38,   -4230, -0.27
 445,-68.00,   16781,  0.54,   20884,  1.36,   -4103, -0.27
 446,-67.00,   16032,  0.52,   19823,  1.29,   -3791, -0.25
 447,-66.00,   15189,  0.49,   18275,  1.19,   -3086, -0.20
 448,-65.00,   15624,  0.51,   17330,  1.13,   -1706, -0.11
 449,-64.00,   14867,  0.48,   16107,  1.05,   -1240, -0.08
 450,-63.00,   14241,  0.46,   15752,  1.02,   -1511, -0.10
 451,-62.00,   15095,  0.49,   16608,  1.08,   -1513, -0.10
 452,-61.00,   16292,  0.53,   17233,  1.12,    -941, -0.06
 453,-60.00,   16390,  0.53,   16647,  1.08,    -257, -0.02
 454,-59.00,   15451,  0.50,   15734,  1.02,    -283, -0.02
 455,-58.00,   15722,  0.51,   15961,  1.04,    -239, -0.02
 456,-57.00,   16602,  0.54,   15781,  1.02,     821,  0.05
 457,-56.00,   15995,  0.52,   14760,  0.96,    1235,  0.08
 458,-55.00,   16416,  0.53,   14744,  0.96,    1672,  0.11
 459,-54.00,   16578,  0.54,   15863,  1.03,     715,  0.05
 460,-53.00,   17681,  0.57,   16965,  1.10,     716,  0.05
 461,-52.00,   19662,  0.64,   18950,  1.23,     712,  0.05
 462,-51.00,   21885,  0.71,   20888,  1.36,     997,  0.06
 463,-50.00,   23594,  0.77,   22187,  1.44,    1407,  0.09
 464,-49.00,   25522,  0.83,   23740,  1.54,    1782,  0.12
 465,-48.00,   25845,  0.84,   25924,  1.68,     -79, -0.00
 466,-47.00,   24579,  0.80,   26292,  1.71,   -1713, -0.11
 467,-46.00,   22605,  0.73,   25343,  1.65,   -2738, -0.18
 468,-45.00,   21571,  0.70,   25415,  1.65,   -3844, -0.25
 469,-44.00,   20095,  0.65,   24721,  1.61,   -4626, -0.30
 470,-43.00,   18953,  0.62,   23393,  1.52,   -4440, -0.29
 471,-42.00,   19213,  0.62,   22763,  1.48,   -3550, -0.23
 472,-41.00,   18333,  0.60,   22413,  1.46,   -4080, -0.26
 473,-40.00,   16879,  0.55,   21149,  1.37,   -4270, -0.28
 474,-39.00,   16426,  0.53,   20340,  1.32,   -3914, -0.25
 475,-38.00,   16106,  0.52,   19438,  1.26,   -3332, -0.22
 476,-37.00,   16883,  0.55,   18870,  1.23,   -1987, -0.13
 477,-36.00,   17088,  0.55,   19002,  1.23,   -1914, -0.12
 478,-35.00,   16670,  0.54,   18509,  1.20,   -1839, -0.12
 479,-34.00,   16463,  0.53,   17689,  1.15,   -1226, -0.08
 480,-33.00,   15643,  0.51,   17773,  1.15,   -2130, -0.14
 481,-32.00,   15208,  0.49,   18047,  1.17,   -2839, -0.18
 482,-31.00,   15234,  0.49,   17982,  1.17,   -2748, -0.18
 483,-30.00,   13871,  0.45,   17363,  1.13,   -3492, -0.23
 484,-29.00,   12073,  0.39,   16145,  1.05,   -4072, -0.26
 485,-28.00,   11898,  0.39,   14979,  0.97,   -3081, -0.20
 486,-27.00,   11779,  0.38,   13319,  0.86,   -1540, -0.10
 487,-26.00,   11681,  0.38,   12406,  0.81,    -725, -0.05
 488,-25.00,   11035,  0.36,   11049,  0.72,     -14, -0.00
 489,-24.00,   12070,  0.39,   11164,  0.72,     906,  0.06
 490,-23.00,   11557,  0.38,   10719,  0.70,     838,  0.05
 491,-22.00,    8307,  0.27,    8493,  0.55,    -186, -0.01
 492,-21.00,    6773,  0.22,    7306,  0.47,    -533, -0.03
 493,-20.00,    4815,  0.16,    5618,  0.36,    -803, -0.05
 494,-19.00,    3199,  0.10,    3870,  0.25,    -671, -0.04
 495,-18.00,    2092,  0.07,    2595,  0.17,    -503, -0.03
 496,-17.00,    2500,  0.08,    2173,  0.14,     327,  0.02
 497,-16.00,    4941,  0.16,    3139,  0.20,    1802,  0.12
 498,-15.00,    4388,  0.14,    1959,  0.13,    2429,  0.16
 499,-14.00,    4116,  0.13,     985,  0.06,    3131,  0.20
 500,-13.00,    4258,  0.14,     644,  0.04,    3614,  0.23
 501,-12.00,    3392,  0.11,    -250, -0.02,    3642,  0.24
 502,-11.00,    2594,  0.08,    -948, -0.06,    3542,  0.23
 503,-10.00,    1452,  0.05,   -1083, -0.07,    2535,  0.16
 504,-9.00,    1806,  0.06,   -1194, -0.08,    3000,  0.19
 505,-8.00,     -55, -0.00,   -2583, -0.17,    2528,  0.16
 506,-7.00,   -1376, -0.04,   -3894, -0.25,    2518,  0.16
 507,-6.00,   -2015, -0.07,   -4880, -0.32,    2865,  0.19
 508,-5.00,   -1651, -0.05,   -4888, -0.32,    3237,  0.21
 509,-4.00,    -355, -0.01,   -4427, -0.29,    4072,  0.26
 510,-3.00,     548,  0.02,   -3948, -0.26,    4496,  0.29
 511,-2.00,    1147,  0.04,   -3942, -0.26,    5089,  0.33
 512,-1.00,    -552, -0.02,   -4149, -0.27,    3597,  0.23
 513,0.00,   -2552, -0.08,   -5049, -0.33,    2497,  0.16
 514,1.00,   -4926, -0.16,   -7298, -0.47,    2372,  0.15
 515,2.00,   -7323, -0.24,   -9520, -0.62,    2197,  0.14
 516,3.00,   -7925, -0.26,  -10763, -0.70,    2838,  0.18
 517,4.00,   -6833, -0.22,  -10672, -0.69,    3839,  0.25
 518,5.00,   -7455, -0.24,  -11577, -0.75,    4122,  0.27
 519,6.00,   -9466, -0.31,  -12117, -0.79,    2651,  0.17
 520,7.00,  -10660, -0.35,  -12477, -0.81,    1817,  0.12
 521,8.00,  -11050, -0.36,  -12521, -0.81,    1471,  0.10
 522,9.00,  -12206, -0.40,  -12280, -0.80,      74,  0.00
 523,10.00,  -13915, -0.45,  -11917, -0.77,   -1998, -0.13
 524,11.00,  -16072, -0.52,  -11455, -0.74,   -4617, -0.30
 525,12.00,  -17035, -0.55,  -11486, -0.75,   -5549, -0.36
 526,13.00,  -16360, -0.53,  -10651, -0.69,   -5709, -0.37
 527,14.00,  -15375, -0.50,  -11287, -0.73,   -4088, -0.27
 528,15.00,  -16505, -0.54,  -12765, -0.83,   -3740, -0.24
 529,16.00,  -17961, -0.58,  -13569, -0.88,   -4392, -0.29
 530,17.00,  -17136, -0.56,  -13325, -0.87,   -3811, -0.25
 531,18.00,  -17469, -0.57,  -12851, -0.83,   -4618, -0.30
 532,19.00,  -19572, -0.64,  -13334, -0.87,   -6238, -0.41
 533,20.00,  -20336, -0.66,  -13397, -0.87,   -6939, -0.45
 534,21.00,  -19966, -0.65,  -12327, -0.80,   -7639, -0.50
 535,22.00,  -20669, -0.67,  -12653, -0.82,   -8016, -0.52
 536,23.00,  -23195, -0.75,  -14295, -0.93,   -8900, -0.58
 537,24.00,  -22971, -0.75,  -15016, -0.98,   -7955, -0.52
 538,25.00,  -22867, -0.74,  -14698, -0.95,   -8169, -0.53
 539,26.00,  -21794, -0.71,  -14427, -0.94,   -7367, -0.48
 540,27.00,  -22178, -0.72,  -15121, -0.98,   -7057, -0.46
 541,28.00,  -25149, -0.82,  -16888, -1.10,   -8261, -0.54
 542,29.00,  -27257, -0.88,  -17599, -1.14,   -9658, -0.63
 543,30.00,  -27510, -0.89,  -17265, -1.12,  -10245, -0.67
 544,31.00,  -28162, -0.91,  -18146, -1.18,  -10016, -0.65
 545,32.00,  -29904, -0.97,  -18459, -1.20,  -11445, -0.74
 546,33.00,  -30437, -0.99,  -18461, -1.20,  -11976, -0.78
 547,34.00,  -31144, -1.01,  -19071, -1.24,  -12073, -0.78
 548,35.00,  -33299, -1.08,  -19530, -1.27,  -13769, -0.89
 549,36.00,  -34518, -1.12,  -19402, -1.26,  -15116, -0.98
 550,37.00,  -36493, -1.18,  -20078, -1.30,  -16415, -1.07
 551,38.00,  -37260, -1.21,  -20870, -1.36,  -16390, -1.06
 552,39.00,  -37366, -1.21,  -20875, -1.36,  -16491, -1.07
 553,40.00,  -41792, -1.36,  -22475, -1.46,  -19317, -1.25
 554,41.00,  -47859, -1.55,  -24963, -1.62,  -22896, -1.49
 555,42.00,  -50397, -1.64,  -25392, -1.65,  -25005, -1.62
 556,43.00,  -52248, -1.70,  -26734, -1.74,  -25514, -1.66
 557,44.00,  -55075, -1.79,  -28525, -1.85,  -26550, -1.72
 558,45.00,  -58155, -1.89,  -30359, -1.97,  -27796, -1.80
 559,46.00,  -62305, -2.02,  -33281, -2.16,  -29024, -1.88
 560,47.00,  -66481, -2.16,  -37397, -2.43,  -29084, -1.89
 561,48.00,  -68483, -2.22,  -40341, -2.62,  -28142, -1.83
 562,49.00,  -70511, -2.29,  -43080, -2.80,  -27431, -1.78
 563,50.00,  -74341, -2.41,  -46255, -3.00,  -28086, -1.82
 564,51.00,  -76127, -2.47,  -47691, -3.10,  -28436, -1.85
 565,52.00,  -78597, -2.55,  -49910, -3.24,  -28687, -1.86
 566,53.00,  -80292, -2.61,  -51729, -3.36,  -28563, -1.85
 567,54.00,  -81594, -2.65,  -52751, -3.43,  -28843, -1.87
 568,55.00,  -83393, -2.71,  -53921, -3.50,  -29472, -1.91
 569,56.00,  -85038, -2.76,  -55611, -3.61,  -29427, -1.91
 570,57.00,  -85878, -2.79,  -56902, -3.69,  -28976, -1.88
 571,58.00,  -87333, -2.84,  -57894, -3.76,  -29439, -1.91
 572,59.00,  -87395, -2.84,  -57777, -3.75,  -29618, -1.92
 573,60.00,  -86381, -2.80,  -57512, -3.73,  -28869, -1.87
 574,61.00,  -86487, -2.81,  -57655, -3.74,  -28832, -1.87
 575,62.00,  -87947, -2.86,  -58445, -3.80,  -29502, -1.92
 576,63.00,  -88857, -2.88,  -58850, -3.82,  -30007, -1.95
 577,64.00,  -91527, -2.97,  -59342, -3.85,  -32185, -2.09
 578,65.00,  -93528, -3.04,  -59478, -3.86,  -34050, -2.21
 579,66.00,  -92519, -3.00,  -58593, -3.80,  -33926, -2.20
 580,67.00,  -90804, -2.95,  -58385, -3.79,  -32419, -2.11
 581,68.00,  -89776, -2.91,  -59028, -3.83,  -30748, -2.00
 582,69.00,  -87903, -2.85,  -59227, -3.85,  -28676, -1.86
 583,70.00,  -85595, -2.78,  -59159, -3.84,  -26436, -1.72
 584,71.00,  -84260, -2.74,  -59504, -3.86,  -24756, -1.61
 585,72.00,  -85759, -2.78,  -60436, -3.92,  -25323, -1.64
 586,73.00,  -85832, -2.79,  -60384, -3.92,  -25448, -1.65
 587,74.00,  -84980, -2.76,  -59670, -3.87,  -25310, -1.64
 588,75.00,  -84238, -2.73,  -59708, -3.88,  -24530, -1.59
 589,76.00,  -83536, -2.71,  -59259, -3.85,  -24277, -1.58
 590,77.00,  -80687, -2.62,  -57037, -3.70,  -23650, -1.54
 591,78.00,  -78154, -2.54,  -55032, -3.57,  -23122, -1.50
 592,79.00,  -75613, -2.45,  -52863, -3.43,  -22750, -1.48
 593,80.00,  -73281, -2.38,  -52028, -3.38,  -21253, -1.38
 594,81.00,  -72624, -2.36,  -52360, -3.40,  -20264, -1.32
 595,82.00,  -71604, -2.32,  -51436, -3.34,  -20168, -1.31
 596,83.00,  -70579, -2.29,  -51103, -3.32,  -19476, -1.26
 597,84.00,  -69376, -2.25,  -50015, -3.25,  -19361, -1.26
 598,85.00,  -68387, -2.22,  -48572, -3.15,  -19815, -1.29
 599,86.00,  -68684, -2.23,  -47563, -3.09,  -21121, -1.37
 600,87.00,  -68644, -2.23,  -47171, -3.06,  -21473, -1.39
 601,88.00,  -68358, -2.22,  -46925, -3.05,  -21433, -1.39
 602,89.00,  -67693, -2.20,  -47030, -3.05,  -20663, -1.34
 603,90.00,  -67008, -2.18,  -47391, -3.08,  -19617, -1.27
 604,91.00,  -67182, -2.18,  -48074, -3.12,  -19108, -1.24
 605,92.00,  -66487, -2.16,  -47670, -3.10,  -18817, -1.22
 606,93.00,  -64940, -2.11,  -47193, -3.06,  -17747, -1.15
 607,94.00,  -62490, -2.03,  -47298, -3.07,  -15192, -0.99
 608,95.00,  -60413, -1.96,  -46465, -3.02,  -13948, -0.91
 609,96.00,  -60372, -1.96,  -46769, -3.04,  -13603, -0.88
 610,97.00,  -60970, -1.98,  -47166, -3.06,  -13804, -0.90
 611,98.00,  -62309, -2.02,  -47704, -3.10,  -14605, -0.95
 612,99.00,  -64458, -2.09,  -47615, -3.09,  -16843, -1.09
 613,100.00,  -65410, -2.12,  -47343, -3.07,  -18067, -1.17
 614,101.00,  -64874, -2.11,  -46979, -3.05,  -17895, -1.16
 615,102.00,  -65064, -2.11,  -46645, -3.03,  -18419, -1.20
 616,103.00,  -64577, -2.10,  -46578, -3.02,  -17999, -1.17
 617,104.00,  -64297, -2.09,  -47332, -3.07,  -16965, -1.10
 618,105.00,  -65428, -2.12,  -48717, -3.16,  -16711, -1.09
 619,106.00,  -64519, -2.09,  -48722, -3.16,  -15797, -1.03
 620,107.00,  -64195, -2.08,  -48982, -3.18,  -15213, -0.99
 621,108.00,  -62840, -2.04,  -48795, -3.17,  -14045, -0.91
 622,109.00,  -60408, -1.96,  -47946, -3.11,  -12462, -0.81
 623,110.00,  -59687, -1.94,  -47716, -3.10,  -11971, -0.78
 624,111.00,  -59582, -1.93,  -47045, -3.05,  -12537, -0.81
 625,112.00,  -58290, -1.89,  -46180, -3.00,  -12110, -0.79
 626,113.00,  -56405, -1.83,  -44518, -2.89,  -11887, -0.77
 627,114.00,  -54586, -1.77,  -42266, -2.74,  -12320, -0.80
 628,115.00,  -53723, -1.74,  -40825, -2.65,  -12898, -0.84
 629,116.00,  -51546, -1.67,  -38389, -2.49,  -13157, -0.85
 630,117.00,  -48759, -1.58,  -36469, -2.37,  -12290, -0.80
 631,118.00,  -46503, -1.51,  -34806, -2.26,  -11697, -0.76
 632,119.00,  -44137, -1.43,  -32914, -2.14,  -11223, -0.73
 633,120.00,  -40870, -1.33,  -30383, -1.97,  -10487, -0.68
 634,121.00,  -38932, -1.26,  -29491, -1.91,   -9441, -0.61
 635,122.00,  -37634, -1.22,  -28717, -1.86,   -8917, -0.58
 636,123.00,  -35621, -1.16,  -26392, -1.71,   -9229, -0.60
 637,124.00,  -34376, -1.12,  -24253, -1.57,  -10123, -0.66
 638,125.00,  -32870, -1.07,  -22355, -1.45,  -10515, -0.68
 639,126.00,  -30546, -0.99,  -20243, -1.31,  -10303, -0.67
 640,127.00,  -28465, -0.92,  -18062, -1.17,  -10403, -0.68
 641,128.00,  -26815, -0.87,  -16275, -1.06,  -10540, -0.68
 642,129.00,  -25707, -0.83,  -15358, -1.00,  -10349, -0.67
 643,130.00,  -25001, -0.81,  -15519, -1.01,   -9482, -0.62
 644,131.00,  -24507, -0.80,  -16414, -1.07,   -8093, -0.53
 645,132.00,  -22285, -0.72,  -16501, -1.07,   -5784, -0.38
 646,133.00,  -20368, -0.66,  -16440, -1.07,   -3928, -0.26
 647,134.00,  -19214, -0.62,  -16017, -1.04,   -3197, -0.21
 648,135.00,  -18138, -0.59,  -14374, -0.93,   -3764, -0.24
 649,136.00,  -18431, -0.60,  -13521, -0.88,   -4910, -0.32
 650,137.00,  -19339, -0.63,  -13484, -0.88,   -5855, -0.38
 651,138.00,  -19811, -0.64,  -13174, -0.86,   -6637, -0.43
 652,139.00,  -18696, -0.61,  -12644, -0.82,   -6052, -0.39
 653,140.00,  -16092, -0.52,  -11301, -0.73,   -4791, -0.31
 654,141.00,  -14411, -0.47,  -10588, -0.69,   -3823, -0.25
 655,142.00,  -13322, -0.43,  -10212, -0.66,   -3110, -0.20
 656,143.00,  -12480, -0.41,  -10085, -0.65,   -2395, -0.16
 657,144.00,  -12689, -0.41,  -11147, -0.72,   -1542, -0.10
 658,145.00,  -14293, -0.46,  -12505, -0.81,   -1788, -0.12
 659,146.00,  -15711, -0.51,  -14281, -0.93,   -1430, -0.09
 660,147.00,  -14731, -0.48,  -15230, -0.99,     499,  0.03
 661,148.00,  -13365, -0.43,  -15289, -0.99,    1924,  0.12
 662,149.00,  -13989, -0.45,  -15955, -1.04,    1966,  0.13
 663,150.00,  -15174, -0.49,  -16651, -1.08,    1477,  0.10
 664,151.00,  -15309, -0.50,  -16774, -1.09,    1465,  0.10
 665,152.00,  -16396, -0.53,  -16842, -1.09,     446,  0.03
 666,153.00,  -15864, -0.52,  -16184, -1.05,     320,  0.02
 667,154.00,  -14818, -0.48,  -15782, -1.02,     964,  0.06
 668,155.00,  -14728, -0.48,  -16096, -1.05,    1368,  0.09
 669,156.00,  -13283, -0.43,  -16623, -1.08,    3340,  0.22
 670,157.00,  -12365, -0.40,  -18242, -1.18,    5877,  0.38
 671,158.00,  -10973, -0.36,  -18707, -1.21,    7734,  0.50
 672,159.00,   -9555, -0.31,  -19427, -1.26,    9872,  0.64
 673,160.00,   -6619, -0.21,  -18676, -1.21,   12057,  0.78
 674,161.00,   -5406, -0.18,  -18320, -1.19,   12914,  0.84
 675,162.00,   -4646, -0.15,  -18364, -1.19,   13718,  0.89
 676,163.00,   -1647, -0.05,  -17784, -1.15,   16137,  1.05
 677,164.00,    2831,  0.09,  -16567, -1.08,   19398,  1.26
 678,165.00,    7282,  0.24,  -16378, -1.06,   23660,  1.54
 679,166.00,   10836,  0.35,  -15174, -0.99,   26010,  1.69
 680,167.00,   14681,  0.48,  -13926, -0.90,   28607,  1.86
 681,168.00,   19455,  0.63,  -12969, -0.84,   32424,  2.11
 682,169.00,   23328,  0.76,  -11629, -0.76,   34957,  2.27
 683,170.00,   27207,  0.88,   -9077, -0.59,   36284,  2.36
 684,171.00,   31615,  1.03,   -7030, -0.46,   38645,  2.51
 685,172.00,   36161,  1.17,   -4586, -0.30,   40747,  2.65
 686,173.00,   40009,  1.30,   -1479, -0.10,   41488,  2.69
 687,174.00,   44318,  1.44,    2136,  0.14,   42182,  2.74
 688,175.00,   47798,  1.55,    4663,  0.30,   43135,  2.80
 689,176.00,   49513,  1.61,    6041,  0.39,   43472,  2.82
 690,177.00,   52720,  1.71,    8938,  0.58,   43782,  2.84
 691,178.00,   56684,  1.84,   12449,  0.81,   44235,  2.87
 692,179.00,   60944,  1.98,   16125,  1.05,   44819,  2.91
 693,180.00,   64825,  2.10,   19585,  1.27,   45240,  2.94
 694,181.00,   66746,  2.17,   22101,  1.44,   44645,  2.90
 695,182.00,   70008,  2.27,   25122,  1.63,   44886,  2.91
 696,183.00,   75650,  2.46,   29214,  1.90,   46436,  3.02
 697,184.00,   78886,  2.56,   31401,  2.04,   47485,  3.08
 698,185.00,   80744,  2.62,   32792,  2.13,   47952,  3.11
 699,186.00,   83893,  2.72,   34397,  2.23,   49496,  3.21
 700,187.00,   86051,  2.79,   34793,  2.26,   51258,  3.33
 701,188.00,   88265,  2.87,   34852,  2.26,   53413,  3.47
 702,189.00,   91675,  2.98,   35402,  2.30,   56273,  3.65
 703,190.00,   94865,  3.08,   36681,  2.38,   58184,  3.78
 704,191.00,   96888,  3.15,   37568,  2.44,   59320,  3.85
 705,192.00,   97915,  3.18,   38111,  2.47,   59804,  3.88
 706,193.00,   99371,  3.23,   38340,  2.49,   61031,  3.96
 707,194.00,  100869,  3.27,   38994,  2.53,   61875,  4.02
 708,195.00,  101354,  3.29,   39486,  2.56,   61868,  4.02
 709,196.00,  101827,  3.31,   38769,  2.52,   63058,  4.09
 710,197.00,  101236,  3.29,   37744,  2.45,   63492,  4.12
 711,198.00,  102931,  3.34,   38572,  2.50,   64359,  4.18
 712,199.00,  106057,  3.44,   40128,  2.61,   65929,  4.28
 713,200.00,  108754,  3.53,   41764,  2.71,   66990,  4.35
 714,201.00,  109383,  3.55,   42296,  2.75,   67087,  4.36
 715,202.00,  110828,  3.60,   43449,  2.82,   67379,  4.38
 716,203.00,  112828,  3.66,   44382,  2.88,   68446,  4.44
 717,204.00,  113247,  3.68,   44686,  2.90,   68561,  4.45
 718,205.00,  112904,  3.67,   45447,  2.95,   67457,  4.38
 719,206.00,  114527,  3.72,   47518,  3.09,   67009,  4.35
 720,207.00,  114605,  3.72,   48029,  3.12,   66576,  4.32
 721,208.00,  113550,  3.69,   47663,  3.09,   65887,  4.28
 722,209.00,  113163,  3.67,   47519,  3.09,   65644,  4.26
 723,210.00,  112893,  3.67,   47467,  3.08,   65426,  4.25
 724,211.00,  112693,  3.66,   48314,  3.14,   64379,  4.18
 725,212.00,  112227,  3.64,   48930,  3.18,   63297,  4.11
 726,213.00,  109511,  3.56,   47938,  3.11,   61573,  4.00
 727,214.00,  107038,  3.48,   46766,  3.04,   60272,  3.91
 728,215.00,  106872,  3.47,   46456,  3.02,   60416,  3.92
 729,216.00,  106858,  3.47,   47267,  3.07,   59591,  3.87
 730,217.00,  107874,  3.50,   48653,  3.16,   59221,  3.85
 731,218.00,  109487,  3.55,   50277,  3.26,   59210,  3.84
 732,219.00,  110953,  3.60,   50827,  3.30,   60126,  3.90
 733,220.00,  112482,  3.65,   51196,  3.32,   61286,  3.98
 734,221.00,  112667,  3.66,   51105,  3.32,   61562,  4.00
 735,222.00,  112231,  3.64,   51129,  3.32,   61102,  3.97
 736,223.00,  112248,  3.64,   51292,  3.33,   60956,  3.96
 737,224.00,  113018,  3.67,   52640,  3.42,   60378,  3.92
 738,225.00,  113309,  3.68,   53975,  3.50,   59334,  3.85
 739,226.00,  112192,  3.64,   54445,  3.54,   57747,  3.75
 740,227.00,  111137,  3.61,   54042,  3.51,   57095,  3.71
 741,228.00,  109854,  3.57,   53233,  3.46,   56621,  3.68
 742,229.00,  108963,  3.54,   53091,  3.45,   55872,  3.63
 743,230.00,  108952,  3.54,   53154,  3.45,   55798,  3.62
 744,231.00,  109453,  3.55,   54158,  3.52,   55295,  3.59
 745,232.00,  108864,  3.53,   54538,  3.54,   54326,  3.53
 746,233.00,  106655,  3.46,   53791,  3.49,   52864,  3.43
 747,234.00,  104666,  3.40,   52329,  3.40,   52337,  3.40
 748,235.00,  104885,  3.41,   51788,  3.36,   53097,  3.45
 749,236.00,  104406,  3.39,   51048,  3.31,   53358,  3.46
 750,237.00,  102269,  3.32,   49975,  3.25,   52294,  3.40
 751,238.00,   99882,  3.24,   48334,  3.14,   51548,  3.35
 752,239.00,   97613,  3.17,   45885,  2.98,   51728,  3.36
 753,240.00,   95279,  3.09,   43761,  2.84,   51518,  3.35
 754,241.00,   92903,  3.02,   42386,  2.75,   50517,  3.28
 755,242.00,   90754,  2.95,   41704,  2.71,   49050,  3.18
 756,243.00,   87739,  2.85,   40658,  2.64,   47081,  3.06
 757,244.00,   84390,  2.74,   39608,  2.57,   44782,  2.91
 758,245.00,   80790,  2.62,   38166,  2.48,   42624,  2.77
 759,246.00,   78691,  2.55,   37570,  2.44,   41121,  2.67
 760,247.00,   77785,  2.53,   37123,  2.41,   40662,  2.64
 761,248.00,   73668,  2.39,   34606,  2.25,   39062,  2.54
 762,249.00,   69621,  2.26,   32410,  2.10,   37211,  2.42
 763,250.00,   65293,  2.12,   30464,  1.98,   34829,  2.26
 764,251.00,   61927,  2.01,   28469,  1.85,   33458,  2.17
 765,252.00,   58616,  1.90,   27172,  1.76,   31444,  2.04
 766,253.00,   56680,  1.84,   26403,  1.71,   30277,  1.97
 767,254.00,   52847,  1.72,   24877,  1.62,   27970,  1.82
 768,255.00,   48750,  1.58,   23513,  1.53,   25237,  1.64
 769,256.00,   47184,  1.53,   22409,  1.46,   24775,  1.61
 770,257.00,   42765,  1.39,   19484,  1.27,   23281,  1.51
 771,258.00,   41390,  1.34,   18009,  1.17,   23381,  1.52
 772,259.00,   42441,  1.38,   17789,  1.16,   24652,  1.60
 773,260.00,   40624,  1.32,   16256,  1.06,   24368,  1.58
 774,261.00,   37687,  1.22,   14717,  0.96,   22970,  1.49
 775,262.00,   34985,  1.14,   12103,  0.79,   22882,  1.49
 776,263.00,   31610,  1.03,    9942,  0.65,   21668,  1.41
 777,264.00,   31099,  1.01,    9769,  0.63,   21330,  1.39
 778,265.00,   32109,  1.04,   10466,  0.68,   21643,  1.41
 779,266.00,   34726,  1.13,   11573,  0.75,   23153,  1.50
 780,267.00,   36244,  1.18,   11917,  0.77,   24327,  1.58
 781,268.00,   35787,  1.16,   11758,  0.76,   24029,  1.56
 782,269.00,   33970,  1.10,   11030,  0.72,   22940,  1.49
 783,270.00,   31407,  1.02,    9783,  0.64,   21624,  1.40
 784,271.00,   31375,  1.02,    9620,  0.62,   21755,  1.41
 785,272.00,   31793,  1.03,   10889,  0.71,   20904,  1.36
 786,273.00,   33660,  1.09,   12200,  0.79,   21460,  1.39
 787,274.00,   33883,  1.10,   13240,  0.86,   20643,  1.34
 788,275.00,   32805,  1.07,   14242,  0.92,   18563,  1.21
 789,276.00,   32379,  1.05,   15140,  0.98,   17239,  1.12
 790,277.00,   33247,  1.08,   15559,  1.01,   17688,  1.15
 791,278.00,   34424,  1.12,   15768,  1.02,   18656,  1.21
 792,279.00,   33580,  1.09,   15888,  1.03,   17692,  1.15
 793,280.00,   31866,  1.03,   16342,  1.06,   15524,  1.01
 794,281.00,   30286,  0.98,   15743,  1.02,   14543,  0.94
 795,282.00,   28109,  0.91,   14738,  0.96,   13371,  0.87
 796,283.00,   23961,  0.78,   13665,  0.89,   10296,  0.67
 797,284.00,   18512,  0.60,   12232,  0.79,    6280,  0.41
 798,285.00,   12880,  0.42,   10878,  0.71,    2002,  0.13
 799,286.00,    8734,  0.28,    9223,  0.60,    -489, -0.03
 800,287.00,    5122,  0.17,    7591,  0.49,   -2469, -0.16
 801,288.00,    2236,  0.07,    6225,  0.40,   -3989, -0.26
 802,289.00,   -2301, -0.07,    4073,  0.26,   -6374, -0.41
 803,290.00,   -6470, -0.21,    1631,  0.11,   -8101, -0.53
 804,291.00,   -7759, -0.25,     503,  0.03,   -8262, -0.54
 805,292.00,  -10023, -0.33,    -938, -0.06,   -9085, -0.59
 806,293.00,  -12977, -0.42,   -3730, -0.24,   -9247, -0.60
 807,294.00,  -17041, -0.55,   -6005, -0.39,  -11036, -0.72
 808,295.00,  -20943, -0.68,   -7532, -0.49,  -13411, -0.87
 809,296.00,  -24706, -0.80,   -9604, -0.62,  -15102, -0.98
 810,297.00,  -27211, -0.88,  -11507, -0.75,  -15704, -1.02
 811,298.00,  -28845, -0.94,  -13312, -0.86,  -15533, -1.01
 812,299.00,  -29638, -0.96,  -14069, -0.91,  -15569, -1.01
 813,300.00,  -31155, -1.01,  -15572, -1.01,  -15583, -1.01
 814,301.00,  -34180, -1.11,  -17568, -1.14,  -16612, -1.08
 815,302.00,  -35184, -1.14,  -18934, -1.23,  -16250, -1.06
 816,303.00,  -33788, -1.10,  -19221, -1.25,  -14567, -0.95
 817,304.00,  -34950, -1.13,  -21287, -1.38,  -13663, -0.89
 818,305.00,  -36911, -1.20,  -23438, -1.52,  -13473, -0.87
 819,306.00,  -39721, -1.29,  -25039, -1.63,  -14682, -0.95
 820,307.00,  -42169, -1.37,  -26920, -1.75,  -15249, -0.99
 821,308.00,  -45265, -1.47,  -28455, -1.85,  -16810, -1.09
 822,309.00,  -47168, -1.53,  -29480, -1.91,  -17688, -1.15
 823,310.00,  -47948, -1.56,  -29854, -1.94,  -18094, -1.17
 824,311.00,  -47027, -1.53,  -29866, -1.94,  -17161, -1.11
 825,312.00,  -45835, -1.49,  -29545, -1.92,  -16290, -1.06
 826,313.00,  -45315, -1.47,  -29927, -1.94,  -15388, -1.00
 827,314.00,  -44950, -1.46,  -29729, -1.93,  -15221, -0.99
 828,315.00,  -46132, -1.50,  -29581, -1.92,  -16551, -1.07
 829,316.00,  -48220, -1.57,  -29766, -1.93,  -18454, -1.20
 830,317.00,  -49540, -1.61,  -30134, -1.96,  -19406, -1.26
 831,318.00,  -51527, -1.67,  -31699, -2.06,  -19828, -1.29
 832,319.00,  -53509, -1.74,  -33437, -2.17,  -20072, -1.30
 833,320.00,  -55027, -1.79,  -34406, -2.23,  -20621, -1.34
 834,321.00,  -56947, -1.85,  -34710, -2.25,  -22237, -1.44
 835,322.00,  -58869, -1.91,  -36023, -2.34,  -22846, -1.48
 836,323.00,  -59029, -1.92,  -36471, -2.37,  -22558, -1.46
 837,324.00,  -56967, -1.85,  -34947, -2.27,  -22020, -1.43
 838,325.00,  -57183, -1.86,  -34731, -2.26,  -22452, -1.46
 839,326.00,  -57906, -1.88,  -34406, -2.23,  -23500, -1.53
 840,327.00,  -59371, -1.93,  -34958, -2.27,  -24413, -1.59
 841,328.00,  -61037, -1.98,  -35607, -2.31,  -25430, -1.65
 842,329.00,  -62811, -2.04,  -35960, -2.33,  -26851, -1.74
 843,330.00,  -62605, -2.03,  -35643, -2.31,  -26962, -1.75
 844,331.00,  -64821, -2.10,  -36253, -2.35,  -28568, -1.86
 845,332.00,  -67413, -2.19,  -37384, -2.43,  -30029, -1.95
 846,333.00,  -69145, -2.24,  -39331, -2.55,  -29814, -1.94
 847,334.00,  -70803, -2.30,  -40108, -2.60,  -30695, -1.99
 848,335.00,  -70235, -2.28,  -39104, -2.54,  -31131, -2.02
 849,336.00,  -69790, -2.27,  -38667, -2.51,  -31123, -2.02
 850,337.00,  -68729, -2.23,  -38122, -2.48,  -30607, -1.99
 851,338.00,  -66145, -2.15,  -36836, -2.39,  -29309, -1.90
 852,339.00,  -63004, -2.05,  -34971, -2.27,  -28033, -1.82
 853,340.00,  -62034, -2.01,  -34182, -2.22,  -27852, -1.81
 854,341.00,  -60910, -1.98,  -33300, -2.16,  -27610, -1.79
 855,342.00,  -59945, -1.95,  -31964, -2.08,  -27981, -1.82
 856,343.00,  -57432, -1.86,  -30283, -1.97,  -27149, -1.76
 857,344.00,  -54077, -1.76,  -28883, -1.88,  -25194, -1.64
 858,345.00,  -50887, -1.65,  -27784, -1.80,  -23103, -1.50
 859,346.00,  -48084, -1.56,  -27236, -1.77,  -20848, -1.35
 860,347.00,  -46517, -1.51,  -27034, -1.76,  -19483, -1.27
 861,348.00,  -46740, -1.52,  -27815, -1.81,  -18925, -1.23
 862,349.00,  -45616, -1.48,  -26474, -1.72,  -19142, -1.24
 863,350.00,  -43411, -1.41,  -24879, -1.62,  -18532, -1.20
 864,351.00,  -40202, -1.31,  -23342, -1.52,  -16860, -1.09
 865,352.00,  -35688, -1.16,  -21922, -1.42,  -13766, -0.89
 866,353.00,  -31831, -1.03,  -21130, -1.37,  -10701, -0.69
 867,354.00,  -27166, -0.88,  -20125, -1.31,   -7041, -0.46
 868,355.00,  -22330, -0.72,  -18567, -1.21,   -3763, -0.24
 869,356.00,  -17883, -0.58,  -16908, -1.10,    -975, -0.06
 870,357.00,  -13860, -0.45,  -15928, -1.03,    2068,  0.13
 871,358.00,  -10271, -0.33,  -15287, -0.99,    5016,  0.33
 872,359.00,   -9799, -0.32,  -16145, -1.05,    6346,  0.41
 873,360.00,   -7369, -0.24,  -16323, -1.06,    8954,  0.58
 874,361.00,   -4834, -0.16,  -16299, -1.06,   11465,  0.74
 875,362.00,   -3683, -0.12,  -16242, -1.05,   12559,  0.82
 876,363.00,   -1257, -0.04,  -15419, -1.00,   14162,  0.92
 877,364.00,     352,  0.01,  -14726, -0.96,   15078,  0.98
 878,365.00,    3167,  0.10,  -13112, -0.85,   16279,  1.06
 879,366.00,    5470,  0.18,  -11262, -0.73,   16732,  1.09
 880,367.00,    8875,  0.29,   -8732, -0.57,   17607,  1.14
 881,368.00,   12650,  0.41,   -6410, -0.42,   19060,  1.24
 882,369.00,   14395,  0.47,   -5759, -0.37,   20154,  1.31
 883,370.00,   13660,  0.44,   -5524, -0.36,   19184,  1.25
 884,371.00,   13743,  0.45,   -5295, -0.34,   19038,  1.24
 885,372.00,   14041,  0.46,   -5169, -0.34,   19210,  1.25
 886,373.00,   15241,  0.49,   -3432, -0.22,   18673,  1.21
 887,374.00,   18244,  0.59,    -554, -0.04,   18798,  1.22
 888,375.00,   20866,  0.68,    2413,  0.16,   18453,  1.20
 889,376.00,   22546,  0.73,    5403,  0.35,   17143,  1.11
 890,377.00,   22340,  0.73,    5967,  0.39,   16373,  1.06
 891,378.00,   23060,  0.75,    5122,  0.33,   17938,  1.16
 892,379.00,   22922,  0.74,    4417,  0.29,   18505,  1.20
 893,380.00,   21161,  0.69,    3819,  0.25,   17342,  1.13
 894,381.00,   19541,  0.63,    3866,  0.25,   15675,  1.02
 895,382.00,   17954,  0.58,    2009,  0.13,   15945,  1.04
 896,383.00,   15661,  0.51,     145,  0.00,   15516,  1.01
 897,384.00,   14433,  0.47,   -1125, -0.07,   15558,  1.01
 898,385.00,   15528,  0.50,   -1506, -0.10,   17034,  1.11
 899,386.00,   16193,  0.53,    -656, -0.04,   16849,  1.09
 900,387.00,   18277,  0.59,    2212,  0.14,   16065,  1.04
 901,388.00,   21723,  0.71,    6074,  0.39,   15649,  1.02
 902,389.00,   23076,  0.75,    8928,  0.58,   14148,  0.92
 903,390.00,   22811,  0.74,   10069,  0.65,   12742,  0.83
 904,391.00,   23788,  0.77,    9833,  0.64,   13955,  0.91
 905,392.00,   23628,  0.77,    9426,  0.61,   14202,  0.92
 906,393.00,   24199,  0.79,    9947,  0.65,   14252,  0.93
 907,394.00,   23899,  0.78,   10182,  0.66,   13717,  0.89
 908,395.00,   23236,  0.75,   10620,  0.69,   12616,  0.82
 909,396.00,   24202,  0.79,   12580,  0.82,   11622,  0.75
 910,397.00,   28322,  0.92,   15612,  1.01,   12710,  0.83
 911,398.00,   30868,  1.00,   17414,  1.13,   13454,  0.87
 912,399.00,   31800,  1.03,   18863,  1.22,   12937,  0.84
 913,400.00,   31438,  1.02,   19633,  1.27,   11805,  0.77
 914,401.00,   29884,  0.97,   19478,  1.26,   10406,  0.68
 915,402.00,   30118,  0.98,   19361,  1.26,   10757,  0.70
 916,403.00,   31667,  1.03,   19417,  1.26,   12250,  0.80
 917,404.00,   34128,  1.11,   21219,  1.38,   12909,  0.84
 918,405.00,   35595,  1.16,   22783,  1.48,   12812,  0.83
 919,406.00,   33398,  1.08,   22277,  1.45,   11121,  0.72
 920,407.00,   31864,  1.03,   20483,  1.33,   11381,  0.74
 921,408.00,   29761,  0.97,   19593,  1.27,   10168,  0.66
 922,409.00,   26829,  0.87,   19005,  1.23,    7824,  0.51
 923,410.00,   26583,  0.86,   18335,  1.19,    8248,  0.54
 924,411.00,   28725,  0.93,   18586,  1.21,   10139,  0.66
 925,412.00,   29655,  0.96,   19168,  1.24,   10487,  0.68
 926,413.00,   29819,  0.97,   20597,  1.34,    9222,  0.60
 927,414.00,   30366,  0.99,   22594,  1.47,    7772,  0.50
 928,415.00,   29796,  0.97,   22428,  1.46,    7368,  0.48
 929,416.00,   27366,  0.89,   21383,  1.39,    5983,  0.39
 930,417.00,   26275,  0.85,   21831,  1.42,    4444,  0.29
 931,418.00,   24389,  0.79,   22143,  1.44,    2246,  0.15
 932,419.00,   21145,  0.69,   21833,  1.42,    -688, -0.04
 933,420.00,   20939,  0.68,   23148,  1.50,   -2209, -0.14
 934,421.00,   22349,  0.73,   25246,  1.64,   -2897, -0.19
 935,422.00,   23928,  0.78,   26657,  1.73,   -2729, -0.18
 936,423.00,   25872,  0.84,   27961,  1.82,   -2089, -0.14
 937,424.00,   24899,  0.81,   27720,  1.80,   -2821, -0.18
 938,425.00,   22717,  0.74,   26559,  1.72,   -3842, -0.25
 939,426.00,   20841,  0.68,   26096,  1.69,   -5255, -0.34
 940,427.00,   20593,  0.67,   26221,  1.70,   -5628, -0.37
 941,428.00,   23134,  0.75,   27763,  1.80,   -4629, -0.30
 942,429.00,   24445,  0.79,   28271,  1.84,   -3826, -0.25
 943,430.00,   23982,  0.78,   28066,  1.82,   -4084, -0.27
 944,431.00,   24896,  0.81,   29511,  1.92,   -4615, -0.30
 945,432.00,   26840,  0.87,   31922,  2.07,   -5082, -0.33
 946,433.00,   27063,  0.88,   32417,  2.10,   -5354, -0.35
 947,434.00,   25122,  0.82,   31572,  2.05,   -6450, -0.42
 948,435.00,   23632,  0.77,   31041,  2.02,   -7409, -0.48
 949,436.00,   20990,  0.68,   29320,  1.90,   -8330, -0.54
 950,437.00,   18039,  0.59,   28670,  1.86,  -10631, -0.69
 951,438.00,   15924,  0.52,   27718,  1.80,  -11794, -0.77
 952,439.00,   12317,  0.40,   26379,  1.71,  -14062, -0.91
 953,440.00,   10120,  0.33,   26241,  1.70,  -16121, -1.05
 954,441.00,    8332,  0.27,   25541,  1.66,  -17209, -1.12
 955,442.00,    7852,  0.25,   24172,  1.57,  -16320, -1.06
 956,443.00,    7989,  0.26,   24588,  1.60,  -16599, -1.08
 957,444.00,    5188,  0.17,   24099,  1.56,  -18911, -1.23
 958,445.00,    1897,  0.06,   22000,  1.43,  -20103, -1.31
 959,446.00,     413,  0.01,   21522,  1.40,  -21109, -1.37
 960,447.00,   -1396, -0.05,   20612,  1.34,  -22008, -1.43
 961,448.00,   -2256, -0.07,   19455,  1.26,  -21711, -1.41
 962,449.00,   -2499, -0.08,   19573,  1.27,  -22072, -1.43
 963,450.00,   -1363, -0.04,   21008,  1.36,  -22371, -1.45
 964,451.00,     445,  0.01,   21838,  1.42,  -21393, -1.39
 965,452.00,    1617,  0.05,   22844,  1.48,  -21227, -1.38
 966,453.00,    3659,  0.12,   23711,  1.54,  -20052, -1.30
 967,454.00,    7213,  0.23,   25314,  1.64,  -18101, -1.18
 968,455.00,    8990,  0.29,   25501,  1.66,  -16511, -1.07
 969,456.00,    9418,  0.31,   24187,  1.57,  -14769, -0.96
 970,457.00,    9221,  0.30,   22132,  1.44,  -12911, -0.84
 971,458.00,   10755,  0.35,   21556,  1.40,  -10801, -0.70
 972,459.00,   13008,  0.42,   22543,  1.46,   -9535, -0.62
 973,460.00,   17515,  0.57,   25190,  1.64,   -7675, -0.50
 974,461.00,   20843,  0.68,   27314,  1.77,   -6471, -0.42
 975,462.00,   23764,  0.77,   28899,  1.88,   -5135, -0.33
 976,463.00,   25870,  0.84,   30025,  1.95,   -4155, -0.27
 977,464.00,   27905,  0.91,   30535,  1.98,   -2630, -0.17
 978,465.00,   29923,  0.97,   30672,  1.99,    -749, -0.05
 979,466.00,   31585,  1.03,   30287,  1.97,    1298,  0.08
 980,467.00,   32232,  1.05,   29124,  1.89,    3108,  0.20
 981,468.00,   32976,  1.07,   27593,  1.79,    5383,  0.35
 982,469.00,   34290,  1.11,   27009,  1.75,    7281,  0.47
 983,470.00,   36366,  1.18,   27780,  1.80,    8586,  0.56
 984,471.00,   36676,  1.19,   27907,  1.81,    8769,  0.57
 985,472.00,   37113,  1.20,   27328,  1.77,    9785,  0.64
 986,473.00,   39218,  1.27,   29018,  1.88,   10200,  0.66
 987,474.00,   41238,  1.34,   32123,  2.09,    9115,  0.59
 988,475.00,   43695,  1.42,   34644,  2.25,    9051,  0.59
 989,476.00,   46932,  1.52,   36934,  2.40,    9998,  0.65
 990,477.00,   47520,  1.54,   37070,  2.41,   10450,  0.68
 991,478.00,   48235,  1.57,   36970,  2.40,   11265,  0.73
 992,479.00,   50913,  1.65,   37481,  2.43,   13432,  0.87
 993,480.00,   51090,  1.66,   36436,  2.37,   14654,  0.95
 994,481.00,   50085,  1.63,   35959,  2.33,   14126,  0.92
 995,482.00,   50546,  1.64,   36859,  2.39,   13687,  0.89
 996,483.00,   48830,  1.59,   36654,  2.38,   12176,  0.79
 997,484.00,   45112,  1.46,   35445,  2.30,    9667,  0.63
 998,485.00,   43219,  1.40,   34958,  2.27,    8261,  0.54
 999,486.00,   43127,  1.40,   34834,  2.26,    8293,  0.54
1000,487.00,   44766,  1.45,   34723,  2.25,   10043,  0.65
1001,488.00,   44481,  1.44,   33399,  2.17,   11082,  0.72
1002,489.00,   44098,  1.43,   32004,  2.08,   12094,  0.79
1003,490.00,   43707,  1.42,   29846,  1.94,   13861,  0.90
1004,491.00,   41917,  1.36,   28639,  1.86,   13278,  0.86
1005,492.00,   38292,  1.24,   27014,  1.75,   11278,  0.73
1006,493.00,   37320,  1.21,   26116,  1.70,   11204,  0.73
1007,494.00,   35143,  1.14,   25302,  1.64,    9841,  0.64
1008,495.00,   33254,  1.08,   24947,  1.62,    8307,  0.54
1009,496.00,   30406,  0.99,   24465,  1.59,    5941,  0.39
1010,497.00,   27060,  0.88,   23861,  1.55,    3199,  0.21
1011,498.00,   23638,  0.77,   22389,  1.45,    1249,  0.08
1012,499.00,   21477,  0.70,   22000,  1.43,    -523, -0.03
1013,500.00,   20859,  0.68,   21830,  1.42,    -971, -0.06
1014,501.00,   19244,  0.62,   21326,  1.38,   -2082, -0.14
1015,502.00,   17683,  0.57,   21737,  1.41,   -4054, -0.26
1016,503.00,   13332,  0.43,   21055,  1.37,   -7723, -0.50
1017,504.00,    8812,  0.29,   20170,  1.31,  -11358, -0.74
1018,505.00,    4799,  0.16,   18784,  1.22,  -13985, -0.91
1019,506.00,    -649, -0.02,   16509,  1.07,  -17158, -1.11
1020,507.00,   -4887, -0.16,   15617,  1.01,  -20504, -1.33
1021,508.00,   -6485, -0.21,   15112,  0.98,  -21597, -1.40
1022,509.00,   -5562, -0.18,   14117,  0.92,  -19679, -1.28
1023,510.00,   -3830, -0.12,   13984,  0.91,  -17814, -1.16
1024,511.00,   -2115, -0.07,   14767,  0.96,  -16882, -1.10
