-----------------------------------------------------------------------------------
Identifier:,IHS5922-20197G01
File Name:,ABRP70A.5
Ear:,R
Channel:,1
Intensity:,70 dB HL
Stim. Rate:,  1.10/s
Stim. Mode:,0
Sweeps:,177
Artifacts:,61
Smp. Period:,1000.00 us
Amp. Gain:, 50.00 K
Low Pass:, 30.00 Hz
High Pass:,  1.00 Hz
Notch Filter:,TRUE
Stimulus:,100
Stim. Freq.:,1000 Hz
Stim. Dur.:,2000 pnts
Masking:,0 dB SPL
Stim. Point:,513
-----------------------------------------------------------------------------------
Peak Information:,Label,Peak(+),Peak(+)(ms),Peak(-),Peak(-)(ms)
,20, 726,213.00, 782,269.00,
,19, 652,139.00, 726,213.00,
,18, 617,104.00, 653,140.00,
,17, 584,71.00, 618,105.00,
-----------------------------------------------------------------------------------


Data Pnt:,Data Pnt(ms):,Average:,Average(uV):,Buffer1:,Buffer1(uV):,Buffer2:,Buffer2(uV):
   1,-512.00,       0,  0.00,       0,  0.00,       0,  0.00
   2,-511.00,       0,  0.00,       0,  0.00,       0,  0.00
   3,-510.00,       0,  0.00,       0,  0.00,       0,  0.00
   4,-509.00,       0,  0.00,       0,  0.00,       0,  0.00
   5,-508.00,       0,  0.00,       0,  0.00,       0,  0.00
   6,-507.00,       0,  0.00,       0,  0.00,       0,  0.00
   7,-506.00,       0,  0.00,       0,  0.00,       0,  0.00
   8,-505.00,       0,  0.00,       0,  0.00,       0,  0.00
   9,-504.00,       0,  0.00,       0,  0.00,       0,  0.00
  10,-503.00,       0,  0.00,       0,  0.00,       0,  0.00
  11,-502.00,       0,  0.00,       0,  0.00,       0,  0.00
  12,-501.00,       0,  0.00,       0,  0.00,       0,  0.00
  13,-500.00,       0,  0.00,       0,  0.00,       0,  0.00
  14,-499.00,       0,  0.00,       0,  0.00,       0,  0.00
  15,-498.00,       0,  0.00,       0,  0.00,       0,  0.00
  16,-497.00,       0,  0.00,       0,  0.00,       0,  0.00
  17,-496.00,       0,  0.00,       0,  0.00,       0,  0.00
  18,-495.00,       0,  0.00,       0,  0.00,       0,  0.00
  19,-494.00,       0,  0.00,       0,  0.00,       0,  0.00
  20,-493.00,       0,  0.00,       0,  0.00,       0,  0.00
  21,-492.00,       0,  0.00,       0,  0.00,       0,  0.00
  22,-491.00,       0,  0.00,       0,  0.00,       0,  0.00
  23,-490.00,       0,  0.00,       0,  0.00,       0,  0.00
  24,-489.00,       0,  0.00,       0,  0.00,       0,  0.00
  25,-488.00,       0,  0.00,       0,  0.00,       0,  0.00
  26,-487.00,       0,  0.00,       0,  0.00,       0,  0.00
  27,-486.00,       0,  0.00,       0,  0.00,       0,  0.00
  28,-485.00,       0,  0.00,       0,  0.00,       0,  0.00
  29,-484.00,       0,  0.00,       0,  0.00,       0,  0.00
  30,-483.00,       0,  0.00,       0,  0.00,       0,  0.00
  31,-482.00,       0,  0.00,       0,  0.00,       0,  0.00
  32,-481.00,       0,  0.00,       0,  0.00,       0,  0.00
  33,-480.00,       0,  0.00,       0,  0.00,       0,  0.00
  34,-479.00,       0,  0.00,       0,  0.00,       0,  0.00
  35,-478.00,       0,  0.00,       0,  0.00,       0,  0.00
  36,-477.00,       0,  0.00,       0,  0.00,       0,  0.00
  37,-476.00,       0,  0.00,       0,  0.00,       0,  0.00
  38,-475.00,       0,  0.00,       0,  0.00,       0,  0.00
  39,-474.00,       0,  0.00,       0,  0.00,       0,  0.00
  40,-473.00,       0,  0.00,       0,  0.00,       0,  0.00
  41,-472.00,       0,  0.00,       0,  0.00,       0,  0.00
  42,-471.00,       0,  0.00,       0,  0.00,       0,  0.00
  43,-470.00,       0,  0.00,       0,  0.00,       0,  0.00
  44,-469.00,       0,  0.00,       0,  0.00,       0,  0.00
  45,-468.00,       0,  0.00,       0,  0.00,       0,  0.00
  46,-467.00,       0,  0.00,       0,  0.00,       0,  0.00
  47,-466.00,       0,  0.00,       0,  0.00,       0,  0.00
  48,-465.00,       0,  0.00,       0,  0.00,       0,  0.00
  49,-464.00,       0,  0.00,       0,  0.00,       0,  0.00
  50,-463.00,       0,  0.00,       0,  0.00,       0,  0.00
  51,-462.00,       0,  0.00,       0,  0.00,       0,  0.00
  52,-461.00,       0,  0.00,       0,  0.00,       0,  0.00
  53,-460.00,       0,  0.00,       0,  0.00,       0,  0.00
  54,-459.00,       0,  0.00,       0,  0.00,       0,  0.00
  55,-458.00,       0,  0.00,       0,  0.00,       0,  0.00
  56,-457.00,       0,  0.00,       0,  0.00,       0,  0.00
  57,-456.00,       0,  0.00,       0,  0.00,       0,  0.00
  58,-455.00,       0,  0.00,       0,  0.00,       0,  0.00
  59,-454.00,       0,  0.00,       0,  0.00,       0,  0.00
  60,-453.00,       0,  0.00,       0,  0.00,       0,  0.00
  61,-452.00,       0,  0.00,       0,  0.00,       0,  0.00
  62,-451.00,       0,  0.00,       0,  0.00,       0,  0.00
  63,-450.00,       0,  0.00,       0,  0.00,       0,  0.00
  64,-449.00,       0,  0.00,       0,  0.00,       0,  0.00
  65,-448.00,       0,  0.00,       0,  0.00,       0,  0.00
  66,-447.00,       0,  0.00,       0,  0.00,       0,  0.00
  67,-446.00,       0,  0.00,       0,  0.00,       0,  0.00
  68,-445.00,       0,  0.00,       0,  0.00,       0,  0.00
  69,-444.00,       0,  0.00,       0,  0.00,       0,  0.00
  70,-443.00,       0,  0.00,       0,  0.00,       0,  0.00
  71,-442.00,       0,  0.00,       0,  0.00,       0,  0.00
  72,-441.00,       0,  0.00,       0,  0.00,       0,  0.00
  73,-440.00,       0,  0.00,       0,  0.00,       0,  0.00
  74,-439.00,       0,  0.00,       0,  0.00,       0,  0.00
  75,-438.00,       0,  0.00,       0,  0.00,       0,  0.00
  76,-437.00,       0,  0.00,       0,  0.00,       0,  0.00
  77,-436.00,       0,  0.00,       0,  0.00,       0,  0.00
  78,-435.00,       0,  0.00,       0,  0.00,       0,  0.00
  79,-434.00,       0,  0.00,       0,  0.00,       0,  0.00
  80,-433.00,       0,  0.00,       0,  0.00,       0,  0.00
  81,-432.00,       0,  0.00,       0,  0.00,       0,  0.00
  82,-431.00,       0,  0.00,       0,  0.00,       0,  0.00
  83,-430.00,       0,  0.00,       0,  0.00,       0,  0.00
  84,-429.00,       0,  0.00,       0,  0.00,       0,  0.00
  85,-428.00,       0,  0.00,       0,  0.00,       0,  0.00
  86,-427.00,       0,  0.00,       0,  0.00,       0,  0.00
  87,-426.00,       0,  0.00,       0,  0.00,       0,  0.00
  88,-425.00,       0,  0.00,       0,  0.00,       0,  0.00
  89,-424.00,       0,  0.00,       0,  0.00,       0,  0.00
  90,-423.00,       0,  0.00,       0,  0.00,       0,  0.00
  91,-422.00,       0,  0.00,       0,  0.00,       0,  0.00
  92,-421.00,       0,  0.00,       0,  0.00,       0,  0.00
  93,-420.00,       0,  0.00,       0,  0.00,       0,  0.00
  94,-419.00,       0,  0.00,       0,  0.00,       0,  0.00
  95,-418.00,       0,  0.00,       0,  0.00,       0,  0.00
  96,-417.00,       0,  0.00,       0,  0.00,       0,  0.00
  97,-416.00,       0,  0.00,       0,  0.00,       0,  0.00
  98,-415.00,       0,  0.00,       0,  0.00,       0,  0.00
  99,-414.00,       0,  0.00,       0,  0.00,       0,  0.00
 100,-413.00,       0,  0.00,       0,  0.00,       0,  0.00
 101,-412.00,       0,  0.00,       0,  0.00,       0,  0.00
 102,-411.00,       0,  0.00,       0,  0.00,       0,  0.00
 103,-410.00,       0,  0.00,       0,  0.00,       0,  0.00
 104,-409.00,       0,  0.00,       0,  0.00,       0,  0.00
 105,-408.00,       0,  0.00,       0,  0.00,       0,  0.00
 106,-407.00,       0,  0.00,       0,  0.00,       0,  0.00
 107,-406.00,       0,  0.00,       0,  0.00,       0,  0.00
 108,-405.00,       0,  0.00,       0,  0.00,       0,  0.00
 109,-404.00,       0,  0.00,       0,  0.00,       0,  0.00
 110,-403.00,       0,  0.00,       0,  0.00,       0,  0.00
 111,-402.00,       0,  0.00,       0,  0.00,       0,  0.00
 112,-401.00,       0,  0.00,       0,  0.00,       0,  0.00
 113,-400.00,       0,  0.00,       0,  0.00,       0,  0.00
 114,-399.00,       0,  0.00,       0,  0.00,       0,  0.00
 115,-398.00,       0,  0.00,       0,  0.00,       0,  0.00
 116,-397.00,   93334,  3.22,   51506,  3.57,   41828,  2.90
 117,-396.00,   94219,  3.25,   51859,  3.60,   42360,  2.94
 118,-395.00,   94974,  3.28,   52358,  3.63,   42616,  2.96
 119,-394.00,   95286,  3.29,   52692,  3.65,   42594,  2.95
 120,-393.00,   94599,  3.26,   52345,  3.63,   42254,  2.93
 121,-392.00,   92993,  3.21,   51412,  3.57,   41581,  2.88
 122,-391.00,   91481,  3.15,   50290,  3.49,   41191,  2.86
 123,-390.00,   89421,  3.08,   48726,  3.38,   40695,  2.82
 124,-389.00,   87718,  3.02,   47411,  3.29,   40307,  2.80
 125,-388.00,   87095,  3.00,   46834,  3.25,   40261,  2.79
 126,-387.00,   86480,  2.98,   46118,  3.20,   40362,  2.80
 127,-386.00,   85027,  2.93,   45166,  3.13,   39861,  2.76
 128,-385.00,   83208,  2.87,   44091,  3.06,   39117,  2.71
 129,-384.00,   81752,  2.82,   43431,  3.01,   38321,  2.66
 130,-383.00,   80612,  2.78,   42760,  2.97,   37852,  2.63
 131,-382.00,   79220,  2.73,   41873,  2.90,   37347,  2.59
 132,-381.00,   77852,  2.68,   40895,  2.84,   36957,  2.56
 133,-380.00,   76945,  2.65,   40171,  2.79,   36774,  2.55
 134,-379.00,   76852,  2.65,   39702,  2.75,   37150,  2.58
 135,-378.00,   77017,  2.66,   39301,  2.73,   37716,  2.62
 136,-377.00,   76674,  2.64,   38599,  2.68,   38075,  2.64
 137,-376.00,   76114,  2.62,   38411,  2.66,   37703,  2.62
 138,-375.00,   75787,  2.61,   37952,  2.63,   37835,  2.62
 139,-374.00,   75730,  2.61,   37690,  2.61,   38040,  2.64
 140,-373.00,   76302,  2.63,   38066,  2.64,   38236,  2.65
 141,-372.00,   75941,  2.62,   38158,  2.65,   37783,  2.62
 142,-371.00,   75296,  2.60,   37954,  2.63,   37342,  2.59
 143,-370.00,   74377,  2.56,   37544,  2.60,   36833,  2.55
 144,-369.00,   73133,  2.52,   36991,  2.57,   36142,  2.51
 145,-368.00,   71830,  2.48,   36403,  2.52,   35427,  2.46
 146,-367.00,   70499,  2.43,   35777,  2.48,   34722,  2.41
 147,-366.00,   69052,  2.38,   35602,  2.47,   33450,  2.32
 148,-365.00,   67394,  2.32,   35159,  2.44,   32235,  2.24
 149,-364.00,   65247,  2.25,   34064,  2.36,   31183,  2.16
 150,-363.00,   62810,  2.17,   32815,  2.28,   29995,  2.08
 151,-362.00,   60575,  2.09,   31970,  2.22,   28605,  1.98
 152,-361.00,   58421,  2.01,   31241,  2.17,   27180,  1.89
 153,-360.00,   56798,  1.96,   30880,  2.14,   25918,  1.80
 154,-359.00,   54558,  1.88,   29903,  2.07,   24655,  1.71
 155,-358.00,   51083,  1.76,   27853,  1.93,   23230,  1.61
 156,-357.00,   47610,  1.64,   25644,  1.78,   21966,  1.52
 157,-356.00,   44865,  1.55,   23911,  1.66,   20954,  1.45
 158,-355.00,   41671,  1.44,   22098,  1.53,   19573,  1.36
 159,-354.00,   37158,  1.28,   19543,  1.36,   17615,  1.22
 160,-353.00,   33284,  1.15,   17438,  1.21,   15846,  1.10
 161,-352.00,   29753,  1.03,   15724,  1.09,   14029,  0.97
 162,-351.00,   26716,  0.92,   14100,  0.98,   12616,  0.88
 163,-350.00,   24036,  0.83,   12418,  0.86,   11618,  0.81
 164,-349.00,   21053,  0.73,   10416,  0.72,   10637,  0.74
 165,-348.00,   18377,  0.63,    9056,  0.63,    9321,  0.65
 166,-347.00,   15759,  0.54,    7372,  0.51,    8387,  0.58
 167,-346.00,   12980,  0.45,    5231,  0.36,    7749,  0.54
 168,-345.00,   10891,  0.38,    3669,  0.25,    7222,  0.50
 169,-344.00,    8801,  0.30,    1991,  0.14,    6810,  0.47
 170,-343.00,    7144,  0.25,     366,  0.03,    6778,  0.47
 171,-342.00,    5663,  0.20,    -958, -0.07,    6621,  0.46
 172,-341.00,    4742,  0.16,   -1953, -0.14,    6695,  0.46
 173,-340.00,    3532,  0.12,   -3231, -0.22,    6763,  0.47
 174,-339.00,    2348,  0.08,   -4419, -0.31,    6767,  0.47
 175,-338.00,     759,  0.03,   -6125, -0.42,    6884,  0.48
 176,-337.00,    -655, -0.02,   -7897, -0.55,    7242,  0.50
 177,-336.00,   -2773, -0.10,  -10076, -0.70,    7303,  0.51
 178,-335.00,   -5172, -0.18,  -12019, -0.83,    6847,  0.47
 179,-334.00,   -6821, -0.24,  -13557, -0.94,    6736,  0.47
 180,-333.00,   -8051, -0.28,  -14669, -1.02,    6618,  0.46
 181,-332.00,   -9305, -0.32,  -15613, -1.08,    6308,  0.44
 182,-331.00,  -10552, -0.36,  -16746, -1.16,    6194,  0.43
 183,-330.00,  -11848, -0.41,  -17980, -1.25,    6132,  0.43
 184,-329.00,  -13091, -0.45,  -19034, -1.32,    5943,  0.41
 185,-328.00,  -14151, -0.49,  -20169, -1.40,    6018,  0.42
 186,-327.00,  -15258, -0.53,  -21641, -1.50,    6383,  0.44
 187,-326.00,  -16888, -0.58,  -22760, -1.58,    5872,  0.41
 188,-325.00,  -18493, -0.64,  -23636, -1.64,    5143,  0.36
 189,-324.00,  -18828, -0.65,  -23530, -1.63,    4702,  0.33
 190,-323.00,  -18779, -0.65,  -23312, -1.62,    4533,  0.31
 191,-322.00,  -19100, -0.66,  -23416, -1.62,    4316,  0.30
 192,-321.00,  -18983, -0.65,  -23450, -1.63,    4467,  0.31
 193,-320.00,  -18932, -0.65,  -23479, -1.63,    4547,  0.32
 194,-319.00,  -18302, -0.63,  -23311, -1.62,    5009,  0.35
 195,-318.00,  -16482, -0.57,  -22222, -1.54,    5740,  0.40
 196,-317.00,  -14157, -0.49,  -20891, -1.45,    6734,  0.47
 197,-316.00,  -12268, -0.42,  -19807, -1.37,    7539,  0.52
 198,-315.00,  -10498, -0.36,  -18809, -1.30,    8311,  0.58
 199,-314.00,   -8311, -0.29,  -17520, -1.22,    9209,  0.64
 200,-313.00,   -6957, -0.24,  -16769, -1.16,    9812,  0.68
 201,-312.00,   -5001, -0.17,  -15887, -1.10,   10886,  0.76
 202,-311.00,   -1865, -0.06,  -14917, -1.03,   13052,  0.91
 203,-310.00,     168,  0.00,  -14925, -1.04,   15093,  1.05
 204,-309.00,    2337,  0.08,  -14498, -1.01,   16835,  1.17
 205,-308.00,    4557,  0.16,  -14059, -0.98,   18616,  1.29
 206,-307.00,    6873,  0.24,  -13396, -0.93,   20269,  1.41
 207,-306.00,    8793,  0.30,  -13072, -0.91,   21865,  1.52
 208,-305.00,   10067,  0.35,  -13255, -0.92,   23322,  1.62
 209,-304.00,   11204,  0.39,  -13193, -0.92,   24397,  1.69
 210,-303.00,   11864,  0.41,  -13723, -0.95,   25587,  1.77
 211,-302.00,   13049,  0.45,  -13929, -0.97,   26978,  1.87
 212,-301.00,   14790,  0.51,  -13836, -0.96,   28626,  1.99
 213,-300.00,   15659,  0.54,  -14154, -0.98,   29813,  2.07
 214,-299.00,   16309,  0.56,  -14225, -0.99,   30534,  2.12
 215,-298.00,   16348,  0.56,  -14400, -1.00,   30748,  2.13
 216,-297.00,   15912,  0.55,  -14579, -1.01,   30491,  2.11
 217,-296.00,   15207,  0.52,  -14999, -1.04,   30206,  2.10
 218,-295.00,   14155,  0.49,  -15268, -1.06,   29423,  2.04
 219,-294.00,   13105,  0.45,  -15375, -1.07,   28480,  1.98
 220,-293.00,   12151,  0.42,  -15330, -1.06,   27481,  1.91
 221,-292.00,   12352,  0.43,  -14482, -1.00,   26834,  1.86
 222,-291.00,   13170,  0.45,  -13232, -0.92,   26402,  1.83
 223,-290.00,   13069,  0.45,  -12424, -0.86,   25493,  1.77
 224,-289.00,   12955,  0.45,  -11332, -0.79,   24287,  1.68
 225,-288.00,   13455,  0.46,  -10107, -0.70,   23562,  1.63
 226,-287.00,   14311,  0.49,   -9013, -0.63,   23324,  1.62
 227,-286.00,   14406,  0.50,   -8002, -0.56,   22408,  1.55
 228,-285.00,   14441,  0.50,   -6626, -0.46,   21067,  1.46
 229,-284.00,   14562,  0.50,   -5501, -0.38,   20063,  1.39
 230,-283.00,   14831,  0.51,   -4274, -0.30,   19105,  1.33
 231,-282.00,   15745,  0.54,   -2859, -0.20,   18604,  1.29
 232,-281.00,   17263,  0.60,   -1010, -0.07,   18273,  1.27
 233,-280.00,   18743,  0.65,     781,  0.05,   17962,  1.25
 234,-279.00,   19893,  0.69,    2129,  0.15,   17764,  1.23
 235,-278.00,   21231,  0.73,    3627,  0.25,   17604,  1.22
 236,-277.00,   23202,  0.80,    5374,  0.37,   17828,  1.24
 237,-276.00,   25460,  0.88,    6929,  0.48,   18531,  1.29
 238,-275.00,   27306,  0.94,    8193,  0.57,   19113,  1.33
 239,-274.00,   28756,  0.99,    9233,  0.64,   19523,  1.35
 240,-273.00,   29316,  1.01,   10465,  0.73,   18851,  1.31
 241,-272.00,   28748,  0.99,   11447,  0.79,   17301,  1.20
 242,-271.00,   28615,  0.99,   12516,  0.87,   16099,  1.12
 243,-270.00,   28373,  0.98,   13350,  0.93,   15023,  1.04
 244,-269.00,   27805,  0.96,   13660,  0.95,   14145,  0.98
 245,-268.00,   26741,  0.92,   13932,  0.97,   12809,  0.89
 246,-267.00,   26381,  0.91,   14327,  0.99,   12054,  0.84
 247,-266.00,   24989,  0.86,   14046,  0.97,   10943,  0.76
 248,-265.00,   22722,  0.78,   13363,  0.93,    9359,  0.65
 249,-264.00,   20444,  0.70,   12533,  0.87,    7911,  0.55
 250,-263.00,   18776,  0.65,   12322,  0.85,    6454,  0.45
 251,-262.00,   16929,  0.58,   12068,  0.84,    4861,  0.34
 252,-261.00,   15403,  0.53,   11527,  0.80,    3876,  0.27
 253,-260.00,   13701,  0.47,   10989,  0.76,    2712,  0.19
 254,-259.00,   11240,  0.39,   10061,  0.70,    1179,  0.08
 255,-258.00,    8339,  0.29,    8775,  0.61,    -436, -0.03
 256,-257.00,    6097,  0.21,    7593,  0.53,   -1496, -0.10
 257,-256.00,    4259,  0.15,    6438,  0.45,   -2179, -0.15
 258,-255.00,    2258,  0.08,    5437,  0.38,   -3179, -0.22
 259,-254.00,     351,  0.01,    4313,  0.30,   -3962, -0.27
 260,-253.00,   -1326, -0.05,    3109,  0.22,   -4435, -0.31
 261,-252.00,   -2352, -0.08,    2701,  0.19,   -5053, -0.35
 262,-251.00,   -3203, -0.11,    2036,  0.14,   -5239, -0.36
 263,-250.00,   -4926, -0.17,     694,  0.05,   -5620, -0.39
 264,-249.00,   -6516, -0.22,    -805, -0.06,   -5711, -0.40
 265,-248.00,   -8210, -0.28,   -2450, -0.17,   -5760, -0.40
 266,-247.00,   -9360, -0.32,   -3617, -0.25,   -5743, -0.40
 267,-246.00,  -10738, -0.37,   -4611, -0.32,   -6127, -0.42
 268,-245.00,  -12394, -0.43,   -5753, -0.40,   -6641, -0.46
 269,-244.00,  -13723, -0.47,   -6339, -0.44,   -7384, -0.51
 270,-243.00,  -14590, -0.50,   -6721, -0.47,   -7869, -0.55
 271,-242.00,  -14992, -0.52,   -7024, -0.49,   -7968, -0.55
 272,-241.00,  -14071, -0.49,   -6889, -0.48,   -7182, -0.50
 273,-240.00,  -12423, -0.43,   -6490, -0.45,   -5933, -0.41
 274,-239.00,  -11349, -0.39,   -5871, -0.41,   -5478, -0.38
 275,-238.00,  -10682, -0.37,   -4789, -0.33,   -5893, -0.41
 276,-237.00,  -10536, -0.36,   -4361, -0.30,   -6175, -0.43
 277,-236.00,  -10361, -0.36,   -3757, -0.26,   -6604, -0.46
 278,-235.00,   -9792, -0.34,   -2729, -0.19,   -7063, -0.49
 279,-234.00,   -9542, -0.33,   -1724, -0.12,   -7818, -0.54
 280,-233.00,   -8900, -0.31,    -882, -0.06,   -8018, -0.56
 281,-232.00,   -7642, -0.26,     645,  0.04,   -8287, -0.57
 282,-231.00,   -6677, -0.23,    1897,  0.13,   -8574, -0.59
 283,-230.00,   -6092, -0.21,    2829,  0.20,   -8921, -0.62
 284,-229.00,   -5462, -0.19,    3688,  0.26,   -9150, -0.63
 285,-228.00,   -4393, -0.15,    5015,  0.35,   -9408, -0.65
 286,-227.00,   -3740, -0.13,    5963,  0.41,   -9703, -0.67
 287,-226.00,   -3375, -0.12,    6434,  0.45,   -9809, -0.68
 288,-225.00,   -2496, -0.09,    6947,  0.48,   -9443, -0.65
 289,-224.00,   -1266, -0.04,    7911,  0.55,   -9177, -0.64
 290,-223.00,    -251, -0.00,    8884,  0.62,   -9135, -0.63
 291,-222.00,     520,  0.02,    9401,  0.65,   -8881, -0.62
 292,-221.00,    1827,  0.06,   10352,  0.72,   -8525, -0.59
 293,-220.00,    3248,  0.11,   11691,  0.81,   -8443, -0.59
 294,-219.00,    4222,  0.15,   12850,  0.89,   -8628, -0.60
 295,-218.00,    5228,  0.18,   13973,  0.97,   -8745, -0.61
 296,-217.00,    6045,  0.21,   14661,  1.02,   -8616, -0.60
 297,-216.00,    7224,  0.25,   15611,  1.08,   -8387, -0.58
 298,-215.00,    8049,  0.28,   16453,  1.14,   -8404, -0.58
 299,-214.00,    8474,  0.29,   17162,  1.19,   -8688, -0.60
 300,-213.00,    9114,  0.31,   17896,  1.24,   -8782, -0.61
 301,-212.00,   10355,  0.36,   19006,  1.32,   -8651, -0.60
 302,-211.00,   11901,  0.41,   20084,  1.39,   -8183, -0.57
 303,-210.00,   12349,  0.43,   20537,  1.42,   -8188, -0.57
 304,-209.00,   12130,  0.42,   20995,  1.46,   -8865, -0.61
 305,-208.00,   11932,  0.41,   21346,  1.48,   -9414, -0.65
 306,-207.00,   11576,  0.40,   21420,  1.49,   -9844, -0.68
 307,-206.00,   11917,  0.41,   21809,  1.51,   -9892, -0.69
 308,-205.00,   12315,  0.42,   22257,  1.54,   -9942, -0.69
 309,-204.00,   12432,  0.43,   22106,  1.53,   -9674, -0.67
 310,-203.00,   12570,  0.43,   21695,  1.50,   -9125, -0.63
 311,-202.00,   13508,  0.47,   21348,  1.48,   -7840, -0.54
 312,-201.00,   13907,  0.48,   21221,  1.47,   -7314, -0.51
 313,-200.00,   14529,  0.50,   21592,  1.50,   -7063, -0.49
 314,-199.00,   15161,  0.52,   21830,  1.51,   -6669, -0.46
 315,-198.00,   15434,  0.53,   21686,  1.50,   -6252, -0.43
 316,-197.00,   14377,  0.50,   20990,  1.46,   -6613, -0.46
 317,-196.00,   14056,  0.48,   20633,  1.43,   -6577, -0.46
 318,-195.00,   13539,  0.47,   20101,  1.39,   -6562, -0.46
 319,-194.00,   12394,  0.43,   19239,  1.33,   -6845, -0.47
 320,-193.00,   11317,  0.39,   18222,  1.26,   -6905, -0.48
 321,-192.00,    9249,  0.32,   16754,  1.16,   -7505, -0.52
 322,-191.00,    6692,  0.23,   14986,  1.04,   -8294, -0.58
 323,-190.00,    4014,  0.14,   13342,  0.93,   -9328, -0.65
 324,-189.00,     911,  0.03,   11132,  0.77,  -10221, -0.71
 325,-188.00,   -1426, -0.05,    9051,  0.63,  -10477, -0.73
 326,-187.00,   -2705, -0.09,    7515,  0.52,  -10220, -0.71
 327,-186.00,   -4190, -0.14,    5697,  0.40,   -9887, -0.69
 328,-185.00,   -6602, -0.23,    3694,  0.26,  -10296, -0.71
 329,-184.00,   -9020, -0.31,    1671,  0.12,  -10691, -0.74
 330,-183.00,  -11410, -0.39,    -435, -0.03,  -10975, -0.76
 331,-182.00,  -13183, -0.45,   -2630, -0.18,  -10553, -0.73
 332,-181.00,  -14387, -0.50,   -4033, -0.28,  -10354, -0.72
 333,-180.00,  -15034, -0.52,   -5221, -0.36,   -9813, -0.68
 334,-179.00,  -15402, -0.53,   -6452, -0.45,   -8950, -0.62
 335,-178.00,  -16563, -0.57,   -7895, -0.55,   -8668, -0.60
 336,-177.00,  -16803, -0.58,   -8816, -0.61,   -7987, -0.55
 337,-176.00,  -16660, -0.57,   -9131, -0.63,   -7529, -0.52
 338,-175.00,  -16466, -0.57,   -9800, -0.68,   -6666, -0.46
 339,-174.00,  -16158, -0.56,  -10444, -0.72,   -5714, -0.40
 340,-173.00,  -15823, -0.55,  -11251, -0.78,   -4572, -0.32
 341,-172.00,  -16268, -0.56,  -12166, -0.84,   -4102, -0.28
 342,-171.00,  -16869, -0.58,  -12768, -0.89,   -4101, -0.28
 343,-170.00,  -17504, -0.60,  -13538, -0.94,   -3966, -0.28
 344,-169.00,  -17305, -0.60,  -13842, -0.96,   -3463, -0.24
 345,-168.00,  -17165, -0.59,  -14339, -0.99,   -2826, -0.20
 346,-167.00,  -17649, -0.61,  -15047, -1.04,   -2602, -0.18
 347,-166.00,  -18422, -0.64,  -16147, -1.12,   -2275, -0.16
 348,-165.00,  -18904, -0.65,  -16913, -1.17,   -1991, -0.14
 349,-164.00,  -19705, -0.68,  -17778, -1.23,   -1927, -0.13
 350,-163.00,  -20675, -0.71,  -19081, -1.32,   -1594, -0.11
 351,-162.00,  -20538, -0.71,  -19476, -1.35,   -1062, -0.07
 352,-161.00,  -20650, -0.71,  -19668, -1.36,    -982, -0.07
 353,-160.00,  -21636, -0.75,  -20267, -1.41,   -1369, -0.09
 354,-159.00,  -22415, -0.77,  -20462, -1.42,   -1953, -0.14
 355,-158.00,  -22906, -0.79,  -20187, -1.40,   -2719, -0.19
 356,-157.00,  -22917, -0.79,  -20180, -1.40,   -2737, -0.19
 357,-156.00,  -23194, -0.80,  -20139, -1.40,   -3055, -0.21
 358,-155.00,  -23381, -0.81,  -19828, -1.38,   -3553, -0.25
 359,-154.00,  -23684, -0.82,  -19581, -1.36,   -4103, -0.28
 360,-153.00,  -24052, -0.83,  -19485, -1.35,   -4567, -0.32
 361,-152.00,  -24042, -0.83,  -19140, -1.33,   -4902, -0.34
 362,-151.00,  -23677, -0.82,  -18434, -1.28,   -5243, -0.36
 363,-150.00,  -23622, -0.81,  -17692, -1.23,   -5930, -0.41
 364,-149.00,  -23717, -0.82,  -17126, -1.19,   -6591, -0.46
 365,-148.00,  -24206, -0.83,  -16409, -1.14,   -7797, -0.54
 366,-147.00,  -23934, -0.83,  -14925, -1.04,   -9009, -0.62
 367,-146.00,  -23698, -0.82,  -13472, -0.93,  -10226, -0.71
 368,-145.00,  -23277, -0.80,  -12141, -0.84,  -11136, -0.77
 369,-144.00,  -22364, -0.77,  -11018, -0.76,  -11346, -0.79
 370,-143.00,  -21597, -0.74,  -10063, -0.70,  -11534, -0.80
 371,-142.00,  -21292, -0.73,   -8925, -0.62,  -12367, -0.86
 372,-141.00,  -20920, -0.72,   -7494, -0.52,  -13426, -0.93
 373,-140.00,  -20696, -0.71,   -6062, -0.42,  -14634, -1.02
 374,-139.00,  -20208, -0.70,   -4598, -0.32,  -15610, -1.08
 375,-138.00,  -19060, -0.66,   -2834, -0.20,  -16226, -1.13
 376,-137.00,  -17847, -0.62,   -1133, -0.08,  -16714, -1.16
 377,-136.00,  -16141, -0.56,     650,  0.05,  -16791, -1.16
 378,-135.00,  -15277, -0.53,    2001,  0.14,  -17278, -1.20
 379,-134.00,  -14786, -0.51,    3122,  0.22,  -17908, -1.24
 380,-133.00,  -13538, -0.47,    4778,  0.33,  -18316, -1.27
 381,-132.00,  -12678, -0.44,    5766,  0.40,  -18444, -1.28
 382,-131.00,  -11880, -0.41,    6488,  0.45,  -18368, -1.27
 383,-130.00,  -11506, -0.40,    7351,  0.51,  -18857, -1.31
 384,-129.00,  -12239, -0.42,    7816,  0.54,  -20055, -1.39
 385,-128.00,  -12645, -0.44,    7664,  0.53,  -20309, -1.41
 386,-127.00,  -12013, -0.41,    7762,  0.54,  -19775, -1.37
 387,-126.00,  -11468, -0.40,    7807,  0.54,  -19275, -1.34
 388,-125.00,  -11660, -0.40,    7739,  0.54,  -19399, -1.35
 389,-124.00,  -11356, -0.39,    7790,  0.54,  -19146, -1.33
 390,-123.00,  -11501, -0.40,    8085,  0.56,  -19586, -1.36
 391,-122.00,  -11756, -0.41,    8384,  0.58,  -20140, -1.40
 392,-121.00,  -12134, -0.42,    8167,  0.57,  -20301, -1.41
 393,-120.00,  -12429, -0.43,    7739,  0.54,  -20168, -1.40
 394,-119.00,  -12563, -0.43,    7797,  0.54,  -20360, -1.41
 395,-118.00,  -12813, -0.44,    8295,  0.58,  -21108, -1.46
 396,-117.00,  -13533, -0.47,    8182,  0.57,  -21715, -1.51
 397,-116.00,  -14545, -0.50,    7745,  0.54,  -22290, -1.55
 398,-115.00,  -14818, -0.51,    7656,  0.53,  -22474, -1.56
 399,-114.00,  -16480, -0.57,    6722,  0.47,  -23202, -1.61
 400,-113.00,  -18338, -0.63,    5569,  0.39,  -23907, -1.66
 401,-112.00,  -20387, -0.70,    4245,  0.29,  -24632, -1.71
 402,-111.00,  -21807, -0.75,    3749,  0.26,  -25556, -1.77
 403,-110.00,  -22388, -0.77,    3769,  0.26,  -26157, -1.81
 404,-109.00,  -23118, -0.80,    3722,  0.26,  -26840, -1.86
 405,-108.00,  -23562, -0.81,    3269,  0.23,  -26831, -1.86
 406,-107.00,  -24221, -0.84,    2435,  0.17,  -26656, -1.85
 407,-106.00,  -25662, -0.88,    1246,  0.09,  -26908, -1.87
 408,-105.00,  -26720, -0.92,     609,  0.04,  -27329, -1.90
 409,-104.00,  -28181, -0.97,       5,  0.00,  -28186, -1.95
 410,-103.00,  -30068, -1.04,    -470, -0.03,  -29598, -2.05
 411,-102.00,  -31793, -1.10,   -1512, -0.10,  -30281, -2.10
 412,-101.00,  -33737, -1.16,   -2676, -0.19,  -31061, -2.15
 413,-100.00,  -35705, -1.23,   -3585, -0.25,  -32120, -2.23
 414,-99.00,  -37886, -1.31,   -4935, -0.34,  -32951, -2.29
 415,-98.00,  -39011, -1.35,   -5773, -0.40,  -33238, -2.31
 416,-97.00,  -40272, -1.39,   -6760, -0.47,  -33512, -2.32
 417,-96.00,  -42386, -1.46,   -8357, -0.58,  -34029, -2.36
 418,-95.00,  -44201, -1.52,   -9598, -0.67,  -34603, -2.40
 419,-94.00,  -45420, -1.57,  -10662, -0.74,  -34758, -2.41
 420,-93.00,  -46216, -1.59,  -11664, -0.81,  -34552, -2.40
 421,-92.00,  -48428, -1.67,  -13195, -0.92,  -35233, -2.44
 422,-91.00,  -50094, -1.73,  -13934, -0.97,  -36160, -2.51
 423,-90.00,  -51383, -1.77,  -14668, -1.02,  -36715, -2.55
 424,-89.00,  -52229, -1.80,  -15411, -1.07,  -36818, -2.55
 425,-88.00,  -52955, -1.83,  -15752, -1.09,  -37203, -2.58
 426,-87.00,  -53979, -1.86,  -16323, -1.13,  -37656, -2.61
 427,-86.00,  -54952, -1.89,  -16941, -1.18,  -38011, -2.64
 428,-85.00,  -56001, -1.93,  -17506, -1.21,  -38495, -2.67
 429,-84.00,  -56408, -1.95,  -17270, -1.20,  -39138, -2.71
 430,-83.00,  -56213, -1.94,  -16973, -1.18,  -39240, -2.72
 431,-82.00,  -56550, -1.95,  -17294, -1.20,  -39256, -2.72
 432,-81.00,  -57055, -1.97,  -17517, -1.21,  -39538, -2.74
 433,-80.00,  -56818, -1.96,  -17247, -1.20,  -39571, -2.74
 434,-79.00,  -56885, -1.96,  -16990, -1.18,  -39895, -2.77
 435,-78.00,  -56826, -1.96,  -16793, -1.16,  -40033, -2.78
 436,-77.00,  -57234, -1.97,  -16939, -1.17,  -40295, -2.79
 437,-76.00,  -58355, -2.01,  -17668, -1.23,  -40687, -2.82
 438,-75.00,  -59529, -2.05,  -18480, -1.28,  -41049, -2.85
 439,-74.00,  -60454, -2.08,  -19758, -1.37,  -40696, -2.82
 440,-73.00,  -61980, -2.14,  -21489, -1.49,  -40491, -2.81
 441,-72.00,  -63266, -2.18,  -23094, -1.60,  -40172, -2.79
 442,-71.00,  -63662, -2.20,  -24721, -1.71,  -38941, -2.70
 443,-70.00,  -63980, -2.21,  -26555, -1.84,  -37425, -2.60
 444,-69.00,  -64579, -2.23,  -28712, -1.99,  -35867, -2.49
 445,-68.00,  -64756, -2.23,  -30542, -2.12,  -34214, -2.37
 446,-67.00,  -64291, -2.22,  -32108, -2.23,  -32183, -2.23
 447,-66.00,  -63672, -2.20,  -33414, -2.32,  -30258, -2.10
 448,-65.00,  -62843, -2.17,  -34775, -2.41,  -28068, -1.95
 449,-64.00,  -61567, -2.12,  -35909, -2.49,  -25658, -1.78
 450,-63.00,  -60278, -2.08,  -36876, -2.56,  -23402, -1.62
 451,-62.00,  -58635, -2.02,  -37746, -2.62,  -20889, -1.45
 452,-61.00,  -56266, -1.94,  -38116, -2.64,  -18150, -1.26
 453,-60.00,  -53994, -1.86,  -38233, -2.65,  -15761, -1.09
 454,-59.00,  -51241, -1.77,  -38159, -2.65,  -13082, -0.91
 455,-58.00,  -49349, -1.70,  -38653, -2.68,  -10696, -0.74
 456,-57.00,  -47710, -1.65,  -38818, -2.69,   -8892, -0.62
 457,-56.00,  -45690, -1.58,  -38765, -2.69,   -6925, -0.48
 458,-55.00,  -43512, -1.50,  -38599, -2.68,   -4913, -0.34
 459,-54.00,  -41014, -1.41,  -38417, -2.66,   -2597, -0.18
 460,-53.00,  -39455, -1.36,  -38899, -2.70,    -556, -0.04
 461,-52.00,  -37580, -1.30,  -38900, -2.70,    1320,  0.09
 462,-51.00,  -35483, -1.22,  -38544, -2.67,    3061,  0.21
 463,-50.00,  -33356, -1.15,  -38023, -2.64,    4667,  0.32
 464,-49.00,  -31571, -1.09,  -37447, -2.60,    5876,  0.41
 465,-48.00,  -29802, -1.03,  -35975, -2.50,    6173,  0.43
 466,-47.00,  -28187, -0.97,  -34564, -2.40,    6377,  0.44
 467,-46.00,  -26898, -0.93,  -33824, -2.35,    6926,  0.48
 468,-45.00,  -25486, -0.88,  -33404, -2.32,    7918,  0.55
 469,-44.00,  -24272, -0.84,  -32654, -2.26,    8382,  0.58
 470,-43.00,  -23063, -0.80,  -31682, -2.20,    8619,  0.60
 471,-42.00,  -21769, -0.75,  -30079, -2.09,    8310,  0.58
 472,-41.00,  -20763, -0.72,  -28821, -2.00,    8058,  0.56
 473,-40.00,  -19745, -0.68,  -27563, -1.91,    7818,  0.54
 474,-39.00,  -19020, -0.66,  -26220, -1.82,    7200,  0.50
 475,-38.00,  -18021, -0.62,  -24557, -1.70,    6536,  0.45
 476,-37.00,  -16923, -0.58,  -22623, -1.57,    5700,  0.40
 477,-36.00,  -16268, -0.56,  -21195, -1.47,    4927,  0.34
 478,-35.00,  -15949, -0.55,  -19843, -1.38,    3894,  0.27
 479,-34.00,  -14949, -0.52,  -18231, -1.26,    3282,  0.23
 480,-33.00,  -13625, -0.47,  -16639, -1.15,    3014,  0.21
 481,-32.00,  -12593, -0.43,  -14967, -1.04,    2374,  0.16
 482,-31.00,  -12054, -0.42,  -13536, -0.94,    1482,  0.10
 483,-30.00,  -11387, -0.39,  -11996, -0.83,     609,  0.04
 484,-29.00,  -10834, -0.37,  -10702, -0.74,    -132, -0.00
 485,-28.00,  -10730, -0.37,   -9817, -0.68,    -913, -0.06
 486,-27.00,  -10397, -0.36,   -8362, -0.58,   -2035, -0.14
 487,-26.00,   -9813, -0.34,   -6669, -0.46,   -3144, -0.22
 488,-25.00,   -9286, -0.32,   -5103, -0.35,   -4183, -0.29
 489,-24.00,   -9407, -0.32,   -3859, -0.27,   -5548, -0.38
 490,-23.00,   -9123, -0.31,   -2294, -0.16,   -6829, -0.47
 491,-22.00,   -8353, -0.29,    -153, -0.01,   -8200, -0.57
 492,-21.00,   -7610, -0.26,    1833,  0.13,   -9443, -0.65
 493,-20.00,   -7466, -0.26,    3274,  0.23,  -10740, -0.74
 494,-19.00,   -7130, -0.25,    4563,  0.32,  -11693, -0.81
 495,-18.00,   -6776, -0.23,    5770,  0.40,  -12546, -0.87
 496,-17.00,   -6873, -0.24,    6676,  0.46,  -13549, -0.94
 497,-16.00,   -6293, -0.22,    7989,  0.55,  -14282, -0.99
 498,-15.00,   -5525, -0.19,    9290,  0.64,  -14815, -1.03
 499,-14.00,   -5260, -0.18,   10464,  0.73,  -15724, -1.09
 500,-13.00,   -5522, -0.19,   11111,  0.77,  -16633, -1.15
 501,-12.00,   -4779, -0.16,   11857,  0.82,  -16636, -1.15
 502,-11.00,   -3280, -0.11,   12801,  0.89,  -16081, -1.12
 503,-10.00,   -1826, -0.06,   13565,  0.94,  -15391, -1.07
 504,-9.00,     -53, -0.00,   14402,  1.00,  -14455, -1.00
 505,-8.00,    1394,  0.05,   14629,  1.01,  -13235, -0.92
 506,-7.00,    2571,  0.09,   14637,  1.02,  -12066, -0.84
 507,-6.00,    3737,  0.13,   14946,  1.04,  -11209, -0.78
 508,-5.00,    4489,  0.15,   14885,  1.03,  -10396, -0.72
 509,-4.00,    5091,  0.18,   15113,  1.05,  -10022, -0.70
 510,-3.00,    5866,  0.20,   15398,  1.07,   -9532, -0.66
 511,-2.00,    7361,  0.25,   15755,  1.09,   -8394, -0.58
 512,-1.00,    9128,  0.31,   16200,  1.12,   -7072, -0.49
 513,0.00,   10958,  0.38,   16821,  1.17,   -5863, -0.41
 514,1.00,   12657,  0.44,   17506,  1.21,   -4849, -0.34
 515,2.00,   13762,  0.47,   17675,  1.23,   -3913, -0.27
 516,3.00,   15228,  0.53,   17679,  1.23,   -2451, -0.17
 517,4.00,   17351,  0.60,   17777,  1.23,    -426, -0.03
 518,5.00,   18745,  0.65,   17851,  1.24,     894,  0.06
 519,6.00,   19159,  0.66,   17157,  1.19,    2002,  0.14
 520,7.00,   20174,  0.70,   16665,  1.16,    3509,  0.24
 521,8.00,   21796,  0.75,   16533,  1.15,    5263,  0.37
 522,9.00,   22598,  0.78,   15906,  1.10,    6692,  0.46
 523,10.00,   23330,  0.80,   15690,  1.09,    7640,  0.53
 524,11.00,   24573,  0.85,   15929,  1.10,    8644,  0.60
 525,12.00,   25925,  0.89,   16119,  1.12,    9806,  0.68
 526,13.00,   26942,  0.93,   16014,  1.11,   10928,  0.76
 527,14.00,   27041,  0.93,   15408,  1.07,   11633,  0.81
 528,15.00,   27143,  0.94,   14945,  1.04,   12198,  0.85
 529,16.00,   26154,  0.90,   13881,  0.96,   12273,  0.85
 530,17.00,   25542,  0.88,   13142,  0.91,   12400,  0.86
 531,18.00,   24933,  0.86,   12261,  0.85,   12672,  0.88
 532,19.00,   23932,  0.83,   11367,  0.79,   12565,  0.87
 533,20.00,   22096,  0.76,   10083,  0.70,   12013,  0.83
 534,21.00,   20611,  0.71,    9352,  0.65,   11259,  0.78
 535,22.00,   18716,  0.65,    8497,  0.59,   10219,  0.71
 536,23.00,   15641,  0.54,    6797,  0.47,    8844,  0.61
 537,24.00,   12509,  0.43,    5209,  0.36,    7300,  0.51
 538,25.00,   10138,  0.35,    3989,  0.28,    6149,  0.43
 539,26.00,    8273,  0.29,    3005,  0.21,    5268,  0.37
 540,27.00,    6319,  0.22,    1943,  0.13,    4376,  0.30
 541,28.00,    3997,  0.14,     174,  0.01,    3823,  0.27
 542,29.00,    1562,  0.05,   -2037, -0.14,    3599,  0.25
 543,30.00,   -2026, -0.07,   -4548, -0.32,    2522,  0.17
 544,31.00,   -5687, -0.20,   -6988, -0.48,    1301,  0.09
 545,32.00,   -9212, -0.32,   -9397, -0.65,     185,  0.01
 546,33.00,  -12373, -0.43,  -11363, -0.79,   -1010, -0.07
 547,34.00,  -14530, -0.50,  -12424, -0.86,   -2106, -0.15
 548,35.00,  -16337, -0.56,  -13478, -0.93,   -2859, -0.20
 549,36.00,  -18220, -0.63,  -14769, -1.02,   -3451, -0.24
 550,37.00,  -19098, -0.66,  -15696, -1.09,   -3402, -0.24
 551,38.00,  -19917, -0.69,  -16925, -1.17,   -2992, -0.21
 552,39.00,  -20635, -0.71,  -18239, -1.27,   -2396, -0.17
 553,40.00,  -21160, -0.73,  -19696, -1.37,   -1464, -0.10
 554,41.00,  -21412, -0.74,  -21021, -1.46,    -391, -0.03
 555,42.00,  -21479, -0.74,  -21966, -1.52,     487,  0.03
 556,43.00,  -21042, -0.73,  -22362, -1.55,    1320,  0.09
 557,44.00,  -20385, -0.70,  -22766, -1.58,    2381,  0.17
 558,45.00,  -20019, -0.69,  -23251, -1.61,    3232,  0.22
 559,46.00,  -18954, -0.65,  -22936, -1.59,    3982,  0.28
 560,47.00,  -16878, -0.58,  -22133, -1.54,    5255,  0.36
 561,48.00,  -14113, -0.49,  -21381, -1.48,    7268,  0.50
 562,49.00,  -10760, -0.37,  -20770, -1.44,   10010,  0.69
 563,50.00,   -7016, -0.24,  -19917, -1.38,   12901,  0.89
 564,51.00,   -2928, -0.10,  -18666, -1.29,   15738,  1.09
 565,52.00,    1768,  0.06,  -16922, -1.17,   18690,  1.30
 566,53.00,    6776,  0.23,  -14799, -1.03,   21575,  1.50
 567,54.00,   12535,  0.43,  -12177, -0.84,   24712,  1.71
 568,55.00,   18082,  0.62,   -9666, -0.67,   27748,  1.92
 569,56.00,   23641,  0.82,   -6973, -0.48,   30614,  2.12
 570,57.00,   29933,  1.03,   -3662, -0.25,   33595,  2.33
 571,58.00,   36301,  1.25,    -450, -0.03,   36751,  2.55
 572,59.00,   42242,  1.46,    2552,  0.18,   39690,  2.75
 573,60.00,   47805,  1.65,    5590,  0.39,   42215,  2.93
 574,61.00,   53396,  1.84,    8741,  0.61,   44655,  3.10
 575,62.00,   59226,  2.04,   12136,  0.84,   47090,  3.27
 576,63.00,   64119,  2.21,   14959,  1.04,   49160,  3.41
 577,64.00,   68601,  2.37,   17505,  1.21,   51096,  3.54
 578,65.00,   72698,  2.51,   20257,  1.41,   52441,  3.64
 579,66.00,   76094,  2.62,   22982,  1.59,   53112,  3.68
 580,67.00,   78443,  2.71,   25220,  1.75,   53223,  3.69
 581,68.00,   80710,  2.78,   27331,  1.90,   53379,  3.70
 582,69.00,   82441,  2.84,   29286,  2.03,   53155,  3.69
 583,70.00,   83314,  2.87,   30693,  2.13,   52621,  3.65
 584,71.00,   83376,  2.88,   31680,  2.20,   51696,  3.59
 585,72.00,   82952,  2.86,   32127,  2.23,   50825,  3.53
 586,73.00,   82468,  2.84,   32572,  2.26,   49896,  3.46
 587,74.00,   81147,  2.80,   32561,  2.26,   48586,  3.37
 588,75.00,   78672,  2.71,   31713,  2.20,   46959,  3.26
 589,76.00,   75767,  2.61,   30725,  2.13,   45042,  3.12
 590,77.00,   72265,  2.49,   29334,  2.03,   42931,  2.98
 591,78.00,   69307,  2.39,   28025,  1.94,   41282,  2.86
 592,79.00,   66188,  2.28,   26419,  1.83,   39769,  2.76
 593,80.00,   61856,  2.13,   24085,  1.67,   37771,  2.62
 594,81.00,   56935,  1.96,   21409,  1.48,   35526,  2.46
 595,82.00,   51707,  1.78,   18405,  1.28,   33302,  2.31
 596,83.00,   46577,  1.61,   15370,  1.07,   31207,  2.16
 597,84.00,   41451,  1.43,   12575,  0.87,   28876,  2.00
 598,85.00,   35915,  1.24,   10001,  0.69,   25914,  1.80
 599,86.00,   30114,  1.04,    7247,  0.50,   22867,  1.59
 600,87.00,   23501,  0.81,    4290,  0.30,   19211,  1.33
 601,88.00,   16705,  0.58,    1084,  0.08,   15621,  1.08
 602,89.00,   10683,  0.37,   -1757, -0.12,   12440,  0.86
 603,90.00,    4519,  0.16,   -4687, -0.33,    9206,  0.64
 604,91.00,   -1556, -0.05,   -7156, -0.50,    5600,  0.39
 605,92.00,   -7078, -0.24,   -9015, -0.63,    1937,  0.13
 606,93.00,  -11606, -0.40,   -9981, -0.69,   -1625, -0.11
 607,94.00,  -15692, -0.54,  -10533, -0.73,   -5159, -0.36
 608,95.00,  -19859, -0.68,  -11200, -0.78,   -8659, -0.60
 609,96.00,  -23870, -0.82,  -12278, -0.85,  -11592, -0.80
 610,97.00,  -28070, -0.97,  -13714, -0.95,  -14356, -1.00
 611,98.00,  -31576, -1.09,  -14608, -1.01,  -16968, -1.18
 612,99.00,  -35213, -1.21,  -15136, -1.05,  -20077, -1.39
 613,100.00,  -37790, -1.30,  -15171, -1.05,  -22619, -1.57
 614,101.00,  -39591, -1.37,  -15017, -1.04,  -24574, -1.70
 615,102.00,  -41013, -1.41,  -14838, -1.03,  -26175, -1.82
 616,103.00,  -41585, -1.43,  -13913, -0.97,  -27672, -1.92
 617,104.00,  -42335, -1.46,  -13378, -0.93,  -28957, -2.01
 618,105.00,  -42358, -1.46,  -12629, -0.88,  -29729, -2.06
 619,106.00,  -40212, -1.39,  -11150, -0.77,  -29062, -2.02
 620,107.00,  -37925, -1.31,   -9310, -0.65,  -28615, -1.98
 621,108.00,  -35821, -1.24,   -7664, -0.53,  -28157, -1.95
 622,109.00,  -33580, -1.16,   -6175, -0.43,  -27405, -1.90
 623,110.00,  -31449, -1.08,   -4739, -0.33,  -26710, -1.85
 624,111.00,  -28592, -0.99,   -3260, -0.23,  -25332, -1.76
 625,112.00,  -24855, -0.86,   -1226, -0.09,  -23629, -1.64
 626,113.00,  -20744, -0.72,    1038,  0.07,  -21782, -1.51
 627,114.00,  -16045, -0.55,    2888,  0.20,  -18933, -1.31
 628,115.00,  -10966, -0.38,    4593,  0.32,  -15559, -1.08
 629,116.00,   -5828, -0.20,    6339,  0.44,  -12167, -0.84
 630,117.00,    -973, -0.03,    8222,  0.57,   -9195, -0.64
 631,118.00,    3395,  0.12,   10013,  0.69,   -6618, -0.46
 632,119.00,    7020,  0.24,   11683,  0.81,   -4663, -0.32
 633,120.00,   10367,  0.36,   13027,  0.90,   -2660, -0.18
 634,121.00,   14207,  0.49,   14404,  1.00,    -197, -0.01
 635,122.00,   18146,  0.63,   16002,  1.11,    2144,  0.15
 636,123.00,   21836,  0.75,   17776,  1.23,    4060,  0.28
 637,124.00,   25297,  0.87,   19114,  1.33,    6183,  0.43
 638,125.00,   28612,  0.99,   20224,  1.40,    8388,  0.58
 639,126.00,   31882,  1.10,   21391,  1.48,   10491,  0.73
 640,127.00,   34451,  1.19,   22297,  1.55,   12154,  0.84
 641,128.00,   37443,  1.29,   23132,  1.60,   14311,  0.99
 642,129.00,   40267,  1.39,   23669,  1.64,   16598,  1.15
 643,130.00,   42332,  1.46,   24566,  1.70,   17766,  1.23
 644,131.00,   44271,  1.53,   25744,  1.79,   18527,  1.29
 645,132.00,   45903,  1.58,   26908,  1.87,   18995,  1.32
 646,133.00,   48004,  1.66,   27968,  1.94,   20036,  1.39
 647,134.00,   49915,  1.72,   28668,  1.99,   21247,  1.47
 648,135.00,   51626,  1.78,   28988,  2.01,   22638,  1.57
 649,136.00,   52935,  1.83,   29077,  2.02,   23858,  1.65
 650,137.00,   53824,  1.86,   29248,  2.03,   24576,  1.70
 651,138.00,   54637,  1.88,   28817,  2.00,   25820,  1.79
 652,139.00,   55081,  1.90,   28273,  1.96,   26808,  1.86
 653,140.00,   54633,  1.88,   27300,  1.89,   27333,  1.90
 654,141.00,   53914,  1.86,   26356,  1.83,   27558,  1.91
 655,142.00,   53357,  1.84,   25504,  1.77,   27853,  1.93
 656,143.00,   52512,  1.81,   24433,  1.69,   28079,  1.95
 657,144.00,   51949,  1.79,   23332,  1.62,   28617,  1.98
 658,145.00,   51483,  1.78,   22651,  1.57,   28832,  2.00
 659,146.00,   50185,  1.73,   21537,  1.49,   28648,  1.99
 660,147.00,   47826,  1.65,   19712,  1.37,   28114,  1.95
 661,148.00,   45410,  1.57,   18079,  1.25,   27331,  1.90
 662,149.00,   43757,  1.51,   17004,  1.18,   26753,  1.86
 663,150.00,   41775,  1.44,   15790,  1.10,   25985,  1.80
 664,151.00,   39544,  1.36,   14317,  0.99,   25227,  1.75
 665,152.00,   36922,  1.27,   12763,  0.89,   24159,  1.68
 666,153.00,   34357,  1.18,   11446,  0.79,   22911,  1.59
 667,154.00,   31929,  1.10,    9994,  0.69,   21935,  1.52
 668,155.00,   29124,  1.00,    8192,  0.57,   20932,  1.45
 669,156.00,   26150,  0.90,    6295,  0.44,   19855,  1.38
 670,157.00,   23022,  0.79,    4601,  0.32,   18421,  1.28
 671,158.00,   18982,  0.65,    2603,  0.18,   16379,  1.14
 672,159.00,   14578,  0.50,     692,  0.05,   13886,  0.96
 673,160.00,   10167,  0.35,   -1095, -0.08,   11262,  0.78
 674,161.00,    6172,  0.21,   -3101, -0.22,    9273,  0.64
 675,162.00,    2111,  0.07,   -5196, -0.36,    7307,  0.51
 676,163.00,   -2603, -0.09,   -7505, -0.52,    4902,  0.34
 677,164.00,   -8092, -0.28,  -10493, -0.73,    2401,  0.17
 678,165.00,  -13263, -0.46,  -13492, -0.94,     229,  0.02
 679,166.00,  -18791, -0.65,  -16226, -1.13,   -2565, -0.18
 680,167.00,  -24557, -0.85,  -18715, -1.30,   -5842, -0.41
 681,168.00,  -29486, -1.02,  -20715, -1.44,   -8771, -0.61
 682,169.00,  -34058, -1.17,  -22751, -1.58,  -11307, -0.78
 683,170.00,  -39386, -1.36,  -25434, -1.76,  -13952, -0.97
 684,171.00,  -45031, -1.55,  -28053, -1.95,  -16978, -1.18
 685,172.00,  -49597, -1.71,  -30126, -2.09,  -19471, -1.35
 686,173.00,  -54615, -1.88,  -32542, -2.26,  -22073, -1.53
 687,174.00,  -60253, -2.08,  -34888, -2.42,  -25365, -1.76
 688,175.00,  -65786, -2.27,  -37352, -2.59,  -28434, -1.97
 689,176.00,  -71126, -2.45,  -39629, -2.75,  -31497, -2.18
 690,177.00,  -75938, -2.62,  -41698, -2.89,  -34240, -2.37
 691,178.00,  -80755, -2.78,  -44244, -3.07,  -36511, -2.53
 692,179.00,  -84738, -2.92,  -46097, -3.20,  -38641, -2.68
 693,180.00,  -88673, -3.06,  -47928, -3.32,  -40745, -2.83
 694,181.00,  -93033, -3.21,  -50126, -3.48,  -42907, -2.98
 695,182.00,  -97694, -3.37,  -52597, -3.65,  -45097, -3.13
 696,183.00, -102278, -3.53,  -54823, -3.80,  -47455, -3.29
 697,184.00, -106881, -3.69,  -57321, -3.98,  -49560, -3.44
 698,185.00, -111596, -3.85,  -60331, -4.18,  -51265, -3.56
 699,186.00, -116602, -4.02,  -63177, -4.38,  -53425, -3.71
 700,187.00, -122353, -4.22,  -66093, -4.58,  -56260, -3.90
 701,188.00, -127951, -4.41,  -68967, -4.78,  -58984, -4.09
 702,189.00, -133157, -4.59,  -71932, -4.99,  -61225, -4.25
 703,190.00, -137911, -4.76,  -74646, -5.18,  -63265, -4.39
 704,191.00, -142159, -4.90,  -76858, -5.33,  -65301, -4.53
 705,192.00, -146307, -5.05,  -78213, -5.42,  -68094, -4.72
 706,193.00, -149995, -5.17,  -79009, -5.48,  -70986, -4.92
 707,194.00, -153813, -5.30,  -80317, -5.57,  -73496, -5.10
 708,195.00, -158706, -5.47,  -82845, -5.75,  -75861, -5.26
 709,196.00, -164350, -5.67,  -85406, -5.92,  -78944, -5.48
 710,197.00, -169344, -5.84,  -87621, -6.08,  -81723, -5.67
 711,198.00, -172906, -5.96,  -89209, -6.19,  -83697, -5.81
 712,199.00, -176252, -6.08,  -90881, -6.30,  -85371, -5.92
 713,200.00, -180172, -6.21,  -92684, -6.43,  -87488, -6.07
 714,201.00, -183480, -6.33,  -94142, -6.53,  -89338, -6.20
 715,202.00, -186469, -6.43,  -95482, -6.62,  -90987, -6.31
 716,203.00, -189237, -6.53,  -96430, -6.69,  -92807, -6.44
 717,204.00, -191179, -6.59,  -96787, -6.71,  -94392, -6.55
 718,205.00, -193394, -6.67,  -97406, -6.76,  -95988, -6.66
 719,206.00, -195368, -6.74,  -97693, -6.78,  -97675, -6.77
 720,207.00, -197216, -6.80,  -98224, -6.81,  -98992, -6.87
 721,208.00, -198798, -6.86,  -98911, -6.86,  -99887, -6.93
 722,209.00, -200412, -6.91,  -99339, -6.89, -101073, -7.01
 723,210.00, -201042, -6.93,  -99099, -6.87, -101943, -7.07
 724,211.00, -201444, -6.95,  -98491, -6.83, -102953, -7.14
 725,212.00, -201872, -6.96,  -98002, -6.80, -103870, -7.20
 726,213.00, -202325, -6.98,  -98081, -6.80, -104244, -7.23
 727,214.00, -201923, -6.96,  -97850, -6.79, -104073, -7.22
 728,215.00, -201445, -6.95,  -97104, -6.74, -104341, -7.24
 729,216.00, -199985, -6.90,  -95420, -6.62, -104565, -7.25
 730,217.00, -198840, -6.86,  -94724, -6.57, -104116, -7.22
 731,218.00, -197391, -6.81,  -93918, -6.51, -103473, -7.18
 732,219.00, -194742, -6.72,  -91889, -6.37, -102853, -7.13
 733,220.00, -191312, -6.60,  -89641, -6.22, -101671, -7.05
 734,221.00, -188023, -6.48,  -87607, -6.08, -100416, -6.96
 735,222.00, -184973, -6.38,  -85986, -5.96,  -98987, -6.87
 736,223.00, -181845, -6.27,  -84590, -5.87,  -97255, -6.75
 737,224.00, -178715, -6.16,  -83462, -5.79,  -95253, -6.61
 738,225.00, -175566, -6.05,  -82711, -5.74,  -92855, -6.44
 739,226.00, -171340, -5.91,  -81469, -5.65,  -89871, -6.23
 740,227.00, -166276, -5.73,  -79480, -5.51,  -86796, -6.02
 741,228.00, -161575, -5.57,  -77345, -5.36,  -84230, -5.84
 742,229.00, -156943, -5.41,  -75150, -5.21,  -81793, -5.67
 743,230.00, -152393, -5.26,  -73359, -5.09,  -79034, -5.48
 744,231.00, -148510, -5.12,  -71805, -4.98,  -76705, -5.32
 745,232.00, -144460, -4.98,  -70428, -4.88,  -74032, -5.13
 746,233.00, -139154, -4.80,  -68302, -4.74,  -70852, -4.91
 747,234.00, -134208, -4.63,  -66086, -4.58,  -68122, -4.72
 748,235.00, -129741, -4.47,  -63708, -4.42,  -66033, -4.58
 749,236.00, -125659, -4.33,  -61857, -4.29,  -63802, -4.43
 750,237.00, -120427, -4.15,  -59476, -4.13,  -60951, -4.23
 751,238.00, -113930, -3.93,  -56541, -3.92,  -57389, -3.98
 752,239.00, -107835, -3.72,  -53877, -3.74,  -53958, -3.74
 753,240.00, -101178, -3.49,  -50838, -3.53,  -50340, -3.49
 754,241.00,  -93949, -3.24,  -47259, -3.28,  -46690, -3.24
 755,242.00,  -87767, -3.03,  -43996, -3.05,  -43771, -3.04
 756,243.00,  -82961, -2.86,  -41645, -2.89,  -41316, -2.87
 757,244.00,  -77896, -2.69,  -39335, -2.73,  -38561, -2.67
 758,245.00,  -72193, -2.49,  -36650, -2.54,  -35543, -2.47
 759,246.00,  -66186, -2.28,  -33747, -2.34,  -32439, -2.25
 760,247.00,  -60451, -2.08,  -30955, -2.15,  -29496, -2.05
 761,248.00,  -54723, -1.89,  -28168, -1.95,  -26555, -1.84
 762,249.00,  -48399, -1.67,  -24841, -1.72,  -23558, -1.63
 763,250.00,  -42190, -1.45,  -21309, -1.48,  -20881, -1.45
 764,251.00,  -37188, -1.28,  -18256, -1.27,  -18932, -1.31
 765,252.00,  -32983, -1.14,  -15491, -1.07,  -17492, -1.21
 766,253.00,  -29450, -1.02,  -13201, -0.92,  -16249, -1.13
 767,254.00,  -26679, -0.92,  -11530, -0.80,  -15149, -1.05
 768,255.00,  -23719, -0.82,   -9863, -0.68,  -13856, -0.96
 769,256.00,  -20780, -0.72,   -8271, -0.57,  -12509, -0.87
 770,257.00,  -17885, -0.62,   -6545, -0.45,  -11340, -0.79
 771,258.00,  -14963, -0.52,   -4748, -0.33,  -10215, -0.71
 772,259.00,  -11655, -0.40,   -2872, -0.20,   -8783, -0.61
 773,260.00,   -9160, -0.32,   -1391, -0.10,   -7769, -0.54
 774,261.00,   -6891, -0.24,     109,  0.00,   -7000, -0.49
 775,262.00,   -3826, -0.13,    1913,  0.13,   -5739, -0.40
 776,263.00,   -1289, -0.04,    3059,  0.21,   -4348, -0.30
 777,264.00,     419,  0.01,    3909,  0.27,   -3490, -0.24
 778,265.00,    1788,  0.06,    5024,  0.35,   -3236, -0.22
 779,266.00,    3134,  0.11,    5833,  0.40,   -2699, -0.19
 780,267.00,    4221,  0.15,    5969,  0.41,   -1748, -0.12
 781,268.00,    5048,  0.17,    6151,  0.43,   -1103, -0.08
 782,269.00,    4685,  0.16,    5820,  0.40,   -1135, -0.08
 783,270.00,    3980,  0.14,    5217,  0.36,   -1237, -0.09
 784,271.00,    3071,  0.11,    4234,  0.29,   -1163, -0.08
 785,272.00,    2593,  0.09,    3629,  0.25,   -1036, -0.07
 786,273.00,    1820,  0.06,    2591,  0.18,    -771, -0.05
 787,274.00,     690,  0.02,    1614,  0.11,    -924, -0.06
 788,275.00,    -875, -0.03,     375,  0.03,   -1250, -0.09
 789,276.00,   -2852, -0.10,    -916, -0.06,   -1936, -0.13
 790,277.00,   -5082, -0.18,   -2437, -0.17,   -2645, -0.18
 791,278.00,   -7485, -0.26,   -4315, -0.30,   -3170, -0.22
 792,279.00,   -9743, -0.34,   -5851, -0.41,   -3892, -0.27
 793,280.00,  -11752, -0.41,   -7209, -0.50,   -4543, -0.32
 794,281.00,  -13736, -0.47,   -8950, -0.62,   -4786, -0.33
 795,282.00,  -16163, -0.56,  -10981, -0.76,   -5182, -0.36
 796,283.00,  -18737, -0.65,  -12855, -0.89,   -5882, -0.41
 797,284.00,  -20940, -0.72,  -14248, -0.99,   -6692, -0.46
 798,285.00,  -23207, -0.80,  -15335, -1.06,   -7872, -0.55
 799,286.00,  -26152, -0.90,  -16981, -1.18,   -9171, -0.64
 800,287.00,  -28807, -0.99,  -18583, -1.29,  -10224, -0.71
 801,288.00,  -31657, -1.09,  -20046, -1.39,  -11611, -0.81
 802,289.00,  -33660, -1.16,  -20866, -1.45,  -12794, -0.89
 803,290.00,  -35208, -1.21,  -21480, -1.49,  -13728, -0.95
 804,291.00,  -36984, -1.28,  -22302, -1.55,  -14682, -1.02
 805,292.00,  -39028, -1.35,  -23195, -1.61,  -15833, -1.10
 806,293.00,  -40600, -1.40,  -23624, -1.64,  -16976, -1.18
 807,294.00,  -42172, -1.45,  -24085, -1.67,  -18087, -1.25
 808,295.00,  -44351, -1.53,  -24772, -1.72,  -19579, -1.36
 809,296.00,  -46329, -1.60,  -25443, -1.76,  -20886, -1.45
 810,297.00,  -47314, -1.63,  -25866, -1.79,  -21448, -1.49
 811,298.00,  -47916, -1.65,  -26078, -1.81,  -21838, -1.51
 812,299.00,  -48597, -1.68,  -25996, -1.80,  -22601, -1.57
 813,300.00,  -48505, -1.67,  -25771, -1.79,  -22734, -1.58
 814,301.00,  -47866, -1.65,  -25275, -1.75,  -22591, -1.57
 815,302.00,  -47088, -1.62,  -24616, -1.71,  -22472, -1.56
 816,303.00,  -46782, -1.61,  -24464, -1.70,  -22318, -1.55
 817,304.00,  -46449, -1.60,  -24727, -1.72,  -21722, -1.51
 818,305.00,  -45358, -1.56,  -24496, -1.70,  -20862, -1.45
 819,306.00,  -43827, -1.51,  -23501, -1.63,  -20326, -1.41
 820,307.00,  -43088, -1.49,  -22987, -1.59,  -20101, -1.39
 821,308.00,  -42084, -1.45,  -22407, -1.55,  -19677, -1.36
 822,309.00,  -41514, -1.43,  -21896, -1.52,  -19618, -1.36
 823,310.00,  -40712, -1.40,  -21169, -1.47,  -19543, -1.36
 824,311.00,  -40064, -1.38,  -20666, -1.43,  -19398, -1.35
 825,312.00,  -40137, -1.38,  -20652, -1.43,  -19485, -1.35
 826,313.00,  -39810, -1.37,  -20589, -1.43,  -19221, -1.33
 827,314.00,  -38344, -1.32,  -19819, -1.37,  -18525, -1.28
 828,315.00,  -36106, -1.25,  -19000, -1.32,  -17106, -1.19
 829,316.00,  -34024, -1.17,  -18273, -1.27,  -15751, -1.09
 830,317.00,  -32518, -1.12,  -17537, -1.22,  -14981, -1.04
 831,318.00,  -31146, -1.07,  -16819, -1.17,  -14327, -0.99
 832,319.00,  -30403, -1.05,  -16721, -1.16,  -13682, -0.95
 833,320.00,  -29508, -1.02,  -16637, -1.15,  -12871, -0.89
 834,321.00,  -27959, -0.96,  -16621, -1.15,  -11338, -0.79
 835,322.00,  -27094, -0.93,  -16789, -1.16,  -10305, -0.71
 836,323.00,  -25228, -0.87,  -16318, -1.13,   -8910, -0.62
 837,324.00,  -22686, -0.78,  -15002, -1.04,   -7684, -0.53
 838,325.00,  -20049, -0.69,  -13669, -0.95,   -6380, -0.44
 839,326.00,  -17534, -0.60,  -12574, -0.87,   -4960, -0.34
 840,327.00,  -14841, -0.51,  -11213, -0.78,   -3628, -0.25
 841,328.00,  -11563, -0.40,   -9293, -0.64,   -2270, -0.16
 842,329.00,   -8257, -0.28,   -7071, -0.49,   -1186, -0.08
 843,330.00,   -5708, -0.20,   -5406, -0.37,    -302, -0.02
 844,331.00,   -3264, -0.11,   -3597, -0.25,     333,  0.02
 845,332.00,    -793, -0.03,   -1725, -0.12,     932,  0.06
 846,333.00,    1115,  0.04,    -252, -0.02,    1367,  0.09
 847,334.00,    3848,  0.13,    1411,  0.10,    2437,  0.17
 848,335.00,    6632,  0.23,    3504,  0.24,    3128,  0.22
 849,336.00,    8150,  0.28,    4898,  0.34,    3252,  0.23
 850,337.00,    9904,  0.34,    6592,  0.46,    3312,  0.23
 851,338.00,   12975,  0.45,    9326,  0.65,    3649,  0.25
 852,339.00,   16196,  0.56,   12394,  0.86,    3802,  0.26
 853,340.00,   19597,  0.68,   15017,  1.04,    4580,  0.32
 854,341.00,   22490,  0.78,   16594,  1.15,    5896,  0.41
 855,342.00,   25619,  0.88,   18241,  1.27,    7378,  0.51
 856,343.00,   28029,  0.97,   19322,  1.34,    8707,  0.60
 857,344.00,   30815,  1.06,   20507,  1.42,   10308,  0.71
 858,345.00,   34178,  1.18,   22546,  1.56,   11632,  0.81
 859,346.00,   36905,  1.27,   24036,  1.67,   12869,  0.89
 860,347.00,   38903,  1.34,   25014,  1.73,   13889,  0.96
 861,348.00,   40442,  1.39,   25821,  1.79,   14621,  1.01
 862,349.00,   41757,  1.44,   27090,  1.88,   14667,  1.02
 863,350.00,   42852,  1.48,   28606,  1.98,   14246,  0.99
 864,351.00,   44815,  1.55,   30298,  2.10,   14517,  1.01
 865,352.00,   46391,  1.60,   31957,  2.22,   14434,  1.00
 866,353.00,   46926,  1.62,   33792,  2.34,   13134,  0.91
 867,354.00,   47310,  1.63,   35499,  2.46,   11811,  0.82
 868,355.00,   48256,  1.66,   37102,  2.57,   11154,  0.77
 869,356.00,   49014,  1.69,   38405,  2.66,   10609,  0.74
 870,357.00,   48990,  1.69,   39270,  2.72,    9720,  0.67
 871,358.00,   47777,  1.65,   39822,  2.76,    7955,  0.55
 872,359.00,   45944,  1.58,   40620,  2.82,    5324,  0.37
 873,360.00,   44678,  1.54,   41545,  2.88,    3133,  0.22
 874,361.00,   43357,  1.50,   42427,  2.94,     930,  0.06
 875,362.00,   42288,  1.46,   43537,  3.02,   -1249, -0.09
 876,363.00,   41429,  1.43,   44505,  3.09,   -3076, -0.21
 877,364.00,   41126,  1.42,   45281,  3.14,   -4155, -0.29
 878,365.00,   40847,  1.41,   46322,  3.21,   -5475, -0.38
 879,366.00,   40685,  1.40,   47156,  3.27,   -6471, -0.45
 880,367.00,   40073,  1.38,   47526,  3.30,   -7453, -0.52
 881,368.00,   38846,  1.34,   48046,  3.33,   -9200, -0.64
 882,369.00,   37165,  1.28,   48114,  3.34,  -10949, -0.76
 883,370.00,   34565,  1.19,   47742,  3.31,  -13177, -0.91
 884,371.00,   31990,  1.10,   47579,  3.30,  -15589, -1.08
 885,372.00,   29417,  1.01,   47316,  3.28,  -17899, -1.24
 886,373.00,   27333,  0.94,   46539,  3.23,  -19206, -1.33
 887,374.00,   24455,  0.84,   45114,  3.13,  -20659, -1.43
 888,375.00,   21440,  0.74,   43808,  3.04,  -22368, -1.55
 889,376.00,   19169,  0.66,   43185,  3.00,  -24016, -1.67
 890,377.00,   16317,  0.56,   42437,  2.94,  -26120, -1.81
 891,378.00,   14247,  0.49,   42123,  2.92,  -27876, -1.93
 892,379.00,   12928,  0.45,   41709,  2.89,  -28781, -2.00
 893,380.00,   11654,  0.40,   40544,  2.81,  -28890, -2.00
 894,381.00,   10043,  0.35,   39286,  2.72,  -29243, -2.03
 895,382.00,    8062,  0.28,   37942,  2.63,  -29880, -2.07
 896,383.00,    6089,  0.21,   35925,  2.49,  -29836, -2.07
 897,384.00,    5110,  0.18,   34692,  2.41,  -29582, -2.05
 898,385.00,    4416,  0.15,   33744,  2.34,  -29328, -2.03
 899,386.00,    4306,  0.15,   32490,  2.25,  -28184, -1.95
 900,387.00,    5316,  0.18,   31350,  2.17,  -26034, -1.81
 901,388.00,    5923,  0.20,   30096,  2.09,  -24173, -1.68
 902,389.00,    6843,  0.24,   29163,  2.02,  -22320, -1.55
 903,390.00,    7765,  0.27,   28410,  1.97,  -20645, -1.43
 904,391.00,    8540,  0.29,   27520,  1.91,  -18980, -1.32
 905,392.00,   10166,  0.35,   26811,  1.86,  -16645, -1.15
 906,393.00,   11641,  0.40,   25670,  1.78,  -14029, -0.97
 907,394.00,   12144,  0.42,   24007,  1.67,  -11863, -0.82
 908,395.00,   13088,  0.45,   22200,  1.54,   -9112, -0.63
 909,396.00,   14052,  0.48,   20298,  1.41,   -6246, -0.43
 910,397.00,   15674,  0.54,   19153,  1.33,   -3479, -0.24
 911,398.00,   18552,  0.64,   18998,  1.32,    -446, -0.03
 912,399.00,   21032,  0.73,   18228,  1.26,    2804,  0.19
 913,400.00,   22922,  0.79,   16917,  1.17,    6005,  0.42
 914,401.00,   24097,  0.83,   15364,  1.07,    8733,  0.61
 915,402.00,   25012,  0.86,   13433,  0.93,   11579,  0.80
 916,403.00,   26321,  0.91,   12149,  0.84,   14172,  0.98
 917,404.00,   27687,  0.95,   10967,  0.76,   16720,  1.16
 918,405.00,   29282,  1.01,    9737,  0.68,   19545,  1.36
 919,406.00,   30746,  1.06,    8503,  0.59,   22243,  1.54
 920,407.00,   32834,  1.13,    7670,  0.53,   25164,  1.75
 921,408.00,   34538,  1.19,    7185,  0.50,   27353,  1.90
 922,409.00,   35833,  1.24,    6822,  0.47,   29011,  2.01
 923,410.00,   36804,  1.27,    6207,  0.43,   30597,  2.12
 924,411.00,   37315,  1.29,    5510,  0.38,   31805,  2.21
 925,412.00,   37974,  1.31,    4956,  0.34,   33018,  2.29
 926,413.00,   39062,  1.35,    4529,  0.31,   34533,  2.40
 927,414.00,   39915,  1.38,    3772,  0.26,   36143,  2.51
 928,415.00,   40817,  1.41,    3554,  0.25,   37263,  2.58
 929,416.00,   41427,  1.43,    3587,  0.25,   37840,  2.62
 930,417.00,   43183,  1.49,    4089,  0.28,   39094,  2.71
 931,418.00,   45077,  1.55,    4811,  0.33,   40266,  2.79
 932,419.00,   46073,  1.59,    5651,  0.39,   40422,  2.80
 933,420.00,   47145,  1.63,    6701,  0.46,   40444,  2.81
 934,421.00,   48276,  1.66,    7640,  0.53,   40636,  2.82
 935,422.00,   49855,  1.72,    8298,  0.58,   41557,  2.88
 936,423.00,   50449,  1.74,    8403,  0.58,   42046,  2.92
 937,424.00,   50633,  1.75,    8655,  0.60,   41978,  2.91
 938,425.00,   50695,  1.75,    8939,  0.62,   41756,  2.90
 939,426.00,   51177,  1.76,    8913,  0.62,   42264,  2.93
 940,427.00,   51367,  1.77,    8458,  0.59,   42909,  2.98
 941,428.00,   52536,  1.81,    8737,  0.61,   43799,  3.04
 942,429.00,   53855,  1.86,    9238,  0.64,   44617,  3.09
 943,430.00,   54826,  1.89,    9784,  0.68,   45042,  3.12
 944,431.00,   55769,  1.92,   10270,  0.71,   45499,  3.16
 945,432.00,   56987,  1.97,   10221,  0.71,   46766,  3.24
 946,433.00,   58329,  2.01,   10352,  0.72,   47977,  3.33
 947,434.00,   59903,  2.07,   10585,  0.73,   49318,  3.42
 948,435.00,   61639,  2.13,   10883,  0.75,   50756,  3.52
 949,436.00,   63122,  2.18,   11476,  0.80,   51646,  3.58
 950,437.00,   64926,  2.24,   12317,  0.85,   52609,  3.65
 951,438.00,   66319,  2.29,   12870,  0.89,   53449,  3.71
 952,439.00,   67607,  2.33,   13274,  0.92,   54333,  3.77
 953,440.00,   69293,  2.39,   14003,  0.97,   55290,  3.83
 954,441.00,   70859,  2.44,   14898,  1.03,   55961,  3.88
 955,442.00,   71355,  2.46,   15285,  1.06,   56070,  3.89
 956,443.00,   71703,  2.47,   15997,  1.11,   55706,  3.86
 957,444.00,   72501,  2.50,   16980,  1.18,   55521,  3.85
 958,445.00,   72468,  2.50,   17394,  1.21,   55074,  3.82
 959,446.00,   71296,  2.46,   17388,  1.21,   53908,  3.74
 960,447.00,   70402,  2.43,   17430,  1.21,   52972,  3.67
 961,448.00,   69790,  2.41,   17599,  1.22,   52191,  3.62
 962,449.00,   68199,  2.35,   17735,  1.23,   50464,  3.50
 963,450.00,   65308,  2.25,   17290,  1.20,   48018,  3.33
 964,451.00,   62310,  2.15,   17255,  1.20,   45055,  3.13
 965,452.00,   59767,  2.06,   17558,  1.22,   42209,  2.93
 966,453.00,   58179,  2.01,   18381,  1.27,   39798,  2.76
 967,454.00,   56562,  1.95,   19105,  1.33,   37457,  2.60
 968,455.00,   54800,  1.89,   19388,  1.34,   35412,  2.46
 969,456.00,   53595,  1.85,   20019,  1.39,   33576,  2.33
 970,457.00,   52745,  1.82,   20926,  1.45,   31819,  2.21
 971,458.00,   50781,  1.75,   21339,  1.48,   29442,  2.04
 972,459.00,   48647,  1.68,   21627,  1.50,   27020,  1.87
 973,460.00,   46622,  1.61,   21937,  1.52,   24685,  1.71
 974,461.00,   45455,  1.57,   22522,  1.56,   22933,  1.59
 975,462.00,   44405,  1.53,   22928,  1.59,   21477,  1.49
 976,463.00,   43168,  1.49,   23680,  1.64,   19488,  1.35
 977,464.00,   42424,  1.46,   24791,  1.72,   17633,  1.22
 978,465.00,   42411,  1.46,   25663,  1.78,   16748,  1.16
 979,466.00,   41860,  1.44,   26082,  1.81,   15778,  1.09
 980,467.00,   41032,  1.41,   26179,  1.82,   14853,  1.03
 981,468.00,   39418,  1.36,   25697,  1.78,   13721,  0.95
 982,469.00,   37338,  1.29,   24997,  1.73,   12341,  0.86
 983,470.00,   34921,  1.20,   24043,  1.67,   10878,  0.75
 984,471.00,   33790,  1.17,   23483,  1.63,   10307,  0.71
 985,472.00,   32512,  1.12,   22697,  1.57,    9815,  0.68
 986,473.00,   31214,  1.08,   21841,  1.51,    9373,  0.65
 987,474.00,   29852,  1.03,   21199,  1.47,    8653,  0.60
 988,475.00,   27765,  0.96,   19990,  1.39,    7775,  0.54
 989,476.00,   26049,  0.90,   18311,  1.27,    7738,  0.54
 990,477.00,   24947,  0.86,   17099,  1.19,    7848,  0.54
 991,478.00,   23796,  0.82,   16379,  1.14,    7417,  0.51
 992,479.00,   22355,  0.77,   15406,  1.07,    6949,  0.48
 993,480.00,   21553,  0.74,   14858,  1.03,    6695,  0.46
 994,481.00,   20212,  0.70,   13851,  0.96,    6361,  0.44
 995,482.00,   18858,  0.65,   12371,  0.86,    6487,  0.45
 996,483.00,   18651,  0.64,   11542,  0.80,    7109,  0.49
 997,484.00,   18658,  0.64,   11019,  0.76,    7639,  0.53
 998,485.00,   18492,  0.64,   10302,  0.71,    8190,  0.57
 999,486.00,   18170,  0.63,    9537,  0.66,    8633,  0.60
1000,487.00,   18425,  0.64,    9122,  0.63,    9303,  0.65
1001,488.00,   19366,  0.67,    9202,  0.64,   10164,  0.70
1002,489.00,   19973,  0.69,    9125,  0.63,   10848,  0.75
1003,490.00,   20855,  0.72,    9373,  0.65,   11482,  0.80
1004,491.00,   21828,  0.75,    9677,  0.67,   12151,  0.84
1005,492.00,   22673,  0.78,    9455,  0.66,   13218,  0.92
1006,493.00,   24046,  0.83,    9573,  0.66,   14473,  1.00
1007,494.00,   25166,  0.87,    9939,  0.69,   15227,  1.06
1008,495.00,   26024,  0.90,    9994,  0.69,   16030,  1.11
1009,496.00,   26749,  0.92,   10206,  0.71,   16543,  1.15
1010,497.00,   28221,  0.97,   10945,  0.76,   17276,  1.20
1011,498.00,   29926,  1.03,   11428,  0.79,   18498,  1.28
1012,499.00,   31548,  1.09,   11689,  0.81,   19859,  1.38
1013,500.00,   33187,  1.14,   12003,  0.83,   21184,  1.47
1014,501.00,   35303,  1.22,   12691,  0.88,   22612,  1.57
1015,502.00,   37208,  1.28,   13324,  0.92,   23884,  1.66
1016,503.00,   39226,  1.35,   13811,  0.96,   25415,  1.76
1017,504.00,   41744,  1.44,   14838,  1.03,   26906,  1.87
1018,505.00,   44072,  1.52,   15667,  1.09,   28405,  1.97
1019,506.00,   45986,  1.59,   16082,  1.12,   29904,  2.07
1020,507.00,   47842,  1.65,   16594,  1.15,   31248,  2.17
1021,508.00,   49929,  1.72,   17402,  1.21,   32527,  2.26
1022,509.00,   52381,  1.81,   18824,  1.31,   33557,  2.33
1023,510.00,   55077,  1.90,   20258,  1.41,   34819,  2.42
1024,511.00,   57375,  1.98,   21169,  1.47,   36206,  2.51
