-----------------------------------------------------------------------------------
Identifier:,IHS5922-2018CD01
File Name:,AFLP70B.17
Ear:,L
Channel:,2
Intensity:,70 dB HL
Stim. Rate:,  1.10/s
Stim. Mode:,0
Sweeps:,182
Artifacts:,62
Smp. Period:,1000.00 us
Amp. Gain:, 50.00 K
Low Pass:, 30.00 Hz
High Pass:,  1.00 Hz
Notch Filter:,TRUE
Stimulus:,100
Stim. Freq.:,1000 Hz
Stim. Dur.:,2000 pnts
Masking:,0 dB SPL
Stim. Point:,513
-----------------------------------------------------------------------------------
Peak Information:,Label,Peak(+),Peak(+)(ms),Peak(-),Peak(-)(ms)
,20, 733,220.00, 791,278.00,
,19, 681,168.00, 733,220.00,
,18, 661,148.00, 680,167.00,
,17, 601,88.00, 661,148.00,
-----------------------------------------------------------------------------------


Data Pnt:,Data Pnt(ms):,Average:,Average(uV):,Buffer1:,Buffer1(uV):,Buffer2:,Buffer2(uV):
   1,-512.00,       0,  0.00,       0,  0.00,       0,  0.00
   2,-511.00,       0,  0.00,       0,  0.00,       0,  0.00
   3,-510.00,       0,  0.00,       0,  0.00,       0,  0.00
   4,-509.00,       0,  0.00,       0,  0.00,       0,  0.00
   5,-508.00,       0,  0.00,       0,  0.00,       0,  0.00
   6,-507.00,       0,  0.00,       0,  0.00,       0,  0.00
   7,-506.00,       0,  0.00,       0,  0.00,       0,  0.00
   8,-505.00,       0,  0.00,       0,  0.00,       0,  0.00
   9,-504.00,       0,  0.00,       0,  0.00,       0,  0.00
  10,-503.00,       0,  0.00,       0,  0.00,       0,  0.00
  11,-502.00,       0,  0.00,       0,  0.00,       0,  0.00
  12,-501.00,       0,  0.00,       0,  0.00,       0,  0.00
  13,-500.00,       0,  0.00,       0,  0.00,       0,  0.00
  14,-499.00,       0,  0.00,       0,  0.00,       0,  0.00
  15,-498.00,       0,  0.00,       0,  0.00,       0,  0.00
  16,-497.00,       0,  0.00,       0,  0.00,       0,  0.00
  17,-496.00,       0,  0.00,       0,  0.00,       0,  0.00
  18,-495.00,       0,  0.00,       0,  0.00,       0,  0.00
  19,-494.00,       0,  0.00,       0,  0.00,       0,  0.00
  20,-493.00,       0,  0.00,       0,  0.00,       0,  0.00
  21,-492.00,       0,  0.00,       0,  0.00,       0,  0.00
  22,-491.00,       0,  0.00,       0,  0.00,       0,  0.00
  23,-490.00,       0,  0.00,       0,  0.00,       0,  0.00
  24,-489.00,       0,  0.00,       0,  0.00,       0,  0.00
  25,-488.00,       0,  0.00,       0,  0.00,       0,  0.00
  26,-487.00,       0,  0.00,       0,  0.00,       0,  0.00
  27,-486.00,       0,  0.00,       0,  0.00,       0,  0.00
  28,-485.00,       0,  0.00,       0,  0.00,       0,  0.00
  29,-484.00,       0,  0.00,       0,  0.00,       0,  0.00
  30,-483.00,       0,  0.00,       0,  0.00,       0,  0.00
  31,-482.00,       0,  0.00,       0,  0.00,       0,  0.00
  32,-481.00,       0,  0.00,       0,  0.00,       0,  0.00
  33,-480.00,       0,  0.00,       0,  0.00,       0,  0.00
  34,-479.00,       0,  0.00,       0,  0.00,       0,  0.00
  35,-478.00,       0,  0.00,       0,  0.00,       0,  0.00
  36,-477.00,       0,  0.00,       0,  0.00,       0,  0.00
  37,-476.00,       0,  0.00,       0,  0.00,       0,  0.00
  38,-475.00,       0,  0.00,       0,  0.00,       0,  0.00
  39,-474.00,       0,  0.00,       0,  0.00,       0,  0.00
  40,-473.00,       0,  0.00,       0,  0.00,       0,  0.00
  41,-472.00,       0,  0.00,       0,  0.00,       0,  0.00
  42,-471.00,       0,  0.00,       0,  0.00,       0,  0.00
  43,-470.00,       0,  0.00,       0,  0.00,       0,  0.00
  44,-469.00,       0,  0.00,       0,  0.00,       0,  0.00
  45,-468.00,       0,  0.00,       0,  0.00,       0,  0.00
  46,-467.00,       0,  0.00,       0,  0.00,       0,  0.00
  47,-466.00,       0,  0.00,       0,  0.00,       0,  0.00
  48,-465.00,       0,  0.00,       0,  0.00,       0,  0.00
  49,-464.00,       0,  0.00,       0,  0.00,       0,  0.00
  50,-463.00,       0,  0.00,       0,  0.00,       0,  0.00
  51,-462.00,       0,  0.00,       0,  0.00,       0,  0.00
  52,-461.00,       0,  0.00,       0,  0.00,       0,  0.00
  53,-460.00,       0,  0.00,       0,  0.00,       0,  0.00
  54,-459.00,       0,  0.00,       0,  0.00,       0,  0.00
  55,-458.00,       0,  0.00,       0,  0.00,       0,  0.00
  56,-457.00,       0,  0.00,       0,  0.00,       0,  0.00
  57,-456.00,       0,  0.00,       0,  0.00,       0,  0.00
  58,-455.00,       0,  0.00,       0,  0.00,       0,  0.00
  59,-454.00,       0,  0.00,       0,  0.00,       0,  0.00
  60,-453.00,       0,  0.00,       0,  0.00,       0,  0.00
  61,-452.00,       0,  0.00,       0,  0.00,       0,  0.00
  62,-451.00,       0,  0.00,       0,  0.00,       0,  0.00
  63,-450.00,       0,  0.00,       0,  0.00,       0,  0.00
  64,-449.00,       0,  0.00,       0,  0.00,       0,  0.00
  65,-448.00,       0,  0.00,       0,  0.00,       0,  0.00
  66,-447.00,       0,  0.00,       0,  0.00,       0,  0.00
  67,-446.00,       0,  0.00,       0,  0.00,       0,  0.00
  68,-445.00,       0,  0.00,       0,  0.00,       0,  0.00
  69,-444.00,       0,  0.00,       0,  0.00,       0,  0.00
  70,-443.00,       0,  0.00,       0,  0.00,       0,  0.00
  71,-442.00,       0,  0.00,       0,  0.00,       0,  0.00
  72,-441.00,       0,  0.00,       0,  0.00,       0,  0.00
  73,-440.00,       0,  0.00,       0,  0.00,       0,  0.00
  74,-439.00,       0,  0.00,       0,  0.00,       0,  0.00
  75,-438.00,       0,  0.00,       0,  0.00,       0,  0.00
  76,-437.00,       0,  0.00,       0,  0.00,       0,  0.00
  77,-436.00,       0,  0.00,       0,  0.00,       0,  0.00
  78,-435.00,       0,  0.00,       0,  0.00,       0,  0.00
  79,-434.00,       0,  0.00,       0,  0.00,       0,  0.00
  80,-433.00,       0,  0.00,       0,  0.00,       0,  0.00
  81,-432.00,       0,  0.00,       0,  0.00,       0,  0.00
  82,-431.00,       0,  0.00,       0,  0.00,       0,  0.00
  83,-430.00,       0,  0.00,       0,  0.00,       0,  0.00
  84,-429.00,       0,  0.00,       0,  0.00,       0,  0.00
  85,-428.00,       0,  0.00,       0,  0.00,       0,  0.00
  86,-427.00,       0,  0.00,       0,  0.00,       0,  0.00
  87,-426.00,       0,  0.00,       0,  0.00,       0,  0.00
  88,-425.00,       0,  0.00,       0,  0.00,       0,  0.00
  89,-424.00,       0,  0.00,       0,  0.00,       0,  0.00
  90,-423.00,       0,  0.00,       0,  0.00,       0,  0.00
  91,-422.00,       0,  0.00,       0,  0.00,       0,  0.00
  92,-421.00,       0,  0.00,       0,  0.00,       0,  0.00
  93,-420.00,       0,  0.00,       0,  0.00,       0,  0.00
  94,-419.00,       0,  0.00,       0,  0.00,       0,  0.00
  95,-418.00,       0,  0.00,       0,  0.00,       0,  0.00
  96,-417.00,       0,  0.00,       0,  0.00,       0,  0.00
  97,-416.00,       0,  0.00,       0,  0.00,       0,  0.00
  98,-415.00,       0,  0.00,       0,  0.00,       0,  0.00
  99,-414.00,       0,  0.00,       0,  0.00,       0,  0.00
 100,-413.00,       0,  0.00,       0,  0.00,       0,  0.00
 101,-412.00,       0,  0.00,       0,  0.00,       0,  0.00
 102,-411.00,       0,  0.00,       0,  0.00,       0,  0.00
 103,-410.00,       0,  0.00,       0,  0.00,       0,  0.00
 104,-409.00,       0,  0.00,       0,  0.00,       0,  0.00
 105,-408.00,       0,  0.00,       0,  0.00,       0,  0.00
 106,-407.00,       0,  0.00,       0,  0.00,       0,  0.00
 107,-406.00,       0,  0.00,       0,  0.00,       0,  0.00
 108,-405.00,       0,  0.00,       0,  0.00,       0,  0.00
 109,-404.00,       0,  0.00,       0,  0.00,       0,  0.00
 110,-403.00,       0,  0.00,       0,  0.00,       0,  0.00
 111,-402.00,       0,  0.00,       0,  0.00,       0,  0.00
 112,-401.00,       0,  0.00,       0,  0.00,       0,  0.00
 113,-400.00,       0,  0.00,       0,  0.00,       0,  0.00
 114,-399.00,       0,  0.00,       0,  0.00,       0,  0.00
 115,-398.00,       0,  0.00,       0,  0.00,       0,  0.00
 116,-397.00,  -22483, -0.75,  -21395, -1.44,   -1088, -0.07
 117,-396.00,  -22354, -0.75,  -20071, -1.35,   -2283, -0.15
 118,-395.00,  -22211, -0.74,  -18681, -1.25,   -3530, -0.24
 119,-394.00,  -22481, -0.75,  -17878, -1.20,   -4603, -0.31
 120,-393.00,  -21460, -0.72,  -16930, -1.14,   -4530, -0.30
 121,-392.00,  -20512, -0.69,  -15931, -1.07,   -4581, -0.31
 122,-391.00,  -19520, -0.65,  -14538, -0.98,   -4982, -0.33
 123,-390.00,  -18811, -0.63,  -12838, -0.86,   -5973, -0.40
 124,-389.00,  -18073, -0.61,  -11399, -0.76,   -6674, -0.45
 125,-388.00,  -17216, -0.58,   -9758, -0.65,   -7458, -0.50
 126,-387.00,  -16444, -0.55,   -8795, -0.59,   -7649, -0.51
 127,-386.00,  -16092, -0.54,   -8147, -0.55,   -7945, -0.53
 128,-385.00,  -15345, -0.51,   -7054, -0.47,   -8291, -0.56
 129,-384.00,  -14232, -0.48,   -5667, -0.38,   -8565, -0.57
 130,-383.00,  -13440, -0.45,   -4539, -0.30,   -8901, -0.60
 131,-382.00,  -14336, -0.48,   -4742, -0.32,   -9594, -0.64
 132,-381.00,  -15231, -0.51,   -4922, -0.33,  -10309, -0.69
 133,-380.00,  -16030, -0.54,   -4977, -0.33,  -11053, -0.74
 134,-379.00,  -16344, -0.55,   -4646, -0.31,  -11698, -0.78
 135,-378.00,  -17294, -0.58,   -4749, -0.32,  -12545, -0.84
 136,-377.00,  -18449, -0.62,   -5338, -0.36,  -13111, -0.88
 137,-376.00,  -19004, -0.64,   -5261, -0.35,  -13743, -0.92
 138,-375.00,  -20204, -0.68,   -5107, -0.34,  -15097, -1.01
 139,-374.00,  -22103, -0.74,   -5564, -0.37,  -16539, -1.11
 140,-373.00,  -24137, -0.81,   -6316, -0.42,  -17821, -1.20
 141,-372.00,  -26307, -0.88,   -7004, -0.47,  -19303, -1.29
 142,-371.00,  -28475, -0.95,   -7614, -0.51,  -20861, -1.40
 143,-370.00,  -30923, -1.04,   -8040, -0.54,  -22883, -1.53
 144,-369.00,  -33478, -1.12,   -8823, -0.59,  -24655, -1.65
 145,-368.00,  -35585, -1.19,   -9346, -0.63,  -26239, -1.76
 146,-367.00,  -37511, -1.26,   -9678, -0.65,  -27833, -1.87
 147,-366.00,  -38764, -1.30,   -9721, -0.65,  -29043, -1.95
 148,-365.00,  -40265, -1.35,   -9642, -0.65,  -30623, -2.05
 149,-364.00,  -41534, -1.39,   -9346, -0.63,  -32188, -2.16
 150,-363.00,  -42479, -1.42,   -9287, -0.62,  -33192, -2.23
 151,-362.00,  -43057, -1.44,   -8903, -0.60,  -34154, -2.29
 152,-361.00,  -43265, -1.45,   -8384, -0.56,  -34881, -2.34
 153,-360.00,  -42836, -1.44,   -7205, -0.48,  -35631, -2.39
 154,-359.00,  -42916, -1.44,   -6072, -0.41,  -36844, -2.47
 155,-358.00,  -43412, -1.46,   -5585, -0.37,  -37827, -2.54
 156,-357.00,  -43359, -1.45,   -4849, -0.33,  -38510, -2.58
 157,-356.00,  -43381, -1.45,   -4303, -0.29,  -39078, -2.62
 158,-355.00,  -43804, -1.47,   -4296, -0.29,  -39508, -2.65
 159,-354.00,  -44329, -1.49,   -4000, -0.27,  -40329, -2.71
 160,-353.00,  -44110, -1.48,   -4069, -0.27,  -40041, -2.69
 161,-352.00,  -43238, -1.45,   -3666, -0.25,  -39572, -2.65
 162,-351.00,  -42676, -1.43,   -3493, -0.23,  -39183, -2.63
 163,-350.00,  -42550, -1.43,   -3781, -0.25,  -38769, -2.60
 164,-349.00,  -42765, -1.43,   -4109, -0.28,  -38656, -2.59
 165,-348.00,  -42954, -1.44,   -4544, -0.30,  -38410, -2.58
 166,-347.00,  -43169, -1.45,   -5054, -0.34,  -38115, -2.56
 167,-346.00,  -43321, -1.45,   -5742, -0.39,  -37579, -2.52
 168,-345.00,  -43799, -1.47,   -6584, -0.44,  -37215, -2.50
 169,-344.00,  -44970, -1.51,   -7676, -0.51,  -37294, -2.50
 170,-343.00,  -45365, -1.52,   -8940, -0.60,  -36425, -2.44
 171,-342.00,  -45568, -1.53,  -10255, -0.69,  -35313, -2.37
 172,-341.00,  -46066, -1.54,  -11705, -0.79,  -34361, -2.30
 173,-340.00,  -46122, -1.55,  -13123, -0.88,  -32999, -2.21
 174,-339.00,  -46105, -1.55,  -14297, -0.96,  -31808, -2.13
 175,-338.00,  -46270, -1.55,  -15540, -1.04,  -30730, -2.06
 176,-337.00,  -47022, -1.58,  -17173, -1.15,  -29849, -2.00
 177,-336.00,  -47964, -1.61,  -18554, -1.24,  -29410, -1.97
 178,-335.00,  -48243, -1.62,  -19371, -1.30,  -28872, -1.94
 179,-334.00,  -48840, -1.64,  -20265, -1.36,  -28575, -1.92
 180,-333.00,  -48946, -1.64,  -20933, -1.40,  -28013, -1.88
 181,-332.00,  -49164, -1.65,  -21637, -1.45,  -27527, -1.85
 182,-331.00,  -49231, -1.65,  -22224, -1.49,  -27007, -1.81
 183,-330.00,  -48468, -1.63,  -22230, -1.49,  -26238, -1.76
 184,-329.00,  -47913, -1.61,  -22358, -1.50,  -25555, -1.71
 185,-328.00,  -47689, -1.60,  -22691, -1.52,  -24998, -1.68
 186,-327.00,  -47929, -1.61,  -23162, -1.55,  -24767, -1.66
 187,-326.00,  -48444, -1.62,  -23545, -1.58,  -24899, -1.67
 188,-325.00,  -49345, -1.65,  -23768, -1.59,  -25577, -1.72
 189,-324.00,  -49714, -1.67,  -24033, -1.61,  -25681, -1.72
 190,-323.00,  -49762, -1.67,  -23901, -1.60,  -25861, -1.73
 191,-322.00,  -49480, -1.66,  -23591, -1.58,  -25889, -1.74
 192,-321.00,  -49732, -1.67,  -23628, -1.58,  -26104, -1.75
 193,-320.00,  -50055, -1.68,  -23854, -1.60,  -26201, -1.76
 194,-319.00,  -50186, -1.68,  -24002, -1.61,  -26184, -1.76
 195,-318.00,  -50795, -1.70,  -23897, -1.60,  -26898, -1.80
 196,-317.00,  -51331, -1.72,  -24019, -1.61,  -27312, -1.83
 197,-316.00,  -51783, -1.74,  -24421, -1.64,  -27362, -1.84
 198,-315.00,  -51674, -1.73,  -24374, -1.63,  -27300, -1.83
 199,-314.00,  -51546, -1.73,  -24355, -1.63,  -27191, -1.82
 200,-313.00,  -51636, -1.73,  -24076, -1.61,  -27560, -1.85
 201,-312.00,  -51684, -1.73,  -24301, -1.63,  -27383, -1.84
 202,-311.00,  -51681, -1.73,  -24721, -1.66,  -26960, -1.81
 203,-310.00,  -50990, -1.71,  -24699, -1.66,  -26291, -1.76
 204,-309.00,  -50397, -1.69,  -24700, -1.66,  -25697, -1.72
 205,-308.00,  -49583, -1.66,  -24907, -1.67,  -24676, -1.66
 206,-307.00,  -49164, -1.65,  -25441, -1.71,  -23723, -1.59
 207,-306.00,  -48706, -1.63,  -25773, -1.73,  -22933, -1.54
 208,-305.00,  -47776, -1.60,  -25686, -1.72,  -22090, -1.48
 209,-304.00,  -46297, -1.55,  -25848, -1.73,  -20449, -1.37
 210,-303.00,  -44908, -1.51,  -26107, -1.75,  -18801, -1.26
 211,-302.00,  -43244, -1.45,  -26295, -1.76,  -16949, -1.14
 212,-301.00,  -41410, -1.39,  -26346, -1.77,  -15064, -1.01
 213,-300.00,  -40664, -1.36,  -27131, -1.82,  -13533, -0.91
 214,-299.00,  -40728, -1.37,  -28265, -1.90,  -12463, -0.84
 215,-298.00,  -40888, -1.37,  -29447, -1.98,  -11441, -0.77
 216,-297.00,  -41061, -1.38,  -30430, -2.04,  -10631, -0.71
 217,-296.00,  -41226, -1.38,  -31495, -2.11,   -9731, -0.65
 218,-295.00,  -40683, -1.36,  -32213, -2.16,   -8470, -0.57
 219,-294.00,  -40895, -1.37,  -33145, -2.22,   -7750, -0.52
 220,-293.00,  -41307, -1.39,  -34130, -2.29,   -7177, -0.48
 221,-292.00,  -41190, -1.38,  -35004, -2.35,   -6186, -0.41
 222,-291.00,  -41213, -1.38,  -35674, -2.39,   -5539, -0.37
 223,-290.00,  -41532, -1.39,  -36581, -2.45,   -4951, -0.33
 224,-289.00,  -41752, -1.40,  -37449, -2.51,   -4303, -0.29
 225,-288.00,  -42934, -1.44,  -38734, -2.60,   -4200, -0.28
 226,-287.00,  -44047, -1.48,  -40342, -2.71,   -3705, -0.25
 227,-286.00,  -45932, -1.54,  -42081, -2.82,   -3851, -0.26
 228,-285.00,  -47292, -1.59,  -43293, -2.90,   -3999, -0.27
 229,-284.00,  -48124, -1.61,  -44291, -2.97,   -3833, -0.26
 230,-283.00,  -49167, -1.65,  -45381, -3.04,   -3786, -0.25
 231,-282.00,  -49567, -1.66,  -46436, -3.11,   -3131, -0.21
 232,-281.00,  -50565, -1.70,  -47732, -3.20,   -2833, -0.19
 233,-280.00,  -51663, -1.73,  -49022, -3.29,   -2641, -0.18
 234,-279.00,  -52949, -1.78,  -50060, -3.36,   -2889, -0.19
 235,-278.00,  -54063, -1.81,  -51164, -3.43,   -2899, -0.19
 236,-277.00,  -54882, -1.84,  -52077, -3.49,   -2805, -0.19
 237,-276.00,  -55392, -1.86,  -52647, -3.53,   -2745, -0.18
 238,-275.00,  -54265, -1.82,  -51578, -3.46,   -2687, -0.18
 239,-274.00,  -52578, -1.76,  -50626, -3.40,   -1952, -0.13
 240,-273.00,  -50499, -1.69,  -49454, -3.32,   -1045, -0.07
 241,-272.00,  -48242, -1.62,  -48162, -3.23,     -80, -0.00
 242,-271.00,  -46102, -1.55,  -47108, -3.16,    1006,  0.07
 243,-270.00,  -44150, -1.48,  -46184, -3.10,    2034,  0.14
 244,-269.00,  -42310, -1.42,  -45213, -3.03,    2903,  0.19
 245,-268.00,  -40165, -1.35,  -43828, -2.94,    3663,  0.25
 246,-267.00,  -37532, -1.26,  -41551, -2.79,    4019,  0.27
 247,-266.00,  -34892, -1.17,  -39284, -2.63,    4392,  0.29
 248,-265.00,  -32031, -1.07,  -36727, -2.46,    4696,  0.31
 249,-264.00,  -29523, -0.99,  -34389, -2.31,    4866,  0.33
 250,-263.00,  -27442, -0.92,  -32632, -2.19,    5190,  0.35
 251,-262.00,  -25909, -0.87,  -31008, -2.08,    5099,  0.34
 252,-261.00,  -23949, -0.80,  -28989, -1.94,    5040,  0.34
 253,-260.00,  -22384, -0.75,  -27576, -1.85,    5192,  0.35
 254,-259.00,  -21790, -0.73,  -26405, -1.77,    4615,  0.31
 255,-258.00,  -21369, -0.72,  -25034, -1.68,    3665,  0.25
 256,-257.00,  -21540, -0.72,  -23985, -1.61,    2445,  0.16
 257,-256.00,  -21448, -0.72,  -22912, -1.54,    1464,  0.10
 258,-255.00,  -21834, -0.73,  -22281, -1.49,     447,  0.03
 259,-254.00,  -21885, -0.73,  -21225, -1.42,    -660, -0.04
 260,-253.00,  -22004, -0.74,  -20190, -1.35,   -1814, -0.12
 261,-252.00,  -22646, -0.76,  -19635, -1.32,   -3011, -0.20
 262,-251.00,  -23389, -0.78,  -18931, -1.27,   -4458, -0.30
 263,-250.00,  -24362, -0.82,  -18462, -1.24,   -5900, -0.40
 264,-249.00,  -25024, -0.84,  -18142, -1.22,   -6882, -0.46
 265,-248.00,  -25004, -0.84,  -17550, -1.18,   -7454, -0.50
 266,-247.00,  -25415, -0.85,  -17046, -1.14,   -8369, -0.56
 267,-246.00,  -25505, -0.86,  -15992, -1.07,   -9513, -0.64
 268,-245.00,  -24959, -0.84,  -14684, -0.98,  -10275, -0.69
 269,-244.00,  -24951, -0.84,  -13864, -0.93,  -11087, -0.74
 270,-243.00,  -25548, -0.86,  -13574, -0.91,  -11974, -0.80
 271,-242.00,  -26066, -0.87,  -13349, -0.90,  -12717, -0.85
 272,-241.00,  -26377, -0.88,  -12951, -0.87,  -13426, -0.90
 273,-240.00,  -26274, -0.88,  -12303, -0.83,  -13971, -0.94
 274,-239.00,  -25993, -0.87,  -11359, -0.76,  -14634, -0.98
 275,-238.00,  -25160, -0.84,   -9774, -0.66,  -15386, -1.03
 276,-237.00,  -24646, -0.83,   -8382, -0.56,  -16264, -1.09
 277,-236.00,  -24340, -0.82,   -6905, -0.46,  -17435, -1.17
 278,-235.00,  -23632, -0.79,   -5410, -0.36,  -18222, -1.22
 279,-234.00,  -21860, -0.73,   -3429, -0.23,  -18431, -1.24
 280,-233.00,  -19986, -0.67,   -1336, -0.09,  -18650, -1.25
 281,-232.00,  -18374, -0.62,     977,  0.07,  -19351, -1.30
 282,-231.00,  -16387, -0.55,    4100,  0.28,  -20487, -1.37
 283,-230.00,  -14399, -0.48,    6624,  0.44,  -21023, -1.41
 284,-229.00,  -12725, -0.43,    8636,  0.58,  -21361, -1.43
 285,-228.00,  -11236, -0.38,   10653,  0.71,  -21889, -1.47
 286,-227.00,   -9448, -0.32,   12502,  0.84,  -21950, -1.47
 287,-226.00,   -7016, -0.24,   14585,  0.98,  -21601, -1.45
 288,-225.00,   -4358, -0.15,   16508,  1.11,  -20866, -1.40
 289,-224.00,   -1856, -0.06,   18187,  1.22,  -20043, -1.34
 290,-223.00,     587,  0.02,   19913,  1.34,  -19326, -1.30
 291,-222.00,    2239,  0.08,   21283,  1.43,  -19044, -1.28
 292,-221.00,    2675,  0.09,   22071,  1.48,  -19396, -1.30
 293,-220.00,    3119,  0.10,   22600,  1.52,  -19481, -1.31
 294,-219.00,    3989,  0.13,   23021,  1.54,  -19032, -1.28
 295,-218.00,    5232,  0.18,   23583,  1.58,  -18351, -1.23
 296,-217.00,    5180,  0.17,   23424,  1.57,  -18244, -1.22
 297,-216.00,    4762,  0.16,   22914,  1.54,  -18152, -1.22
 298,-215.00,    3880,  0.13,   22320,  1.50,  -18440, -1.24
 299,-214.00,    3355,  0.11,   21225,  1.42,  -17870, -1.20
 300,-213.00,    1854,  0.06,   19474,  1.31,  -17620, -1.18
 301,-212.00,     363,  0.01,   17890,  1.20,  -17527, -1.18
 302,-211.00,   -1203, -0.04,   16293,  1.09,  -17496, -1.17
 303,-210.00,   -1698, -0.06,   14980,  1.00,  -16678, -1.12
 304,-209.00,   -2631, -0.09,   13236,  0.89,  -15867, -1.06
 305,-208.00,   -4253, -0.14,   11340,  0.76,  -15593, -1.05
 306,-207.00,   -4931, -0.17,    9827,  0.66,  -14758, -0.99
 307,-206.00,   -5420, -0.18,    8501,  0.57,  -13921, -0.93
 308,-205.00,   -6905, -0.23,    6395,  0.43,  -13300, -0.89
 309,-204.00,   -9062, -0.30,    3742,  0.25,  -12804, -0.86
 310,-203.00,  -10828, -0.36,    1518,  0.10,  -12346, -0.83
 311,-202.00,  -12120, -0.41,    -513, -0.03,  -11607, -0.78
 312,-201.00,  -13112, -0.44,   -2983, -0.20,  -10129, -0.68
 313,-200.00,  -14045, -0.47,   -5043, -0.34,   -9002, -0.60
 314,-199.00,  -15282, -0.51,   -7159, -0.48,   -8123, -0.54
 315,-198.00,  -16060, -0.54,   -9040, -0.61,   -7020, -0.47
 316,-197.00,  -16476, -0.55,  -10856, -0.73,   -5620, -0.38
 317,-196.00,  -16774, -0.56,  -12442, -0.83,   -4332, -0.29
 318,-195.00,  -16798, -0.56,  -13662, -0.92,   -3136, -0.21
 319,-194.00,  -16745, -0.56,  -14522, -0.97,   -2223, -0.15
 320,-193.00,  -17116, -0.57,  -15126, -1.01,   -1990, -0.13
 321,-192.00,  -17377, -0.58,  -15318, -1.03,   -2059, -0.14
 322,-191.00,  -17465, -0.59,  -15286, -1.03,   -2179, -0.15
 323,-190.00,  -17001, -0.57,  -15219, -1.02,   -1782, -0.12
 324,-189.00,  -15893, -0.53,  -15412, -1.03,    -481, -0.03
 325,-188.00,  -14818, -0.50,  -15199, -1.02,     381,  0.03
 326,-187.00,  -13707, -0.46,  -14983, -1.00,    1276,  0.09
 327,-186.00,  -12382, -0.42,  -14525, -0.97,    2143,  0.14
 328,-185.00,  -10975, -0.37,  -13760, -0.92,    2785,  0.19
 329,-184.00,   -9547, -0.32,  -12938, -0.87,    3391,  0.23
 330,-183.00,   -8153, -0.27,  -11940, -0.80,    3787,  0.25
 331,-182.00,   -6920, -0.23,  -11115, -0.75,    4195,  0.28
 332,-181.00,   -5607, -0.19,  -10635, -0.71,    5028,  0.34
 333,-180.00,   -4268, -0.14,  -10346, -0.69,    6078,  0.41
 334,-179.00,   -3559, -0.12,  -10151, -0.68,    6592,  0.44
 335,-178.00,   -3548, -0.12,  -10316, -0.69,    6768,  0.45
 336,-177.00,   -3420, -0.11,  -10697, -0.72,    7277,  0.49
 337,-176.00,   -3486, -0.12,  -11203, -0.75,    7717,  0.52
 338,-175.00,   -2821, -0.09,  -11172, -0.75,    8351,  0.56
 339,-174.00,   -2283, -0.08,  -11388, -0.76,    9105,  0.61
 340,-173.00,   -2558, -0.09,  -11805, -0.79,    9247,  0.62
 341,-172.00,   -2879, -0.10,  -12397, -0.83,    9518,  0.64
 342,-171.00,   -3068, -0.10,  -12857, -0.86,    9789,  0.66
 343,-170.00,   -3597, -0.12,  -13475, -0.90,    9878,  0.66
 344,-169.00,   -3852, -0.13,  -14006, -0.94,   10154,  0.68
 345,-168.00,   -3865, -0.13,  -14719, -0.99,   10854,  0.73
 346,-167.00,   -3716, -0.12,  -14967, -1.00,   11251,  0.75
 347,-166.00,   -4063, -0.14,  -15365, -1.03,   11302,  0.76
 348,-165.00,   -3031, -0.10,  -15199, -1.02,   12168,  0.82
 349,-164.00,   -2583, -0.09,  -14888, -1.00,   12305,  0.83
 350,-163.00,   -2091, -0.07,  -14479, -0.97,   12388,  0.83
 351,-162.00,   -2295, -0.08,  -14805, -0.99,   12510,  0.84
 352,-161.00,   -2070, -0.07,  -14773, -0.99,   12703,  0.85
 353,-160.00,   -2306, -0.08,  -14892, -1.00,   12586,  0.84
 354,-159.00,   -2229, -0.07,  -14864, -1.00,   12635,  0.85
 355,-158.00,   -1677, -0.06,  -14379, -0.96,   12702,  0.85
 356,-157.00,    -910, -0.03,  -13388, -0.90,   12478,  0.84
 357,-156.00,     -90, -0.00,  -12174, -0.82,   12084,  0.81
 358,-155.00,     131,  0.00,  -11615, -0.78,   11746,  0.79
 359,-154.00,     154,  0.00,  -11243, -0.75,   11397,  0.76
 360,-153.00,      82,  0.00,  -10832, -0.73,   10914,  0.73
 361,-152.00,     330,  0.01,  -10076, -0.68,   10406,  0.70
 362,-151.00,     660,  0.02,   -9326, -0.63,    9986,  0.67
 363,-150.00,    1032,  0.03,   -8584, -0.58,    9616,  0.64
 364,-149.00,    1323,  0.04,   -7576, -0.51,    8899,  0.60
 365,-148.00,    1899,  0.06,   -6352, -0.43,    8251,  0.55
 366,-147.00,    2059,  0.07,   -5552, -0.37,    7611,  0.51
 367,-146.00,    1571,  0.05,   -5198, -0.35,    6769,  0.45
 368,-145.00,     574,  0.02,   -5524, -0.37,    6098,  0.41
 369,-144.00,     184,  0.00,   -5726, -0.38,    5910,  0.40
 370,-143.00,     103,  0.00,   -5597, -0.38,    5700,  0.38
 371,-142.00,      27,  0.00,   -5441, -0.36,    5468,  0.37
 372,-141.00,    -173, -0.00,   -5258, -0.35,    5085,  0.34
 373,-140.00,    -534, -0.02,   -4922, -0.33,    4388,  0.29
 374,-139.00,    -780, -0.03,   -5100, -0.34,    4320,  0.29
 375,-138.00,    -854, -0.03,   -5271, -0.35,    4417,  0.30
 376,-137.00,   -1197, -0.04,   -5440, -0.36,    4243,  0.28
 377,-136.00,   -1721, -0.06,   -5723, -0.38,    4002,  0.27
 378,-135.00,   -2974, -0.10,   -6301, -0.42,    3327,  0.22
 379,-134.00,   -4099, -0.14,   -7024, -0.47,    2925,  0.20
 380,-133.00,   -4660, -0.16,   -7238, -0.49,    2578,  0.17
 381,-132.00,   -4863, -0.16,   -7018, -0.47,    2155,  0.14
 382,-131.00,   -4994, -0.17,   -6760, -0.45,    1766,  0.12
 383,-130.00,   -5053, -0.17,   -6600, -0.44,    1547,  0.10
 384,-129.00,   -5116, -0.17,   -6134, -0.41,    1018,  0.07
 385,-128.00,   -4904, -0.16,   -5284, -0.35,     380,  0.03
 386,-127.00,   -4672, -0.16,   -3922, -0.26,    -750, -0.05
 387,-126.00,   -4767, -0.16,   -3183, -0.21,   -1584, -0.11
 388,-125.00,   -5260, -0.18,   -3047, -0.20,   -2213, -0.15
 389,-124.00,   -5088, -0.17,   -3315, -0.22,   -1773, -0.12
 390,-123.00,   -5523, -0.19,   -3587, -0.24,   -1936, -0.13
 391,-122.00,   -5665, -0.19,   -3382, -0.23,   -2283, -0.15
 392,-121.00,   -5790, -0.19,   -3032, -0.20,   -2758, -0.18
 393,-120.00,   -6088, -0.20,   -2790, -0.19,   -3298, -0.22
 394,-119.00,   -5542, -0.19,   -2349, -0.16,   -3193, -0.21
 395,-118.00,   -5254, -0.18,   -2305, -0.15,   -2949, -0.20
 396,-117.00,   -5271, -0.18,   -2128, -0.14,   -3143, -0.21
 397,-116.00,   -4980, -0.17,   -2213, -0.15,   -2767, -0.19
 398,-115.00,   -4954, -0.17,   -2449, -0.16,   -2505, -0.17
 399,-114.00,   -4713, -0.16,   -2582, -0.17,   -2131, -0.14
 400,-113.00,   -4784, -0.16,   -2642, -0.18,   -2142, -0.14
 401,-112.00,   -4370, -0.15,   -2514, -0.17,   -1856, -0.12
 402,-111.00,   -3535, -0.12,   -2192, -0.15,   -1343, -0.09
 403,-110.00,   -2525, -0.08,   -1644, -0.11,    -881, -0.06
 404,-109.00,    -838, -0.03,   -1284, -0.09,     446,  0.03
 405,-108.00,     928,  0.03,    -809, -0.05,    1737,  0.12
 406,-107.00,    3386,  0.11,     261,  0.02,    3125,  0.21
 407,-106.00,    5261,  0.18,    1146,  0.08,    4115,  0.28
 408,-105.00,    6716,  0.23,    1690,  0.11,    5026,  0.34
 409,-104.00,    8522,  0.29,    2283,  0.15,    6239,  0.42
 410,-103.00,    9809,  0.33,    3056,  0.20,    6753,  0.45
 411,-102.00,   12059,  0.40,    4577,  0.31,    7482,  0.50
 412,-101.00,   13511,  0.45,    5386,  0.36,    8125,  0.54
 413,-100.00,   14704,  0.49,    6139,  0.41,    8565,  0.57
 414,-99.00,   15777,  0.53,    6748,  0.45,    9029,  0.61
 415,-98.00,   16091,  0.54,    6924,  0.46,    9167,  0.61
 416,-97.00,   16654,  0.56,    7396,  0.50,    9258,  0.62
 417,-96.00,   16599,  0.56,    7444,  0.50,    9155,  0.61
 418,-95.00,   18006,  0.60,    8092,  0.54,    9914,  0.66
 419,-94.00,   18613,  0.62,    8369,  0.56,   10244,  0.69
 420,-93.00,   18412,  0.62,    7799,  0.52,   10613,  0.71
 421,-92.00,   17796,  0.60,    7387,  0.50,   10409,  0.70
 422,-91.00,   16921,  0.57,    6950,  0.47,    9971,  0.67
 423,-90.00,   16319,  0.55,    6615,  0.44,    9704,  0.65
 424,-89.00,   15778,  0.53,    6180,  0.41,    9598,  0.64
 425,-88.00,   14620,  0.49,    5632,  0.38,    8988,  0.60
 426,-87.00,   13819,  0.46,    5767,  0.39,    8052,  0.54
 427,-86.00,   13555,  0.45,    5609,  0.38,    7946,  0.53
 428,-85.00,   13871,  0.47,    5557,  0.37,    8314,  0.56
 429,-84.00,   13839,  0.46,    5519,  0.37,    8320,  0.56
 430,-83.00,   14142,  0.47,    5637,  0.38,    8505,  0.57
 431,-82.00,   14173,  0.48,    5719,  0.38,    8454,  0.57
 432,-81.00,   14047,  0.47,    5442,  0.37,    8605,  0.58
 433,-80.00,   14398,  0.48,    5379,  0.36,    9019,  0.60
 434,-79.00,   15112,  0.51,    5408,  0.36,    9704,  0.65
 435,-78.00,   15420,  0.52,    5328,  0.36,   10092,  0.68
 436,-77.00,   15865,  0.53,    5398,  0.36,   10467,  0.70
 437,-76.00,   15666,  0.53,    5338,  0.36,   10328,  0.69
 438,-75.00,   16151,  0.54,    5695,  0.38,   10456,  0.70
 439,-74.00,   16976,  0.57,    6045,  0.41,   10931,  0.73
 440,-73.00,   18035,  0.60,    6409,  0.43,   11626,  0.78
 441,-72.00,   19541,  0.66,    6909,  0.46,   12632,  0.85
 442,-71.00,   21380,  0.72,    7093,  0.48,   14287,  0.96
 443,-70.00,   23290,  0.78,    7586,  0.51,   15704,  1.05
 444,-69.00,   24945,  0.84,    8318,  0.56,   16627,  1.12
 445,-68.00,   26341,  0.88,    9322,  0.63,   17019,  1.14
 446,-67.00,   27225,  0.91,   10154,  0.68,   17071,  1.15
 447,-66.00,   27537,  0.92,   10791,  0.72,   16746,  1.12
 448,-65.00,   28128,  0.94,   11165,  0.75,   16963,  1.14
 449,-64.00,   28290,  0.95,   11326,  0.76,   16964,  1.14
 450,-63.00,   28904,  0.97,   11910,  0.80,   16994,  1.14
 451,-62.00,   29126,  0.98,   12332,  0.83,   16794,  1.13
 452,-61.00,   29434,  0.99,   13088,  0.88,   16346,  1.10
 453,-60.00,   29620,  0.99,   13960,  0.94,   15660,  1.05
 454,-59.00,   30601,  1.03,   15472,  1.04,   15129,  1.01
 455,-58.00,   31454,  1.05,   16919,  1.13,   14535,  0.97
 456,-57.00,   31560,  1.06,   18063,  1.21,   13497,  0.91
 457,-56.00,   32346,  1.08,   19187,  1.29,   13159,  0.88
 458,-55.00,   33016,  1.11,   20023,  1.34,   12993,  0.87
 459,-54.00,   33253,  1.12,   20672,  1.39,   12581,  0.84
 460,-53.00,   33542,  1.12,   21567,  1.45,   11975,  0.80
 461,-52.00,   33526,  1.12,   22086,  1.48,   11440,  0.77
 462,-51.00,   34432,  1.15,   22607,  1.52,   11825,  0.79
 463,-50.00,   35649,  1.20,   23606,  1.58,   12043,  0.81
 464,-49.00,   36590,  1.23,   24646,  1.65,   11944,  0.80
 465,-48.00,   37739,  1.27,   25385,  1.70,   12354,  0.83
 466,-47.00,   38859,  1.30,   25566,  1.71,   13293,  0.89
 467,-46.00,   40343,  1.35,   25771,  1.73,   14572,  0.98
 468,-45.00,   41728,  1.40,   26267,  1.76,   15461,  1.04
 469,-44.00,   41746,  1.40,   26199,  1.76,   15547,  1.04
 470,-43.00,   40922,  1.37,   25633,  1.72,   15289,  1.03
 471,-42.00,   40533,  1.36,   25255,  1.69,   15278,  1.02
 472,-41.00,   39940,  1.34,   24580,  1.65,   15360,  1.03
 473,-40.00,   39194,  1.31,   23952,  1.61,   15242,  1.02
 474,-39.00,   38526,  1.29,   23648,  1.59,   14878,  1.00
 475,-38.00,   38155,  1.28,   23009,  1.54,   15146,  1.02
 476,-37.00,   37834,  1.27,   22319,  1.50,   15515,  1.04
 477,-36.00,   37257,  1.25,   21344,  1.43,   15913,  1.07
 478,-35.00,   36630,  1.23,   20764,  1.39,   15866,  1.06
 479,-34.00,   35677,  1.20,   20282,  1.36,   15395,  1.03
 480,-33.00,   35360,  1.19,   19819,  1.33,   15541,  1.04
 481,-32.00,   35378,  1.19,   18935,  1.27,   16443,  1.10
 482,-31.00,   35210,  1.18,   18115,  1.22,   17095,  1.15
 483,-30.00,   35010,  1.17,   17851,  1.20,   17159,  1.15
 484,-29.00,   34445,  1.16,   17585,  1.18,   16860,  1.13
 485,-28.00,   34219,  1.15,   17246,  1.16,   16973,  1.14
 486,-27.00,   33875,  1.14,   17157,  1.15,   16718,  1.12
 487,-26.00,   33372,  1.12,   16870,  1.13,   16502,  1.11
 488,-25.00,   33063,  1.11,   16777,  1.13,   16286,  1.09
 489,-24.00,   32467,  1.09,   15981,  1.07,   16486,  1.11
 490,-23.00,   31842,  1.07,   15092,  1.01,   16750,  1.12
 491,-22.00,   30834,  1.03,   13906,  0.93,   16928,  1.14
 492,-21.00,   29142,  0.98,   12717,  0.85,   16425,  1.10
 493,-20.00,   27447,  0.92,   11577,  0.78,   15870,  1.06
 494,-19.00,   25459,  0.85,   10504,  0.70,   14955,  1.00
 495,-18.00,   23645,  0.79,    9664,  0.65,   13981,  0.94
 496,-17.00,   21814,  0.73,    8497,  0.57,   13317,  0.89
 497,-16.00,   19819,  0.66,    7511,  0.50,   12308,  0.83
 498,-15.00,   17921,  0.60,    6675,  0.45,   11246,  0.75
 499,-14.00,   15642,  0.52,    5377,  0.36,   10265,  0.69
 500,-13.00,   13661,  0.46,    4022,  0.27,    9639,  0.65
 501,-12.00,   11844,  0.40,    2796,  0.19,    9048,  0.61
 502,-11.00,    9252,  0.31,    1199,  0.08,    8053,  0.54
 503,-10.00,    6997,  0.23,    -250, -0.02,    7247,  0.49
 504,-9.00,    4801,  0.16,   -1589, -0.11,    6390,  0.43
 505,-8.00,    2302,  0.08,   -3178, -0.21,    5480,  0.37
 506,-7.00,      97,  0.00,   -4552, -0.31,    4649,  0.31
 507,-6.00,   -1922, -0.06,   -5894, -0.40,    3972,  0.27
 508,-5.00,   -3983, -0.13,   -7402, -0.50,    3419,  0.23
 509,-4.00,   -5386, -0.18,   -8457, -0.57,    3071,  0.21
 510,-3.00,   -7363, -0.25,   -9525, -0.64,    2162,  0.15
 511,-2.00,   -9474, -0.32,  -10607, -0.71,    1133,  0.08
 512,-1.00,  -10920, -0.37,  -11462, -0.77,     542,  0.04
 513,0.00,  -13408, -0.45,  -12517, -0.84,    -891, -0.06
 514,1.00,  -14880, -0.50,  -13313, -0.89,   -1567, -0.11
 515,2.00,  -16548, -0.55,  -14336, -0.96,   -2212, -0.15
 516,3.00,  -17915, -0.60,  -14973, -1.00,   -2942, -0.20
 517,4.00,  -20010, -0.67,  -15552, -1.04,   -4458, -0.30
 518,5.00,  -21387, -0.72,  -15819, -1.06,   -5568, -0.37
 519,6.00,  -22395, -0.75,  -15973, -1.07,   -6422, -0.43
 520,7.00,  -23588, -0.79,  -16722, -1.12,   -6866, -0.46
 521,8.00,  -25259, -0.85,  -17271, -1.16,   -7988, -0.54
 522,9.00,  -26233, -0.88,  -17100, -1.15,   -9133, -0.61
 523,10.00,  -26534, -0.89,  -16645, -1.12,   -9889, -0.66
 524,11.00,  -26028, -0.87,  -15605, -1.05,  -10423, -0.70
 525,12.00,  -25920, -0.87,  -14880, -1.00,  -11040, -0.74
 526,13.00,  -25771, -0.86,  -14377, -0.96,  -11394, -0.76
 527,14.00,  -24918, -0.84,  -13806, -0.93,  -11112, -0.75
 528,15.00,  -24373, -0.82,  -13577, -0.91,  -10796, -0.72
 529,16.00,  -24098, -0.81,  -13540, -0.91,  -10558, -0.71
 530,17.00,  -23458, -0.79,  -13281, -0.89,  -10177, -0.68
 531,18.00,  -23087, -0.77,  -13162, -0.88,   -9925, -0.67
 532,19.00,  -22808, -0.76,  -13045, -0.87,   -9763, -0.65
 533,20.00,  -23462, -0.79,  -13342, -0.89,  -10120, -0.68
 534,21.00,  -24231, -0.81,  -13704, -0.92,  -10527, -0.71
 535,22.00,  -24865, -0.83,  -14026, -0.94,  -10839, -0.73
 536,23.00,  -25870, -0.87,  -14546, -0.98,  -11324, -0.76
 537,24.00,  -27136, -0.91,  -14739, -0.99,  -12397, -0.83
 538,25.00,  -28286, -0.95,  -15109, -1.01,  -13177, -0.88
 539,26.00,  -28901, -0.97,  -15237, -1.02,  -13664, -0.92
 540,27.00,  -29106, -0.98,  -14923, -1.00,  -14183, -0.95
 541,28.00,  -29741, -1.00,  -14808, -0.99,  -14933, -1.00
 542,29.00,  -29663, -0.99,  -13956, -0.94,  -15707, -1.05
 543,30.00,  -29248, -0.98,  -12386, -0.83,  -16862, -1.13
 544,31.00,  -28274, -0.95,  -10264, -0.69,  -18010, -1.21
 545,32.00,  -27477, -0.92,   -8705, -0.58,  -18772, -1.26
 546,33.00,  -26453, -0.89,   -7276, -0.49,  -19177, -1.29
 547,34.00,  -25704, -0.86,   -5410, -0.36,  -20294, -1.36
 548,35.00,  -25308, -0.85,   -3317, -0.22,  -21991, -1.48
 549,36.00,  -24002, -0.80,   -1086, -0.07,  -22916, -1.54
 550,37.00,  -22803, -0.76,     982,  0.07,  -23785, -1.60
 551,38.00,  -21364, -0.72,    3221,  0.22,  -24585, -1.65
 552,39.00,  -20081, -0.67,    5087,  0.34,  -25168, -1.69
 553,40.00,  -18914, -0.63,    6700,  0.45,  -25614, -1.72
 554,41.00,  -17880, -0.60,    8075,  0.54,  -25955, -1.74
 555,42.00,  -17009, -0.57,    9460,  0.63,  -26469, -1.78
 556,43.00,  -16606, -0.56,   10568,  0.71,  -27174, -1.82
 557,44.00,  -16376, -0.55,   11550,  0.77,  -27926, -1.87
 558,45.00,  -16387, -0.55,   12020,  0.81,  -28407, -1.91
 559,46.00,  -16834, -0.56,   12259,  0.82,  -29093, -1.95
 560,47.00,  -17238, -0.58,   12291,  0.82,  -29529, -1.98
 561,48.00,  -17640, -0.59,   12109,  0.81,  -29749, -2.00
 562,49.00,  -17938, -0.60,   12646,  0.85,  -30584, -2.05
 563,50.00,  -17292, -0.58,   13313,  0.89,  -30605, -2.05
 564,51.00,  -16627, -0.56,   13593,  0.91,  -30220, -2.03
 565,52.00,  -16309, -0.55,   13797,  0.93,  -30106, -2.02
 566,53.00,  -15370, -0.52,   14408,  0.97,  -29778, -2.00
 567,54.00,  -13827, -0.46,   15746,  1.06,  -29573, -1.98
 568,55.00,  -11728, -0.39,   17399,  1.17,  -29127, -1.95
 569,56.00,   -9445, -0.32,   18650,  1.25,  -28095, -1.88
 570,57.00,   -7009, -0.24,   19812,  1.33,  -26821, -1.80
 571,58.00,   -4222, -0.14,   21225,  1.42,  -25447, -1.71
 572,59.00,    -939, -0.03,   22960,  1.54,  -23899, -1.60
 573,60.00,    2126,  0.07,   24695,  1.66,  -22569, -1.51
 574,61.00,    5442,  0.18,   26055,  1.75,  -20613, -1.38
 575,62.00,    8411,  0.28,   27539,  1.85,  -19128, -1.28
 576,63.00,   11144,  0.37,   28846,  1.93,  -17702, -1.19
 577,64.00,   13682,  0.46,   30069,  2.02,  -16387, -1.10
 578,65.00,   16298,  0.55,   31130,  2.09,  -14832, -0.99
 579,66.00,   18727,  0.63,   32042,  2.15,  -13315, -0.89
 580,67.00,   21758,  0.73,   32970,  2.21,  -11212, -0.75
 581,68.00,   24871,  0.83,   34076,  2.29,   -9205, -0.62
 582,69.00,   27787,  0.93,   34882,  2.34,   -7095, -0.48
 583,70.00,   30607,  1.03,   35816,  2.40,   -5209, -0.35
 584,71.00,   33450,  1.12,   37081,  2.49,   -3631, -0.24
 585,72.00,   36746,  1.23,   38738,  2.60,   -1992, -0.13
 586,73.00,   40300,  1.35,   40301,  2.70,      -1, -0.00
 587,74.00,   44067,  1.48,   42218,  2.83,    1849,  0.12
 588,75.00,   47077,  1.58,   43680,  2.93,    3397,  0.23
 589,76.00,   49111,  1.65,   44347,  2.97,    4764,  0.32
 590,77.00,   51260,  1.72,   44788,  3.00,    6472,  0.43
 591,78.00,   53899,  1.81,   45481,  3.05,    8418,  0.56
 592,79.00,   57188,  1.92,   46386,  3.11,   10802,  0.72
 593,80.00,   60058,  2.01,   47012,  3.15,   13046,  0.88
 594,81.00,   62472,  2.10,   47427,  3.18,   15045,  1.01
 595,82.00,   64025,  2.15,   47707,  3.20,   16318,  1.09
 596,83.00,   64735,  2.17,   47305,  3.17,   17430,  1.17
 597,84.00,   65460,  2.20,   46699,  3.13,   18761,  1.26
 598,85.00,   66542,  2.23,   46479,  3.12,   20063,  1.35
 599,86.00,   67235,  2.25,   45759,  3.07,   21476,  1.44
 600,87.00,   67689,  2.27,   45017,  3.02,   22672,  1.52
 601,88.00,   67337,  2.26,   43707,  2.93,   23630,  1.58
 602,89.00,   65930,  2.21,   41405,  2.78,   24525,  1.64
 603,90.00,   63687,  2.14,   39008,  2.62,   24679,  1.66
 604,91.00,   61232,  2.05,   36335,  2.44,   24897,  1.67
 605,92.00,   58796,  1.97,   33496,  2.25,   25300,  1.70
 606,93.00,   55570,  1.86,   30715,  2.06,   24855,  1.67
 607,94.00,   52033,  1.75,   28028,  1.88,   24005,  1.61
 608,95.00,   48437,  1.62,   25386,  1.70,   23051,  1.55
 609,96.00,   44695,  1.50,   22928,  1.54,   21767,  1.46
 610,97.00,   40999,  1.37,   20513,  1.38,   20486,  1.37
 611,98.00,   37200,  1.25,   17956,  1.20,   19244,  1.29
 612,99.00,   33394,  1.12,   15730,  1.06,   17664,  1.18
 613,100.00,   29539,  0.99,   13338,  0.89,   16201,  1.09
 614,101.00,   26097,  0.88,   11158,  0.75,   14939,  1.00
 615,102.00,   22868,  0.77,    9102,  0.61,   13766,  0.92
 616,103.00,   19812,  0.66,    7555,  0.51,   12257,  0.82
 617,104.00,   16696,  0.56,    5689,  0.38,   11007,  0.74
 618,105.00,   13296,  0.45,    3581,  0.24,    9715,  0.65
 619,106.00,   11406,  0.38,    2077,  0.14,    9329,  0.63
 620,107.00,    9718,  0.33,     421,  0.03,    9297,  0.62
 621,108.00,    8019,  0.27,   -1230, -0.08,    9249,  0.62
 622,109.00,    6640,  0.22,   -2878, -0.19,    9518,  0.64
 623,110.00,    5872,  0.20,   -3922, -0.26,    9794,  0.66
 624,111.00,    4939,  0.17,   -5051, -0.34,    9990,  0.67
 625,112.00,    3872,  0.13,   -6573, -0.44,   10445,  0.70
 626,113.00,    3494,  0.12,   -7399, -0.50,   10893,  0.73
 627,114.00,    3237,  0.11,   -8070, -0.54,   11307,  0.76
 628,115.00,    2868,  0.10,   -8629, -0.58,   11497,  0.77
 629,116.00,    3221,  0.11,   -8714, -0.58,   11935,  0.80
 630,117.00,    3777,  0.13,   -9042, -0.61,   12819,  0.86
 631,118.00,    4128,  0.14,   -9603, -0.64,   13731,  0.92
 632,119.00,    3910,  0.13,  -10241, -0.69,   14151,  0.95
 633,120.00,    3080,  0.10,  -10721, -0.72,   13801,  0.93
 634,121.00,    2105,  0.07,  -11369, -0.76,   13474,  0.90
 635,122.00,    1473,  0.05,  -12199, -0.82,   13672,  0.92
 636,123.00,    1229,  0.04,  -12894, -0.86,   14123,  0.95
 637,124.00,     969,  0.03,  -13161, -0.88,   14130,  0.95
 638,125.00,     206,  0.00,  -13195, -0.89,   13401,  0.90
 639,126.00,    -646, -0.02,  -12790, -0.86,   12144,  0.81
 640,127.00,   -1025, -0.03,  -12484, -0.84,   11459,  0.77
 641,128.00,   -1189, -0.04,  -11769, -0.79,   10580,  0.71
 642,129.00,   -1305, -0.04,  -11222, -0.75,    9917,  0.67
 643,130.00,   -2370, -0.08,  -11431, -0.77,    9061,  0.61
 644,131.00,   -3743, -0.13,  -11979, -0.80,    8236,  0.55
 645,132.00,   -4798, -0.16,  -12060, -0.81,    7262,  0.49
 646,133.00,   -6421, -0.22,  -12424, -0.83,    6003,  0.40
 647,134.00,   -7376, -0.25,  -12720, -0.85,    5344,  0.36
 648,135.00,   -8766, -0.29,  -13466, -0.90,    4700,  0.32
 649,136.00,  -10545, -0.35,  -14388, -0.97,    3843,  0.26
 650,137.00,  -11959, -0.40,  -14802, -0.99,    2843,  0.19
 651,138.00,  -13074, -0.44,  -14890, -1.00,    1816,  0.12
 652,139.00,  -14023, -0.47,  -14490, -0.97,     467,  0.03
 653,140.00,  -14577, -0.49,  -13821, -0.93,    -756, -0.05
 654,141.00,  -15321, -0.51,  -13480, -0.90,   -1841, -0.12
 655,142.00,  -15951, -0.53,  -13042, -0.87,   -2909, -0.20
 656,143.00,  -17201, -0.58,  -12840, -0.86,   -4361, -0.29
 657,144.00,  -18841, -0.63,  -13065, -0.88,   -5776, -0.39
 658,145.00,  -19730, -0.66,  -12993, -0.87,   -6737, -0.45
 659,146.00,  -20331, -0.68,  -12937, -0.87,   -7394, -0.50
 660,147.00,  -20809, -0.70,  -12493, -0.84,   -8316, -0.56
 661,148.00,  -21112, -0.71,  -11495, -0.77,   -9617, -0.65
 662,149.00,  -21023, -0.71,  -10409, -0.70,  -10614, -0.71
 663,150.00,  -20859, -0.70,   -9247, -0.62,  -11612, -0.78
 664,151.00,  -20699, -0.69,   -8470, -0.57,  -12229, -0.82
 665,152.00,  -20639, -0.69,   -7586, -0.51,  -13053, -0.88
 666,153.00,  -20110, -0.67,   -6468, -0.43,  -13642, -0.92
 667,154.00,  -19937, -0.67,   -5768, -0.39,  -14169, -0.95
 668,155.00,  -19333, -0.65,   -5165, -0.35,  -14168, -0.95
 669,156.00,  -18368, -0.62,   -4275, -0.29,  -14093, -0.95
 670,157.00,  -17375, -0.58,   -3374, -0.23,  -14001, -0.94
 671,158.00,  -16546, -0.55,   -2144, -0.14,  -14402, -0.97
 672,159.00,  -15684, -0.53,   -1040, -0.07,  -14644, -0.98
 673,160.00,  -14762, -0.50,     -28, -0.00,  -14734, -0.99
 674,161.00,  -13983, -0.47,     685,  0.05,  -14668, -0.98
 675,162.00,  -13415, -0.45,    1090,  0.07,  -14505, -0.97
 676,163.00,  -13462, -0.45,    1524,  0.10,  -14986, -1.01
 677,164.00,  -13377, -0.45,    1792,  0.12,  -15169, -1.02
 678,165.00,  -12844, -0.43,    2081,  0.14,  -14925, -1.00
 679,166.00,  -12615, -0.42,    2254,  0.15,  -14869, -1.00
 680,167.00,  -12301, -0.41,    2194,  0.15,  -14495, -0.97
 681,168.00,  -12377, -0.42,    2247,  0.15,  -14624, -0.98
 682,169.00,  -12408, -0.42,    2120,  0.14,  -14528, -0.97
 683,170.00,  -12838, -0.43,    1509,  0.10,  -14347, -0.96
 684,171.00,  -14186, -0.48,     766,  0.05,  -14952, -1.00
 685,172.00,  -15473, -0.52,     -35, -0.00,  -15438, -1.04
 686,173.00,  -16813, -0.56,   -1076, -0.07,  -15737, -1.06
 687,174.00,  -17957, -0.60,   -2050, -0.14,  -15907, -1.07
 688,175.00,  -19875, -0.67,   -3395, -0.23,  -16480, -1.11
 689,176.00,  -22585, -0.76,   -5154, -0.35,  -17431, -1.17
 690,177.00,  -25121, -0.84,   -6789, -0.46,  -18332, -1.23
 691,178.00,  -28410, -0.95,   -8732, -0.59,  -19678, -1.32
 692,179.00,  -30932, -1.04,  -10555, -0.71,  -20377, -1.37
 693,180.00,  -33843, -1.13,  -12792, -0.86,  -21051, -1.41
 694,181.00,  -36672, -1.23,  -14587, -0.98,  -22085, -1.48
 695,182.00,  -39707, -1.33,  -16179, -1.09,  -23528, -1.58
 696,183.00,  -42586, -1.43,  -17505, -1.17,  -25081, -1.68
 697,184.00,  -45044, -1.51,  -18387, -1.23,  -26657, -1.79
 698,185.00,  -47785, -1.60,  -19680, -1.32,  -28105, -1.89
 699,186.00,  -50208, -1.68,  -20967, -1.41,  -29241, -1.96
 700,187.00,  -52758, -1.77,  -22328, -1.50,  -30430, -2.04
 701,188.00,  -55810, -1.87,  -23834, -1.60,  -31976, -2.14
 702,189.00,  -59134, -1.98,  -25678, -1.72,  -33456, -2.24
 703,190.00,  -62116, -2.08,  -27266, -1.83,  -34850, -2.34
 704,191.00,  -64450, -2.16,  -28830, -1.93,  -35620, -2.39
 705,192.00,  -66005, -2.21,  -30081, -2.02,  -35924, -2.41
 706,193.00,  -66978, -2.25,  -31272, -2.10,  -35706, -2.39
 707,194.00,  -68733, -2.31,  -32859, -2.20,  -35874, -2.41
 708,195.00,  -70552, -2.37,  -34311, -2.30,  -36241, -2.43
 709,196.00,  -71847, -2.41,  -35735, -2.40,  -36112, -2.42
 710,197.00,  -72844, -2.44,  -36763, -2.47,  -36081, -2.42
 711,198.00,  -73111, -2.45,  -37477, -2.51,  -35634, -2.39
 712,199.00,  -73911, -2.48,  -38735, -2.60,  -35176, -2.36
 713,200.00,  -74869, -2.51,  -39763, -2.67,  -35106, -2.35
 714,201.00,  -76070, -2.55,  -41003, -2.75,  -35067, -2.35
 715,202.00,  -77727, -2.61,  -42277, -2.84,  -35450, -2.38
 716,203.00,  -79080, -2.65,  -43343, -2.91,  -35737, -2.40
 717,204.00,  -80428, -2.70,  -44468, -2.98,  -35960, -2.41
 718,205.00,  -80874, -2.71,  -45348, -3.04,  -35526, -2.38
 719,206.00,  -81399, -2.73,  -46366, -3.11,  -35033, -2.35
 720,207.00,  -82563, -2.77,  -47761, -3.20,  -34802, -2.33
 721,208.00,  -84712, -2.84,  -49577, -3.33,  -35135, -2.36
 722,209.00,  -86886, -2.91,  -50966, -3.42,  -35920, -2.41
 723,210.00,  -88789, -2.98,  -52191, -3.50,  -36598, -2.45
 724,211.00,  -90215, -3.03,  -52815, -3.54,  -37400, -2.51
 725,212.00,  -91271, -3.06,  -53738, -3.60,  -37533, -2.52
 726,213.00,  -93276, -3.13,  -55181, -3.70,  -38095, -2.56
 727,214.00,  -94879, -3.18,  -55958, -3.75,  -38921, -2.61
 728,215.00,  -96308, -3.23,  -57049, -3.83,  -39259, -2.63
 729,216.00,  -97946, -3.28,  -58384, -3.92,  -39562, -2.65
 730,217.00,  -98826, -3.31,  -59591, -4.00,  -39235, -2.63
 731,218.00,  -99935, -3.35,  -60751, -4.07,  -39184, -2.63
 732,219.00, -100456, -3.37,  -61277, -4.11,  -39179, -2.63
 733,220.00, -100732, -3.38,  -61631, -4.13,  -39101, -2.62
 734,221.00, -100722, -3.38,  -61872, -4.15,  -38850, -2.61
 735,222.00, -100579, -3.37,  -61786, -4.14,  -38793, -2.60
 736,223.00, -100221, -3.36,  -61609, -4.13,  -38612, -2.59
 737,224.00,  -99808, -3.35,  -61120, -4.10,  -38688, -2.59
 738,225.00,  -98736, -3.31,  -60632, -4.07,  -38104, -2.56
 739,226.00,  -97649, -3.27,  -60338, -4.05,  -37311, -2.50
 740,227.00,  -96076, -3.22,  -60024, -4.03,  -36052, -2.42
 741,228.00,  -94778, -3.18,  -60196, -4.04,  -34582, -2.32
 742,229.00,  -93801, -3.15,  -59660, -4.00,  -34141, -2.29
 743,230.00,  -91896, -3.08,  -58612, -3.93,  -33284, -2.23
 744,231.00,  -89487, -3.00,  -57235, -3.84,  -32252, -2.16
 745,232.00,  -86997, -2.92,  -55511, -3.72,  -31486, -2.11
 746,233.00,  -84230, -2.82,  -53931, -3.62,  -30299, -2.03
 747,234.00,  -81598, -2.74,  -52316, -3.51,  -29282, -1.96
 748,235.00,  -79002, -2.65,  -50811, -3.41,  -28191, -1.89
 749,236.00,  -75902, -2.55,  -48743, -3.27,  -27159, -1.82
 750,237.00,  -73402, -2.46,  -47170, -3.16,  -26232, -1.76
 751,238.00,  -70762, -2.37,  -45442, -3.05,  -25320, -1.70
 752,239.00,  -67081, -2.25,  -43156, -2.89,  -23925, -1.60
 753,240.00,  -62644, -2.10,  -40333, -2.71,  -22311, -1.50
 754,241.00,  -58567, -1.96,  -37500, -2.52,  -21067, -1.41
 755,242.00,  -55367, -1.86,  -35234, -2.36,  -20133, -1.35
 756,243.00,  -52925, -1.77,  -33609, -2.25,  -19316, -1.30
 757,244.00,  -50257, -1.69,  -32110, -2.15,  -18147, -1.22
 758,245.00,  -46436, -1.56,  -30060, -2.02,  -16376, -1.10
 759,246.00,  -42815, -1.44,  -27911, -1.87,  -14904, -1.00
 760,247.00,  -39458, -1.32,  -25912, -1.74,  -13546, -0.91
 761,248.00,  -35718, -1.20,  -23907, -1.60,  -11811, -0.79
 762,249.00,  -32121, -1.08,  -21792, -1.46,  -10329, -0.69
 763,250.00,  -28603, -0.96,  -19638, -1.32,   -8965, -0.60
 764,251.00,  -25765, -0.86,  -17543, -1.18,   -8222, -0.55
 765,252.00,  -23235, -0.78,  -15548, -1.04,   -7687, -0.52
 766,253.00,  -20216, -0.68,  -13569, -0.91,   -6647, -0.45
 767,254.00,  -17536, -0.59,  -11686, -0.78,   -5850, -0.39
 768,255.00,  -15127, -0.51,  -10139, -0.68,   -4988, -0.33
 769,256.00,  -13292, -0.45,   -8809, -0.59,   -4483, -0.30
 770,257.00,  -11816, -0.40,   -7583, -0.51,   -4233, -0.28
 771,258.00,  -10524, -0.35,   -6323, -0.42,   -4201, -0.28
 772,259.00,   -9117, -0.31,   -5143, -0.34,   -3974, -0.27
 773,260.00,   -7460, -0.25,   -3788, -0.25,   -3672, -0.25
 774,261.00,   -5342, -0.18,   -1981, -0.13,   -3361, -0.23
 775,262.00,   -3305, -0.11,    -404, -0.03,   -2901, -0.19
 776,263.00,   -1106, -0.04,     783,  0.05,   -1889, -0.13
 777,264.00,     158,  0.00,    1487,  0.10,   -1329, -0.09
 778,265.00,    1334,  0.04,    2437,  0.16,   -1103, -0.07
 779,266.00,    1658,  0.06,    2929,  0.20,   -1271, -0.09
 780,267.00,    2464,  0.08,    3342,  0.22,    -878, -0.06
 781,268.00,    3605,  0.12,    3969,  0.27,    -364, -0.02
 782,269.00,    5118,  0.17,    4885,  0.33,     233,  0.02
 783,270.00,    6196,  0.21,    5726,  0.38,     470,  0.03
 784,271.00,    7355,  0.25,    6333,  0.42,    1022,  0.07
 785,272.00,    8501,  0.29,    6815,  0.46,    1686,  0.11
 786,273.00,    9394,  0.32,    7204,  0.48,    2190,  0.15
 787,274.00,   10053,  0.34,    7357,  0.49,    2696,  0.18
 788,275.00,   10682,  0.36,    7794,  0.52,    2888,  0.19
 789,276.00,   11745,  0.39,    8338,  0.56,    3407,  0.23
 790,277.00,   13130,  0.44,    8924,  0.60,    4206,  0.28
 791,278.00,   13819,  0.46,    9004,  0.60,    4815,  0.32
 792,279.00,   13972,  0.47,    8882,  0.60,    5090,  0.34
 793,280.00,   13786,  0.46,    8645,  0.58,    5141,  0.34
 794,281.00,   13480,  0.45,    8263,  0.55,    5217,  0.35
 795,282.00,   13362,  0.45,    8289,  0.56,    5073,  0.34
 796,283.00,   14091,  0.47,    8774,  0.59,    5317,  0.36
 797,284.00,   14370,  0.48,    8774,  0.59,    5596,  0.38
 798,285.00,   14150,  0.47,    8414,  0.56,    5736,  0.38
 799,286.00,   13506,  0.45,    7728,  0.52,    5778,  0.39
 800,287.00,   12362,  0.41,    6725,  0.45,    5637,  0.38
 801,288.00,   11206,  0.38,    6076,  0.41,    5130,  0.34
 802,289.00,   10100,  0.34,    5355,  0.36,    4745,  0.32
 803,290.00,    9066,  0.30,    4377,  0.29,    4689,  0.31
 804,291.00,    8099,  0.27,    2998,  0.20,    5101,  0.34
 805,292.00,    6504,  0.22,    1578,  0.11,    4926,  0.33
 806,293.00,    4293,  0.14,     452,  0.03,    3841,  0.26
 807,294.00,    1063,  0.04,   -1412, -0.09,    2475,  0.17
 808,295.00,   -2129, -0.07,   -3648, -0.24,    1519,  0.10
 809,296.00,   -4485, -0.15,   -5489, -0.37,    1004,  0.07
 810,297.00,   -7276, -0.24,   -7613, -0.51,     337,  0.02
 811,298.00,   -9817, -0.33,   -9299, -0.62,    -518, -0.03
 812,299.00,  -12205, -0.41,  -10960, -0.74,   -1245, -0.08
 813,300.00,  -15154, -0.51,  -12757, -0.86,   -2397, -0.16
 814,301.00,  -18038, -0.60,  -14675, -0.98,   -3363, -0.23
 815,302.00,  -20587, -0.69,  -16187, -1.09,   -4400, -0.30
 816,303.00,  -22233, -0.75,  -16842, -1.13,   -5391, -0.36
 817,304.00,  -24227, -0.81,  -17441, -1.17,   -6786, -0.46
 818,305.00,  -25551, -0.86,  -17650, -1.18,   -7901, -0.53
 819,306.00,  -26532, -0.89,  -17914, -1.20,   -8618, -0.58
 820,307.00,  -27601, -0.93,  -17961, -1.20,   -9640, -0.65
 821,308.00,  -28565, -0.96,  -17825, -1.20,  -10740, -0.72
 822,309.00,  -29401, -0.99,  -17581, -1.18,  -11820, -0.79
 823,310.00,  -30386, -1.02,  -17518, -1.17,  -12868, -0.86
 824,311.00,  -31509, -1.06,  -17528, -1.18,  -13981, -0.94
 825,312.00,  -32789, -1.10,  -17362, -1.16,  -15427, -1.03
 826,313.00,  -33549, -1.13,  -17117, -1.15,  -16432, -1.10
 827,314.00,  -33952, -1.14,  -16663, -1.12,  -17289, -1.16
 828,315.00,  -33684, -1.13,  -15973, -1.07,  -17711, -1.19
 829,316.00,  -33407, -1.12,  -15380, -1.03,  -18027, -1.21
 830,317.00,  -33194, -1.11,  -14874, -1.00,  -18320, -1.23
 831,318.00,  -32955, -1.11,  -14400, -0.97,  -18555, -1.24
 832,319.00,  -32695, -1.10,  -14452, -0.97,  -18243, -1.22
 833,320.00,  -32293, -1.08,  -14528, -0.97,  -17765, -1.19
 834,321.00,  -31237, -1.05,  -14464, -0.97,  -16773, -1.13
 835,322.00,  -29812, -1.00,  -14171, -0.95,  -15641, -1.05
 836,323.00,  -28126, -0.94,  -13957, -0.94,  -14169, -0.95
 837,324.00,  -26707, -0.90,  -13838, -0.93,  -12869, -0.86
 838,325.00,  -25193, -0.84,  -13505, -0.91,  -11688, -0.78
 839,326.00,  -23710, -0.80,  -13519, -0.91,  -10191, -0.68
 840,327.00,  -22627, -0.76,  -14001, -0.94,   -8626, -0.58
 841,328.00,  -20858, -0.70,  -13889, -0.93,   -6969, -0.47
 842,329.00,  -19133, -0.64,  -13914, -0.93,   -5219, -0.35
 843,330.00,  -17302, -0.58,  -13520, -0.91,   -3782, -0.25
 844,331.00,  -15345, -0.51,  -13306, -0.89,   -2039, -0.14
 845,332.00,  -12826, -0.43,  -12996, -0.87,     170,  0.01
 846,333.00,  -10565, -0.35,  -13027, -0.87,    2462,  0.17
 847,334.00,   -9047, -0.30,  -13317, -0.89,    4270,  0.29
 848,335.00,   -8325, -0.28,  -13689, -0.92,    5364,  0.36
 849,336.00,   -7014, -0.24,  -13766, -0.92,    6752,  0.45
 850,337.00,   -5419, -0.18,  -13287, -0.89,    7868,  0.53
 851,338.00,   -4091, -0.14,  -13137, -0.88,    9046,  0.61
 852,339.00,   -2675, -0.09,  -12731, -0.85,   10056,  0.67
 853,340.00,    -540, -0.02,  -11741, -0.79,   11201,  0.75
 854,341.00,    1460,  0.05,  -10783, -0.72,   12243,  0.82
 855,342.00,    2630,  0.09,  -10444, -0.70,   13074,  0.88
 856,343.00,    4055,  0.14,  -10123, -0.68,   14178,  0.95
 857,344.00,    5927,  0.20,   -8858, -0.59,   14785,  0.99
 858,345.00,    7977,  0.27,   -7337, -0.49,   15314,  1.03
 859,346.00,   10287,  0.34,   -5560, -0.37,   15847,  1.06
 860,347.00,   12861,  0.43,   -3569, -0.24,   16430,  1.10
 861,348.00,   15404,  0.52,   -1478, -0.10,   16882,  1.13
 862,349.00,   17452,  0.59,     580,  0.04,   16872,  1.13
 863,350.00,   19450,  0.65,    2607,  0.17,   16843,  1.13
 864,351.00,   21388,  0.72,    4555,  0.31,   16833,  1.13
 865,352.00,   23110,  0.78,    6365,  0.43,   16745,  1.12
 866,353.00,   25589,  0.86,    8289,  0.56,   17300,  1.16
 867,354.00,   27267,  0.91,   10474,  0.70,   16793,  1.13
 868,355.00,   28634,  0.96,   12519,  0.84,   16115,  1.08
 869,356.00,   30086,  1.01,   14354,  0.96,   15732,  1.06
 870,357.00,   31773,  1.07,   15769,  1.06,   16004,  1.07
 871,358.00,   33177,  1.11,   17202,  1.15,   15975,  1.07
 872,359.00,   34014,  1.14,   18652,  1.25,   15362,  1.03
 873,360.00,   35013,  1.17,   20060,  1.35,   14953,  1.00
 874,361.00,   36358,  1.22,   21598,  1.45,   14760,  0.99
 875,362.00,   38074,  1.28,   23173,  1.55,   14901,  1.00
 876,363.00,   39142,  1.31,   24337,  1.63,   14805,  0.99
 877,364.00,   40168,  1.35,   25160,  1.69,   15008,  1.01
 878,365.00,   40690,  1.36,   25513,  1.71,   15177,  1.02
 879,366.00,   40280,  1.35,   25172,  1.69,   15108,  1.01
 880,367.00,   40316,  1.35,   25006,  1.68,   15310,  1.03
 881,368.00,   40332,  1.35,   24984,  1.68,   15348,  1.03
 882,369.00,   40322,  1.35,   25227,  1.69,   15095,  1.01
 883,370.00,   39284,  1.32,   24751,  1.66,   14533,  0.97
 884,371.00,   37946,  1.27,   24144,  1.62,   13802,  0.93
 885,372.00,   37537,  1.26,   24175,  1.62,   13362,  0.90
 886,373.00,   37474,  1.26,   24451,  1.64,   13023,  0.87
 887,374.00,   37099,  1.24,   24120,  1.62,   12979,  0.87
 888,375.00,   36223,  1.21,   23151,  1.55,   13072,  0.88
 889,376.00,   35530,  1.19,   22232,  1.49,   13298,  0.89
 890,377.00,   34491,  1.16,   21432,  1.44,   13059,  0.88
 891,378.00,   34021,  1.14,   21521,  1.44,   12500,  0.84
 892,379.00,   33786,  1.13,   21762,  1.46,   12024,  0.81
 893,380.00,   33570,  1.13,   21893,  1.47,   11677,  0.78
 894,381.00,   33175,  1.11,   22102,  1.48,   11073,  0.74
 895,382.00,   32753,  1.10,   22205,  1.49,   10548,  0.71
 896,383.00,   31963,  1.07,   22044,  1.48,    9919,  0.67
 897,384.00,   31740,  1.06,   22460,  1.51,    9280,  0.62
 898,385.00,   32080,  1.08,   23505,  1.58,    8575,  0.58
 899,386.00,   32944,  1.10,   24899,  1.67,    8045,  0.54
 900,387.00,   33784,  1.13,   26667,  1.79,    7117,  0.48
 901,388.00,   33911,  1.14,   27991,  1.88,    5920,  0.40
 902,389.00,   34379,  1.15,   29514,  1.98,    4865,  0.33
 903,390.00,   35403,  1.19,   31429,  2.11,    3974,  0.27
 904,391.00,   36485,  1.22,   33002,  2.21,    3483,  0.23
 905,392.00,   38365,  1.29,   34813,  2.34,    3552,  0.24
 906,393.00,   39573,  1.33,   36082,  2.42,    3491,  0.23
 907,394.00,   40420,  1.36,   37148,  2.49,    3272,  0.22
 908,395.00,   41722,  1.40,   38446,  2.58,    3276,  0.22
 909,396.00,   43592,  1.46,   39405,  2.64,    4187,  0.28
 910,397.00,   45435,  1.52,   40738,  2.73,    4697,  0.32
 911,398.00,   47392,  1.59,   42110,  2.82,    5282,  0.35
 912,399.00,   50134,  1.68,   43705,  2.93,    6429,  0.43
 913,400.00,   52417,  1.76,   45016,  3.02,    7401,  0.50
 914,401.00,   54867,  1.84,   46078,  3.09,    8789,  0.59
 915,402.00,   57036,  1.91,   46711,  3.13,   10325,  0.69
 916,403.00,   58587,  1.96,   46891,  3.15,   11696,  0.78
 917,404.00,   59939,  2.01,   47216,  3.17,   12723,  0.85
 918,405.00,   61537,  2.06,   47731,  3.20,   13806,  0.93
 919,406.00,   63167,  2.12,   48252,  3.24,   14915,  1.00
 920,407.00,   64007,  2.15,   48008,  3.22,   15999,  1.07
 921,408.00,   63810,  2.14,   47483,  3.18,   16327,  1.10
 922,409.00,   63603,  2.13,   47171,  3.16,   16432,  1.10
 923,410.00,   62922,  2.11,   46487,  3.12,   16435,  1.10
 924,411.00,   62303,  2.09,   46175,  3.10,   16128,  1.08
 925,412.00,   61966,  2.08,   46067,  3.09,   15899,  1.07
 926,413.00,   61453,  2.06,   46122,  3.09,   15331,  1.03
 927,414.00,   60909,  2.04,   45896,  3.08,   15013,  1.01
 928,415.00,   60731,  2.04,   45719,  3.07,   15012,  1.01
 929,416.00,   60681,  2.04,   45319,  3.04,   15362,  1.03
 930,417.00,   60524,  2.03,   44707,  3.00,   15817,  1.06
 931,418.00,   60238,  2.02,   43702,  2.93,   16536,  1.11
 932,419.00,   60326,  2.02,   42767,  2.87,   17559,  1.18
 933,420.00,   60528,  2.03,   42380,  2.84,   18148,  1.22
 934,421.00,   60139,  2.02,   41800,  2.80,   18339,  1.23
 935,422.00,   59893,  2.01,   41076,  2.76,   18817,  1.26
 936,423.00,   60331,  2.02,   40593,  2.72,   19738,  1.32
 937,424.00,   61508,  2.06,   40578,  2.72,   20930,  1.40
 938,425.00,   62515,  2.10,   40493,  2.72,   22022,  1.48
 939,426.00,   63914,  2.14,   40382,  2.71,   23532,  1.58
 940,427.00,   65529,  2.20,   40471,  2.71,   25058,  1.68
 941,428.00,   67079,  2.25,   40633,  2.73,   26446,  1.77
 942,429.00,   68723,  2.30,   40914,  2.74,   27809,  1.87
 943,430.00,   70986,  2.38,   41582,  2.79,   29404,  1.97
 944,431.00,   72429,  2.43,   41864,  2.81,   30565,  2.05
 945,432.00,   73492,  2.46,   41899,  2.81,   31593,  2.12
 946,433.00,   74643,  2.50,   41384,  2.78,   33259,  2.23
 947,434.00,   75357,  2.53,   41069,  2.75,   34288,  2.30
 948,435.00,   75643,  2.54,   40362,  2.71,   35281,  2.37
 949,436.00,   76351,  2.56,   39568,  2.65,   36783,  2.47
 950,437.00,   77935,  2.61,   39356,  2.64,   38579,  2.59
 951,438.00,   79792,  2.68,   39531,  2.65,   40261,  2.70
 952,439.00,   81447,  2.73,   39690,  2.66,   41757,  2.80
 953,440.00,   82064,  2.75,   39084,  2.62,   42980,  2.88
 954,441.00,   82372,  2.76,   38491,  2.58,   43881,  2.94
 955,442.00,   82938,  2.78,   38110,  2.56,   44828,  3.01
 956,443.00,   82969,  2.78,   37613,  2.52,   45356,  3.04
 957,444.00,   82545,  2.77,   37081,  2.49,   45464,  3.05
 958,445.00,   81538,  2.73,   36419,  2.44,   45119,  3.03
 959,446.00,   80447,  2.70,   35888,  2.41,   44559,  2.99
 960,447.00,   80121,  2.69,   35741,  2.40,   44380,  2.98
 961,448.00,   79621,  2.67,   35972,  2.41,   43649,  2.93
 962,449.00,   78815,  2.64,   35938,  2.41,   42877,  2.88
 963,450.00,   77924,  2.61,   36005,  2.41,   41919,  2.81
 964,451.00,   76668,  2.57,   35771,  2.40,   40897,  2.74
 965,452.00,   75585,  2.53,   35675,  2.39,   39910,  2.68
 966,453.00,   74364,  2.49,   35508,  2.38,   38856,  2.61
 967,454.00,   72090,  2.42,   34803,  2.33,   37287,  2.50
 968,455.00,   69065,  2.32,   34009,  2.28,   35056,  2.35
 969,456.00,   66628,  2.23,   33235,  2.23,   33393,  2.24
 970,457.00,   65115,  2.18,   32606,  2.19,   32509,  2.18
 971,458.00,   63270,  2.12,   31925,  2.14,   31345,  2.10
 972,459.00,   60981,  2.05,   30667,  2.06,   30314,  2.03
 973,460.00,   57758,  1.94,   28770,  1.93,   28988,  1.94
 974,461.00,   54559,  1.83,   26687,  1.79,   27872,  1.87
 975,462.00,   51365,  1.72,   24777,  1.66,   26588,  1.78
 976,463.00,   47948,  1.61,   22843,  1.53,   25105,  1.68
 977,464.00,   44339,  1.49,   20605,  1.38,   23734,  1.59
 978,465.00,   40435,  1.36,   18026,  1.21,   22409,  1.50
 979,466.00,   36762,  1.23,   15364,  1.03,   21398,  1.44
 980,467.00,   32753,  1.10,   13000,  0.87,   19753,  1.32
 981,468.00,   28746,  0.96,   10574,  0.71,   18172,  1.22
 982,469.00,   24742,  0.83,    8316,  0.56,   16426,  1.10
 983,470.00,   20729,  0.70,    6005,  0.40,   14724,  0.99
 984,471.00,   17432,  0.58,    4288,  0.29,   13144,  0.88
 985,472.00,   14112,  0.47,    2510,  0.17,   11602,  0.78
 986,473.00,   10854,  0.36,     740,  0.05,   10114,  0.68
 987,474.00,    7730,  0.26,   -1189, -0.08,    8919,  0.60
 988,475.00,    4556,  0.15,   -2769, -0.19,    7325,  0.49
 989,476.00,    1892,  0.06,   -4057, -0.27,    5949,  0.40
 990,477.00,    -786, -0.03,   -5230, -0.35,    4444,  0.30
 991,478.00,   -3361, -0.11,   -6528, -0.44,    3167,  0.21
 992,479.00,   -6042, -0.20,   -8105, -0.54,    2063,  0.14
 993,480.00,   -7545, -0.25,   -9004, -0.60,    1459,  0.10
 994,481.00,   -8877, -0.30,  -10047, -0.67,    1170,  0.08
 995,482.00,  -10456, -0.35,  -11200, -0.75,     744,  0.05
 996,483.00,  -11852, -0.40,  -12285, -0.82,     433,  0.03
 997,484.00,  -12875, -0.43,  -12971, -0.87,      96,  0.00
 998,485.00,  -14208, -0.48,  -13783, -0.92,    -425, -0.03
 999,486.00,  -14780, -0.50,  -14161, -0.95,    -619, -0.04
1000,487.00,  -15263, -0.51,  -14402, -0.97,    -861, -0.06
1001,488.00,  -16114, -0.54,  -14597, -0.98,   -1517, -0.10
1002,489.00,  -17199, -0.58,  -14815, -0.99,   -2384, -0.16
1003,490.00,  -18248, -0.61,  -14985, -1.01,   -3263, -0.22
1004,491.00,  -18467, -0.62,  -14799, -0.99,   -3668, -0.25
1005,492.00,  -18696, -0.63,  -14246, -0.96,   -4450, -0.30
1006,493.00,  -19310, -0.65,  -14145, -0.95,   -5165, -0.35
1007,494.00,  -19776, -0.66,  -14038, -0.94,   -5738, -0.38
1008,495.00,  -21037, -0.71,  -13965, -0.94,   -7072, -0.47
1009,496.00,  -21693, -0.73,  -13500, -0.91,   -8193, -0.55
1010,497.00,  -22205, -0.74,  -12618, -0.85,   -9587, -0.64
1011,498.00,  -22911, -0.77,  -11659, -0.78,  -11252, -0.75
1012,499.00,  -23148, -0.78,  -10664, -0.72,  -12484, -0.84
1013,500.00,  -23659, -0.79,  -10319, -0.69,  -13340, -0.89
1014,501.00,  -24181, -0.81,   -9931, -0.67,  -14250, -0.96
1015,502.00,  -24156, -0.81,   -9196, -0.62,  -14960, -1.00
1016,503.00,  -24030, -0.81,   -8758, -0.59,  -15272, -1.02
1017,504.00,  -23255, -0.78,   -8376, -0.56,  -14879, -1.00
1018,505.00,  -22782, -0.76,   -8223, -0.55,  -14559, -0.98
1019,506.00,  -23136, -0.78,   -8009, -0.54,  -15127, -1.01
1020,507.00,  -24194, -0.81,   -8556, -0.57,  -15638, -1.05
1021,508.00,  -25221, -0.85,   -9280, -0.62,  -15941, -1.07
1022,509.00,  -25277, -0.85,   -9833, -0.66,  -15444, -1.04
1023,510.00,  -25822, -0.87,  -10481, -0.70,  -15341, -1.03
1024,511.00,  -26367, -0.88,  -11089, -0.74,  -15278, -1.02
