-----------------------------------------------------------------------------------
Identifier:,IHS5922-20199501
File Name:,ASLP70B.1
Ear:,L
Channel:,2
Intensity:,70 dB HL
Stim. Rate:,  1.10/s
Stim. Mode:,0
Sweeps:,194
Artifacts:,64
Smp. Period:,1000.00 us
Amp. Gain:, 50.00 K
Low Pass:, 30.00 Hz
High Pass:,  1.00 Hz
Notch Filter:,TRUE
Stimulus:,100
Stim. Freq.:,1000 Hz
Stim. Dur.:,2000 pnts
Masking:,0 dB SPL
Stim. Point:,513
-----------------------------------------------------------------------------------
Peak Information:,Label,Peak(+),Peak(+)(ms),Peak(-),Peak(-)(ms)
,20, 786,273.00, 857,344.00,
,19, 747,234.00, 787,274.00,
,18, 684,171.00, 747,234.00,
,17, 603,90.00, 684,171.00,
-----------------------------------------------------------------------------------


Data Pnt:,Data Pnt(ms):,Average:,Average(uV):,Buffer1:,Buffer1(uV):,Buffer2:,Buffer2(uV):
   1,-512.00,       0,  0.00,       0,  0.00,       0,  0.00
   2,-511.00,       0,  0.00,       0,  0.00,       0,  0.00
   3,-510.00,       0,  0.00,       0,  0.00,       0,  0.00
   4,-509.00,       0,  0.00,       0,  0.00,       0,  0.00
   5,-508.00,       0,  0.00,       0,  0.00,       0,  0.00
   6,-507.00,       0,  0.00,       0,  0.00,       0,  0.00
   7,-506.00,       0,  0.00,       0,  0.00,       0,  0.00
   8,-505.00,       0,  0.00,       0,  0.00,       0,  0.00
   9,-504.00,       0,  0.00,       0,  0.00,       0,  0.00
  10,-503.00,       0,  0.00,       0,  0.00,       0,  0.00
  11,-502.00,       0,  0.00,       0,  0.00,       0,  0.00
  12,-501.00,       0,  0.00,       0,  0.00,       0,  0.00
  13,-500.00,       0,  0.00,       0,  0.00,       0,  0.00
  14,-499.00,       0,  0.00,       0,  0.00,       0,  0.00
  15,-498.00,       0,  0.00,       0,  0.00,       0,  0.00
  16,-497.00,       0,  0.00,       0,  0.00,       0,  0.00
  17,-496.00,       0,  0.00,       0,  0.00,       0,  0.00
  18,-495.00,       0,  0.00,       0,  0.00,       0,  0.00
  19,-494.00,       0,  0.00,       0,  0.00,       0,  0.00
  20,-493.00,       0,  0.00,       0,  0.00,       0,  0.00
  21,-492.00,       0,  0.00,       0,  0.00,       0,  0.00
  22,-491.00,       0,  0.00,       0,  0.00,       0,  0.00
  23,-490.00,       0,  0.00,       0,  0.00,       0,  0.00
  24,-489.00,       0,  0.00,       0,  0.00,       0,  0.00
  25,-488.00,       0,  0.00,       0,  0.00,       0,  0.00
  26,-487.00,       0,  0.00,       0,  0.00,       0,  0.00
  27,-486.00,       0,  0.00,       0,  0.00,       0,  0.00
  28,-485.00,       0,  0.00,       0,  0.00,       0,  0.00
  29,-484.00,       0,  0.00,       0,  0.00,       0,  0.00
  30,-483.00,       0,  0.00,       0,  0.00,       0,  0.00
  31,-482.00,       0,  0.00,       0,  0.00,       0,  0.00
  32,-481.00,       0,  0.00,       0,  0.00,       0,  0.00
  33,-480.00,       0,  0.00,       0,  0.00,       0,  0.00
  34,-479.00,       0,  0.00,       0,  0.00,       0,  0.00
  35,-478.00,       0,  0.00,       0,  0.00,       0,  0.00
  36,-477.00,       0,  0.00,       0,  0.00,       0,  0.00
  37,-476.00,       0,  0.00,       0,  0.00,       0,  0.00
  38,-475.00,       0,  0.00,       0,  0.00,       0,  0.00
  39,-474.00,       0,  0.00,       0,  0.00,       0,  0.00
  40,-473.00,       0,  0.00,       0,  0.00,       0,  0.00
  41,-472.00,       0,  0.00,       0,  0.00,       0,  0.00
  42,-471.00,       0,  0.00,       0,  0.00,       0,  0.00
  43,-470.00,       0,  0.00,       0,  0.00,       0,  0.00
  44,-469.00,       0,  0.00,       0,  0.00,       0,  0.00
  45,-468.00,       0,  0.00,       0,  0.00,       0,  0.00
  46,-467.00,       0,  0.00,       0,  0.00,       0,  0.00
  47,-466.00,       0,  0.00,       0,  0.00,       0,  0.00
  48,-465.00,       0,  0.00,       0,  0.00,       0,  0.00
  49,-464.00,       0,  0.00,       0,  0.00,       0,  0.00
  50,-463.00,       0,  0.00,       0,  0.00,       0,  0.00
  51,-462.00,       0,  0.00,       0,  0.00,       0,  0.00
  52,-461.00,       0,  0.00,       0,  0.00,       0,  0.00
  53,-460.00,       0,  0.00,       0,  0.00,       0,  0.00
  54,-459.00,       0,  0.00,       0,  0.00,       0,  0.00
  55,-458.00,       0,  0.00,       0,  0.00,       0,  0.00
  56,-457.00,       0,  0.00,       0,  0.00,       0,  0.00
  57,-456.00,       0,  0.00,       0,  0.00,       0,  0.00
  58,-455.00,       0,  0.00,       0,  0.00,       0,  0.00
  59,-454.00,       0,  0.00,       0,  0.00,       0,  0.00
  60,-453.00,       0,  0.00,       0,  0.00,       0,  0.00
  61,-452.00,       0,  0.00,       0,  0.00,       0,  0.00
  62,-451.00,       0,  0.00,       0,  0.00,       0,  0.00
  63,-450.00,       0,  0.00,       0,  0.00,       0,  0.00
  64,-449.00,       0,  0.00,       0,  0.00,       0,  0.00
  65,-448.00,       0,  0.00,       0,  0.00,       0,  0.00
  66,-447.00,       0,  0.00,       0,  0.00,       0,  0.00
  67,-446.00,       0,  0.00,       0,  0.00,       0,  0.00
  68,-445.00,       0,  0.00,       0,  0.00,       0,  0.00
  69,-444.00,       0,  0.00,       0,  0.00,       0,  0.00
  70,-443.00,       0,  0.00,       0,  0.00,       0,  0.00
  71,-442.00,       0,  0.00,       0,  0.00,       0,  0.00
  72,-441.00,       0,  0.00,       0,  0.00,       0,  0.00
  73,-440.00,       0,  0.00,       0,  0.00,       0,  0.00
  74,-439.00,       0,  0.00,       0,  0.00,       0,  0.00
  75,-438.00,       0,  0.00,       0,  0.00,       0,  0.00
  76,-437.00,       0,  0.00,       0,  0.00,       0,  0.00
  77,-436.00,       0,  0.00,       0,  0.00,       0,  0.00
  78,-435.00,       0,  0.00,       0,  0.00,       0,  0.00
  79,-434.00,       0,  0.00,       0,  0.00,       0,  0.00
  80,-433.00,       0,  0.00,       0,  0.00,       0,  0.00
  81,-432.00,       0,  0.00,       0,  0.00,       0,  0.00
  82,-431.00,       0,  0.00,       0,  0.00,       0,  0.00
  83,-430.00,       0,  0.00,       0,  0.00,       0,  0.00
  84,-429.00,       0,  0.00,       0,  0.00,       0,  0.00
  85,-428.00,       0,  0.00,       0,  0.00,       0,  0.00
  86,-427.00,       0,  0.00,       0,  0.00,       0,  0.00
  87,-426.00,       0,  0.00,       0,  0.00,       0,  0.00
  88,-425.00,       0,  0.00,       0,  0.00,       0,  0.00
  89,-424.00,       0,  0.00,       0,  0.00,       0,  0.00
  90,-423.00,       0,  0.00,       0,  0.00,       0,  0.00
  91,-422.00,       0,  0.00,       0,  0.00,       0,  0.00
  92,-421.00,       0,  0.00,       0,  0.00,       0,  0.00
  93,-420.00,       0,  0.00,       0,  0.00,       0,  0.00
  94,-419.00,       0,  0.00,       0,  0.00,       0,  0.00
  95,-418.00,       0,  0.00,       0,  0.00,       0,  0.00
  96,-417.00,       0,  0.00,       0,  0.00,       0,  0.00
  97,-416.00,       0,  0.00,       0,  0.00,       0,  0.00
  98,-415.00,       0,  0.00,       0,  0.00,       0,  0.00
  99,-414.00,       0,  0.00,       0,  0.00,       0,  0.00
 100,-413.00,       0,  0.00,       0,  0.00,       0,  0.00
 101,-412.00,       0,  0.00,       0,  0.00,       0,  0.00
 102,-411.00,       0,  0.00,       0,  0.00,       0,  0.00
 103,-410.00,       0,  0.00,       0,  0.00,       0,  0.00
 104,-409.00,       0,  0.00,       0,  0.00,       0,  0.00
 105,-408.00,       0,  0.00,       0,  0.00,       0,  0.00
 106,-407.00,       0,  0.00,       0,  0.00,       0,  0.00
 107,-406.00,       0,  0.00,       0,  0.00,       0,  0.00
 108,-405.00,       0,  0.00,       0,  0.00,       0,  0.00
 109,-404.00,       0,  0.00,       0,  0.00,       0,  0.00
 110,-403.00,       0,  0.00,       0,  0.00,       0,  0.00
 111,-402.00,       0,  0.00,       0,  0.00,       0,  0.00
 112,-401.00,       0,  0.00,       0,  0.00,       0,  0.00
 113,-400.00,       0,  0.00,       0,  0.00,       0,  0.00
 114,-399.00,       0,  0.00,       0,  0.00,       0,  0.00
 115,-398.00,       0,  0.00,       0,  0.00,       0,  0.00
 116,-397.00,   12112,  0.38,  -11748, -0.74,   23860,  1.50
 117,-396.00,   12179,  0.38,  -13693, -0.86,   25872,  1.63
 118,-395.00,   14060,  0.44,  -14272, -0.90,   28332,  1.78
 119,-394.00,   19606,  0.62,  -12975, -0.82,   32581,  2.05
 120,-393.00,   22826,  0.72,  -14025, -0.88,   36851,  2.32
 121,-392.00,   26284,  0.83,  -14360, -0.90,   40644,  2.56
 122,-391.00,   30958,  0.97,  -12900, -0.81,   43858,  2.76
 123,-390.00,   34859,  1.10,  -11536, -0.73,   46395,  2.92
 124,-389.00,   38616,  1.21,  -10375, -0.65,   48991,  3.08
 125,-388.00,   41911,  1.32,   -9643, -0.61,   51554,  3.24
 126,-387.00,   45379,  1.43,   -8762, -0.55,   54141,  3.41
 127,-386.00,   46364,  1.46,   -9028, -0.57,   55392,  3.49
 128,-385.00,   48121,  1.51,   -8343, -0.52,   56464,  3.55
 129,-384.00,   49317,  1.55,   -7762, -0.49,   57079,  3.59
 130,-383.00,   51502,  1.62,   -6635, -0.42,   58137,  3.66
 131,-382.00,   52202,  1.64,   -6385, -0.40,   58587,  3.69
 132,-381.00,   52659,  1.66,   -6385, -0.40,   59044,  3.72
 133,-380.00,   52530,  1.65,   -6894, -0.43,   59424,  3.74
 134,-379.00,   52755,  1.66,   -7129, -0.45,   59884,  3.77
 135,-378.00,   52679,  1.66,   -7357, -0.46,   60036,  3.78
 136,-377.00,   53821,  1.69,   -7118, -0.45,   60939,  3.83
 137,-376.00,   53998,  1.70,   -6325, -0.40,   60323,  3.80
 138,-375.00,   54655,  1.72,   -5686, -0.36,   60341,  3.80
 139,-374.00,   55787,  1.76,   -3883, -0.24,   59670,  3.75
 140,-373.00,   56916,  1.79,   -2435, -0.15,   59351,  3.73
 141,-372.00,   55475,  1.75,   -3144, -0.20,   58619,  3.69
 142,-371.00,   53731,  1.69,   -4537, -0.29,   58268,  3.67
 143,-370.00,   54377,  1.71,   -4444, -0.28,   58821,  3.70
 144,-369.00,   56502,  1.78,   -3230, -0.20,   59732,  3.76
 145,-368.00,   57178,  1.80,   -3447, -0.22,   60625,  3.81
 146,-367.00,   57972,  1.82,   -3284, -0.21,   61256,  3.85
 147,-366.00,   59522,  1.87,   -1605, -0.10,   61127,  3.85
 148,-365.00,   60579,  1.91,    1064,  0.07,   59515,  3.74
 149,-364.00,   60662,  1.91,    2246,  0.14,   58416,  3.68
 150,-363.00,   60452,  1.90,    2436,  0.15,   58016,  3.65
 151,-362.00,   61505,  1.94,    3008,  0.19,   58497,  3.68
 152,-361.00,   63552,  2.00,    4470,  0.28,   59082,  3.72
 153,-360.00,   64997,  2.04,    5878,  0.37,   59119,  3.72
 154,-359.00,   67119,  2.11,    7652,  0.48,   59467,  3.74
 155,-358.00,   67864,  2.14,    8531,  0.54,   59333,  3.73
 156,-357.00,   67641,  2.13,    8564,  0.54,   59077,  3.72
 157,-356.00,   66372,  2.09,    7888,  0.50,   58484,  3.68
 158,-355.00,   67953,  2.14,    9748,  0.61,   58205,  3.66
 159,-354.00,   68181,  2.15,    9897,  0.62,   58284,  3.67
 160,-353.00,   67672,  2.13,    9786,  0.62,   57886,  3.64
 161,-352.00,   67053,  2.11,    9386,  0.59,   57667,  3.63
 162,-351.00,   66052,  2.08,    9371,  0.59,   56681,  3.57
 163,-350.00,   67335,  2.12,   10568,  0.66,   56767,  3.57
 164,-349.00,   65702,  2.07,    9586,  0.60,   56116,  3.53
 165,-348.00,   64077,  2.02,    9587,  0.60,   54490,  3.43
 166,-347.00,   62510,  1.97,    8782,  0.55,   53728,  3.38
 167,-346.00,   60783,  1.91,    8454,  0.53,   52329,  3.29
 168,-345.00,   57894,  1.82,    6610,  0.42,   51284,  3.23
 169,-344.00,   54853,  1.73,    4668,  0.29,   50185,  3.16
 170,-343.00,   50414,  1.59,    2153,  0.14,   48261,  3.04
 171,-342.00,   46888,  1.48,     915,  0.06,   45973,  2.89
 172,-341.00,   43588,  1.37,    -250, -0.02,   43838,  2.76
 173,-340.00,   39867,  1.25,   -1260, -0.08,   41127,  2.59
 174,-339.00,   36158,  1.14,   -2531, -0.16,   38689,  2.43
 175,-338.00,   32739,  1.03,   -4551, -0.29,   37290,  2.35
 176,-337.00,   27991,  0.88,   -6727, -0.42,   34718,  2.18
 177,-336.00,   24779,  0.78,   -7988, -0.50,   32767,  2.06
 178,-335.00,   21868,  0.69,   -8449, -0.53,   30317,  1.91
 179,-334.00,   17610,  0.55,   -9969, -0.63,   27579,  1.74
 180,-333.00,   13585,  0.43,  -12360, -0.78,   25945,  1.63
 181,-332.00,    8529,  0.27,  -14360, -0.90,   22889,  1.44
 182,-331.00,    3146,  0.10,  -16835, -1.06,   19981,  1.26
 183,-330.00,   -3317, -0.10,  -19767, -1.24,   16450,  1.04
 184,-329.00,   -6824, -0.21,  -20836, -1.31,   14012,  0.88
 185,-328.00,  -10494, -0.33,  -21543, -1.36,   11049,  0.70
 186,-327.00,  -15737, -0.50,  -23183, -1.46,    7446,  0.47
 187,-326.00,  -21394, -0.67,  -24627, -1.55,    3233,  0.20
 188,-325.00,  -26483, -0.83,  -26080, -1.64,    -403, -0.03
 189,-324.00,  -31899, -1.00,  -27784, -1.75,   -4115, -0.26
 190,-323.00,  -34357, -1.08,  -28420, -1.79,   -5937, -0.37
 191,-322.00,  -36442, -1.15,  -29184, -1.84,   -7258, -0.46
 192,-321.00,  -41351, -1.30,  -31202, -1.96,  -10149, -0.64
 193,-320.00,  -45798, -1.44,  -31939, -2.01,  -13859, -0.87
 194,-319.00,  -49464, -1.56,  -31879, -2.01,  -17585, -1.11
 195,-318.00,  -53158, -1.67,  -31997, -2.01,  -21161, -1.33
 196,-317.00,  -55374, -1.74,  -31546, -1.99,  -23828, -1.50
 197,-316.00,  -58887, -1.85,  -32881, -2.07,  -26006, -1.64
 198,-315.00,  -60706, -1.91,  -33169, -2.09,  -27537, -1.73
 199,-314.00,  -61372, -1.93,  -32608, -2.05,  -28764, -1.81
 200,-313.00,  -63269, -1.99,  -31733, -2.00,  -31536, -1.98
 201,-312.00,  -65523, -2.06,  -31089, -1.96,  -34434, -2.17
 202,-311.00,  -65515, -2.06,  -29010, -1.83,  -36505, -2.30
 203,-310.00,  -66958, -2.11,  -29477, -1.85,  -37481, -2.36
 204,-309.00,  -67261, -2.12,  -29429, -1.85,  -37832, -2.38
 205,-308.00,  -67782, -2.13,  -28903, -1.82,  -38879, -2.45
 206,-307.00,  -67580, -2.13,  -28219, -1.78,  -39361, -2.48
 207,-306.00,  -66370, -2.09,  -26874, -1.69,  -39496, -2.49
 208,-305.00,  -64220, -2.02,  -24908, -1.57,  -39312, -2.47
 209,-304.00,  -64193, -2.02,  -24033, -1.51,  -40160, -2.53
 210,-303.00,  -63850, -2.01,  -22806, -1.44,  -41044, -2.58
 211,-302.00,  -62281, -1.96,  -20823, -1.31,  -41458, -2.61
 212,-301.00,  -60762, -1.91,  -20100, -1.26,  -40662, -2.56
 213,-300.00,  -61016, -1.92,  -20032, -1.26,  -40984, -2.58
 214,-299.00,  -63040, -1.98,  -21268, -1.34,  -41772, -2.63
 215,-298.00,  -64261, -2.02,  -21995, -1.38,  -42266, -2.66
 216,-297.00,  -64526, -2.03,  -23182, -1.46,  -41344, -2.60
 217,-296.00,  -62659, -1.97,  -22796, -1.43,  -39863, -2.51
 218,-295.00,  -60444, -1.90,  -21548, -1.36,  -38896, -2.45
 219,-294.00,  -59726, -1.88,  -21823, -1.37,  -37903, -2.39
 220,-293.00,  -59831, -1.88,  -23161, -1.46,  -36670, -2.31
 221,-292.00,  -58723, -1.85,  -23815, -1.50,  -34908, -2.20
 222,-291.00,  -58453, -1.84,  -23962, -1.51,  -34491, -2.17
 223,-290.00,  -58159, -1.83,  -23707, -1.49,  -34452, -2.17
 224,-289.00,  -57177, -1.80,  -23962, -1.51,  -33215, -2.09
 225,-288.00,  -54946, -1.73,  -23387, -1.47,  -31559, -1.99
 226,-287.00,  -54371, -1.71,  -24485, -1.54,  -29886, -1.88
 227,-286.00,  -54550, -1.72,  -27111, -1.71,  -27439, -1.73
 228,-285.00,  -53482, -1.68,  -28588, -1.80,  -24894, -1.57
 229,-284.00,  -51334, -1.62,  -28412, -1.79,  -22922, -1.44
 230,-283.00,  -49536, -1.56,  -29042, -1.83,  -20494, -1.29
 231,-282.00,  -48607, -1.53,  -29903, -1.88,  -18704, -1.18
 232,-281.00,  -47420, -1.49,  -31072, -1.96,  -16348, -1.03
 233,-280.00,  -44124, -1.39,  -31113, -1.96,  -13011, -0.82
 234,-279.00,  -43268, -1.36,  -32494, -2.04,  -10774, -0.68
 235,-278.00,  -42290, -1.33,  -32933, -2.07,   -9357, -0.59
 236,-277.00,  -38341, -1.21,  -32491, -2.04,   -5850, -0.37
 237,-276.00,  -36915, -1.16,  -32717, -2.06,   -4198, -0.26
 238,-275.00,  -37334, -1.17,  -33488, -2.11,   -3846, -0.24
 239,-274.00,  -37432, -1.18,  -33775, -2.13,   -3657, -0.23
 240,-273.00,  -37383, -1.18,  -33736, -2.12,   -3647, -0.23
 241,-272.00,  -38759, -1.22,  -35361, -2.23,   -3398, -0.21
 242,-271.00,  -37278, -1.17,  -35092, -2.21,   -2186, -0.14
 243,-270.00,  -35604, -1.12,  -33801, -2.13,   -1803, -0.11
 244,-269.00,  -33418, -1.05,  -33031, -2.08,    -387, -0.02
 245,-268.00,  -34355, -1.08,  -34407, -2.17,      52,  0.00
 246,-267.00,  -33368, -1.05,  -33442, -2.10,      74,  0.00
 247,-266.00,  -32549, -1.02,  -32668, -2.06,     119,  0.00
 248,-265.00,  -30970, -0.97,  -31207, -1.96,     237,  0.01
 249,-264.00,  -28769, -0.91,  -29256, -1.84,     487,  0.03
 250,-263.00,  -27339, -0.86,  -27730, -1.74,     391,  0.02
 251,-262.00,  -24828, -0.78,  -25839, -1.63,    1011,  0.06
 252,-261.00,  -22714, -0.71,  -24968, -1.57,    2254,  0.14
 253,-260.00,  -22030, -0.69,  -25254, -1.59,    3224,  0.20
 254,-259.00,  -20684, -0.65,  -24978, -1.57,    4294,  0.27
 255,-258.00,  -19157, -0.60,  -24570, -1.55,    5413,  0.34
 256,-257.00,  -17815, -0.56,  -23078, -1.45,    5263,  0.33
 257,-256.00,  -14857, -0.47,  -21020, -1.32,    6163,  0.39
 258,-255.00,  -12597, -0.40,  -20400, -1.28,    7803,  0.49
 259,-254.00,  -12469, -0.39,  -19888, -1.25,    7419,  0.47
 260,-253.00,  -11508, -0.36,  -18128, -1.14,    6620,  0.42
 261,-252.00,  -12078, -0.38,  -17407, -1.10,    5329,  0.34
 262,-251.00,  -11491, -0.36,  -16300, -1.03,    4809,  0.30
 263,-250.00,  -10417, -0.33,  -15174, -0.95,    4757,  0.30
 264,-249.00,  -11252, -0.35,  -14954, -0.94,    3702,  0.23
 265,-248.00,  -11318, -0.36,  -13739, -0.86,    2421,  0.15
 266,-247.00,  -11271, -0.35,  -11923, -0.75,     652,  0.04
 267,-246.00,   -9835, -0.31,   -8827, -0.56,   -1008, -0.06
 268,-245.00,  -10098, -0.32,   -8317, -0.52,   -1781, -0.11
 269,-244.00,  -11375, -0.36,   -9109, -0.57,   -2266, -0.14
 270,-243.00,  -11294, -0.36,   -7820, -0.49,   -3474, -0.22
 271,-242.00,  -13708, -0.43,   -7684, -0.48,   -6024, -0.38
 272,-241.00,  -14397, -0.45,   -6883, -0.43,   -7514, -0.47
 273,-240.00,  -14857, -0.47,   -6451, -0.41,   -8406, -0.53
 274,-239.00,  -15898, -0.50,   -5894, -0.37,  -10004, -0.63
 275,-238.00,  -17203, -0.54,   -5453, -0.34,  -11750, -0.74
 276,-237.00,  -15881, -0.50,   -2516, -0.16,  -13365, -0.84
 277,-236.00,  -14403, -0.45,     -88, -0.00,  -14315, -0.90
 278,-235.00,  -12169, -0.38,    1892,  0.12,  -14061, -0.88
 279,-234.00,   -9722, -0.31,    3718,  0.23,  -13440, -0.85
 280,-233.00,   -9006, -0.28,    4551,  0.29,  -13557, -0.85
 281,-232.00,   -8724, -0.27,    4349,  0.27,  -13073, -0.82
 282,-231.00,   -8203, -0.26,    4203,  0.26,  -12406, -0.78
 283,-230.00,   -8220, -0.26,    4809,  0.30,  -13029, -0.82
 284,-229.00,   -8009, -0.25,    6179,  0.39,  -14188, -0.89
 285,-228.00,   -5096, -0.16,    8834,  0.56,  -13930, -0.88
 286,-227.00,   -2854, -0.09,    9904,  0.62,  -12758, -0.80
 287,-226.00,   -1029, -0.03,   11317,  0.71,  -12346, -0.78
 288,-225.00,     732,  0.02,   13650,  0.86,  -12918, -0.81
 289,-224.00,    2756,  0.09,   16057,  1.01,  -13301, -0.84
 290,-223.00,    5186,  0.16,   18579,  1.17,  -13393, -0.84
 291,-222.00,    5404,  0.17,   19726,  1.24,  -14322, -0.90
 292,-221.00,    4230,  0.13,   19341,  1.22,  -15111, -0.95
 293,-220.00,    4895,  0.15,   20569,  1.29,  -15674, -0.99
 294,-219.00,    5805,  0.18,   22392,  1.41,  -16587, -1.04
 295,-218.00,    7452,  0.23,   24543,  1.54,  -17091, -1.08
 296,-217.00,    6065,  0.19,   24929,  1.57,  -18864, -1.19
 297,-216.00,    5589,  0.18,   25998,  1.64,  -20409, -1.28
 298,-215.00,    5343,  0.17,   26436,  1.66,  -21093, -1.33
 299,-214.00,    6003,  0.19,   27169,  1.71,  -21166, -1.33
 300,-213.00,    6927,  0.22,   27894,  1.76,  -20967, -1.32
 301,-212.00,    6687,  0.21,   27777,  1.75,  -21090, -1.33
 302,-211.00,    6352,  0.20,   28291,  1.78,  -21939, -1.38
 303,-210.00,    7387,  0.23,   28977,  1.82,  -21590, -1.36
 304,-209.00,    8770,  0.28,   29242,  1.84,  -20472, -1.29
 305,-208.00,   11240,  0.35,   30302,  1.91,  -19062, -1.20
 306,-207.00,   13665,  0.43,   31272,  1.97,  -17607, -1.11
 307,-206.00,   12619,  0.40,   31057,  1.95,  -18438, -1.16
 308,-205.00,   12421,  0.39,   30984,  1.95,  -18563, -1.17
 309,-204.00,   13426,  0.42,   30934,  1.95,  -17508, -1.10
 310,-203.00,   15663,  0.49,   32194,  2.03,  -16531, -1.04
 311,-202.00,   18121,  0.57,   33450,  2.10,  -15329, -0.96
 312,-201.00,   21179,  0.67,   34175,  2.15,  -12996, -0.82
 313,-200.00,   22375,  0.70,   34481,  2.17,  -12106, -0.76
 314,-199.00,   23252,  0.73,   35734,  2.25,  -12482, -0.79
 315,-198.00,   23523,  0.74,   35396,  2.23,  -11873, -0.75
 316,-197.00,   24431,  0.77,   35653,  2.24,  -11222, -0.71
 317,-196.00,   25237,  0.79,   35126,  2.21,   -9889, -0.62
 318,-195.00,   25423,  0.80,   35211,  2.22,   -9788, -0.62
 319,-194.00,   24754,  0.78,   34499,  2.17,   -9745, -0.61
 320,-193.00,   24423,  0.77,   33917,  2.13,   -9494, -0.60
 321,-192.00,   24210,  0.76,   32896,  2.07,   -8686, -0.55
 322,-191.00,   25449,  0.80,   32403,  2.04,   -6954, -0.44
 323,-190.00,   27714,  0.87,   32087,  2.02,   -4373, -0.28
 324,-189.00,   29220,  0.92,   31267,  1.97,   -2047, -0.13
 325,-188.00,   29004,  0.91,   29657,  1.87,    -653, -0.04
 326,-187.00,   30809,  0.97,   29915,  1.88,     894,  0.06
 327,-186.00,   33095,  1.04,   30208,  1.90,    2887,  0.18
 328,-185.00,   34753,  1.09,   29593,  1.86,    5160,  0.32
 329,-184.00,   36178,  1.14,   29493,  1.86,    6685,  0.42
 330,-183.00,   37959,  1.19,   29698,  1.87,    8261,  0.52
 331,-182.00,   39830,  1.25,   30026,  1.89,    9804,  0.62
 332,-181.00,   41039,  1.29,   29945,  1.88,   11094,  0.70
 333,-180.00,   42715,  1.34,   30325,  1.91,   12390,  0.78
 334,-179.00,   44126,  1.39,   29983,  1.89,   14143,  0.89
 335,-178.00,   44501,  1.40,   30010,  1.89,   14491,  0.91
 336,-177.00,   44743,  1.41,   29419,  1.85,   15324,  0.96
 337,-176.00,   46667,  1.47,   30448,  1.92,   16219,  1.02
 338,-175.00,   45626,  1.44,   28446,  1.79,   17180,  1.08
 339,-174.00,   43815,  1.38,   25851,  1.63,   17964,  1.13
 340,-173.00,   43130,  1.36,   24138,  1.52,   18992,  1.20
 341,-172.00,   39094,  1.23,   20619,  1.30,   18475,  1.16
 342,-171.00,   37230,  1.17,   18251,  1.15,   18979,  1.19
 343,-170.00,   37519,  1.18,   16984,  1.07,   20535,  1.29
 344,-169.00,   37719,  1.19,   16809,  1.06,   20910,  1.32
 345,-168.00,   35823,  1.13,   15114,  0.95,   20709,  1.30
 346,-167.00,   33730,  1.06,   12239,  0.77,   21491,  1.35
 347,-166.00,   32241,  1.01,   11026,  0.69,   21215,  1.33
 348,-165.00,   30126,  0.95,   10155,  0.64,   19971,  1.26
 349,-164.00,   27010,  0.85,    8660,  0.54,   18350,  1.15
 350,-163.00,   26392,  0.83,    8213,  0.52,   18179,  1.14
 351,-162.00,   25011,  0.79,    7167,  0.45,   17844,  1.12
 352,-161.00,   22218,  0.70,    6050,  0.38,   16168,  1.02
 353,-160.00,   20164,  0.63,    4695,  0.30,   15469,  0.97
 354,-159.00,   16611,  0.52,    2903,  0.18,   13708,  0.86
 355,-158.00,   13760,  0.43,    1645,  0.10,   12115,  0.76
 356,-157.00,   11157,  0.35,     538,  0.03,   10619,  0.67
 357,-156.00,   10083,  0.32,     139,  0.00,    9944,  0.63
 358,-155.00,   10011,  0.31,    1006,  0.06,    9005,  0.57
 359,-154.00,    8664,  0.27,    1452,  0.09,    7212,  0.45
 360,-153.00,    6291,  0.20,    1907,  0.12,    4384,  0.28
 361,-152.00,    3264,  0.10,    1477,  0.09,    1787,  0.11
 362,-151.00,    2570,  0.08,    3267,  0.21,    -697, -0.04
 363,-150.00,     755,  0.02,    4706,  0.30,   -3951, -0.25
 364,-149.00,    -909, -0.03,    4117,  0.26,   -5026, -0.32
 365,-148.00,   -1712, -0.05,    4705,  0.30,   -6417, -0.40
 366,-147.00,   -3396, -0.11,    4646,  0.29,   -8042, -0.51
 367,-146.00,   -3888, -0.12,    5316,  0.33,   -9204, -0.58
 368,-145.00,   -3501, -0.11,    6617,  0.42,  -10118, -0.64
 369,-144.00,   -3037, -0.10,    7249,  0.46,  -10286, -0.65
 370,-143.00,   -4432, -0.14,    6385,  0.40,  -10817, -0.68
 371,-142.00,   -2329, -0.07,    7985,  0.50,  -10314, -0.65
 372,-141.00,    -375, -0.01,    9429,  0.59,   -9804, -0.62
 373,-140.00,    1276,  0.04,   10456,  0.66,   -9180, -0.58
 374,-139.00,    2847,  0.09,   11229,  0.71,   -8382, -0.53
 375,-138.00,    3243,  0.10,   10838,  0.68,   -7595, -0.48
 376,-137.00,    2241,  0.07,    9435,  0.59,   -7194, -0.45
 377,-136.00,    2242,  0.07,    8339,  0.52,   -6097, -0.38
 378,-135.00,    2823,  0.09,    7501,  0.47,   -4678, -0.29
 379,-134.00,    2598,  0.08,    6403,  0.40,   -3805, -0.24
 380,-133.00,    2901,  0.09,    6166,  0.39,   -3265, -0.21
 381,-132.00,    3678,  0.12,    6104,  0.38,   -2426, -0.15
 382,-131.00,    3180,  0.10,    5946,  0.37,   -2766, -0.17
 383,-130.00,    2747,  0.09,    5166,  0.33,   -2419, -0.15
 384,-129.00,    1967,  0.06,    4342,  0.27,   -2375, -0.15
 385,-128.00,    2235,  0.07,    4375,  0.28,   -2140, -0.13
 386,-127.00,    1719,  0.05,    3727,  0.23,   -2008, -0.13
 387,-126.00,    -288, -0.00,    3294,  0.21,   -3582, -0.23
 388,-125.00,   -1534, -0.05,    3721,  0.23,   -5255, -0.33
 389,-124.00,   -2600, -0.08,    4120,  0.26,   -6720, -0.42
 390,-123.00,   -4996, -0.16,    3940,  0.25,   -8936, -0.56
 391,-122.00,   -6538, -0.21,    4076,  0.26,  -10614, -0.67
 392,-121.00,   -6519, -0.21,    3983,  0.25,  -10502, -0.66
 393,-120.00,   -5990, -0.19,    3788,  0.24,   -9778, -0.62
 394,-119.00,   -6843, -0.22,    2531,  0.16,   -9374, -0.59
 395,-118.00,   -9325, -0.29,     813,  0.05,  -10138, -0.64
 396,-117.00,  -10315, -0.32,    -346, -0.02,   -9969, -0.63
 397,-116.00,  -10083, -0.32,   -1045, -0.07,   -9038, -0.57
 398,-115.00,   -8793, -0.28,    -427, -0.03,   -8366, -0.53
 399,-114.00,   -9113, -0.29,    -818, -0.05,   -8295, -0.52
 400,-113.00,   -8524, -0.27,   -2166, -0.14,   -6358, -0.40
 401,-112.00,   -7395, -0.23,   -2762, -0.17,   -4633, -0.29
 402,-111.00,   -9509, -0.30,   -4683, -0.29,   -4826, -0.30
 403,-110.00,  -11566, -0.36,   -6086, -0.38,   -5480, -0.34
 404,-109.00,  -13863, -0.44,   -7149, -0.45,   -6714, -0.42
 405,-108.00,  -16199, -0.51,   -9802, -0.62,   -6397, -0.40
 406,-107.00,  -17614, -0.55,  -11476, -0.72,   -6138, -0.39
 407,-106.00,  -17549, -0.55,  -12433, -0.78,   -5116, -0.32
 408,-105.00,  -20429, -0.64,  -15753, -0.99,   -4676, -0.29
 409,-104.00,  -23816, -0.75,  -19252, -1.21,   -4564, -0.29
 410,-103.00,  -26835, -0.84,  -22806, -1.44,   -4029, -0.25
 411,-102.00,  -29293, -0.92,  -24467, -1.54,   -4826, -0.30
 412,-101.00,  -30344, -0.95,  -24657, -1.55,   -5687, -0.36
 413,-100.00,  -31453, -0.99,  -24974, -1.57,   -6479, -0.41
 414,-99.00,  -34196, -1.08,  -26715, -1.68,   -7481, -0.47
 415,-98.00,  -36607, -1.15,  -28110, -1.77,   -8497, -0.53
 416,-97.00,  -39574, -1.25,  -30176, -1.90,   -9398, -0.59
 417,-96.00,  -43242, -1.36,  -32295, -2.03,  -10947, -0.69
 418,-95.00,  -46638, -1.47,  -34009, -2.14,  -12629, -0.79
 419,-94.00,  -49410, -1.55,  -35748, -2.25,  -13662, -0.86
 420,-93.00,  -50450, -1.59,  -36072, -2.27,  -14378, -0.90
 421,-92.00,  -51650, -1.63,  -36943, -2.32,  -14707, -0.93
 422,-91.00,  -54183, -1.70,  -38955, -2.45,  -15228, -0.96
 423,-90.00,  -57198, -1.80,  -40834, -2.57,  -16364, -1.03
 424,-89.00,  -61073, -1.92,  -42487, -2.67,  -18586, -1.17
 425,-88.00,  -62999, -1.98,  -44720, -2.81,  -18279, -1.15
 426,-87.00,  -63089, -1.98,  -46363, -2.92,  -16726, -1.05
 427,-86.00,  -62775, -1.98,  -46157, -2.90,  -16618, -1.05
 428,-85.00,  -61633, -1.94,  -45075, -2.84,  -16558, -1.04
 429,-84.00,  -61970, -1.95,  -46327, -2.92,  -15643, -0.98
 430,-83.00,  -65718, -2.07,  -49034, -3.09,  -16684, -1.05
 431,-82.00,  -67596, -2.13,  -50880, -3.20,  -16716, -1.05
 432,-81.00,  -67374, -2.12,  -51031, -3.21,  -16343, -1.03
 433,-80.00,  -66624, -2.10,  -51756, -3.26,  -14868, -0.94
 434,-79.00,  -66836, -2.10,  -53190, -3.35,  -13646, -0.86
 435,-78.00,  -67469, -2.12,  -54744, -3.44,  -12725, -0.80
 436,-77.00,  -69452, -2.19,  -56207, -3.54,  -13245, -0.83
 437,-76.00,  -69066, -2.17,  -56896, -3.58,  -12170, -0.77
 438,-75.00,  -68185, -2.15,  -56851, -3.58,  -11334, -0.71
 439,-74.00,  -66396, -2.09,  -56279, -3.54,  -10117, -0.64
 440,-73.00,  -63381, -1.99,  -55209, -3.47,   -8172, -0.51
 441,-72.00,  -62411, -1.96,  -54289, -3.42,   -8122, -0.51
 442,-71.00,  -61647, -1.94,  -54124, -3.41,   -7523, -0.47
 443,-70.00,  -59399, -1.87,  -54670, -3.44,   -4729, -0.30
 444,-69.00,  -56943, -1.79,  -54045, -3.40,   -2898, -0.18
 445,-68.00,  -56095, -1.76,  -54739, -3.44,   -1356, -0.09
 446,-67.00,  -53707, -1.69,  -54014, -3.40,     307,  0.02
 447,-66.00,  -51614, -1.62,  -52898, -3.33,    1284,  0.08
 448,-65.00,  -48720, -1.53,  -52665, -3.31,    3945,  0.25
 449,-64.00,  -44747, -1.41,  -52313, -3.29,    7566,  0.48
 450,-63.00,  -41869, -1.32,  -50776, -3.20,    8907,  0.56
 451,-62.00,  -39702, -1.25,  -49839, -3.14,   10137,  0.64
 452,-61.00,  -34581, -1.09,  -47863, -3.01,   13282,  0.84
 453,-60.00,  -28751, -0.90,  -45236, -2.85,   16485,  1.04
 454,-59.00,  -25058, -0.79,  -42873, -2.70,   17815,  1.12
 455,-58.00,  -23778, -0.75,  -42753, -2.69,   18975,  1.19
 456,-57.00,  -22361, -0.70,  -43160, -2.72,   20799,  1.31
 457,-56.00,  -19780, -0.62,  -42575, -2.68,   22795,  1.43
 458,-55.00,  -17437, -0.55,  -41207, -2.59,   23770,  1.50
 459,-54.00,  -14762, -0.46,  -40218, -2.53,   25456,  1.60
 460,-53.00,  -12692, -0.40,  -39349, -2.48,   26657,  1.68
 461,-52.00,  -11497, -0.36,  -38835, -2.44,   27338,  1.72
 462,-51.00,  -10169, -0.32,  -38079, -2.40,   27910,  1.76
 463,-50.00,   -7422, -0.23,  -37270, -2.35,   29848,  1.88
 464,-49.00,   -3624, -0.11,  -35734, -2.25,   32110,  2.02
 465,-48.00,    1586,  0.05,  -32876, -2.07,   34462,  2.17
 466,-47.00,    4593,  0.14,  -32076, -2.02,   36669,  2.31
 467,-46.00,    6295,  0.20,  -30347, -1.91,   36642,  2.31
 468,-45.00,    9614,  0.30,  -28083, -1.77,   37697,  2.37
 469,-44.00,   12644,  0.40,  -26113, -1.64,   38757,  2.44
 470,-43.00,   15274,  0.48,  -23532, -1.48,   38806,  2.44
 471,-42.00,   17631,  0.55,  -21635, -1.36,   39266,  2.47
 472,-41.00,   19982,  0.63,  -20161, -1.27,   40143,  2.53
 473,-40.00,   21534,  0.68,  -19424, -1.22,   40958,  2.58
 474,-39.00,   23612,  0.74,  -18005, -1.13,   41617,  2.62
 475,-38.00,   27251,  0.86,  -15639, -0.98,   42890,  2.70
 476,-37.00,   30227,  0.95,  -13437, -0.85,   43664,  2.75
 477,-36.00,   31240,  0.98,  -12548, -0.79,   43788,  2.76
 478,-35.00,   33186,  1.04,  -10666, -0.67,   43852,  2.76
 479,-34.00,   36548,  1.15,   -8901, -0.56,   45449,  2.86
 480,-33.00,   38859,  1.22,   -7407, -0.47,   46266,  2.91
 481,-32.00,   42267,  1.33,   -4524, -0.28,   46791,  2.94
 482,-31.00,   44118,  1.39,   -3359, -0.21,   47477,  2.99
 483,-30.00,   46572,  1.47,   -1234, -0.08,   47806,  3.01
 484,-29.00,   48812,  1.54,    1914,  0.12,   46898,  2.95
 485,-28.00,   51019,  1.61,    5492,  0.35,   45527,  2.86
 486,-27.00,   51127,  1.61,    6608,  0.42,   44519,  2.80
 487,-26.00,   53551,  1.68,    8078,  0.51,   45473,  2.86
 488,-25.00,   55464,  1.75,    9389,  0.59,   46075,  2.90
 489,-24.00,   57738,  1.82,   12091,  0.76,   45647,  2.87
 490,-23.00,   58165,  1.83,   13411,  0.84,   44754,  2.82
 491,-22.00,   58546,  1.84,   14743,  0.93,   43803,  2.76
 492,-21.00,   58602,  1.84,   15519,  0.98,   43083,  2.71
 493,-20.00,   58008,  1.83,   16204,  1.02,   41804,  2.63
 494,-19.00,   58784,  1.85,   18057,  1.14,   40727,  2.56
 495,-18.00,   61104,  1.92,   21209,  1.33,   39895,  2.51
 496,-17.00,   61604,  1.94,   23087,  1.45,   38517,  2.42
 497,-16.00,   62768,  1.97,   25573,  1.61,   37195,  2.34
 498,-15.00,   62644,  1.97,   26020,  1.64,   36624,  2.30
 499,-14.00,   61965,  1.95,   26631,  1.68,   35334,  2.22
 500,-13.00,   62426,  1.96,   27368,  1.72,   35058,  2.21
 501,-12.00,   61535,  1.94,   26982,  1.70,   34553,  2.17
 502,-11.00,   61608,  1.94,   28109,  1.77,   33499,  2.11
 503,-10.00,   60802,  1.91,   28329,  1.78,   32473,  2.04
 504,-9.00,   59814,  1.88,   28150,  1.77,   31664,  1.99
 505,-8.00,   58706,  1.85,   29245,  1.84,   29461,  1.85
 506,-7.00,   58124,  1.83,   31050,  1.95,   27074,  1.70
 507,-6.00,   57523,  1.81,   31482,  1.98,   26041,  1.64
 508,-5.00,   56282,  1.77,   32534,  2.05,   23748,  1.49
 509,-4.00,   55109,  1.73,   32412,  2.04,   22697,  1.43
 510,-3.00,   52601,  1.65,   32187,  2.03,   20414,  1.28
 511,-2.00,   51062,  1.61,   32641,  2.05,   18421,  1.16
 512,-1.00,   48636,  1.53,   32623,  2.05,   16013,  1.01
 513,0.00,   43859,  1.38,   31231,  1.97,   12628,  0.79
 514,1.00,   40338,  1.27,   30191,  1.90,   10147,  0.64
 515,2.00,   39618,  1.25,   30455,  1.92,    9163,  0.58
 516,3.00,   38384,  1.21,   29261,  1.84,    9123,  0.57
 517,4.00,   36049,  1.13,   26863,  1.69,    9186,  0.58
 518,5.00,   35631,  1.12,   26387,  1.66,    9244,  0.58
 519,6.00,   32701,  1.03,   25809,  1.62,    6892,  0.43
 520,7.00,   31692,  1.00,   26390,  1.66,    5302,  0.33
 521,8.00,   31452,  0.99,   26753,  1.68,    4699,  0.30
 522,9.00,   30010,  0.94,   25583,  1.61,    4427,  0.28
 523,10.00,   28089,  0.88,   24282,  1.53,    3807,  0.24
 524,11.00,   26388,  0.83,   22872,  1.44,    3516,  0.22
 525,12.00,   24937,  0.78,   21722,  1.37,    3215,  0.20
 526,13.00,   24102,  0.76,   20367,  1.28,    3735,  0.24
 527,14.00,   24953,  0.79,   19190,  1.21,    5763,  0.36
 528,15.00,   22534,  0.71,   17870,  1.12,    4664,  0.29
 529,16.00,   18878,  0.59,   15568,  0.98,    3310,  0.21
 530,17.00,   14838,  0.47,   11669,  0.73,    3169,  0.20
 531,18.00,   12080,  0.38,    8386,  0.53,    3694,  0.23
 532,19.00,    9610,  0.30,    4765,  0.30,    4845,  0.30
 533,20.00,    6425,  0.20,     682,  0.04,    5743,  0.36
 534,21.00,    2913,  0.09,   -3108, -0.20,    6021,  0.38
 535,22.00,    -368, -0.01,   -6472, -0.41,    6104,  0.38
 536,23.00,   -4448, -0.14,  -10099, -0.64,    5651,  0.36
 537,24.00,   -7892, -0.25,  -13349, -0.84,    5457,  0.34
 538,25.00,  -12952, -0.41,  -17718, -1.11,    4766,  0.30
 539,26.00,  -18305, -0.58,  -22179, -1.40,    3874,  0.24
 540,27.00,  -21722, -0.68,  -25628, -1.61,    3906,  0.25
 541,28.00,  -26166, -0.82,  -28790, -1.81,    2624,  0.17
 542,29.00,  -28482, -0.90,  -31457, -1.98,    2975,  0.19
 543,30.00,  -30561, -0.96,  -33555, -2.11,    2994,  0.19
 544,31.00,  -31205, -0.98,  -35741, -2.25,    4536,  0.29
 545,32.00,  -33512, -1.05,  -38543, -2.43,    5031,  0.32
 546,33.00,  -36512, -1.15,  -41299, -2.60,    4787,  0.30
 547,34.00,  -38817, -1.22,  -43442, -2.73,    4625,  0.29
 548,35.00,  -41812, -1.32,  -45364, -2.85,    3552,  0.22
 549,36.00,  -48232, -1.52,  -49275, -3.10,    1043,  0.07
 550,37.00,  -53261, -1.68,  -52399, -3.30,    -862, -0.05
 551,38.00,  -54258, -1.71,  -53311, -3.35,    -947, -0.06
 552,39.00,  -54891, -1.73,  -54277, -3.42,    -614, -0.04
 553,40.00,  -56887, -1.79,  -56923, -3.58,      36,  0.00
 554,41.00,  -58829, -1.85,  -58675, -3.69,    -154, -0.00
 555,42.00,  -59637, -1.88,  -59242, -3.73,    -395, -0.02
 556,43.00,  -58990, -1.86,  -58160, -3.66,    -830, -0.05
 557,44.00,  -58863, -1.85,  -58212, -3.66,    -651, -0.04
 558,45.00,  -61343, -1.93,  -59917, -3.77,   -1426, -0.09
 559,46.00,  -61725, -1.94,  -59659, -3.75,   -2066, -0.13
 560,47.00,  -61314, -1.93,  -58533, -3.68,   -2781, -0.17
 561,48.00,  -62397, -1.96,  -58617, -3.69,   -3780, -0.24
 562,49.00,  -60947, -1.92,  -57872, -3.64,   -3075, -0.19
 563,50.00,  -56160, -1.77,  -54550, -3.43,   -1610, -0.10
 564,51.00,  -51222, -1.61,  -52326, -3.29,    1104,  0.07
 565,52.00,  -47807, -1.50,  -48814, -3.07,    1007,  0.06
 566,53.00,  -44190, -1.39,  -45240, -2.85,    1050,  0.07
 567,54.00,  -38942, -1.23,  -42545, -2.68,    3603,  0.23
 568,55.00,  -32427, -1.02,  -38255, -2.41,    5828,  0.37
 569,56.00,  -25398, -0.80,  -34225, -2.15,    8827,  0.56
 570,57.00,  -18819, -0.59,  -29708, -1.87,   10889,  0.69
 571,58.00,  -14420, -0.45,  -25899, -1.63,   11479,  0.72
 572,59.00,  -10826, -0.34,  -22541, -1.42,   11715,  0.74
 573,60.00,   -4225, -0.13,  -17388, -1.09,   13163,  0.83
 574,61.00,    4382,  0.14,  -12577, -0.79,   16959,  1.07
 575,62.00,   11463,  0.36,   -8364, -0.53,   19827,  1.25
 576,63.00,   18034,  0.57,   -4279, -0.27,   22313,  1.40
 577,64.00,   23247,  0.73,    -882, -0.06,   24129,  1.52
 578,65.00,   28522,  0.90,    3426,  0.22,   25096,  1.58
 579,66.00,   36673,  1.15,   10483,  0.66,   26190,  1.65
 580,67.00,   43648,  1.37,   16048,  1.01,   27600,  1.74
 581,68.00,   49953,  1.57,   20033,  1.26,   29920,  1.88
 582,69.00,   56329,  1.77,   25083,  1.58,   31246,  1.97
 583,70.00,   60947,  1.92,   29279,  1.84,   31668,  1.99
 584,71.00,   65412,  2.06,   32915,  2.07,   32497,  2.04
 585,72.00,   69445,  2.18,   35576,  2.24,   33869,  2.13
 586,73.00,   74007,  2.33,   39222,  2.47,   34785,  2.19
 587,74.00,   79131,  2.49,   43326,  2.73,   35805,  2.25
 588,75.00,   85123,  2.68,   47777,  3.01,   37346,  2.35
 589,76.00,   90243,  2.84,   49487,  3.11,   40756,  2.56
 590,77.00,   96086,  3.02,   53645,  3.38,   42441,  2.67
 591,78.00,   99200,  3.12,   57104,  3.59,   42096,  2.65
 592,79.00,  101730,  3.20,   59693,  3.76,   42037,  2.65
 593,80.00,  103052,  3.24,   61703,  3.88,   41349,  2.60
 594,81.00,  107182,  3.37,   64238,  4.04,   42944,  2.70
 595,82.00,  110253,  3.47,   67009,  4.22,   43244,  2.72
 596,83.00,  113024,  3.56,   70277,  4.42,   42747,  2.69
 597,84.00,  115580,  3.64,   73057,  4.60,   42523,  2.68
 598,85.00,  117694,  3.70,   75971,  4.78,   41723,  2.63
 599,86.00,  121409,  3.82,   80009,  5.03,   41400,  2.61
 600,87.00,  124788,  3.93,   83995,  5.29,   40793,  2.57
 601,88.00,  126895,  3.99,   87589,  5.51,   39306,  2.47
 602,89.00,  128583,  4.05,   89676,  5.64,   38907,  2.45
 603,90.00,  131157,  4.13,   91760,  5.77,   39397,  2.48
 604,91.00,  130703,  4.11,   93097,  5.86,   37606,  2.37
 605,92.00,  129654,  4.08,   94956,  5.98,   34698,  2.18
 606,93.00,  129862,  4.09,   96075,  6.05,   33787,  2.13
 607,94.00,  130635,  4.11,   96645,  6.08,   33990,  2.14
 608,95.00,  128848,  4.05,   96411,  6.07,   32437,  2.04
 609,96.00,  128052,  4.03,   96893,  6.10,   31159,  1.96
 610,97.00,  126819,  3.99,   97106,  6.11,   29713,  1.87
 611,98.00,  125759,  3.96,   97999,  6.17,   27760,  1.75
 612,99.00,  123707,  3.89,   98125,  6.17,   25582,  1.61
 613,100.00,  121895,  3.84,   98236,  6.18,   23659,  1.49
 614,101.00,  119420,  3.76,   97851,  6.16,   21569,  1.36
 615,102.00,  118443,  3.73,   98483,  6.20,   19960,  1.26
 616,103.00,  117886,  3.71,   98547,  6.20,   19339,  1.22
 617,104.00,  114604,  3.61,   97688,  6.15,   16916,  1.06
 618,105.00,  112399,  3.54,   96624,  6.08,   15775,  0.99
 619,106.00,  110011,  3.46,   94636,  5.95,   15375,  0.97
 620,107.00,  107296,  3.38,   92686,  5.83,   14610,  0.92
 621,108.00,  104313,  3.28,   91691,  5.77,   12622,  0.79
 622,109.00,  101549,  3.19,   90578,  5.70,   10971,  0.69
 623,110.00,   98265,  3.09,   89834,  5.65,    8431,  0.53
 624,111.00,   96210,  3.03,   88274,  5.55,    7936,  0.50
 625,112.00,   93685,  2.95,   87445,  5.50,    6240,  0.39
 626,113.00,   91809,  2.89,   86884,  5.47,    4925,  0.31
 627,114.00,   89166,  2.81,   85364,  5.37,    3802,  0.24
 628,115.00,   86118,  2.71,   82665,  5.20,    3453,  0.22
 629,116.00,   79814,  2.51,   78902,  4.96,     912,  0.06
 630,117.00,   73126,  2.30,   74281,  4.67,   -1155, -0.07
 631,118.00,   67999,  2.14,   69312,  4.36,   -1313, -0.08
 632,119.00,   62735,  1.97,   66641,  4.19,   -3906, -0.25
 633,120.00,   59221,  1.86,   64600,  4.06,   -5379, -0.34
 634,121.00,   55430,  1.74,   62144,  3.91,   -6714, -0.42
 635,122.00,   49852,  1.57,   58489,  3.68,   -8637, -0.54
 636,123.00,   43727,  1.38,   54424,  3.42,  -10697, -0.67
 637,124.00,   36294,  1.14,   49483,  3.11,  -13189, -0.83
 638,125.00,   30093,  0.95,   45213,  2.85,  -15120, -0.95
 639,126.00,   23660,  0.74,   41507,  2.61,  -17847, -1.12
 640,127.00,   14962,  0.47,   37101,  2.33,  -22139, -1.39
 641,128.00,    9170,  0.29,   33022,  2.08,  -23852, -1.50
 642,129.00,    1500,  0.05,   27865,  1.75,  -26365, -1.66
 643,130.00,   -5258, -0.17,   23600,  1.49,  -28858, -1.82
 644,131.00,  -11840, -0.37,   19192,  1.21,  -31032, -1.95
 645,132.00,  -17704, -0.56,   15842,  1.00,  -33546, -2.11
 646,133.00,  -23096, -0.73,   11742,  0.74,  -34838, -2.19
 647,134.00,  -30178, -0.95,    7072,  0.45,  -37250, -2.34
 648,135.00,  -37890, -1.19,    2361,  0.15,  -40251, -2.53
 649,136.00,  -44648, -1.40,   -1628, -0.10,  -43020, -2.71
 650,137.00,  -53018, -1.67,   -5703, -0.36,  -47315, -2.98
 651,138.00,  -60080, -1.89,   -9639, -0.61,  -50441, -3.17
 652,139.00,  -65992, -2.08,  -13839, -0.87,  -52153, -3.28
 653,140.00,  -69468, -2.19,  -16332, -1.03,  -53136, -3.34
 654,141.00,  -75037, -2.36,  -18159, -1.14,  -56878, -3.58
 655,142.00,  -82980, -2.61,  -22397, -1.41,  -60583, -3.81
 656,143.00,  -87347, -2.75,  -24837, -1.56,  -62510, -3.93
 657,144.00,  -93683, -2.95,  -29939, -1.88,  -63744, -4.01
 658,145.00,  -98371, -3.09,  -33943, -2.14,  -64428, -4.05
 659,146.00, -104605, -3.29,  -39053, -2.46,  -65552, -4.12
 660,147.00, -109813, -3.45,  -43412, -2.73,  -66401, -4.18
 661,148.00, -115228, -3.63,  -47550, -2.99,  -67678, -4.26
 662,149.00, -120379, -3.79,  -51266, -3.23,  -69113, -4.35
 663,150.00, -124153, -3.91,  -54456, -3.43,  -69697, -4.39
 664,151.00, -130277, -4.10,  -58900, -3.71,  -71377, -4.49
 665,152.00, -134487, -4.23,  -62924, -3.96,  -71563, -4.50
 666,153.00, -137551, -4.33,  -66494, -4.18,  -71057, -4.47
 667,154.00, -140974, -4.44,  -70905, -4.46,  -70069, -4.41
 668,155.00, -145001, -4.56,  -75392, -4.74,  -69609, -4.38
 669,156.00, -151242, -4.76,  -80506, -5.07,  -70736, -4.45
 670,157.00, -155930, -4.91,  -84762, -5.33,  -71168, -4.48
 671,158.00, -158833, -5.00,  -87506, -5.51,  -71327, -4.49
 672,159.00, -160738, -5.06,  -89338, -5.62,  -71400, -4.49
 673,160.00, -161705, -5.09,  -90226, -5.68,  -71479, -4.50
 674,161.00, -162993, -5.13,  -91279, -5.74,  -71714, -4.51
 675,162.00, -165255, -5.20,  -93493, -5.88,  -71762, -4.52
 676,163.00, -168062, -5.29,  -96150, -6.05,  -71912, -4.53
 677,164.00, -168499, -5.30,  -97129, -6.11,  -71370, -4.49
 678,165.00, -169191, -5.32,  -97797, -6.15,  -71394, -4.49
 679,166.00, -171735, -5.40,  -99286, -6.25,  -72449, -4.56
 680,167.00, -173379, -5.45, -100274, -6.31,  -73105, -4.60
 681,168.00, -175357, -5.52, -100539, -6.33,  -74818, -4.71
 682,169.00, -175382, -5.52,  -98776, -6.22,  -76606, -4.82
 683,170.00, -176455, -5.55,  -98296, -6.19,  -78159, -4.92
 684,171.00, -177978, -5.60,  -98556, -6.20,  -79422, -5.00
 685,172.00, -177093, -5.57,  -98626, -6.21,  -78467, -4.94
 686,173.00, -175661, -5.53,  -96837, -6.09,  -78824, -4.96
 687,174.00, -175447, -5.52,  -95336, -6.00,  -80111, -5.04
 688,175.00, -173757, -5.47,  -92607, -5.83,  -81150, -5.11
 689,176.00, -173560, -5.46,  -91834, -5.78,  -81726, -5.14
 690,177.00, -174305, -5.48,  -92126, -5.80,  -82179, -5.17
 691,178.00, -173994, -5.47,  -91255, -5.74,  -82739, -5.21
 692,179.00, -174662, -5.50,  -90367, -5.69,  -84295, -5.30
 693,180.00, -177809, -5.59,  -91277, -5.74,  -86532, -5.45
 694,181.00, -176448, -5.55,  -89724, -5.65,  -86724, -5.46
 695,182.00, -173915, -5.47,  -87655, -5.52,  -86260, -5.43
 696,183.00, -173579, -5.46,  -85290, -5.37,  -88289, -5.56
 697,184.00, -171632, -5.40,  -82631, -5.20,  -89001, -5.60
 698,185.00, -170340, -5.36,  -80841, -5.09,  -89499, -5.63
 699,186.00, -170288, -5.36,  -79106, -4.98,  -91182, -5.74
 700,187.00, -168692, -5.31,  -77125, -4.85,  -91567, -5.76
 701,188.00, -167347, -5.27,  -75280, -4.74,  -92067, -5.79
 702,189.00, -166018, -5.22,  -73264, -4.61,  -92754, -5.84
 703,190.00, -164457, -5.17,  -72017, -4.53,  -92440, -5.82
 704,191.00, -162377, -5.11,  -69273, -4.36,  -93104, -5.86
 705,192.00, -159879, -5.03,  -65605, -4.13,  -94274, -5.93
 706,193.00, -156597, -4.93,  -63865, -4.02,  -92732, -5.84
 707,194.00, -152506, -4.80,  -61398, -3.86,  -91108, -5.73
 708,195.00, -148790, -4.68,  -59577, -3.75,  -89213, -5.61
 709,196.00, -148189, -4.66,  -60391, -3.80,  -87798, -5.52
 710,197.00, -147382, -4.64,  -61240, -3.85,  -86142, -5.42
 711,198.00, -143345, -4.51,  -58789, -3.70,  -84556, -5.32
 712,199.00, -139373, -4.39,  -56371, -3.55,  -83002, -5.22
 713,200.00, -137590, -4.33,  -54893, -3.45,  -82697, -5.20
 714,201.00, -134970, -4.25,  -53980, -3.40,  -80990, -5.10
 715,202.00, -133089, -4.19,  -54133, -3.41,  -78956, -4.97
 716,203.00, -129816, -4.08,  -52671, -3.31,  -77145, -4.85
 717,204.00, -124291, -3.91,  -50252, -3.16,  -74039, -4.66
 718,205.00, -120181, -3.78,  -48609, -3.06,  -71572, -4.50
 719,206.00, -116084, -3.65,  -45687, -2.87,  -70397, -4.43
 720,207.00, -111066, -3.49,  -41809, -2.63,  -69257, -4.36
 721,208.00, -106530, -3.35,  -39538, -2.49,  -66992, -4.22
 722,209.00, -102767, -3.23,  -36014, -2.27,  -66753, -4.20
 723,210.00,  -97042, -3.05,  -30930, -1.95,  -66112, -4.16
 724,211.00,  -93759, -2.95,  -28069, -1.77,  -65690, -4.13
 725,212.00,  -91598, -2.88,  -27301, -1.72,  -64297, -4.05
 726,213.00,  -88672, -2.79,  -25389, -1.60,  -63283, -3.98
 727,214.00,  -84044, -2.64,  -21508, -1.35,  -62536, -3.94
 728,215.00,  -78366, -2.47,  -17252, -1.09,  -61114, -3.85
 729,216.00,  -74095, -2.33,  -13148, -0.83,  -60947, -3.84
 730,217.00,  -72499, -2.28,  -12171, -0.77,  -60328, -3.80
 731,218.00,  -71466, -2.25,  -12627, -0.79,  -58839, -3.70
 732,219.00,  -69631, -2.19,  -11422, -0.72,  -58209, -3.66
 733,220.00,  -65314, -2.05,   -8691, -0.55,  -56623, -3.56
 734,221.00,  -64782, -2.04,   -9167, -0.58,  -55615, -3.50
 735,222.00,  -65087, -2.05,   -9341, -0.59,  -55746, -3.51
 736,223.00,  -64585, -2.03,   -9332, -0.59,  -55253, -3.48
 737,224.00,  -64303, -2.02,   -8675, -0.55,  -55628, -3.50
 738,225.00,  -64134, -2.02,   -8283, -0.52,  -55851, -3.51
 739,226.00,  -63502, -2.00,   -8474, -0.53,  -55028, -3.46
 740,227.00,  -61171, -1.92,   -7098, -0.45,  -54073, -3.40
 741,228.00,  -60067, -1.89,   -6473, -0.41,  -53594, -3.37
 742,229.00,  -59576, -1.87,   -5481, -0.34,  -54095, -3.40
 743,230.00,  -58626, -1.84,   -3967, -0.25,  -54659, -3.44
 744,231.00,  -55782, -1.76,   -3081, -0.19,  -52701, -3.32
 745,232.00,  -52184, -1.64,   -1499, -0.09,  -50685, -3.19
 746,233.00,  -50603, -1.59,   -1186, -0.07,  -49417, -3.11
 747,234.00,  -50688, -1.59,   -1502, -0.09,  -49186, -3.10
 748,235.00,  -50694, -1.59,   -1352, -0.09,  -49342, -3.10
 749,236.00,  -51541, -1.62,   -1066, -0.07,  -50475, -3.18
 750,237.00,  -53121, -1.67,   -1380, -0.09,  -51741, -3.26
 751,238.00,  -52703, -1.66,    -763, -0.05,  -51940, -3.27
 752,239.00,  -54132, -1.70,   -1034, -0.07,  -53098, -3.34
 753,240.00,  -56022, -1.76,   -3016, -0.19,  -53006, -3.34
 754,241.00,  -56705, -1.78,   -4792, -0.30,  -51913, -3.27
 755,242.00,  -58389, -1.84,   -6437, -0.41,  -51952, -3.27
 756,243.00,  -58955, -1.85,   -7558, -0.48,  -51397, -3.23
 757,244.00,  -59227, -1.86,   -7781, -0.49,  -51446, -3.24
 758,245.00,  -59764, -1.88,   -7892, -0.50,  -51872, -3.26
 759,246.00,  -60829, -1.91,   -8999, -0.57,  -51830, -3.26
 760,247.00,  -61551, -1.94,   -9830, -0.62,  -51721, -3.25
 761,248.00,  -61735, -1.94,  -10712, -0.67,  -51023, -3.21
 762,249.00,  -65251, -2.05,  -12993, -0.82,  -52258, -3.29
 763,250.00,  -66773, -2.10,  -13377, -0.84,  -53396, -3.36
 764,251.00,  -67640, -2.13,  -13758, -0.87,  -53882, -3.39
 765,252.00,  -67664, -2.13,  -13461, -0.85,  -54203, -3.41
 766,253.00,  -67422, -2.12,  -13698, -0.86,  -53724, -3.38
 767,254.00,  -67437, -2.12,  -13770, -0.87,  -53667, -3.38
 768,255.00,  -66294, -2.09,  -13135, -0.83,  -53159, -3.35
 769,256.00,  -65335, -2.06,  -13435, -0.85,  -51900, -3.27
 770,257.00,  -65762, -2.07,  -13835, -0.87,  -51927, -3.27
 771,258.00,  -64338, -2.02,  -13142, -0.83,  -51196, -3.22
 772,259.00,  -66242, -2.08,  -14483, -0.91,  -51759, -3.26
 773,260.00,  -67479, -2.12,  -15550, -0.98,  -51929, -3.27
 774,261.00,  -68422, -2.15,  -16059, -1.01,  -52363, -3.29
 775,262.00,  -70219, -2.21,  -17828, -1.12,  -52391, -3.30
 776,263.00,  -71930, -2.26,  -19305, -1.21,  -52625, -3.31
 777,264.00,  -73532, -2.31,  -20689, -1.30,  -52843, -3.33
 778,265.00,  -74656, -2.35,  -21777, -1.37,  -52879, -3.33
 779,266.00,  -75665, -2.38,  -23522, -1.48,  -52143, -3.28
 780,267.00,  -76816, -2.42,  -25400, -1.60,  -51416, -3.24
 781,268.00,  -77707, -2.44,  -27161, -1.71,  -50546, -3.18
 782,269.00,  -77644, -2.44,  -27039, -1.70,  -50605, -3.18
 783,270.00,  -76698, -2.41,  -27979, -1.76,  -48719, -3.07
 784,271.00,  -78541, -2.47,  -30598, -1.93,  -47943, -3.02
 785,272.00,  -78223, -2.46,  -31474, -1.98,  -46749, -2.94
 786,273.00,  -78001, -2.45,  -31636, -1.99,  -46365, -2.92
 787,274.00,  -78191, -2.46,  -33077, -2.08,  -45114, -2.84
 788,275.00,  -78108, -2.46,  -32735, -2.06,  -45373, -2.86
 789,276.00,  -77698, -2.44,  -33219, -2.09,  -44479, -2.80
 790,277.00,  -76272, -2.40,  -32630, -2.05,  -43642, -2.75
 791,278.00,  -74004, -2.33,  -31797, -2.00,  -42207, -2.66
 792,279.00,  -72006, -2.27,  -31348, -1.97,  -40658, -2.56
 793,280.00,  -69045, -2.17,  -30631, -1.93,  -38414, -2.42
 794,281.00,  -66315, -2.09,  -29057, -1.83,  -37258, -2.34
 795,282.00,  -62482, -1.97,  -26589, -1.67,  -35893, -2.26
 796,283.00,  -58730, -1.85,  -24618, -1.55,  -34112, -2.15
 797,284.00,  -54994, -1.73,  -23780, -1.50,  -31214, -1.96
 798,285.00,  -52424, -1.65,  -23689, -1.49,  -28735, -1.81
 799,286.00,  -49728, -1.56,  -22839, -1.44,  -26889, -1.69
 800,287.00,  -46632, -1.47,  -21803, -1.37,  -24829, -1.56
 801,288.00,  -43558, -1.37,  -19746, -1.24,  -23812, -1.50
 802,289.00,  -38731, -1.22,  -17192, -1.08,  -21539, -1.36
 803,290.00,  -34965, -1.10,  -14691, -0.92,  -20274, -1.28
 804,291.00,  -33299, -1.05,  -13646, -0.86,  -19653, -1.24
 805,292.00,  -31642, -1.00,  -12928, -0.81,  -18714, -1.18
 806,293.00,  -28771, -0.91,  -11771, -0.74,  -17000, -1.07
 807,294.00,  -25340, -0.80,   -9969, -0.63,  -15371, -0.97
 808,295.00,  -19580, -0.62,   -7422, -0.47,  -12158, -0.77
 809,296.00,  -15009, -0.47,   -5480, -0.34,   -9529, -0.60
 810,297.00,  -10668, -0.34,   -2807, -0.18,   -7861, -0.49
 811,298.00,   -5753, -0.18,    -200, -0.01,   -5553, -0.35
 812,299.00,   -2577, -0.08,    1178,  0.07,   -3755, -0.24
 813,300.00,   -1107, -0.03,    2579,  0.16,   -3686, -0.23
 814,301.00,    1584,  0.05,    4358,  0.27,   -2774, -0.17
 815,302.00,    5658,  0.18,    7272,  0.46,   -1614, -0.10
 816,303.00,    9235,  0.29,    9821,  0.62,    -586, -0.04
 817,304.00,   11742,  0.37,   10874,  0.68,     868,  0.05
 818,305.00,   14655,  0.46,   11412,  0.72,    3243,  0.20
 819,306.00,   17057,  0.54,   11794,  0.74,    5263,  0.33
 820,307.00,   19947,  0.63,   13621,  0.86,    6326,  0.40
 821,308.00,   22573,  0.71,   15287,  0.96,    7286,  0.46
 822,309.00,   26453,  0.83,   16275,  1.02,   10178,  0.64
 823,310.00,   30036,  0.95,   18569,  1.17,   11467,  0.72
 824,311.00,   32829,  1.03,   20185,  1.27,   12644,  0.80
 825,312.00,   36052,  1.13,   22423,  1.41,   13629,  0.86
 826,313.00,   40552,  1.28,   24645,  1.55,   15907,  1.00
 827,314.00,   43661,  1.37,   26524,  1.67,   17137,  1.08
 828,315.00,   44232,  1.39,   27016,  1.70,   17216,  1.08
 829,316.00,   44199,  1.39,   25574,  1.61,   18625,  1.17
 830,317.00,   43999,  1.38,   25458,  1.60,   18541,  1.17
 831,318.00,   45848,  1.44,   26380,  1.66,   19468,  1.23
 832,319.00,   48804,  1.54,   26973,  1.70,   21831,  1.37
 833,320.00,   52371,  1.65,   29058,  1.83,   23313,  1.47
 834,321.00,   55158,  1.74,   31028,  1.95,   24130,  1.52
 835,322.00,   56282,  1.77,   32313,  2.03,   23969,  1.51
 836,323.00,   56962,  1.79,   33365,  2.10,   23597,  1.48
 837,324.00,   57743,  1.82,   34325,  2.16,   23418,  1.47
 838,325.00,   60518,  1.90,   35461,  2.23,   25057,  1.58
 839,326.00,   61371,  1.93,   34978,  2.20,   26393,  1.66
 840,327.00,   61166,  1.92,   34524,  2.17,   26642,  1.68
 841,328.00,   62818,  1.98,   35011,  2.20,   27807,  1.75
 842,329.00,   65012,  2.05,   35465,  2.23,   29547,  1.86
 843,330.00,   65480,  2.06,   34598,  2.18,   30882,  1.94
 844,331.00,   65634,  2.07,   34164,  2.15,   31470,  1.98
 845,332.00,   67312,  2.12,   35407,  2.23,   31905,  2.01
 846,333.00,   66571,  2.09,   35517,  2.23,   31054,  1.95
 847,334.00,   68236,  2.15,   36709,  2.31,   31527,  1.98
 848,335.00,   71412,  2.25,   37104,  2.33,   34308,  2.16
 849,336.00,   73061,  2.30,   36694,  2.31,   36367,  2.29
 850,337.00,   72839,  2.29,   36014,  2.27,   36825,  2.32
 851,338.00,   71938,  2.26,   35133,  2.21,   36805,  2.32
 852,339.00,   70999,  2.23,   33843,  2.13,   37156,  2.34
 853,340.00,   71527,  2.25,   34599,  2.18,   36928,  2.32
 854,341.00,   72758,  2.29,   36456,  2.29,   36302,  2.28
 855,342.00,   72781,  2.29,   37528,  2.36,   35253,  2.22
 856,343.00,   73256,  2.30,   38194,  2.40,   35062,  2.21
 857,344.00,   73941,  2.33,   38232,  2.41,   35709,  2.25
 858,345.00,   72692,  2.29,   37694,  2.37,   34998,  2.20
 859,346.00,   70410,  2.22,   35823,  2.25,   34587,  2.18
 860,347.00,   68061,  2.14,   34677,  2.18,   33384,  2.10
 861,348.00,   66174,  2.08,   32667,  2.06,   33507,  2.11
 862,349.00,   65462,  2.06,   32027,  2.02,   33435,  2.10
 863,350.00,   66356,  2.09,   32551,  2.05,   33805,  2.13
 864,351.00,   66326,  2.09,   32033,  2.02,   34293,  2.16
 865,352.00,   65477,  2.06,   30957,  1.95,   34520,  2.17
 866,353.00,   64385,  2.03,   30069,  1.89,   34316,  2.16
 867,354.00,   63751,  2.01,   29847,  1.88,   33904,  2.13
 868,355.00,   64824,  2.04,   29831,  1.88,   34993,  2.20
 869,356.00,   62829,  1.98,   27406,  1.72,   35423,  2.23
 870,357.00,   61531,  1.94,   25890,  1.63,   35641,  2.24
 871,358.00,   60358,  1.90,   25212,  1.59,   35146,  2.21
 872,359.00,   59732,  1.88,   24747,  1.56,   34985,  2.20
 873,360.00,   59444,  1.87,   23706,  1.49,   35738,  2.25
 874,361.00,   57851,  1.82,   21718,  1.37,   36133,  2.27
 875,362.00,   57108,  1.80,   21343,  1.34,   35765,  2.25
 876,363.00,   57570,  1.81,   20635,  1.30,   36935,  2.32
 877,364.00,   55523,  1.75,   18700,  1.18,   36823,  2.32
 878,365.00,   53482,  1.68,   18410,  1.16,   35072,  2.21
 879,366.00,   51231,  1.61,   17841,  1.12,   33390,  2.10
 880,367.00,   50864,  1.60,   17601,  1.11,   33263,  2.09
 881,368.00,   49188,  1.55,   17253,  1.09,   31935,  2.01
 882,369.00,   48462,  1.52,   17262,  1.09,   31200,  1.96
 883,370.00,   46934,  1.48,   16989,  1.07,   29945,  1.88
 884,371.00,   44618,  1.40,   15874,  1.00,   28744,  1.81
 885,372.00,   39940,  1.26,   14234,  0.90,   25706,  1.62
 886,373.00,   34174,  1.08,   10943,  0.69,   23231,  1.46
 887,374.00,   31940,  1.00,   10189,  0.64,   21751,  1.37
 888,375.00,   31786,  1.00,   11447,  0.72,   20339,  1.28
 889,376.00,   30493,  0.96,   11328,  0.71,   19165,  1.21
 890,377.00,   30732,  0.97,   12227,  0.77,   18505,  1.16
 891,378.00,   29877,  0.94,   13312,  0.84,   16565,  1.04
 892,379.00,   28499,  0.90,   13420,  0.84,   15079,  0.95
 893,380.00,   24060,  0.76,   11934,  0.75,   12126,  0.76
 894,381.00,   19736,  0.62,    9956,  0.63,    9780,  0.62
 895,382.00,   16579,  0.52,    6661,  0.42,    9918,  0.62
 896,383.00,   15044,  0.47,    5676,  0.36,    9368,  0.59
 897,384.00,   14168,  0.45,    5111,  0.32,    9057,  0.57
 898,385.00,   14373,  0.45,    4732,  0.30,    9641,  0.61
 899,386.00,   15011,  0.47,    5101,  0.32,    9910,  0.62
 900,387.00,   12069,  0.38,    2958,  0.19,    9111,  0.57
 901,388.00,   11132,  0.35,    2146,  0.14,    8986,  0.57
 902,389.00,   11161,  0.35,    1100,  0.07,   10061,  0.63
 903,390.00,   11218,  0.35,     -95, -0.00,   11313,  0.71
 904,391.00,    9459,  0.30,   -1344, -0.08,   10803,  0.68
 905,392.00,    8101,  0.25,    -930, -0.06,    9031,  0.57
 906,393.00,    7236,  0.23,    -602, -0.04,    7838,  0.49
 907,394.00,    7683,  0.24,    -486, -0.03,    8169,  0.51
 908,395.00,    7893,  0.25,    -575, -0.04,    8468,  0.53
 909,396.00,    8357,  0.26,    1231,  0.08,    7126,  0.45
 910,397.00,    8030,  0.25,    1722,  0.11,    6308,  0.40
 911,398.00,    6943,  0.22,    1453,  0.09,    5490,  0.35
 912,399.00,    7343,  0.23,    1100,  0.07,    6243,  0.39
 913,400.00,    8256,  0.26,    2556,  0.16,    5700,  0.36
 914,401.00,    8391,  0.26,    3613,  0.23,    4778,  0.30
 915,402.00,    8893,  0.28,    5158,  0.32,    3735,  0.24
 916,403.00,    8762,  0.28,    6529,  0.41,    2233,  0.14
 917,404.00,    7234,  0.23,    6995,  0.44,     239,  0.02
 918,405.00,    5008,  0.16,    6767,  0.43,   -1759, -0.11
 919,406.00,    4097,  0.13,    7162,  0.45,   -3065, -0.19
 920,407.00,    4524,  0.14,    8429,  0.53,   -3905, -0.25
 921,408.00,    3184,  0.10,   10206,  0.64,   -7022, -0.44
 922,409.00,    -586, -0.02,    9758,  0.61,  -10344, -0.65
 923,410.00,   -2556, -0.08,   10001,  0.63,  -12557, -0.79
 924,411.00,   -4407, -0.14,    9591,  0.60,  -13998, -0.88
 925,412.00,   -6331, -0.20,    9015,  0.57,  -15346, -0.97
 926,413.00,   -7778, -0.24,    9567,  0.60,  -17345, -1.09
 927,414.00,   -8531, -0.27,   10476,  0.66,  -19007, -1.20
 928,415.00,   -8123, -0.26,   11338,  0.71,  -19461, -1.22
 929,416.00,   -8068, -0.25,   12636,  0.80,  -20704, -1.30
 930,417.00,   -7881, -0.25,   14590,  0.92,  -22471, -1.41
 931,418.00,   -6762, -0.21,   16615,  1.05,  -23377, -1.47
 932,419.00,   -6275, -0.20,   17663,  1.11,  -23938, -1.51
 933,420.00,   -9059, -0.29,   15792,  0.99,  -24851, -1.56
 934,421.00,   -9412, -0.30,   15609,  0.98,  -25021, -1.57
 935,422.00,   -7406, -0.23,   16357,  1.03,  -23763, -1.50
 936,423.00,   -6497, -0.20,   17193,  1.08,  -23690, -1.49
 937,424.00,   -4987, -0.16,   18101,  1.14,  -23088, -1.45
 938,425.00,   -3812, -0.12,   18886,  1.19,  -22698, -1.43
 939,426.00,   -4131, -0.13,   18558,  1.17,  -22689, -1.43
 940,427.00,   -3787, -0.12,   17783,  1.12,  -21570, -1.36
 941,428.00,   -3011, -0.09,   17007,  1.07,  -20018, -1.26
 942,429.00,   -1033, -0.03,   18231,  1.15,  -19264, -1.21
 943,430.00,     730,  0.02,   19708,  1.24,  -18978, -1.19
 944,431.00,    2845,  0.09,   21340,  1.34,  -18495, -1.16
 945,432.00,    4053,  0.13,   21343,  1.34,  -17290, -1.09
 946,433.00,    3140,  0.10,   20292,  1.28,  -17152, -1.08
 947,434.00,    2540,  0.08,   20057,  1.26,  -17517, -1.10
 948,435.00,    1217,  0.04,   20406,  1.28,  -19189, -1.21
 949,436.00,     690,  0.02,   19133,  1.20,  -18443, -1.16
 950,437.00,     582,  0.02,   17284,  1.09,  -16702, -1.05
 951,438.00,    2565,  0.08,   17336,  1.09,  -14771, -0.93
 952,439.00,    3877,  0.12,   17032,  1.07,  -13155, -0.83
 953,440.00,    4831,  0.15,   16401,  1.03,  -11570, -0.73
 954,441.00,    5337,  0.17,   16546,  1.04,  -11209, -0.71
 955,442.00,    5541,  0.17,   15537,  0.98,   -9996, -0.63
 956,443.00,    6713,  0.21,   14643,  0.92,   -7930, -0.50
 957,444.00,    8021,  0.25,   14444,  0.91,   -6423, -0.40
 958,445.00,    7850,  0.25,   12782,  0.80,   -4932, -0.31
 959,446.00,    8212,  0.26,   11195,  0.70,   -2983, -0.19
 960,447.00,    9141,  0.29,   10184,  0.64,   -1043, -0.07
 961,448.00,   11554,  0.36,   10126,  0.64,    1428,  0.09
 962,449.00,   11249,  0.35,    7714,  0.49,    3535,  0.22
 963,450.00,   10565,  0.33,    5125,  0.32,    5440,  0.34
 964,451.00,   11557,  0.36,    3185,  0.20,    8372,  0.53
 965,452.00,   12727,  0.40,    2340,  0.15,   10387,  0.65
 966,453.00,   14920,  0.47,    3089,  0.19,   11831,  0.74
 967,454.00,   15736,  0.50,    2929,  0.18,   12807,  0.81
 968,455.00,   14692,  0.46,    1102,  0.07,   13590,  0.86
 969,456.00,   15299,  0.48,     134,  0.00,   15165,  0.95
 970,457.00,   15214,  0.48,    -527, -0.03,   15741,  0.99
 971,458.00,   15070,  0.47,    -689, -0.04,   15759,  0.99
 972,459.00,   14969,  0.47,   -1424, -0.09,   16393,  1.03
 973,460.00,   15411,  0.48,   -2546, -0.16,   17957,  1.13
 974,461.00,   15348,  0.48,   -2001, -0.13,   17349,  1.09
 975,462.00,   12927,  0.41,   -3429, -0.22,   16356,  1.03
 976,463.00,   12104,  0.38,   -4211, -0.26,   16315,  1.03
 977,464.00,   12115,  0.38,   -5152, -0.32,   17267,  1.09
 978,465.00,    9758,  0.31,   -7238, -0.46,   16996,  1.07
 979,466.00,    6921,  0.22,   -8818, -0.55,   15739,  0.99
 980,467.00,    3487,  0.11,  -10622, -0.67,   14109,  0.89
 981,468.00,     876,  0.03,  -12635, -0.80,   13511,  0.85
 982,469.00,    -369, -0.01,  -14014, -0.88,   13645,  0.86
 983,470.00,   -2029, -0.06,  -15618, -0.98,   13589,  0.86
 984,471.00,   -3611, -0.11,  -18438, -1.16,   14827,  0.93
 985,472.00,   -5547, -0.17,  -21257, -1.34,   15710,  0.99
 986,473.00,   -7677, -0.24,  -22486, -1.41,   14809,  0.93
 987,474.00,  -10067, -0.32,  -23815, -1.50,   13748,  0.87
 988,475.00,  -12163, -0.38,  -26187, -1.65,   14024,  0.88
 989,476.00,  -16107, -0.51,  -29044, -1.83,   12937,  0.81
 990,477.00,  -18369, -0.58,  -30525, -1.92,   12156,  0.76
 991,478.00,  -20431, -0.64,  -31757, -2.00,   11326,  0.71
 992,479.00,  -22966, -0.72,  -32796, -2.06,    9830,  0.62
 993,480.00,  -23827, -0.75,  -31558, -1.99,    7731,  0.49
 994,481.00,  -25622, -0.81,  -32386, -2.04,    6764,  0.43
 995,482.00,  -26303, -0.83,  -33225, -2.09,    6922,  0.44
 996,483.00,  -25487, -0.80,  -33466, -2.11,    7979,  0.50
 997,484.00,  -26889, -0.85,  -34560, -2.17,    7671,  0.48
 998,485.00,  -26414, -0.83,  -33867, -2.13,    7453,  0.47
 999,486.00,  -26450, -0.83,  -32742, -2.06,    6292,  0.40
1000,487.00,  -27542, -0.87,  -32073, -2.02,    4531,  0.29
1001,488.00,  -28868, -0.91,  -32681, -2.06,    3813,  0.24
1002,489.00,  -28918, -0.91,  -33059, -2.08,    4141,  0.26
1003,490.00,  -31697, -1.00,  -34798, -2.19,    3101,  0.20
1004,491.00,  -34505, -1.09,  -36919, -2.32,    2414,  0.15
1005,492.00,  -33661, -1.06,  -37405, -2.35,    3744,  0.24
1006,493.00,  -33853, -1.07,  -38381, -2.42,    4528,  0.28
1007,494.00,  -36012, -1.13,  -39589, -2.49,    3577,  0.23
1008,495.00,  -37383, -1.18,  -40127, -2.52,    2744,  0.17
1009,496.00,  -39680, -1.25,  -40592, -2.55,     912,  0.06
1010,497.00,  -41574, -1.31,  -40705, -2.56,    -869, -0.05
1011,498.00,  -41800, -1.32,  -40743, -2.56,   -1057, -0.07
1012,499.00,  -41507, -1.31,  -40566, -2.55,    -941, -0.06
1013,500.00,  -40947, -1.29,  -39809, -2.50,   -1138, -0.07
1014,501.00,  -40695, -1.28,  -38462, -2.42,   -2233, -0.14
1015,502.00,  -40970, -1.29,  -38280, -2.41,   -2690, -0.17
1016,503.00,  -41373, -1.30,  -38441, -2.42,   -2932, -0.18
1017,504.00,  -40118, -1.26,  -38247, -2.41,   -1871, -0.12
1018,505.00,  -39280, -1.24,  -36446, -2.29,   -2834, -0.18
1019,506.00,  -38557, -1.21,  -34717, -2.18,   -3840, -0.24
1020,507.00,  -36572, -1.15,  -32855, -2.07,   -3717, -0.23
1021,508.00,  -34794, -1.09,  -30477, -1.92,   -4317, -0.27
1022,509.00,  -33738, -1.06,  -28658, -1.80,   -5080, -0.32
1023,510.00,  -32123, -1.01,  -26831, -1.69,   -5292, -0.33
1024,511.00,  -30623, -0.96,  -25207, -1.59,   -5416, -0.34
