-----------------------------------------------------------------------------------
Identifier:,IHS5922-20183101
File Name:,MPRP70A.5
Ear:,R
Channel:,1
Intensity:,70 dB HL
Stim. Rate:,  1.10/s
Stim. Mode:,0
Sweeps:,183
Artifacts:,63
Smp. Period:,1000.00 us
Amp. Gain:, 50.00 K
Low Pass:, 30.00 Hz
High Pass:,  1.00 Hz
Notch Filter:,TRUE
Stimulus:,100
Stim. Freq.:,1000 Hz
Stim. Dur.:,2000 pnts
Masking:,0 dB SPL
Stim. Point:,513
-----------------------------------------------------------------------------------
Peak Information:,Label,Peak(+),Peak(+)(ms),Peak(-),Peak(-)(ms)
,17, 577,64.00, 597,84.00,
,20, 690,177.00, 812,299.00,
,19, 626,113.00, 690,177.00,
,18, 597,84.00, 626,113.00,
-----------------------------------------------------------------------------------


Data Pnt:,Data Pnt(ms):,Average:,Average(uV):,Buffer1:,Buffer1(uV):,Buffer2:,Buffer2(uV):
   1,-512.00,       0,  0.00,       0,  0.00,       0,  0.00
   2,-511.00,       0,  0.00,       0,  0.00,       0,  0.00
   3,-510.00,       0,  0.00,       0,  0.00,       0,  0.00
   4,-509.00,       0,  0.00,       0,  0.00,       0,  0.00
   5,-508.00,       0,  0.00,       0,  0.00,       0,  0.00
   6,-507.00,       0,  0.00,       0,  0.00,       0,  0.00
   7,-506.00,       0,  0.00,       0,  0.00,       0,  0.00
   8,-505.00,       0,  0.00,       0,  0.00,       0,  0.00
   9,-504.00,       0,  0.00,       0,  0.00,       0,  0.00
  10,-503.00,       0,  0.00,       0,  0.00,       0,  0.00
  11,-502.00,       0,  0.00,       0,  0.00,       0,  0.00
  12,-501.00,       0,  0.00,       0,  0.00,       0,  0.00
  13,-500.00,       0,  0.00,       0,  0.00,       0,  0.00
  14,-499.00,       0,  0.00,       0,  0.00,       0,  0.00
  15,-498.00,       0,  0.00,       0,  0.00,       0,  0.00
  16,-497.00,       0,  0.00,       0,  0.00,       0,  0.00
  17,-496.00,       0,  0.00,       0,  0.00,       0,  0.00
  18,-495.00,       0,  0.00,       0,  0.00,       0,  0.00
  19,-494.00,       0,  0.00,       0,  0.00,       0,  0.00
  20,-493.00,       0,  0.00,       0,  0.00,       0,  0.00
  21,-492.00,       0,  0.00,       0,  0.00,       0,  0.00
  22,-491.00,       0,  0.00,       0,  0.00,       0,  0.00
  23,-490.00,       0,  0.00,       0,  0.00,       0,  0.00
  24,-489.00,       0,  0.00,       0,  0.00,       0,  0.00
  25,-488.00,       0,  0.00,       0,  0.00,       0,  0.00
  26,-487.00,       0,  0.00,       0,  0.00,       0,  0.00
  27,-486.00,       0,  0.00,       0,  0.00,       0,  0.00
  28,-485.00,       0,  0.00,       0,  0.00,       0,  0.00
  29,-484.00,       0,  0.00,       0,  0.00,       0,  0.00
  30,-483.00,       0,  0.00,       0,  0.00,       0,  0.00
  31,-482.00,       0,  0.00,       0,  0.00,       0,  0.00
  32,-481.00,       0,  0.00,       0,  0.00,       0,  0.00
  33,-480.00,       0,  0.00,       0,  0.00,       0,  0.00
  34,-479.00,       0,  0.00,       0,  0.00,       0,  0.00
  35,-478.00,       0,  0.00,       0,  0.00,       0,  0.00
  36,-477.00,       0,  0.00,       0,  0.00,       0,  0.00
  37,-476.00,       0,  0.00,       0,  0.00,       0,  0.00
  38,-475.00,       0,  0.00,       0,  0.00,       0,  0.00
  39,-474.00,       0,  0.00,       0,  0.00,       0,  0.00
  40,-473.00,       0,  0.00,       0,  0.00,       0,  0.00
  41,-472.00,       0,  0.00,       0,  0.00,       0,  0.00
  42,-471.00,       0,  0.00,       0,  0.00,       0,  0.00
  43,-470.00,       0,  0.00,       0,  0.00,       0,  0.00
  44,-469.00,       0,  0.00,       0,  0.00,       0,  0.00
  45,-468.00,       0,  0.00,       0,  0.00,       0,  0.00
  46,-467.00,       0,  0.00,       0,  0.00,       0,  0.00
  47,-466.00,       0,  0.00,       0,  0.00,       0,  0.00
  48,-465.00,       0,  0.00,       0,  0.00,       0,  0.00
  49,-464.00,       0,  0.00,       0,  0.00,       0,  0.00
  50,-463.00,       0,  0.00,       0,  0.00,       0,  0.00
  51,-462.00,       0,  0.00,       0,  0.00,       0,  0.00
  52,-461.00,       0,  0.00,       0,  0.00,       0,  0.00
  53,-460.00,       0,  0.00,       0,  0.00,       0,  0.00
  54,-459.00,       0,  0.00,       0,  0.00,       0,  0.00
  55,-458.00,       0,  0.00,       0,  0.00,       0,  0.00
  56,-457.00,       0,  0.00,       0,  0.00,       0,  0.00
  57,-456.00,       0,  0.00,       0,  0.00,       0,  0.00
  58,-455.00,       0,  0.00,       0,  0.00,       0,  0.00
  59,-454.00,       0,  0.00,       0,  0.00,       0,  0.00
  60,-453.00,       0,  0.00,       0,  0.00,       0,  0.00
  61,-452.00,       0,  0.00,       0,  0.00,       0,  0.00
  62,-451.00,       0,  0.00,       0,  0.00,       0,  0.00
  63,-450.00,       0,  0.00,       0,  0.00,       0,  0.00
  64,-449.00,       0,  0.00,       0,  0.00,       0,  0.00
  65,-448.00,       0,  0.00,       0,  0.00,       0,  0.00
  66,-447.00,       0,  0.00,       0,  0.00,       0,  0.00
  67,-446.00,       0,  0.00,       0,  0.00,       0,  0.00
  68,-445.00,       0,  0.00,       0,  0.00,       0,  0.00
  69,-444.00,       0,  0.00,       0,  0.00,       0,  0.00
  70,-443.00,       0,  0.00,       0,  0.00,       0,  0.00
  71,-442.00,       0,  0.00,       0,  0.00,       0,  0.00
  72,-441.00,       0,  0.00,       0,  0.00,       0,  0.00
  73,-440.00,       0,  0.00,       0,  0.00,       0,  0.00
  74,-439.00,       0,  0.00,       0,  0.00,       0,  0.00
  75,-438.00,       0,  0.00,       0,  0.00,       0,  0.00
  76,-437.00,       0,  0.00,       0,  0.00,       0,  0.00
  77,-436.00,       0,  0.00,       0,  0.00,       0,  0.00
  78,-435.00,       0,  0.00,       0,  0.00,       0,  0.00
  79,-434.00,       0,  0.00,       0,  0.00,       0,  0.00
  80,-433.00,       0,  0.00,       0,  0.00,       0,  0.00
  81,-432.00,       0,  0.00,       0,  0.00,       0,  0.00
  82,-431.00,       0,  0.00,       0,  0.00,       0,  0.00
  83,-430.00,       0,  0.00,       0,  0.00,       0,  0.00
  84,-429.00,       0,  0.00,       0,  0.00,       0,  0.00
  85,-428.00,       0,  0.00,       0,  0.00,       0,  0.00
  86,-427.00,       0,  0.00,       0,  0.00,       0,  0.00
  87,-426.00,       0,  0.00,       0,  0.00,       0,  0.00
  88,-425.00,       0,  0.00,       0,  0.00,       0,  0.00
  89,-424.00,       0,  0.00,       0,  0.00,       0,  0.00
  90,-423.00,       0,  0.00,       0,  0.00,       0,  0.00
  91,-422.00,       0,  0.00,       0,  0.00,       0,  0.00
  92,-421.00,       0,  0.00,       0,  0.00,       0,  0.00
  93,-420.00,       0,  0.00,       0,  0.00,       0,  0.00
  94,-419.00,       0,  0.00,       0,  0.00,       0,  0.00
  95,-418.00,       0,  0.00,       0,  0.00,       0,  0.00
  96,-417.00,       0,  0.00,       0,  0.00,       0,  0.00
  97,-416.00,       0,  0.00,       0,  0.00,       0,  0.00
  98,-415.00,       0,  0.00,       0,  0.00,       0,  0.00
  99,-414.00,       0,  0.00,       0,  0.00,       0,  0.00
 100,-413.00,       0,  0.00,       0,  0.00,       0,  0.00
 101,-412.00,       0,  0.00,       0,  0.00,       0,  0.00
 102,-411.00,       0,  0.00,       0,  0.00,       0,  0.00
 103,-410.00,       0,  0.00,       0,  0.00,       0,  0.00
 104,-409.00,       0,  0.00,       0,  0.00,       0,  0.00
 105,-408.00,       0,  0.00,       0,  0.00,       0,  0.00
 106,-407.00,       0,  0.00,       0,  0.00,       0,  0.00
 107,-406.00,       0,  0.00,       0,  0.00,       0,  0.00
 108,-405.00,       0,  0.00,       0,  0.00,       0,  0.00
 109,-404.00,       0,  0.00,       0,  0.00,       0,  0.00
 110,-403.00,       0,  0.00,       0,  0.00,       0,  0.00
 111,-402.00,       0,  0.00,       0,  0.00,       0,  0.00
 112,-401.00,       0,  0.00,       0,  0.00,       0,  0.00
 113,-400.00,       0,  0.00,       0,  0.00,       0,  0.00
 114,-399.00,       0,  0.00,       0,  0.00,       0,  0.00
 115,-398.00,       0,  0.00,       0,  0.00,       0,  0.00
 116,-397.00,   10721,  0.36,  -33778, -2.24,   44499,  2.95
 117,-396.00,   10403,  0.35,  -34674, -2.30,   45077,  2.99
 118,-395.00,   10107,  0.34,  -35794, -2.37,   45901,  3.05
 119,-394.00,   10050,  0.34,  -36680, -2.43,   46730,  3.10
 120,-393.00,   10151,  0.34,  -37641, -2.50,   47792,  3.17
 121,-392.00,    9734,  0.32,  -38371, -2.55,   48105,  3.19
 122,-391.00,    9394,  0.31,  -38949, -2.58,   48343,  3.21
 123,-390.00,    8948,  0.30,  -39743, -2.64,   48691,  3.23
 124,-389.00,    8186,  0.27,  -40203, -2.67,   48389,  3.21
 125,-388.00,    7063,  0.24,  -40758, -2.70,   47821,  3.17
 126,-387.00,    6041,  0.20,  -41299, -2.74,   47340,  3.14
 127,-386.00,    5451,  0.18,  -41958, -2.78,   47409,  3.15
 128,-385.00,    4449,  0.15,  -42702, -2.83,   47151,  3.13
 129,-384.00,    3818,  0.13,  -43072, -2.86,   46890,  3.11
 130,-383.00,    3255,  0.11,  -43314, -2.87,   46569,  3.09
 131,-382.00,    2592,  0.09,  -43581, -2.89,   46173,  3.06
 132,-381.00,    2018,  0.07,  -43630, -2.89,   45648,  3.03
 133,-380.00,    1827,  0.06,  -43538, -2.89,   45365,  3.01
 134,-379.00,    1686,  0.06,  -43116, -2.86,   44802,  2.97
 135,-378.00,    1514,  0.05,  -43041, -2.86,   44555,  2.96
 136,-377.00,     898,  0.03,  -43083, -2.86,   43981,  2.92
 137,-376.00,     734,  0.02,  -42775, -2.84,   43509,  2.89
 138,-375.00,    1013,  0.03,  -41653, -2.76,   42666,  2.83
 139,-374.00,    1761,  0.06,  -40446, -2.68,   42207,  2.80
 140,-373.00,    2184,  0.07,  -39558, -2.62,   41742,  2.77
 141,-372.00,    3012,  0.10,  -38150, -2.53,   41162,  2.73
 142,-371.00,    3980,  0.13,  -36807, -2.44,   40787,  2.71
 143,-370.00,    4626,  0.15,  -35626, -2.36,   40252,  2.67
 144,-369.00,    5145,  0.17,  -34160, -2.27,   39305,  2.61
 145,-368.00,    6922,  0.23,  -31861, -2.11,   38783,  2.57
 146,-367.00,    9407,  0.31,  -29139, -1.93,   38546,  2.56
 147,-366.00,   10761,  0.36,  -26714, -1.77,   37475,  2.49
 148,-365.00,   11963,  0.40,  -24583, -1.63,   36546,  2.42
 149,-364.00,   13505,  0.45,  -22083, -1.47,   35588,  2.36
 150,-363.00,   14388,  0.48,  -19897, -1.32,   34285,  2.27
 151,-362.00,   15386,  0.51,  -17771, -1.18,   33157,  2.20
 152,-361.00,   17202,  0.57,  -15385, -1.02,   32587,  2.16
 153,-360.00,   18134,  0.60,  -13407, -0.89,   31541,  2.09
 154,-359.00,   19164,  0.64,  -11581, -0.77,   30745,  2.04
 155,-358.00,   20345,  0.68,   -9300, -0.62,   29645,  1.97
 156,-357.00,   21697,  0.72,   -7067, -0.47,   28764,  1.91
 157,-356.00,   22648,  0.76,   -5337, -0.35,   27985,  1.86
 158,-355.00,   23196,  0.77,   -3362, -0.22,   26558,  1.76
 159,-354.00,   23549,  0.79,   -1263, -0.08,   24812,  1.65
 160,-353.00,   23648,  0.79,     619,  0.04,   23029,  1.53
 161,-352.00,   24130,  0.80,    2522,  0.17,   21608,  1.43
 162,-351.00,   24692,  0.82,    4052,  0.27,   20640,  1.37
 163,-350.00,   24538,  0.82,    5285,  0.35,   19253,  1.28
 164,-349.00,   24473,  0.82,    6348,  0.42,   18125,  1.20
 165,-348.00,   24835,  0.83,    7643,  0.51,   17192,  1.14
 166,-347.00,   25059,  0.84,    8922,  0.59,   16137,  1.07
 167,-346.00,   25418,  0.85,   10304,  0.68,   15114,  1.00
 168,-345.00,   25198,  0.84,   11360,  0.75,   13838,  0.92
 169,-344.00,   25058,  0.84,   12472,  0.83,   12586,  0.84
 170,-343.00,   24535,  0.82,   13333,  0.88,   11202,  0.74
 171,-342.00,   24529,  0.82,   14335,  0.95,   10194,  0.68
 172,-341.00,   24808,  0.83,   15515,  1.03,    9293,  0.62
 173,-340.00,   25223,  0.84,   16485,  1.09,    8738,  0.58
 174,-339.00,   25805,  0.86,   17183,  1.14,    8622,  0.57
 175,-338.00,   25665,  0.86,   17498,  1.16,    8167,  0.54
 176,-337.00,   25077,  0.84,   17639,  1.17,    7438,  0.49
 177,-336.00,   25076,  0.84,   17864,  1.19,    7212,  0.48
 178,-335.00,   25391,  0.85,   18363,  1.22,    7028,  0.47
 179,-334.00,   26109,  0.87,   19061,  1.26,    7048,  0.47
 180,-333.00,   26439,  0.88,   19661,  1.30,    6778,  0.45
 181,-332.00,   26976,  0.90,   20290,  1.35,    6686,  0.44
 182,-331.00,   27411,  0.91,   20573,  1.36,    6838,  0.45
 183,-330.00,   27794,  0.93,   20621,  1.37,    7173,  0.48
 184,-329.00,   28423,  0.95,   20552,  1.36,    7871,  0.52
 185,-328.00,   29166,  0.97,   20502,  1.36,    8664,  0.57
 186,-327.00,   29178,  0.97,   20248,  1.34,    8930,  0.59
 187,-326.00,   28762,  0.96,   19718,  1.31,    9044,  0.60
 188,-325.00,   28608,  0.95,   19250,  1.28,    9358,  0.62
 189,-324.00,   28974,  0.97,   19214,  1.27,    9760,  0.65
 190,-323.00,   28501,  0.95,   19068,  1.27,    9433,  0.63
 191,-322.00,   28564,  0.95,   19107,  1.27,    9457,  0.63
 192,-321.00,   28755,  0.96,   19445,  1.29,    9310,  0.62
 193,-320.00,   29237,  0.98,   19744,  1.31,    9493,  0.63
 194,-319.00,   29809,  0.99,   20012,  1.33,    9797,  0.65
 195,-318.00,   30367,  1.01,   20030,  1.33,   10337,  0.69
 196,-317.00,   29722,  0.99,   19499,  1.29,   10223,  0.68
 197,-316.00,   28668,  0.96,   18584,  1.23,   10084,  0.67
 198,-315.00,   27166,  0.91,   17630,  1.17,    9536,  0.63
 199,-314.00,   26673,  0.89,   16837,  1.12,    9836,  0.65
 200,-313.00,   27069,  0.90,   16132,  1.07,   10937,  0.73
 201,-312.00,   26883,  0.90,   15611,  1.04,   11272,  0.75
 202,-311.00,   26686,  0.89,   15756,  1.05,   10930,  0.73
 203,-310.00,   26347,  0.88,   15721,  1.04,   10626,  0.70
 204,-309.00,   25957,  0.87,   15510,  1.03,   10447,  0.69
 205,-308.00,   25594,  0.85,   15152,  1.01,   10442,  0.69
 206,-307.00,   25814,  0.86,   14928,  0.99,   10886,  0.72
 207,-306.00,   24927,  0.83,   13992,  0.93,   10935,  0.73
 208,-305.00,   24067,  0.80,   12559,  0.83,   11508,  0.76
 209,-304.00,   23787,  0.79,   11140,  0.74,   12647,  0.84
 210,-303.00,   23734,  0.79,    9611,  0.64,   14123,  0.94
 211,-302.00,   23718,  0.79,    8152,  0.54,   15566,  1.03
 212,-301.00,   23505,  0.78,    6935,  0.46,   16570,  1.10
 213,-300.00,   23297,  0.78,    5524,  0.37,   17773,  1.18
 214,-299.00,   22772,  0.76,    4155,  0.28,   18617,  1.24
 215,-298.00,   22276,  0.74,    2502,  0.17,   19774,  1.31
 216,-297.00,   22922,  0.76,    1299,  0.09,   21623,  1.43
 217,-296.00,   23489,  0.78,     118,  0.00,   23371,  1.55
 218,-295.00,   24065,  0.80,   -1130, -0.07,   25195,  1.67
 219,-294.00,   24678,  0.82,   -2400, -0.16,   27078,  1.80
 220,-293.00,   24197,  0.81,   -4105, -0.27,   28302,  1.88
 221,-292.00,   23560,  0.79,   -5791, -0.38,   29351,  1.95
 222,-291.00,   23360,  0.78,   -7465, -0.50,   30825,  2.05
 223,-290.00,   22904,  0.76,   -8973, -0.60,   31877,  2.11
 224,-289.00,   22460,  0.75,  -10299, -0.68,   32759,  2.17
 225,-288.00,   22036,  0.73,  -11399, -0.76,   33435,  2.22
 226,-287.00,   21700,  0.72,  -12512, -0.83,   34212,  2.27
 227,-286.00,   21812,  0.73,  -13114, -0.87,   34926,  2.32
 228,-285.00,   21143,  0.71,  -13825, -0.92,   34968,  2.32
 229,-284.00,   20577,  0.69,  -14394, -0.95,   34971,  2.32
 230,-283.00,   19829,  0.66,  -14949, -0.99,   34778,  2.31
 231,-282.00,   18921,  0.63,  -15550, -1.03,   34471,  2.29
 232,-281.00,   18778,  0.63,  -15568, -1.03,   34346,  2.28
 233,-280.00,   18710,  0.62,  -15416, -1.02,   34126,  2.26
 234,-279.00,   17779,  0.59,  -15498, -1.03,   33277,  2.21
 235,-278.00,   16510,  0.55,  -15291, -1.01,   31801,  2.11
 236,-277.00,   15437,  0.51,  -14975, -0.99,   30412,  2.02
 237,-276.00,   14706,  0.49,  -14388, -0.95,   29094,  1.93
 238,-275.00,   14054,  0.47,  -13905, -0.92,   27959,  1.85
 239,-274.00,   13972,  0.47,  -13233, -0.88,   27205,  1.80
 240,-273.00,   13549,  0.45,  -12605, -0.84,   26154,  1.74
 241,-272.00,   12493,  0.42,  -12663, -0.84,   25156,  1.67
 242,-271.00,   11722,  0.39,  -12679, -0.84,   24401,  1.62
 243,-270.00,    9744,  0.32,  -13020, -0.86,   22764,  1.51
 244,-269.00,    7271,  0.24,  -13761, -0.91,   21032,  1.40
 245,-268.00,    5156,  0.17,  -14823, -0.98,   19979,  1.33
 246,-267.00,    3752,  0.13,  -15256, -1.01,   19008,  1.26
 247,-266.00,    2093,  0.07,  -16000, -1.06,   18093,  1.20
 248,-265.00,      13,  0.00,  -17050, -1.13,   17063,  1.13
 249,-264.00,   -2027, -0.07,  -18134, -1.20,   16107,  1.07
 250,-263.00,   -3785, -0.13,  -18990, -1.26,   15205,  1.01
 251,-262.00,   -5727, -0.19,  -20214, -1.34,   14487,  0.96
 252,-261.00,   -7982, -0.27,  -21820, -1.45,   13838,  0.92
 253,-260.00,  -10423, -0.35,  -23690, -1.57,   13267,  0.88
 254,-259.00,  -12818, -0.43,  -25450, -1.69,   12632,  0.84
 255,-258.00,  -13846, -0.46,  -26897, -1.78,   13051,  0.87
 256,-257.00,  -14176, -0.47,  -27686, -1.84,   13510,  0.90
 257,-256.00,  -15123, -0.50,  -28329, -1.88,   13206,  0.88
 258,-255.00,  -16250, -0.54,  -28836, -1.91,   12586,  0.84
 259,-254.00,  -16498, -0.55,  -28943, -1.92,   12445,  0.83
 260,-253.00,  -16611, -0.55,  -28726, -1.91,   12115,  0.80
 261,-252.00,  -15716, -0.52,  -27818, -1.85,   12102,  0.80
 262,-251.00,  -14724, -0.49,  -26852, -1.78,   12128,  0.80
 263,-250.00,  -14034, -0.47,  -26217, -1.74,   12183,  0.81
 264,-249.00,  -13498, -0.45,  -25666, -1.70,   12168,  0.81
 265,-248.00,  -12231, -0.41,  -24631, -1.63,   12400,  0.82
 266,-247.00,  -10935, -0.36,  -24083, -1.60,   13148,  0.87
 267,-246.00,  -10512, -0.35,  -23925, -1.59,   13413,  0.89
 268,-245.00,  -10472, -0.35,  -23288, -1.55,   12816,  0.85
 269,-244.00,  -10302, -0.34,  -22491, -1.49,   12189,  0.81
 270,-243.00,   -9804, -0.33,  -21399, -1.42,   11595,  0.77
 271,-242.00,   -9704, -0.32,  -20804, -1.38,   11100,  0.74
 272,-241.00,   -9563, -0.32,  -20365, -1.35,   10802,  0.72
 273,-240.00,   -9647, -0.32,  -19876, -1.32,   10229,  0.68
 274,-239.00,  -10280, -0.34,  -19660, -1.30,    9380,  0.62
 275,-238.00,  -11677, -0.39,  -19881, -1.32,    8204,  0.54
 276,-237.00,  -13418, -0.45,  -20359, -1.35,    6941,  0.46
 277,-236.00,  -15379, -0.51,  -20616, -1.37,    5237,  0.35
 278,-235.00,  -17647, -0.59,  -21163, -1.40,    3516,  0.23
 279,-234.00,  -19595, -0.65,  -21897, -1.45,    2302,  0.15
 280,-233.00,  -21413, -0.71,  -22406, -1.49,     993,  0.07
 281,-232.00,  -23715, -0.79,  -23609, -1.57,    -106, -0.00
 282,-231.00,  -25703, -0.86,  -24328, -1.61,   -1375, -0.09
 283,-230.00,  -26913, -0.90,  -24525, -1.63,   -2388, -0.16
 284,-229.00,  -28438, -0.95,  -24955, -1.66,   -3483, -0.23
 285,-228.00,  -30087, -1.00,  -25559, -1.70,   -4528, -0.30
 286,-227.00,  -32080, -1.07,  -25881, -1.72,   -6199, -0.41
 287,-226.00,  -34056, -1.14,  -26033, -1.73,   -8023, -0.53
 288,-225.00,  -35848, -1.20,  -25801, -1.71,  -10047, -0.67
 289,-224.00,  -36791, -1.23,  -25306, -1.68,  -11485, -0.76
 290,-223.00,  -37672, -1.26,  -24972, -1.66,  -12700, -0.84
 291,-222.00,  -38886, -1.30,  -24207, -1.61,  -14679, -0.97
 292,-221.00,  -39648, -1.32,  -23697, -1.57,  -15951, -1.06
 293,-220.00,  -40391, -1.35,  -23286, -1.54,  -17105, -1.13
 294,-219.00,  -41215, -1.37,  -22768, -1.51,  -18447, -1.22
 295,-218.00,  -42456, -1.42,  -22498, -1.49,  -19958, -1.32
 296,-217.00,  -43779, -1.46,  -22042, -1.46,  -21737, -1.44
 297,-216.00,  -46110, -1.54,  -21939, -1.46,  -24171, -1.60
 298,-215.00,  -48627, -1.62,  -21977, -1.46,  -26650, -1.77
 299,-214.00,  -49754, -1.66,  -21747, -1.44,  -28007, -1.86
 300,-213.00,  -50990, -1.70,  -21473, -1.42,  -29517, -1.96
 301,-212.00,  -52470, -1.75,  -21309, -1.41,  -31161, -2.07
 302,-211.00,  -53193, -1.77,  -20996, -1.39,  -32197, -2.14
 303,-210.00,  -54143, -1.81,  -20827, -1.38,  -33316, -2.21
 304,-209.00,  -56024, -1.87,  -21046, -1.40,  -34978, -2.32
 305,-208.00,  -57737, -1.93,  -21234, -1.41,  -36503, -2.42
 306,-207.00,  -58804, -1.96,  -21397, -1.42,  -37407, -2.48
 307,-206.00,  -60675, -2.02,  -22199, -1.47,  -38476, -2.55
 308,-205.00,  -62983, -2.10,  -23261, -1.54,  -39722, -2.64
 309,-204.00,  -64348, -2.15,  -23894, -1.59,  -40454, -2.68
 310,-203.00,  -65706, -2.19,  -24630, -1.63,  -41076, -2.73
 311,-202.00,  -67366, -2.25,  -25583, -1.70,  -41783, -2.77
 312,-201.00,  -68946, -2.30,  -26404, -1.75,  -42542, -2.82
 313,-200.00,  -70319, -2.35,  -27542, -1.83,  -42777, -2.84
 314,-199.00,  -71351, -2.38,  -28832, -1.91,  -42519, -2.82
 315,-198.00,  -72128, -2.41,  -30217, -2.00,  -41911, -2.78
 316,-197.00,  -72661, -2.42,  -31477, -2.09,  -41184, -2.73
 317,-196.00,  -73509, -2.45,  -32978, -2.19,  -40531, -2.69
 318,-195.00,  -74172, -2.47,  -34469, -2.29,  -39703, -2.63
 319,-194.00,  -75121, -2.51,  -36202, -2.40,  -38919, -2.58
 320,-193.00,  -75626, -2.52,  -37755, -2.50,  -37871, -2.51
 321,-192.00,  -75440, -2.52,  -38960, -2.58,  -36480, -2.42
 322,-191.00,  -75891, -2.53,  -40262, -2.67,  -35629, -2.36
 323,-190.00,  -76278, -2.54,  -41286, -2.74,  -34992, -2.32
 324,-189.00,  -75789, -2.53,  -42257, -2.80,  -33532, -2.22
 325,-188.00,  -75598, -2.52,  -43060, -2.86,  -32538, -2.16
 326,-187.00,  -75631, -2.52,  -44182, -2.93,  -31449, -2.09
 327,-186.00,  -75643, -2.52,  -45228, -3.00,  -30415, -2.02
 328,-185.00,  -75569, -2.52,  -46281, -3.07,  -29288, -1.94
 329,-184.00,  -74929, -2.50,  -47056, -3.12,  -27873, -1.85
 330,-183.00,  -74205, -2.48,  -47579, -3.16,  -26626, -1.77
 331,-182.00,  -73898, -2.46,  -48265, -3.20,  -25633, -1.70
 332,-181.00,  -73631, -2.46,  -48992, -3.25,  -24639, -1.63
 333,-180.00,  -72766, -2.43,  -49601, -3.29,  -23165, -1.54
 334,-179.00,  -72072, -2.40,  -50203, -3.33,  -21869, -1.45
 335,-178.00,  -71001, -2.37,  -50678, -3.36,  -20323, -1.35
 336,-177.00,  -70710, -2.36,  -51371, -3.41,  -19339, -1.28
 337,-176.00,  -70331, -2.35,  -52178, -3.46,  -18153, -1.20
 338,-175.00,  -69407, -2.31,  -53046, -3.52,  -16361, -1.09
 339,-174.00,  -68141, -2.27,  -53303, -3.54,  -14838, -0.98
 340,-173.00,  -67141, -2.24,  -53970, -3.58,  -13171, -0.87
 341,-172.00,  -66195, -2.21,  -54599, -3.62,  -11596, -0.77
 342,-171.00,  -64369, -2.15,  -54393, -3.61,   -9976, -0.66
 343,-170.00,  -62638, -2.09,  -54344, -3.61,   -8294, -0.55
 344,-169.00,  -60652, -2.02,  -54358, -3.61,   -6294, -0.42
 345,-168.00,  -58854, -1.96,  -54215, -3.60,   -4639, -0.31
 346,-167.00,  -57671, -1.92,  -54269, -3.60,   -3402, -0.23
 347,-166.00,  -56482, -1.88,  -53986, -3.58,   -2496, -0.17
 348,-165.00,  -55434, -1.85,  -53571, -3.55,   -1863, -0.12
 349,-164.00,  -54186, -1.81,  -52979, -3.51,   -1207, -0.08
 350,-163.00,  -52843, -1.76,  -52590, -3.49,    -253, -0.02
 351,-162.00,  -50657, -1.69,  -51952, -3.45,    1295,  0.09
 352,-161.00,  -48675, -1.62,  -51165, -3.39,    2490,  0.17
 353,-160.00,  -47444, -1.58,  -51102, -3.39,    3658,  0.24
 354,-159.00,  -46316, -1.54,  -51001, -3.38,    4685,  0.31
 355,-158.00,  -45477, -1.52,  -50798, -3.37,    5321,  0.35
 356,-157.00,  -44674, -1.49,  -50773, -3.37,    6099,  0.40
 357,-156.00,  -43807, -1.46,  -50453, -3.35,    6646,  0.44
 358,-155.00,  -43187, -1.44,  -50473, -3.35,    7286,  0.48
 359,-154.00,  -42519, -1.42,  -50968, -3.38,    8449,  0.56
 360,-153.00,  -41691, -1.39,  -51378, -3.41,    9687,  0.64
 361,-152.00,  -42775, -1.43,  -52269, -3.47,    9494,  0.63
 362,-151.00,  -43411, -1.45,  -52971, -3.51,    9560,  0.63
 363,-150.00,  -43401, -1.45,  -53738, -3.57,   10337,  0.69
 364,-149.00,  -43519, -1.45,  -54482, -3.61,   10963,  0.73
 365,-148.00,  -43309, -1.44,  -54827, -3.64,   11518,  0.76
 366,-147.00,  -43952, -1.47,  -55471, -3.68,   11519,  0.76
 367,-146.00,  -44443, -1.48,  -56242, -3.73,   11799,  0.78
 368,-145.00,  -44282, -1.48,  -56703, -3.76,   12421,  0.82
 369,-144.00,  -45020, -1.50,  -57934, -3.84,   12914,  0.86
 370,-143.00,  -45396, -1.51,  -58352, -3.87,   12956,  0.86
 371,-142.00,  -46150, -1.54,  -58252, -3.86,   12102,  0.80
 372,-141.00,  -47200, -1.57,  -58284, -3.87,   11084,  0.74
 373,-140.00,  -47633, -1.59,  -58014, -3.85,   10381,  0.69
 374,-139.00,  -47786, -1.59,  -57959, -3.85,   10173,  0.67
 375,-138.00,  -48450, -1.62,  -57613, -3.82,    9163,  0.61
 376,-137.00,  -48235, -1.61,  -56576, -3.75,    8341,  0.55
 377,-136.00,  -48076, -1.60,  -56226, -3.73,    8150,  0.54
 378,-135.00,  -48343, -1.61,  -55835, -3.70,    7492,  0.50
 379,-134.00,  -47800, -1.59,  -54808, -3.64,    7008,  0.46
 380,-133.00,  -47559, -1.59,  -54022, -3.58,    6463,  0.43
 381,-132.00,  -47366, -1.58,  -52930, -3.51,    5564,  0.37
 382,-131.00,  -47749, -1.59,  -51940, -3.45,    4191,  0.28
 383,-130.00,  -47481, -1.58,  -50900, -3.38,    3419,  0.23
 384,-129.00,  -47171, -1.57,  -50040, -3.32,    2869,  0.19
 385,-128.00,  -46669, -1.56,  -49115, -3.26,    2446,  0.16
 386,-127.00,  -45927, -1.53,  -47947, -3.18,    2020,  0.13
 387,-126.00,  -46046, -1.54,  -47458, -3.15,    1412,  0.09
 388,-125.00,  -45590, -1.52,  -46389, -3.08,     799,  0.05
 389,-124.00,  -44506, -1.48,  -44909, -2.98,     403,  0.03
 390,-123.00,  -43422, -1.45,  -43695, -2.90,     273,  0.02
 391,-122.00,  -41863, -1.40,  -42467, -2.82,     604,  0.04
 392,-121.00,  -40521, -1.35,  -41303, -2.74,     782,  0.05
 393,-120.00,  -39312, -1.31,  -40121, -2.66,     809,  0.05
 394,-119.00,  -37601, -1.25,  -38671, -2.57,    1070,  0.07
 395,-118.00,  -35362, -1.18,  -37137, -2.46,    1775,  0.12
 396,-117.00,  -33605, -1.12,  -35527, -2.36,    1922,  0.13
 397,-116.00,  -31616, -1.05,  -33713, -2.24,    2097,  0.14
 398,-115.00,  -29966, -1.00,  -32249, -2.14,    2283,  0.15
 399,-114.00,  -28386, -0.95,  -30615, -2.03,    2229,  0.15
 400,-113.00,  -27172, -0.91,  -29336, -1.95,    2164,  0.14
 401,-112.00,  -25618, -0.85,  -28229, -1.87,    2611,  0.17
 402,-111.00,  -24564, -0.82,  -27467, -1.82,    2903,  0.19
 403,-110.00,  -23418, -0.78,  -26530, -1.76,    3112,  0.21
 404,-109.00,  -21808, -0.73,  -25448, -1.69,    3640,  0.24
 405,-108.00,  -19093, -0.64,  -23517, -1.56,    4424,  0.29
 406,-107.00,  -16659, -0.56,  -21351, -1.42,    4692,  0.31
 407,-106.00,  -14183, -0.47,  -18845, -1.25,    4662,  0.31
 408,-105.00,  -11535, -0.38,  -16085, -1.07,    4550,  0.30
 409,-104.00,   -9161, -0.31,  -13583, -0.90,    4422,  0.29
 410,-103.00,   -7284, -0.24,  -11013, -0.73,    3729,  0.25
 411,-102.00,   -5157, -0.17,   -8576, -0.57,    3419,  0.23
 412,-101.00,   -2880, -0.10,   -6360, -0.42,    3480,  0.23
 413,-100.00,    -829, -0.03,   -3896, -0.26,    3067,  0.20
 414,-99.00,     601,  0.02,   -1512, -0.10,    2113,  0.14
 415,-98.00,    3046,  0.10,    1059,  0.07,    1987,  0.13
 416,-97.00,    5762,  0.19,    3642,  0.24,    2120,  0.14
 417,-96.00,    8132,  0.27,    6233,  0.41,    1899,  0.13
 418,-95.00,   10338,  0.34,    8666,  0.57,    1672,  0.11
 419,-94.00,   12575,  0.42,   11019,  0.73,    1556,  0.10
 420,-93.00,   14443,  0.48,   12872,  0.85,    1571,  0.10
 421,-92.00,   15791,  0.53,   14436,  0.96,    1355,  0.09
 422,-91.00,   16137,  0.54,   15054,  1.00,    1083,  0.07
 423,-90.00,   16915,  0.56,   15727,  1.04,    1188,  0.08
 424,-89.00,   17802,  0.59,   16776,  1.11,    1026,  0.07
 425,-88.00,   18427,  0.61,   17346,  1.15,    1081,  0.07
 426,-87.00,   19196,  0.64,   17688,  1.17,    1508,  0.10
 427,-86.00,   19406,  0.65,   17815,  1.18,    1591,  0.11
 428,-85.00,   19452,  0.65,   18001,  1.19,    1451,  0.10
 429,-84.00,   20094,  0.67,   18600,  1.23,    1494,  0.10
 430,-83.00,   20701,  0.69,   19259,  1.28,    1442,  0.10
 431,-82.00,   20963,  0.70,   19349,  1.28,    1614,  0.11
 432,-81.00,   20424,  0.68,   19346,  1.28,    1078,  0.07
 433,-80.00,   20130,  0.67,   19704,  1.31,     426,  0.03
 434,-79.00,   19935,  0.66,   19903,  1.32,      32,  0.00
 435,-78.00,   19492,  0.65,   19785,  1.31,    -293, -0.02
 436,-77.00,   19189,  0.64,   19511,  1.29,    -322, -0.02
 437,-76.00,   19282,  0.64,   19412,  1.29,    -130, -0.00
 438,-75.00,   18858,  0.63,   19421,  1.29,    -563, -0.04
 439,-74.00,   19161,  0.64,   20034,  1.33,    -873, -0.06
 440,-73.00,   19144,  0.64,   20379,  1.35,   -1235, -0.08
 441,-72.00,   19536,  0.65,   20431,  1.36,    -895, -0.06
 442,-71.00,   19850,  0.66,   20474,  1.36,    -624, -0.04
 443,-70.00,   19558,  0.65,   20290,  1.35,    -732, -0.05
 444,-69.00,   18840,  0.63,   19657,  1.30,    -817, -0.05
 445,-68.00,   18517,  0.62,   18929,  1.26,    -412, -0.03
 446,-67.00,   17015,  0.57,   17399,  1.15,    -384, -0.03
 447,-66.00,   15891,  0.53,   16470,  1.09,    -579, -0.04
 448,-65.00,   14805,  0.49,   15483,  1.03,    -678, -0.04
 449,-64.00,   13953,  0.47,   14953,  0.99,   -1000, -0.07
 450,-63.00,   13240,  0.44,   14637,  0.97,   -1397, -0.09
 451,-62.00,   13130,  0.44,   14173,  0.94,   -1043, -0.07
 452,-61.00,   12679,  0.42,   13753,  0.91,   -1074, -0.07
 453,-60.00,   11627,  0.39,   12970,  0.86,   -1343, -0.09
 454,-59.00,   10400,  0.35,   11926,  0.79,   -1526, -0.10
 455,-58.00,    8960,  0.30,   10966,  0.73,   -2006, -0.13
 456,-57.00,    7996,  0.27,   10112,  0.67,   -2116, -0.14
 457,-56.00,    6924,  0.23,    8938,  0.59,   -2014, -0.13
 458,-55.00,    5501,  0.18,    7711,  0.51,   -2210, -0.15
 459,-54.00,    4014,  0.13,    6530,  0.43,   -2516, -0.17
 460,-53.00,    2870,  0.10,    5704,  0.38,   -2834, -0.19
 461,-52.00,    1111,  0.04,    4513,  0.30,   -3402, -0.23
 462,-51.00,    -442, -0.01,    3341,  0.22,   -3783, -0.25
 463,-50.00,   -1104, -0.04,    2751,  0.18,   -3855, -0.26
 464,-49.00,   -1390, -0.05,    2159,  0.14,   -3549, -0.24
 465,-48.00,   -1668, -0.06,    1438,  0.10,   -3106, -0.21
 466,-47.00,   -1655, -0.06,    1003,  0.07,   -2658, -0.18
 467,-46.00,   -2589, -0.09,     378,  0.03,   -2967, -0.20
 468,-45.00,   -3704, -0.12,    -332, -0.02,   -3372, -0.22
 469,-44.00,   -4818, -0.16,   -1112, -0.07,   -3706, -0.25
 470,-43.00,   -6234, -0.21,   -1991, -0.13,   -4243, -0.28
 471,-42.00,   -6927, -0.23,   -2465, -0.16,   -4462, -0.30
 472,-41.00,   -6958, -0.23,   -2643, -0.18,   -4315, -0.29
 473,-40.00,   -6391, -0.21,   -2166, -0.14,   -4225, -0.28
 474,-39.00,   -5323, -0.18,   -1258, -0.08,   -4065, -0.27
 475,-38.00,   -4608, -0.15,    -861, -0.06,   -3747, -0.25
 476,-37.00,   -4312, -0.14,    -542, -0.04,   -3770, -0.25
 477,-36.00,   -3999, -0.13,    -209, -0.01,   -3790, -0.25
 478,-35.00,   -3804, -0.13,    -179, -0.01,   -3625, -0.24
 479,-34.00,   -3695, -0.12,     -65, -0.00,   -3630, -0.24
 480,-33.00,   -3726, -0.12,     176,  0.01,   -3902, -0.26
 481,-32.00,   -2807, -0.09,     515,  0.03,   -3322, -0.22
 482,-31.00,   -1644, -0.05,    1111,  0.07,   -2755, -0.18
 483,-30.00,    -352, -0.01,    1760,  0.12,   -2112, -0.14
 484,-29.00,    1614,  0.05,    2619,  0.17,   -1005, -0.07
 485,-28.00,    2575,  0.09,    3139,  0.21,    -564, -0.04
 486,-27.00,    3858,  0.13,    4226,  0.28,    -368, -0.02
 487,-26.00,    5225,  0.17,    5494,  0.36,    -269, -0.02
 488,-25.00,    6597,  0.22,    6232,  0.41,     365,  0.02
 489,-24.00,    8218,  0.27,    7337,  0.49,     881,  0.06
 490,-23.00,    9554,  0.32,    8528,  0.57,    1026,  0.07
 491,-22.00,   11301,  0.38,    9654,  0.64,    1647,  0.11
 492,-21.00,   13000,  0.43,   10574,  0.70,    2426,  0.16
 493,-20.00,   14616,  0.49,   11523,  0.76,    3093,  0.21
 494,-19.00,   16425,  0.55,   12447,  0.83,    3978,  0.26
 495,-18.00,   18586,  0.62,   13691,  0.91,    4895,  0.32
 496,-17.00,   20502,  0.68,   15167,  1.01,    5335,  0.35
 497,-16.00,   22354,  0.75,   16198,  1.07,    6156,  0.41
 498,-15.00,   25357,  0.85,   17853,  1.18,    7504,  0.50
 499,-14.00,   28090,  0.94,   19593,  1.30,    8497,  0.56
 500,-13.00,   30064,  1.00,   20507,  1.36,    9557,  0.63
 501,-12.00,   32350,  1.08,   21651,  1.44,   10699,  0.71
 502,-11.00,   34339,  1.15,   22462,  1.49,   11877,  0.79
 503,-10.00,   35827,  1.19,   23220,  1.54,   12607,  0.84
 504,-9.00,   37466,  1.25,   24566,  1.63,   12900,  0.86
 505,-8.00,   39416,  1.31,   26078,  1.73,   13338,  0.88
 506,-7.00,   41532,  1.39,   27656,  1.83,   13876,  0.92
 507,-6.00,   43955,  1.47,   29199,  1.94,   14756,  0.98
 508,-5.00,   46346,  1.55,   30694,  2.04,   15652,  1.04
 509,-4.00,   48695,  1.62,   32248,  2.14,   16447,  1.09
 510,-3.00,   50716,  1.69,   33505,  2.22,   17211,  1.14
 511,-2.00,   53163,  1.77,   34995,  2.32,   18168,  1.21
 512,-1.00,   55983,  1.87,   36633,  2.43,   19350,  1.28
 513,0.00,   57715,  1.93,   37872,  2.51,   19843,  1.32
 514,1.00,   58548,  1.95,   38395,  2.55,   20153,  1.34
 515,2.00,   60084,  2.00,   39304,  2.61,   20780,  1.38
 516,3.00,   61966,  2.07,   40627,  2.70,   21339,  1.42
 517,4.00,   63085,  2.10,   41309,  2.74,   21776,  1.44
 518,5.00,   63809,  2.13,   41699,  2.77,   22110,  1.47
 519,6.00,   65163,  2.17,   42680,  2.83,   22483,  1.49
 520,7.00,   66333,  2.21,   43609,  2.89,   22724,  1.51
 521,8.00,   67700,  2.26,   44453,  2.95,   23247,  1.54
 522,9.00,   69380,  2.31,   45495,  3.02,   23885,  1.58
 523,10.00,   71236,  2.38,   46835,  3.11,   24401,  1.62
 524,11.00,   72333,  2.41,   47752,  3.17,   24581,  1.63
 525,12.00,   73016,  2.44,   48275,  3.20,   24741,  1.64
 526,13.00,   74287,  2.48,   49190,  3.26,   25097,  1.67
 527,14.00,   74772,  2.49,   49946,  3.31,   24826,  1.65
 528,15.00,   74801,  2.49,   50797,  3.37,   24004,  1.59
 529,16.00,   75058,  2.50,   51897,  3.44,   23161,  1.54
 530,17.00,   75258,  2.51,   52849,  3.51,   22409,  1.49
 531,18.00,   75498,  2.52,   53811,  3.57,   21687,  1.44
 532,19.00,   75132,  2.51,   54400,  3.61,   20732,  1.38
 533,20.00,   74565,  2.49,   54654,  3.63,   19911,  1.32
 534,21.00,   73963,  2.47,   55018,  3.65,   18945,  1.26
 535,22.00,   72677,  2.42,   54761,  3.63,   17916,  1.19
 536,23.00,   71436,  2.38,   54483,  3.61,   16953,  1.12
 537,24.00,   69973,  2.33,   54475,  3.61,   15498,  1.03
 538,25.00,   67684,  2.26,   54175,  3.59,   13509,  0.90
 539,26.00,   66279,  2.21,   53906,  3.58,   12373,  0.82
 540,27.00,   64756,  2.16,   53523,  3.55,   11233,  0.75
 541,28.00,   62840,  2.10,   53041,  3.52,    9799,  0.65
 542,29.00,   61698,  2.06,   52970,  3.51,    8728,  0.58
 543,30.00,   61013,  2.04,   52788,  3.50,    8225,  0.55
 544,31.00,   60396,  2.01,   52647,  3.49,    7749,  0.51
 545,32.00,   59217,  1.98,   52255,  3.47,    6962,  0.46
 546,33.00,   57960,  1.93,   52260,  3.47,    5700,  0.38
 547,34.00,   57200,  1.91,   52308,  3.47,    4892,  0.32
 548,35.00,   56694,  1.89,   52399,  3.48,    4295,  0.28
 549,36.00,   56202,  1.87,   52551,  3.49,    3651,  0.24
 550,37.00,   55636,  1.86,   52903,  3.51,    2733,  0.18
 551,38.00,   55090,  1.84,   53051,  3.52,    2039,  0.14
 552,39.00,   54482,  1.82,   52587,  3.49,    1895,  0.13
 553,40.00,   53613,  1.79,   51860,  3.44,    1753,  0.12
 554,41.00,   52584,  1.75,   51206,  3.40,    1378,  0.09
 555,42.00,   52320,  1.75,   50920,  3.38,    1400,  0.09
 556,43.00,   52267,  1.74,   50639,  3.36,    1628,  0.11
 557,44.00,   51939,  1.73,   49779,  3.30,    2160,  0.14
 558,45.00,   51817,  1.73,   49385,  3.28,    2432,  0.16
 559,46.00,   52422,  1.75,   49672,  3.30,    2750,  0.18
 560,47.00,   52535,  1.75,   49394,  3.28,    3141,  0.21
 561,48.00,   52780,  1.76,   49050,  3.25,    3730,  0.25
 562,49.00,   53224,  1.78,   48691,  3.23,    4533,  0.30
 563,50.00,   54617,  1.82,   49023,  3.25,    5594,  0.37
 564,51.00,   55925,  1.87,   48912,  3.25,    7013,  0.47
 565,52.00,   57542,  1.92,   48405,  3.21,    9137,  0.61
 566,53.00,   59387,  1.98,   48036,  3.19,   11351,  0.75
 567,54.00,   60949,  2.03,   47537,  3.15,   13412,  0.89
 568,55.00,   62832,  2.10,   47666,  3.16,   15166,  1.01
 569,56.00,   64667,  2.16,   48140,  3.19,   16527,  1.10
 570,57.00,   66253,  2.21,   48082,  3.19,   18171,  1.21
 571,58.00,   67834,  2.26,   47733,  3.17,   20101,  1.33
 572,59.00,   68729,  2.29,   47051,  3.12,   21678,  1.44
 573,60.00,   70066,  2.34,   46389,  3.08,   23677,  1.57
 574,61.00,   72157,  2.41,   46283,  3.07,   25874,  1.72
 575,62.00,   73194,  2.44,   45642,  3.03,   27552,  1.83
 576,63.00,   73751,  2.46,   44748,  2.97,   29003,  1.92
 577,64.00,   74014,  2.47,   43901,  2.91,   30113,  2.00
 578,65.00,   73735,  2.46,   42901,  2.85,   30834,  2.05
 579,66.00,   72695,  2.42,   41287,  2.74,   31408,  2.08
 580,67.00,   71689,  2.39,   39917,  2.65,   31772,  2.11
 581,68.00,   70214,  2.34,   38411,  2.55,   31803,  2.11
 582,69.00,   68559,  2.29,   36669,  2.43,   31890,  2.12
 583,70.00,   66480,  2.22,   35090,  2.33,   31390,  2.08
 584,71.00,   64279,  2.14,   33571,  2.23,   30708,  2.04
 585,72.00,   61276,  2.04,   31694,  2.10,   29582,  1.96
 586,73.00,   58139,  1.94,   29993,  1.99,   28146,  1.87
 587,74.00,   54929,  1.83,   28664,  1.90,   26265,  1.74
 588,75.00,   52169,  1.74,   27991,  1.86,   24178,  1.60
 589,76.00,   49365,  1.65,   27186,  1.80,   22179,  1.47
 590,77.00,   46577,  1.55,   26320,  1.75,   20257,  1.34
 591,78.00,   44094,  1.47,   25352,  1.68,   18742,  1.24
 592,79.00,   42248,  1.41,   24661,  1.64,   17587,  1.17
 593,80.00,   40325,  1.34,   23703,  1.57,   16622,  1.10
 594,81.00,   37932,  1.27,   22526,  1.49,   15406,  1.02
 595,82.00,   37157,  1.24,   22205,  1.47,   14952,  0.99
 596,83.00,   37443,  1.25,   22777,  1.51,   14666,  0.97
 597,84.00,   37126,  1.24,   23505,  1.56,   13621,  0.90
 598,85.00,   37911,  1.26,   24310,  1.61,   13601,  0.90
 599,86.00,   38843,  1.30,   24911,  1.65,   13932,  0.92
 600,87.00,   39854,  1.33,   25601,  1.70,   14253,  0.95
 601,88.00,   41819,  1.39,   26912,  1.79,   14907,  0.99
 602,89.00,   44130,  1.47,   28290,  1.88,   15840,  1.05
 603,90.00,   47075,  1.57,   29632,  1.97,   17443,  1.16
 604,91.00,   49713,  1.66,   30634,  2.03,   19079,  1.27
 605,92.00,   52219,  1.74,   31674,  2.10,   20545,  1.36
 606,93.00,   55854,  1.86,   33415,  2.22,   22439,  1.49
 607,94.00,   58625,  1.96,   34753,  2.31,   23872,  1.58
 608,95.00,   61328,  2.05,   35822,  2.38,   25506,  1.69
 609,96.00,   64696,  2.16,   36837,  2.44,   27859,  1.85
 610,97.00,   68508,  2.28,   38195,  2.53,   30313,  2.01
 611,98.00,   72752,  2.43,   39574,  2.63,   33178,  2.20
 612,99.00,   76343,  2.55,   40608,  2.69,   35735,  2.37
 613,100.00,   79487,  2.65,   41457,  2.75,   38030,  2.52
 614,101.00,   82302,  2.75,   41826,  2.77,   40476,  2.69
 615,102.00,   84462,  2.82,   41968,  2.78,   42494,  2.82
 616,103.00,   86913,  2.90,   42603,  2.83,   44310,  2.94
 617,104.00,   90366,  3.01,   43562,  2.89,   46804,  3.11
 618,105.00,   93128,  3.11,   44296,  2.94,   48832,  3.24
 619,106.00,   95227,  3.18,   44703,  2.97,   50524,  3.35
 620,107.00,   97185,  3.24,   45155,  3.00,   52030,  3.45
 621,108.00,   99092,  3.31,   46219,  3.07,   52873,  3.51
 622,109.00,  100887,  3.36,   47412,  3.15,   53475,  3.55
 623,110.00,  102076,  3.40,   48074,  3.19,   54002,  3.58
 624,111.00,  102550,  3.42,   47841,  3.17,   54709,  3.63
 625,112.00,  103026,  3.44,   47987,  3.18,   55039,  3.65
 626,113.00,  103209,  3.44,   48661,  3.23,   54548,  3.62
 627,114.00,  102546,  3.42,   49140,  3.26,   53406,  3.54
 628,115.00,  101631,  3.39,   49247,  3.27,   52384,  3.48
 629,116.00,  100188,  3.34,   49336,  3.27,   50852,  3.37
 630,117.00,   98261,  3.28,   49138,  3.26,   49123,  3.26
 631,118.00,   95995,  3.20,   48322,  3.21,   47673,  3.16
 632,119.00,   92451,  3.08,   46915,  3.11,   45536,  3.02
 633,120.00,   88929,  2.97,   45167,  3.00,   43762,  2.90
 634,121.00,   84829,  2.83,   43241,  2.87,   41588,  2.76
 635,122.00,   80723,  2.69,   41454,  2.75,   39269,  2.61
 636,123.00,   76175,  2.54,   39317,  2.61,   36858,  2.45
 637,124.00,   70916,  2.37,   36485,  2.42,   34431,  2.28
 638,125.00,   65865,  2.20,   34033,  2.26,   31832,  2.11
 639,126.00,   60304,  2.01,   31376,  2.08,   28928,  1.92
 640,127.00,   54078,  1.80,   28078,  1.86,   26000,  1.72
 641,128.00,   47917,  1.60,   24887,  1.65,   23030,  1.53
 642,129.00,   41855,  1.40,   21649,  1.44,   20206,  1.34
 643,130.00,   35214,  1.17,   18133,  1.20,   17081,  1.13
 644,131.00,   28995,  0.97,   14743,  0.98,   14252,  0.95
 645,132.00,   23091,  0.77,   11471,  0.76,   11620,  0.77
 646,133.00,   17045,  0.57,    7982,  0.53,    9063,  0.60
 647,134.00,   11287,  0.38,    4226,  0.28,    7061,  0.47
 648,135.00,    5392,  0.18,     538,  0.04,    4854,  0.32
 649,136.00,    -484, -0.02,   -2775, -0.18,    2291,  0.15
 650,137.00,   -6486, -0.22,   -6702, -0.44,     216,  0.01
 651,138.00,  -12336, -0.41,  -10792, -0.72,   -1544, -0.10
 652,139.00,  -18331, -0.61,  -14399, -0.96,   -3932, -0.26
 653,140.00,  -24565, -0.82,  -17810, -1.18,   -6755, -0.45
 654,141.00,  -30610, -1.02,  -21251, -1.41,   -9359, -0.62
 655,142.00,  -36661, -1.22,  -25099, -1.67,  -11562, -0.77
 656,143.00,  -42697, -1.42,  -28975, -1.92,  -13722, -0.91
 657,144.00,  -48699, -1.62,  -32725, -2.17,  -15974, -1.06
 658,145.00,  -55085, -1.84,  -36647, -2.43,  -18438, -1.22
 659,146.00,  -60947, -2.03,  -40195, -2.67,  -20752, -1.38
 660,147.00,  -66727, -2.23,  -43850, -2.91,  -22877, -1.52
 661,148.00,  -72040, -2.40,  -47266, -3.14,  -24774, -1.64
 662,149.00,  -78046, -2.60,  -50848, -3.37,  -27198, -1.80
 663,150.00,  -84351, -2.81,  -54591, -3.62,  -29760, -1.97
 664,151.00,  -90526, -3.02,  -58640, -3.89,  -31886, -2.12
 665,152.00,  -97960, -3.27,  -63109, -4.19,  -34851, -2.31
 666,153.00, -104636, -3.49,  -66891, -4.44,  -37745, -2.50
 667,154.00, -111000, -3.70,  -70640, -4.69,  -40360, -2.68
 668,155.00, -117311, -3.91,  -74290, -4.93,  -43021, -2.85
 669,156.00, -123300, -4.11,  -77989, -5.17,  -45311, -3.01
 670,157.00, -127982, -4.27,  -81517, -5.41,  -46465, -3.08
 671,158.00, -132761, -4.43,  -84760, -5.62,  -48001, -3.18
 672,159.00, -137060, -4.57,  -87372, -5.80,  -49688, -3.30
 673,160.00, -140476, -4.69,  -89784, -5.96,  -50692, -3.36
 674,161.00, -144756, -4.83,  -92350, -6.13,  -52406, -3.48
 675,162.00, -149119, -4.97,  -94704, -6.28,  -54415, -3.61
 676,163.00, -153369, -5.12,  -97179, -6.45,  -56190, -3.73
 677,164.00, -157591, -5.26,  -99805, -6.62,  -57786, -3.83
 678,165.00, -161142, -5.37, -101964, -6.76,  -59178, -3.93
 679,166.00, -164241, -5.48, -103625, -6.87,  -60616, -4.02
 680,167.00, -167146, -5.57, -105287, -6.99,  -61859, -4.10
 681,168.00, -169896, -5.67, -106972, -7.10,  -62924, -4.17
 682,169.00, -171312, -5.71, -107206, -7.11,  -64106, -4.25
 683,170.00, -172766, -5.76, -107654, -7.14,  -65112, -4.32
 684,171.00, -174633, -5.82, -108192, -7.18,  -66441, -4.41
 685,172.00, -176187, -5.88, -108581, -7.20,  -67606, -4.49
 686,173.00, -178053, -5.94, -109285, -7.25,  -68768, -4.56
 687,174.00, -178804, -5.96, -109528, -7.27,  -69276, -4.60
 688,175.00, -179096, -5.97, -109864, -7.29,  -69232, -4.59
 689,176.00, -179498, -5.99, -110393, -7.32,  -69105, -4.58
 690,177.00, -179443, -5.99, -110266, -7.32,  -69177, -4.59
 691,178.00, -179331, -5.98, -110177, -7.31,  -69154, -4.59
 692,179.00, -178360, -5.95, -109979, -7.30,  -68381, -4.54
 693,180.00, -176759, -5.90, -109533, -7.27,  -67226, -4.46
 694,181.00, -175497, -5.85, -108931, -7.23,  -66566, -4.42
 695,182.00, -173619, -5.79, -107788, -7.15,  -65831, -4.37
 696,183.00, -171098, -5.71, -106407, -7.06,  -64691, -4.29
 697,184.00, -168284, -5.61, -105078, -6.97,  -63206, -4.19
 698,185.00, -166017, -5.54, -103961, -6.90,  -62056, -4.12
 699,186.00, -162993, -5.44, -102666, -6.81,  -60327, -4.00
 700,187.00, -159028, -5.30, -100807, -6.69,  -58221, -3.86
 701,188.00, -155694, -5.19,  -98764, -6.55,  -56930, -3.78
 702,189.00, -152860, -5.10,  -96950, -6.43,  -55910, -3.71
 703,190.00, -149655, -4.99,  -95086, -6.31,  -54569, -3.62
 704,191.00, -146541, -4.89,  -92856, -6.16,  -53685, -3.56
 705,192.00, -143930, -4.80,  -90424, -6.00,  -53506, -3.55
 706,193.00, -141161, -4.71,  -87891, -5.83,  -53270, -3.53
 707,194.00, -138142, -4.61,  -85366, -5.66,  -52776, -3.50
 708,195.00, -135691, -4.53,  -82956, -5.50,  -52735, -3.50
 709,196.00, -133767, -4.46,  -80842, -5.36,  -52925, -3.51
 710,197.00, -131448, -4.38,  -78256, -5.19,  -53192, -3.53
 711,198.00, -128807, -4.30,  -75477, -5.01,  -53330, -3.54
 712,199.00, -126087, -4.21,  -72655, -4.82,  -53432, -3.54
 713,200.00, -124351, -4.15,  -70350, -4.67,  -54001, -3.58
 714,201.00, -122272, -4.08,  -68105, -4.52,  -54167, -3.59
 715,202.00, -119669, -3.99,  -65911, -4.37,  -53758, -3.57
 716,203.00, -116862, -3.90,  -63212, -4.19,  -53650, -3.56
 717,204.00, -115476, -3.85,  -61123, -4.06,  -54353, -3.61
 718,205.00, -114355, -3.81,  -59310, -3.93,  -55045, -3.65
 719,206.00, -112798, -3.76,  -57179, -3.79,  -55619, -3.69
 720,207.00, -111260, -3.71,  -55123, -3.66,  -56137, -3.72
 721,208.00, -110179, -3.67,  -53495, -3.55,  -56684, -3.76
 722,209.00, -109952, -3.67,  -52546, -3.49,  -57406, -3.81
 723,210.00, -109436, -3.65,  -51266, -3.40,  -58170, -3.86
 724,211.00, -108149, -3.61,  -49726, -3.30,  -58423, -3.88
 725,212.00, -106440, -3.55,  -48204, -3.20,  -58236, -3.86
 726,213.00, -104766, -3.49,  -46491, -3.08,  -58275, -3.87
 727,214.00, -102856, -3.43,  -45259, -3.00,  -57597, -3.82
 728,215.00, -100695, -3.36,  -44279, -2.94,  -56416, -3.74
 729,216.00,  -99537, -3.32,  -43472, -2.88,  -56065, -3.72
 730,217.00,  -98768, -3.29,  -43011, -2.85,  -55757, -3.70
 731,218.00,  -97801, -3.26,  -42182, -2.80,  -55619, -3.69
 732,219.00,  -96360, -3.21,  -41214, -2.73,  -55146, -3.66
 733,220.00,  -95175, -3.17,  -40515, -2.69,  -54660, -3.63
 734,221.00,  -93737, -3.13,  -39200, -2.60,  -54537, -3.62
 735,222.00,  -91235, -3.04,  -37617, -2.50,  -53618, -3.56
 736,223.00,  -89573, -2.99,  -36193, -2.40,  -53380, -3.54
 737,224.00,  -88130, -2.94,  -35082, -2.33,  -53048, -3.52
 738,225.00,  -86752, -2.89,  -34393, -2.28,  -52359, -3.47
 739,226.00,  -84740, -2.83,  -33157, -2.20,  -51583, -3.42
 740,227.00,  -82543, -2.75,  -31677, -2.10,  -50866, -3.37
 741,228.00,  -80565, -2.69,  -30289, -2.01,  -50276, -3.34
 742,229.00,  -79313, -2.65,  -29093, -1.93,  -50220, -3.33
 743,230.00,  -77738, -2.59,  -27619, -1.83,  -50119, -3.33
 744,231.00,  -75985, -2.53,  -25909, -1.72,  -50076, -3.32
 745,232.00,  -74837, -2.50,  -24540, -1.63,  -50297, -3.34
 746,233.00,  -73643, -2.46,  -23475, -1.56,  -50168, -3.33
 747,234.00,  -71755, -2.39,  -22686, -1.51,  -49069, -3.26
 748,235.00,  -70200, -2.34,  -21876, -1.45,  -48324, -3.21
 749,236.00,  -68382, -2.28,  -20744, -1.38,  -47638, -3.16
 750,237.00,  -67032, -2.24,  -20075, -1.33,  -46957, -3.12
 751,238.00,  -65723, -2.19,  -19488, -1.29,  -46235, -3.07
 752,239.00,  -64518, -2.15,  -18601, -1.23,  -45917, -3.05
 753,240.00,  -63390, -2.11,  -17857, -1.18,  -45533, -3.02
 754,241.00,  -62727, -2.09,  -17646, -1.17,  -45081, -2.99
 755,242.00,  -62617, -2.09,  -17584, -1.17,  -45033, -2.99
 756,243.00,  -61416, -2.05,  -16803, -1.11,  -44613, -2.96
 757,244.00,  -60374, -2.01,  -16274, -1.08,  -44100, -2.93
 758,245.00,  -58814, -1.96,  -15057, -1.00,  -43757, -2.90
 759,246.00,  -56723, -1.89,  -13379, -0.89,  -43344, -2.88
 760,247.00,  -54759, -1.83,  -12019, -0.80,  -42740, -2.84
 761,248.00,  -53331, -1.78,  -10742, -0.71,  -42589, -2.83
 762,249.00,  -51200, -1.71,   -9075, -0.60,  -42125, -2.79
 763,250.00,  -49244, -1.64,   -7759, -0.51,  -41485, -2.75
 764,251.00,  -47167, -1.57,   -6645, -0.44,  -40522, -2.69
 765,252.00,  -45286, -1.51,   -5270, -0.35,  -40016, -2.65
 766,253.00,  -43542, -1.45,   -3932, -0.26,  -39610, -2.63
 767,254.00,  -41987, -1.40,   -2888, -0.19,  -39099, -2.59
 768,255.00,  -40619, -1.35,   -1888, -0.13,  -38731, -2.57
 769,256.00,  -39147, -1.31,    -799, -0.05,  -38348, -2.54
 770,257.00,  -38439, -1.28,     -63, -0.00,  -38376, -2.55
 771,258.00,  -36736, -1.23,    1018,  0.07,  -37754, -2.50
 772,259.00,  -34422, -1.15,    2492,  0.17,  -36914, -2.45
 773,260.00,  -33755, -1.13,    2884,  0.19,  -36639, -2.43
 774,261.00,  -32524, -1.08,    3569,  0.24,  -36093, -2.39
 775,262.00,  -30886, -1.03,    4572,  0.30,  -35458, -2.35
 776,263.00,  -29126, -0.97,    5002,  0.33,  -34128, -2.26
 777,264.00,  -27325, -0.91,    5269,  0.35,  -32594, -2.16
 778,265.00,  -25615, -0.85,    6365,  0.42,  -31980, -2.12
 779,266.00,  -23571, -0.79,    7266,  0.48,  -30837, -2.05
 780,267.00,  -21419, -0.71,    8255,  0.55,  -29674, -1.97
 781,268.00,  -19685, -0.66,    9568,  0.63,  -29253, -1.94
 782,269.00,  -17505, -0.58,   10932,  0.73,  -28437, -1.89
 783,270.00,  -14539, -0.48,   12362,  0.82,  -26901, -1.78
 784,271.00,  -12034, -0.40,   13562,  0.90,  -25596, -1.70
 785,272.00,  -10209, -0.34,   14493,  0.96,  -24702, -1.64
 786,273.00,   -8665, -0.29,   15261,  1.01,  -23926, -1.59
 787,274.00,   -7188, -0.24,   16087,  1.07,  -23275, -1.54
 788,275.00,   -4941, -0.16,   17476,  1.16,  -22417, -1.49
 789,276.00,   -2162, -0.07,   18826,  1.25,  -20988, -1.39
 790,277.00,    1033,  0.03,   20259,  1.34,  -19226, -1.28
 791,278.00,    3470,  0.12,   21197,  1.41,  -17727, -1.18
 792,279.00,    5307,  0.18,   21868,  1.45,  -16561, -1.10
 793,280.00,    7601,  0.25,   22625,  1.50,  -15024, -1.00
 794,281.00,   10016,  0.33,   23436,  1.55,  -13420, -0.89
 795,282.00,   12988,  0.43,   24531,  1.63,  -11543, -0.77
 796,283.00,   16011,  0.53,   25680,  1.70,   -9669, -0.64
 797,284.00,   18247,  0.61,   26358,  1.75,   -8111, -0.54
 798,285.00,   20747,  0.69,   27306,  1.81,   -6559, -0.44
 799,286.00,   23206,  0.77,   28259,  1.87,   -5053, -0.34
 800,287.00,   26217,  0.87,   29216,  1.94,   -2999, -0.20
 801,288.00,   29224,  0.97,   30279,  2.01,   -1055, -0.07
 802,289.00,   32291,  1.08,   31344,  2.08,     947,  0.06
 803,290.00,   35281,  1.18,   32445,  2.15,    2836,  0.19
 804,291.00,   37103,  1.24,   33081,  2.19,    4022,  0.27
 805,292.00,   38938,  1.30,   33412,  2.22,    5526,  0.37
 806,293.00,   41121,  1.37,   34240,  2.27,    6881,  0.46
 807,294.00,   42651,  1.42,   34886,  2.31,    7765,  0.52
 808,295.00,   44429,  1.48,   35653,  2.37,    8776,  0.58
 809,296.00,   46282,  1.54,   36342,  2.41,    9940,  0.66
 810,297.00,   47607,  1.59,   36857,  2.45,   10750,  0.71
 811,298.00,   48235,  1.61,   37174,  2.47,   11061,  0.73
 812,299.00,   48467,  1.62,   37022,  2.46,   11445,  0.76
 813,300.00,   48648,  1.62,   36311,  2.41,   12337,  0.82
 814,301.00,   49471,  1.65,   35799,  2.38,   13672,  0.91
 815,302.00,   49745,  1.66,   34626,  2.30,   15119,  1.00
 816,303.00,   50276,  1.68,   33361,  2.21,   16915,  1.12
 817,304.00,   51383,  1.71,   32159,  2.13,   19224,  1.28
 818,305.00,   51491,  1.72,   30771,  2.04,   20720,  1.37
 819,306.00,   51587,  1.72,   29389,  1.95,   22198,  1.47
 820,307.00,   51592,  1.72,   28103,  1.86,   23489,  1.56
 821,308.00,   52529,  1.75,   27328,  1.81,   25201,  1.67
 822,309.00,   53264,  1.78,   26308,  1.75,   26956,  1.79
 823,310.00,   54120,  1.81,   25489,  1.69,   28631,  1.90
 824,311.00,   54608,  1.82,   24397,  1.62,   30211,  2.00
 825,312.00,   55135,  1.84,   23401,  1.55,   31734,  2.11
 826,313.00,   55720,  1.86,   22570,  1.50,   33150,  2.20
 827,314.00,   56096,  1.87,   21706,  1.44,   34390,  2.28
 828,315.00,   56411,  1.88,   20818,  1.38,   35593,  2.36
 829,316.00,   56934,  1.90,   19884,  1.32,   37050,  2.46
 830,317.00,   58117,  1.94,   19236,  1.28,   38881,  2.58
 831,318.00,   58749,  1.96,   19021,  1.26,   39728,  2.64
 832,319.00,   59389,  1.98,   18527,  1.23,   40862,  2.71
 833,320.00,   59712,  1.99,   17618,  1.17,   42094,  2.79
 834,321.00,   59893,  2.00,   16791,  1.11,   43102,  2.86
 835,322.00,   60267,  2.01,   16270,  1.08,   43997,  2.92
 836,323.00,   60959,  2.03,   15851,  1.05,   45108,  2.99
 837,324.00,   62521,  2.09,   15695,  1.04,   46826,  3.11
 838,325.00,   63848,  2.13,   15256,  1.01,   48592,  3.22
 839,326.00,   65006,  2.17,   14838,  0.98,   50168,  3.33
 840,327.00,   66358,  2.21,   14785,  0.98,   51573,  3.42
 841,328.00,   67251,  2.24,   13991,  0.93,   53260,  3.53
 842,329.00,   67446,  2.25,   13039,  0.87,   54407,  3.61
 843,330.00,   68281,  2.28,   12449,  0.83,   55832,  3.70
 844,331.00,   68977,  2.30,   11578,  0.77,   57399,  3.81
 845,332.00,   69430,  2.32,   10397,  0.69,   59033,  3.92
 846,333.00,   70837,  2.36,   10023,  0.66,   60814,  4.03
 847,334.00,   71565,  2.39,    9549,  0.63,   62016,  4.11
 848,335.00,   72512,  2.42,    9097,  0.60,   63415,  4.21
 849,336.00,   73957,  2.47,    9043,  0.60,   64914,  4.31
 850,337.00,   75855,  2.53,    9521,  0.63,   66334,  4.40
 851,338.00,   77811,  2.60,   10161,  0.67,   67650,  4.49
 852,339.00,   78864,  2.63,   10149,  0.67,   68715,  4.56
 853,340.00,   79554,  2.65,    9904,  0.66,   69650,  4.62
 854,341.00,   80363,  2.68,   10061,  0.67,   70302,  4.66
 855,342.00,   80237,  2.68,    9712,  0.64,   70525,  4.68
 856,343.00,   80044,  2.67,    9013,  0.60,   71031,  4.71
 857,344.00,   79439,  2.65,    9024,  0.60,   70415,  4.67
 858,345.00,   79242,  2.64,    9140,  0.61,   70102,  4.65
 859,346.00,   79021,  2.64,    9213,  0.61,   69808,  4.63
 860,347.00,   78992,  2.63,    9669,  0.64,   69323,  4.60
 861,348.00,   79265,  2.64,   10095,  0.67,   69170,  4.59
 862,349.00,   79201,  2.64,   10400,  0.69,   68801,  4.56
 863,350.00,   78571,  2.62,   10856,  0.72,   67715,  4.49
 864,351.00,   77650,  2.59,   11047,  0.73,   66603,  4.42
 865,352.00,   75185,  2.51,   10403,  0.69,   64782,  4.30
 866,353.00,   72697,  2.42,    9960,  0.66,   62737,  4.16
 867,354.00,   70653,  2.36,    9421,  0.63,   61232,  4.06
 868,355.00,   68497,  2.28,    8899,  0.59,   59598,  3.95
 869,356.00,   66634,  2.22,    8656,  0.57,   57978,  3.85
 870,357.00,   65213,  2.18,    8431,  0.56,   56782,  3.77
 871,358.00,   63455,  2.12,    7881,  0.52,   55574,  3.69
 872,359.00,   61922,  2.07,    7728,  0.51,   54194,  3.60
 873,360.00,   59969,  2.00,    7220,  0.48,   52749,  3.50
 874,361.00,   58185,  1.94,    6987,  0.46,   51198,  3.40
 875,362.00,   57304,  1.91,    7148,  0.47,   50156,  3.33
 876,363.00,   56859,  1.90,    7314,  0.49,   49545,  3.29
 877,364.00,   54787,  1.83,    6539,  0.43,   48248,  3.20
 878,365.00,   52596,  1.75,    5740,  0.38,   46856,  3.11
 879,366.00,   51347,  1.71,    5455,  0.36,   45892,  3.04
 880,367.00,   50043,  1.67,    5091,  0.34,   44952,  2.98
 881,368.00,   48753,  1.63,    4610,  0.31,   44143,  2.93
 882,369.00,   47247,  1.58,    3882,  0.26,   43365,  2.88
 883,370.00,   45742,  1.53,    3298,  0.22,   42444,  2.82
 884,371.00,   44505,  1.48,    2565,  0.17,   41940,  2.78
 885,372.00,   43979,  1.47,    2150,  0.14,   41829,  2.78
 886,373.00,   43196,  1.44,    1587,  0.11,   41609,  2.76
 887,374.00,   41745,  1.39,     964,  0.06,   40781,  2.71
 888,375.00,   40149,  1.34,     531,  0.04,   39618,  2.63
 889,376.00,   38336,  1.28,      41,  0.00,   38295,  2.54
 890,377.00,   37069,  1.24,    -337, -0.02,   37406,  2.48
 891,378.00,   36200,  1.21,    -377, -0.03,   36577,  2.43
 892,379.00,   34255,  1.14,    -626, -0.04,   34881,  2.31
 893,380.00,   32294,  1.08,   -1525, -0.10,   33819,  2.24
 894,381.00,   30596,  1.02,   -2094, -0.14,   32690,  2.17
 895,382.00,   28051,  0.94,   -3211, -0.21,   31262,  2.07
 896,383.00,   25170,  0.84,   -4055, -0.27,   29225,  1.94
 897,384.00,   21657,  0.72,   -4928, -0.33,   26585,  1.76
 898,385.00,   18316,  0.61,   -5928, -0.39,   24244,  1.61
 899,386.00,   15754,  0.53,   -6216, -0.41,   21970,  1.46
 900,387.00,   13420,  0.45,   -6345, -0.42,   19765,  1.31
 901,388.00,   10374,  0.35,   -7032, -0.47,   17406,  1.15
 902,389.00,    7717,  0.26,   -7589, -0.50,   15306,  1.02
 903,390.00,    4447,  0.15,   -8431, -0.56,   12878,  0.85
 904,391.00,     654,  0.02,   -9739, -0.65,   10393,  0.69
 905,392.00,   -2397, -0.08,  -10515, -0.70,    8118,  0.54
 906,393.00,   -5561, -0.19,  -11293, -0.75,    5732,  0.38
 907,394.00,   -8728, -0.29,  -11738, -0.78,    3010,  0.20
 908,395.00,  -11278, -0.38,  -11869, -0.79,     591,  0.04
 909,396.00,  -13714, -0.46,  -12152, -0.81,   -1562, -0.10
 910,397.00,  -15785, -0.53,  -12940, -0.86,   -2845, -0.19
 911,398.00,  -16468, -0.55,  -12975, -0.86,   -3493, -0.23
 912,399.00,  -17704, -0.59,  -13176, -0.87,   -4528, -0.30
 913,400.00,  -19001, -0.63,  -13381, -0.89,   -5620, -0.37
 914,401.00,  -20318, -0.68,  -13821, -0.92,   -6497, -0.43
 915,402.00,  -22580, -0.75,  -15133, -1.00,   -7447, -0.49
 916,403.00,  -24396, -0.81,  -15767, -1.05,   -8629, -0.57
 917,404.00,  -25154, -0.84,  -15665, -1.04,   -9489, -0.63
 918,405.00,  -26327, -0.88,  -15857, -1.05,  -10470, -0.69
 919,406.00,  -26716, -0.89,  -15942, -1.06,  -10774, -0.71
 920,407.00,  -26947, -0.90,  -15836, -1.05,  -11111, -0.74
 921,408.00,  -26910, -0.90,  -15626, -1.04,  -11284, -0.75
 922,409.00,  -26258, -0.88,  -15019, -1.00,  -11239, -0.75
 923,410.00,  -26181, -0.87,  -14657, -0.97,  -11524, -0.76
 924,411.00,  -26672, -0.89,  -14844, -0.98,  -11828, -0.78
 925,412.00,  -26307, -0.88,  -14624, -0.97,  -11683, -0.78
 926,413.00,  -25935, -0.87,  -14372, -0.95,  -11563, -0.77
 927,414.00,  -24382, -0.81,  -13316, -0.88,  -11066, -0.73
 928,415.00,  -22864, -0.76,  -12207, -0.81,  -10657, -0.71
 929,416.00,  -21303, -0.71,  -10914, -0.72,  -10389, -0.69
 930,417.00,  -19514, -0.65,   -9657, -0.64,   -9857, -0.65
 931,418.00,  -17763, -0.59,   -8488, -0.56,   -9275, -0.62
 932,419.00,  -15400, -0.51,   -7137, -0.47,   -8263, -0.55
 933,420.00,  -12707, -0.42,   -5549, -0.37,   -7158, -0.47
 934,421.00,  -10126, -0.34,   -4457, -0.30,   -5669, -0.38
 935,422.00,   -7817, -0.26,   -3416, -0.23,   -4401, -0.29
 936,423.00,   -5190, -0.17,   -2426, -0.16,   -2764, -0.18
 937,424.00,   -2362, -0.08,   -1383, -0.09,    -979, -0.06
 938,425.00,     485,  0.02,    -644, -0.04,    1129,  0.07
 939,426.00,    2913,  0.10,    -359, -0.02,    3272,  0.22
 940,427.00,    4406,  0.15,    -331, -0.02,    4737,  0.31
 941,428.00,    5623,  0.19,    -349, -0.02,    5972,  0.40
 942,429.00,    7458,  0.25,      46,  0.00,    7412,  0.49
 943,430.00,    9609,  0.32,     218,  0.01,    9391,  0.62
 944,431.00,   12062,  0.40,     138,  0.00,   11924,  0.79
 945,432.00,   15237,  0.51,    1013,  0.07,   14224,  0.94
 946,433.00,   17466,  0.58,    1743,  0.12,   15723,  1.04
 947,434.00,   19901,  0.66,    2450,  0.16,   17451,  1.16
 948,435.00,   22498,  0.75,    3276,  0.22,   19222,  1.28
 949,436.00,   25000,  0.83,    3924,  0.26,   21076,  1.40
 950,437.00,   27872,  0.93,    5241,  0.35,   22631,  1.50
 951,438.00,   31219,  1.04,    7072,  0.47,   24147,  1.60
 952,439.00,   34800,  1.16,    8585,  0.57,   26215,  1.74
 953,440.00,   37015,  1.23,    8873,  0.59,   28142,  1.87
 954,441.00,   38586,  1.29,    9295,  0.62,   29291,  1.94
 955,442.00,   40764,  1.36,   10488,  0.70,   30276,  2.01
 956,443.00,   43740,  1.46,   12175,  0.81,   31565,  2.09
 957,444.00,   46225,  1.54,   13938,  0.92,   32287,  2.14
 958,445.00,   48930,  1.63,   15003,  1.00,   33927,  2.25
 959,446.00,   51822,  1.73,   16101,  1.07,   35721,  2.37
 960,447.00,   54980,  1.83,   17469,  1.16,   37511,  2.49
 961,448.00,   57350,  1.91,   18144,  1.20,   39206,  2.60
 962,449.00,   59498,  1.98,   18521,  1.23,   40977,  2.72
 963,450.00,   60959,  2.03,   18423,  1.22,   42536,  2.82
 964,451.00,   61959,  2.07,   18659,  1.24,   43300,  2.87
 965,452.00,   62502,  2.08,   18872,  1.25,   43630,  2.89
 966,453.00,   62991,  2.10,   18940,  1.26,   44051,  2.92
 967,454.00,   63682,  2.12,   19175,  1.27,   44507,  2.95
 968,455.00,   64656,  2.16,   19425,  1.29,   45231,  3.00
 969,456.00,   66105,  2.20,   19945,  1.32,   46160,  3.06
 970,457.00,   66945,  2.23,   20283,  1.35,   46662,  3.10
 971,458.00,   66888,  2.23,   19919,  1.32,   46969,  3.12
 972,459.00,   66978,  2.23,   19911,  1.32,   47067,  3.12
 973,460.00,   67533,  2.25,   20326,  1.35,   47207,  3.13
 974,461.00,   68286,  2.28,   20994,  1.39,   47292,  3.14
 975,462.00,   68845,  2.30,   21888,  1.45,   46957,  3.12
 976,463.00,   69043,  2.30,   22698,  1.51,   46345,  3.07
 977,464.00,   69237,  2.31,   23229,  1.54,   46008,  3.05
 978,465.00,   70041,  2.34,   24149,  1.60,   45892,  3.04
 979,466.00,   70366,  2.35,   24767,  1.64,   45599,  3.03
 980,467.00,   70822,  2.36,   25292,  1.68,   45530,  3.02
 981,468.00,   71004,  2.37,   26077,  1.73,   44927,  2.98
 982,469.00,   70097,  2.34,   26485,  1.76,   43612,  2.89
 983,470.00,   69743,  2.33,   27080,  1.80,   42663,  2.83
 984,471.00,   70150,  2.34,   27747,  1.84,   42403,  2.81
 985,472.00,   70740,  2.36,   28461,  1.89,   42279,  2.80
 986,473.00,   71937,  2.40,   29573,  1.96,   42364,  2.81
 987,474.00,   72801,  2.43,   30635,  2.03,   42166,  2.80
 988,475.00,   72664,  2.42,   31311,  2.08,   41353,  2.74
 989,476.00,   71840,  2.40,   31393,  2.08,   40447,  2.68
 990,477.00,   70996,  2.37,   31630,  2.10,   39366,  2.61
 991,478.00,   71120,  2.37,   32303,  2.14,   38817,  2.58
 992,479.00,   70896,  2.36,   32591,  2.16,   38305,  2.54
 993,480.00,   70828,  2.36,   33329,  2.21,   37499,  2.49
 994,481.00,   70588,  2.35,   34003,  2.26,   36585,  2.43
 995,482.00,   69909,  2.33,   34303,  2.28,   35606,  2.36
 996,483.00,   69393,  2.31,   34511,  2.29,   34882,  2.31
 997,484.00,   68296,  2.28,   34068,  2.26,   34228,  2.27
 998,485.00,   67249,  2.24,   33850,  2.25,   33399,  2.22
 999,486.00,   66396,  2.21,   33994,  2.26,   32402,  2.15
1000,487.00,   65200,  2.17,   33518,  2.22,   31682,  2.10
1001,488.00,   63406,  2.11,   33123,  2.20,   30283,  2.01
1002,489.00,   61547,  2.05,   32834,  2.18,   28713,  1.90
1003,490.00,   60121,  2.01,   33035,  2.19,   27086,  1.80
1004,491.00,   58029,  1.94,   32979,  2.19,   25050,  1.66
1005,492.00,   56136,  1.87,   32861,  2.18,   23275,  1.54
1006,493.00,   54096,  1.80,   33092,  2.20,   21004,  1.39
1007,494.00,   51606,  1.72,   32777,  2.17,   18829,  1.25
1008,495.00,   49630,  1.66,   33084,  2.19,   16546,  1.10
1009,496.00,   48099,  1.60,   33730,  2.24,   14369,  0.95
1010,497.00,   46717,  1.56,   34136,  2.26,   12581,  0.83
1011,498.00,   44706,  1.49,   34514,  2.29,   10192,  0.68
1012,499.00,   42676,  1.42,   34791,  2.31,    7885,  0.52
1013,500.00,   40677,  1.36,   34756,  2.31,    5921,  0.39
1014,501.00,   38877,  1.30,   34748,  2.31,    4129,  0.27
1015,502.00,   36427,  1.21,   34707,  2.30,    1720,  0.11
1016,503.00,   34284,  1.14,   34828,  2.31,    -544, -0.04
1017,504.00,   32163,  1.07,   34741,  2.30,   -2578, -0.17
1018,505.00,   29853,  1.00,   34225,  2.27,   -4372, -0.29
1019,506.00,   28210,  0.94,   34006,  2.26,   -5796, -0.38
1020,507.00,   26593,  0.89,   33865,  2.25,   -7272, -0.48
1021,508.00,   25002,  0.83,   33838,  2.24,   -8836, -0.59
1022,509.00,   22986,  0.77,   33473,  2.22,  -10487, -0.70
1023,510.00,   20482,  0.68,   32950,  2.19,  -12468, -0.83
1024,511.00,   18115,  0.60,   32664,  2.17,  -14549, -0.97
