-----------------------------------------------------------------------------------
Identifier:,IHS5922-20181C02
File Name:,WSLP70B.6
Ear:,L
Channel:,2
Intensity:,70 dB HL
Stim. Rate:,  1.10/s
Stim. Mode:,0
Sweeps:,61
Artifacts:,1
Smp. Period:,1000.00 us
Amp. Gain:, 50.00 K
Low Pass:, 30.00 Hz
High Pass:,  1.00 Hz
Notch Filter:,TRUE
Stimulus:,100
Stim. Freq.:,1000 Hz
Stim. Dur.:,2000 pnts
Masking:,0 dB SPL
Stim. Point:,513
-----------------------------------------------------------------------------------
Peak Information:,Label,Peak(+),Peak(+)(ms),Peak(-),Peak(-)(ms)
,21, 832,319.00, 891,378.00,
-----------------------------------------------------------------------------------


Data Pnt:,Data Pnt(ms):,Average:,Average(uV):,Buffer1:,Buffer1(uV):,Buffer2:,Buffer2(uV):
   1,-512.00,       0,  0.00,       0,  0.00,       0,  0.00
   2,-511.00,       0,  0.00,       0,  0.00,       0,  0.00
   3,-510.00,       0,  0.00,       0,  0.00,       0,  0.00
   4,-509.00,       0,  0.00,       0,  0.00,       0,  0.00
   5,-508.00,       0,  0.00,       0,  0.00,       0,  0.00
   6,-507.00,       0,  0.00,       0,  0.00,       0,  0.00
   7,-506.00,       0,  0.00,       0,  0.00,       0,  0.00
   8,-505.00,       0,  0.00,       0,  0.00,       0,  0.00
   9,-504.00,       0,  0.00,       0,  0.00,       0,  0.00
  10,-503.00,       0,  0.00,       0,  0.00,       0,  0.00
  11,-502.00,       0,  0.00,       0,  0.00,       0,  0.00
  12,-501.00,       0,  0.00,       0,  0.00,       0,  0.00
  13,-500.00,       0,  0.00,       0,  0.00,       0,  0.00
  14,-499.00,       0,  0.00,       0,  0.00,       0,  0.00
  15,-498.00,       0,  0.00,       0,  0.00,       0,  0.00
  16,-497.00,       0,  0.00,       0,  0.00,       0,  0.00
  17,-496.00,       0,  0.00,       0,  0.00,       0,  0.00
  18,-495.00,       0,  0.00,       0,  0.00,       0,  0.00
  19,-494.00,       0,  0.00,       0,  0.00,       0,  0.00
  20,-493.00,       0,  0.00,       0,  0.00,       0,  0.00
  21,-492.00,       0,  0.00,       0,  0.00,       0,  0.00
  22,-491.00,       0,  0.00,       0,  0.00,       0,  0.00
  23,-490.00,       0,  0.00,       0,  0.00,       0,  0.00
  24,-489.00,       0,  0.00,       0,  0.00,       0,  0.00
  25,-488.00,       0,  0.00,       0,  0.00,       0,  0.00
  26,-487.00,       0,  0.00,       0,  0.00,       0,  0.00
  27,-486.00,       0,  0.00,       0,  0.00,       0,  0.00
  28,-485.00,       0,  0.00,       0,  0.00,       0,  0.00
  29,-484.00,       0,  0.00,       0,  0.00,       0,  0.00
  30,-483.00,       0,  0.00,       0,  0.00,       0,  0.00
  31,-482.00,       0,  0.00,       0,  0.00,       0,  0.00
  32,-481.00,       0,  0.00,       0,  0.00,       0,  0.00
  33,-480.00,       0,  0.00,       0,  0.00,       0,  0.00
  34,-479.00,       0,  0.00,       0,  0.00,       0,  0.00
  35,-478.00,       0,  0.00,       0,  0.00,       0,  0.00
  36,-477.00,       0,  0.00,       0,  0.00,       0,  0.00
  37,-476.00,       0,  0.00,       0,  0.00,       0,  0.00
  38,-475.00,       0,  0.00,       0,  0.00,       0,  0.00
  39,-474.00,       0,  0.00,       0,  0.00,       0,  0.00
  40,-473.00,       0,  0.00,       0,  0.00,       0,  0.00
  41,-472.00,       0,  0.00,       0,  0.00,       0,  0.00
  42,-471.00,       0,  0.00,       0,  0.00,       0,  0.00
  43,-470.00,       0,  0.00,       0,  0.00,       0,  0.00
  44,-469.00,       0,  0.00,       0,  0.00,       0,  0.00
  45,-468.00,       0,  0.00,       0,  0.00,       0,  0.00
  46,-467.00,       0,  0.00,       0,  0.00,       0,  0.00
  47,-466.00,       0,  0.00,       0,  0.00,       0,  0.00
  48,-465.00,       0,  0.00,       0,  0.00,       0,  0.00
  49,-464.00,       0,  0.00,       0,  0.00,       0,  0.00
  50,-463.00,       0,  0.00,       0,  0.00,       0,  0.00
  51,-462.00,       0,  0.00,       0,  0.00,       0,  0.00
  52,-461.00,       0,  0.00,       0,  0.00,       0,  0.00
  53,-460.00,       0,  0.00,       0,  0.00,       0,  0.00
  54,-459.00,       0,  0.00,       0,  0.00,       0,  0.00
  55,-458.00,       0,  0.00,       0,  0.00,       0,  0.00
  56,-457.00,       0,  0.00,       0,  0.00,       0,  0.00
  57,-456.00,       0,  0.00,       0,  0.00,       0,  0.00
  58,-455.00,       0,  0.00,       0,  0.00,       0,  0.00
  59,-454.00,       0,  0.00,       0,  0.00,       0,  0.00
  60,-453.00,       0,  0.00,       0,  0.00,       0,  0.00
  61,-452.00,       0,  0.00,       0,  0.00,       0,  0.00
  62,-451.00,       0,  0.00,       0,  0.00,       0,  0.00
  63,-450.00,       0,  0.00,       0,  0.00,       0,  0.00
  64,-449.00,       0,  0.00,       0,  0.00,       0,  0.00
  65,-448.00,       0,  0.00,       0,  0.00,       0,  0.00
  66,-447.00,       0,  0.00,       0,  0.00,       0,  0.00
  67,-446.00,       0,  0.00,       0,  0.00,       0,  0.00
  68,-445.00,       0,  0.00,       0,  0.00,       0,  0.00
  69,-444.00,       0,  0.00,       0,  0.00,       0,  0.00
  70,-443.00,       0,  0.00,       0,  0.00,       0,  0.00
  71,-442.00,       0,  0.00,       0,  0.00,       0,  0.00
  72,-441.00,       0,  0.00,       0,  0.00,       0,  0.00
  73,-440.00,       0,  0.00,       0,  0.00,       0,  0.00
  74,-439.00,       0,  0.00,       0,  0.00,       0,  0.00
  75,-438.00,       0,  0.00,       0,  0.00,       0,  0.00
  76,-437.00,       0,  0.00,       0,  0.00,       0,  0.00
  77,-436.00,       0,  0.00,       0,  0.00,       0,  0.00
  78,-435.00,       0,  0.00,       0,  0.00,       0,  0.00
  79,-434.00,       0,  0.00,       0,  0.00,       0,  0.00
  80,-433.00,       0,  0.00,       0,  0.00,       0,  0.00
  81,-432.00,       0,  0.00,       0,  0.00,       0,  0.00
  82,-431.00,       0,  0.00,       0,  0.00,       0,  0.00
  83,-430.00,       0,  0.00,       0,  0.00,       0,  0.00
  84,-429.00,       0,  0.00,       0,  0.00,       0,  0.00
  85,-428.00,       0,  0.00,       0,  0.00,       0,  0.00
  86,-427.00,       0,  0.00,       0,  0.00,       0,  0.00
  87,-426.00,       0,  0.00,       0,  0.00,       0,  0.00
  88,-425.00,       0,  0.00,       0,  0.00,       0,  0.00
  89,-424.00,       0,  0.00,       0,  0.00,       0,  0.00
  90,-423.00,       0,  0.00,       0,  0.00,       0,  0.00
  91,-422.00,       0,  0.00,       0,  0.00,       0,  0.00
  92,-421.00,       0,  0.00,       0,  0.00,       0,  0.00
  93,-420.00,       0,  0.00,       0,  0.00,       0,  0.00
  94,-419.00,       0,  0.00,       0,  0.00,       0,  0.00
  95,-418.00,       0,  0.00,       0,  0.00,       0,  0.00
  96,-417.00,       0,  0.00,       0,  0.00,       0,  0.00
  97,-416.00,       0,  0.00,       0,  0.00,       0,  0.00
  98,-415.00,       0,  0.00,       0,  0.00,       0,  0.00
  99,-414.00,       0,  0.00,       0,  0.00,       0,  0.00
 100,-413.00,       0,  0.00,       0,  0.00,       0,  0.00
 101,-412.00,       0,  0.00,       0,  0.00,       0,  0.00
 102,-411.00,       0,  0.00,       0,  0.00,       0,  0.00
 103,-410.00,       0,  0.00,       0,  0.00,       0,  0.00
 104,-409.00,       0,  0.00,       0,  0.00,       0,  0.00
 105,-408.00,       0,  0.00,       0,  0.00,       0,  0.00
 106,-407.00,       0,  0.00,       0,  0.00,       0,  0.00
 107,-406.00,       0,  0.00,       0,  0.00,       0,  0.00
 108,-405.00,       0,  0.00,       0,  0.00,       0,  0.00
 109,-404.00,       0,  0.00,       0,  0.00,       0,  0.00
 110,-403.00,       0,  0.00,       0,  0.00,       0,  0.00
 111,-402.00,       0,  0.00,       0,  0.00,       0,  0.00
 112,-401.00,       0,  0.00,       0,  0.00,       0,  0.00
 113,-400.00,       0,  0.00,       0,  0.00,       0,  0.00
 114,-399.00,       0,  0.00,       0,  0.00,       0,  0.00
 115,-398.00,       0,  0.00,       0,  0.00,       0,  0.00
 116,-397.00,   22809,  2.28,   17580,  3.58,    5229,  1.06
 117,-396.00,   22116,  2.21,   17691,  3.60,    4425,  0.90
 118,-395.00,   21513,  2.15,   17838,  3.63,    3675,  0.75
 119,-394.00,   20392,  2.04,   17801,  3.62,    2591,  0.53
 120,-393.00,   19331,  1.93,   18087,  3.68,    1244,  0.25
 121,-392.00,   18740,  1.88,   18517,  3.77,     223,  0.05
 122,-391.00,   18313,  1.83,   18722,  3.81,    -409, -0.08
 123,-390.00,   17639,  1.76,   18698,  3.80,   -1059, -0.22
 124,-389.00,   17894,  1.79,   19015,  3.87,   -1121, -0.23
 125,-388.00,   17608,  1.76,   18861,  3.84,   -1253, -0.25
 126,-387.00,   17038,  1.70,   18311,  3.73,   -1273, -0.26
 127,-386.00,   16371,  1.64,   17591,  3.58,   -1220, -0.25
 128,-385.00,   15603,  1.56,   17115,  3.48,   -1512, -0.31
 129,-384.00,   14784,  1.48,   16722,  3.40,   -1938, -0.39
 130,-383.00,   13804,  1.38,   15784,  3.21,   -1980, -0.40
 131,-382.00,   13046,  1.31,   14737,  3.00,   -1691, -0.34
 132,-381.00,   12320,  1.23,   13687,  2.78,   -1367, -0.28
 133,-380.00,   11850,  1.19,   12582,  2.56,    -732, -0.15
 134,-379.00,   12049,  1.21,   11622,  2.36,     427,  0.09
 135,-378.00,   11413,  1.14,   10645,  2.17,     768,  0.16
 136,-377.00,   10202,  1.02,    9216,  1.88,     986,  0.20
 137,-376.00,    9770,  0.98,    8283,  1.69,    1487,  0.30
 138,-375.00,    9560,  0.96,    7585,  1.54,    1975,  0.40
 139,-374.00,    9135,  0.91,    6603,  1.34,    2532,  0.52
 140,-373.00,    7053,  0.71,    4323,  0.88,    2730,  0.56
 141,-372.00,    5569,  0.56,    3155,  0.64,    2414,  0.49
 142,-371.00,    3998,  0.40,    1992,  0.41,    2006,  0.41
 143,-370.00,    2309,  0.23,     542,  0.11,    1767,  0.36
 144,-369.00,    1412,  0.14,     209,  0.04,    1203,  0.24
 145,-368.00,     -47, -0.00,    -769, -0.16,     722,  0.15
 146,-367.00,   -1946, -0.19,   -2308, -0.47,     362,  0.07
 147,-366.00,   -2294, -0.23,   -2630, -0.54,     336,  0.07
 148,-365.00,   -3132, -0.31,   -3583, -0.73,     451,  0.09
 149,-364.00,   -3852, -0.39,   -4197, -0.85,     345,  0.07
 150,-363.00,   -4567, -0.46,   -4671, -0.95,     104,  0.02
 151,-362.00,   -6040, -0.60,   -5640, -1.15,    -400, -0.08
 152,-361.00,   -7809, -0.78,   -7201, -1.47,    -608, -0.12
 153,-360.00,  -10159, -1.02,   -9518, -1.94,    -641, -0.13
 154,-359.00,  -11773, -1.18,  -11099, -2.26,    -674, -0.14
 155,-358.00,  -12125, -1.21,  -11459, -2.33,    -666, -0.14
 156,-357.00,  -12473, -1.25,  -11770, -2.39,    -703, -0.14
 157,-356.00,  -13565, -1.36,  -13069, -2.66,    -496, -0.10
 158,-355.00,  -14504, -1.45,  -14475, -2.95,     -29, -0.00
 159,-354.00,  -15020, -1.50,  -15107, -3.07,      87,  0.02
 160,-353.00,  -15713, -1.57,  -15436, -3.14,    -277, -0.06
 161,-352.00,  -16081, -1.61,  -15755, -3.21,    -326, -0.07
 162,-351.00,  -15822, -1.58,  -15737, -3.20,     -85, -0.02
 163,-350.00,  -16122, -1.61,  -16116, -3.28,      -6, -0.00
 164,-349.00,  -16201, -1.62,  -16071, -3.27,    -130, -0.03
 165,-348.00,  -16325, -1.63,  -15307, -3.11,   -1018, -0.21
 166,-347.00,  -16851, -1.69,  -14701, -2.99,   -2150, -0.44
 167,-346.00,  -16596, -1.66,  -13207, -2.69,   -3389, -0.69
 168,-345.00,  -16504, -1.65,  -12545, -2.55,   -3959, -0.81
 169,-344.00,  -15967, -1.60,  -11672, -2.37,   -4295, -0.87
 170,-343.00,  -15038, -1.50,  -10554, -2.15,   -4484, -0.91
 171,-342.00,  -13691, -1.37,   -9081, -1.85,   -4610, -0.94
 172,-341.00,  -12466, -1.25,   -7306, -1.49,   -5160, -1.05
 173,-340.00,  -11396, -1.14,   -5795, -1.18,   -5601, -1.14
 174,-339.00,  -10791, -1.08,   -4798, -0.98,   -5993, -1.22
 175,-338.00,   -9944, -1.00,   -3615, -0.74,   -6329, -1.29
 176,-337.00,   -9167, -0.92,   -2094, -0.43,   -7073, -1.44
 177,-336.00,   -7899, -0.79,     -55, -0.01,   -7844, -1.60
 178,-335.00,   -7112, -0.71,     848,  0.17,   -7960, -1.62
 179,-334.00,   -7238, -0.72,    1028,  0.21,   -8266, -1.68
 180,-333.00,   -6332, -0.63,    1876,  0.38,   -8208, -1.67
 181,-332.00,   -5900, -0.59,    2421,  0.49,   -8321, -1.69
 182,-331.00,   -4820, -0.48,    3634,  0.74,   -8454, -1.72
 183,-330.00,   -2936, -0.29,    4855,  0.99,   -7791, -1.59
 184,-329.00,    -950, -0.10,    6380,  1.30,   -7330, -1.49
 185,-328.00,     322,  0.03,    7410,  1.51,   -7088, -1.44
 186,-327.00,    2734,  0.27,    9364,  1.91,   -6630, -1.35
 187,-326.00,    4108,  0.41,   10708,  2.18,   -6600, -1.34
 188,-325.00,    4667,  0.47,   11290,  2.30,   -6623, -1.35
 189,-324.00,    5267,  0.53,   11369,  2.31,   -6102, -1.24
 190,-323.00,    6434,  0.64,   11761,  2.39,   -5327, -1.08
 191,-322.00,    8167,  0.82,   12570,  2.56,   -4403, -0.90
 192,-321.00,    9332,  0.93,   13141,  2.67,   -3809, -0.77
 193,-320.00,    9583,  0.96,   12769,  2.60,   -3186, -0.65
 194,-319.00,   10085,  1.01,   12701,  2.58,   -2616, -0.53
 195,-318.00,   10875,  1.09,   12902,  2.62,   -2027, -0.41
 196,-317.00,   12290,  1.23,   13221,  2.69,    -931, -0.19
 197,-316.00,   13717,  1.37,   13300,  2.71,     417,  0.08
 198,-315.00,   14299,  1.43,   13000,  2.64,    1299,  0.26
 199,-314.00,   15320,  1.53,   13164,  2.68,    2156,  0.44
 200,-313.00,   16040,  1.60,   13457,  2.74,    2583,  0.53
 201,-312.00,   15933,  1.59,   13488,  2.74,    2445,  0.50
 202,-311.00,   16054,  1.61,   13479,  2.74,    2575,  0.52
 203,-310.00,   17529,  1.75,   14444,  2.94,    3085,  0.63
 204,-309.00,   19544,  1.96,   16255,  3.31,    3289,  0.67
 205,-308.00,   19778,  1.98,   16582,  3.37,    3196,  0.65
 206,-307.00,   19551,  1.96,   16102,  3.28,    3449,  0.70
 207,-306.00,   19984,  2.00,   16365,  3.33,    3619,  0.74
 208,-305.00,   20953,  2.10,   16983,  3.46,    3970,  0.81
 209,-304.00,   20046,  2.01,   16603,  3.38,    3443,  0.70
 210,-303.00,   19265,  1.93,   17234,  3.51,    2031,  0.41
 211,-302.00,   18841,  1.89,   18305,  3.72,     536,  0.11
 212,-301.00,   17512,  1.75,   18538,  3.77,   -1026, -0.21
 213,-300.00,   16748,  1.68,   18447,  3.75,   -1699, -0.35
 214,-299.00,   16720,  1.67,   18139,  3.69,   -1419, -0.29
 215,-298.00,   16522,  1.65,   17903,  3.64,   -1381, -0.28
 216,-297.00,   17116,  1.71,   18239,  3.71,   -1123, -0.23
 217,-296.00,   17001,  1.70,   18093,  3.68,   -1092, -0.22
 218,-295.00,   15574,  1.56,   17401,  3.54,   -1827, -0.37
 219,-294.00,   13297,  1.33,   16120,  3.28,   -2823, -0.57
 220,-293.00,   12404,  1.24,   15660,  3.19,   -3256, -0.66
 221,-292.00,   11927,  1.19,   14629,  2.98,   -2702, -0.55
 222,-291.00,   11977,  1.20,   13893,  2.83,   -1916, -0.39
 223,-290.00,   12822,  1.28,   13569,  2.76,    -747, -0.15
 224,-289.00,   13441,  1.34,   12940,  2.63,     501,  0.10
 225,-288.00,   14086,  1.41,   12086,  2.46,    2000,  0.41
 226,-287.00,   15036,  1.50,   11843,  2.41,    3193,  0.65
 227,-286.00,   16506,  1.65,   11694,  2.38,    4812,  0.98
 228,-285.00,   18076,  1.81,   11885,  2.42,    6191,  1.26
 229,-284.00,   17638,  1.76,   10891,  2.22,    6747,  1.37
 230,-283.00,   15962,  1.60,    9106,  1.85,    6856,  1.39
 231,-282.00,   14866,  1.49,    7648,  1.56,    7218,  1.47
 232,-281.00,   14624,  1.46,    6662,  1.36,    7962,  1.62
 233,-280.00,   13142,  1.31,    4728,  0.96,    8414,  1.71
 234,-279.00,   11068,  1.11,    2284,  0.46,    8784,  1.79
 235,-278.00,    9567,  0.96,     552,  0.11,    9015,  1.83
 236,-277.00,    8932,  0.89,    -284, -0.06,    9216,  1.88
 237,-276.00,    8684,  0.87,    -351, -0.07,    9035,  1.84
 238,-275.00,    7381,  0.74,    -986, -0.20,    8367,  1.70
 239,-274.00,    5540,  0.55,   -2085, -0.42,    7625,  1.55
 240,-273.00,    5040,  0.50,   -2502, -0.51,    7542,  1.53
 241,-272.00,    4541,  0.45,   -3335, -0.68,    7876,  1.60
 242,-271.00,    3234,  0.32,   -4606, -0.94,    7840,  1.60
 243,-270.00,    1990,  0.20,   -5850, -1.19,    7840,  1.60
 244,-269.00,     693,  0.07,   -6653, -1.35,    7346,  1.49
 245,-268.00,     534,  0.05,   -6910, -1.41,    7444,  1.51
 246,-267.00,     428,  0.04,   -7145, -1.45,    7573,  1.54
 247,-266.00,     565,  0.06,   -6829, -1.39,    7394,  1.50
 248,-265.00,     935,  0.09,   -6137, -1.25,    7072,  1.44
 249,-264.00,    1364,  0.14,   -5411, -1.10,    6775,  1.38
 250,-263.00,    1425,  0.14,   -5410, -1.10,    6835,  1.39
 251,-262.00,    1454,  0.15,   -5582, -1.14,    7036,  1.43
 252,-261.00,    1530,  0.15,   -5770, -1.17,    7300,  1.49
 253,-260.00,    1929,  0.19,   -5390, -1.10,    7319,  1.49
 254,-259.00,    3088,  0.31,   -3473, -0.71,    6561,  1.33
 255,-258.00,    4076,  0.41,   -2117, -0.43,    6193,  1.26
 256,-257.00,    4641,  0.46,   -1065, -0.22,    5706,  1.16
 257,-256.00,    5705,  0.57,     539,  0.11,    5166,  1.05
 258,-255.00,    6356,  0.64,    1479,  0.30,    4877,  0.99
 259,-254.00,    8042,  0.80,    2889,  0.59,    5153,  1.05
 260,-253.00,    9474,  0.95,    4079,  0.83,    5395,  1.10
 261,-252.00,   10130,  1.01,    4277,  0.87,    5853,  1.19
 262,-251.00,   10039,  1.00,    4170,  0.85,    5869,  1.19
 263,-250.00,   10306,  1.03,    5375,  1.09,    4931,  1.00
 264,-249.00,   10581,  1.06,    6523,  1.33,    4058,  0.83
 265,-248.00,   11756,  1.18,    7539,  1.53,    4217,  0.86
 266,-247.00,   13439,  1.34,    8213,  1.67,    5226,  1.06
 267,-246.00,   14210,  1.42,    8566,  1.74,    5644,  1.15
 268,-245.00,   13153,  1.32,    7857,  1.60,    5296,  1.08
 269,-244.00,   11770,  1.18,    6671,  1.36,    5099,  1.04
 270,-243.00,   10120,  1.01,    5734,  1.17,    4386,  0.89
 271,-242.00,    9053,  0.91,    5270,  1.07,    3783,  0.77
 272,-241.00,    8422,  0.84,    4908,  1.00,    3514,  0.71
 273,-240.00,    7430,  0.74,    3853,  0.78,    3577,  0.73
 274,-239.00,    6271,  0.63,    3227,  0.66,    3044,  0.62
 275,-238.00,    5386,  0.54,    2840,  0.58,    2546,  0.52
 276,-237.00,    4458,  0.45,    1965,  0.40,    2493,  0.51
 277,-236.00,    4155,  0.42,    1127,  0.23,    3028,  0.62
 278,-235.00,    3351,  0.34,     434,  0.09,    2917,  0.59
 279,-234.00,    2462,  0.25,    -106, -0.02,    2568,  0.52
 280,-233.00,    2255,  0.23,    -315, -0.06,    2570,  0.52
 281,-232.00,    1538,  0.15,    -838, -0.17,    2376,  0.48
 282,-231.00,     847,  0.08,   -1509, -0.31,    2356,  0.48
 283,-230.00,    -343, -0.03,   -2654, -0.54,    2311,  0.47
 284,-229.00,   -2013, -0.20,   -4127, -0.84,    2114,  0.43
 285,-228.00,   -3200, -0.32,   -4767, -0.97,    1567,  0.32
 286,-227.00,   -4846, -0.48,   -5447, -1.11,     601,  0.12
 287,-226.00,   -6200, -0.62,   -5988, -1.22,    -212, -0.04
 288,-225.00,   -7339, -0.73,   -6630, -1.35,    -709, -0.14
 289,-224.00,   -8577, -0.86,   -7153, -1.46,   -1424, -0.29
 290,-223.00,  -10027, -1.00,   -7722, -1.57,   -2305, -0.47
 291,-222.00,  -10819, -1.08,   -8097, -1.65,   -2722, -0.55
 292,-221.00,  -11837, -1.18,   -8226, -1.67,   -3611, -0.73
 293,-220.00,  -12174, -1.22,   -8223, -1.67,   -3951, -0.80
 294,-219.00,  -12767, -1.28,   -8074, -1.64,   -4693, -0.95
 295,-218.00,  -13200, -1.32,   -7924, -1.61,   -5276, -1.07
 296,-217.00,  -14031, -1.40,   -8149, -1.66,   -5882, -1.20
 297,-216.00,  -14756, -1.48,   -8712, -1.77,   -6044, -1.23
 298,-215.00,  -15106, -1.51,   -8808, -1.79,   -6298, -1.28
 299,-214.00,  -14758, -1.48,   -8265, -1.68,   -6493, -1.32
 300,-213.00,  -14127, -1.41,   -7661, -1.56,   -6466, -1.32
 301,-212.00,  -14341, -1.43,   -7824, -1.59,   -6517, -1.33
 302,-211.00,  -14355, -1.44,   -8367, -1.70,   -5988, -1.22
 303,-210.00,  -14048, -1.41,   -9159, -1.86,   -4889, -0.99
 304,-209.00,  -13534, -1.35,   -9651, -1.96,   -3883, -0.79
 305,-208.00,  -13987, -1.40,  -10520, -2.14,   -3467, -0.71
 306,-207.00,  -14521, -1.45,  -11173, -2.27,   -3348, -0.68
 307,-206.00,  -15467, -1.55,  -12354, -2.51,   -3113, -0.63
 308,-205.00,  -16680, -1.67,  -14197, -2.89,   -2483, -0.51
 309,-204.00,  -17565, -1.76,  -16243, -3.30,   -1322, -0.27
 310,-203.00,  -18201, -1.82,  -18240, -3.71,      39,  0.00
 311,-202.00,  -19223, -1.92,  -20412, -4.15,    1189,  0.24
 312,-201.00,  -19770, -1.98,  -22226, -4.52,    2456,  0.50
 313,-200.00,  -19932, -1.99,  -23719, -4.83,    3787,  0.77
 314,-199.00,  -21572, -2.16,  -25802, -5.25,    4230,  0.86
 315,-198.00,  -23646, -2.37,  -28111, -5.72,    4465,  0.91
 316,-197.00,  -25101, -2.51,  -30057, -6.12,    4956,  1.01
 317,-196.00,  -26345, -2.64,  -31620, -6.43,    5275,  1.07
 318,-195.00,  -27284, -2.73,  -32851, -6.68,    5567,  1.13
 319,-194.00,  -28071, -2.81,  -34243, -6.97,    6172,  1.26
 320,-193.00,  -28776, -2.88,  -35635, -7.25,    6859,  1.40
 321,-192.00,  -29743, -2.98,  -37050, -7.54,    7307,  1.49
 322,-191.00,  -31736, -3.18,  -38849, -7.90,    7113,  1.45
 323,-190.00,  -34297, -3.43,  -40671, -8.27,    6374,  1.30
 324,-189.00,  -35902, -3.59,  -41726, -8.49,    5824,  1.18
 325,-188.00,  -36876, -3.69,  -42035, -8.55,    5159,  1.05
 326,-187.00,  -37999, -3.80,  -42504, -8.65,    4505,  0.92
 327,-186.00,  -40275, -4.03,  -43496, -8.85,    3221,  0.66
 328,-185.00,  -42885, -4.29,  -44531, -9.06,    1646,  0.33
 329,-184.00,  -45008, -4.50,  -45846, -9.33,     838,  0.17
 330,-183.00,  -47046, -4.71,  -47574, -9.68,     528,  0.11
 331,-182.00,  -48648, -4.87,  -48603, -9.89,     -45, -0.00
 332,-181.00,  -49593, -4.96,  -48789, -9.93,    -804, -0.16
 333,-180.00,  -49667, -4.97,  -48052, -9.78,   -1615, -0.33
 334,-179.00,  -49223, -4.93,  -47248, -9.61,   -1975, -0.40
 335,-178.00,  -49313, -4.93,  -46669, -9.50,   -2644, -0.54
 336,-177.00,  -49363, -4.94,  -46257, -9.41,   -3106, -0.63
 337,-176.00,  -49691, -4.97,  -46109, -9.38,   -3582, -0.73
 338,-175.00,  -50040, -5.01,  -46157, -9.39,   -3883, -0.79
 339,-174.00,  -49884, -4.99,  -46051, -9.37,   -3833, -0.78
 340,-173.00,  -49926, -5.00,  -45820, -9.32,   -4106, -0.84
 341,-172.00,  -49425, -4.95,  -44894, -9.13,   -4531, -0.92
 342,-171.00,  -48624, -4.87,  -44128, -8.98,   -4496, -0.91
 343,-170.00,  -46867, -4.69,  -42847, -8.72,   -4020, -0.82
 344,-169.00,  -45647, -4.57,  -42152, -8.58,   -3495, -0.71
 345,-168.00,  -43798, -4.38,  -41690, -8.48,   -2108, -0.43
 346,-167.00,  -42337, -4.24,  -40558, -8.25,   -1779, -0.36
 347,-166.00,  -41180, -4.12,  -38959, -7.93,   -2221, -0.45
 348,-165.00,  -39995, -4.00,  -37519, -7.63,   -2476, -0.50
 349,-164.00,  -39015, -3.90,  -36305, -7.39,   -2710, -0.55
 350,-163.00,  -38148, -3.82,  -35044, -7.13,   -3104, -0.63
 351,-162.00,  -36792, -3.68,  -33429, -6.80,   -3363, -0.68
 352,-161.00,  -36357, -3.64,  -32294, -6.57,   -4063, -0.83
 353,-160.00,  -36992, -3.70,  -32429, -6.60,   -4563, -0.93
 354,-159.00,  -36535, -3.66,  -31577, -6.42,   -4958, -1.01
 355,-158.00,  -35761, -3.58,  -30143, -6.13,   -5618, -1.14
 356,-157.00,  -35054, -3.51,  -28361, -5.77,   -6693, -1.36
 357,-156.00,  -35042, -3.51,  -27582, -5.61,   -7460, -1.52
 358,-155.00,  -34781, -3.48,  -26974, -5.49,   -7807, -1.59
 359,-154.00,  -34738, -3.48,  -26174, -5.33,   -8564, -1.74
 360,-153.00,  -34149, -3.42,  -25056, -5.10,   -9093, -1.85
 361,-152.00,  -34239, -3.43,  -24129, -4.91,  -10110, -2.06
 362,-151.00,  -34753, -3.48,  -23773, -4.84,  -10980, -2.23
 363,-150.00,  -34923, -3.49,  -23492, -4.78,  -11431, -2.33
 364,-149.00,  -34075, -3.41,  -22575, -4.59,  -11500, -2.34
 365,-148.00,  -32665, -3.27,  -21296, -4.33,  -11369, -2.31
 366,-147.00,  -30945, -3.10,  -19981, -4.07,  -10964, -2.23
 367,-146.00,  -29885, -2.99,  -19111, -3.89,  -10774, -2.19
 368,-145.00,  -29621, -2.96,  -19106, -3.89,  -10515, -2.14
 369,-144.00,  -29175, -2.92,  -18904, -3.85,  -10271, -2.09
 370,-143.00,  -27819, -2.78,  -18008, -3.66,   -9811, -2.00
 371,-142.00,  -26050, -2.61,  -16976, -3.45,   -9074, -1.85
 372,-141.00,  -24328, -2.43,  -16128, -3.28,   -8200, -1.67
 373,-140.00,  -22756, -2.28,  -15537, -3.16,   -7219, -1.47
 374,-139.00,  -20900, -2.09,  -14889, -3.03,   -6011, -1.22
 375,-138.00,  -19461, -1.95,  -14516, -2.95,   -4945, -1.01
 376,-137.00,  -17522, -1.75,  -13749, -2.80,   -3773, -0.77
 377,-136.00,  -15422, -1.54,  -12373, -2.52,   -3049, -0.62
 378,-135.00,  -13532, -1.35,  -10413, -2.12,   -3119, -0.63
 379,-134.00,  -11622, -1.16,   -9257, -1.88,   -2365, -0.48
 380,-133.00,  -10519, -1.05,   -8756, -1.78,   -1763, -0.36
 381,-132.00,   -9658, -0.97,   -8341, -1.70,   -1317, -0.27
 382,-131.00,   -8698, -0.87,   -7880, -1.60,    -818, -0.17
 383,-130.00,   -7359, -0.74,   -6683, -1.36,    -676, -0.14
 384,-129.00,   -6062, -0.61,   -5168, -1.05,    -894, -0.18
 385,-128.00,   -4640, -0.46,   -4483, -0.91,    -157, -0.03
 386,-127.00,   -3577, -0.36,   -4271, -0.87,     694,  0.14
 387,-126.00,   -3097, -0.31,   -3686, -0.75,     589,  0.12
 388,-125.00,   -2210, -0.22,   -2707, -0.55,     497,  0.10
 389,-124.00,    -800, -0.08,   -1199, -0.24,     399,  0.08
 390,-123.00,    -581, -0.06,    -415, -0.08,    -166, -0.03
 391,-122.00,    -906, -0.09,    -204, -0.04,    -702, -0.14
 392,-121.00,   -1464, -0.15,    -464, -0.09,   -1000, -0.20
 393,-120.00,   -1556, -0.16,    -178, -0.04,   -1378, -0.28
 394,-119.00,   -1137, -0.11,     813,  0.17,   -1950, -0.40
 395,-118.00,    -827, -0.08,    1547,  0.31,   -2374, -0.48
 396,-117.00,   -1363, -0.14,    1562,  0.32,   -2925, -0.60
 397,-116.00,   -1368, -0.14,    2017,  0.41,   -3385, -0.69
 398,-115.00,   -1430, -0.14,    2034,  0.41,   -3464, -0.70
 399,-114.00,   -1621, -0.16,    1908,  0.39,   -3529, -0.72
 400,-113.00,   -1660, -0.17,    1242,  0.25,   -2902, -0.59
 401,-112.00,   -1497, -0.15,     475,  0.10,   -1972, -0.40
 402,-111.00,   -2123, -0.21,    -219, -0.04,   -1904, -0.39
 403,-110.00,   -2444, -0.24,    -799, -0.16,   -1645, -0.33
 404,-109.00,   -2257, -0.23,   -1284, -0.26,    -973, -0.20
 405,-108.00,   -1804, -0.18,   -1499, -0.30,    -305, -0.06
 406,-107.00,    -757, -0.08,   -1264, -0.26,     507,  0.10
 407,-106.00,      10,  0.00,   -1334, -0.27,    1344,  0.27
 408,-105.00,    -212, -0.02,   -2130, -0.43,    1918,  0.39
 409,-104.00,    -671, -0.07,   -2756, -0.56,    2085,  0.42
 410,-103.00,     -92, -0.00,   -2810, -0.57,    2718,  0.55
 411,-102.00,     825,  0.08,   -2833, -0.58,    3658,  0.74
 412,-101.00,     536,  0.05,   -3983, -0.81,    4519,  0.92
 413,-100.00,     249,  0.02,   -5179, -1.05,    5428,  1.10
 414,-99.00,     -40, -0.00,   -5893, -1.20,    5853,  1.19
 415,-98.00,    -221, -0.02,   -6351, -1.29,    6130,  1.25
 416,-97.00,    -135, -0.01,   -6401, -1.30,    6266,  1.27
 417,-96.00,    -991, -0.10,   -6996, -1.42,    6005,  1.22
 418,-95.00,   -1462, -0.15,   -7425, -1.51,    5963,  1.21
 419,-94.00,   -1401, -0.14,   -7420, -1.51,    6019,  1.22
 420,-93.00,   -1236, -0.12,   -7103, -1.45,    5867,  1.19
 421,-92.00,   -1661, -0.17,   -7213, -1.47,    5552,  1.13
 422,-91.00,   -1280, -0.13,   -7079, -1.44,    5799,  1.18
 423,-90.00,    -801, -0.08,   -7118, -1.45,    6317,  1.29
 424,-89.00,    -674, -0.07,   -7453, -1.52,    6779,  1.38
 425,-88.00,    -345, -0.03,   -7297, -1.48,    6952,  1.41
 426,-87.00,     660,  0.07,   -6598, -1.34,    7258,  1.48
 427,-86.00,     900,  0.09,   -6385, -1.30,    7285,  1.48
 428,-85.00,     211,  0.02,   -6403, -1.30,    6614,  1.35
 429,-84.00,    -782, -0.08,   -6875, -1.40,    6093,  1.24
 430,-83.00,     122,  0.01,   -6507, -1.32,    6629,  1.35
 431,-82.00,    1832,  0.18,   -5220, -1.06,    7052,  1.43
 432,-81.00,    3387,  0.34,   -3805, -0.77,    7192,  1.46
 433,-80.00,    4904,  0.49,   -2305, -0.47,    7209,  1.47
 434,-79.00,    5743,  0.57,   -1343, -0.27,    7086,  1.44
 435,-78.00,    6510,  0.65,    -500, -0.10,    7010,  1.43
 436,-77.00,    7503,  0.75,     922,  0.19,    6581,  1.34
 437,-76.00,    7652,  0.77,    1609,  0.33,    6043,  1.23
 438,-75.00,    7702,  0.77,    2064,  0.42,    5638,  1.15
 439,-74.00,    8245,  0.83,    2780,  0.57,    5465,  1.11
 440,-73.00,    8878,  0.89,    3693,  0.75,    5185,  1.05
 441,-72.00,    9757,  0.98,    4487,  0.91,    5270,  1.07
 442,-71.00,   10697,  1.07,    5489,  1.12,    5208,  1.06
 443,-70.00,   11726,  1.17,    6810,  1.39,    4916,  1.00
 444,-69.00,   12720,  1.27,    8166,  1.66,    4554,  0.93
 445,-68.00,   14225,  1.42,    9449,  1.92,    4776,  0.97
 446,-67.00,   15479,  1.55,   10457,  2.13,    5022,  1.02
 447,-66.00,   16148,  1.62,   11060,  2.25,    5088,  1.04
 448,-65.00,   16110,  1.61,   11802,  2.40,    4308,  0.88
 449,-64.00,   16338,  1.63,   13050,  2.66,    3288,  0.67
 450,-63.00,   16318,  1.63,   14321,  2.91,    1997,  0.41
 451,-62.00,   15955,  1.60,   14986,  3.05,     969,  0.20
 452,-61.00,   16003,  1.60,   15682,  3.19,     321,  0.07
 453,-60.00,   16542,  1.66,   16845,  3.43,    -303, -0.06
 454,-59.00,   16472,  1.65,   17581,  3.58,   -1109, -0.23
 455,-58.00,   16096,  1.61,   18486,  3.76,   -2390, -0.49
 456,-57.00,   16042,  1.61,   19637,  4.00,   -3595, -0.73
 457,-56.00,   15876,  1.59,   20560,  4.18,   -4684, -0.95
 458,-55.00,   15026,  1.50,   21290,  4.33,   -6264, -1.27
 459,-54.00,   14302,  1.43,   22772,  4.63,   -8470, -1.72
 460,-53.00,   14718,  1.47,   24454,  4.98,   -9736, -1.98
 461,-52.00,   15661,  1.57,   25469,  5.18,   -9808, -2.00
 462,-51.00,   16267,  1.63,   26275,  5.35,  -10008, -2.04
 463,-50.00,   15646,  1.57,   26857,  5.46,  -11211, -2.28
 464,-49.00,   15664,  1.57,   27635,  5.62,  -11971, -2.44
 465,-48.00,   17061,  1.71,   29291,  5.96,  -12230, -2.49
 466,-47.00,   18399,  1.84,   31090,  6.33,  -12691, -2.58
 467,-46.00,   18991,  1.90,   32248,  6.56,  -13257, -2.70
 468,-45.00,   18699,  1.87,   33041,  6.72,  -14342, -2.92
 469,-44.00,   17772,  1.78,   33293,  6.77,  -15521, -3.16
 470,-43.00,   17354,  1.74,   34005,  6.92,  -16651, -3.39
 471,-42.00,   16757,  1.68,   33975,  6.91,  -17218, -3.50
 472,-41.00,   16650,  1.67,   33961,  6.91,  -17311, -3.52
 473,-40.00,   16683,  1.67,   34440,  7.01,  -17757, -3.61
 474,-39.00,   15987,  1.60,   34763,  7.07,  -18776, -3.82
 475,-38.00,   15395,  1.54,   34607,  7.04,  -19212, -3.91
 476,-37.00,   15321,  1.53,   34427,  7.00,  -19106, -3.89
 477,-36.00,   14437,  1.44,   33615,  6.84,  -19178, -3.90
 478,-35.00,   13144,  1.32,   32817,  6.68,  -19673, -4.00
 479,-34.00,   11940,  1.19,   32154,  6.54,  -20214, -4.11
 480,-33.00,   10587,  1.06,   31541,  6.42,  -20954, -4.26
 481,-32.00,    9493,  0.95,   30843,  6.28,  -21350, -4.34
 482,-31.00,    8557,  0.86,   29961,  6.10,  -21404, -4.35
 483,-30.00,    7274,  0.73,   28801,  5.86,  -21527, -4.38
 484,-29.00,    5775,  0.58,   27565,  5.61,  -21790, -4.43
 485,-28.00,    5234,  0.52,   27176,  5.53,  -21942, -4.46
 486,-27.00,    4293,  0.43,   26389,  5.37,  -22096, -4.50
 487,-26.00,    2912,  0.29,   24982,  5.08,  -22070, -4.49
 488,-25.00,    1134,  0.11,   23722,  4.83,  -22588, -4.60
 489,-24.00,    -322, -0.03,   22818,  4.64,  -23140, -4.71
 490,-23.00,   -1210, -0.12,   22117,  4.50,  -23327, -4.75
 491,-22.00,   -2432, -0.24,   21129,  4.30,  -23561, -4.79
 492,-21.00,   -3546, -0.35,   20316,  4.13,  -23862, -4.85
 493,-20.00,   -4713, -0.47,   19289,  3.92,  -24002, -4.88
 494,-19.00,   -6097, -0.61,   18163,  3.70,  -24260, -4.94
 495,-18.00,   -7613, -0.76,   17095,  3.48,  -24708, -5.03
 496,-17.00,   -9139, -0.91,   15710,  3.20,  -24849, -5.06
 497,-16.00,  -10524, -1.05,   14188,  2.89,  -24712, -5.03
 498,-15.00,  -11884, -1.19,   12608,  2.57,  -24492, -4.98
 499,-14.00,  -13147, -1.32,   11202,  2.28,  -24349, -4.95
 500,-13.00,  -13634, -1.36,   10307,  2.10,  -23941, -4.87
 501,-12.00,  -14466, -1.45,    9533,  1.94,  -23999, -4.88
 502,-11.00,  -15610, -1.56,    8687,  1.77,  -24297, -4.94
 503,-10.00,  -16293, -1.63,    8209,  1.67,  -24502, -4.99
 504,-9.00,  -16976, -1.70,    7579,  1.54,  -24555, -5.00
 505,-8.00,  -17669, -1.77,    6979,  1.42,  -24648, -5.01
 506,-7.00,  -18361, -1.84,    6326,  1.29,  -24687, -5.02
 507,-6.00,  -19930, -1.99,    5377,  1.09,  -25307, -5.15
 508,-5.00,  -20943, -2.10,    4941,  1.01,  -25884, -5.27
 509,-4.00,  -21729, -2.17,    4658,  0.95,  -26387, -5.37
 510,-3.00,  -22511, -2.25,    4083,  0.83,  -26594, -5.41
 511,-2.00,  -24619, -2.46,    2923,  0.59,  -27542, -5.60
 512,-1.00,  -26614, -2.66,    1454,  0.30,  -28068, -5.71
 513,0.00,  -28787, -2.88,      86,  0.02,  -28873, -5.87
 514,1.00,  -31018, -3.10,   -1278, -0.26,  -29740, -6.05
 515,2.00,  -33168, -3.32,   -2644, -0.54,  -30524, -6.21
 516,3.00,  -32784, -3.28,   -2846, -0.58,  -29938, -6.09
 517,4.00,  -32659, -3.27,   -3307, -0.67,  -29352, -5.97
 518,5.00,  -32755, -3.28,   -3508, -0.71,  -29247, -5.95
 519,6.00,  -33975, -3.40,   -4343, -0.88,  -29632, -6.03
 520,7.00,  -35231, -3.53,   -5431, -1.10,  -29800, -6.06
 521,8.00,  -36343, -3.64,   -6977, -1.42,  -29366, -5.97
 522,9.00,  -36985, -3.70,   -8124, -1.65,  -28861, -5.87
 523,10.00,  -36383, -3.64,   -8229, -1.67,  -28154, -5.73
 524,11.00,  -36546, -3.66,   -8946, -1.82,  -27600, -5.62
 525,12.00,  -36575, -3.66,   -9683, -1.97,  -26892, -5.47
 526,13.00,  -37207, -3.72,  -10912, -2.22,  -26295, -5.35
 527,14.00,  -36636, -3.67,  -11576, -2.36,  -25060, -5.10
 528,15.00,  -36093, -3.61,  -12201, -2.48,  -23892, -4.86
 529,16.00,  -36459, -3.65,  -13422, -2.73,  -23037, -4.69
 530,17.00,  -35897, -3.59,  -14227, -2.89,  -21670, -4.41
 531,18.00,  -35345, -3.54,  -15124, -3.08,  -20221, -4.11
 532,19.00,  -35544, -3.56,  -16161, -3.29,  -19383, -3.94
 533,20.00,  -35035, -3.51,  -16675, -3.39,  -18360, -3.74
 534,21.00,  -35040, -3.51,  -17531, -3.57,  -17509, -3.56
 535,22.00,  -34581, -3.46,  -17980, -3.66,  -16601, -3.38
 536,23.00,  -34973, -3.50,  -18890, -3.84,  -16083, -3.27
 537,24.00,  -35727, -3.57,  -19991, -4.07,  -15736, -3.20
 538,25.00,  -36680, -3.67,  -21320, -4.34,  -15360, -3.13
 539,26.00,  -36751, -3.68,  -21825, -4.44,  -14926, -3.04
 540,27.00,  -37072, -3.71,  -22406, -4.56,  -14666, -2.98
 541,28.00,  -37903, -3.79,  -23327, -4.75,  -14576, -2.97
 542,29.00,  -38744, -3.88,  -24290, -4.94,  -14454, -2.94
 543,30.00,  -38115, -3.81,  -23618, -4.81,  -14497, -2.95
 544,31.00,  -38094, -3.81,  -23252, -4.73,  -14842, -3.02
 545,32.00,  -38233, -3.83,  -23532, -4.79,  -14701, -2.99
 546,33.00,  -37379, -3.74,  -22569, -4.59,  -14810, -3.01
 547,34.00,  -36252, -3.63,  -21130, -4.30,  -15122, -3.08
 548,35.00,  -34995, -3.50,  -19481, -3.96,  -15514, -3.16
 549,36.00,  -33972, -3.40,  -18567, -3.78,  -15405, -3.13
 550,37.00,  -32661, -3.27,  -17724, -3.61,  -14937, -3.04
 551,38.00,  -31327, -3.13,  -16621, -3.38,  -14706, -2.99
 552,39.00,  -29512, -2.95,  -14866, -3.02,  -14646, -2.98
 553,40.00,  -28389, -2.84,  -13393, -2.72,  -14996, -3.05
 554,41.00,  -27178, -2.72,  -12277, -2.50,  -14901, -3.03
 555,42.00,  -26177, -2.62,  -10874, -2.21,  -15303, -3.11
 556,43.00,  -24764, -2.48,   -9018, -1.83,  -15746, -3.20
 557,44.00,  -23555, -2.36,   -7393, -1.50,  -16162, -3.29
 558,45.00,  -23444, -2.35,   -6541, -1.33,  -16903, -3.44
 559,46.00,  -23187, -2.32,   -5856, -1.19,  -17331, -3.53
 560,47.00,  -22554, -2.26,   -4725, -0.96,  -17829, -3.63
 561,48.00,  -21467, -2.15,   -3603, -0.73,  -17864, -3.63
 562,49.00,  -21183, -2.12,   -3109, -0.63,  -18074, -3.68
 563,50.00,  -21395, -2.14,   -3096, -0.63,  -18299, -3.72
 564,51.00,  -20571, -2.06,   -2435, -0.50,  -18136, -3.69
 565,52.00,  -19579, -1.96,   -1307, -0.27,  -18272, -3.72
 566,53.00,  -18547, -1.86,     164,  0.03,  -18711, -3.81
 567,54.00,  -17940, -1.80,     669,  0.14,  -18609, -3.79
 568,55.00,  -17982, -1.80,     215,  0.04,  -18197, -3.70
 569,56.00,  -16904, -1.69,     587,  0.12,  -17491, -3.56
 570,57.00,  -15005, -1.50,    1706,  0.35,  -16711, -3.40
 571,58.00,  -13850, -1.39,    2459,  0.50,  -16309, -3.32
 572,59.00,  -12935, -1.29,    3135,  0.64,  -16070, -3.27
 573,60.00,  -11846, -1.19,    3277,  0.67,  -15123, -3.08
 574,61.00,  -10692, -1.07,    3472,  0.71,  -14164, -2.88
 575,62.00,  -10092, -1.01,    3398,  0.69,  -13490, -2.74
 576,63.00,   -9205, -0.92,    3912,  0.80,  -13117, -2.67
 577,64.00,   -7276, -0.73,    4731,  0.96,  -12007, -2.44
 578,65.00,   -6445, -0.64,    5361,  1.09,  -11806, -2.40
 579,66.00,   -7072, -0.71,    4420,  0.90,  -11492, -2.34
 580,67.00,   -7357, -0.74,    3440,  0.70,  -10797, -2.20
 581,68.00,   -6329, -0.63,    3428,  0.70,   -9757, -1.99
 582,69.00,   -5790, -0.58,    3647,  0.74,   -9437, -1.92
 583,70.00,   -5223, -0.52,    3165,  0.64,   -8388, -1.71
 584,71.00,   -5043, -0.50,    2616,  0.53,   -7659, -1.56
 585,72.00,   -4860, -0.49,    2398,  0.49,   -7258, -1.48
 586,73.00,   -4306, -0.43,    2795,  0.57,   -7101, -1.44
 587,74.00,   -3731, -0.37,    3122,  0.64,   -6853, -1.39
 588,75.00,   -3207, -0.32,    3524,  0.72,   -6731, -1.37
 589,76.00,   -2784, -0.28,    3543,  0.72,   -6327, -1.29
 590,77.00,   -3265, -0.33,    2973,  0.60,   -6238, -1.27
 591,78.00,   -3649, -0.37,    2305,  0.47,   -5954, -1.21
 592,79.00,   -3684, -0.37,    2016,  0.41,   -5700, -1.16
 593,80.00,   -2947, -0.29,    2406,  0.49,   -5353, -1.09
 594,81.00,   -2478, -0.25,    3166,  0.64,   -5644, -1.15
 595,82.00,   -1010, -0.10,    4602,  0.94,   -5612, -1.14
 596,83.00,    -215, -0.02,    5569,  1.13,   -5784, -1.18
 597,84.00,     -93, -0.00,    6190,  1.26,   -6283, -1.28
 598,85.00,    -800, -0.08,    6246,  1.27,   -7046, -1.43
 599,86.00,   -1021, -0.10,    6320,  1.29,   -7341, -1.49
 600,87.00,   -1317, -0.13,    6354,  1.29,   -7671, -1.56
 601,88.00,   -1355, -0.14,    7217,  1.47,   -8572, -1.74
 602,89.00,    -181, -0.02,    8301,  1.69,   -8482, -1.73
 603,90.00,    1213,  0.12,    9050,  1.84,   -7837, -1.59
 604,91.00,    2402,  0.24,    9546,  1.94,   -7144, -1.45
 605,92.00,    2681,  0.27,    9762,  1.99,   -7081, -1.44
 606,93.00,    2925,  0.29,    9907,  2.02,   -6982, -1.42
 607,94.00,    2893,  0.29,   10483,  2.13,   -7590, -1.54
 608,95.00,    3242,  0.32,   11261,  2.29,   -8019, -1.63
 609,96.00,    3260,  0.33,   11772,  2.40,   -8512, -1.73
 610,97.00,    2372,  0.24,   11323,  2.30,   -8951, -1.82
 611,98.00,    2276,  0.23,   11083,  2.25,   -8807, -1.79
 612,99.00,    1952,  0.20,   10881,  2.21,   -8929, -1.82
 613,100.00,    2111,  0.21,   11229,  2.28,   -9118, -1.86
 614,101.00,    1819,  0.18,   11169,  2.27,   -9350, -1.90
 615,102.00,     154,  0.02,   10019,  2.04,   -9865, -2.01
 616,103.00,   -1668, -0.17,    8916,  1.81,  -10584, -2.15
 617,104.00,   -2688, -0.27,    8947,  1.82,  -11635, -2.37
 618,105.00,   -3150, -0.32,    8851,  1.80,  -12001, -2.44
 619,106.00,   -4397, -0.44,    7928,  1.61,  -12325, -2.51
 620,107.00,   -5365, -0.54,    7599,  1.55,  -12964, -2.64
 621,108.00,   -6068, -0.61,    7479,  1.52,  -13547, -2.76
 622,109.00,   -7144, -0.71,    7266,  1.48,  -14410, -2.93
 623,110.00,   -9061, -0.91,    7031,  1.43,  -16092, -3.27
 624,111.00,  -10973, -1.10,    6591,  1.34,  -17564, -3.57
 625,112.00,  -13065, -1.31,    5428,  1.10,  -18493, -3.76
 626,113.00,  -15349, -1.54,    3943,  0.80,  -19292, -3.93
 627,114.00,  -17066, -1.71,    3168,  0.64,  -20234, -4.12
 628,115.00,  -17483, -1.75,    3566,  0.73,  -21049, -4.28
 629,116.00,  -18020, -1.80,    3248,  0.66,  -21268, -4.33
 630,117.00,  -19256, -1.93,    2248,  0.46,  -21504, -4.38
 631,118.00,  -21257, -2.13,    1029,  0.21,  -22286, -4.53
 632,119.00,  -23652, -2.37,    -596, -0.12,  -23056, -4.69
 633,120.00,  -25805, -2.58,   -2060, -0.42,  -23745, -4.83
 634,121.00,  -26843, -2.69,   -2731, -0.56,  -24112, -4.91
 635,122.00,  -27042, -2.71,   -3274, -0.67,  -23768, -4.84
 636,123.00,  -26527, -2.65,   -3372, -0.69,  -23155, -4.71
 637,124.00,  -26257, -2.63,   -3785, -0.77,  -22472, -4.57
 638,125.00,  -25595, -2.56,   -3943, -0.80,  -21652, -4.41
 639,126.00,  -24685, -2.47,   -4238, -0.86,  -20447, -4.16
 640,127.00,  -23892, -2.39,   -4362, -0.89,  -19530, -3.97
 641,128.00,  -23559, -2.36,   -4348, -0.88,  -19211, -3.91
 642,129.00,  -22599, -2.26,   -4020, -0.82,  -18579, -3.78
 643,130.00,  -21132, -2.11,   -3553, -0.72,  -17579, -3.58
 644,131.00,  -19328, -1.93,   -2941, -0.60,  -16387, -3.33
 645,132.00,  -17011, -1.70,   -2482, -0.50,  -14529, -2.96
 646,133.00,  -14482, -1.45,   -1316, -0.27,  -13166, -2.68
 647,134.00,  -12706, -1.27,     -30, -0.00,  -12676, -2.58
 648,135.00,  -10378, -1.04,    1549,  0.32,  -11927, -2.43
 649,136.00,   -7743, -0.77,    2702,  0.55,  -10445, -2.13
 650,137.00,   -5421, -0.54,    3268,  0.66,   -8689, -1.77
 651,138.00,   -3648, -0.37,    3906,  0.79,   -7554, -1.54
 652,139.00,   -3410, -0.34,    3738,  0.76,   -7148, -1.45
 653,140.00,   -3299, -0.33,    3255,  0.66,   -6554, -1.33
 654,141.00,   -2257, -0.23,    3295,  0.67,   -5552, -1.13
 655,142.00,    -684, -0.07,    3191,  0.65,   -3875, -0.79
 656,143.00,    1959,  0.20,    4208,  0.86,   -2249, -0.46
 657,144.00,    4351,  0.44,    5552,  1.13,   -1201, -0.24
 658,145.00,    5210,  0.52,    6182,  1.26,    -972, -0.20
 659,146.00,    6371,  0.64,    7038,  1.43,    -667, -0.14
 660,147.00,    8343,  0.83,    7822,  1.59,     521,  0.11
 661,148.00,   10220,  1.02,    8255,  1.68,    1965,  0.40
 662,149.00,   12232,  1.22,    8813,  1.79,    3419,  0.70
 663,150.00,   13978,  1.40,    9941,  2.02,    4037,  0.82
 664,151.00,   15804,  1.58,   11284,  2.30,    4520,  0.92
 665,152.00,   17880,  1.79,   12057,  2.45,    5823,  1.18
 666,153.00,   19240,  1.93,   12438,  2.53,    6802,  1.38
 667,154.00,   20337,  2.03,   13022,  2.65,    7315,  1.49
 668,155.00,   22018,  2.20,   14715,  2.99,    7303,  1.49
 669,156.00,   23749,  2.38,   16217,  3.30,    7532,  1.53
 670,157.00,   25573,  2.56,   17428,  3.55,    8145,  1.66
 671,158.00,   27349,  2.74,   18588,  3.78,    8761,  1.78
 672,159.00,   28543,  2.86,   19147,  3.90,    9396,  1.91
 673,160.00,   29166,  2.92,   19842,  4.04,    9324,  1.90
 674,161.00,   30396,  3.04,   20979,  4.27,    9417,  1.92
 675,162.00,   30606,  3.06,   21149,  4.30,    9457,  1.92
 676,163.00,   29417,  2.94,   20666,  4.20,    8751,  1.78
 677,164.00,   27856,  2.79,   19732,  4.01,    8124,  1.65
 678,165.00,   26889,  2.69,   18688,  3.80,    8201,  1.67
 679,166.00,   27125,  2.71,   18327,  3.73,    8798,  1.79
 680,167.00,   27561,  2.76,   18076,  3.68,    9485,  1.93
 681,168.00,   27420,  2.74,   17371,  3.53,   10049,  2.04
 682,169.00,   25687,  2.57,   15687,  3.19,   10000,  2.03
 683,170.00,   24312,  2.43,   14465,  2.94,    9847,  2.00
 684,171.00,   23913,  2.39,   13931,  2.83,    9982,  2.03
 685,172.00,   23779,  2.38,   13855,  2.82,    9924,  2.02
 686,173.00,   23387,  2.34,   13740,  2.80,    9647,  1.96
 687,174.00,   22801,  2.28,   13419,  2.73,    9382,  1.91
 688,175.00,   22413,  2.24,   12566,  2.56,    9847,  2.00
 689,176.00,   22422,  2.24,   11893,  2.42,   10529,  2.14
 690,177.00,   22502,  2.25,   11200,  2.28,   11302,  2.30
 691,178.00,   22656,  2.27,   10730,  2.18,   11926,  2.43
 692,179.00,   22901,  2.29,   10434,  2.12,   12467,  2.54
 693,180.00,   22828,  2.28,   10240,  2.08,   12588,  2.56
 694,181.00,   22999,  2.30,   10378,  2.11,   12621,  2.57
 695,182.00,   22456,  2.25,   10111,  2.06,   12345,  2.51
 696,183.00,   21500,  2.15,    9036,  1.84,   12464,  2.54
 697,184.00,   19760,  1.98,    7761,  1.58,   11999,  2.44
 698,185.00,   18533,  1.85,    7232,  1.47,   11301,  2.30
 699,186.00,   17385,  1.74,    6443,  1.31,   10942,  2.23
 700,187.00,   16457,  1.65,    5537,  1.13,   10920,  2.22
 701,188.00,   16167,  1.62,    4917,  1.00,   11250,  2.29
 702,189.00,   15569,  1.56,    4109,  0.84,   11460,  2.33
 703,190.00,   13951,  1.40,    3000,  0.61,   10951,  2.23
 704,191.00,   12163,  1.22,    1748,  0.36,   10415,  2.12
 705,192.00,   10591,  1.06,    1005,  0.20,    9586,  1.95
 706,193.00,    8936,  0.89,     -16, -0.00,    8952,  1.82
 707,194.00,    7335,  0.73,   -1428, -0.29,    8763,  1.78
 708,195.00,    6636,  0.66,   -1627, -0.33,    8263,  1.68
 709,196.00,    6105,  0.61,   -1650, -0.34,    7755,  1.58
 710,197.00,    5249,  0.53,   -1859, -0.38,    7108,  1.45
 711,198.00,    4303,  0.43,   -2158, -0.44,    6461,  1.31
 712,199.00,    3731,  0.37,   -2135, -0.43,    5866,  1.19
 713,200.00,    3564,  0.36,   -1898, -0.39,    5462,  1.11
 714,201.00,    3478,  0.35,   -1572, -0.32,    5050,  1.03
 715,202.00,    2966,  0.30,   -1222, -0.25,    4188,  0.85
 716,203.00,    2601,  0.26,    -844, -0.17,    3445,  0.70
 717,204.00,    1002,  0.10,   -1186, -0.24,    2188,  0.45
 718,205.00,    -144, -0.01,   -1082, -0.22,     938,  0.19
 719,206.00,    -533, -0.05,    -874, -0.18,     341,  0.07
 720,207.00,   -1221, -0.12,    -985, -0.20,    -236, -0.05
 721,208.00,   -2853, -0.29,   -1395, -0.28,   -1458, -0.30
 722,209.00,   -4343, -0.43,   -1181, -0.24,   -3162, -0.64
 723,210.00,   -5561, -0.56,    -786, -0.16,   -4775, -0.97
 724,211.00,   -6973, -0.70,    -604, -0.12,   -6369, -1.30
 725,212.00,   -7329, -0.73,      47,  0.00,   -7376, -1.50
 726,213.00,   -8110, -0.81,      11,  0.00,   -8121, -1.65
 727,214.00,   -8951, -0.90,     206,  0.04,   -9157, -1.86
 728,215.00,   -9592, -0.96,    1155,  0.23,  -10747, -2.19
 729,216.00,  -10414, -1.04,    2000,  0.41,  -12414, -2.53
 730,217.00,  -11536, -1.15,    1993,  0.41,  -13529, -2.75
 731,218.00,  -11618, -1.16,    2358,  0.48,  -13976, -2.84
 732,219.00,  -11234, -1.12,    2822,  0.57,  -14056, -2.86
 733,220.00,  -10631, -1.06,    3470,  0.71,  -14101, -2.87
 734,221.00,  -10327, -1.03,    3740,  0.76,  -14067, -2.86
 735,222.00,   -9816, -0.98,    4223,  0.86,  -14039, -2.86
 736,223.00,   -8694, -0.87,    4955,  1.01,  -13649, -2.78
 737,224.00,   -7441, -0.74,    5643,  1.15,  -13084, -2.66
 738,225.00,   -6229, -0.62,    6167,  1.25,  -12396, -2.52
 739,226.00,   -5124, -0.51,    6968,  1.42,  -12092, -2.46
 740,227.00,   -3472, -0.35,    8154,  1.66,  -11626, -2.37
 741,228.00,   -2975, -0.30,    8203,  1.67,  -11178, -2.27
 742,229.00,   -2809, -0.28,    7649,  1.56,  -10458, -2.13
 743,230.00,   -1694, -0.17,    7388,  1.50,   -9082, -1.85
 744,231.00,    -344, -0.03,    7473,  1.52,   -7817, -1.59
 745,232.00,    1498,  0.15,    7745,  1.58,   -6247, -1.27
 746,233.00,    3020,  0.30,    8092,  1.65,   -5072, -1.03
 747,234.00,    4106,  0.41,    8389,  1.71,   -4283, -0.87
 748,235.00,    4649,  0.47,    8174,  1.66,   -3525, -0.72
 749,236.00,    4057,  0.41,    7635,  1.55,   -3578, -0.73
 750,237.00,    3135,  0.31,    6857,  1.40,   -3722, -0.76
 751,238.00,    2861,  0.29,    6684,  1.36,   -3823, -0.78
 752,239.00,    2951,  0.30,    6695,  1.36,   -3744, -0.76
 753,240.00,    2644,  0.26,    6775,  1.38,   -4131, -0.84
 754,241.00,    2620,  0.26,    6644,  1.35,   -4024, -0.82
 755,242.00,    3671,  0.37,    6642,  1.35,   -2971, -0.60
 756,243.00,    4441,  0.44,    6291,  1.28,   -1850, -0.38
 757,244.00,    3932,  0.39,    5639,  1.15,   -1707, -0.35
 758,245.00,    2957,  0.30,    5255,  1.07,   -2298, -0.47
 759,246.00,    3279,  0.33,    6114,  1.24,   -2835, -0.58
 760,247.00,    4355,  0.44,    6956,  1.42,   -2601, -0.53
 761,248.00,    5281,  0.53,    8074,  1.64,   -2793, -0.57
 762,249.00,    5513,  0.55,    8769,  1.78,   -3256, -0.66
 763,250.00,    5326,  0.53,    8875,  1.81,   -3549, -0.72
 764,251.00,    5241,  0.52,    8851,  1.80,   -3610, -0.73
 765,252.00,    5975,  0.60,    9192,  1.87,   -3217, -0.65
 766,253.00,    7146,  0.72,    9789,  1.99,   -2643, -0.54
 767,254.00,    8344,  0.83,   10099,  2.05,   -1755, -0.36
 768,255.00,   10347,  1.04,   10645,  2.17,    -298, -0.06
 769,256.00,   12632,  1.26,   11524,  2.34,    1108,  0.23
 770,257.00,   13915,  1.39,   11982,  2.44,    1933,  0.39
 771,258.00,   14823,  1.48,   12336,  2.51,    2487,  0.51
 772,259.00,   15516,  1.55,   12471,  2.54,    3045,  0.62
 773,260.00,   16109,  1.61,   12200,  2.48,    3909,  0.80
 774,261.00,   16893,  1.69,   11647,  2.37,    5246,  1.07
 775,262.00,   17311,  1.73,   10929,  2.22,    6382,  1.30
 776,263.00,   18024,  1.80,   10269,  2.09,    7755,  1.58
 777,264.00,   19074,  1.91,    9909,  2.02,    9165,  1.86
 778,265.00,   20055,  2.01,    9464,  1.93,   10591,  2.15
 779,266.00,   20232,  2.02,    8511,  1.73,   11721,  2.38
 780,267.00,   21207,  2.12,    8298,  1.69,   12909,  2.63
 781,268.00,   21386,  2.14,    7931,  1.61,   13455,  2.74
 782,269.00,   21012,  2.10,    6782,  1.38,   14230,  2.90
 783,270.00,   22177,  2.22,    6268,  1.28,   15909,  3.24
 784,271.00,   23343,  2.34,    5955,  1.21,   17388,  3.54
 785,272.00,   23566,  2.36,    5251,  1.07,   18315,  3.73
 786,273.00,   23277,  2.33,    4105,  0.84,   19172,  3.90
 787,274.00,   22576,  2.26,    2612,  0.53,   19964,  4.06
 788,275.00,   22375,  2.24,    1486,  0.30,   20889,  4.25
 789,276.00,   22620,  2.26,     850,  0.17,   21770,  4.43
 790,277.00,   22549,  2.26,     -65, -0.01,   22614,  4.60
 791,278.00,   22536,  2.25,    -806, -0.16,   23342,  4.75
 792,279.00,   22165,  2.22,   -1656, -0.34,   23821,  4.85
 793,280.00,   21427,  2.14,   -2553, -0.52,   23980,  4.88
 794,281.00,   21123,  2.11,   -3339, -0.68,   24462,  4.98
 795,282.00,   20069,  2.01,   -3993, -0.81,   24062,  4.90
 796,283.00,   18955,  1.90,   -4588, -0.93,   23543,  4.79
 797,284.00,   18204,  1.82,   -5517, -1.12,   23721,  4.83
 798,285.00,   18361,  1.84,   -5840, -1.19,   24201,  4.92
 799,286.00,   18515,  1.85,   -6161, -1.25,   24676,  5.02
 800,287.00,   18157,  1.82,   -6733, -1.37,   24890,  5.06
 801,288.00,   17703,  1.77,   -7476, -1.52,   25179,  5.12
 802,289.00,   16694,  1.67,   -8230, -1.67,   24924,  5.07
 803,290.00,   16230,  1.62,   -8770, -1.78,   25000,  5.09
 804,291.00,   16493,  1.65,   -9286, -1.89,   25779,  5.24
 805,292.00,   16747,  1.68,   -9847, -2.00,   26594,  5.41
 806,293.00,   17111,  1.71,   -9824, -2.00,   26935,  5.48
 807,294.00,   17403,  1.74,   -9665, -1.97,   27068,  5.51
 808,295.00,   17380,  1.74,   -9907, -2.02,   27287,  5.55
 809,296.00,   17001,  1.70,  -10487, -2.13,   27488,  5.59
 810,297.00,   16130,  1.61,  -11273, -2.29,   27403,  5.58
 811,298.00,   15287,  1.53,  -12186, -2.48,   27473,  5.59
 812,299.00,   14832,  1.48,  -12837, -2.61,   27669,  5.63
 813,300.00,   14436,  1.44,  -13276, -2.70,   27712,  5.64
 814,301.00,   13527,  1.35,  -13828, -2.81,   27355,  5.57
 815,302.00,   13537,  1.35,  -13621, -2.77,   27158,  5.53
 816,303.00,   13229,  1.32,  -13838, -2.82,   27067,  5.51
 817,304.00,   12991,  1.30,  -13950, -2.84,   26941,  5.48
 818,305.00,   12759,  1.28,  -13586, -2.76,   26345,  5.36
 819,306.00,   13070,  1.31,  -12801, -2.60,   25871,  5.26
 820,307.00,   13161,  1.32,  -12373, -2.52,   25534,  5.20
 821,308.00,   12951,  1.30,  -12180, -2.48,   25131,  5.11
 822,309.00,   12895,  1.29,  -12213, -2.48,   25108,  5.11
 823,310.00,   12851,  1.29,  -12420, -2.53,   25271,  5.14
 824,311.00,   12117,  1.21,  -12862, -2.62,   24979,  5.08
 825,312.00,   12245,  1.23,  -12847, -2.61,   25092,  5.11
 826,313.00,   12672,  1.27,  -12664, -2.58,   25336,  5.15
 827,314.00,   12957,  1.30,  -12481, -2.54,   25438,  5.18
 828,315.00,   14190,  1.42,  -11834, -2.41,   26024,  5.29
 829,316.00,   15944,  1.60,  -10852, -2.21,   26796,  5.45
 830,317.00,   17009,  1.70,  -10214, -2.08,   27223,  5.54
 831,318.00,   17568,  1.76,  -10304, -2.10,   27872,  5.67
 832,319.00,   17808,  1.78,  -10351, -2.11,   28159,  5.73
 833,320.00,   17801,  1.78,  -10015, -2.04,   27816,  5.66
 834,321.00,   17418,  1.74,  -10133, -2.06,   27551,  5.61
 835,322.00,   16383,  1.64,  -10479, -2.13,   26862,  5.47
 836,323.00,   15788,  1.58,  -10429, -2.12,   26217,  5.33
 837,324.00,   15335,  1.53,  -10304, -2.10,   25639,  5.22
 838,325.00,   15118,  1.51,  -10140, -2.06,   25258,  5.14
 839,326.00,   15204,  1.52,   -9443, -1.92,   24647,  5.01
 840,327.00,   14973,  1.50,   -9019, -1.83,   23992,  4.88
 841,328.00,   14294,  1.43,   -9003, -1.83,   23297,  4.74
 842,329.00,   13402,  1.34,   -8546, -1.74,   21948,  4.47
 843,330.00,   13101,  1.31,   -8066, -1.64,   21167,  4.31
 844,331.00,   13474,  1.35,   -7608, -1.55,   21082,  4.29
 845,332.00,   12882,  1.29,   -6917, -1.41,   19799,  4.03
 846,333.00,   12115,  1.21,   -6346, -1.29,   18461,  3.76
 847,334.00,   11313,  1.13,   -5806, -1.18,   17119,  3.48
 848,335.00,   10454,  1.05,   -5462, -1.11,   15916,  3.24
 849,336.00,    9321,  0.93,   -5283, -1.07,   14604,  2.97
 850,337.00,    8709,  0.87,   -5073, -1.03,   13782,  2.80
 851,338.00,    8644,  0.86,   -4945, -1.01,   13589,  2.76
 852,339.00,    7718,  0.77,   -4982, -1.01,   12700,  2.58
 853,340.00,    6798,  0.68,   -5003, -1.02,   11801,  2.40
 854,341.00,    5668,  0.57,   -5051, -1.03,   10719,  2.18
 855,342.00,    4104,  0.41,   -5521, -1.12,    9625,  1.96
 856,343.00,    2725,  0.27,   -6001, -1.22,    8726,  1.78
 857,344.00,    1978,  0.20,   -6316, -1.29,    8294,  1.69
 858,345.00,    1487,  0.15,   -6886, -1.40,    8373,  1.70
 859,346.00,    1022,  0.10,   -7172, -1.46,    8194,  1.67
 860,347.00,     503,  0.05,   -7123, -1.45,    7626,  1.55
 861,348.00,    -492, -0.05,   -7572, -1.54,    7080,  1.44
 862,349.00,   -1869, -0.19,   -8287, -1.69,    6418,  1.31
 863,350.00,   -3204, -0.32,   -9109, -1.85,    5905,  1.20
 864,351.00,   -4974, -0.50,  -10267, -2.09,    5293,  1.08
 865,352.00,   -7217, -0.72,  -11643, -2.37,    4426,  0.90
 866,353.00,   -9053, -0.91,  -12412, -2.53,    3359,  0.68
 867,354.00,  -10286, -1.03,  -12860, -2.62,    2574,  0.52
 868,355.00,  -11507, -1.15,  -13481, -2.74,    1974,  0.40
 869,356.00,  -12971, -1.30,  -14605, -2.97,    1634,  0.33
 870,357.00,  -14437, -1.44,  -15736, -3.20,    1299,  0.26
 871,358.00,  -14950, -1.50,  -16579, -3.37,    1629,  0.33
 872,359.00,  -15806, -1.58,  -17824, -3.63,    2018,  0.41
 873,360.00,  -17505, -1.75,  -18944, -3.85,    1439,  0.29
 874,361.00,  -18816, -1.88,  -20159, -4.10,    1343,  0.27
 875,362.00,  -20438, -2.05,  -21711, -4.42,    1273,  0.26
 876,363.00,  -22113, -2.21,  -22950, -4.67,     837,  0.17
 877,364.00,  -23004, -2.30,  -23805, -4.84,     801,  0.16
 878,365.00,  -24351, -2.44,  -24991, -5.08,     640,  0.13
 879,366.00,  -25550, -2.56,  -25778, -5.24,     228,  0.05
 880,367.00,  -26758, -2.68,  -27059, -5.51,     301,  0.06
 881,368.00,  -28249, -2.83,  -28269, -5.75,      20,  0.00
 882,369.00,  -29483, -2.95,  -28970, -5.89,    -513, -0.10
 883,370.00,  -30458, -3.05,  -29648, -6.03,    -810, -0.16
 884,371.00,  -31028, -3.10,  -29944, -6.09,   -1084, -0.22
 885,372.00,  -31161, -3.12,  -29841, -6.07,   -1320, -0.27
 886,373.00,  -30946, -3.10,  -29518, -6.01,   -1428, -0.29
 887,374.00,  -31158, -3.12,  -29347, -5.97,   -1811, -0.37
 888,375.00,  -31973, -3.20,  -29268, -5.95,   -2705, -0.55
 889,376.00,  -32820, -3.28,  -29241, -5.95,   -3579, -0.73
 890,377.00,  -32801, -3.28,  -28940, -5.89,   -3861, -0.79
 891,378.00,  -32864, -3.29,  -28262, -5.75,   -4602, -0.94
 892,379.00,  -33415, -3.34,  -27648, -5.63,   -5767, -1.17
 893,380.00,  -33183, -3.32,  -26937, -5.48,   -6246, -1.27
 894,381.00,  -32691, -3.27,  -26525, -5.40,   -6166, -1.25
 895,382.00,  -32308, -3.23,  -26188, -5.33,   -6120, -1.25
 896,383.00,  -31988, -3.20,  -25697, -5.23,   -6291, -1.28
 897,384.00,  -32949, -3.30,  -25279, -5.14,   -7670, -1.56
 898,385.00,  -33503, -3.35,  -24791, -5.04,   -8712, -1.77
 899,386.00,  -33048, -3.31,  -24623, -5.01,   -8425, -1.71
 900,387.00,  -32079, -3.21,  -24485, -4.98,   -7594, -1.55
 901,388.00,  -31555, -3.16,  -24140, -4.91,   -7415, -1.51
 902,389.00,  -31672, -3.17,  -23900, -4.86,   -7772, -1.58
 903,390.00,  -32060, -3.21,  -23528, -4.79,   -8532, -1.74
 904,391.00,  -32756, -3.28,  -23625, -4.81,   -9131, -1.86
 905,392.00,  -32894, -3.29,  -23609, -4.80,   -9285, -1.89
 906,393.00,  -33261, -3.33,  -23665, -4.81,   -9596, -1.95
 907,394.00,  -33905, -3.39,  -24229, -4.93,   -9676, -1.97
 908,395.00,  -34691, -3.47,  -24665, -5.02,  -10026, -2.04
 909,396.00,  -35118, -3.51,  -24644, -5.01,  -10474, -2.13
 910,397.00,  -34708, -3.47,  -24469, -4.98,  -10239, -2.08
 911,398.00,  -34347, -3.44,  -24614, -5.01,   -9733, -1.98
 912,399.00,  -33655, -3.37,  -24398, -4.96,   -9257, -1.88
 913,400.00,  -33384, -3.34,  -24119, -4.91,   -9265, -1.89
 914,401.00,  -34073, -3.41,  -24512, -4.99,   -9561, -1.95
 915,402.00,  -35202, -3.52,  -25292, -5.15,   -9910, -2.02
 916,403.00,  -35521, -3.55,  -25275, -5.14,  -10246, -2.08
 917,404.00,  -35382, -3.54,  -24904, -5.07,  -10478, -2.13
 918,405.00,  -35870, -3.59,  -25338, -5.16,  -10532, -2.14
 919,406.00,  -35953, -3.60,  -25488, -5.19,  -10465, -2.13
 920,407.00,  -35657, -3.57,  -24928, -5.07,  -10729, -2.18
 921,408.00,  -35290, -3.53,  -24660, -5.02,  -10630, -2.16
 922,409.00,  -35286, -3.53,  -24225, -4.93,  -11061, -2.25
 923,410.00,  -35129, -3.52,  -23462, -4.77,  -11667, -2.37
 924,411.00,  -34835, -3.49,  -22672, -4.61,  -12163, -2.47
 925,412.00,  -35559, -3.56,  -22517, -4.58,  -13042, -2.65
 926,413.00,  -37734, -3.78,  -23259, -4.73,  -14475, -2.95
 927,414.00,  -38929, -3.90,  -23896, -4.86,  -15033, -3.06
 928,415.00,  -39547, -3.96,  -24414, -4.97,  -15133, -3.08
 929,416.00,  -39966, -4.00,  -24555, -5.00,  -15411, -3.14
 930,417.00,  -40600, -4.06,  -24757, -5.04,  -15843, -3.22
 931,418.00,  -41021, -4.10,  -24691, -5.02,  -16330, -3.32
 932,419.00,  -41119, -4.11,  -24594, -5.00,  -16525, -3.36
 933,420.00,  -41204, -4.12,  -24514, -4.99,  -16690, -3.40
 934,421.00,  -41872, -4.19,  -24811, -5.05,  -17061, -3.47
 935,422.00,  -43600, -4.36,  -25271, -5.14,  -18329, -3.73
 936,423.00,  -44862, -4.49,  -25352, -5.16,  -19510, -3.97
 937,424.00,  -45408, -4.54,  -25176, -5.12,  -20232, -4.12
 938,425.00,  -45933, -4.60,  -25181, -5.12,  -20752, -4.22
 939,426.00,  -46245, -4.63,  -25084, -5.10,  -21161, -4.31
 940,427.00,  -45491, -4.55,  -24679, -5.02,  -20812, -4.23
 941,428.00,  -44404, -4.44,  -24501, -4.98,  -19903, -4.05
 942,429.00,  -44628, -4.47,  -24228, -4.93,  -20400, -4.15
 943,430.00,  -44758, -4.48,  -23497, -4.78,  -21261, -4.33
 944,431.00,  -44200, -4.42,  -22293, -4.54,  -21907, -4.46
 945,432.00,  -44283, -4.43,  -21731, -4.42,  -22552, -4.59
 946,433.00,  -45074, -4.51,  -21635, -4.40,  -23439, -4.77
 947,434.00,  -44627, -4.47,  -20898, -4.25,  -23729, -4.83
 948,435.00,  -43626, -4.37,  -20022, -4.07,  -23604, -4.80
 949,436.00,  -43130, -4.32,  -19238, -3.91,  -23892, -4.86
 950,437.00,  -42542, -4.26,  -18706, -3.81,  -23836, -4.85
 951,438.00,  -42586, -4.26,  -18785, -3.82,  -23801, -4.84
 952,439.00,  -42796, -4.28,  -18265, -3.72,  -24531, -4.99
 953,440.00,  -42831, -4.29,  -17642, -3.59,  -25189, -5.12
 954,441.00,  -44106, -4.41,  -17673, -3.60,  -26433, -5.38
 955,442.00,  -45284, -4.53,  -17544, -3.57,  -27740, -5.64
 956,443.00,  -45612, -4.56,  -17460, -3.55,  -28152, -5.73
 957,444.00,  -45657, -4.57,  -16929, -3.44,  -28728, -5.84
 958,445.00,  -45687, -4.57,  -16558, -3.37,  -29129, -5.93
 959,446.00,  -45182, -4.52,  -15853, -3.23,  -29329, -5.97
 960,447.00,  -45167, -4.52,  -15168, -3.09,  -29999, -6.10
 961,448.00,  -44301, -4.43,  -14317, -2.91,  -29984, -6.10
 962,449.00,  -43391, -4.34,  -13668, -2.78,  -29723, -6.05
 963,450.00,  -42737, -4.28,  -12882, -2.62,  -29855, -6.07
 964,451.00,  -41324, -4.13,  -12186, -2.48,  -29138, -5.93
 965,452.00,  -39981, -4.00,  -11493, -2.34,  -28488, -5.80
 966,453.00,  -37712, -3.77,  -10473, -2.13,  -27239, -5.54
 967,454.00,  -38274, -3.83,   -9539, -1.94,  -28735, -5.85
 968,455.00,  -38960, -3.90,   -8480, -1.73,  -30480, -6.20
 969,456.00,  -38566, -3.86,   -7541, -1.53,  -31025, -6.31
 970,457.00,  -36896, -3.69,   -6457, -1.31,  -30439, -6.19
 971,458.00,  -36286, -3.63,   -5613, -1.14,  -30673, -6.24
 972,459.00,  -36574, -3.66,   -5569, -1.13,  -31005, -6.31
 973,460.00,  -36557, -3.66,   -5751, -1.17,  -30806, -6.27
 974,461.00,  -37314, -3.73,   -5931, -1.21,  -31383, -6.39
 975,462.00,  -37271, -3.73,   -5606, -1.14,  -31665, -6.44
 976,463.00,  -37060, -3.71,   -5858, -1.19,  -31202, -6.35
 977,464.00,  -36795, -3.68,   -5688, -1.16,  -31107, -6.33
 978,465.00,  -36510, -3.65,   -5213, -1.06,  -31297, -6.37
 979,466.00,  -36025, -3.60,   -4965, -1.01,  -31060, -6.32
 980,467.00,  -35617, -3.56,   -4582, -0.93,  -31035, -6.31
 981,468.00,  -34585, -3.46,   -4291, -0.87,  -30294, -6.16
 982,469.00,  -34409, -3.44,   -4530, -0.92,  -29879, -6.08
 983,470.00,  -34644, -3.47,   -4668, -0.95,  -29976, -6.10
 984,471.00,  -34105, -3.41,   -4383, -0.89,  -29722, -6.05
 985,472.00,  -32581, -3.26,   -3904, -0.79,  -28677, -5.83
 986,473.00,  -30642, -3.07,   -3422, -0.70,  -27220, -5.54
 987,474.00,  -28834, -2.89,   -2882, -0.59,  -25952, -5.28
 988,475.00,  -27502, -2.75,   -2461, -0.50,  -25041, -5.09
 989,476.00,  -26137, -2.62,   -1982, -0.40,  -24155, -4.91
 990,477.00,  -23654, -2.37,    -874, -0.18,  -22780, -4.63
 991,478.00,  -21472, -2.15,     359,  0.07,  -21831, -4.44
 992,479.00,  -20376, -2.04,    1131,  0.23,  -21507, -4.38
 993,480.00,  -19340, -1.94,    1355,  0.28,  -20695, -4.21
 994,481.00,  -17945, -1.80,    1639,  0.33,  -19584, -3.98
 995,482.00,  -16844, -1.69,    1883,  0.38,  -18727, -3.81
 996,483.00,  -16177, -1.62,    1814,  0.37,  -17991, -3.66
 997,484.00,  -15370, -1.54,    2096,  0.43,  -17466, -3.55
 998,485.00,  -15000, -1.50,    2173,  0.44,  -17173, -3.49
 999,486.00,  -14757, -1.48,    2197,  0.45,  -16954, -3.45
1000,487.00,  -13952, -1.40,    1788,  0.36,  -15740, -3.20
1001,488.00,  -13238, -1.32,     980,  0.20,  -14218, -2.89
1002,489.00,  -12269, -1.23,     394,  0.08,  -12663, -2.58
1003,490.00,  -10964, -1.10,     281,  0.06,  -11245, -2.29
1004,491.00,  -10784, -1.08,    -801, -0.16,   -9983, -2.03
1005,492.00,  -11199, -1.12,   -2150, -0.44,   -9049, -1.84
1006,493.00,  -11738, -1.17,   -3275, -0.67,   -8463, -1.72
1007,494.00,  -11676, -1.17,   -4119, -0.84,   -7557, -1.54
1008,495.00,  -11796, -1.18,   -4823, -0.98,   -6973, -1.42
1009,496.00,  -11453, -1.15,   -5262, -1.07,   -6191, -1.26
1010,497.00,  -11379, -1.14,   -5418, -1.10,   -5961, -1.21
1011,498.00,  -11349, -1.14,   -5446, -1.11,   -5903, -1.20
1012,499.00,  -10778, -1.08,   -5375, -1.09,   -5403, -1.10
1013,500.00,   -9622, -0.96,   -5126, -1.04,   -4496, -0.91
1014,501.00,   -8887, -0.89,   -4543, -0.92,   -4344, -0.88
1015,502.00,   -9295, -0.93,   -4507, -0.92,   -4788, -0.97
1016,503.00,  -10047, -1.01,   -4631, -0.94,   -5416, -1.10
1017,504.00,  -10722, -1.07,   -4405, -0.90,   -6317, -1.29
1018,505.00,   -9925, -0.99,   -3815, -0.78,   -6110, -1.24
1019,506.00,   -8489, -0.85,   -2551, -0.52,   -5938, -1.21
1020,507.00,   -7295, -0.73,   -1805, -0.37,   -5490, -1.12
1021,508.00,   -7523, -0.75,   -1851, -0.38,   -5672, -1.15
1022,509.00,   -8356, -0.84,   -1927, -0.39,   -6429, -1.31
1023,510.00,   -9448, -0.95,   -1612, -0.33,   -7836, -1.59
1024,511.00,   -9202, -0.92,    -764, -0.16,   -8438, -1.72
