-----------------------------------------------------------------------------------
Identifier:,IHS5922-20197202
File Name:,IALP70B.24
Ear:,L
Channel:,2
Intensity:,70 dB HL
Stim. Rate:,  1.10/s
Stim. Mode:,0
Sweeps:,60
Artifacts:,4
Smp. Period:,1000.00 us
Amp. Gain:, 50.00 K
Low Pass:, 30.00 Hz
High Pass:,  1.00 Hz
Notch Filter:,TRUE
Stimulus:,100
Stim. Freq.:,1000 Hz
Stim. Dur.:,2000 pnts
Masking:,0 dB SPL
Stim. Point:,513
-----------------------------------------------------------------------------------
Peak Information:,Label,Peak(+),Peak(+)(ms),Peak(-),Peak(-)(ms)
,21, 896,383.00,1008,495.00,
-----------------------------------------------------------------------------------


Data Pnt:,Data Pnt(ms):,Average:,Average(uV):,Buffer1:,Buffer1(uV):,Buffer2:,Buffer2(uV):
   1,-512.00,       0,  0.00,       0,  0.00,       0,  0.00
   2,-511.00,       0,  0.00,       0,  0.00,       0,  0.00
   3,-510.00,       0,  0.00,       0,  0.00,       0,  0.00
   4,-509.00,       0,  0.00,       0,  0.00,       0,  0.00
   5,-508.00,       0,  0.00,       0,  0.00,       0,  0.00
   6,-507.00,       0,  0.00,       0,  0.00,       0,  0.00
   7,-506.00,       0,  0.00,       0,  0.00,       0,  0.00
   8,-505.00,       0,  0.00,       0,  0.00,       0,  0.00
   9,-504.00,       0,  0.00,       0,  0.00,       0,  0.00
  10,-503.00,       0,  0.00,       0,  0.00,       0,  0.00
  11,-502.00,       0,  0.00,       0,  0.00,       0,  0.00
  12,-501.00,       0,  0.00,       0,  0.00,       0,  0.00
  13,-500.00,       0,  0.00,       0,  0.00,       0,  0.00
  14,-499.00,       0,  0.00,       0,  0.00,       0,  0.00
  15,-498.00,       0,  0.00,       0,  0.00,       0,  0.00
  16,-497.00,       0,  0.00,       0,  0.00,       0,  0.00
  17,-496.00,       0,  0.00,       0,  0.00,       0,  0.00
  18,-495.00,       0,  0.00,       0,  0.00,       0,  0.00
  19,-494.00,       0,  0.00,       0,  0.00,       0,  0.00
  20,-493.00,       0,  0.00,       0,  0.00,       0,  0.00
  21,-492.00,       0,  0.00,       0,  0.00,       0,  0.00
  22,-491.00,       0,  0.00,       0,  0.00,       0,  0.00
  23,-490.00,       0,  0.00,       0,  0.00,       0,  0.00
  24,-489.00,       0,  0.00,       0,  0.00,       0,  0.00
  25,-488.00,       0,  0.00,       0,  0.00,       0,  0.00
  26,-487.00,       0,  0.00,       0,  0.00,       0,  0.00
  27,-486.00,       0,  0.00,       0,  0.00,       0,  0.00
  28,-485.00,       0,  0.00,       0,  0.00,       0,  0.00
  29,-484.00,       0,  0.00,       0,  0.00,       0,  0.00
  30,-483.00,       0,  0.00,       0,  0.00,       0,  0.00
  31,-482.00,       0,  0.00,       0,  0.00,       0,  0.00
  32,-481.00,       0,  0.00,       0,  0.00,       0,  0.00
  33,-480.00,       0,  0.00,       0,  0.00,       0,  0.00
  34,-479.00,       0,  0.00,       0,  0.00,       0,  0.00
  35,-478.00,       0,  0.00,       0,  0.00,       0,  0.00
  36,-477.00,       0,  0.00,       0,  0.00,       0,  0.00
  37,-476.00,       0,  0.00,       0,  0.00,       0,  0.00
  38,-475.00,       0,  0.00,       0,  0.00,       0,  0.00
  39,-474.00,       0,  0.00,       0,  0.00,       0,  0.00
  40,-473.00,       0,  0.00,       0,  0.00,       0,  0.00
  41,-472.00,       0,  0.00,       0,  0.00,       0,  0.00
  42,-471.00,       0,  0.00,       0,  0.00,       0,  0.00
  43,-470.00,       0,  0.00,       0,  0.00,       0,  0.00
  44,-469.00,       0,  0.00,       0,  0.00,       0,  0.00
  45,-468.00,       0,  0.00,       0,  0.00,       0,  0.00
  46,-467.00,       0,  0.00,       0,  0.00,       0,  0.00
  47,-466.00,       0,  0.00,       0,  0.00,       0,  0.00
  48,-465.00,       0,  0.00,       0,  0.00,       0,  0.00
  49,-464.00,       0,  0.00,       0,  0.00,       0,  0.00
  50,-463.00,       0,  0.00,       0,  0.00,       0,  0.00
  51,-462.00,       0,  0.00,       0,  0.00,       0,  0.00
  52,-461.00,       0,  0.00,       0,  0.00,       0,  0.00
  53,-460.00,       0,  0.00,       0,  0.00,       0,  0.00
  54,-459.00,       0,  0.00,       0,  0.00,       0,  0.00
  55,-458.00,       0,  0.00,       0,  0.00,       0,  0.00
  56,-457.00,       0,  0.00,       0,  0.00,       0,  0.00
  57,-456.00,       0,  0.00,       0,  0.00,       0,  0.00
  58,-455.00,       0,  0.00,       0,  0.00,       0,  0.00
  59,-454.00,       0,  0.00,       0,  0.00,       0,  0.00
  60,-453.00,       0,  0.00,       0,  0.00,       0,  0.00
  61,-452.00,       0,  0.00,       0,  0.00,       0,  0.00
  62,-451.00,       0,  0.00,       0,  0.00,       0,  0.00
  63,-450.00,       0,  0.00,       0,  0.00,       0,  0.00
  64,-449.00,       0,  0.00,       0,  0.00,       0,  0.00
  65,-448.00,       0,  0.00,       0,  0.00,       0,  0.00
  66,-447.00,       0,  0.00,       0,  0.00,       0,  0.00
  67,-446.00,       0,  0.00,       0,  0.00,       0,  0.00
  68,-445.00,       0,  0.00,       0,  0.00,       0,  0.00
  69,-444.00,       0,  0.00,       0,  0.00,       0,  0.00
  70,-443.00,       0,  0.00,       0,  0.00,       0,  0.00
  71,-442.00,       0,  0.00,       0,  0.00,       0,  0.00
  72,-441.00,       0,  0.00,       0,  0.00,       0,  0.00
  73,-440.00,       0,  0.00,       0,  0.00,       0,  0.00
  74,-439.00,       0,  0.00,       0,  0.00,       0,  0.00
  75,-438.00,       0,  0.00,       0,  0.00,       0,  0.00
  76,-437.00,       0,  0.00,       0,  0.00,       0,  0.00
  77,-436.00,       0,  0.00,       0,  0.00,       0,  0.00
  78,-435.00,       0,  0.00,       0,  0.00,       0,  0.00
  79,-434.00,       0,  0.00,       0,  0.00,       0,  0.00
  80,-433.00,       0,  0.00,       0,  0.00,       0,  0.00
  81,-432.00,       0,  0.00,       0,  0.00,       0,  0.00
  82,-431.00,       0,  0.00,       0,  0.00,       0,  0.00
  83,-430.00,       0,  0.00,       0,  0.00,       0,  0.00
  84,-429.00,       0,  0.00,       0,  0.00,       0,  0.00
  85,-428.00,       0,  0.00,       0,  0.00,       0,  0.00
  86,-427.00,       0,  0.00,       0,  0.00,       0,  0.00
  87,-426.00,       0,  0.00,       0,  0.00,       0,  0.00
  88,-425.00,       0,  0.00,       0,  0.00,       0,  0.00
  89,-424.00,       0,  0.00,       0,  0.00,       0,  0.00
  90,-423.00,       0,  0.00,       0,  0.00,       0,  0.00
  91,-422.00,       0,  0.00,       0,  0.00,       0,  0.00
  92,-421.00,       0,  0.00,       0,  0.00,       0,  0.00
  93,-420.00,       0,  0.00,       0,  0.00,       0,  0.00
  94,-419.00,       0,  0.00,       0,  0.00,       0,  0.00
  95,-418.00,       0,  0.00,       0,  0.00,       0,  0.00
  96,-417.00,       0,  0.00,       0,  0.00,       0,  0.00
  97,-416.00,       0,  0.00,       0,  0.00,       0,  0.00
  98,-415.00,       0,  0.00,       0,  0.00,       0,  0.00
  99,-414.00,       0,  0.00,       0,  0.00,       0,  0.00
 100,-413.00,       0,  0.00,       0,  0.00,       0,  0.00
 101,-412.00,       0,  0.00,       0,  0.00,       0,  0.00
 102,-411.00,       0,  0.00,       0,  0.00,       0,  0.00
 103,-410.00,       0,  0.00,       0,  0.00,       0,  0.00
 104,-409.00,       0,  0.00,       0,  0.00,       0,  0.00
 105,-408.00,       0,  0.00,       0,  0.00,       0,  0.00
 106,-407.00,       0,  0.00,       0,  0.00,       0,  0.00
 107,-406.00,       0,  0.00,       0,  0.00,       0,  0.00
 108,-405.00,       0,  0.00,       0,  0.00,       0,  0.00
 109,-404.00,       0,  0.00,       0,  0.00,       0,  0.00
 110,-403.00,      11,  0.00,    -151, -0.03,     162,  0.03
 111,-402.00,     -15, -0.00,     311,  0.06,    -326, -0.07
 112,-401.00,     -82, -0.00,     850,  0.17,    -932, -0.19
 113,-400.00,     -80, -0.00,     508,  0.10,    -588, -0.12
 114,-399.00,     129,  0.01,   -1526, -0.31,    1655,  0.34
 115,-398.00,     563,  0.06,   -5490, -1.12,    6053,  1.23
 116,-397.00,    1078,  0.11,  -10749, -2.19,   11827,  2.41
 117,-396.00,    1277,  0.13,  -14354, -2.92,   15631,  3.18
 118,-395.00,     965,  0.10,  -15842, -3.22,   16807,  3.42
 119,-394.00,     423,  0.04,  -15444, -3.14,   15867,  3.23
 120,-393.00,     151,  0.02,  -13919, -2.83,   14070,  2.86
 121,-392.00,     435,  0.04,  -12232, -2.49,   12667,  2.58
 122,-391.00,    1158,  0.12,  -11006, -2.24,   12164,  2.47
 123,-390.00,    1800,  0.18,   -9778, -1.99,   11578,  2.36
 124,-389.00,    2095,  0.21,   -8913, -1.81,   11008,  2.24
 125,-388.00,    2283,  0.23,   -8313, -1.69,   10596,  2.16
 126,-387.00,    2862,  0.29,   -7703, -1.57,   10565,  2.15
 127,-386.00,    4181,  0.43,   -6893, -1.40,   11074,  2.25
 128,-385.00,    6148,  0.63,   -5960, -1.21,   12108,  2.46
 129,-384.00,    8279,  0.84,   -5166, -1.05,   13445,  2.74
 130,-383.00,   10162,  1.03,   -4664, -0.95,   14826,  3.02
 131,-382.00,   11561,  1.18,   -4427, -0.90,   15988,  3.25
 132,-381.00,   12538,  1.28,   -4228, -0.86,   16766,  3.41
 133,-380.00,   13365,  1.36,   -3837, -0.78,   17202,  3.50
 134,-379.00,   14386,  1.46,   -3124, -0.64,   17510,  3.56
 135,-378.00,   15899,  1.62,   -2021, -0.41,   17920,  3.65
 136,-377.00,   18064,  1.84,    -489, -0.10,   18553,  3.77
 137,-376.00,   20686,  2.10,    1347,  0.27,   19339,  3.93
 138,-375.00,   23269,  2.37,    3173,  0.65,   20096,  4.09
 139,-374.00,   25215,  2.57,    4573,  0.93,   20642,  4.20
 140,-373.00,   26278,  2.67,    5337,  1.09,   20941,  4.26
 141,-372.00,   26694,  2.72,    5644,  1.15,   21050,  4.28
 142,-371.00,   26929,  2.74,    5933,  1.21,   20996,  4.27
 143,-370.00,   27298,  2.78,    6521,  1.33,   20777,  4.23
 144,-369.00,   27778,  2.83,    7396,  1.50,   20382,  4.15
 145,-368.00,   28073,  2.86,    8253,  1.68,   19820,  4.03
 146,-367.00,   28033,  2.85,    8804,  1.79,   19229,  3.91
 147,-366.00,   27687,  2.82,    8963,  1.82,   18724,  3.81
 148,-365.00,   27169,  2.76,    8830,  1.80,   18339,  3.73
 149,-364.00,   26702,  2.72,    8613,  1.75,   18089,  3.68
 150,-363.00,   26648,  2.71,    8613,  1.75,   18035,  3.67
 151,-362.00,   27382,  2.79,    9056,  1.84,   18326,  3.73
 152,-361.00,   29051,  2.96,    9944,  2.02,   19107,  3.89
 153,-360.00,   31272,  3.18,   11045,  2.25,   20227,  4.12
 154,-359.00,   33298,  3.39,   11978,  2.44,   21320,  4.34
 155,-358.00,   34506,  3.51,   12505,  2.54,   22001,  4.48
 156,-357.00,   34773,  3.54,   12712,  2.59,   22061,  4.49
 157,-356.00,   34467,  3.51,   12843,  2.61,   21624,  4.40
 158,-355.00,   34075,  3.47,   13033,  2.65,   21042,  4.28
 159,-354.00,   33835,  3.44,   13228,  2.69,   20607,  4.19
 160,-353.00,   33702,  3.43,   13255,  2.70,   20447,  4.16
 161,-352.00,   33522,  3.41,   13078,  2.66,   20444,  4.16
 162,-351.00,   33129,  3.37,   12790,  2.60,   20339,  4.14
 163,-350.00,   32323,  3.29,   12432,  2.53,   19891,  4.05
 164,-349.00,   30942,  3.15,   11948,  2.43,   18994,  3.86
 165,-348.00,   28878,  2.94,   11198,  2.28,   17680,  3.60
 166,-347.00,   26174,  2.66,   10123,  2.06,   16051,  3.27
 167,-346.00,   23116,  2.35,    8927,  1.82,   14189,  2.89
 168,-345.00,   20145,  2.05,    7920,  1.61,   12225,  2.49
 169,-344.00,   17561,  1.79,    7264,  1.48,   10297,  2.09
 170,-343.00,   15386,  1.57,    6903,  1.40,    8483,  1.73
 171,-342.00,   13399,  1.36,    6628,  1.35,    6771,  1.38
 172,-341.00,   11313,  1.15,    6199,  1.26,    5114,  1.04
 173,-340.00,    8951,  0.91,    5446,  1.11,    3505,  0.71
 174,-339.00,    6419,  0.65,    4313,  0.88,    2106,  0.43
 175,-338.00,    3991,  0.41,    2834,  0.58,    1157,  0.24
 176,-337.00,    1898,  0.19,    1126,  0.23,     772,  0.16
 177,-336.00,     329,  0.03,    -564, -0.11,     893,  0.18
 178,-335.00,    -701, -0.07,   -1977, -0.40,    1276,  0.26
 179,-334.00,   -1411, -0.14,   -2978, -0.61,    1567,  0.32
 180,-333.00,   -2026, -0.21,   -3568, -0.73,    1542,  0.31
 181,-332.00,   -2685, -0.27,   -3828, -0.78,    1143,  0.23
 182,-331.00,   -3422, -0.35,   -3851, -0.78,     429,  0.09
 183,-330.00,   -4088, -0.42,   -3732, -0.76,    -356, -0.07
 184,-329.00,   -4514, -0.46,   -3534, -0.72,    -980, -0.20
 185,-328.00,   -4611, -0.47,   -3225, -0.66,   -1386, -0.28
 186,-327.00,   -4394, -0.45,   -2742, -0.56,   -1652, -0.34
 187,-326.00,   -3931, -0.40,   -1969, -0.40,   -1962, -0.40
 188,-325.00,   -3398, -0.35,    -846, -0.17,   -2552, -0.52
 189,-324.00,   -2973, -0.30,     494,  0.10,   -3467, -0.71
 190,-323.00,   -2705, -0.28,    1861,  0.38,   -4566, -0.93
 191,-322.00,   -2467, -0.25,    3123,  0.64,   -5590, -1.14
 192,-321.00,   -2156, -0.22,    4148,  0.84,   -6304, -1.28
 193,-320.00,   -1755, -0.18,    4876,  0.99,   -6631, -1.35
 194,-319.00,   -1467, -0.15,    5264,  1.07,   -6731, -1.37
 195,-318.00,   -1503, -0.15,    5328,  1.08,   -6831, -1.39
 196,-317.00,   -1851, -0.19,    5180,  1.05,   -7031, -1.43
 197,-316.00,   -2198, -0.22,    5007,  1.02,   -7205, -1.47
 198,-315.00,   -2316, -0.24,    4871,  0.99,   -7187, -1.46
 199,-314.00,   -2232, -0.23,    4733,  0.96,   -6965, -1.42
 200,-313.00,   -2191, -0.22,    4529,  0.92,   -6720, -1.37
 201,-312.00,   -2388, -0.24,    4318,  0.88,   -6706, -1.36
 202,-311.00,   -2816, -0.29,    4244,  0.86,   -7060, -1.44
 203,-310.00,   -3236, -0.33,    4466,  0.91,   -7702, -1.57
 204,-309.00,   -3451, -0.35,    4959,  1.01,   -8410, -1.71
 205,-308.00,   -3409, -0.35,    5605,  1.14,   -9014, -1.83
 206,-307.00,   -3193, -0.32,    6293,  1.28,   -9486, -1.93
 207,-306.00,   -2921, -0.30,    6987,  1.42,   -9908, -2.02
 208,-305.00,   -2809, -0.29,    7630,  1.55,  -10439, -2.12
 209,-304.00,   -3108, -0.32,    8112,  1.65,  -11220, -2.28
 210,-303.00,   -3894, -0.40,    8279,  1.68,  -12173, -2.48
 211,-302.00,   -4919, -0.50,    8161,  1.66,  -13080, -2.66
 212,-301.00,   -5766, -0.59,    7956,  1.62,  -13722, -2.79
 213,-300.00,   -6166, -0.63,    7843,  1.60,  -14009, -2.85
 214,-299.00,   -6303, -0.64,    7795,  1.59,  -14098, -2.87
 215,-298.00,   -6818, -0.69,    7563,  1.54,  -14381, -2.93
 216,-297.00,   -8205, -0.83,    6909,  1.41,  -15114, -3.08
 217,-296.00,  -10372, -1.06,    5866,  1.19,  -16238, -3.30
 218,-295.00,  -12725, -1.29,    4739,  0.96,  -17464, -3.55
 219,-294.00,  -14696, -1.50,    3842,  0.78,  -18538, -3.77
 220,-293.00,  -16157, -1.64,    3262,  0.66,  -19419, -3.95
 221,-292.00,  -17450, -1.78,    2810,  0.57,  -20260, -4.12
 222,-291.00,  -18922, -1.92,    2247,  0.46,  -21169, -4.31
 223,-290.00,  -20592, -2.09,    1435,  0.29,  -22027, -4.48
 224,-289.00,  -22220, -2.26,     415,  0.08,  -22635, -4.61
 225,-288.00,  -23629, -2.40,    -729, -0.15,  -22900, -4.66
 226,-287.00,  -24858, -2.53,   -1963, -0.40,  -22895, -4.66
 227,-286.00,  -26010, -2.65,   -3288, -0.67,  -22722, -4.62
 228,-285.00,  -27068, -2.75,   -4644, -0.94,  -22424, -4.56
 229,-284.00,  -27964, -2.84,   -5986, -1.22,  -21978, -4.47
 230,-283.00,  -28715, -2.92,   -7322, -1.49,  -21393, -4.35
 231,-282.00,  -29525, -3.00,   -8778, -1.79,  -20747, -4.22
 232,-281.00,  -30598, -3.11,  -10424, -2.12,  -20174, -4.10
 233,-280.00,  -31985, -3.25,  -12186, -2.48,  -19799, -4.03
 234,-279.00,  -33544, -3.41,  -13865, -2.82,  -19679, -4.00
 235,-278.00,  -35070, -3.57,  -15288, -3.11,  -19782, -4.02
 236,-277.00,  -36378, -3.70,  -16397, -3.34,  -19981, -4.07
 237,-276.00,  -37335, -3.80,  -17266, -3.51,  -20069, -4.08
 238,-275.00,  -37844, -3.85,  -17958, -3.65,  -19886, -4.05
 239,-274.00,  -38001, -3.87,  -18501, -3.76,  -19500, -3.97
 240,-273.00,  -38073, -3.87,  -18927, -3.85,  -19146, -3.90
 241,-272.00,  -38365, -3.90,  -19310, -3.93,  -19055, -3.88
 242,-271.00,  -39110, -3.98,  -19743, -4.02,  -19367, -3.94
 243,-270.00,  -40386, -4.11,  -20355, -4.14,  -20031, -4.08
 244,-269.00,  -42053, -4.28,  -21208, -4.31,  -20845, -4.24
 245,-268.00,  -43891, -4.46,  -22300, -4.54,  -21591, -4.39
 246,-267.00,  -45621, -4.64,  -23533, -4.79,  -22088, -4.49
 247,-266.00,  -46869, -4.77,  -24702, -5.03,  -22167, -4.51
 248,-265.00,  -47322, -4.81,  -25582, -5.20,  -21740, -4.42
 249,-264.00,  -46948, -4.78,  -26085, -5.31,  -20863, -4.24
 250,-263.00,  -45884, -4.67,  -26168, -5.32,  -19716, -4.01
 251,-262.00,  -44421, -4.52,  -25908, -5.27,  -18513, -3.77
 252,-261.00,  -42919, -4.37,  -25429, -5.17,  -17490, -3.56
 253,-260.00,  -41560, -4.23,  -24779, -5.04,  -16781, -3.41
 254,-259.00,  -40355, -4.11,  -24068, -4.90,  -16287, -3.31
 255,-258.00,  -39310, -4.00,  -23492, -4.78,  -15818, -3.22
 256,-257.00,  -38411, -3.91,  -23159, -4.71,  -15252, -3.10
 257,-256.00,  -37720, -3.84,  -23139, -4.71,  -14581, -2.97
 258,-255.00,  -37275, -3.79,  -23337, -4.75,  -13938, -2.84
 259,-254.00,  -36940, -3.76,  -23446, -4.77,  -13494, -2.75
 260,-253.00,  -36505, -3.71,  -23303, -4.74,  -13202, -2.69
 261,-252.00,  -35805, -3.64,  -22973, -4.67,  -12832, -2.61
 262,-251.00,  -34822, -3.54,  -22612, -4.60,  -12210, -2.48
 263,-250.00,  -33883, -3.45,  -22467, -4.57,  -11416, -2.32
 264,-249.00,  -33266, -3.38,  -22537, -4.59,  -10729, -2.18
 265,-248.00,  -33086, -3.37,  -22574, -4.59,  -10512, -2.14
 266,-247.00,  -33215, -3.38,  -22307, -4.54,  -10908, -2.22
 267,-246.00,  -33319, -3.39,  -21613, -4.40,  -11706, -2.38
 268,-245.00,  -33046, -3.36,  -20528, -4.18,  -12518, -2.55
 269,-244.00,  -32403, -3.30,  -19289, -3.92,  -13114, -2.67
 270,-243.00,  -31594, -3.21,  -18081, -3.68,  -13513, -2.75
 271,-242.00,  -30941, -3.15,  -17008, -3.46,  -13933, -2.83
 272,-241.00,  -30567, -3.11,  -15978, -3.25,  -14589, -2.97
 273,-240.00,  -30347, -3.09,  -14836, -3.02,  -15511, -3.16
 274,-239.00,  -29969, -3.05,  -13435, -2.73,  -16534, -3.36
 275,-238.00,  -29176, -2.97,  -11711, -2.38,  -17465, -3.55
 276,-237.00,  -27915, -2.84,   -9704, -1.97,  -18211, -3.71
 277,-236.00,  -26360, -2.68,   -7644, -1.56,  -18716, -3.81
 278,-235.00,  -24707, -2.51,   -5732, -1.17,  -18975, -3.86
 279,-234.00,  -23233, -2.36,   -4148, -0.84,  -19085, -3.88
 280,-233.00,  -22135, -2.25,   -2922, -0.59,  -19213, -3.91
 281,-232.00,  -21442, -2.18,   -1923, -0.39,  -19519, -3.97
 282,-231.00,  -21051, -2.14,    -922, -0.19,  -20129, -4.10
 283,-230.00,  -20761, -2.11,     245,  0.05,  -21006, -4.27
 284,-229.00,  -20304, -2.07,    1648,  0.34,  -21952, -4.47
 285,-228.00,  -19566, -1.99,    3234,  0.66,  -22800, -4.64
 286,-227.00,  -18600, -1.89,    4927,  1.00,  -23527, -4.79
 287,-226.00,  -17584, -1.79,    6616,  1.35,  -24200, -4.92
 288,-225.00,  -16704, -1.70,    8234,  1.68,  -24938, -5.07
 289,-224.00,  -16134, -1.64,    9725,  1.98,  -25859, -5.26
 290,-223.00,  -15898, -1.62,   11019,  2.24,  -26917, -5.48
 291,-222.00,  -15913, -1.62,   12061,  2.45,  -27974, -5.69
 292,-221.00,  -16038, -1.63,   12866,  2.62,  -28904, -5.88
 293,-220.00,  -16114, -1.64,   13475,  2.74,  -29589, -6.02
 294,-219.00,  -15957, -1.62,   13989,  2.85,  -29946, -6.09
 295,-218.00,  -15420, -1.57,   14610,  2.97,  -30030, -6.11
 296,-217.00,  -14380, -1.46,   15591,  3.17,  -29971, -6.10
 297,-216.00,  -12902, -1.31,   17060,  3.47,  -29962, -6.10
 298,-215.00,  -11299, -1.15,   18890,  3.84,  -30189, -6.14
 299,-214.00,   -9997, -1.02,   20696,  4.21,  -30693, -6.24
 300,-213.00,   -9271, -0.94,   22069,  4.49,  -31340, -6.38
 301,-212.00,   -9007, -0.92,   22901,  4.66,  -31908, -6.49
 302,-211.00,   -8812, -0.90,   23412,  4.76,  -32224, -6.56
 303,-210.00,   -8278, -0.84,   23949,  4.87,  -32227, -6.56
 304,-209.00,   -7163, -0.73,   24787,  5.04,  -31950, -6.50
 305,-208.00,   -5478, -0.56,   25974,  5.28,  -31452, -6.40
 306,-207.00,   -3437, -0.35,   27353,  5.57,  -30790, -6.26
 307,-206.00,   -1309, -0.13,   28698,  5.84,  -30007, -6.11
 308,-205.00,     532,  0.05,   29767,  6.06,  -29235, -5.95
 309,-204.00,    1718,  0.17,   30352,  6.18,  -28634, -5.83
 310,-203.00,    2134,  0.22,   30427,  6.19,  -28293, -5.76
 311,-202.00,    1924,  0.20,   30095,  6.12,  -28171, -5.73
 312,-201.00,    1403,  0.14,   29510,  6.00,  -28107, -5.72
 313,-200.00,     976,  0.10,   28849,  5.87,  -27873, -5.67
 314,-199.00,    1013,  0.10,   28362,  5.77,  -27349, -5.56
 315,-198.00,    1661,  0.17,   28249,  5.75,  -26588, -5.41
 316,-197.00,    2969,  0.30,   28687,  5.84,  -25718, -5.23
 317,-196.00,    4774,  0.49,   29685,  6.04,  -24911, -5.07
 318,-195.00,    6682,  0.68,   31011,  6.31,  -24329, -4.95
 319,-194.00,    8332,  0.85,   32308,  6.57,  -23976, -4.88
 320,-193.00,    9588,  0.98,   33326,  6.78,  -23738, -4.83
 321,-192.00,   10456,  1.06,   33971,  6.91,  -23515, -4.78
 322,-191.00,   11164,  1.14,   34392,  7.00,  -23228, -4.73
 323,-190.00,   11840,  1.20,   34799,  7.08,  -22959, -4.67
 324,-189.00,   12392,  1.26,   35338,  7.19,  -22946, -4.67
 325,-188.00,   12763,  1.30,   36070,  7.34,  -23307, -4.74
 326,-187.00,   12992,  1.32,   36935,  7.51,  -23943, -4.87
 327,-186.00,   13137,  1.34,   37738,  7.68,  -24601, -5.01
 328,-185.00,   13348,  1.36,   38243,  7.78,  -24895, -5.07
 329,-184.00,   13658,  1.39,   38173,  7.77,  -24515, -4.99
 330,-183.00,   13989,  1.42,   37405,  7.61,  -23416, -4.76
 331,-182.00,   14331,  1.46,   36078,  7.34,  -21747, -4.42
 332,-181.00,   14730,  1.50,   34554,  7.03,  -19824, -4.03
 333,-180.00,   15153,  1.54,   33182,  6.75,  -18029, -3.67
 334,-179.00,   15521,  1.58,   32102,  6.53,  -16581, -3.37
 335,-178.00,   15766,  1.60,   31182,  6.34,  -15416, -3.14
 336,-177.00,   15858,  1.61,   30200,  6.14,  -14342, -2.92
 337,-176.00,   15842,  1.61,   28995,  5.90,  -13153, -2.68
 338,-175.00,   15873,  1.61,   27651,  5.63,  -11778, -2.40
 339,-174.00,   16028,  1.63,   26335,  5.36,  -10307, -2.10
 340,-173.00,   16307,  1.66,   25143,  5.12,   -8836, -1.80
 341,-172.00,   16802,  1.71,   24113,  4.91,   -7311, -1.49
 342,-171.00,   17578,  1.79,   23195,  4.72,   -5617, -1.14
 343,-170.00,   18603,  1.89,   22279,  4.53,   -3676, -0.75
 344,-169.00,   19682,  2.00,   21255,  4.32,   -1573, -0.32
 345,-168.00,   20368,  2.07,   19991,  4.07,     377,  0.08
 346,-167.00,   20168,  2.05,   18348,  3.73,    1820,  0.37
 347,-166.00,   18936,  1.93,   16338,  3.32,    2598,  0.53
 348,-165.00,   16954,  1.72,   14122,  2.87,    2832,  0.58
 349,-164.00,   14866,  1.51,   12013,  2.44,    2853,  0.58
 350,-163.00,   13276,  1.35,   10305,  2.10,    2971,  0.60
 351,-162.00,   12454,  1.27,    9250,  1.88,    3204,  0.65
 352,-161.00,   12276,  1.25,    8901,  1.81,    3375,  0.69
 353,-160.00,   12389,  1.26,    9109,  1.85,    3280,  0.67
 354,-159.00,   12417,  1.26,    9550,  1.94,    2867,  0.58
 355,-158.00,   12129,  1.23,    9871,  2.01,    2258,  0.46
 356,-157.00,   11414,  1.16,    9799,  1.99,    1615,  0.33
 357,-156.00,   10251,  1.04,    9270,  1.89,     981,  0.20
 358,-155.00,    8714,  0.89,    8358,  1.70,     356,  0.07
 359,-154.00,    6873,  0.70,    7194,  1.46,    -321, -0.07
 360,-153.00,    4795,  0.49,    5854,  1.19,   -1059, -0.22
 361,-152.00,    2607,  0.27,    4386,  0.89,   -1779, -0.36
 362,-151.00,     453,  0.05,    2862,  0.58,   -2409, -0.49
 363,-150.00,   -1551, -0.16,    1367,  0.28,   -2918, -0.59
 364,-149.00,   -3312, -0.34,     -14, -0.00,   -3298, -0.67
 365,-148.00,   -4877, -0.50,   -1223, -0.25,   -3654, -0.74
 366,-147.00,   -6408, -0.65,   -2324, -0.47,   -4084, -0.83
 367,-146.00,   -7955, -0.81,   -3360, -0.68,   -4595, -0.93
 368,-145.00,   -9525, -0.97,   -4388, -0.89,   -5137, -1.05
 369,-144.00,  -11125, -1.13,   -5480, -1.11,   -5645, -1.15
 370,-143.00,  -12756, -1.30,   -6702, -1.36,   -6054, -1.23
 371,-142.00,  -14425, -1.47,   -8043, -1.64,   -6382, -1.30
 372,-141.00,  -16186, -1.65,   -9471, -1.93,   -6715, -1.37
 373,-140.00,  -17890, -1.82,  -10788, -2.19,   -7102, -1.44
 374,-139.00,  -19375, -1.97,  -11867, -2.41,   -7508, -1.53
 375,-138.00,  -20594, -2.09,  -12749, -2.59,   -7845, -1.60
 376,-137.00,  -21641, -2.20,  -13618, -2.77,   -8023, -1.63
 377,-136.00,  -22671, -2.31,  -14623, -2.98,   -8048, -1.64
 378,-135.00,  -23928, -2.43,  -15847, -3.22,   -8081, -1.64
 379,-134.00,  -25438, -2.59,  -17178, -3.49,   -8260, -1.68
 380,-133.00,  -27081, -2.75,  -18498, -3.76,   -8583, -1.75
 381,-132.00,  -28623, -2.91,  -19762, -4.02,   -8861, -1.80
 382,-131.00,  -29783, -3.03,  -20933, -4.26,   -8850, -1.80
 383,-130.00,  -30352, -3.09,  -21912, -4.46,   -8440, -1.72
 384,-129.00,  -30441, -3.10,  -22635, -4.61,   -7806, -1.59
 385,-128.00,  -30271, -3.08,  -22986, -4.68,   -7285, -1.48
 386,-127.00,  -30067, -3.06,  -22863, -4.65,   -7204, -1.47
 387,-126.00,  -29926, -3.04,  -22248, -4.53,   -7678, -1.56
 388,-125.00,  -29668, -3.02,  -21157, -4.30,   -8511, -1.73
 389,-124.00,  -28997, -2.95,  -19633, -3.99,   -9364, -1.91
 390,-123.00,  -27758, -2.82,  -17798, -3.62,   -9960, -2.03
 391,-122.00,  -25981, -2.64,  -15796, -3.21,  -10185, -2.07
 392,-121.00,  -23873, -2.43,  -13724, -2.79,  -10149, -2.06
 393,-120.00,  -21781, -2.22,  -11702, -2.38,  -10079, -2.05
 394,-119.00,  -19909, -2.03,   -9859, -2.01,  -10050, -2.04
 395,-118.00,  -18348, -1.87,   -8278, -1.68,  -10070, -2.05
 396,-117.00,  -17074, -1.74,   -6953, -1.41,  -10121, -2.06
 397,-116.00,  -16075, -1.64,   -5906, -1.20,  -10169, -2.07
 398,-115.00,  -15384, -1.56,   -5139, -1.05,  -10245, -2.08
 399,-114.00,  -15055, -1.53,   -4638, -0.94,  -10417, -2.12
 400,-113.00,  -14988, -1.52,   -4385, -0.89,  -10603, -2.16
 401,-112.00,  -15043, -1.53,   -4301, -0.88,  -10742, -2.19
 402,-111.00,  -14999, -1.53,   -4193, -0.85,  -10806, -2.20
 403,-110.00,  -14697, -1.50,   -3914, -0.80,  -10783, -2.19
 404,-109.00,  -14081, -1.43,   -3372, -0.69,  -10709, -2.18
 405,-108.00,  -13256, -1.35,   -2558, -0.52,  -10698, -2.18
 406,-107.00,  -12372, -1.26,   -1601, -0.33,  -10771, -2.19
 407,-106.00,  -11647, -1.18,    -741, -0.15,  -10906, -2.22
 408,-105.00,  -11192, -1.14,    -122, -0.02,  -11070, -2.25
 409,-104.00,  -11041, -1.12,     246,  0.05,  -11287, -2.30
 410,-103.00,  -11199, -1.14,     408,  0.08,  -11607, -2.36
 411,-102.00,  -11692, -1.19,     361,  0.07,  -12053, -2.45
 412,-101.00,  -12396, -1.26,      53,  0.01,  -12449, -2.53
 413,-100.00,  -13064, -1.33,    -563, -0.11,  -12501, -2.54
 414,-99.00,  -13385, -1.36,   -1312, -0.27,  -12073, -2.46
 415,-98.00,  -13230, -1.35,   -1887, -0.38,  -11343, -2.31
 416,-97.00,  -12740, -1.30,   -2092, -0.43,  -10648, -2.17
 417,-96.00,  -12183, -1.24,   -2013, -0.41,  -10170, -2.07
 418,-95.00,  -11661, -1.19,   -1888, -0.38,   -9773, -1.99
 419,-94.00,  -11016, -1.12,   -1895, -0.39,   -9121, -1.86
 420,-93.00,  -10063, -1.02,   -2049, -0.42,   -8014, -1.63
 421,-92.00,   -8874, -0.90,   -2313, -0.47,   -6561, -1.33
 422,-91.00,   -7780, -0.79,   -2670, -0.54,   -5110, -1.04
 423,-90.00,   -7140, -0.73,   -3193, -0.65,   -3947, -0.80
 424,-89.00,   -7137, -0.73,   -3978, -0.81,   -3159, -0.64
 425,-88.00,   -7613, -0.77,   -4991, -1.02,   -2622, -0.53
 426,-87.00,   -8252, -0.84,   -6119, -1.24,   -2133, -0.43
 427,-86.00,   -8857, -0.90,   -7309, -1.49,   -1548, -0.31
 428,-85.00,   -9345, -0.95,   -8510, -1.73,    -835, -0.17
 429,-84.00,   -9641, -0.98,   -9648, -1.96,       7,  0.00
 430,-83.00,   -9664, -0.98,  -10574, -2.15,     910,  0.19
 431,-82.00,   -9375, -0.95,  -11115, -2.26,    1740,  0.35
 432,-81.00,   -8882, -0.90,  -11225, -2.28,    2343,  0.48
 433,-80.00,   -8460, -0.86,  -11055, -2.25,    2595,  0.53
 434,-79.00,   -8371, -0.85,  -10868, -2.21,    2497,  0.51
 435,-78.00,   -8691, -0.88,  -10914, -2.22,    2223,  0.45
 436,-77.00,   -9244, -0.94,  -11203, -2.28,    1959,  0.40
 437,-76.00,   -9823, -1.00,  -11612, -2.36,    1789,  0.36
 438,-75.00,  -10329, -1.05,  -12006, -2.44,    1677,  0.34
 439,-74.00,  -10757, -1.09,  -12270, -2.50,    1513,  0.31
 440,-73.00,  -11151, -1.13,  -12347, -2.51,    1196,  0.24
 441,-72.00,  -11557, -1.18,  -12311, -2.50,     754,  0.15
 442,-71.00,  -11966, -1.22,  -12253, -2.49,     287,  0.06
 443,-70.00,  -12268, -1.25,  -12227, -2.49,     -41, -0.00
 444,-69.00,  -12361, -1.26,  -12259, -2.49,    -102, -0.02
 445,-68.00,  -12228, -1.24,  -12354, -2.51,     126,  0.03
 446,-67.00,  -12002, -1.22,  -12561, -2.56,     559,  0.11
 447,-66.00,  -11949, -1.22,  -13037, -2.65,    1088,  0.22
 448,-65.00,  -12296, -1.25,  -13955, -2.84,    1659,  0.34
 449,-64.00,  -12999, -1.32,  -15316, -3.12,    2317,  0.47
 450,-63.00,  -13718, -1.40,  -16837, -3.43,    3119,  0.63
 451,-62.00,  -14038, -1.43,  -18101, -3.68,    4063,  0.83
 452,-61.00,  -13710, -1.39,  -18806, -3.83,    5096,  1.04
 453,-60.00,  -12745, -1.30,  -18892, -3.84,    6147,  1.25
 454,-59.00,  -11360, -1.16,  -18556, -3.78,    7196,  1.46
 455,-58.00,   -9865, -1.00,  -18108, -3.68,    8243,  1.68
 456,-57.00,   -8413, -0.86,  -17702, -3.60,    9289,  1.89
 457,-56.00,   -7041, -0.72,  -17405, -3.54,   10364,  2.11
 458,-55.00,   -5684, -0.58,  -17249, -3.51,   11565,  2.35
 459,-54.00,   -4306, -0.44,  -17287, -3.52,   12981,  2.64
 460,-53.00,   -2997, -0.30,  -17552, -3.57,   14555,  2.96
 461,-52.00,   -1940, -0.20,  -17972, -3.66,   16032,  3.26
 462,-51.00,   -1267, -0.13,  -18336, -3.73,   17069,  3.47
 463,-50.00,    -907, -0.09,  -18391, -3.74,   17484,  3.56
 464,-49.00,    -566, -0.06,  -17963, -3.65,   17397,  3.54
 465,-48.00,     -72, -0.00,  -17181, -3.50,   17109,  3.48
 466,-47.00,     408,  0.04,  -16415, -3.34,   16823,  3.42
 467,-46.00,     529,  0.05,  -16061, -3.27,   16590,  3.38
 468,-45.00,       6,  0.00,  -16332, -3.32,   16338,  3.32
 469,-44.00,   -1047, -0.11,  -17101, -3.48,   16054,  3.27
 470,-43.00,   -2120, -0.22,  -17955, -3.65,   15835,  3.22
 471,-42.00,   -2776, -0.28,  -18547, -3.77,   15771,  3.21
 472,-41.00,   -2946, -0.30,  -18751, -3.82,   15805,  3.22
 473,-40.00,   -2906, -0.30,  -18714, -3.81,   15808,  3.22
 474,-39.00,   -3075, -0.31,  -18691, -3.80,   15616,  3.18
 475,-38.00,   -3781, -0.38,  -18883, -3.84,   15102,  3.07
 476,-37.00,   -4983, -0.51,  -19269, -3.92,   14286,  2.91
 477,-36.00,   -6435, -0.65,  -19751, -4.02,   13316,  2.71
 478,-35.00,   -7746, -0.79,  -20136, -4.10,   12390,  2.52
 479,-34.00,   -8607, -0.88,  -20258, -4.12,   11651,  2.37
 480,-33.00,   -9078, -0.92,  -20077, -4.08,   10999,  2.24
 481,-32.00,   -9527, -0.97,  -19688, -4.01,   10161,  2.07
 482,-31.00,  -10341, -1.05,  -19234, -3.91,    8893,  1.81
 483,-30.00,  -11675, -1.19,  -18848, -3.83,    7173,  1.46
 484,-29.00,  -13268, -1.35,  -18440, -3.75,    5172,  1.05
 485,-28.00,  -14665, -1.49,  -17758, -3.61,    3093,  0.63
 486,-27.00,  -15616, -1.59,  -16596, -3.38,     980,  0.20
 487,-26.00,  -16171, -1.65,  -14957, -3.04,   -1214, -0.25
 488,-25.00,  -16684, -1.70,  -13105, -2.67,   -3579, -0.73
 489,-24.00,  -17521, -1.78,  -11431, -2.33,   -6090, -1.24
 490,-23.00,  -18840, -1.92,  -10216, -2.08,   -8624, -1.75
 491,-22.00,  -20578, -2.09,   -9526, -1.94,  -11052, -2.25
 492,-21.00,  -22535, -2.29,   -9226, -1.88,  -13309, -2.71
 493,-20.00,  -24464, -2.49,   -9081, -1.85,  -15383, -3.13
 494,-19.00,  -26270, -2.67,   -8948, -1.82,  -17322, -3.52
 495,-18.00,  -27917, -2.84,   -8788, -1.79,  -19129, -3.89
 496,-17.00,  -29349, -2.99,   -8596, -1.75,  -20753, -4.22
 497,-16.00,  -30559, -3.11,   -8412, -1.71,  -22147, -4.51
 498,-15.00,  -31575, -3.21,   -8230, -1.67,  -23345, -4.75
 499,-14.00,  -32443, -3.30,   -7996, -1.63,  -24447, -4.97
 500,-13.00,  -33293, -3.39,   -7756, -1.58,  -25537, -5.20
 501,-12.00,  -34131, -3.47,   -7546, -1.54,  -26585, -5.41
 502,-11.00,  -34811, -3.54,   -7320, -1.49,  -27491, -5.59
 503,-10.00,  -35218, -3.58,   -7088, -1.44,  -28130, -5.72
 504,-9.00,  -35365, -3.60,   -6854, -1.39,  -28511, -5.80
 505,-8.00,  -35433, -3.60,   -6635, -1.35,  -28798, -5.86
 506,-7.00,  -35684, -3.63,   -6469, -1.32,  -29215, -5.94
 507,-6.00,  -36225, -3.69,   -6328, -1.29,  -29897, -6.08
 508,-5.00,  -36945, -3.76,   -6106, -1.24,  -30839, -6.27
 509,-4.00,  -37653, -3.83,   -5792, -1.18,  -31861, -6.48
 510,-3.00,  -38086, -3.87,   -5392, -1.10,  -32694, -6.65
 511,-2.00,  -38002, -3.87,   -4862, -0.99,  -33140, -6.74
 512,-1.00,  -37333, -3.80,   -4142, -0.84,  -33191, -6.75
 513,0.00,  -36252, -3.69,   -3232, -0.66,  -33020, -6.72
 514,1.00,  -35242, -3.59,   -2303, -0.47,  -32939, -6.70
 515,2.00,  -34888, -3.55,   -1666, -0.34,  -33222, -6.76
 516,3.00,  -35481, -3.61,   -1481, -0.30,  -34000, -6.92
 517,4.00,  -36785, -3.74,   -1543, -0.31,  -35242, -7.17
 518,5.00,  -38113, -3.88,   -1397, -0.28,  -36716, -7.47
 519,6.00,  -38621, -3.93,    -581, -0.12,  -38040, -7.74
 520,7.00,  -37837, -3.85,    1043,  0.21,  -38880, -7.91
 521,8.00,  -35814, -3.64,    3221,  0.66,  -39035, -7.94
 522,9.00,  -33000, -3.36,    5554,  1.13,  -38554, -7.84
 523,10.00,  -30015, -3.05,    7668,  1.56,  -37683, -7.67
 524,11.00,  -27264, -2.77,    9375,  1.91,  -36639, -7.45
 525,12.00,  -24836, -2.53,   10697,  2.18,  -35533, -7.23
 526,13.00,  -22780, -2.32,   11718,  2.38,  -34498, -7.02
 527,14.00,  -21188, -2.16,   12491,  2.54,  -33679, -6.85
 528,15.00,  -20057, -2.04,   13084,  2.66,  -33141, -6.74
 529,16.00,  -19278, -1.96,   13498,  2.75,  -32776, -6.67
 530,17.00,  -18557, -1.89,   13800,  2.81,  -32357, -6.58
 531,18.00,  -17586, -1.79,   14100,  2.87,  -31686, -6.45
 532,19.00,  -16275, -1.66,   14522,  2.95,  -30797, -6.27
 533,20.00,  -14703, -1.50,   15166,  3.09,  -29869, -6.08
 534,21.00,  -12989, -1.32,   16042,  3.26,  -29031, -5.91
 535,22.00,  -11225, -1.14,   17014,  3.46,  -28239, -5.75
 536,23.00,   -9344, -0.95,   17983,  3.66,  -27327, -5.56
 537,24.00,   -7225, -0.73,   18907,  3.85,  -26132, -5.32
 538,25.00,   -4751, -0.48,   19868,  4.04,  -24619, -5.01
 539,26.00,   -1862, -0.19,   20998,  4.27,  -22860, -4.65
 540,27.00,    1223,  0.12,   22282,  4.53,  -21059, -4.28
 541,28.00,    4140,  0.42,   23548,  4.79,  -19408, -3.95
 542,29.00,    6715,  0.68,   24640,  5.01,  -17925, -3.65
 543,30.00,    9093,  0.93,   25515,  5.19,  -16422, -3.34
 544,31.00,   11641,  1.18,   26279,  5.35,  -14638, -2.98
 545,32.00,   14601,  1.49,   27001,  5.49,  -12400, -2.52
 546,33.00,   17859,  1.82,   27607,  5.62,   -9748, -1.98
 547,34.00,   21024,  2.14,   27927,  5.68,   -6903, -1.40
 548,35.00,   23680,  2.41,   27809,  5.66,   -4129, -0.84
 549,36.00,   25742,  2.62,   27327,  5.56,   -1585, -0.32
 550,37.00,   27534,  2.80,   26853,  5.46,     681,  0.14
 551,38.00,   29573,  3.01,   26850,  5.46,    2723,  0.55
 552,39.00,   32350,  3.29,   27689,  5.63,    4661,  0.95
 553,40.00,   36022,  3.66,   29424,  5.99,    6598,  1.34
 554,41.00,   40174,  4.09,   31657,  6.44,    8517,  1.73
 555,42.00,   44169,  4.49,   33781,  6.87,   10388,  2.11
 556,43.00,   47600,  4.84,   35353,  7.19,   12247,  2.49
 557,44.00,   50497,  5.14,   36272,  7.38,   14225,  2.89
 558,45.00,   53209,  5.41,   36767,  7.48,   16442,  3.35
 559,46.00,   56022,  5.70,   37180,  7.56,   18842,  3.83
 560,47.00,   58788,  5.98,   37655,  7.66,   21133,  4.30
 561,48.00,   61126,  6.22,   38136,  7.76,   22990,  4.68
 562,49.00,   62743,  6.38,   38506,  7.83,   24237,  4.93
 563,50.00,   63714,  6.48,   38723,  7.88,   24991,  5.08
 564,51.00,   64366,  6.55,   38816,  7.90,   25550,  5.20
 565,52.00,   65024,  6.61,   38838,  7.90,   26186,  5.33
 566,53.00,   65802,  6.69,   38801,  7.89,   27001,  5.49
 567,54.00,   66671,  6.78,   38776,  7.89,   27895,  5.68
 568,55.00,   67433,  6.86,   38864,  7.91,   28569,  5.81
 569,56.00,   67907,  6.91,   39141,  7.96,   28766,  5.85
 570,57.00,   67962,  6.91,   39529,  8.04,   28433,  5.78
 571,58.00,   67539,  6.87,   39786,  8.09,   27753,  5.65
 572,59.00,   66728,  6.79,   39652,  8.07,   27076,  5.51
 573,60.00,   65849,  6.70,   39157,  7.97,   26692,  5.43
 574,61.00,   65182,  6.63,   38561,  7.85,   26621,  5.42
 575,62.00,   64848,  6.60,   38135,  7.76,   26713,  5.43
 576,63.00,   64771,  6.59,   37992,  7.73,   26779,  5.45
 577,64.00,   64683,  6.58,   37992,  7.73,   26691,  5.43
 578,65.00,   64346,  6.55,   37838,  7.70,   26508,  5.39
 579,66.00,   63779,  6.49,   37395,  7.61,   26384,  5.37
 580,67.00,   63222,  6.43,   36711,  7.47,   26511,  5.39
 581,68.00,   62971,  6.41,   35907,  7.31,   27064,  5.51
 582,69.00,   63240,  6.43,   35148,  7.15,   28092,  5.72
 583,70.00,   63970,  6.51,   34492,  7.02,   29478,  6.00
 584,71.00,   64930,  6.61,   33894,  6.90,   31036,  6.31
 585,72.00,   65869,  6.70,   33320,  6.78,   32549,  6.62
 586,73.00,   66572,  6.77,   32750,  6.66,   33822,  6.88
 587,74.00,   66916,  6.81,   32219,  6.56,   34697,  7.06
 588,75.00,   66852,  6.80,   31712,  6.45,   35140,  7.15
 589,76.00,   66447,  6.76,   31089,  6.33,   35358,  7.19
 590,77.00,   65986,  6.71,   30262,  6.16,   35724,  7.27
 591,78.00,   65792,  6.69,   29267,  5.95,   36525,  7.43
 592,79.00,   66023,  6.72,   28307,  5.76,   37716,  7.67
 593,80.00,   66605,  6.78,   27650,  5.63,   38955,  7.93
 594,81.00,   67185,  6.83,   27286,  5.55,   39899,  8.12
 595,82.00,   67379,  6.85,   26908,  5.47,   40471,  8.23
 596,83.00,   67074,  6.82,   26195,  5.33,   40879,  8.32
 597,84.00,   66299,  6.74,   24966,  5.08,   41333,  8.41
 598,85.00,   65130,  6.63,   23300,  4.74,   41830,  8.51
 599,86.00,   63606,  6.47,   21403,  4.35,   42203,  8.59
 600,87.00,   61673,  6.27,   19440,  3.96,   42233,  8.59
 601,88.00,   59295,  6.03,   17498,  3.56,   41797,  8.50
 602,89.00,   56625,  5.76,   15669,  3.19,   40956,  8.33
 603,90.00,   53908,  5.48,   14005,  2.85,   39903,  8.12
 604,91.00,   51358,  5.22,   12512,  2.55,   38846,  7.90
 605,92.00,   49023,  4.99,   11095,  2.26,   37928,  7.72
 606,93.00,   46804,  4.76,    9636,  1.96,   37168,  7.56
 607,94.00,   44503,  4.53,    8010,  1.63,   36493,  7.42
 608,95.00,   41966,  4.27,    6182,  1.26,   35784,  7.28
 609,96.00,   39178,  3.99,    4188,  0.85,   34990,  7.12
 610,97.00,   36240,  3.69,    2169,  0.44,   34071,  6.93
 611,98.00,   33293,  3.39,     319,  0.06,   32974,  6.71
 612,99.00,   30468,  3.10,   -1206, -0.25,   31674,  6.44
 613,100.00,   27792,  2.83,   -2436, -0.50,   30228,  6.15
 614,101.00,   25229,  2.57,   -3499, -0.71,   28728,  5.84
 615,102.00,   22713,  2.31,   -4592, -0.93,   27305,  5.56
 616,103.00,   20117,  2.05,   -5842, -1.19,   25959,  5.28
 617,104.00,   17312,  1.76,   -7264, -1.48,   24576,  5.00
 618,105.00,   14230,  1.45,   -8781, -1.79,   23011,  4.68
 619,106.00,   10903,  1.11,  -10284, -2.09,   21187,  4.31
 620,107.00,    7558,  0.77,  -11594, -2.36,   19152,  3.90
 621,108.00,    4502,  0.46,  -12558, -2.56,   17060,  3.47
 622,109.00,    1916,  0.19,  -13114, -2.67,   15030,  3.06
 623,110.00,    -232, -0.02,  -13349, -2.72,   13117,  2.67
 624,111.00,   -2131, -0.22,  -13431, -2.73,   11300,  2.30
 625,112.00,   -3915, -0.40,  -13494, -2.75,    9579,  1.95
 626,113.00,   -5609, -0.57,  -13598, -2.77,    7989,  1.63
 627,114.00,   -7225, -0.73,  -13771, -2.80,    6546,  1.33
 628,115.00,   -8820, -0.90,  -14043, -2.86,    5223,  1.06
 629,116.00,  -10583, -1.08,  -14487, -2.95,    3904,  0.79
 630,117.00,  -12670, -1.29,  -15101, -3.07,    2431,  0.49
 631,118.00,  -14945, -1.52,  -15751, -3.20,     806,  0.16
 632,119.00,  -17037, -1.73,  -16168, -3.29,    -869, -0.18
 633,120.00,  -18643, -1.90,  -16146, -3.29,   -2497, -0.51
 634,121.00,  -19639, -2.00,  -15622, -3.18,   -4017, -0.82
 635,122.00,  -20172, -2.05,  -14690, -2.99,   -5482, -1.12
 636,123.00,  -20491, -2.08,  -13502, -2.75,   -6989, -1.42
 637,124.00,  -20752, -2.11,  -12207, -2.48,   -8545, -1.74
 638,125.00,  -20976, -2.13,  -10859, -2.21,  -10117, -2.06
 639,126.00,  -21227, -2.16,   -9541, -1.94,  -11686, -2.38
 640,127.00,  -21553, -2.19,   -8347, -1.70,  -13206, -2.69
 641,128.00,  -22034, -2.24,   -7388, -1.50,  -14646, -2.98
 642,129.00,  -22676, -2.31,   -6721, -1.37,  -15955, -3.25
 643,130.00,  -23402, -2.38,   -6317, -1.29,  -17085, -3.48
 644,131.00,  -24144, -2.46,   -6099, -1.24,  -18045, -3.67
 645,132.00,  -24912, -2.53,   -6007, -1.22,  -18905, -3.85
 646,133.00,  -25643, -2.61,   -5939, -1.21,  -19704, -4.01
 647,134.00,  -26277, -2.67,   -5755, -1.17,  -20522, -4.18
 648,135.00,  -26769, -2.72,   -5288, -1.08,  -21481, -4.37
 649,136.00,  -27087, -2.76,   -4407, -0.90,  -22680, -4.61
 650,137.00,  -27388, -2.79,   -3223, -0.66,  -24165, -4.92
 651,138.00,  -27910, -2.84,   -2063, -0.42,  -25847, -5.26
 652,139.00,  -28751, -2.92,   -1232, -0.25,  -27519, -5.60
 653,140.00,  -29794, -3.03,    -755, -0.15,  -29039, -5.91
 654,141.00,  -30831, -3.14,    -406, -0.08,  -30425, -6.19
 655,142.00,  -31642, -3.22,     121,  0.02,  -31763, -6.46
 656,143.00,  -32238, -3.28,     916,  0.19,  -33154, -6.75
 657,144.00,  -32795, -3.34,    1752,  0.36,  -34547, -7.03
 658,145.00,  -33457, -3.40,    2255,  0.46,  -35712, -7.27
 659,146.00,  -34141, -3.47,    2253,  0.46,  -36394, -7.40
 660,147.00,  -34637, -3.52,    1858,  0.38,  -36495, -7.43
 661,148.00,  -34700, -3.53,    1367,  0.28,  -36067, -7.34
 662,149.00,  -34317, -3.49,    1086,  0.22,  -35403, -7.20
 663,150.00,  -33760, -3.43,    1122,  0.23,  -34882, -7.10
 664,151.00,  -33377, -3.40,    1343,  0.27,  -34720, -7.06
 665,152.00,  -33334, -3.39,    1563,  0.32,  -34897, -7.10
 666,153.00,  -33598, -3.42,    1627,  0.33,  -35225, -7.17
 667,154.00,  -33941, -3.45,    1485,  0.30,  -35426, -7.21
 668,155.00,  -34097, -3.47,    1235,  0.25,  -35332, -7.19
 669,156.00,  -33823, -3.44,    1130,  0.23,  -34953, -7.11
 670,157.00,  -32903, -3.35,    1452,  0.30,  -34355, -6.99
 671,158.00,  -31326, -3.19,    2339,  0.48,  -33665, -6.85
 672,159.00,  -29377, -2.99,    3665,  0.75,  -33042, -6.72
 673,160.00,  -27551, -2.80,    5074,  1.03,  -32625, -6.64
 674,161.00,  -26297, -2.68,    6103,  1.24,  -32400, -6.59
 675,162.00,  -25717, -2.62,    6462,  1.31,  -32179, -6.55
 676,163.00,  -25593, -2.60,    6148,  1.25,  -31741, -6.46
 677,164.00,  -25685, -2.61,    5372,  1.09,  -31057, -6.32
 678,165.00,  -25826, -2.63,    4466,  0.91,  -30292, -6.16
 679,166.00,  -25929, -2.64,    3733,  0.76,  -29662, -6.03
 680,167.00,  -25899, -2.63,    3269,  0.67,  -29168, -5.93
 681,168.00,  -25633, -2.61,    2995,  0.61,  -28628, -5.82
 682,169.00,  -25127, -2.56,    2769,  0.56,  -27896, -5.68
 683,170.00,  -24569, -2.50,    2462,  0.50,  -27031, -5.50
 684,171.00,  -24150, -2.46,    2040,  0.42,  -26190, -5.33
 685,172.00,  -23879, -2.43,    1551,  0.32,  -25430, -5.17
 686,173.00,  -23581, -2.40,    1096,  0.22,  -24677, -5.02
 687,174.00,  -23030, -2.34,     815,  0.17,  -23845, -4.85
 688,175.00,  -22193, -2.26,     782,  0.16,  -22975, -4.67
 689,176.00,  -21239, -2.16,     958,  0.19,  -22197, -4.52
 690,177.00,  -20347, -2.07,    1229,  0.25,  -21576, -4.39
 691,178.00,  -19564, -1.99,    1464,  0.30,  -21028, -4.28
 692,179.00,  -18859, -1.92,    1631,  0.33,  -20490, -4.17
 693,180.00,  -18188, -1.85,    1780,  0.36,  -19968, -4.06
 694,181.00,  -17655, -1.80,    1890,  0.38,  -19545, -3.98
 695,182.00,  -17383, -1.77,    1842,  0.37,  -19225, -3.91
 696,183.00,  -17340, -1.76,    1513,  0.31,  -18853, -3.84
 697,184.00,  -17370, -1.77,     882,  0.18,  -18252, -3.71
 698,185.00,  -17253, -1.76,     139,  0.03,  -17392, -3.54
 699,186.00,  -16825, -1.71,    -397, -0.08,  -16428, -3.34
 700,187.00,  -16149, -1.64,    -514, -0.10,  -15635, -3.18
 701,188.00,  -15428, -1.57,    -285, -0.06,  -15143, -3.08
 702,189.00,  -14867, -1.51,      -3, -0.00,  -14864, -3.02
 703,190.00,  -14633, -1.49,       0,  0.00,  -14633, -2.98
 704,191.00,  -14686, -1.49,    -355, -0.07,  -14331, -2.92
 705,192.00,  -14785, -1.50,    -861, -0.18,  -13924, -2.83
 706,193.00,  -14717, -1.50,   -1246, -0.25,  -13471, -2.74
 707,194.00,  -14381, -1.46,   -1430, -0.29,  -12951, -2.63
 708,195.00,  -13716, -1.40,   -1516, -0.31,  -12200, -2.48
 709,196.00,  -12790, -1.30,   -1714, -0.35,  -11076, -2.25
 710,197.00,  -11770, -1.20,   -2126, -0.43,   -9644, -1.96
 711,198.00,  -10879, -1.11,   -2737, -0.56,   -8142, -1.66
 712,199.00,  -10359, -1.05,   -3481, -0.71,   -6878, -1.40
 713,200.00,  -10279, -1.05,   -4322, -0.88,   -5957, -1.21
 714,201.00,  -10298, -1.05,   -5210, -1.06,   -5088, -1.04
 715,202.00,   -9852, -1.00,   -6033, -1.23,   -3819, -0.78
 716,203.00,   -8536, -0.87,   -6571, -1.34,   -1965, -0.40
 717,204.00,   -6424, -0.65,   -6682, -1.36,     258,  0.05
 718,205.00,   -4025, -0.41,   -6415, -1.31,    2390,  0.49
 719,206.00,   -1960, -0.20,   -6021, -1.23,    4061,  0.83
 720,207.00,    -633, -0.06,   -5825, -1.19,    5192,  1.06
 721,208.00,     -10, -0.00,   -5955, -1.21,    5945,  1.21
 722,209.00,     309,  0.03,   -6212, -1.26,    6521,  1.33
 723,210.00,     713,  0.07,   -6291, -1.28,    7004,  1.43
 724,211.00,    1396,  0.14,   -6024, -1.23,    7420,  1.51
 725,212.00,    2302,  0.23,   -5480, -1.11,    7782,  1.58
 726,213.00,    3110,  0.32,   -4948, -1.01,    8058,  1.64
 727,214.00,    3591,  0.37,   -4706, -0.96,    8297,  1.69
 728,215.00,    3736,  0.38,   -4898, -1.00,    8634,  1.76
 729,216.00,    3573,  0.36,   -5560, -1.13,    9133,  1.86
 730,217.00,    3049,  0.31,   -6624, -1.35,    9673,  1.97
 731,218.00,    1992,  0.20,   -7987, -1.63,    9979,  2.03
 732,219.00,     291,  0.03,   -9488, -1.93,    9779,  1.99
 733,220.00,   -1868, -0.19,  -10926, -2.22,    9058,  1.84
 734,221.00,   -4059, -0.41,  -12177, -2.48,    8118,  1.65
 735,222.00,   -5821, -0.59,  -13218, -2.69,    7397,  1.50
 736,223.00,   -6930, -0.70,  -14087, -2.87,    7157,  1.46
 737,224.00,   -7415, -0.75,  -14857, -3.02,    7442,  1.51
 738,225.00,   -7401, -0.75,  -15469, -3.15,    8068,  1.64
 739,226.00,   -7113, -0.72,  -15835, -3.22,    8722,  1.77
 740,227.00,   -6872, -0.70,  -15977, -3.25,    9105,  1.85
 741,228.00,   -7024, -0.71,  -16021, -3.26,    8997,  1.83
 742,229.00,   -7889, -0.80,  -16173, -3.29,    8284,  1.69
 743,230.00,   -9485, -0.96,  -16568, -3.37,    7083,  1.44
 744,231.00,  -11469, -1.17,  -17129, -3.49,    5660,  1.15
 745,232.00,  -13433, -1.37,  -17772, -3.62,    4339,  0.88
 746,233.00,  -15076, -1.53,  -18490, -3.76,    3414,  0.69
 747,234.00,  -16343, -1.66,  -19298, -3.93,    2955,  0.60
 748,235.00,  -17424, -1.77,  -20227, -4.12,    2803,  0.57
 749,236.00,  -18549, -1.89,  -21263, -4.33,    2714,  0.55
 750,237.00,  -19862, -2.02,  -22278, -4.53,    2416,  0.49
 751,238.00,  -21521, -2.19,  -23197, -4.72,    1676,  0.34
 752,239.00,  -23560, -2.40,  -23991, -4.88,     431,  0.09
 753,240.00,  -25945, -2.64,  -24676, -5.02,   -1269, -0.26
 754,241.00,  -28597, -2.91,  -25346, -5.16,   -3251, -0.66
 755,242.00,  -31387, -3.19,  -26193, -5.33,   -5194, -1.06
 756,243.00,  -34145, -3.47,  -27312, -5.56,   -6833, -1.39
 757,244.00,  -36734, -3.74,  -28634, -5.83,   -8100, -1.65
 758,245.00,  -38961, -3.96,  -29906, -6.08,   -9055, -1.84
 759,246.00,  -40716, -4.14,  -30905, -6.29,   -9811, -2.00
 760,247.00,  -42046, -4.28,  -31614, -6.43,  -10432, -2.12
 761,248.00,  -43132, -4.39,  -32275, -6.57,  -10857, -2.21
 762,249.00,  -44276, -4.50,  -33192, -6.75,  -11084, -2.26
 763,250.00,  -45715, -4.65,  -34490, -7.02,  -11225, -2.28
 764,251.00,  -47404, -4.82,  -35965, -7.32,  -11439, -2.33
 765,252.00,  -49039, -4.99,  -37277, -7.58,  -11762, -2.39
 766,253.00,  -50253, -5.11,  -38146, -7.76,  -12107, -2.46
 767,254.00,  -50867, -5.17,  -38474, -7.83,  -12393, -2.52
 768,255.00,  -51119, -5.20,  -38431, -7.82,  -12688, -2.58
 769,256.00,  -51384, -5.23,  -38293, -7.79,  -13091, -2.66
 770,257.00,  -51886, -5.28,  -38236, -7.78,  -13650, -2.78
 771,258.00,  -52522, -5.34,  -38324, -7.80,  -14198, -2.89
 772,259.00,  -52989, -5.39,  -38495, -7.83,  -14494, -2.95
 773,260.00,  -53059, -5.40,  -38605, -7.85,  -14454, -2.94
 774,261.00,  -52838, -5.38,  -38644, -7.86,  -14194, -2.89
 775,262.00,  -52605, -5.35,  -38729, -7.88,  -13876, -2.82
 776,263.00,  -52650, -5.36,  -38989, -7.93,  -13661, -2.78
 777,264.00,  -53025, -5.39,  -39436, -8.02,  -13589, -2.76
 778,265.00,  -53449, -5.44,  -39891, -8.12,  -13558, -2.76
 779,266.00,  -53406, -5.43,  -40057, -8.15,  -13349, -2.72
 780,267.00,  -52463, -5.34,  -39759, -8.09,  -12704, -2.58
 781,268.00,  -50582, -5.15,  -39064, -7.95,  -11518, -2.34
 782,269.00,  -48241, -4.91,  -38269, -7.79,   -9972, -2.03
 783,270.00,  -46176, -4.70,  -37681, -7.67,   -8495, -1.73
 784,271.00,  -44938, -4.57,  -37434, -7.62,   -7504, -1.53
 785,272.00,  -44480, -4.52,  -37376, -7.60,   -7104, -1.45
 786,273.00,  -44132, -4.49,  -37121, -7.55,   -7011, -1.43
 787,274.00,  -43039, -4.38,  -36252, -7.38,   -6787, -1.38
 788,275.00,  -40690, -4.14,  -34599, -7.04,   -6091, -1.24
 789,276.00,  -37210, -3.79,  -32319, -6.58,   -4891, -1.00
 790,277.00,  -33231, -3.38,  -29817, -6.07,   -3414, -0.69
 791,278.00,  -29545, -3.01,  -27592, -5.61,   -1953, -0.40
 792,279.00,  -26731, -2.72,  -26034, -5.30,    -697, -0.14
 793,280.00,  -24932, -2.54,  -25216, -5.13,     284,  0.06
 794,281.00,  -23971, -2.44,  -24941, -5.07,     970,  0.20
 795,282.00,  -23467, -2.39,  -24849, -5.06,    1382,  0.28
 796,283.00,  -22908, -2.33,  -24554, -5.00,    1646,  0.33
 797,284.00,  -21922, -2.23,  -23888, -4.86,    1966,  0.40
 798,285.00,  -20408, -2.08,  -22937, -4.67,    2529,  0.51
 799,286.00,  -18465, -1.88,  -21879, -4.45,    3414,  0.69
 800,287.00,  -16464, -1.67,  -20951, -4.26,    4487,  0.91
 801,288.00,  -14819, -1.51,  -20330, -4.14,    5511,  1.12
 802,289.00,  -13693, -1.39,  -19997, -4.07,    6304,  1.28
 803,290.00,  -12952, -1.32,  -19764, -4.02,    6812,  1.39
 804,291.00,  -12276, -1.25,  -19355, -3.94,    7079,  1.44
 805,292.00,  -11343, -1.15,  -18624, -3.79,    7281,  1.48
 806,293.00,  -10132, -1.03,  -17672, -3.60,    7540,  1.53
 807,294.00,   -8882, -0.90,  -16737, -3.41,    7855,  1.60
 808,295.00,   -7804, -0.79,  -15953, -3.25,    8149,  1.66
 809,296.00,   -6853, -0.70,  -15229, -3.10,    8376,  1.70
 810,297.00,   -5867, -0.60,  -14439, -2.94,    8572,  1.74
 811,298.00,   -4737, -0.48,  -13631, -2.77,    8894,  1.81
 812,299.00,   -3529, -0.36,  -12994, -2.64,    9465,  1.93
 813,300.00,   -2392, -0.24,  -12686, -2.58,   10294,  2.09
 814,301.00,   -1269, -0.13,  -12598, -2.56,   11329,  2.30
 815,302.00,      63,  0.00,  -12433, -2.53,   12496,  2.54
 816,303.00,    1751,  0.18,  -11977, -2.44,   13728,  2.79
 817,304.00,    3705,  0.38,  -11223, -2.28,   14928,  3.04
 818,305.00,    5648,  0.57,  -10325, -2.10,   15973,  3.25
 819,306.00,    7285,  0.74,   -9477, -1.93,   16762,  3.41
 820,307.00,    8579,  0.87,   -8704, -1.77,   17283,  3.52
 821,308.00,    9659,  0.98,   -7954, -1.62,   17613,  3.58
 822,309.00,   10754,  1.09,   -7225, -1.47,   17979,  3.66
 823,310.00,   11996,  1.22,   -6582, -1.34,   18578,  3.78
 824,311.00,   13323,  1.36,   -6143, -1.25,   19466,  3.96
 825,312.00,   14503,  1.48,   -6064, -1.23,   20567,  4.18
 826,313.00,   15301,  1.56,   -6400, -1.30,   21701,  4.42
 827,314.00,   15540,  1.58,   -7122, -1.45,   22662,  4.61
 828,315.00,   15314,  1.56,   -8143, -1.66,   23457,  4.77
 829,316.00,   14834,  1.51,   -9369, -1.91,   24203,  4.92
 830,317.00,   14305,  1.46,  -10754, -2.19,   25059,  5.10
 831,318.00,   13843,  1.41,  -12330, -2.51,   26173,  5.33
 832,319.00,   13476,  1.37,  -14117, -2.87,   27593,  5.61
 833,320.00,   13253,  1.35,  -15985, -3.25,   29238,  5.95
 834,321.00,   13347,  1.36,  -17613, -3.58,   30960,  6.30
 835,322.00,   13991,  1.42,  -18631, -3.79,   32622,  6.64
 836,323.00,   15317,  1.56,  -18853, -3.84,   34170,  6.95
 837,324.00,   17243,  1.75,  -18363, -3.74,   35606,  7.24
 838,325.00,   19445,  1.98,  -17534, -3.57,   36979,  7.52
 839,326.00,   21525,  2.19,  -16828, -3.42,   38353,  7.80
 840,327.00,   23139,  2.35,  -16530, -3.36,   39669,  8.07
 841,328.00,   24253,  2.47,  -16627, -3.38,   40880,  8.32
 842,329.00,   25019,  2.55,  -16890, -3.44,   41909,  8.53
 843,330.00,   25674,  2.61,  -16928, -3.44,   42602,  8.67
 844,331.00,   26346,  2.68,  -16482, -3.35,   42828,  8.71
 845,332.00,   27024,  2.75,  -15553, -3.16,   42577,  8.66
 846,333.00,   27587,  2.81,  -14334, -2.92,   41921,  8.53
 847,334.00,   27992,  2.85,  -13062, -2.66,   41054,  8.35
 848,335.00,   28170,  2.87,  -11972, -2.44,   40142,  8.17
 849,336.00,   28073,  2.86,  -11173, -2.27,   39246,  7.98
 850,337.00,   27633,  2.81,  -10697, -2.18,   38330,  7.80
 851,338.00,   26871,  2.73,  -10469, -2.13,   37340,  7.60
 852,339.00,   25883,  2.63,  -10332, -2.10,   36215,  7.37
 853,340.00,   24883,  2.53,  -10081, -2.05,   34964,  7.11
 854,341.00,   24096,  2.45,   -9550, -1.94,   33646,  6.85
 855,342.00,   23708,  2.41,   -8651, -1.76,   32359,  6.58
 856,343.00,   23706,  2.41,   -7450, -1.52,   31156,  6.34
 857,344.00,   23970,  2.44,   -6102, -1.24,   30072,  6.12
 858,345.00,   24281,  2.47,   -4817, -0.98,   29098,  5.92
 859,346.00,   24559,  2.50,   -3745, -0.76,   28304,  5.76
 860,347.00,   24917,  2.53,   -2866, -0.58,   27783,  5.65
 861,348.00,   25540,  2.60,   -2034, -0.41,   27574,  5.61
 862,349.00,   26456,  2.69,   -1122, -0.23,   27578,  5.61
 863,350.00,   27564,  2.80,     -75, -0.02,   27639,  5.62
 864,351.00,   28583,  2.91,    1025,  0.21,   27558,  5.61
 865,352.00,   29296,  2.98,    2040,  0.42,   27256,  5.55
 866,353.00,   29655,  3.02,    2879,  0.59,   26776,  5.45
 867,354.00,   29751,  3.03,    3512,  0.71,   26239,  5.34
 868,355.00,   29820,  3.03,    3997,  0.81,   25823,  5.25
 869,356.00,   30140,  3.07,    4454,  0.91,   25686,  5.23
 870,357.00,   30764,  3.13,    4986,  1.01,   25778,  5.24
 871,358.00,   31531,  3.21,    5648,  1.15,   25883,  5.27
 872,359.00,   32201,  3.28,    6462,  1.31,   25739,  5.24
 873,360.00,   32588,  3.32,    7407,  1.51,   25181,  5.12
 874,361.00,   32731,  3.33,    8418,  1.71,   24313,  4.95
 875,362.00,   32802,  3.34,    9366,  1.91,   23436,  4.77
 876,363.00,   32971,  3.35,   10139,  2.06,   22832,  4.65
 877,364.00,   33336,  3.39,   10693,  2.18,   22643,  4.61
 878,365.00,   34026,  3.46,   11136,  2.27,   22890,  4.66
 879,366.00,   35096,  3.57,   11607,  2.36,   23489,  4.78
 880,367.00,   36466,  3.71,   12201,  2.48,   24265,  4.94
 881,368.00,   37915,  3.86,   12935,  2.63,   24980,  5.08
 882,369.00,   39234,  3.99,   13800,  2.81,   25434,  5.17
 883,370.00,   40336,  4.10,   14798,  3.01,   25538,  5.20
 884,371.00,   41426,  4.21,   16015,  3.26,   25411,  5.17
 885,372.00,   42773,  4.35,   17471,  3.55,   25302,  5.15
 886,373.00,   44481,  4.52,   19126,  3.89,   25355,  5.16
 887,374.00,   46427,  4.72,   20935,  4.26,   25492,  5.19
 888,375.00,   48338,  4.92,   22826,  4.64,   25512,  5.19
 889,376.00,   50018,  5.09,   24774,  5.04,   25244,  5.14
 890,377.00,   51540,  5.24,   26849,  5.46,   24691,  5.02
 891,378.00,   53154,  5.41,   29097,  5.92,   24057,  4.89
 892,379.00,   55104,  5.61,   31477,  6.40,   23627,  4.81
 893,380.00,   57428,  5.84,   33869,  6.89,   23559,  4.79
 894,381.00,   59801,  6.08,   35974,  7.32,   23827,  4.85
 895,382.00,   61738,  6.28,   37494,  7.63,   24244,  4.93
 896,383.00,   62889,  6.40,   38340,  7.80,   24549,  4.99
 897,384.00,   63158,  6.42,   38623,  7.86,   24535,  4.99
 898,385.00,   62816,  6.39,   38570,  7.85,   24246,  4.93
 899,386.00,   62262,  6.33,   38411,  7.81,   23851,  4.85
 900,387.00,   61753,  6.28,   38211,  7.77,   23542,  4.79
 901,388.00,   61318,  6.24,   37921,  7.72,   23397,  4.76
 902,389.00,   60834,  6.19,   37502,  7.63,   23332,  4.75
 903,390.00,   60098,  6.11,   36985,  7.52,   23113,  4.70
 904,391.00,   59044,  6.01,   36458,  7.42,   22586,  4.60
 905,392.00,   57726,  5.87,   36047,  7.33,   21679,  4.41
 906,393.00,   56344,  5.73,   35843,  7.29,   20501,  4.17
 907,394.00,   55109,  5.61,   35874,  7.30,   19235,  3.91
 908,395.00,   54228,  5.52,   36081,  7.34,   18147,  3.69
 909,396.00,   53773,  5.47,   36413,  7.41,   17360,  3.53
 910,397.00,   53553,  5.45,   36780,  7.48,   16773,  3.41
 911,398.00,   53201,  5.41,   37059,  7.54,   16142,  3.28
 912,399.00,   52466,  5.34,   37137,  7.56,   15329,  3.12
 913,400.00,   51299,  5.22,   36988,  7.53,   14311,  2.91
 914,401.00,   49992,  5.09,   36680,  7.46,   13312,  2.71
 915,402.00,   48953,  4.98,   36370,  7.40,   12583,  2.56
 916,403.00,   48254,  4.91,   36124,  7.35,   12130,  2.47
 917,404.00,   47684,  4.85,   35863,  7.30,   11821,  2.41
 918,405.00,   46955,  4.78,   35433,  7.21,   11522,  2.34
 919,406.00,   45893,  4.67,   34750,  7.07,   11143,  2.27
 920,407.00,   44561,  4.53,   33812,  6.88,   10749,  2.19
 921,408.00,   43194,  4.39,   32692,  6.65,   10502,  2.14
 922,409.00,   41893,  4.26,   31410,  6.39,   10483,  2.13
 923,410.00,   40682,  4.14,   29958,  6.10,   10724,  2.18
 924,411.00,   39600,  4.03,   28381,  5.77,   11219,  2.28
 925,412.00,   38762,  3.94,   26821,  5.46,   11941,  2.43
 926,413.00,   38231,  3.89,   25389,  5.17,   12842,  2.61
 927,414.00,   37984,  3.86,   24146,  4.91,   13838,  2.82
 928,415.00,   37788,  3.84,   22978,  4.68,   14810,  3.01
 929,416.00,   37336,  3.80,   21643,  4.40,   15693,  3.19
 930,417.00,   36584,  3.72,   20003,  4.07,   16581,  3.37
 931,418.00,   35784,  3.64,   18126,  3.69,   17658,  3.59
 932,419.00,   35358,  3.60,   16246,  3.31,   19112,  3.89
 933,420.00,   35630,  3.62,   14715,  2.99,   20915,  4.26
 934,421.00,   36588,  3.72,   13735,  2.79,   22853,  4.65
 935,422.00,   37885,  3.85,   13228,  2.69,   24657,  5.02
 936,423.00,   39140,  3.98,   12960,  2.64,   26180,  5.33
 937,424.00,   40043,  4.07,   12674,  2.58,   27369,  5.57
 938,425.00,   40530,  4.12,   12199,  2.48,   28331,  5.76
 939,426.00,   40681,  4.14,   11524,  2.34,   29157,  5.93
 940,427.00,   40643,  4.13,   10720,  2.18,   29923,  6.09
 941,428.00,   40532,  4.12,    9834,  2.00,   30698,  6.25
 942,429.00,   40377,  4.11,    8872,  1.81,   31505,  6.41
 943,430.00,   40049,  4.07,    7834,  1.59,   32215,  6.55
 944,431.00,   39441,  4.01,    6787,  1.38,   32654,  6.64
 945,432.00,   38570,  3.92,    5844,  1.19,   32726,  6.66
 946,433.00,   37685,  3.83,    5118,  1.04,   32567,  6.63
 947,434.00,   37152,  3.78,    4623,  0.94,   32529,  6.62
 948,435.00,   37249,  3.79,    4302,  0.88,   32947,  6.70
 949,436.00,   37892,  3.85,    4027,  0.82,   33865,  6.89
 950,437.00,   38637,  3.93,    3709,  0.75,   34928,  7.11
 951,438.00,   38975,  3.96,    3305,  0.67,   35670,  7.26
 952,439.00,   38612,  3.93,    2793,  0.57,   35819,  7.29
 953,440.00,   37588,  3.82,    2146,  0.44,   35442,  7.21
 954,441.00,   36302,  3.69,    1442,  0.29,   34860,  7.09
 955,442.00,   35139,  3.57,     772,  0.16,   34367,  6.99
 956,443.00,   34145,  3.47,     204,  0.04,   33941,  6.91
 957,444.00,   33070,  3.36,    -217, -0.04,   33287,  6.77
 958,445.00,   31545,  3.21,    -567, -0.12,   32112,  6.53
 959,446.00,   29395,  2.99,    -976, -0.20,   30371,  6.18
 960,447.00,   26854,  2.73,   -1486, -0.30,   28340,  5.77
 961,448.00,   24345,  2.48,   -2105, -0.43,   26450,  5.38
 962,449.00,   22071,  2.25,   -2869, -0.58,   24940,  5.07
 963,450.00,   19945,  2.03,   -3816, -0.78,   23761,  4.83
 964,451.00,   17705,  1.80,   -4999, -1.02,   22704,  4.62
 965,452.00,   15290,  1.56,   -6305, -1.28,   21595,  4.39
 966,453.00,   12918,  1.31,   -7438, -1.51,   20356,  4.14
 967,454.00,   10860,  1.10,   -8117, -1.65,   18977,  3.86
 968,455.00,    9162,  0.93,   -8271, -1.68,   17433,  3.55
 969,456.00,    7545,  0.77,   -8170, -1.66,   15715,  3.20
 970,457.00,    5589,  0.57,   -8278, -1.68,   13867,  2.82
 971,458.00,    3107,  0.32,   -8930, -1.82,   12037,  2.45
 972,459.00,     250,  0.03,  -10132, -2.06,   10382,  2.11
 973,460.00,   -2639, -0.27,  -11634, -2.37,    8995,  1.83
 974,461.00,   -5247, -0.53,  -13153, -2.68,    7906,  1.61
 975,462.00,   -7528, -0.77,  -14603, -2.97,    7075,  1.44
 976,463.00,   -9669, -0.98,  -16070, -3.27,    6401,  1.30
 977,464.00,  -11863, -1.21,  -17632, -3.59,    5769,  1.17
 978,465.00,  -14146, -1.44,  -19187, -3.90,    5041,  1.03
 979,466.00,  -16427, -1.67,  -20521, -4.18,    4094,  0.83
 980,467.00,  -18617, -1.89,  -21475, -4.37,    2858,  0.58
 981,468.00,  -20746, -2.11,  -22053, -4.49,    1307,  0.27
 982,469.00,  -23070, -2.35,  -22484, -4.57,    -586, -0.12
 983,470.00,  -25755, -2.62,  -23012, -4.68,   -2743, -0.56
 984,471.00,  -28754, -2.93,  -23738, -4.83,   -5016, -1.02
 985,472.00,  -31868, -3.24,  -24613, -5.01,   -7255, -1.48
 986,473.00,  -34787, -3.54,  -25431, -5.17,   -9356, -1.90
 987,474.00,  -37176, -3.78,  -25961, -5.28,  -11215, -2.28
 988,475.00,  -38977, -3.97,  -26161, -5.32,  -12816, -2.61
 989,476.00,  -40218, -4.09,  -26111, -5.31,  -14107, -2.87
 990,477.00,  -41064, -4.18,  -25967, -5.28,  -15097, -3.07
 991,478.00,  -41904, -4.26,  -25899, -5.27,  -16005, -3.26
 992,479.00,  -43160, -4.39,  -25998, -5.29,  -17162, -3.49
 993,480.00,  -45006, -4.58,  -26258, -5.34,  -18748, -3.81
 994,481.00,  -47445, -4.83,  -26692, -5.43,  -20753, -4.22
 995,482.00,  -50255, -5.11,  -27321, -5.56,  -22934, -4.67
 996,483.00,  -53077, -5.40,  -28134, -5.72,  -24943, -5.07
 997,484.00,  -55665, -5.66,  -29097, -5.92,  -26568, -5.41
 998,485.00,  -57906, -5.89,  -30096, -6.12,  -27810, -5.66
 999,486.00,  -59745, -6.08,  -30919, -6.29,  -28826, -5.86
1000,487.00,  -61300, -6.24,  -31442, -6.40,  -29858, -6.07
1001,488.00,  -62707, -6.38,  -31599, -6.43,  -31108, -6.33
1002,489.00,  -64008, -6.51,  -31423, -6.39,  -32585, -6.63
1003,490.00,  -65254, -6.64,  -31069, -6.32,  -34185, -6.96
1004,491.00,  -66531, -6.77,  -30736, -6.25,  -35795, -7.28
1005,492.00,  -67887, -6.91,  -30568, -6.22,  -37319, -7.59
1006,493.00,  -69383, -7.06,  -30665, -6.24,  -38718, -7.88
1007,494.00,  -70943, -7.22,  -30935, -6.29,  -40008, -8.14
1008,495.00,  -72391, -7.36,  -31268, -6.36,  -41123, -8.37
1009,496.00,  -73716, -7.50,  -31656, -6.44,  -42060, -8.56
1010,497.00,  -75142, -7.64,  -32234, -6.56,  -42908, -8.73
1011,498.00,  -76957, -7.83,  -33210, -6.76,  -43747, -8.90
1012,499.00,  -79300, -8.07,  -34685, -7.06,  -44615, -9.08
1013,500.00,  -81985, -8.34,  -36473, -7.42,  -45512, -9.26
1014,501.00,  -84613, -8.61,  -38258, -7.78,  -46355, -9.43
1015,502.00,  -86814, -8.83,  -39741, -8.09,  -47073, -9.58
1016,503.00,  -88392, -8.99,  -40765, -8.29,  -47627, -9.69
1017,504.00,  -89511, -9.11,  -41445, -8.43,  -48066, -9.78
1018,505.00,  -90485, -9.20,  -42010, -8.55,  -48475, -9.86
1019,506.00,  -91901, -9.35,  -42742, -8.70,  -49159,-10.00
1020,507.00,  -92957, -9.46,  -43287, -8.81,  -49670,-10.11
1021,508.00,  -93538, -9.52,  -43586, -8.87,  -49952,-10.16
1022,509.00,  -92957, -9.46,  -43287, -8.81,  -49670,-10.11
1023,510.00,  -92957, -9.46,  -43287, -8.81,  -49670,-10.11
1024,511.00,  -92957, -9.46,  -43287, -8.81,  -49670,-10.11
