-----------------------------------------------------------------------------------
Identifier:,IHS5922-20197T01
File Name:,PPRP70A.13
Ear:,R
Channel:,1
Intensity:,70 dB HL
Stim. Rate:,  1.10/s
Stim. Mode:,0
Sweeps:,183
Artifacts:,64
Smp. Period:,1000.00 us
Amp. Gain:, 50.00 K
Low Pass:, 30.00 Hz
High Pass:,  1.00 Hz
Notch Filter:,TRUE
Stimulus:,100
Stim. Freq.:,1000 Hz
Stim. Dur.:,2000 pnts
Masking:,0 dB SPL
Stim. Point:,513
-----------------------------------------------------------------------------------
Peak Information:,Label,Peak(+),Peak(+)(ms),Peak(-),Peak(-)(ms)
,20, 757,244.00, 850,337.00,
,19, 683,170.00, 757,244.00,
,18, 673,160.00, 683,170.00,
,17, 614,101.00, 673,160.00,
-----------------------------------------------------------------------------------


Data Pnt:,Data Pnt(ms):,Average:,Average(uV):,Buffer1:,Buffer1(uV):,Buffer2:,Buffer2(uV):
   1,-512.00,       0,  0.00,       0,  0.00,       0,  0.00
   2,-511.00,       0,  0.00,       0,  0.00,       0,  0.00
   3,-510.00,       0,  0.00,       0,  0.00,       0,  0.00
   4,-509.00,       0,  0.00,       0,  0.00,       0,  0.00
   5,-508.00,       0,  0.00,       0,  0.00,       0,  0.00
   6,-507.00,       0,  0.00,       0,  0.00,       0,  0.00
   7,-506.00,       0,  0.00,       0,  0.00,       0,  0.00
   8,-505.00,       0,  0.00,       0,  0.00,       0,  0.00
   9,-504.00,       0,  0.00,       0,  0.00,       0,  0.00
  10,-503.00,       0,  0.00,       0,  0.00,       0,  0.00
  11,-502.00,       0,  0.00,       0,  0.00,       0,  0.00
  12,-501.00,       0,  0.00,       0,  0.00,       0,  0.00
  13,-500.00,       0,  0.00,       0,  0.00,       0,  0.00
  14,-499.00,       0,  0.00,       0,  0.00,       0,  0.00
  15,-498.00,       0,  0.00,       0,  0.00,       0,  0.00
  16,-497.00,       0,  0.00,       0,  0.00,       0,  0.00
  17,-496.00,       0,  0.00,       0,  0.00,       0,  0.00
  18,-495.00,       0,  0.00,       0,  0.00,       0,  0.00
  19,-494.00,       0,  0.00,       0,  0.00,       0,  0.00
  20,-493.00,       0,  0.00,       0,  0.00,       0,  0.00
  21,-492.00,       0,  0.00,       0,  0.00,       0,  0.00
  22,-491.00,       0,  0.00,       0,  0.00,       0,  0.00
  23,-490.00,       0,  0.00,       0,  0.00,       0,  0.00
  24,-489.00,       0,  0.00,       0,  0.00,       0,  0.00
  25,-488.00,       0,  0.00,       0,  0.00,       0,  0.00
  26,-487.00,       0,  0.00,       0,  0.00,       0,  0.00
  27,-486.00,       0,  0.00,       0,  0.00,       0,  0.00
  28,-485.00,       0,  0.00,       0,  0.00,       0,  0.00
  29,-484.00,       0,  0.00,       0,  0.00,       0,  0.00
  30,-483.00,       0,  0.00,       0,  0.00,       0,  0.00
  31,-482.00,       0,  0.00,       0,  0.00,       0,  0.00
  32,-481.00,       0,  0.00,       0,  0.00,       0,  0.00
  33,-480.00,       0,  0.00,       0,  0.00,       0,  0.00
  34,-479.00,       0,  0.00,       0,  0.00,       0,  0.00
  35,-478.00,       0,  0.00,       0,  0.00,       0,  0.00
  36,-477.00,       0,  0.00,       0,  0.00,       0,  0.00
  37,-476.00,       0,  0.00,       0,  0.00,       0,  0.00
  38,-475.00,       0,  0.00,       0,  0.00,       0,  0.00
  39,-474.00,       0,  0.00,       0,  0.00,       0,  0.00
  40,-473.00,       0,  0.00,       0,  0.00,       0,  0.00
  41,-472.00,       0,  0.00,       0,  0.00,       0,  0.00
  42,-471.00,       0,  0.00,       0,  0.00,       0,  0.00
  43,-470.00,       0,  0.00,       0,  0.00,       0,  0.00
  44,-469.00,       0,  0.00,       0,  0.00,       0,  0.00
  45,-468.00,       0,  0.00,       0,  0.00,       0,  0.00
  46,-467.00,       0,  0.00,       0,  0.00,       0,  0.00
  47,-466.00,       0,  0.00,       0,  0.00,       0,  0.00
  48,-465.00,       0,  0.00,       0,  0.00,       0,  0.00
  49,-464.00,       0,  0.00,       0,  0.00,       0,  0.00
  50,-463.00,       0,  0.00,       0,  0.00,       0,  0.00
  51,-462.00,       0,  0.00,       0,  0.00,       0,  0.00
  52,-461.00,       0,  0.00,       0,  0.00,       0,  0.00
  53,-460.00,       0,  0.00,       0,  0.00,       0,  0.00
  54,-459.00,       0,  0.00,       0,  0.00,       0,  0.00
  55,-458.00,       0,  0.00,       0,  0.00,       0,  0.00
  56,-457.00,       0,  0.00,       0,  0.00,       0,  0.00
  57,-456.00,       0,  0.00,       0,  0.00,       0,  0.00
  58,-455.00,       0,  0.00,       0,  0.00,       0,  0.00
  59,-454.00,       0,  0.00,       0,  0.00,       0,  0.00
  60,-453.00,       0,  0.00,       0,  0.00,       0,  0.00
  61,-452.00,       0,  0.00,       0,  0.00,       0,  0.00
  62,-451.00,       0,  0.00,       0,  0.00,       0,  0.00
  63,-450.00,       0,  0.00,       0,  0.00,       0,  0.00
  64,-449.00,       0,  0.00,       0,  0.00,       0,  0.00
  65,-448.00,       0,  0.00,       0,  0.00,       0,  0.00
  66,-447.00,       0,  0.00,       0,  0.00,       0,  0.00
  67,-446.00,       0,  0.00,       0,  0.00,       0,  0.00
  68,-445.00,       0,  0.00,       0,  0.00,       0,  0.00
  69,-444.00,       0,  0.00,       0,  0.00,       0,  0.00
  70,-443.00,       0,  0.00,       0,  0.00,       0,  0.00
  71,-442.00,       0,  0.00,       0,  0.00,       0,  0.00
  72,-441.00,       0,  0.00,       0,  0.00,       0,  0.00
  73,-440.00,       0,  0.00,       0,  0.00,       0,  0.00
  74,-439.00,       0,  0.00,       0,  0.00,       0,  0.00
  75,-438.00,       0,  0.00,       0,  0.00,       0,  0.00
  76,-437.00,       0,  0.00,       0,  0.00,       0,  0.00
  77,-436.00,       0,  0.00,       0,  0.00,       0,  0.00
  78,-435.00,       0,  0.00,       0,  0.00,       0,  0.00
  79,-434.00,       0,  0.00,       0,  0.00,       0,  0.00
  80,-433.00,       0,  0.00,       0,  0.00,       0,  0.00
  81,-432.00,       0,  0.00,       0,  0.00,       0,  0.00
  82,-431.00,       0,  0.00,       0,  0.00,       0,  0.00
  83,-430.00,       0,  0.00,       0,  0.00,       0,  0.00
  84,-429.00,       0,  0.00,       0,  0.00,       0,  0.00
  85,-428.00,       0,  0.00,       0,  0.00,       0,  0.00
  86,-427.00,       0,  0.00,       0,  0.00,       0,  0.00
  87,-426.00,       0,  0.00,       0,  0.00,       0,  0.00
  88,-425.00,       0,  0.00,       0,  0.00,       0,  0.00
  89,-424.00,       0,  0.00,       0,  0.00,       0,  0.00
  90,-423.00,       0,  0.00,       0,  0.00,       0,  0.00
  91,-422.00,       0,  0.00,       0,  0.00,       0,  0.00
  92,-421.00,       0,  0.00,       0,  0.00,       0,  0.00
  93,-420.00,       0,  0.00,       0,  0.00,       0,  0.00
  94,-419.00,       0,  0.00,       0,  0.00,       0,  0.00
  95,-418.00,       0,  0.00,       0,  0.00,       0,  0.00
  96,-417.00,       0,  0.00,       0,  0.00,       0,  0.00
  97,-416.00,       0,  0.00,       0,  0.00,       0,  0.00
  98,-415.00,       0,  0.00,       0,  0.00,       0,  0.00
  99,-414.00,       0,  0.00,       0,  0.00,       0,  0.00
 100,-413.00,       0,  0.00,       0,  0.00,       0,  0.00
 101,-412.00,       0,  0.00,       0,  0.00,       0,  0.00
 102,-411.00,       0,  0.00,       0,  0.00,       0,  0.00
 103,-410.00,       0,  0.00,       0,  0.00,       0,  0.00
 104,-409.00,       0,  0.00,       0,  0.00,       0,  0.00
 105,-408.00,       0,  0.00,       0,  0.00,       0,  0.00
 106,-407.00,       0,  0.00,       0,  0.00,       0,  0.00
 107,-406.00,     -33, -0.00,     -10, -0.00,     -23, -0.00
 108,-405.00,     116,  0.00,      35,  0.00,      81,  0.00
 109,-404.00,     185,  0.00,      56,  0.00,     129,  0.00
 110,-403.00,    -259, -0.00,     -79, -0.00,    -180, -0.01
 111,-402.00,   -1212, -0.04,    -367, -0.02,    -845, -0.06
 112,-401.00,   -1831, -0.06,    -551, -0.04,   -1280, -0.08
 113,-400.00,    -536, -0.02,    -157, -0.01,    -379, -0.03
 114,-399.00,    4803,  0.16,    1456,  0.10,    3347,  0.22
 115,-398.00,   13653,  0.46,    4123,  0.27,    9530,  0.63
 116,-397.00,   23293,  0.78,    7026,  0.47,   16267,  1.08
 117,-396.00,   30415,  1.01,    9176,  0.61,   21239,  1.41
 118,-395.00,   32915,  1.10,    9920,  0.66,   22995,  1.53
 119,-394.00,   31121,  1.04,    9327,  0.62,   21794,  1.45
 120,-393.00,   27865,  0.93,    8222,  0.55,   19643,  1.30
 121,-392.00,   25013,  0.83,    7176,  0.48,   17837,  1.18
 122,-391.00,   23349,  0.78,    6514,  0.43,   16835,  1.12
 123,-390.00,   22713,  0.76,    6302,  0.42,   16411,  1.09
 124,-389.00,   22511,  0.75,    6409,  0.43,   16102,  1.07
 125,-388.00,   22354,  0.75,    6697,  0.44,   15657,  1.04
 126,-387.00,   22375,  0.75,    7125,  0.47,   15250,  1.01
 127,-386.00,   22420,  0.75,    7575,  0.50,   14845,  0.98
 128,-385.00,   22313,  0.74,    7989,  0.53,   14324,  0.95
 129,-384.00,   21847,  0.73,    8288,  0.55,   13559,  0.90
 130,-383.00,   20839,  0.70,    8358,  0.55,   12481,  0.83
 131,-382.00,   19178,  0.64,    8091,  0.54,   11087,  0.74
 132,-381.00,   17016,  0.57,    7478,  0.50,    9538,  0.63
 133,-380.00,   14734,  0.49,    6663,  0.44,    8071,  0.54
 134,-379.00,   12675,  0.42,    5818,  0.39,    6857,  0.45
 135,-378.00,   10947,  0.37,    4999,  0.33,    5948,  0.39
 136,-377.00,    9408,  0.31,    4175,  0.28,    5233,  0.35
 137,-376.00,    7741,  0.26,    3265,  0.22,    4476,  0.30
 138,-375.00,    5843,  0.19,    2265,  0.15,    3578,  0.24
 139,-374.00,    3946,  0.13,    1277,  0.08,    2669,  0.18
 140,-373.00,    2398,  0.08,     346,  0.02,    2052,  0.14
 141,-372.00,    1408,  0.05,    -619, -0.04,    2027,  0.13
 142,-371.00,     919,  0.03,   -1745, -0.12,    2664,  0.18
 143,-370.00,     657,  0.02,   -3109, -0.21,    3766,  0.25
 144,-369.00,     338,  0.01,   -4667, -0.31,    5005,  0.33
 145,-368.00,    -122, -0.00,   -6238, -0.41,    6116,  0.41
 146,-367.00,    -588, -0.02,   -7642, -0.51,    7054,  0.47
 147,-366.00,    -829, -0.03,   -8781, -0.58,    7952,  0.53
 148,-365.00,    -751, -0.03,   -9683, -0.64,    8932,  0.59
 149,-364.00,    -437, -0.01,  -10464, -0.69,   10027,  0.67
 150,-363.00,    -178, -0.00,  -11308, -0.75,   11130,  0.74
 151,-362.00,    -287, -0.00,  -12372, -0.82,   12085,  0.80
 152,-361.00,    -844, -0.03,  -13710, -0.91,   12866,  0.85
 153,-360.00,   -1668, -0.06,  -15263, -1.01,   13595,  0.90
 154,-359.00,   -2507, -0.08,  -16911, -1.12,   14404,  0.96
 155,-358.00,   -3139, -0.10,  -18509, -1.23,   15370,  1.02
 156,-357.00,   -3525, -0.12,  -19971, -1.32,   16446,  1.09
 157,-356.00,   -3751, -0.13,  -21270, -1.41,   17519,  1.16
 158,-355.00,   -3868, -0.13,  -22364, -1.48,   18496,  1.23
 159,-354.00,   -3886, -0.13,  -23187, -1.54,   19301,  1.28
 160,-353.00,   -3828, -0.13,  -23666, -1.57,   19838,  1.32
 161,-352.00,   -3799, -0.13,  -23777, -1.58,   19978,  1.33
 162,-351.00,   -3986, -0.13,  -23631, -1.57,   19645,  1.30
 163,-350.00,   -4513, -0.15,  -23403, -1.55,   18890,  1.25
 164,-349.00,   -5328, -0.18,  -23188, -1.54,   17860,  1.18
 165,-348.00,   -6294, -0.21,  -22982, -1.52,   16688,  1.11
 166,-347.00,   -7260, -0.24,  -22697, -1.51,   15437,  1.02
 167,-346.00,   -8175, -0.27,  -22262, -1.48,   14087,  0.93
 168,-345.00,   -9073, -0.30,  -21723, -1.44,   12650,  0.84
 169,-344.00,   -9855, -0.33,  -21095, -1.40,   11240,  0.75
 170,-343.00,  -10281, -0.34,  -20262, -1.34,    9981,  0.66
 171,-342.00,  -10187, -0.34,  -19093, -1.27,    8906,  0.59
 172,-341.00,   -9571, -0.32,  -17539, -1.16,    7968,  0.53
 173,-340.00,   -8595, -0.29,  -15692, -1.04,    7097,  0.47
 174,-339.00,   -7443, -0.25,  -13742, -0.91,    6299,  0.42
 175,-338.00,   -6120, -0.20,  -11788, -0.78,    5668,  0.38
 176,-337.00,   -4519, -0.15,   -9780, -0.65,    5261,  0.35
 177,-336.00,   -2686, -0.09,   -7702, -0.51,    5016,  0.33
 178,-335.00,    -907, -0.03,   -5698, -0.38,    4791,  0.32
 179,-334.00,     415,  0.01,   -4034, -0.27,    4449,  0.30
 180,-333.00,    1006,  0.03,   -2895, -0.19,    3901,  0.26
 181,-332.00,     830,  0.03,   -2277, -0.15,    3107,  0.21
 182,-331.00,      65,  0.00,   -1948, -0.13,    2013,  0.13
 183,-330.00,   -1069, -0.04,   -1640, -0.11,     571,  0.04
 184,-329.00,   -2411, -0.08,   -1253, -0.08,   -1158, -0.08
 185,-328.00,   -3770, -0.13,    -824, -0.05,   -2946, -0.20
 186,-327.00,   -4920, -0.16,    -402, -0.03,   -4518, -0.30
 187,-326.00,   -5745, -0.19,     -66, -0.00,   -5679, -0.38
 188,-325.00,   -6297, -0.21,     147,  0.00,   -6444, -0.43
 189,-324.00,   -6785, -0.23,     217,  0.01,   -7002, -0.46
 190,-323.00,   -7453, -0.25,      87,  0.00,   -7540, -0.50
 191,-322.00,   -8282, -0.28,    -176, -0.01,   -8106, -0.54
 192,-321.00,   -9072, -0.30,    -404, -0.03,   -8668, -0.58
 193,-320.00,   -9672, -0.32,    -494, -0.03,   -9178, -0.61
 194,-319.00,  -10102, -0.34,    -457, -0.03,   -9645, -0.64
 195,-318.00,  -10542, -0.35,    -427, -0.03,  -10115, -0.67
 196,-317.00,  -11182, -0.37,    -607, -0.04,  -10575, -0.70
 197,-316.00,  -11954, -0.40,   -1028, -0.07,  -10926, -0.72
 198,-315.00,  -12654, -0.42,   -1587, -0.11,  -11067, -0.73
 199,-314.00,  -13132, -0.44,   -2153, -0.14,  -10979, -0.73
 200,-313.00,  -13409, -0.45,   -2637, -0.17,  -10772, -0.71
 201,-312.00,  -13650, -0.46,   -3012, -0.20,  -10638, -0.71
 202,-311.00,  -14020, -0.47,   -3319, -0.22,  -10701, -0.71
 203,-310.00,  -14453, -0.48,   -3515, -0.23,  -10938, -0.73
 204,-309.00,  -14596, -0.49,   -3447, -0.23,  -11149, -0.74
 205,-308.00,  -13992, -0.47,   -2945, -0.20,  -11047, -0.73
 206,-307.00,  -12375, -0.41,   -1936, -0.13,  -10439, -0.69
 207,-306.00,   -9856, -0.33,    -529, -0.04,   -9327, -0.62
 208,-305.00,   -6872, -0.23,     988,  0.07,   -7860, -0.52
 209,-304.00,   -3935, -0.13,    2328,  0.15,   -6263, -0.42
 210,-303.00,   -1277, -0.04,    3408,  0.23,   -4685, -0.31
 211,-302.00,    1213,  0.04,    4359,  0.29,   -3146, -0.21
 212,-301.00,    3741,  0.12,    5346,  0.35,   -1605, -0.11
 213,-300.00,    6388,  0.21,    6439,  0.43,     -51, -0.00
 214,-299.00,    9064,  0.30,    7601,  0.50,    1463,  0.10
 215,-298.00,   11490,  0.38,    8676,  0.58,    2814,  0.19
 216,-297.00,   13382,  0.45,    9497,  0.63,    3885,  0.26
 217,-296.00,   14646,  0.49,    9998,  0.66,    4648,  0.31
 218,-295.00,   15350,  0.51,   10151,  0.67,    5199,  0.34
 219,-294.00,   15762,  0.53,   10019,  0.66,    5743,  0.38
 220,-293.00,   16330,  0.54,    9830,  0.65,    6500,  0.43
 221,-292.00,   17411,  0.58,    9792,  0.65,    7619,  0.51
 222,-291.00,   19089,  0.64,   10009,  0.66,    9080,  0.60
 223,-290.00,   21204,  0.71,   10527,  0.70,   10677,  0.71
 224,-289.00,   23450,  0.78,   11306,  0.75,   12144,  0.81
 225,-288.00,   25568,  0.85,   12261,  0.81,   13307,  0.88
 226,-287.00,   27548,  0.92,   13351,  0.89,   14197,  0.94
 227,-286.00,   29486,  0.98,   14464,  0.96,   15022,  1.00
 228,-285.00,   31378,  1.05,   15414,  1.02,   15964,  1.06
 229,-284.00,   33088,  1.10,   16057,  1.07,   17031,  1.13
 230,-283.00,   34363,  1.15,   16353,  1.08,   18010,  1.19
 231,-282.00,   34955,  1.17,   16374,  1.09,   18581,  1.23
 232,-281.00,   34881,  1.16,   16331,  1.08,   18550,  1.23
 233,-280.00,   34338,  1.15,   16398,  1.09,   17940,  1.19
 234,-279.00,   33607,  1.12,   16621,  1.10,   16986,  1.13
 235,-278.00,   32990,  1.10,   16919,  1.12,   16071,  1.07
 236,-277.00,   32654,  1.09,   17128,  1.14,   15526,  1.03
 237,-276.00,   32575,  1.09,   17076,  1.13,   15499,  1.03
 238,-275.00,   32663,  1.09,   16708,  1.11,   15955,  1.06
 239,-274.00,   32753,  1.09,   16062,  1.07,   16691,  1.11
 240,-273.00,   32687,  1.09,   15264,  1.01,   17423,  1.16
 241,-272.00,   32505,  1.08,   14521,  0.96,   17984,  1.19
 242,-271.00,   32370,  1.08,   14038,  0.93,   18332,  1.22
 243,-270.00,   32426,  1.08,   13913,  0.92,   18513,  1.23
 244,-269.00,   32758,  1.09,   14129,  0.94,   18629,  1.24
 245,-268.00,   33317,  1.11,   14583,  0.97,   18734,  1.24
 246,-267.00,   33901,  1.13,   15117,  1.00,   18784,  1.25
 247,-266.00,   34395,  1.15,   15612,  1.04,   18783,  1.25
 248,-265.00,   34785,  1.16,   15999,  1.06,   18786,  1.25
 249,-264.00,   34993,  1.17,   16175,  1.07,   18818,  1.25
 250,-263.00,   34879,  1.16,   16030,  1.06,   18849,  1.25
 251,-262.00,   34318,  1.14,   15530,  1.03,   18788,  1.25
 252,-261.00,   33247,  1.11,   14715,  0.98,   18532,  1.23
 253,-260.00,   31833,  1.06,   13720,  0.91,   18113,  1.20
 254,-259.00,   30410,  1.01,   12755,  0.85,   17655,  1.17
 255,-258.00,   29200,  0.97,   11937,  0.79,   17263,  1.15
 256,-257.00,   28194,  0.94,   11225,  0.74,   16969,  1.13
 257,-256.00,   27314,  0.91,   10514,  0.70,   16800,  1.11
 258,-255.00,   26424,  0.88,    9653,  0.64,   16771,  1.11
 259,-254.00,   25402,  0.85,    8509,  0.56,   16893,  1.12
 260,-253.00,   24204,  0.81,    7055,  0.47,   17149,  1.14
 261,-252.00,   22766,  0.76,    5301,  0.35,   17465,  1.16
 262,-251.00,   21069,  0.70,    3303,  0.22,   17766,  1.18
 263,-250.00,   19297,  0.64,    1238,  0.08,   18059,  1.20
 264,-249.00,   17644,  0.59,    -720, -0.05,   18364,  1.22
 265,-248.00,   16179,  0.54,   -2487, -0.16,   18666,  1.24
 266,-247.00,   14913,  0.50,   -4056, -0.27,   18969,  1.26
 267,-246.00,   13767,  0.46,   -5545, -0.37,   19312,  1.28
 268,-245.00,   12708,  0.42,   -7054, -0.47,   19762,  1.31
 269,-244.00,   11761,  0.39,   -8597, -0.57,   20358,  1.35
 270,-243.00,   10870,  0.36,  -10149, -0.67,   21019,  1.39
 271,-242.00,    9925,  0.33,  -11677, -0.77,   21602,  1.43
 272,-241.00,    8903,  0.30,  -13141, -0.87,   22044,  1.46
 273,-240.00,    7926,  0.26,  -14513, -0.96,   22439,  1.49
 274,-239.00,    7267,  0.24,  -15710, -1.04,   22977,  1.52
 275,-238.00,    7124,  0.24,  -16664, -1.11,   23788,  1.58
 276,-237.00,    7515,  0.25,  -17337, -1.15,   24852,  1.65
 277,-236.00,    8274,  0.28,  -17772, -1.18,   26046,  1.73
 278,-235.00,    9094,  0.30,  -18106, -1.20,   27200,  1.80
 279,-234.00,    9665,  0.32,  -18507, -1.23,   28172,  1.87
 280,-233.00,    9788,  0.33,  -19113, -1.27,   28901,  1.92
 281,-232.00,    9376,  0.31,  -20027, -1.33,   29403,  1.95
 282,-231.00,    8533,  0.28,  -21215, -1.41,   29748,  1.97
 283,-230.00,    7515,  0.25,  -22526, -1.49,   30041,  1.99
 284,-229.00,    6560,  0.22,  -23760, -1.58,   30320,  2.01
 285,-228.00,    5730,  0.19,  -24766, -1.64,   30496,  2.02
 286,-227.00,    4896,  0.16,  -25525, -1.69,   30421,  2.02
 287,-226.00,    3827,  0.13,  -26163, -1.74,   29990,  1.99
 288,-225.00,    2395,  0.08,  -26810, -1.78,   29205,  1.94
 289,-224.00,     765,  0.03,  -27484, -1.82,   28249,  1.87
 290,-223.00,    -721, -0.02,  -28120, -1.87,   27399,  1.82
 291,-222.00,   -1800, -0.06,  -28654, -1.90,   26854,  1.78
 292,-221.00,   -2400, -0.08,  -29026, -1.93,   26626,  1.77
 293,-220.00,   -2659, -0.09,  -29200, -1.94,   26541,  1.76
 294,-219.00,   -2835, -0.09,  -29125, -1.93,   26290,  1.74
 295,-218.00,   -3118, -0.10,  -28731, -1.91,   25613,  1.70
 296,-217.00,   -3647, -0.12,  -28074, -1.86,   24427,  1.62
 297,-216.00,   -4563, -0.15,  -27391, -1.82,   22828,  1.51
 298,-215.00,   -5915, -0.20,  -26953, -1.79,   21038,  1.40
 299,-214.00,   -7620, -0.25,  -26918, -1.79,   19298,  1.28
 300,-213.00,   -9497, -0.32,  -27227, -1.81,   17730,  1.18
 301,-212.00,  -11321, -0.38,  -27624, -1.83,   16303,  1.08
 302,-211.00,  -12953, -0.43,  -27864, -1.85,   14911,  0.99
 303,-210.00,  -14379, -0.48,  -27876, -1.85,   13497,  0.90
 304,-209.00,  -15622, -0.52,  -27716, -1.84,   12094,  0.80
 305,-208.00,  -16615, -0.55,  -27439, -1.82,   10824,  0.72
 306,-207.00,  -17200, -0.57,  -27011, -1.79,    9811,  0.65
 307,-206.00,  -17213, -0.57,  -26301, -1.74,    9088,  0.60
 308,-205.00,  -16610, -0.55,  -25218, -1.67,    8608,  0.57
 309,-204.00,  -15558, -0.52,  -23831, -1.58,    8273,  0.55
 310,-203.00,  -14366, -0.48,  -22311, -1.48,    7945,  0.53
 311,-202.00,  -13288, -0.44,  -20828, -1.38,    7540,  0.50
 312,-201.00,  -12450, -0.42,  -19463, -1.29,    7013,  0.47
 313,-200.00,  -11881, -0.40,  -18196, -1.21,    6315,  0.42
 314,-199.00,  -11619, -0.39,  -17024, -1.13,    5405,  0.36
 315,-198.00,  -11782, -0.39,  -16030, -1.06,    4248,  0.28
 316,-197.00,  -12447, -0.42,  -15331, -1.02,    2884,  0.19
 317,-196.00,  -13471, -0.45,  -14977, -0.99,    1506,  0.10
 318,-195.00,  -14567, -0.49,  -14886, -0.99,     319,  0.02
 319,-194.00,  -15426, -0.51,  -14876, -0.99,    -550, -0.04
 320,-193.00,  -15902, -0.53,  -14795, -0.98,   -1107, -0.07
 321,-192.00,  -16014, -0.53,  -14581, -0.97,   -1433, -0.10
 322,-191.00,  -15764, -0.53,  -14241, -0.94,   -1523, -0.10
 323,-190.00,  -15018, -0.50,  -13778, -0.91,   -1240, -0.08
 324,-189.00,  -13644, -0.46,  -13149, -0.87,    -495, -0.03
 325,-188.00,  -11564, -0.39,  -12262, -0.81,     698,  0.05
 326,-187.00,   -8902, -0.30,  -11062, -0.73,    2160,  0.14
 327,-186.00,   -5922, -0.20,   -9574, -0.64,    3652,  0.24
 328,-185.00,   -2911, -0.10,   -7934, -0.53,    5023,  0.33
 329,-184.00,    -165, -0.00,   -6386, -0.42,    6221,  0.41
 330,-183.00,    2037,  0.07,   -5175, -0.34,    7212,  0.48
 331,-182.00,    3518,  0.12,   -4417, -0.29,    7935,  0.53
 332,-181.00,    4261,  0.14,   -4055, -0.27,    8316,  0.55
 333,-180.00,    4476,  0.15,   -3887, -0.26,    8363,  0.55
 334,-179.00,    4506,  0.15,   -3703, -0.25,    8209,  0.54
 335,-178.00,    4620,  0.15,   -3427, -0.23,    8047,  0.53
 336,-177.00,    4951,  0.17,   -3104, -0.21,    8055,  0.53
 337,-176.00,    5493,  0.18,   -2797, -0.19,    8290,  0.55
 338,-175.00,    6215,  0.21,   -2476, -0.16,    8691,  0.58
 339,-174.00,    7158,  0.24,   -1995, -0.13,    9153,  0.61
 340,-173.00,    8324,  0.28,   -1221, -0.08,    9545,  0.63
 341,-172.00,    9533,  0.32,    -191, -0.01,    9724,  0.65
 342,-171.00,   10490,  0.35,     875,  0.06,    9615,  0.64
 343,-170.00,   10946,  0.37,    1681,  0.11,    9265,  0.61
 344,-169.00,   10892,  0.36,    2038,  0.14,    8854,  0.59
 345,-168.00,   10585,  0.35,    1948,  0.13,    8637,  0.57
 346,-167.00,   10345,  0.35,    1548,  0.10,    8797,  0.58
 347,-166.00,   10314,  0.34,    1010,  0.07,    9304,  0.62
 348,-165.00,   10428,  0.35,     479,  0.03,    9949,  0.66
 349,-164.00,   10541,  0.35,      73,  0.00,   10468,  0.69
 350,-163.00,   10563,  0.35,    -123, -0.00,   10686,  0.71
 351,-162.00,   10473,  0.35,     -93, -0.00,   10566,  0.70
 352,-161.00,   10237,  0.34,      72,  0.00,   10165,  0.67
 353,-160.00,    9810,  0.33,     204,  0.01,    9606,  0.64
 354,-159.00,    9113,  0.30,      81,  0.00,    9032,  0.60
 355,-158.00,    8093,  0.27,    -500, -0.03,    8593,  0.57
 356,-157.00,    6860,  0.23,   -1604, -0.11,    8464,  0.56
 357,-156.00,    5617,  0.19,   -3130, -0.21,    8747,  0.58
 358,-155.00,    4596,  0.15,   -4801, -0.32,    9397,  0.62
 359,-154.00,    4067,  0.14,   -6230, -0.41,   10297,  0.68
 360,-153.00,    4136,  0.14,   -7132, -0.47,   11268,  0.75
 361,-152.00,    4598,  0.15,   -7503, -0.50,   12101,  0.80
 362,-151.00,    5097,  0.17,   -7584, -0.50,   12681,  0.84
 363,-150.00,    5176,  0.17,   -7781, -0.52,   12957,  0.86
 364,-149.00,    4538,  0.15,   -8427, -0.56,   12965,  0.86
 365,-148.00,    3246,  0.11,   -9614, -0.64,   12860,  0.85
 366,-147.00,    1599,  0.05,  -11166, -0.74,   12765,  0.85
 367,-146.00,    -156, -0.00,  -12831, -0.85,   12675,  0.84
 368,-145.00,   -1965, -0.07,  -14416, -0.96,   12451,  0.83
 369,-144.00,   -3984, -0.13,  -15893, -1.05,   11909,  0.79
 370,-143.00,   -6359, -0.21,  -17347, -1.15,   10988,  0.73
 371,-142.00,   -8958, -0.30,  -18821, -1.25,    9863,  0.65
 372,-141.00,  -11338, -0.38,  -20185, -1.34,    8847,  0.59
 373,-140.00,  -12967, -0.43,  -21223, -1.41,    8256,  0.55
 374,-139.00,  -13559, -0.45,  -21779, -1.44,    8220,  0.55
 375,-138.00,  -13163, -0.44,  -21842, -1.45,    8679,  0.58
 376,-137.00,  -12161, -0.41,  -21566, -1.43,    9405,  0.62
 377,-136.00,  -11046, -0.37,  -21144, -1.40,   10098,  0.67
 378,-135.00,  -10167, -0.34,  -20678, -1.37,   10511,  0.70
 379,-134.00,   -9665, -0.32,  -20169, -1.34,   10504,  0.70
 380,-133.00,   -9603, -0.32,  -19601, -1.30,    9998,  0.66
 381,-132.00,   -9941, -0.33,  -18983, -1.26,    9042,  0.60
 382,-131.00,  -10672, -0.36,  -18411, -1.22,    7739,  0.51
 383,-130.00,  -11740, -0.39,  -17991, -1.19,    6251,  0.41
 384,-129.00,  -12958, -0.43,  -17742, -1.18,    4784,  0.32
 385,-128.00,  -14048, -0.47,  -17543, -1.16,    3495,  0.23
 386,-127.00,  -14842, -0.50,  -17213, -1.14,    2371,  0.16
 387,-126.00,  -15301, -0.51,  -16611, -1.10,    1310,  0.09
 388,-125.00,  -15618, -0.52,  -15793, -1.05,     175,  0.01
 389,-124.00,  -16058, -0.54,  -14992, -0.99,   -1066, -0.07
 390,-123.00,  -16783, -0.56,  -14480, -0.96,   -2303, -0.15
 391,-122.00,  -17734, -0.59,  -14389, -0.95,   -3345, -0.22
 392,-121.00,  -18714, -0.62,  -14635, -0.97,   -4079, -0.27
 393,-120.00,  -19498, -0.65,  -14974, -0.99,   -4524, -0.30
 394,-119.00,  -20034, -0.67,  -15195, -1.01,   -4839, -0.32
 395,-118.00,  -20474, -0.68,  -15261, -1.01,   -5213, -0.35
 396,-117.00,  -21010, -0.70,  -15293, -1.01,   -5717, -0.38
 397,-116.00,  -21655, -0.72,  -15435, -1.02,   -6220, -0.41
 398,-115.00,  -22205, -0.74,  -15713, -1.04,   -6492, -0.43
 399,-114.00,  -22318, -0.74,  -15967, -1.06,   -6351, -0.42
 400,-113.00,  -21742, -0.73,  -15921, -1.06,   -5821, -0.39
 401,-112.00,  -20488, -0.68,  -15365, -1.02,   -5123, -0.34
 402,-111.00,  -18735, -0.62,  -14271, -0.95,   -4464, -0.30
 403,-110.00,  -16708, -0.56,  -12794, -0.85,   -3914, -0.26
 404,-109.00,  -14599, -0.49,  -11217, -0.74,   -3382, -0.22
 405,-108.00,  -12472, -0.42,   -9793, -0.65,   -2679, -0.18
 406,-107.00,  -10293, -0.34,   -8624, -0.57,   -1669, -0.11
 407,-106.00,   -8019, -0.27,   -7654, -0.51,    -365, -0.02
 408,-105.00,   -5598, -0.19,   -6724, -0.45,    1126,  0.07
 409,-104.00,   -3010, -0.10,   -5628, -0.37,    2618,  0.17
 410,-103.00,    -282, -0.00,   -4173, -0.28,    3891,  0.26
 411,-102.00,    2512,  0.08,   -2256, -0.15,    4768,  0.32
 412,-101.00,    5271,  0.18,      99,  0.00,    5172,  0.34
 413,-100.00,    7859,  0.26,    2722,  0.18,    5137,  0.34
 414,-99.00,   10158,  0.34,    5305,  0.35,    4853,  0.32
 415,-98.00,   12130,  0.40,    7552,  0.50,    4578,  0.30
 416,-97.00,   13833,  0.46,    9353,  0.62,    4480,  0.30
 417,-96.00,   15308,  0.51,   10792,  0.72,    4516,  0.30
 418,-95.00,   16574,  0.55,   12083,  0.80,    4491,  0.30
 419,-94.00,   17643,  0.59,   13431,  0.89,    4212,  0.28
 420,-93.00,   18572,  0.62,   14874,  0.99,    3698,  0.25
 421,-92.00,   19488,  0.65,   16302,  1.08,    3186,  0.21
 422,-91.00,   20509,  0.68,   17568,  1.17,    2941,  0.20
 423,-90.00,   21649,  0.72,   18583,  1.23,    3066,  0.20
 424,-89.00,   22901,  0.76,   19391,  1.29,    3510,  0.23
 425,-88.00,   24342,  0.81,   20139,  1.34,    4203,  0.28
 426,-87.00,   26134,  0.87,   20961,  1.39,    5173,  0.34
 427,-86.00,   28369,  0.95,   21909,  1.45,    6460,  0.43
 428,-85.00,   30872,  1.03,   22881,  1.52,    7991,  0.53
 429,-84.00,   33257,  1.11,   23698,  1.57,    9559,  0.63
 430,-83.00,   35150,  1.17,   24222,  1.61,   10928,  0.73
 431,-82.00,   36397,  1.21,   24403,  1.62,   11994,  0.80
 432,-81.00,   37171,  1.24,   24297,  1.61,   12874,  0.85
 433,-80.00,   37740,  1.26,   24009,  1.59,   13731,  0.91
 434,-79.00,   38280,  1.28,   23601,  1.57,   14679,  0.97
 435,-78.00,   38874,  1.30,   23133,  1.53,   15741,  1.04
 436,-77.00,   39536,  1.32,   22700,  1.51,   16836,  1.12
 437,-76.00,   40322,  1.34,   22419,  1.49,   17903,  1.19
 438,-75.00,   41401,  1.38,   22382,  1.48,   19019,  1.26
 439,-74.00,   42875,  1.43,   22579,  1.50,   20296,  1.35
 440,-73.00,   44665,  1.49,   22864,  1.52,   21801,  1.45
 441,-72.00,   46529,  1.55,   23039,  1.53,   23490,  1.56
 442,-71.00,   48175,  1.61,   23004,  1.53,   25171,  1.67
 443,-70.00,   49478,  1.65,   22829,  1.51,   26649,  1.77
 444,-69.00,   50535,  1.69,   22661,  1.50,   27874,  1.85
 445,-68.00,   51547,  1.72,   22633,  1.50,   28914,  1.92
 446,-67.00,   52604,  1.75,   22752,  1.51,   29852,  1.98
 447,-66.00,   53566,  1.79,   22880,  1.52,   30686,  2.04
 448,-65.00,   54146,  1.81,   22850,  1.52,   31296,  2.08
 449,-64.00,   54085,  1.80,   22521,  1.49,   31564,  2.09
 450,-63.00,   53182,  1.77,   21738,  1.44,   31444,  2.09
 451,-62.00,   51445,  1.72,   20431,  1.36,   31014,  2.06
 452,-61.00,   49112,  1.64,   18688,  1.24,   30424,  2.02
 453,-60.00,   46577,  1.55,   16775,  1.11,   29802,  1.98
 454,-59.00,   44322,  1.48,   15107,  1.00,   29215,  1.94
 455,-58.00,   42707,  1.42,   14030,  0.93,   28677,  1.90
 456,-57.00,   41719,  1.39,   13560,  0.90,   28159,  1.87
 457,-56.00,   41100,  1.37,   13401,  0.89,   27699,  1.84
 458,-55.00,   40521,  1.35,   13121,  0.87,   27400,  1.82
 459,-54.00,   39791,  1.33,   12429,  0.82,   27362,  1.82
 460,-53.00,   38940,  1.30,   11352,  0.75,   27588,  1.83
 461,-52.00,   38038,  1.27,   10150,  0.67,   27888,  1.85
 462,-51.00,   36995,  1.23,    9074,  0.60,   27921,  1.85
 463,-50.00,   35565,  1.19,    8181,  0.54,   27384,  1.82
 464,-49.00,   33420,  1.11,    7309,  0.48,   26111,  1.73
 465,-48.00,   30396,  1.01,    6244,  0.41,   24152,  1.60
 466,-47.00,   26631,  0.89,    4893,  0.32,   21738,  1.44
 467,-46.00,   22460,  0.75,    3332,  0.22,   19128,  1.27
 468,-45.00,   18231,  0.61,    1732,  0.11,   16499,  1.09
 469,-44.00,   14161,  0.47,     225,  0.01,   13936,  0.92
 470,-43.00,   10324,  0.34,   -1130, -0.07,   11454,  0.76
 471,-42.00,    6760,  0.23,   -2313, -0.15,    9073,  0.60
 472,-41.00,    3589,  0.12,   -3286, -0.22,    6875,  0.46
 473,-40.00,     920,  0.03,   -3997, -0.27,    4917,  0.33
 474,-39.00,   -1346, -0.04,   -4449, -0.30,    3103,  0.21
 475,-38.00,   -3542, -0.12,   -4759, -0.32,    1217,  0.08
 476,-37.00,   -6011, -0.20,   -5084, -0.34,    -927, -0.06
 477,-36.00,   -8902, -0.30,   -5558, -0.37,   -3344, -0.22
 478,-35.00,  -11954, -0.40,   -6168, -0.41,   -5786, -0.38
 479,-34.00,  -14589, -0.49,   -6742, -0.45,   -7847, -0.52
 480,-33.00,  -16340, -0.54,   -7068, -0.47,   -9272, -0.62
 481,-32.00,  -17085, -0.57,   -6991, -0.46,  -10094, -0.67
 482,-31.00,  -17054, -0.57,   -6486, -0.43,  -10568, -0.70
 483,-30.00,  -16776, -0.56,   -5734, -0.38,  -11042, -0.73
 484,-29.00,  -16710, -0.56,   -4991, -0.33,  -11719, -0.78
 485,-28.00,  -17012, -0.57,   -4482, -0.30,  -12530, -0.83
 486,-27.00,  -17640, -0.59,   -4359, -0.29,  -13281, -0.88
 487,-26.00,  -18373, -0.61,   -4568, -0.30,  -13805, -0.92
 488,-25.00,  -18936, -0.63,   -4930, -0.33,  -14006, -0.93
 489,-24.00,  -19194, -0.64,   -5245, -0.35,  -13949, -0.93
 490,-23.00,  -19084, -0.64,   -5284, -0.35,  -13800, -0.92
 491,-22.00,  -18519, -0.62,   -4847, -0.32,  -13672, -0.91
 492,-21.00,  -17440, -0.58,   -3854, -0.26,  -13586, -0.90
 493,-20.00,  -15815, -0.53,   -2351, -0.16,  -13464, -0.89
 494,-19.00,  -13709, -0.46,    -582, -0.04,  -13127, -0.87
 495,-18.00,  -11436, -0.38,    1068,  0.07,  -12504, -0.83
 496,-17.00,   -9481, -0.32,    2269,  0.15,  -11750, -0.78
 497,-16.00,   -8234, -0.27,    2901,  0.19,  -11135, -0.74
 498,-15.00,   -7826, -0.26,    3072,  0.20,  -10898, -0.72
 499,-14.00,   -8128, -0.27,    3022,  0.20,  -11150, -0.74
 500,-13.00,   -8821, -0.29,    2976,  0.20,  -11797, -0.78
 501,-12.00,   -9636, -0.32,    3023,  0.20,  -12659, -0.84
 502,-11.00,  -10448, -0.35,    3136,  0.21,  -13584, -0.90
 503,-10.00,  -11138, -0.37,    3265,  0.22,  -14403, -0.96
 504,-9.00,  -11568, -0.39,    3364,  0.22,  -14932, -0.99
 505,-8.00,  -11666, -0.39,    3396,  0.23,  -15062, -1.00
 506,-7.00,  -11401, -0.38,    3374,  0.22,  -14775, -0.98
 507,-6.00,  -10835, -0.36,    3320,  0.22,  -14155, -0.94
 508,-5.00,  -10086, -0.34,    3286,  0.22,  -13372, -0.89
 509,-4.00,   -9167, -0.31,    3402,  0.23,  -12569, -0.83
 510,-3.00,   -8023, -0.27,    3784,  0.25,  -11807, -0.78
 511,-2.00,   -6638, -0.22,    4466,  0.30,  -11104, -0.74
 512,-1.00,   -5049, -0.17,    5392,  0.36,  -10441, -0.69
 513,0.00,   -3337, -0.11,    6462,  0.43,   -9799, -0.65
 514,1.00,   -1653, -0.06,    7572,  0.50,   -9225, -0.61
 515,2.00,    -130, -0.00,    8694,  0.58,   -8824, -0.59
 516,3.00,    1173,  0.04,    9853,  0.65,   -8680, -0.58
 517,4.00,    2241,  0.07,   11069,  0.73,   -8828, -0.59
 518,5.00,    3174,  0.11,   12359,  0.82,   -9185, -0.61
 519,6.00,    4229,  0.14,   13796,  0.92,   -9567, -0.63
 520,7.00,    5651,  0.19,   15443,  1.02,   -9792, -0.65
 521,8.00,    7626,  0.25,   17317,  1.15,   -9691, -0.64
 522,9.00,   10204,  0.34,   19361,  1.28,   -9157, -0.61
 523,10.00,   13231,  0.44,   21461,  1.42,   -8230, -0.55
 524,11.00,   16441,  0.55,   23489,  1.56,   -7048, -0.47
 525,12.00,   19566,  0.65,   25380,  1.68,   -5814, -0.39
 526,13.00,   22392,  0.75,   27093,  1.80,   -4701, -0.31
 527,14.00,   24948,  0.83,   28644,  1.90,   -3696, -0.25
 528,15.00,   27508,  0.92,   30134,  2.00,   -2626, -0.17
 529,16.00,   30368,  1.01,   31699,  2.10,   -1331, -0.09
 530,17.00,   33553,  1.12,   33385,  2.21,     168,  0.01
 531,18.00,   36652,  1.22,   35047,  2.33,    1605,  0.11
 532,19.00,   38994,  1.30,   36393,  2.41,    2601,  0.17
 533,20.00,   40168,  1.34,   37206,  2.47,    2962,  0.20
 534,21.00,   40322,  1.34,   37500,  2.49,    2822,  0.19
 535,22.00,   40046,  1.34,   37474,  2.49,    2572,  0.17
 536,23.00,   39924,  1.33,   37329,  2.48,    2595,  0.17
 537,24.00,   40170,  1.34,   37122,  2.46,    3048,  0.20
 538,25.00,   40614,  1.35,   36793,  2.44,    3821,  0.25
 539,26.00,   41055,  1.37,   36346,  2.41,    4709,  0.31
 540,27.00,   41442,  1.38,   35886,  2.38,    5556,  0.37
 541,28.00,   41915,  1.40,   35570,  2.36,    6345,  0.42
 542,29.00,   42697,  1.42,   35549,  2.36,    7148,  0.47
 543,30.00,   43917,  1.46,   35897,  2.38,    8020,  0.53
 544,31.00,   45568,  1.52,   36618,  2.43,    8950,  0.59
 545,32.00,   47580,  1.59,   37714,  2.50,    9866,  0.65
 546,33.00,   49720,  1.66,   39060,  2.59,   10660,  0.71
 547,34.00,   51646,  1.72,   40402,  2.68,   11244,  0.75
 548,35.00,   53064,  1.77,   41468,  2.75,   11596,  0.77
 549,36.00,   53827,  1.80,   42070,  2.79,   11757,  0.78
 550,37.00,   54003,  1.80,   42202,  2.80,   11801,  0.78
 551,38.00,   53862,  1.80,   42090,  2.79,   11772,  0.78
 552,39.00,   53641,  1.79,   41991,  2.79,   11650,  0.77
 553,40.00,   53463,  1.78,   42079,  2.79,   11384,  0.76
 554,41.00,   53393,  1.78,   42421,  2.81,   10972,  0.73
 555,42.00,   53482,  1.78,   42947,  2.85,   10535,  0.70
 556,43.00,   53812,  1.79,   43504,  2.89,   10308,  0.68
 557,44.00,   54430,  1.82,   43927,  2.91,   10503,  0.70
 558,45.00,   55278,  1.84,   44082,  2.92,   11196,  0.74
 559,46.00,   56294,  1.88,   43953,  2.92,   12341,  0.82
 560,47.00,   57486,  1.92,   43636,  2.90,   13850,  0.92
 561,48.00,   58879,  1.96,   43220,  2.87,   15659,  1.04
 562,49.00,   60442,  2.02,   42711,  2.83,   17731,  1.18
 563,50.00,   61980,  2.07,   42019,  2.79,   19961,  1.32
 564,51.00,   63197,  2.11,   41068,  2.72,   22129,  1.47
 565,52.00,   63910,  2.13,   39909,  2.65,   24001,  1.59
 566,53.00,   64147,  2.14,   38709,  2.57,   25438,  1.69
 567,54.00,   64028,  2.14,   37597,  2.49,   26431,  1.75
 568,55.00,   63692,  2.12,   36602,  2.43,   27090,  1.80
 569,56.00,   63244,  2.11,   35676,  2.37,   27568,  1.83
 570,57.00,   62735,  2.09,   34754,  2.31,   27981,  1.86
 571,58.00,   62201,  2.07,   33810,  2.24,   28391,  1.88
 572,59.00,   61645,  2.06,   32872,  2.18,   28773,  1.91
 573,60.00,   61035,  2.04,   32015,  2.12,   29020,  1.93
 574,61.00,   60367,  2.01,   31327,  2.08,   29040,  1.93
 575,62.00,   59742,  1.99,   30900,  2.05,   28842,  1.91
 576,63.00,   59297,  1.98,   30725,  2.04,   28572,  1.90
 577,64.00,   59110,  1.97,   30669,  2.03,   28441,  1.89
 578,65.00,   59120,  1.97,   30560,  2.03,   28560,  1.89
 579,66.00,   59180,  1.97,   30316,  2.01,   28864,  1.91
 580,67.00,   59140,  1.97,   29958,  1.99,   29182,  1.94
 581,68.00,   58915,  1.97,   29581,  1.96,   29334,  1.95
 582,69.00,   58467,  1.95,   29249,  1.94,   29218,  1.94
 583,70.00,   57825,  1.93,   28981,  1.92,   28844,  1.91
 584,71.00,   57076,  1.90,   28763,  1.91,   28313,  1.88
 585,72.00,   56353,  1.88,   28606,  1.90,   27747,  1.84
 586,73.00,   55772,  1.86,   28514,  1.89,   27258,  1.81
 587,74.00,   55333,  1.85,   28448,  1.89,   26885,  1.78
 588,75.00,   54912,  1.83,   28333,  1.88,   26579,  1.76
 589,76.00,   54391,  1.81,   28090,  1.86,   26301,  1.74
 590,77.00,   53792,  1.79,   27653,  1.83,   26139,  1.73
 591,78.00,   53335,  1.78,   27076,  1.80,   26259,  1.74
 592,79.00,   53293,  1.78,   26537,  1.76,   26756,  1.78
 593,80.00,   53814,  1.79,   26251,  1.74,   27563,  1.83
 594,81.00,   54900,  1.83,   26412,  1.75,   28488,  1.89
 595,82.00,   56421,  1.88,   27060,  1.80,   29361,  1.95
 596,83.00,   58208,  1.94,   28038,  1.86,   30170,  2.00
 597,84.00,   60098,  2.00,   29116,  1.93,   30982,  2.06
 598,85.00,   61822,  2.06,   30051,  1.99,   31771,  2.11
 599,86.00,   63046,  2.10,   30631,  2.03,   32415,  2.15
 600,87.00,   63591,  2.12,   30755,  2.04,   32836,  2.18
 601,88.00,   63520,  2.12,   30407,  2.02,   33113,  2.20
 602,89.00,   63130,  2.11,   29671,  1.97,   33459,  2.22
 603,90.00,   62791,  2.09,   28742,  1.91,   34049,  2.26
 604,91.00,   62706,  2.09,   27841,  1.85,   34865,  2.31
 605,92.00,   62864,  2.10,   27144,  1.80,   35720,  2.37
 606,93.00,   63159,  2.11,   26737,  1.77,   36422,  2.42
 607,94.00,   63513,  2.12,   26595,  1.76,   36918,  2.45
 608,95.00,   63910,  2.13,   26594,  1.76,   37316,  2.48
 609,96.00,   64352,  2.15,   26555,  1.76,   37797,  2.51
 610,97.00,   64834,  2.16,   26314,  1.75,   38520,  2.56
 611,98.00,   65334,  2.18,   25789,  1.71,   39545,  2.62
 612,99.00,   65767,  2.19,   24959,  1.66,   40808,  2.71
 613,100.00,   66039,  2.20,   23876,  1.58,   42163,  2.80
 614,101.00,   66055,  2.20,   22590,  1.50,   43465,  2.88
 615,102.00,   65696,  2.19,   21094,  1.40,   44602,  2.96
 616,103.00,   64941,  2.17,   19416,  1.29,   45525,  3.02
 617,104.00,   63964,  2.13,   17706,  1.17,   46258,  3.07
 618,105.00,   63058,  2.10,   16183,  1.07,   46875,  3.11
 619,106.00,   62555,  2.09,   15089,  1.00,   47466,  3.15
 620,107.00,   62590,  2.09,   14503,  0.96,   48087,  3.19
 621,108.00,   62918,  2.10,   14210,  0.94,   48708,  3.23
 622,109.00,   63076,  2.10,   13877,  0.92,   49199,  3.26
 623,110.00,   62670,  2.09,   13263,  0.88,   49407,  3.28
 624,111.00,   61552,  2.05,   12326,  0.82,   49226,  3.27
 625,112.00,   59884,  2.00,   11248,  0.75,   48636,  3.23
 626,113.00,   57930,  1.93,   10235,  0.68,   47695,  3.16
 627,114.00,   55870,  1.86,    9366,  0.62,   46504,  3.09
 628,115.00,   53768,  1.79,    8643,  0.57,   45125,  2.99
 629,116.00,   51603,  1.72,    8041,  0.53,   43562,  2.89
 630,117.00,   49318,  1.64,    7562,  0.50,   41756,  2.77
 631,118.00,   46859,  1.56,    7221,  0.48,   39638,  2.63
 632,119.00,   44211,  1.47,    6985,  0.46,   37226,  2.47
 633,120.00,   41455,  1.38,    6788,  0.45,   34667,  2.30
 634,121.00,   38715,  1.29,    6601,  0.44,   32114,  2.13
 635,122.00,   36133,  1.21,    6460,  0.43,   29673,  1.97
 636,123.00,   33888,  1.13,    6486,  0.43,   27402,  1.82
 637,124.00,   32180,  1.07,    6807,  0.45,   25373,  1.68
 638,125.00,   31249,  1.04,    7495,  0.50,   23754,  1.58
 639,126.00,   31310,  1.04,    8555,  0.57,   22755,  1.51
 640,127.00,   32311,  1.08,    9911,  0.66,   22400,  1.49
 641,128.00,   33842,  1.13,   11393,  0.76,   22449,  1.49
 642,129.00,   35310,  1.18,   12785,  0.85,   22525,  1.49
 643,130.00,   36185,  1.21,   13869,  0.92,   22316,  1.48
 644,131.00,   36259,  1.21,   14499,  0.96,   21760,  1.44
 645,132.00,   35700,  1.19,   14670,  0.97,   21030,  1.40
 646,133.00,   34925,  1.16,   14581,  0.97,   20344,  1.35
 647,134.00,   34324,  1.14,   14486,  0.96,   19838,  1.32
 648,135.00,   34080,  1.14,   14559,  0.97,   19521,  1.30
 649,136.00,   34061,  1.14,   14785,  0.98,   19276,  1.28
 650,137.00,   33815,  1.13,   14888,  0.99,   18927,  1.26
 651,138.00,   32798,  1.09,   14483,  0.96,   18315,  1.22
 652,139.00,   30774,  1.03,   13403,  0.89,   17371,  1.15
 653,140.00,   27933,  0.93,   11762,  0.78,   16171,  1.07
 654,141.00,   24800,  0.83,    9879,  0.66,   14921,  0.99
 655,142.00,   21890,  0.73,    8104,  0.54,   13786,  0.91
 656,143.00,   19352,  0.65,    6549,  0.43,   12803,  0.85
 657,144.00,   16986,  0.57,    5094,  0.34,   11892,  0.79
 658,145.00,   14552,  0.49,    3614,  0.24,   10938,  0.73
 659,146.00,   11991,  0.40,    2096,  0.14,    9895,  0.66
 660,147.00,    9559,  0.32,     664,  0.04,    8895,  0.59
 661,148.00,    7614,  0.25,    -482, -0.03,    8096,  0.54
 662,149.00,    6310,  0.21,   -1237, -0.08,    7547,  0.50
 663,150.00,    5521,  0.18,   -1602, -0.11,    7123,  0.47
 664,151.00,    4833,  0.16,   -1667, -0.11,    6500,  0.43
 665,152.00,    3778,  0.13,   -1574, -0.10,    5352,  0.36
 666,153.00,    2165,  0.07,   -1471, -0.10,    3636,  0.24
 667,154.00,     116,  0.00,   -1479, -0.10,    1595,  0.11
 668,155.00,   -2023, -0.07,   -1652, -0.11,    -371, -0.02
 669,156.00,   -3866, -0.13,   -1972, -0.13,   -1894, -0.13
 670,157.00,   -5251, -0.18,   -2390, -0.16,   -2861, -0.19
 671,158.00,   -6209, -0.21,   -2851, -0.19,   -3358, -0.22
 672,159.00,   -6821, -0.23,   -3327, -0.22,   -3494, -0.23
 673,160.00,   -7170, -0.24,   -3818, -0.25,   -3352, -0.22
 674,161.00,   -7260, -0.24,   -4300, -0.29,   -2960, -0.20
 675,162.00,   -7069, -0.24,   -4746, -0.31,   -2323, -0.15
 676,163.00,   -6572, -0.22,   -5076, -0.34,   -1496, -0.10
 677,164.00,   -5667, -0.19,   -5125, -0.34,    -542, -0.04
 678,165.00,   -4274, -0.14,   -4794, -0.32,     520,  0.03
 679,166.00,   -2486, -0.08,   -4141, -0.27,    1655,  0.11
 680,167.00,    -594, -0.02,   -3400, -0.23,    2806,  0.19
 681,168.00,     857,  0.03,   -2945, -0.20,    3802,  0.25
 682,169.00,    1355,  0.05,   -3072, -0.20,    4427,  0.29
 683,170.00,     742,  0.02,   -3821, -0.25,    4563,  0.30
 684,171.00,    -739, -0.02,   -5064, -0.34,    4325,  0.29
 685,172.00,   -2553, -0.09,   -6602, -0.44,    4049,  0.27
 686,173.00,   -4050, -0.14,   -8216, -0.55,    4166,  0.28
 687,174.00,   -4903, -0.16,   -9753, -0.65,    4850,  0.32
 688,175.00,   -5173, -0.17,  -11095, -0.74,    5922,  0.39
 689,176.00,   -5215, -0.17,  -12168, -0.81,    6953,  0.46
 690,177.00,   -5460, -0.18,  -12994, -0.86,    7534,  0.50
 691,178.00,   -6177, -0.21,  -13696, -0.91,    7519,  0.50
 692,179.00,   -7282, -0.24,  -14381, -0.95,    7099,  0.47
 693,180.00,   -8547, -0.29,  -15124, -1.00,    6577,  0.44
 694,181.00,   -9730, -0.32,  -15944, -1.06,    6214,  0.41
 695,182.00,  -10706, -0.36,  -16856, -1.12,    6150,  0.41
 696,183.00,  -11469, -0.38,  -17875, -1.19,    6406,  0.43
 697,184.00,  -12135, -0.40,  -19031, -1.26,    6896,  0.46
 698,185.00,  -12946, -0.43,  -20344, -1.35,    7398,  0.49
 699,186.00,  -14303, -0.48,  -21840, -1.45,    7537,  0.50
 700,187.00,  -16588, -0.55,  -23512, -1.56,    6924,  0.46
 701,188.00,  -19960, -0.67,  -25312, -1.68,    5352,  0.36
 702,189.00,  -24145, -0.81,  -27094, -1.80,    2949,  0.20
 703,190.00,  -28482, -0.95,  -28664, -1.90,     182,  0.01
 704,191.00,  -32270, -1.08,  -29884, -1.98,   -2386, -0.16
 705,192.00,  -35119, -1.17,  -30759, -2.04,   -4360, -0.29
 706,193.00,  -37101, -1.24,  -31455, -2.09,   -5646, -0.37
 707,194.00,  -38651, -1.29,  -32214, -2.14,   -6437, -0.43
 708,195.00,  -40272, -1.34,  -33203, -2.20,   -7069, -0.47
 709,196.00,  -42333, -1.41,  -34485, -2.29,   -7848, -0.52
 710,197.00,  -45026, -1.50,  -36023, -2.39,   -9003, -0.60
 711,198.00,  -48407, -1.61,  -37721, -2.50,  -10686, -0.71
 712,199.00,  -52428, -1.75,  -39485, -2.62,  -12943, -0.86
 713,200.00,  -56847, -1.90,  -41178, -2.73,  -15669, -1.04
 714,201.00,  -61231, -2.04,  -42597, -2.83,  -18634, -1.24
 715,202.00,  -65201, -2.17,  -43604, -2.89,  -21597, -1.43
 716,203.00,  -68637, -2.29,  -44212, -2.93,  -24425, -1.62
 717,204.00,  -71694, -2.39,  -44547, -2.96,  -27147, -1.80
 718,205.00,  -74711, -2.49,  -44818, -2.97,  -29893, -1.98
 719,206.00,  -77891, -2.60,  -45154, -3.00,  -32737, -2.17
 720,207.00,  -81183, -2.71,  -45546, -3.02,  -35637, -2.36
 721,208.00,  -84449, -2.82,  -45943, -3.05,  -38506, -2.55
 722,209.00,  -87562, -2.92,  -46318, -3.07,  -41244, -2.74
 723,210.00,  -90414, -3.02,  -46633, -3.09,  -43781, -2.90
 724,211.00,  -92985, -3.10,  -46876, -3.11,  -46109, -3.06
 725,212.00,  -95280, -3.18,  -47074, -3.12,  -48206, -3.20
 726,213.00,  -97332, -3.25,  -47298, -3.14,  -50034, -3.32
 727,214.00,  -99266, -3.31,  -47675, -3.16,  -51591, -3.42
 728,215.00, -101252, -3.38,  -48299, -3.20,  -52953, -3.51
 729,216.00, -103403, -3.45,  -49125, -3.26,  -54278, -3.60
 730,217.00, -105832, -3.53,  -50047, -3.32,  -55785, -3.70
 731,218.00, -108543, -3.62,  -50966, -3.38,  -57577, -3.82
 732,219.00, -111458, -3.72,  -51858, -3.44,  -59600, -3.95
 733,220.00, -114470, -3.82,  -52780, -3.50,  -61690, -4.09
 734,221.00, -117530, -3.92,  -53814, -3.57,  -63716, -4.23
 735,222.00, -120655, -4.02,  -55004, -3.65,  -65651, -4.36
 736,223.00, -123961, -4.13,  -56388, -3.74,  -67573, -4.48
 737,224.00, -127495, -4.25,  -57953, -3.84,  -69542, -4.61
 738,225.00, -131176, -4.38,  -59628, -3.96,  -71548, -4.75
 739,226.00, -134774, -4.50,  -61297, -4.07,  -73477, -4.87
 740,227.00, -138029, -4.60,  -62861, -4.17,  -75168, -4.99
 741,228.00, -140773, -4.70,  -64307, -4.27,  -76466, -5.07
 742,229.00, -143000, -4.77,  -65714, -4.36,  -77286, -5.13
 743,230.00, -144843, -4.83,  -67178, -4.46,  -77665, -5.15
 744,231.00, -146459, -4.88,  -68715, -4.56,  -77744, -5.16
 745,232.00, -147896, -4.93,  -70213, -4.66,  -77683, -5.15
 746,233.00, -149121, -4.97,  -71526, -4.75,  -77595, -5.15
 747,234.00, -150146, -5.01,  -72595, -4.82,  -77551, -5.15
 748,235.00, -151087, -5.04,  -73489, -4.88,  -77598, -5.15
 749,236.00, -152186, -5.08,  -74374, -4.93,  -77812, -5.16
 750,237.00, -153701, -5.13,  -75416, -5.00,  -78285, -5.19
 751,238.00, -155711, -5.19,  -76668, -5.09,  -79043, -5.24
 752,239.00, -158110, -5.27,  -78079, -5.18,  -80031, -5.31
 753,240.00, -160627, -5.36,  -79497, -5.27,  -81130, -5.38
 754,241.00, -162897, -5.43,  -80726, -5.36,  -82171, -5.45
 755,242.00, -164603, -5.49,  -81566, -5.41,  -83037, -5.51
 756,243.00, -165524, -5.52,  -81850, -5.43,  -83674, -5.55
 757,244.00, -165607, -5.52,  -81530, -5.41,  -84077, -5.58
 758,245.00, -165029, -5.50,  -80729, -5.36,  -84300, -5.59
 759,246.00, -164082, -5.47,  -79681, -5.29,  -84401, -5.60
 760,247.00, -163031, -5.44,  -78657, -5.22,  -84374, -5.60
 761,248.00, -162045, -5.40,  -77819, -5.16,  -84226, -5.59
 762,249.00, -161154, -5.38,  -77160, -5.12,  -83994, -5.57
 763,250.00, -160375, -5.35,  -76615, -5.08,  -83760, -5.56
 764,251.00, -159857, -5.33,  -76193, -5.05,  -83664, -5.55
 765,252.00, -159762, -5.33,  -75959, -5.04,  -83803, -5.56
 766,253.00, -160055, -5.34,  -75957, -5.04,  -84098, -5.58
 767,254.00, -160443, -5.35,  -76077, -5.05,  -84366, -5.60
 768,255.00, -160470, -5.35,  -76035, -5.04,  -84435, -5.60
 769,256.00, -159797, -5.33,  -75565, -5.01,  -84232, -5.59
 770,257.00, -158482, -5.29,  -74615, -4.95,  -83867, -5.56
 771,258.00, -156885, -5.23,  -73311, -4.86,  -83574, -5.54
 772,259.00, -155379, -5.18,  -71836, -4.77,  -83543, -5.54
 773,260.00, -154157, -5.14,  -70294, -4.66,  -83863, -5.56
 774,261.00, -153136, -5.11,  -68652, -4.55,  -84484, -5.61
 775,262.00, -152097, -5.07,  -66894, -4.44,  -85203, -5.65
 776,263.00, -150942, -5.03,  -65150, -4.32,  -85792, -5.69
 777,264.00, -149707, -4.99,  -63622, -4.22,  -86085, -5.71
 778,265.00, -148556, -4.95,  -62464, -4.14,  -86092, -5.71
 779,266.00, -147737, -4.93,  -61703, -4.09,  -86034, -5.71
 780,267.00, -147442, -4.92,  -61213, -4.06,  -86229, -5.72
 781,268.00, -147735, -4.93,  -60827, -4.04,  -86908, -5.77
 782,269.00, -148602, -4.96,  -60481, -4.01,  -88121, -5.85
 783,270.00, -149853, -5.00,  -60190, -3.99,  -89663, -5.95
 784,271.00, -151272, -5.05,  -60029, -3.98,  -91243, -6.05
 785,272.00, -152763, -5.10,  -60095, -3.99,  -92668, -6.15
 786,273.00, -154315, -5.15,  -60415, -4.01,  -93900, -6.23
 787,274.00, -155926, -5.20,  -60911, -4.04,  -95015, -6.30
 788,275.00, -157499, -5.25,  -61434, -4.08,  -96065, -6.37
 789,276.00, -158683, -5.29,  -61736, -4.10,  -96947, -6.43
 790,277.00, -159016, -5.30,  -61570, -4.08,  -97446, -6.47
 791,278.00, -158210, -5.28,  -60810, -4.03,  -97400, -6.46
 792,279.00, -156316, -5.21,  -59511, -3.95,  -96805, -6.42
 793,280.00, -153732, -5.13,  -57897, -3.84,  -95835, -6.36
 794,281.00, -151020, -5.04,  -56323, -3.74,  -94697, -6.28
 795,282.00, -148552, -4.95,  -55074, -3.65,  -93478, -6.20
 796,283.00, -146330, -4.88,  -54256, -3.60,  -92074, -6.11
 797,284.00, -144089, -4.81,  -53805, -3.57,  -90284, -5.99
 798,285.00, -141504, -4.72,  -53563, -3.55,  -87941, -5.83
 799,286.00, -138429, -4.62,  -53381, -3.54,  -85048, -5.64
 800,287.00, -134995, -4.50,  -53223, -3.53,  -81772, -5.43
 801,288.00, -131494, -4.39,  -53122, -3.52,  -78372, -5.20
 802,289.00, -128165, -4.27,  -53110, -3.52,  -75055, -4.98
 803,290.00, -125096, -4.17,  -53167, -3.53,  -71929, -4.77
 804,291.00, -122200, -4.08,  -53197, -3.53,  -69003, -4.58
 805,292.00, -119305, -3.98,  -53029, -3.52,  -66276, -4.40
 806,293.00, -116233, -3.88,  -52495, -3.48,  -63738, -4.23
 807,294.00, -112853, -3.76,  -51530, -3.42,  -61323, -4.07
 808,295.00, -109052, -3.64,  -50201, -3.33,  -58851, -3.90
 809,296.00, -104743, -3.49,  -48645, -3.23,  -56098, -3.72
 810,297.00,  -99853, -3.33,  -46925, -3.11,  -52928, -3.51
 811,298.00,  -94405, -3.15,  -44928, -2.98,  -49477, -3.28
 812,299.00,  -88538, -2.95,  -42428, -2.81,  -46110, -3.06
 813,300.00,  -82455, -2.75,  -39290, -2.61,  -43165, -2.86
 814,301.00,  -76385, -2.55,  -35633, -2.36,  -40752, -2.70
 815,302.00,  -70470, -2.35,  -31800, -2.11,  -38670, -2.57
 816,303.00,  -64697, -2.16,  -28187, -1.87,  -36510, -2.42
 817,304.00,  -59017, -1.97,  -25072, -1.66,  -33945, -2.25
 818,305.00,  -53407, -1.78,  -22491, -1.49,  -30916, -2.05
 819,306.00,  -47823, -1.60,  -20267, -1.34,  -27556, -1.83
 820,307.00,  -42278, -1.41,  -18146, -1.20,  -24132, -1.60
 821,308.00,  -36793, -1.23,  -15902, -1.06,  -20891, -1.39
 822,309.00,  -31436, -1.05,  -13490, -0.89,  -17946, -1.19
 823,310.00,  -26330, -0.88,  -11063, -0.73,  -15267, -1.01
 824,311.00,  -21543, -0.72,   -8839, -0.59,  -12704, -0.84
 825,312.00,  -16916, -0.56,   -6929, -0.46,   -9987, -0.66
 826,313.00,  -12152, -0.41,   -5257, -0.35,   -6895, -0.46
 827,314.00,   -7089, -0.24,   -3640, -0.24,   -3449, -0.23
 828,315.00,   -1953, -0.07,   -1977, -0.13,      24,  0.00
 829,316.00,    2705,  0.09,    -318, -0.02,    3023,  0.20
 830,317.00,    6340,  0.21,    1193,  0.08,    5147,  0.34
 831,318.00,    8853,  0.30,    2470,  0.16,    6383,  0.42
 832,319.00,   10644,  0.36,    3563,  0.24,    7081,  0.47
 833,320.00,   12275,  0.41,    4580,  0.30,    7695,  0.51
 834,321.00,   14046,  0.47,    5566,  0.37,    8480,  0.56
 835,322.00,   15832,  0.53,    6461,  0.43,    9371,  0.62
 836,323.00,   17220,  0.57,    7120,  0.47,   10100,  0.67
 837,324.00,   17867,  0.60,    7410,  0.49,   10457,  0.69
 838,325.00,   17725,  0.59,    7303,  0.48,   10422,  0.69
 839,326.00,   17118,  0.57,    6894,  0.46,   10224,  0.68
 840,327.00,   16575,  0.55,    6372,  0.42,   10203,  0.68
 841,328.00,   16566,  0.55,    5907,  0.39,   10659,  0.71
 842,329.00,   17315,  0.58,    5556,  0.37,   11759,  0.78
 843,330.00,   18775,  0.63,    5285,  0.35,   13490,  0.89
 844,331.00,   20682,  0.69,    5022,  0.33,   15660,  1.04
 845,332.00,   22721,  0.76,    4715,  0.31,   18006,  1.19
 846,333.00,   24643,  0.82,    4406,  0.29,   20237,  1.34
 847,334.00,   26210,  0.87,    4119,  0.27,   22091,  1.47
 848,335.00,   27197,  0.91,    3799,  0.25,   23398,  1.55
 849,336.00,   27525,  0.92,    3376,  0.22,   24149,  1.60
 850,337.00,   27235,  0.91,    2770,  0.18,   24465,  1.62
 851,338.00,   26502,  0.88,    1914,  0.13,   24588,  1.63
 852,339.00,   25604,  0.85,     835,  0.06,   24769,  1.64
 853,340.00,   24732,  0.82,    -428, -0.03,   25160,  1.67
 854,341.00,   23942,  0.80,   -1810, -0.12,   25752,  1.71
 855,342.00,   23318,  0.78,   -3165, -0.21,   26483,  1.76
 856,343.00,   22913,  0.76,   -4337, -0.29,   27250,  1.81
 857,344.00,   22739,  0.76,   -5241, -0.35,   27980,  1.86
 858,345.00,   22710,  0.76,   -5928, -0.39,   28638,  1.90
 859,346.00,   22581,  0.75,   -6592, -0.44,   29173,  1.94
 860,347.00,   22065,  0.74,   -7409, -0.49,   29474,  1.96
 861,348.00,   21049,  0.70,   -8416, -0.56,   29465,  1.95
 862,349.00,   19649,  0.66,   -9502, -0.63,   29151,  1.93
 863,350.00,   18142,  0.61,  -10492, -0.70,   28634,  1.90
 864,351.00,   16788,  0.56,  -11323, -0.75,   28111,  1.87
 865,352.00,   15665,  0.52,  -12090, -0.80,   27755,  1.84
 866,353.00,   14666,  0.49,  -12946, -0.86,   27612,  1.83
 867,354.00,   13520,  0.45,  -14072, -0.93,   27592,  1.83
 868,355.00,   11955,  0.40,  -15566, -1.03,   27521,  1.83
 869,356.00,    9806,  0.33,  -17342, -1.15,   27148,  1.80
 870,357.00,    7119,  0.24,  -19195, -1.27,   26314,  1.75
 871,358.00,    4185,  0.14,  -20834, -1.38,   25019,  1.66
 872,359.00,    1420,  0.05,  -21995, -1.46,   23415,  1.55
 873,360.00,    -842, -0.03,  -22599, -1.50,   21757,  1.44
 874,361.00,   -2470, -0.08,  -22756, -1.51,   20286,  1.35
 875,362.00,   -3598, -0.12,  -22679, -1.50,   19081,  1.27
 876,363.00,   -4490, -0.15,  -22613, -1.50,   18123,  1.20
 877,364.00,   -5401, -0.18,  -22730, -1.51,   17329,  1.15
 878,365.00,   -6514, -0.22,  -23085, -1.53,   16571,  1.10
 879,366.00,   -7858, -0.26,  -23605, -1.57,   15747,  1.04
 880,367.00,   -9350, -0.31,  -24146, -1.60,   14796,  0.98
 881,368.00,  -10876, -0.36,  -24581, -1.63,   13705,  0.91
 882,369.00,  -12305, -0.41,  -24849, -1.65,   12544,  0.83
 883,370.00,  -13605, -0.45,  -25009, -1.66,   11404,  0.76
 884,371.00,  -14815, -0.49,  -25155, -1.67,   10340,  0.69
 885,372.00,  -15948, -0.53,  -25319, -1.68,    9371,  0.62
 886,373.00,  -16941, -0.57,  -25458, -1.69,    8517,  0.57
 887,374.00,  -17676, -0.59,  -25489, -1.69,    7813,  0.52
 888,375.00,  -18016, -0.60,  -25338, -1.68,    7322,  0.49
 889,376.00,  -17922, -0.60,  -24991, -1.66,    7069,  0.47
 890,377.00,  -17505, -0.58,  -24468, -1.62,    6963,  0.46
 891,378.00,  -16966, -0.57,  -23797, -1.58,    6831,  0.45
 892,379.00,  -16509, -0.55,  -23008, -1.53,    6499,  0.43
 893,380.00,  -16216, -0.54,  -22098, -1.47,    5882,  0.39
 894,381.00,  -16018, -0.53,  -21048, -1.40,    5030,  0.33
 895,382.00,  -15707, -0.52,  -19798, -1.31,    4091,  0.27
 896,383.00,  -15137, -0.50,  -18280, -1.21,    3143,  0.21
 897,384.00,  -14307, -0.48,  -16476, -1.09,    2169,  0.14
 898,385.00,  -13359, -0.45,  -14457, -0.96,    1098,  0.07
 899,386.00,  -12401, -0.41,  -12297, -0.82,    -104, -0.00
 900,387.00,  -11487, -0.38,  -10095, -0.67,   -1392, -0.09
 901,388.00,  -10603, -0.35,   -7935, -0.53,   -2668, -0.18
 902,389.00,   -9782, -0.33,   -5873, -0.39,   -3909, -0.26
 903,390.00,   -9119, -0.30,   -3952, -0.26,   -5167, -0.34
 904,391.00,   -8731, -0.29,   -2213, -0.15,   -6518, -0.43
 905,392.00,   -8606, -0.29,    -651, -0.04,   -7955, -0.53
 906,393.00,   -8637, -0.29,     733,  0.05,   -9370, -0.62
 907,394.00,   -8605, -0.29,    1957,  0.13,  -10562, -0.70
 908,395.00,   -8267, -0.28,    3075,  0.20,  -11342, -0.75
 909,396.00,   -7404, -0.25,    4164,  0.28,  -11568, -0.77
 910,397.00,   -5921, -0.20,    5281,  0.35,  -11202, -0.74
 911,398.00,   -3915, -0.13,    6412,  0.43,  -10327, -0.69
 912,399.00,   -1673, -0.06,    7479,  0.50,   -9152, -0.61
 913,400.00,     475,  0.02,    8418,  0.56,   -7943, -0.53
 914,401.00,    2288,  0.08,    9200,  0.61,   -6912, -0.46
 915,402.00,    3720,  0.12,    9810,  0.65,   -6090, -0.40
 916,403.00,    4915,  0.16,   10255,  0.68,   -5340, -0.35
 917,404.00,    6063,  0.20,   10534,  0.70,   -4471, -0.30
 918,405.00,    7222,  0.24,   10654,  0.71,   -3432, -0.23
 919,406.00,    8300,  0.28,   10655,  0.71,   -2355, -0.16
 920,407.00,    9188,  0.31,   10612,  0.70,   -1424, -0.09
 921,408.00,    9881,  0.33,   10572,  0.70,    -691, -0.05
 922,409.00,   10651,  0.36,   10621,  0.70,      30,  0.00
 923,410.00,   11915,  0.40,   10847,  0.72,    1068,  0.07
 924,411.00,   13944,  0.47,   11302,  0.75,    2642,  0.18
 925,412.00,   16652,  0.56,   11945,  0.79,    4707,  0.31
 926,413.00,   19600,  0.65,   12639,  0.84,    6961,  0.46
 927,414.00,   22164,  0.74,   13198,  0.88,    8966,  0.59
 928,415.00,   23906,  0.80,   13515,  0.90,   10391,  0.69
 929,416.00,   24724,  0.82,   13567,  0.90,   11157,  0.74
 930,417.00,   24782,  0.83,   13379,  0.89,   11403,  0.76
 931,418.00,   24297,  0.81,   12938,  0.86,   11359,  0.75
 932,419.00,   23406,  0.78,   12192,  0.81,   11214,  0.74
 933,420.00,   22167,  0.74,   11138,  0.74,   11029,  0.73
 934,421.00,   20671,  0.69,    9870,  0.65,   10801,  0.72
 935,422.00,   19079,  0.64,    8530,  0.57,   10549,  0.70
 936,423.00,   17539,  0.58,    7241,  0.48,   10298,  0.68
 937,424.00,   16006,  0.53,    6045,  0.40,    9961,  0.66
 938,425.00,   14270,  0.48,    4913,  0.33,    9357,  0.62
 939,426.00,   12162,  0.41,    3817,  0.25,    8345,  0.55
 940,427.00,    9726,  0.32,    2719,  0.18,    7007,  0.46
 941,428.00,    7340,  0.24,    1619,  0.11,    5721,  0.38
 942,429.00,    5506,  0.18,     559,  0.04,    4947,  0.33
 943,430.00,    4422,  0.15,    -384, -0.03,    4806,  0.32
 944,431.00,    3849,  0.13,   -1141, -0.08,    4990,  0.33
 945,432.00,    3269,  0.11,   -1730, -0.11,    4999,  0.33
 946,433.00,    2245,  0.07,   -2303, -0.15,    4548,  0.30
 947,434.00,     846,  0.03,   -2991, -0.20,    3837,  0.25
 948,435.00,    -437, -0.01,   -3827, -0.25,    3390,  0.22
 949,436.00,   -1160, -0.04,   -4747, -0.31,    3587,  0.24
 950,437.00,   -1272, -0.04,   -5676, -0.38,    4404,  0.29
 951,438.00,   -1168, -0.04,   -6610, -0.44,    5442,  0.36
 952,439.00,   -1394, -0.05,   -7627, -0.51,    6233,  0.41
 953,440.00,   -2103, -0.07,   -8708, -0.58,    6605,  0.44
 954,441.00,   -2980, -0.10,   -9722, -0.65,    6742,  0.45
 955,442.00,   -3500, -0.12,  -10510, -0.70,    7010,  0.47
 956,443.00,   -3334, -0.11,  -11024, -0.73,    7690,  0.51
 957,444.00,   -2570, -0.09,  -11360, -0.75,    8790,  0.58
 958,445.00,   -1577, -0.05,  -11666, -0.77,   10089,  0.67
 959,446.00,    -636, -0.02,  -11972, -0.79,   11336,  0.75
 960,447.00,     265,  0.00,  -12160, -0.81,   12425,  0.82
 961,448.00,    1356,  0.05,  -12074, -0.80,   13430,  0.89
 962,449.00,    2739,  0.09,  -11694, -0.78,   14433,  0.96
 963,450.00,    4223,  0.14,  -11175, -0.74,   15398,  1.02
 964,451.00,    5360,  0.18,  -10773, -0.71,   16133,  1.07
 965,452.00,    5704,  0.19,  -10684, -0.71,   16388,  1.09
 966,453.00,    5130,  0.17,  -10966, -0.73,   16096,  1.07
 967,454.00,    3959,  0.13,  -11513, -0.76,   15472,  1.03
 968,455.00,    2707,  0.09,  -12141, -0.81,   14848,  0.99
 969,456.00,    1897,  0.06,  -12621, -0.84,   14518,  0.96
 970,457.00,    1740,  0.06,  -12800, -0.85,   14540,  0.96
 971,458.00,    2017,  0.07,  -12651, -0.84,   14668,  0.97
 972,459.00,    2284,  0.08,  -12291, -0.82,   14575,  0.97
 973,460.00,    2215,  0.07,  -11893, -0.79,   14108,  0.94
 974,461.00,    1721,  0.06,  -11562, -0.77,   13283,  0.88
 975,462.00,    1045,  0.03,  -11236, -0.75,   12281,  0.81
 976,463.00,     569,  0.02,  -10787, -0.72,   11356,  0.75
 977,464.00,     526,  0.02,  -10121, -0.67,   10647,  0.71
 978,465.00,     926,  0.03,   -9263, -0.61,   10189,  0.68
 979,466.00,    1625,  0.05,   -8337, -0.55,    9962,  0.66
 980,467.00,    2310,  0.08,   -7444, -0.49,    9754,  0.65
 981,468.00,    2674,  0.09,   -6574, -0.44,    9248,  0.61
 982,469.00,    2536,  0.08,   -5648, -0.37,    8184,  0.54
 983,470.00,    1826,  0.06,   -4606, -0.31,    6432,  0.43
 984,471.00,     664,  0.02,   -3478, -0.23,    4142,  0.27
 985,472.00,    -655, -0.02,   -2374, -0.16,    1719,  0.11
 986,473.00,   -1817, -0.06,   -1361, -0.09,    -456, -0.03
 987,474.00,   -2561, -0.09,    -392, -0.03,   -2169, -0.14
 988,475.00,   -2729, -0.09,     681,  0.05,   -3410, -0.23
 989,476.00,   -2357, -0.08,    1987,  0.13,   -4344, -0.29
 990,477.00,   -1600, -0.05,    3549,  0.24,   -5149, -0.34
 991,478.00,    -660, -0.02,    5270,  0.35,   -5930, -0.39
 992,479.00,     271,  0.00,    7011,  0.47,   -6740, -0.45
 993,480.00,    1159,  0.04,    8671,  0.58,   -7512, -0.50
 994,481.00,    2151,  0.07,   10245,  0.68,   -8094, -0.54
 995,482.00,    3413,  0.11,   11785,  0.78,   -8372, -0.56
 996,483.00,    4975,  0.17,   13367,  0.89,   -8392, -0.56
 997,484.00,    6676,  0.22,   15085,  1.00,   -8409, -0.56
 998,485.00,    8256,  0.28,   16997,  1.13,   -8741, -0.58
 999,486.00,    9632,  0.32,   19113,  1.27,   -9481, -0.63
1000,487.00,   10949,  0.37,   21348,  1.42,  -10399, -0.69
1001,488.00,   12373,  0.41,   23480,  1.56,  -11107, -0.74
1002,489.00,   13891,  0.46,   25215,  1.67,  -11324, -0.75
1003,490.00,   15305,  0.51,   26367,  1.75,  -11062, -0.73
1004,491.00,   16384,  0.55,   26934,  1.79,  -10550, -0.70
1005,492.00,   17093,  0.57,   27125,  1.80,  -10032, -0.67
1006,493.00,   17615,  0.59,   27254,  1.81,   -9639, -0.64
1007,494.00,   18193,  0.61,   27538,  1.83,   -9345, -0.62
1008,495.00,   19004,  0.63,   28023,  1.86,   -9019, -0.60
1009,496.00,   20121,  0.67,   28649,  1.90,   -8528, -0.57
1010,497.00,   21493,  0.72,   29268,  1.94,   -7775, -0.52
1011,498.00,   23006,  0.77,   29747,  1.97,   -6741, -0.45
1012,499.00,   24511,  0.82,   30035,  1.99,   -5524, -0.37
1013,500.00,   25863,  0.86,   30119,  2.00,   -4256, -0.28
1014,501.00,   27034,  0.90,   30075,  2.00,   -3041, -0.20
1015,502.00,   28098,  0.94,   30056,  1.99,   -1958, -0.13
1016,503.00,   29148,  0.97,   30200,  2.00,   -1052, -0.07
1017,504.00,   30168,  1.01,   30583,  2.03,    -415, -0.03
1018,505.00,   31046,  1.04,   31159,  2.07,    -113, -0.00
1019,506.00,   31629,  1.05,   31767,  2.11,    -138, -0.00
1020,507.00,   31902,  1.06,   32180,  2.13,    -278, -0.02
1021,508.00,   31958,  1.07,   32355,  2.15,    -397, -0.03
1022,509.00,   31902,  1.06,   32180,  2.13,    -278, -0.02
1023,510.00,   31902,  1.06,   32180,  2.13,    -278, -0.02
1024,511.00,   31902,  1.06,   32180,  2.13,    -278, -0.02
