-----------------------------------------------------------------------------------
Identifier:,IHS5922-20189S03
File Name:,AGLP70B.3
Ear:,L
Channel:,2
Intensity:,70 dB HL
Stim. Rate:,  1.10/s
Stim. Mode:,0
Sweeps:,176
Artifacts:,61
Smp. Period:,1000.00 us
Amp. Gain:, 50.00 K
Low Pass:, 30.00 Hz
High Pass:,  1.00 Hz
Notch Filter:,TRUE
Stimulus:,100
Stim. Freq.:,1000 Hz
Stim. Dur.:,2000 pnts
Masking:,0 dB SPL
Stim. Point:,513
-----------------------------------------------------------------------------------
Peak Information:,Label,Peak(+),Peak(+)(ms),Peak(-),Peak(-)(ms)
,20, 732,219.00, 772,259.00,
,17, 610,97.00, 732,219.00,
-----------------------------------------------------------------------------------


Data Pnt:,Data Pnt(ms):,Average:,Average(uV):,Buffer1:,Buffer1(uV):,Buffer2:,Buffer2(uV):
   1,-512.00,       0,  0.00,       0,  0.00,       0,  0.00
   2,-511.00,       0,  0.00,       0,  0.00,       0,  0.00
   3,-510.00,       0,  0.00,       0,  0.00,       0,  0.00
   4,-509.00,       0,  0.00,       0,  0.00,       0,  0.00
   5,-508.00,       0,  0.00,       0,  0.00,       0,  0.00
   6,-507.00,       0,  0.00,       0,  0.00,       0,  0.00
   7,-506.00,       0,  0.00,       0,  0.00,       0,  0.00
   8,-505.00,       0,  0.00,       0,  0.00,       0,  0.00
   9,-504.00,       0,  0.00,       0,  0.00,       0,  0.00
  10,-503.00,       0,  0.00,       0,  0.00,       0,  0.00
  11,-502.00,       0,  0.00,       0,  0.00,       0,  0.00
  12,-501.00,       0,  0.00,       0,  0.00,       0,  0.00
  13,-500.00,       0,  0.00,       0,  0.00,       0,  0.00
  14,-499.00,       0,  0.00,       0,  0.00,       0,  0.00
  15,-498.00,       0,  0.00,       0,  0.00,       0,  0.00
  16,-497.00,       0,  0.00,       0,  0.00,       0,  0.00
  17,-496.00,       0,  0.00,       0,  0.00,       0,  0.00
  18,-495.00,       0,  0.00,       0,  0.00,       0,  0.00
  19,-494.00,       0,  0.00,       0,  0.00,       0,  0.00
  20,-493.00,       0,  0.00,       0,  0.00,       0,  0.00
  21,-492.00,       0,  0.00,       0,  0.00,       0,  0.00
  22,-491.00,       0,  0.00,       0,  0.00,       0,  0.00
  23,-490.00,       0,  0.00,       0,  0.00,       0,  0.00
  24,-489.00,       0,  0.00,       0,  0.00,       0,  0.00
  25,-488.00,       0,  0.00,       0,  0.00,       0,  0.00
  26,-487.00,       0,  0.00,       0,  0.00,       0,  0.00
  27,-486.00,       0,  0.00,       0,  0.00,       0,  0.00
  28,-485.00,       0,  0.00,       0,  0.00,       0,  0.00
  29,-484.00,       0,  0.00,       0,  0.00,       0,  0.00
  30,-483.00,       0,  0.00,       0,  0.00,       0,  0.00
  31,-482.00,       0,  0.00,       0,  0.00,       0,  0.00
  32,-481.00,       0,  0.00,       0,  0.00,       0,  0.00
  33,-480.00,       0,  0.00,       0,  0.00,       0,  0.00
  34,-479.00,       0,  0.00,       0,  0.00,       0,  0.00
  35,-478.00,       0,  0.00,       0,  0.00,       0,  0.00
  36,-477.00,       0,  0.00,       0,  0.00,       0,  0.00
  37,-476.00,       0,  0.00,       0,  0.00,       0,  0.00
  38,-475.00,       0,  0.00,       0,  0.00,       0,  0.00
  39,-474.00,       0,  0.00,       0,  0.00,       0,  0.00
  40,-473.00,       0,  0.00,       0,  0.00,       0,  0.00
  41,-472.00,       0,  0.00,       0,  0.00,       0,  0.00
  42,-471.00,       0,  0.00,       0,  0.00,       0,  0.00
  43,-470.00,       0,  0.00,       0,  0.00,       0,  0.00
  44,-469.00,       0,  0.00,       0,  0.00,       0,  0.00
  45,-468.00,       0,  0.00,       0,  0.00,       0,  0.00
  46,-467.00,       0,  0.00,       0,  0.00,       0,  0.00
  47,-466.00,       0,  0.00,       0,  0.00,       0,  0.00
  48,-465.00,       0,  0.00,       0,  0.00,       0,  0.00
  49,-464.00,       0,  0.00,       0,  0.00,       0,  0.00
  50,-463.00,       0,  0.00,       0,  0.00,       0,  0.00
  51,-462.00,       0,  0.00,       0,  0.00,       0,  0.00
  52,-461.00,       0,  0.00,       0,  0.00,       0,  0.00
  53,-460.00,       0,  0.00,       0,  0.00,       0,  0.00
  54,-459.00,       0,  0.00,       0,  0.00,       0,  0.00
  55,-458.00,       0,  0.00,       0,  0.00,       0,  0.00
  56,-457.00,       0,  0.00,       0,  0.00,       0,  0.00
  57,-456.00,       0,  0.00,       0,  0.00,       0,  0.00
  58,-455.00,       0,  0.00,       0,  0.00,       0,  0.00
  59,-454.00,       0,  0.00,       0,  0.00,       0,  0.00
  60,-453.00,       0,  0.00,       0,  0.00,       0,  0.00
  61,-452.00,       0,  0.00,       0,  0.00,       0,  0.00
  62,-451.00,       0,  0.00,       0,  0.00,       0,  0.00
  63,-450.00,       0,  0.00,       0,  0.00,       0,  0.00
  64,-449.00,       0,  0.00,       0,  0.00,       0,  0.00
  65,-448.00,       0,  0.00,       0,  0.00,       0,  0.00
  66,-447.00,       0,  0.00,       0,  0.00,       0,  0.00
  67,-446.00,       0,  0.00,       0,  0.00,       0,  0.00
  68,-445.00,       0,  0.00,       0,  0.00,       0,  0.00
  69,-444.00,       0,  0.00,       0,  0.00,       0,  0.00
  70,-443.00,       0,  0.00,       0,  0.00,       0,  0.00
  71,-442.00,       0,  0.00,       0,  0.00,       0,  0.00
  72,-441.00,       0,  0.00,       0,  0.00,       0,  0.00
  73,-440.00,       0,  0.00,       0,  0.00,       0,  0.00
  74,-439.00,       0,  0.00,       0,  0.00,       0,  0.00
  75,-438.00,       0,  0.00,       0,  0.00,       0,  0.00
  76,-437.00,       0,  0.00,       0,  0.00,       0,  0.00
  77,-436.00,       0,  0.00,       0,  0.00,       0,  0.00
  78,-435.00,       0,  0.00,       0,  0.00,       0,  0.00
  79,-434.00,       0,  0.00,       0,  0.00,       0,  0.00
  80,-433.00,       0,  0.00,       0,  0.00,       0,  0.00
  81,-432.00,       0,  0.00,       0,  0.00,       0,  0.00
  82,-431.00,       0,  0.00,       0,  0.00,       0,  0.00
  83,-430.00,       0,  0.00,       0,  0.00,       0,  0.00
  84,-429.00,       0,  0.00,       0,  0.00,       0,  0.00
  85,-428.00,       0,  0.00,       0,  0.00,       0,  0.00
  86,-427.00,       0,  0.00,       0,  0.00,       0,  0.00
  87,-426.00,       0,  0.00,       0,  0.00,       0,  0.00
  88,-425.00,       0,  0.00,       0,  0.00,       0,  0.00
  89,-424.00,       0,  0.00,       0,  0.00,       0,  0.00
  90,-423.00,       0,  0.00,       0,  0.00,       0,  0.00
  91,-422.00,       0,  0.00,       0,  0.00,       0,  0.00
  92,-421.00,       0,  0.00,       0,  0.00,       0,  0.00
  93,-420.00,       0,  0.00,       0,  0.00,       0,  0.00
  94,-419.00,       0,  0.00,       0,  0.00,       0,  0.00
  95,-418.00,       0,  0.00,       0,  0.00,       0,  0.00
  96,-417.00,       0,  0.00,       0,  0.00,       0,  0.00
  97,-416.00,       0,  0.00,       0,  0.00,       0,  0.00
  98,-415.00,       0,  0.00,       0,  0.00,       0,  0.00
  99,-414.00,       0,  0.00,       0,  0.00,       0,  0.00
 100,-413.00,       0,  0.00,       0,  0.00,       0,  0.00
 101,-412.00,       0,  0.00,       0,  0.00,       0,  0.00
 102,-411.00,       0,  0.00,       0,  0.00,       0,  0.00
 103,-410.00,       0,  0.00,       0,  0.00,       0,  0.00
 104,-409.00,       0,  0.00,       0,  0.00,       0,  0.00
 105,-408.00,       0,  0.00,       0,  0.00,       0,  0.00
 106,-407.00,       0,  0.00,       0,  0.00,       0,  0.00
 107,-406.00,       0,  0.00,       0,  0.00,       0,  0.00
 108,-405.00,       0,  0.00,       0,  0.00,       0,  0.00
 109,-404.00,       0,  0.00,       0,  0.00,       0,  0.00
 110,-403.00,       0,  0.00,       0,  0.00,       0,  0.00
 111,-402.00,       0,  0.00,       0,  0.00,       0,  0.00
 112,-401.00,       0,  0.00,       0,  0.00,       0,  0.00
 113,-400.00,       0,  0.00,       0,  0.00,       0,  0.00
 114,-399.00,       0,  0.00,       0,  0.00,       0,  0.00
 115,-398.00,       0,  0.00,       0,  0.00,       0,  0.00
 116,-397.00,    1701,  0.06,  -11446, -0.79,   13147,  0.91
 117,-396.00,    1923,  0.07,  -11195, -0.78,   13118,  0.91
 118,-395.00,    2668,  0.09,  -10768, -0.75,   13436,  0.93
 119,-394.00,    3960,  0.14,  -10007, -0.69,   13967,  0.97
 120,-393.00,    5192,  0.18,   -9464, -0.66,   14656,  1.02
 121,-392.00,    6097,  0.21,   -9077, -0.63,   15174,  1.05
 122,-391.00,    7112,  0.25,   -8631, -0.60,   15743,  1.09
 123,-390.00,    7952,  0.28,   -8297, -0.58,   16249,  1.13
 124,-389.00,    9234,  0.32,   -7557, -0.52,   16791,  1.16
 125,-388.00,   10577,  0.37,   -7007, -0.49,   17584,  1.22
 126,-387.00,   11729,  0.41,   -6456, -0.45,   18185,  1.26
 127,-386.00,   12065,  0.42,   -6363, -0.44,   18428,  1.28
 128,-385.00,   12822,  0.44,   -6412, -0.44,   19234,  1.33
 129,-384.00,   13487,  0.47,   -6293, -0.44,   19780,  1.37
 130,-383.00,   13864,  0.48,   -6075, -0.42,   19939,  1.38
 131,-382.00,   14081,  0.49,   -6171, -0.43,   20252,  1.40
 132,-381.00,   14895,  0.52,   -6185, -0.43,   21080,  1.46
 133,-380.00,   15907,  0.55,   -6207, -0.43,   22114,  1.53
 134,-379.00,   16654,  0.58,   -6527, -0.45,   23181,  1.61
 135,-378.00,   17535,  0.61,   -6149, -0.43,   23684,  1.64
 136,-377.00,   17976,  0.62,   -5870, -0.41,   23846,  1.65
 137,-376.00,   18054,  0.63,   -5762, -0.40,   23816,  1.65
 138,-375.00,   17708,  0.61,   -5987, -0.42,   23695,  1.64
 139,-374.00,   17241,  0.60,   -6324, -0.44,   23565,  1.63
 140,-373.00,   16726,  0.58,   -6505, -0.45,   23231,  1.61
 141,-372.00,   15675,  0.54,   -6634, -0.46,   22309,  1.55
 142,-371.00,   14775,  0.51,   -6662, -0.46,   21437,  1.49
 143,-370.00,   13416,  0.47,   -6858, -0.48,   20274,  1.41
 144,-369.00,   11939,  0.41,   -7497, -0.52,   19436,  1.35
 145,-368.00,   10643,  0.37,   -7936, -0.55,   18579,  1.29
 146,-367.00,    9510,  0.33,   -8634, -0.60,   18144,  1.26
 147,-366.00,    8675,  0.30,   -9061, -0.63,   17736,  1.23
 148,-365.00,    7996,  0.28,   -9383, -0.65,   17379,  1.21
 149,-364.00,    7062,  0.24,   -9882, -0.69,   16944,  1.18
 150,-363.00,    6473,  0.22,  -10463, -0.73,   16936,  1.17
 151,-362.00,    6213,  0.22,  -10656, -0.74,   16869,  1.17
 152,-361.00,    6373,  0.22,  -10039, -0.70,   16412,  1.14
 153,-360.00,    7052,  0.24,   -9110, -0.63,   16162,  1.12
 154,-359.00,    8149,  0.28,   -8027, -0.56,   16176,  1.12
 155,-358.00,    9030,  0.31,   -7008, -0.49,   16038,  1.11
 156,-357.00,   10000,  0.35,   -5856, -0.41,   15856,  1.10
 157,-356.00,   11290,  0.39,   -4366, -0.30,   15656,  1.09
 158,-355.00,   12567,  0.44,   -2585, -0.18,   15152,  1.05
 159,-354.00,   13729,  0.48,    -988, -0.07,   14717,  1.02
 160,-353.00,   14643,  0.51,     194,  0.01,   14449,  1.00
 161,-352.00,   15991,  0.55,    1627,  0.11,   14364,  1.00
 162,-351.00,   17061,  0.59,    3272,  0.23,   13789,  0.96
 163,-350.00,   18668,  0.65,    5535,  0.38,   13133,  0.91
 164,-349.00,   20265,  0.70,    7732,  0.54,   12533,  0.87
 165,-348.00,   22145,  0.77,    9740,  0.68,   12405,  0.86
 166,-347.00,   24170,  0.84,   11489,  0.80,   12681,  0.88
 167,-346.00,   26730,  0.93,   13618,  0.94,   13112,  0.91
 168,-345.00,   29247,  1.01,   16000,  1.11,   13247,  0.92
 169,-344.00,   31467,  1.09,   18171,  1.26,   13296,  0.92
 170,-343.00,   33728,  1.17,   20169,  1.40,   13559,  0.94
 171,-342.00,   35781,  1.24,   21750,  1.51,   14031,  0.97
 172,-341.00,   37770,  1.31,   23366,  1.62,   14404,  1.00
 173,-340.00,   39555,  1.37,   25069,  1.74,   14486,  1.00
 174,-339.00,   41556,  1.44,   27035,  1.88,   14521,  1.01
 175,-338.00,   43108,  1.49,   28788,  2.00,   14320,  0.99
 176,-337.00,   44036,  1.53,   30175,  2.09,   13861,  0.96
 177,-336.00,   44012,  1.53,   30819,  2.14,   13193,  0.92
 178,-335.00,   43125,  1.50,   30792,  2.14,   12333,  0.86
 179,-334.00,   41900,  1.45,   30769,  2.13,   11131,  0.77
 180,-333.00,   41206,  1.43,   31040,  2.15,   10166,  0.71
 181,-332.00,   41154,  1.43,   31617,  2.19,    9537,  0.66
 182,-331.00,   41496,  1.44,   31993,  2.22,    9503,  0.66
 183,-330.00,   41772,  1.45,   32357,  2.24,    9415,  0.65
 184,-329.00,   41979,  1.46,   32919,  2.28,    9060,  0.63
 185,-328.00,   42439,  1.47,   33539,  2.33,    8900,  0.62
 186,-327.00,   43191,  1.50,   34229,  2.37,    8962,  0.62
 187,-326.00,   44102,  1.53,   34799,  2.41,    9303,  0.65
 188,-325.00,   44792,  1.55,   35353,  2.45,    9439,  0.65
 189,-324.00,   45696,  1.58,   35837,  2.49,    9859,  0.68
 190,-323.00,   46045,  1.60,   36171,  2.51,    9874,  0.68
 191,-322.00,   47130,  1.63,   37306,  2.59,    9824,  0.68
 192,-321.00,   48043,  1.67,   38715,  2.69,    9328,  0.65
 193,-320.00,   48285,  1.67,   39582,  2.75,    8703,  0.60
 194,-319.00,   48320,  1.68,   39741,  2.76,    8579,  0.60
 195,-318.00,   48368,  1.68,   39858,  2.76,    8510,  0.59
 196,-317.00,   47894,  1.66,   39839,  2.76,    8055,  0.56
 197,-316.00,   47334,  1.64,   40047,  2.78,    7287,  0.51
 198,-315.00,   47023,  1.63,   40096,  2.78,    6927,  0.48
 199,-314.00,   46108,  1.60,   39605,  2.75,    6503,  0.45
 200,-313.00,   45843,  1.59,   39657,  2.75,    6186,  0.43
 201,-312.00,   45362,  1.57,   39726,  2.76,    5636,  0.39
 202,-311.00,   44718,  1.55,   39540,  2.74,    5178,  0.36
 203,-310.00,   44213,  1.53,   39599,  2.75,    4614,  0.32
 204,-309.00,   43773,  1.52,   39757,  2.76,    4016,  0.28
 205,-308.00,   42862,  1.49,   39594,  2.75,    3268,  0.23
 206,-307.00,   42108,  1.46,   39552,  2.74,    2556,  0.18
 207,-306.00,   41157,  1.43,   39287,  2.72,    1870,  0.13
 208,-305.00,   39814,  1.38,   38694,  2.68,    1120,  0.08
 209,-304.00,   38726,  1.34,   38140,  2.65,     586,  0.04
 210,-303.00,   37848,  1.31,   37582,  2.61,     266,  0.02
 211,-302.00,   37050,  1.28,   36565,  2.54,     485,  0.03
 212,-301.00,   35430,  1.23,   35398,  2.46,      32,  0.00
 213,-300.00,   33967,  1.18,   34624,  2.40,    -657, -0.05
 214,-299.00,   32314,  1.12,   33959,  2.36,   -1645, -0.11
 215,-298.00,   30253,  1.05,   32731,  2.27,   -2478, -0.17
 216,-297.00,   28258,  0.98,   31452,  2.18,   -3194, -0.22
 217,-296.00,   26277,  0.91,   30184,  2.09,   -3907, -0.27
 218,-295.00,   24152,  0.84,   28822,  2.00,   -4670, -0.32
 219,-294.00,   22147,  0.77,   27696,  1.92,   -5549, -0.38
 220,-293.00,   20492,  0.71,   26584,  1.84,   -6092, -0.42
 221,-292.00,   19247,  0.67,   25757,  1.79,   -6510, -0.45
 222,-291.00,   18055,  0.63,   25025,  1.74,   -6970, -0.48
 223,-290.00,   17055,  0.59,   24321,  1.69,   -7266, -0.50
 224,-289.00,   15442,  0.54,   23389,  1.62,   -7947, -0.55
 225,-288.00,   13564,  0.47,   22362,  1.55,   -8798, -0.61
 226,-287.00,   11836,  0.41,   21287,  1.48,   -9451, -0.66
 227,-286.00,   10118,  0.35,   20216,  1.40,  -10098, -0.70
 228,-285.00,    8663,  0.30,   19131,  1.33,  -10468, -0.73
 229,-284.00,    6930,  0.24,   17497,  1.21,  -10567, -0.73
 230,-283.00,    5600,  0.19,   16224,  1.13,  -10624, -0.74
 231,-282.00,    4715,  0.16,   15345,  1.06,  -10630, -0.74
 232,-281.00,    4392,  0.15,   14573,  1.01,  -10181, -0.71
 233,-280.00,    4814,  0.17,   14091,  0.98,   -9277, -0.64
 234,-279.00,    5196,  0.18,   13546,  0.94,   -8350, -0.58
 235,-278.00,    5102,  0.18,   12882,  0.89,   -7780, -0.54
 236,-277.00,    4683,  0.16,   12235,  0.85,   -7552, -0.52
 237,-276.00,    4164,  0.14,   11321,  0.79,   -7157, -0.50
 238,-275.00,    3674,  0.13,   10367,  0.72,   -6693, -0.46
 239,-274.00,    3696,  0.13,    9621,  0.67,   -5925, -0.41
 240,-273.00,    4323,  0.15,    9366,  0.65,   -5043, -0.35
 241,-272.00,    4844,  0.17,    8875,  0.62,   -4031, -0.28
 242,-271.00,    5669,  0.20,    8728,  0.61,   -3059, -0.21
 243,-270.00,    6290,  0.22,    8942,  0.62,   -2652, -0.18
 244,-269.00,    7137,  0.25,    9212,  0.64,   -2075, -0.14
 245,-268.00,    7912,  0.27,    9479,  0.66,   -1567, -0.11
 246,-267.00,    8488,  0.29,    9497,  0.66,   -1009, -0.07
 247,-266.00,    9163,  0.32,    9704,  0.67,    -541, -0.04
 248,-265.00,   10135,  0.35,   10109,  0.70,      26,  0.00
 249,-264.00,   11382,  0.39,   10427,  0.72,     955,  0.07
 250,-263.00,   12275,  0.43,   10298,  0.71,    1977,  0.14
 251,-262.00,   13333,  0.46,   10052,  0.70,    3281,  0.23
 252,-261.00,   14428,  0.50,    9777,  0.68,    4651,  0.32
 253,-260.00,   15205,  0.53,    9504,  0.66,    5701,  0.40
 254,-259.00,   15364,  0.53,    8846,  0.61,    6518,  0.45
 255,-258.00,   15911,  0.55,    8263,  0.57,    7648,  0.53
 256,-257.00,   16600,  0.58,    7692,  0.53,    8908,  0.62
 257,-256.00,   16979,  0.59,    7268,  0.50,    9711,  0.67
 258,-255.00,   16851,  0.58,    6985,  0.48,    9866,  0.68
 259,-254.00,   16895,  0.59,    6636,  0.46,   10259,  0.71
 260,-253.00,   16908,  0.59,    6173,  0.43,   10735,  0.74
 261,-252.00,   16109,  0.56,    5223,  0.36,   10886,  0.76
 262,-251.00,   15247,  0.53,    4352,  0.30,   10895,  0.76
 263,-250.00,   15030,  0.52,    3530,  0.24,   11500,  0.80
 264,-249.00,   15076,  0.52,    2829,  0.20,   12247,  0.85
 265,-248.00,   15603,  0.54,    2443,  0.17,   13160,  0.91
 266,-247.00,   16575,  0.57,    2472,  0.17,   14103,  0.98
 267,-246.00,   18124,  0.63,    2580,  0.18,   15544,  1.08
 268,-245.00,   19686,  0.68,    2922,  0.20,   16764,  1.16
 269,-244.00,   22302,  0.77,    4196,  0.29,   18106,  1.26
 270,-243.00,   25281,  0.88,    5707,  0.40,   19574,  1.36
 271,-242.00,   27922,  0.97,    7307,  0.51,   20615,  1.43
 272,-241.00,   30303,  1.05,    8858,  0.61,   21445,  1.49
 273,-240.00,   32280,  1.12,   10169,  0.71,   22111,  1.53
 274,-239.00,   33963,  1.18,   11409,  0.79,   22554,  1.56
 275,-238.00,   35483,  1.23,   12530,  0.87,   22953,  1.59
 276,-237.00,   36668,  1.27,   13210,  0.92,   23458,  1.63
 277,-236.00,   37476,  1.30,   13372,  0.93,   24104,  1.67
 278,-235.00,   38238,  1.33,   13567,  0.94,   24671,  1.71
 279,-234.00,   38720,  1.34,   13805,  0.96,   24915,  1.73
 280,-233.00,   39491,  1.37,   14252,  0.99,   25239,  1.75
 281,-232.00,   40152,  1.39,   14747,  1.02,   25405,  1.76
 282,-231.00,   41348,  1.43,   15293,  1.06,   26055,  1.81
 283,-230.00,   42347,  1.47,   15783,  1.09,   26564,  1.84
 284,-229.00,   42317,  1.47,   15768,  1.09,   26549,  1.84
 285,-228.00,   42315,  1.47,   16165,  1.12,   26150,  1.81
 286,-227.00,   42251,  1.47,   16467,  1.14,   25784,  1.79
 287,-226.00,   42167,  1.46,   16554,  1.15,   25613,  1.78
 288,-225.00,   42035,  1.46,   16684,  1.16,   25351,  1.76
 289,-224.00,   41586,  1.44,   17090,  1.19,   24496,  1.70
 290,-223.00,   41550,  1.44,   18108,  1.26,   23442,  1.63
 291,-222.00,   41926,  1.45,   19499,  1.35,   22427,  1.56
 292,-221.00,   42063,  1.46,   20391,  1.41,   21672,  1.50
 293,-220.00,   41425,  1.44,   20425,  1.42,   21000,  1.46
 294,-219.00,   40408,  1.40,   20172,  1.40,   20236,  1.40
 295,-218.00,   39599,  1.37,   19895,  1.38,   19704,  1.37
 296,-217.00,   39233,  1.36,   19781,  1.37,   19452,  1.35
 297,-216.00,   39577,  1.37,   20188,  1.40,   19389,  1.34
 298,-215.00,   39708,  1.38,   20583,  1.43,   19125,  1.33
 299,-214.00,   39371,  1.37,   20288,  1.41,   19083,  1.32
 300,-213.00,   38447,  1.33,   19712,  1.37,   18735,  1.30
 301,-212.00,   37748,  1.31,   19034,  1.32,   18714,  1.30
 302,-211.00,   38118,  1.32,   18914,  1.31,   19204,  1.33
 303,-210.00,   38519,  1.34,   18645,  1.29,   19874,  1.38
 304,-209.00,   38155,  1.32,   17816,  1.24,   20339,  1.41
 305,-208.00,   36803,  1.28,   16377,  1.14,   20426,  1.42
 306,-207.00,   35358,  1.23,   14667,  1.02,   20691,  1.44
 307,-206.00,   34341,  1.19,   13611,  0.94,   20730,  1.44
 308,-205.00,   33342,  1.16,   12457,  0.86,   20885,  1.45
 309,-204.00,   32254,  1.12,   10986,  0.76,   21268,  1.48
 310,-203.00,   30798,  1.07,    9506,  0.66,   21292,  1.48
 311,-202.00,   29385,  1.02,    8419,  0.58,   20966,  1.45
 312,-201.00,   27556,  0.96,    7126,  0.49,   20430,  1.42
 313,-200.00,   26255,  0.91,    6232,  0.43,   20023,  1.39
 314,-199.00,   25335,  0.88,    5645,  0.39,   19690,  1.37
 315,-198.00,   24963,  0.87,    5518,  0.38,   19445,  1.35
 316,-197.00,   24352,  0.84,    4861,  0.34,   19491,  1.35
 317,-196.00,   23541,  0.82,    4524,  0.31,   19017,  1.32
 318,-195.00,   22895,  0.79,    4533,  0.31,   18362,  1.27
 319,-194.00,   23863,  0.83,    5281,  0.37,   18582,  1.29
 320,-193.00,   25458,  0.88,    6104,  0.42,   19354,  1.34
 321,-192.00,   26640,  0.92,    6538,  0.45,   20102,  1.39
 322,-191.00,   27163,  0.94,    6491,  0.45,   20672,  1.43
 323,-190.00,   26870,  0.93,    5999,  0.42,   20871,  1.45
 324,-189.00,   27097,  0.94,    5958,  0.41,   21139,  1.47
 325,-188.00,   27562,  0.96,    6044,  0.42,   21518,  1.49
 326,-187.00,   27902,  0.97,    6282,  0.44,   21620,  1.50
 327,-186.00,   27969,  0.97,    6127,  0.42,   21842,  1.51
 328,-185.00,   27644,  0.96,    5750,  0.40,   21894,  1.52
 329,-184.00,   26653,  0.92,    4949,  0.34,   21704,  1.51
 330,-183.00,   25771,  0.89,    4154,  0.29,   21617,  1.50
 331,-182.00,   25100,  0.87,    3281,  0.23,   21819,  1.51
 332,-181.00,   25051,  0.87,    2977,  0.21,   22074,  1.53
 333,-180.00,   25158,  0.87,    2972,  0.21,   22186,  1.54
 334,-179.00,   25215,  0.87,    2934,  0.20,   22281,  1.55
 335,-178.00,   25394,  0.88,    3055,  0.21,   22339,  1.55
 336,-177.00,   25139,  0.87,    2868,  0.20,   22271,  1.54
 337,-176.00,   24480,  0.85,    2398,  0.17,   22082,  1.53
 338,-175.00,   23550,  0.82,    2041,  0.14,   21509,  1.49
 339,-174.00,   21992,  0.76,    1301,  0.09,   20691,  1.44
 340,-173.00,   20085,  0.70,     405,  0.03,   19680,  1.37
 341,-172.00,   17987,  0.62,    -437, -0.03,   18424,  1.28
 342,-171.00,   16146,  0.56,   -1114, -0.08,   17260,  1.20
 343,-170.00,   14255,  0.49,   -1688, -0.12,   15943,  1.11
 344,-169.00,   11623,  0.40,   -2862, -0.20,   14485,  1.00
 345,-168.00,    9217,  0.32,   -3721, -0.26,   12938,  0.90
 346,-167.00,    6323,  0.22,   -4793, -0.33,   11116,  0.77
 347,-166.00,    3563,  0.12,   -6113, -0.42,    9676,  0.67
 348,-165.00,    1625,  0.06,   -6873, -0.48,    8498,  0.59
 349,-164.00,     243,  0.00,   -7702, -0.53,    7945,  0.55
 350,-163.00,    -870, -0.03,   -8164, -0.57,    7294,  0.51
 351,-162.00,   -1974, -0.07,   -8624, -0.60,    6650,  0.46
 352,-161.00,   -2735, -0.09,   -8658, -0.60,    5923,  0.41
 353,-160.00,   -3640, -0.13,   -9025, -0.63,    5385,  0.37
 354,-159.00,   -4159, -0.14,   -8891, -0.62,    4732,  0.33
 355,-158.00,   -4162, -0.14,   -8369, -0.58,    4207,  0.29
 356,-157.00,   -4752, -0.16,   -8138, -0.56,    3386,  0.23
 357,-156.00,   -5870, -0.20,   -7972, -0.55,    2102,  0.15
 358,-155.00,   -6280, -0.22,   -7380, -0.51,    1100,  0.08
 359,-154.00,   -6573, -0.23,   -6761, -0.47,     188,  0.01
 360,-153.00,   -6994, -0.24,   -5816, -0.40,   -1178, -0.08
 361,-152.00,   -7769, -0.27,   -5439, -0.38,   -2330, -0.16
 362,-151.00,   -8758, -0.30,   -5175, -0.36,   -3583, -0.25
 363,-150.00,   -9756, -0.34,   -4807, -0.33,   -4949, -0.34
 364,-149.00,  -11058, -0.38,   -4780, -0.33,   -6278, -0.44
 365,-148.00,  -11672, -0.40,   -4923, -0.34,   -6749, -0.47
 366,-147.00,  -12023, -0.42,   -4972, -0.34,   -7051, -0.49
 367,-146.00,  -11676, -0.40,   -4683, -0.32,   -6993, -0.49
 368,-145.00,  -10477, -0.36,   -3913, -0.27,   -6564, -0.46
 369,-144.00,   -9103, -0.32,   -3320, -0.23,   -5783, -0.40
 370,-143.00,   -7852, -0.27,   -2602, -0.18,   -5250, -0.36
 371,-142.00,   -6407, -0.22,   -1962, -0.14,   -4445, -0.31
 372,-141.00,   -5155, -0.18,   -1354, -0.09,   -3801, -0.26
 373,-140.00,   -3775, -0.13,    -882, -0.06,   -2893, -0.20
 374,-139.00,   -2042, -0.07,       2,  0.00,   -2044, -0.14
 375,-138.00,    -690, -0.02,    1105,  0.08,   -1795, -0.12
 376,-137.00,    1195,  0.04,    2542,  0.18,   -1347, -0.09
 377,-136.00,    3014,  0.10,    3494,  0.24,    -480, -0.03
 378,-135.00,    4631,  0.16,    3911,  0.27,     720,  0.05
 379,-134.00,    6545,  0.23,    4267,  0.30,    2278,  0.16
 380,-133.00,    9085,  0.32,    5021,  0.35,    4064,  0.28
 381,-132.00,   11491,  0.40,    5819,  0.40,    5672,  0.39
 382,-131.00,   14288,  0.50,    6570,  0.46,    7718,  0.54
 383,-130.00,   17424,  0.60,    7713,  0.53,    9711,  0.67
 384,-129.00,   20270,  0.70,    8760,  0.61,   11510,  0.80
 385,-128.00,   23415,  0.81,   10042,  0.70,   13373,  0.93
 386,-127.00,   26479,  0.92,   11385,  0.79,   15094,  1.05
 387,-126.00,   29260,  1.01,   12824,  0.89,   16436,  1.14
 388,-125.00,   31622,  1.10,   14494,  1.01,   17128,  1.19
 389,-124.00,   33130,  1.15,   15603,  1.08,   17527,  1.22
 390,-123.00,   34135,  1.18,   16398,  1.14,   17737,  1.23
 391,-122.00,   35465,  1.23,   17948,  1.24,   17517,  1.21
 392,-121.00,   35807,  1.24,   19089,  1.32,   16718,  1.16
 393,-120.00,   35630,  1.24,   19833,  1.38,   15797,  1.10
 394,-119.00,   35245,  1.22,   20268,  1.41,   14977,  1.04
 395,-118.00,   34737,  1.20,   20920,  1.45,   13817,  0.96
 396,-117.00,   34000,  1.18,   21348,  1.48,   12652,  0.88
 397,-116.00,   32686,  1.13,   21674,  1.50,   11012,  0.76
 398,-115.00,   31643,  1.10,   22065,  1.53,    9578,  0.66
 399,-114.00,   31100,  1.08,   22597,  1.57,    8503,  0.59
 400,-113.00,   30892,  1.07,   23396,  1.62,    7496,  0.52
 401,-112.00,   30355,  1.05,   23896,  1.66,    6459,  0.45
 402,-111.00,   30431,  1.06,   24630,  1.71,    5801,  0.40
 403,-110.00,   30840,  1.07,   25162,  1.75,    5678,  0.39
 404,-109.00,   32086,  1.11,   26115,  1.81,    5971,  0.41
 405,-108.00,   32760,  1.14,   26887,  1.86,    5873,  0.41
 406,-107.00,   33063,  1.15,   27588,  1.91,    5475,  0.38
 407,-106.00,   32080,  1.11,   27562,  1.91,    4518,  0.31
 408,-105.00,   30934,  1.07,   27141,  1.88,    3793,  0.26
 409,-104.00,   30010,  1.04,   26637,  1.85,    3373,  0.23
 410,-103.00,   29823,  1.03,   26592,  1.84,    3231,  0.22
 411,-102.00,   29718,  1.03,   26234,  1.82,    3484,  0.24
 412,-101.00,   29195,  1.01,   25205,  1.75,    3990,  0.28
 413,-100.00,   28599,  0.99,   24390,  1.69,    4209,  0.29
 414,-99.00,   27656,  0.96,   23761,  1.65,    3895,  0.27
 415,-98.00,   26939,  0.93,   23195,  1.61,    3744,  0.26
 416,-97.00,   26389,  0.92,   22829,  1.58,    3560,  0.25
 417,-96.00,   26984,  0.94,   23218,  1.61,    3766,  0.26
 418,-95.00,   27042,  0.94,   23334,  1.62,    3708,  0.26
 419,-94.00,   26773,  0.93,   23609,  1.64,    3164,  0.22
 420,-93.00,   26418,  0.92,   23914,  1.66,    2504,  0.17
 421,-92.00,   26516,  0.92,   24258,  1.68,    2258,  0.16
 422,-91.00,   26268,  0.91,   24059,  1.67,    2209,  0.15
 423,-90.00,   25911,  0.90,   24250,  1.68,    1661,  0.12
 424,-89.00,   25339,  0.88,   24709,  1.71,     630,  0.04
 425,-88.00,   24724,  0.86,   25165,  1.75,    -441, -0.03
 426,-87.00,   23658,  0.82,   25447,  1.77,   -1789, -0.12
 427,-86.00,   22486,  0.78,   25397,  1.76,   -2911, -0.20
 428,-85.00,   21472,  0.74,   25180,  1.75,   -3708, -0.26
 429,-84.00,   19872,  0.69,   24656,  1.71,   -4784, -0.33
 430,-83.00,   18209,  0.63,   23994,  1.66,   -5785, -0.40
 431,-82.00,   16449,  0.57,   23061,  1.60,   -6612, -0.46
 432,-81.00,   14303,  0.50,   21789,  1.51,   -7486, -0.52
 433,-80.00,   11928,  0.41,   20481,  1.42,   -8553, -0.59
 434,-79.00,    9360,  0.32,   18912,  1.31,   -9552, -0.66
 435,-78.00,    7173,  0.25,   17707,  1.23,  -10534, -0.73
 436,-77.00,    5292,  0.18,   16904,  1.17,  -11612, -0.81
 437,-76.00,    4306,  0.15,   16266,  1.13,  -11960, -0.83
 438,-75.00,    3087,  0.11,   15050,  1.04,  -11963, -0.83
 439,-74.00,    1188,  0.04,   13481,  0.94,  -12293, -0.85
 440,-73.00,    -488, -0.02,   12441,  0.86,  -12929, -0.90
 441,-72.00,   -1482, -0.05,   12035,  0.83,  -13517, -0.94
 442,-71.00,   -2501, -0.09,   11710,  0.81,  -14211, -0.99
 443,-70.00,   -3506, -0.12,   10952,  0.76,  -14458, -1.00
 444,-69.00,   -3953, -0.14,   10648,  0.74,  -14601, -1.01
 445,-68.00,   -4316, -0.15,   10627,  0.74,  -14943, -1.04
 446,-67.00,   -5477, -0.19,   10395,  0.72,  -15872, -1.10
 447,-66.00,   -6885, -0.24,   10073,  0.70,  -16958, -1.18
 448,-65.00,   -8092, -0.28,    9688,  0.67,  -17780, -1.23
 449,-64.00,   -9376, -0.33,    9165,  0.64,  -18541, -1.29
 450,-63.00,  -10119, -0.35,    9022,  0.63,  -19141, -1.33
 451,-62.00,  -11142, -0.39,    8431,  0.58,  -19573, -1.36
 452,-61.00,  -12117, -0.42,    7699,  0.53,  -19816, -1.37
 453,-60.00,  -12789, -0.44,    7109,  0.49,  -19898, -1.38
 454,-59.00,  -13353, -0.46,    6456,  0.45,  -19809, -1.37
 455,-58.00,  -13540, -0.47,    6352,  0.44,  -19892, -1.38
 456,-57.00,  -14200, -0.49,    5571,  0.39,  -19771, -1.37
 457,-56.00,  -15659, -0.54,    4289,  0.30,  -19948, -1.38
 458,-55.00,  -16752, -0.58,    3337,  0.23,  -20089, -1.39
 459,-54.00,  -18037, -0.63,    2570,  0.18,  -20607, -1.43
 460,-53.00,  -20325, -0.70,    1298,  0.09,  -21623, -1.50
 461,-52.00,  -22638, -0.79,    -182, -0.01,  -22456, -1.56
 462,-51.00,  -24407, -0.85,   -1091, -0.08,  -23316, -1.62
 463,-50.00,  -25800, -0.89,   -1678, -0.12,  -24122, -1.67
 464,-49.00,  -26829, -0.93,   -2116, -0.15,  -24713, -1.71
 465,-48.00,  -27834, -0.97,   -3257, -0.23,  -24577, -1.70
 466,-47.00,  -28135, -0.98,   -3970, -0.28,  -24165, -1.68
 467,-46.00,  -26562, -0.92,   -3715, -0.26,  -22847, -1.58
 468,-45.00,  -24300, -0.84,   -3220, -0.22,  -21080, -1.46
 469,-44.00,  -21691, -0.75,   -2296, -0.16,  -19395, -1.35
 470,-43.00,  -19286, -0.67,   -1385, -0.10,  -17901, -1.24
 471,-42.00,  -16754, -0.58,    -201, -0.01,  -16553, -1.15
 472,-41.00,  -15056, -0.52,     595,  0.04,  -15651, -1.09
 473,-40.00,  -13364, -0.46,    1522,  0.11,  -14886, -1.03
 474,-39.00,  -12256, -0.43,    2069,  0.14,  -14325, -0.99
 475,-38.00,  -11261, -0.39,    2445,  0.17,  -13706, -0.95
 476,-37.00,   -9731, -0.34,    3132,  0.22,  -12863, -0.89
 477,-36.00,   -8195, -0.28,    3362,  0.23,  -11557, -0.80
 478,-35.00,   -6662, -0.23,    3594,  0.25,  -10256, -0.71
 479,-34.00,   -5003, -0.17,    3920,  0.27,   -8923, -0.62
 480,-33.00,   -3990, -0.14,    4119,  0.29,   -8109, -0.56
 481,-32.00,   -3667, -0.13,    3879,  0.27,   -7546, -0.52
 482,-31.00,   -3527, -0.12,    3805,  0.26,   -7332, -0.51
 483,-30.00,   -3049, -0.11,    3640,  0.25,   -6689, -0.46
 484,-29.00,   -1437, -0.05,    4259,  0.30,   -5696, -0.40
 485,-28.00,     898,  0.03,    5480,  0.38,   -4582, -0.32
 486,-27.00,    2735,  0.09,    6123,  0.42,   -3388, -0.23
 487,-26.00,    5065,  0.18,    6943,  0.48,   -1878, -0.13
 488,-25.00,    7212,  0.25,    7840,  0.54,    -628, -0.04
 489,-24.00,    8564,  0.30,    8375,  0.58,     189,  0.01
 490,-23.00,    9956,  0.35,    9310,  0.65,     646,  0.04
 491,-22.00,   11075,  0.38,   10543,  0.73,     532,  0.04
 492,-21.00,   11649,  0.40,   11198,  0.78,     451,  0.03
 493,-20.00,   12258,  0.43,   11839,  0.82,     419,  0.03
 494,-19.00,   13031,  0.45,   12532,  0.87,     499,  0.03
 495,-18.00,   13340,  0.46,   12687,  0.88,     653,  0.05
 496,-17.00,   13901,  0.48,   12839,  0.89,    1062,  0.07
 497,-16.00,   15218,  0.53,   13349,  0.93,    1869,  0.13
 498,-15.00,   16526,  0.57,   13665,  0.95,    2861,  0.20
 499,-14.00,   16726,  0.58,   13377,  0.93,    3349,  0.23
 500,-13.00,   17542,  0.61,   13674,  0.95,    3868,  0.27
 501,-12.00,   17946,  0.62,   13598,  0.94,    4348,  0.30
 502,-11.00,   18236,  0.63,   13505,  0.94,    4731,  0.33
 503,-10.00,   18605,  0.65,   13274,  0.92,    5331,  0.37
 504,-9.00,   18772,  0.65,   12885,  0.89,    5887,  0.41
 505,-8.00,   19315,  0.67,   12955,  0.90,    6360,  0.44
 506,-7.00,   20214,  0.70,   13475,  0.93,    6739,  0.47
 507,-6.00,   20827,  0.72,   13803,  0.96,    7024,  0.49
 508,-5.00,   21106,  0.73,   13990,  0.97,    7116,  0.49
 509,-4.00,   20620,  0.72,   13870,  0.96,    6750,  0.47
 510,-3.00,   20099,  0.70,   13511,  0.94,    6588,  0.46
 511,-2.00,   19588,  0.68,   13617,  0.94,    5971,  0.41
 512,-1.00,   18621,  0.65,   13794,  0.96,    4827,  0.33
 513,0.00,   17612,  0.61,   13799,  0.96,    3813,  0.26
 514,1.00,   16845,  0.58,   13660,  0.95,    3185,  0.22
 515,2.00,   16261,  0.56,   13624,  0.94,    2637,  0.18
 516,3.00,   15591,  0.54,   13495,  0.94,    2096,  0.15
 517,4.00,   15422,  0.53,   13858,  0.96,    1564,  0.11
 518,5.00,   15728,  0.55,   14073,  0.98,    1655,  0.11
 519,6.00,   16326,  0.57,   14290,  0.99,    2036,  0.14
 520,7.00,   16738,  0.58,   14299,  0.99,    2439,  0.17
 521,8.00,   17623,  0.61,   14578,  1.01,    3045,  0.21
 522,9.00,   18716,  0.65,   14461,  1.00,    4255,  0.30
 523,10.00,   19048,  0.66,   13791,  0.96,    5257,  0.36
 524,11.00,   18921,  0.66,   13171,  0.91,    5750,  0.40
 525,12.00,   19081,  0.66,   12689,  0.88,    6392,  0.44
 526,13.00,   19468,  0.68,   12271,  0.85,    7197,  0.50
 527,14.00,   19198,  0.67,   11258,  0.78,    7940,  0.55
 528,15.00,   18389,  0.64,    9691,  0.67,    8698,  0.60
 529,16.00,   17896,  0.62,    8311,  0.58,    9585,  0.66
 530,17.00,   17761,  0.62,    6860,  0.48,   10901,  0.76
 531,18.00,   17391,  0.60,    5209,  0.36,   12182,  0.84
 532,19.00,   16080,  0.56,    2564,  0.18,   13516,  0.94
 533,20.00,   15701,  0.54,     927,  0.06,   14774,  1.02
 534,21.00,   14887,  0.52,    -784, -0.05,   15671,  1.09
 535,22.00,   14070,  0.49,   -2237, -0.16,   16307,  1.13
 536,23.00,   13252,  0.46,   -3747, -0.26,   16999,  1.18
 537,24.00,   12351,  0.43,   -5391, -0.37,   17742,  1.23
 538,25.00,   11045,  0.38,   -7317, -0.51,   18362,  1.27
 539,26.00,   10270,  0.36,   -8530, -0.59,   18800,  1.30
 540,27.00,    9332,  0.32,   -9607, -0.67,   18939,  1.31
 541,28.00,    7895,  0.27,  -11069, -0.77,   18964,  1.32
 542,29.00,    6767,  0.23,  -11988, -0.83,   18755,  1.30
 543,30.00,    5734,  0.20,  -12738, -0.88,   18472,  1.28
 544,31.00,    4612,  0.16,  -13662, -0.95,   18274,  1.27
 545,32.00,    2908,  0.10,  -14651, -1.02,   17559,  1.22
 546,33.00,     787,  0.03,  -15509, -1.08,   16296,  1.13
 547,34.00,    -859, -0.03,  -16470, -1.14,   15611,  1.08
 548,35.00,   -2935, -0.10,  -17796, -1.23,   14861,  1.03
 549,36.00,   -4888, -0.17,  -19074, -1.32,   14186,  0.98
 550,37.00,   -7265, -0.25,  -20294, -1.41,   13029,  0.90
 551,38.00,   -9729, -0.34,  -21338, -1.48,   11609,  0.81
 552,39.00,  -11804, -0.41,  -22207, -1.54,   10403,  0.72
 553,40.00,  -13057, -0.45,  -22554, -1.56,    9497,  0.66
 554,41.00,  -15097, -0.52,  -23681, -1.64,    8584,  0.60
 555,42.00,  -17377, -0.60,  -24801, -1.72,    7424,  0.51
 556,43.00,  -19350, -0.67,  -25417, -1.76,    6067,  0.42
 557,44.00,  -21914, -0.76,  -26216, -1.82,    4302,  0.30
 558,45.00,  -24457, -0.85,  -27087, -1.88,    2630,  0.18
 559,46.00,  -26513, -0.92,  -27894, -1.93,    1381,  0.10
 560,47.00,  -28386, -0.98,  -28619, -1.99,     233,  0.02
 561,48.00,  -30119, -1.04,  -29220, -2.03,    -899, -0.06
 562,49.00,  -32014, -1.11,  -29941, -2.08,   -2073, -0.14
 563,50.00,  -33913, -1.18,  -30734, -2.13,   -3179, -0.22
 564,51.00,  -35596, -1.23,  -31475, -2.18,   -4121, -0.29
 565,52.00,  -36828, -1.28,  -31723, -2.20,   -5105, -0.35
 566,53.00,  -36918, -1.28,  -31524, -2.19,   -5394, -0.37
 567,54.00,  -36729, -1.27,  -31207, -2.16,   -5522, -0.38
 568,55.00,  -36089, -1.25,  -30494, -2.12,   -5595, -0.39
 569,56.00,  -34749, -1.21,  -28947, -2.01,   -5802, -0.40
 570,57.00,  -33651, -1.17,  -27553, -1.91,   -6098, -0.42
 571,58.00,  -32826, -1.14,  -26226, -1.82,   -6600, -0.46
 572,59.00,  -31944, -1.11,  -25006, -1.73,   -6938, -0.48
 573,60.00,  -31503, -1.09,  -24104, -1.67,   -7399, -0.51
 574,61.00,  -30849, -1.07,  -23072, -1.60,   -7777, -0.54
 575,62.00,  -29971, -1.04,  -22051, -1.53,   -7920, -0.55
 576,63.00,  -28757, -1.00,  -20533, -1.42,   -8224, -0.57
 577,64.00,  -27295, -0.95,  -18883, -1.31,   -8412, -0.58
 578,65.00,  -25065, -0.87,  -16939, -1.17,   -8126, -0.56
 579,66.00,  -22604, -0.78,  -14677, -1.02,   -7927, -0.55
 580,67.00,  -20152, -0.70,  -12285, -0.85,   -7867, -0.55
 581,68.00,  -17177, -0.60,   -9512, -0.66,   -7665, -0.53
 582,69.00,  -14295, -0.50,   -7040, -0.49,   -7255, -0.50
 583,70.00,  -11679, -0.41,   -5094, -0.35,   -6585, -0.46
 584,71.00,   -8372, -0.29,   -2807, -0.19,   -5565, -0.39
 585,72.00,   -4563, -0.16,    -159, -0.01,   -4404, -0.31
 586,73.00,     167,  0.00,    3236,  0.22,   -3069, -0.21
 587,74.00,    4856,  0.17,    6429,  0.45,   -1573, -0.11
 588,75.00,    9212,  0.32,    9666,  0.67,    -454, -0.03
 589,76.00,   13125,  0.46,   12412,  0.86,     713,  0.05
 590,77.00,   17562,  0.61,   15615,  1.08,    1947,  0.14
 591,78.00,   21856,  0.76,   18788,  1.30,    3068,  0.21
 592,79.00,   25389,  0.88,   21461,  1.49,    3928,  0.27
 593,80.00,   28425,  0.99,   23804,  1.65,    4621,  0.32
 594,81.00,   31092,  1.08,   25772,  1.79,    5320,  0.37
 595,82.00,   33725,  1.17,   27103,  1.88,    6622,  0.46
 596,83.00,   35845,  1.24,   28214,  1.96,    7631,  0.53
 597,84.00,   38034,  1.32,   29429,  2.04,    8605,  0.60
 598,85.00,   40925,  1.42,   30783,  2.14,   10142,  0.70
 599,86.00,   44017,  1.53,   32239,  2.24,   11778,  0.82
 600,87.00,   47825,  1.66,   34009,  2.36,   13816,  0.96
 601,88.00,   51013,  1.77,   35385,  2.45,   15628,  1.08
 602,89.00,   53566,  1.86,   36196,  2.51,   17370,  1.20
 603,90.00,   56131,  1.95,   36792,  2.55,   19339,  1.34
 604,91.00,   58436,  2.03,   36938,  2.56,   21498,  1.49
 605,92.00,   59806,  2.07,   36966,  2.56,   22840,  1.58
 606,93.00,   61320,  2.13,   37054,  2.57,   24266,  1.68
 607,94.00,   62812,  2.18,   37243,  2.58,   25569,  1.77
 608,95.00,   64367,  2.23,   37535,  2.60,   26832,  1.86
 609,96.00,   65429,  2.27,   37607,  2.61,   27822,  1.93
 610,97.00,   65699,  2.28,   37046,  2.57,   28653,  1.99
 611,98.00,   65428,  2.27,   36345,  2.52,   29083,  2.02
 612,99.00,   64695,  2.24,   35225,  2.44,   29470,  2.04
 613,100.00,   64108,  2.22,   34243,  2.38,   29865,  2.07
 614,101.00,   63065,  2.19,   33173,  2.30,   29892,  2.07
 615,102.00,   61539,  2.13,   31737,  2.20,   29802,  2.07
 616,103.00,   60113,  2.08,   29979,  2.08,   30134,  2.09
 617,104.00,   58979,  2.05,   28590,  1.98,   30389,  2.11
 618,105.00,   58158,  2.02,   27463,  1.90,   30695,  2.13
 619,106.00,   57055,  1.98,   26495,  1.84,   30560,  2.12
 620,107.00,   55879,  1.94,   25668,  1.78,   30211,  2.10
 621,108.00,   54430,  1.89,   24724,  1.71,   29706,  2.06
 622,109.00,   52206,  1.81,   23551,  1.63,   28655,  1.99
 623,110.00,   49704,  1.72,   22136,  1.54,   27568,  1.91
 624,111.00,   46794,  1.62,   20461,  1.42,   26333,  1.83
 625,112.00,   44113,  1.53,   18994,  1.32,   25119,  1.74
 626,113.00,   41613,  1.44,   18289,  1.27,   23324,  1.62
 627,114.00,   39048,  1.35,   17582,  1.22,   21466,  1.49
 628,115.00,   35829,  1.24,   16599,  1.15,   19230,  1.33
 629,116.00,   32474,  1.13,   15620,  1.08,   16854,  1.17
 630,117.00,   28879,  1.00,   14165,  0.98,   14714,  1.02
 631,118.00,   25178,  0.87,   12455,  0.86,   12723,  0.88
 632,119.00,   21388,  0.74,   10608,  0.74,   10780,  0.75
 633,120.00,   18067,  0.63,    8948,  0.62,    9119,  0.63
 634,121.00,   15353,  0.53,    7992,  0.55,    7361,  0.51
 635,122.00,   12215,  0.42,    6840,  0.47,    5375,  0.37
 636,123.00,    8590,  0.30,    5339,  0.37,    3251,  0.23
 637,124.00,    5662,  0.20,    4263,  0.30,    1399,  0.10
 638,125.00,    2823,  0.10,    3045,  0.21,    -222, -0.02
 639,126.00,     251,  0.00,    1810,  0.13,   -1559, -0.11
 640,127.00,   -1977, -0.07,    1013,  0.07,   -2990, -0.21
 641,128.00,   -4047, -0.14,     568,  0.04,   -4615, -0.32
 642,129.00,   -6267, -0.22,    -125, -0.00,   -6142, -0.43
 643,130.00,   -9084, -0.32,   -1195, -0.08,   -7889, -0.55
 644,131.00,  -12141, -0.42,   -2684, -0.19,   -9457, -0.66
 645,132.00,  -15256, -0.53,   -4310, -0.30,  -10946, -0.76
 646,133.00,  -18614, -0.65,   -5886, -0.41,  -12728, -0.88
 647,134.00,  -21728, -0.75,   -7296, -0.51,  -14432, -1.00
 648,135.00,  -24776, -0.86,   -8548, -0.59,  -16228, -1.13
 649,136.00,  -27292, -0.95,   -9741, -0.68,  -17551, -1.22
 650,137.00,  -28912, -1.00,  -10374, -0.72,  -18538, -1.29
 651,138.00,  -30089, -1.04,  -10819, -0.75,  -19270, -1.34
 652,139.00,  -31647, -1.10,  -11578, -0.80,  -20069, -1.39
 653,140.00,  -33425, -1.16,  -12370, -0.86,  -21055, -1.46
 654,141.00,  -35922, -1.25,  -13365, -0.93,  -22557, -1.56
 655,142.00,  -38582, -1.34,  -14460, -1.00,  -24122, -1.67
 656,143.00,  -41282, -1.43,  -15626, -1.08,  -25656, -1.78
 657,144.00,  -44573, -1.55,  -17053, -1.18,  -27520, -1.91
 658,145.00,  -48227, -1.67,  -18349, -1.27,  -29878, -2.07
 659,146.00,  -51446, -1.78,  -19494, -1.35,  -31952, -2.22
 660,147.00,  -54430, -1.89,  -20689, -1.43,  -33741, -2.34
 661,148.00,  -57333, -1.99,  -21999, -1.53,  -35334, -2.45
 662,149.00,  -60480, -2.10,  -23435, -1.63,  -37045, -2.57
 663,150.00,  -63080, -2.19,  -24654, -1.71,  -38426, -2.67
 664,151.00,  -65280, -2.26,  -25157, -1.74,  -40123, -2.78
 665,152.00,  -67271, -2.33,  -25633, -1.78,  -41638, -2.89
 666,153.00,  -68961, -2.39,  -26231, -1.82,  -42730, -2.96
 667,154.00,  -70344, -2.44,  -26819, -1.86,  -43525, -3.02
 668,155.00,  -70973, -2.46,  -27236, -1.89,  -43737, -3.03
 669,156.00,  -71376, -2.48,  -27472, -1.91,  -43904, -3.05
 670,157.00,  -72523, -2.52,  -27750, -1.92,  -44773, -3.11
 671,158.00,  -73377, -2.54,  -27899, -1.94,  -45478, -3.15
 672,159.00,  -74520, -2.58,  -28435, -1.97,  -46085, -3.20
 673,160.00,  -75839, -2.63,  -29016, -2.01,  -46823, -3.25
 674,161.00,  -77131, -2.67,  -29410, -2.04,  -47721, -3.31
 675,162.00,  -78889, -2.74,  -30311, -2.10,  -48578, -3.37
 676,163.00,  -80526, -2.79,  -31251, -2.17,  -49275, -3.42
 677,164.00,  -82555, -2.86,  -32756, -2.27,  -49799, -3.45
 678,165.00,  -84880, -2.94,  -34230, -2.37,  -50650, -3.51
 679,166.00,  -87535, -3.04,  -35795, -2.48,  -51740, -3.59
 680,167.00,  -90090, -3.12,  -37501, -2.60,  -52589, -3.65
 681,168.00,  -92188, -3.20,  -38751, -2.69,  -53437, -3.71
 682,169.00,  -94460, -3.28,  -39974, -2.77,  -54486, -3.78
 683,170.00,  -97165, -3.37,  -41372, -2.87,  -55793, -3.87
 684,171.00,  -99659, -3.46,  -42804, -2.97,  -56855, -3.94
 685,172.00, -102261, -3.55,  -44050, -3.06,  -58211, -4.04
 686,173.00, -104744, -3.63,  -44871, -3.11,  -59873, -4.15
 687,174.00, -106771, -3.70,  -45621, -3.16,  -61150, -4.24
 688,175.00, -108654, -3.77,  -46746, -3.24,  -61908, -4.29
 689,176.00, -110186, -3.82,  -47548, -3.30,  -62638, -4.34
 690,177.00, -112664, -3.91,  -48666, -3.38,  -63998, -4.44
 691,178.00, -115165, -3.99,  -49301, -3.42,  -65864, -4.57
 692,179.00, -117357, -4.07,  -49489, -3.43,  -67868, -4.71
 693,180.00, -120001, -4.16,  -50304, -3.49,  -69697, -4.83
 694,181.00, -122889, -4.26,  -50987, -3.54,  -71902, -4.99
 695,182.00, -126082, -4.37,  -51621, -3.58,  -74461, -5.16
 696,183.00, -129038, -4.48,  -52033, -3.61,  -77005, -5.34
 697,184.00, -132219, -4.59,  -52818, -3.66,  -79401, -5.51
 698,185.00, -134974, -4.68,  -53281, -3.70,  -81693, -5.67
 699,186.00, -137970, -4.78,  -53848, -3.73,  -84122, -5.83
 700,187.00, -141276, -4.90,  -55016, -3.82,  -86260, -5.98
 701,188.00, -144471, -5.01,  -56264, -3.90,  -88207, -6.12
 702,189.00, -147208, -5.11,  -57083, -3.96,  -90125, -6.25
 703,190.00, -148831, -5.16,  -57246, -3.97,  -91585, -6.35
 704,191.00, -150201, -5.21,  -57263, -3.97,  -92938, -6.45
 705,192.00, -151453, -5.25,  -57231, -3.97,  -94222, -6.54
 706,193.00, -152759, -5.30,  -57409, -3.98,  -95350, -6.61
 707,194.00, -154106, -5.34,  -57385, -3.98,  -96721, -6.71
 708,195.00, -155975, -5.41,  -57771, -4.01,  -98204, -6.81
 709,196.00, -158522, -5.50,  -58687, -4.07,  -99835, -6.92
 710,197.00, -162042, -5.62,  -60411, -4.19, -101631, -7.05
 711,198.00, -165393, -5.74,  -62116, -4.31, -103277, -7.16
 712,199.00, -168491, -5.84,  -63778, -4.42, -104713, -7.26
 713,200.00, -171175, -5.94,  -65626, -4.55, -105549, -7.32
 714,201.00, -173675, -6.02,  -67560, -4.69, -106115, -7.36
 715,202.00, -175533, -6.09,  -69080, -4.79, -106453, -7.38
 716,203.00, -176743, -6.13,  -70083, -4.86, -106660, -7.40
 717,204.00, -177812, -6.17,  -71133, -4.93, -106679, -7.40
 718,205.00, -179096, -6.21,  -72416, -5.02, -106680, -7.40
 719,206.00, -180725, -6.27,  -73943, -5.13, -106782, -7.41
 720,207.00, -181692, -6.30,  -74817, -5.19, -106875, -7.41
 721,208.00, -181770, -6.30,  -75275, -5.22, -106495, -7.39
 722,209.00, -181652, -6.30,  -75872, -5.26, -105780, -7.34
 723,210.00, -181730, -6.30,  -76714, -5.32, -105016, -7.28
 724,211.00, -181898, -6.31,  -77544, -5.38, -104354, -7.24
 725,212.00, -182635, -6.33,  -78659, -5.46, -103976, -7.21
 726,213.00, -183571, -6.37,  -80035, -5.55, -103536, -7.18
 727,214.00, -184401, -6.40,  -81640, -5.66, -102761, -7.13
 728,215.00, -184921, -6.41,  -83148, -5.77, -101773, -7.06
 729,216.00, -185470, -6.43,  -84523, -5.86, -100947, -7.00
 730,217.00, -185428, -6.43,  -85647, -5.94,  -99781, -6.92
 731,218.00, -185508, -6.43,  -86743, -6.02,  -98765, -6.85
 732,219.00, -185647, -6.44,  -88201, -6.12,  -97446, -6.76
 733,220.00, -185197, -6.42,  -89054, -6.18,  -96143, -6.67
 734,221.00, -184577, -6.40,  -89684, -6.22,  -94893, -6.58
 735,222.00, -183828, -6.38,  -90297, -6.26,  -93531, -6.49
 736,223.00, -182271, -6.32,  -90364, -6.27,  -91907, -6.37
 737,224.00, -180226, -6.25,  -89643, -6.22,  -90583, -6.28
 738,225.00, -178083, -6.18,  -89099, -6.18,  -88984, -6.17
 739,226.00, -176243, -6.11,  -88707, -6.15,  -87536, -6.07
 740,227.00, -174639, -6.06,  -88060, -6.11,  -86579, -6.01
 741,228.00, -173264, -6.01,  -87402, -6.06,  -85862, -5.96
 742,229.00, -171756, -5.96,  -86526, -6.00,  -85230, -5.91
 743,230.00, -169811, -5.89,  -85846, -5.95,  -83965, -5.82
 744,231.00, -168531, -5.84,  -85849, -5.95,  -82682, -5.73
 745,232.00, -167545, -5.81,  -86274, -5.98,  -81271, -5.64
 746,233.00, -165835, -5.75,  -85908, -5.96,  -79927, -5.54
 747,234.00, -163860, -5.68,  -85115, -5.90,  -78745, -5.46
 748,235.00, -161029, -5.58,  -84183, -5.84,  -76846, -5.33
 749,236.00, -157863, -5.47,  -83579, -5.80,  -74284, -5.15
 750,237.00, -154941, -5.37,  -82944, -5.75,  -71997, -4.99
 751,238.00, -152581, -5.29,  -82695, -5.74,  -69886, -4.85
 752,239.00, -150162, -5.21,  -82285, -5.71,  -67877, -4.71
 753,240.00, -146994, -5.10,  -81474, -5.65,  -65520, -4.54
 754,241.00, -143784, -4.99,  -80574, -5.59,  -63210, -4.38
 755,242.00, -140663, -4.88,  -79645, -5.52,  -61018, -4.23
 756,243.00, -137624, -4.77,  -78448, -5.44,  -59176, -4.10
 757,244.00, -134480, -4.66,  -76874, -5.33,  -57606, -4.00
 758,245.00, -130325, -4.52,  -74471, -5.17,  -55854, -3.87
 759,246.00, -126776, -4.40,  -72235, -5.01,  -54541, -3.78
 760,247.00, -123811, -4.29,  -70375, -4.88,  -53436, -3.71
 761,248.00, -121454, -4.21,  -68518, -4.75,  -52936, -3.67
 762,249.00, -119170, -4.13,  -66862, -4.64,  -52308, -3.63
 763,250.00, -116502, -4.04,  -64679, -4.49,  -51823, -3.59
 764,251.00, -114366, -3.97,  -62955, -4.37,  -51411, -3.57
 765,252.00, -112759, -3.91,  -61794, -4.29,  -50965, -3.53
 766,253.00, -111463, -3.87,  -60692, -4.21,  -50771, -3.52
 767,254.00, -110493, -3.83,  -59587, -4.13,  -50906, -3.53
 768,255.00, -109469, -3.80,  -58893, -4.08,  -50576, -3.51
 769,256.00, -108163, -3.75,  -58033, -4.03,  -50130, -3.48
 770,257.00, -107134, -3.72,  -56958, -3.95,  -50176, -3.48
 771,258.00, -105905, -3.67,  -55435, -3.84,  -50470, -3.50
 772,259.00, -104966, -3.64,  -54419, -3.77,  -50547, -3.51
 773,260.00, -104077, -3.61,  -53384, -3.70,  -50693, -3.52
 774,261.00, -103504, -3.59,  -52362, -3.63,  -51142, -3.55
 775,262.00, -102462, -3.55,  -51069, -3.54,  -51393, -3.56
 776,263.00, -101691, -3.53,  -49699, -3.45,  -51992, -3.61
 777,264.00, -100577, -3.49,  -48460, -3.36,  -52117, -3.61
 778,265.00,  -98984, -3.43,  -47109, -3.27,  -51875, -3.60
 779,266.00,  -97845, -3.39,  -46063, -3.19,  -51782, -3.59
 780,267.00,  -96490, -3.35,  -44932, -3.12,  -51558, -3.58
 781,268.00,  -94493, -3.28,  -43125, -2.99,  -51368, -3.56
 782,269.00,  -91661, -3.18,  -40893, -2.84,  -50768, -3.52
 783,270.00,  -87943, -3.05,  -38099, -2.64,  -49844, -3.46
 784,271.00,  -84074, -2.92,  -35141, -2.44,  -48933, -3.39
 785,272.00,  -79914, -2.77,  -32107, -2.23,  -47807, -3.32
 786,273.00,  -75045, -2.60,  -28759, -1.99,  -46286, -3.21
 787,274.00,  -70259, -2.44,  -25296, -1.75,  -44963, -3.12
 788,275.00,  -65781, -2.28,  -21864, -1.52,  -43917, -3.05
 789,276.00,  -62055, -2.15,  -18752, -1.30,  -43303, -3.00
 790,277.00,  -58101, -2.01,  -15710, -1.09,  -42391, -2.94
 791,278.00,  -53900, -1.87,  -12625, -0.88,  -41275, -2.86
 792,279.00,  -50634, -1.76,  -10201, -0.71,  -40433, -2.80
 793,280.00,  -47920, -1.66,   -8234, -0.57,  -39686, -2.75
 794,281.00,  -45622, -1.58,   -6576, -0.46,  -39046, -2.71
 795,282.00,  -43368, -1.50,   -5063, -0.35,  -38305, -2.66
 796,283.00,  -40479, -1.40,   -3109, -0.22,  -37370, -2.59
 797,284.00,  -37501, -1.30,   -1065, -0.07,  -36436, -2.53
 798,285.00,  -35226, -1.22,     343,  0.02,  -35569, -2.47
 799,286.00,  -32465, -1.13,    1775,  0.12,  -34240, -2.37
 800,287.00,  -30001, -1.04,    3162,  0.22,  -33163, -2.30
 801,288.00,  -27849, -0.97,    4165,  0.29,  -32014, -2.22
 802,289.00,  -25683, -0.89,    5379,  0.37,  -31062, -2.15
 803,290.00,  -23050, -0.80,    6741,  0.47,  -29791, -2.07
 804,291.00,  -20003, -0.69,    8027,  0.56,  -28030, -1.94
 805,292.00,  -17005, -0.59,    9321,  0.65,  -26326, -1.83
 806,293.00,  -14526, -0.50,   10399,  0.72,  -24925, -1.73
 807,294.00,  -12380, -0.43,   11590,  0.80,  -23970, -1.66
 808,295.00,  -11020, -0.38,   12571,  0.87,  -23591, -1.64
 809,296.00,  -10489, -0.36,   13204,  0.92,  -23693, -1.64
 810,297.00,  -10074, -0.35,   13579,  0.94,  -23653, -1.64
 811,298.00,   -9660, -0.34,   13805,  0.96,  -23465, -1.63
 812,299.00,   -9514, -0.33,   13881,  0.96,  -23395, -1.62
 813,300.00,   -9090, -0.32,   14085,  0.98,  -23175, -1.61
 814,301.00,   -8405, -0.29,   14437,  1.00,  -22842, -1.58
 815,302.00,   -7738, -0.27,   14692,  1.02,  -22430, -1.56
 816,303.00,   -6977, -0.24,   14919,  1.03,  -21896, -1.52
 817,304.00,   -6229, -0.22,   14848,  1.03,  -21077, -1.46
 818,305.00,   -6031, -0.21,   14108,  0.98,  -20139, -1.40
 819,306.00,   -5413, -0.19,   13744,  0.95,  -19157, -1.33
 820,307.00,   -4051, -0.14,   13603,  0.94,  -17654, -1.22
 821,308.00,   -2694, -0.09,   13419,  0.93,  -16113, -1.12
 822,309.00,   -2037, -0.07,   12816,  0.89,  -14853, -1.03
 823,310.00,   -1453, -0.05,   12261,  0.85,  -13714, -0.95
 824,311.00,    -890, -0.03,   11848,  0.82,  -12738, -0.88
 825,312.00,    -486, -0.02,   11449,  0.79,  -11935, -0.83
 826,313.00,    -327, -0.01,   11182,  0.78,  -11509, -0.80
 827,314.00,    -605, -0.02,   10415,  0.72,  -11020, -0.76
 828,315.00,    -813, -0.03,    9462,  0.66,  -10275, -0.71
 829,316.00,    -887, -0.03,    8413,  0.58,   -9300, -0.65
 830,317.00,   -1546, -0.05,    7200,  0.50,   -8746, -0.61
 831,318.00,   -2227, -0.08,    5882,  0.41,   -8109, -0.56
 832,319.00,   -3348, -0.12,    4257,  0.30,   -7605, -0.53
 833,320.00,   -4339, -0.15,    2650,  0.18,   -6989, -0.48
 834,321.00,   -5531, -0.19,     989,  0.07,   -6520, -0.45
 835,322.00,   -6798, -0.24,    -892, -0.06,   -5906, -0.41
 836,323.00,   -7921, -0.27,   -2500, -0.17,   -5421, -0.38
 837,324.00,   -9432, -0.33,   -3939, -0.27,   -5493, -0.38
 838,325.00,  -10620, -0.37,   -5166, -0.36,   -5454, -0.38
 839,326.00,  -12003, -0.42,   -6884, -0.48,   -5119, -0.36
 840,327.00,  -12985, -0.45,   -8047, -0.56,   -4938, -0.34
 841,328.00,  -14454, -0.50,   -9254, -0.64,   -5200, -0.36
 842,329.00,  -16700, -0.58,  -10836, -0.75,   -5864, -0.41
 843,330.00,  -18838, -0.65,  -12416, -0.86,   -6422, -0.45
 844,331.00,  -21333, -0.74,  -14302, -0.99,   -7031, -0.49
 845,332.00,  -23792, -0.83,  -15999, -1.11,   -7793, -0.54
 846,333.00,  -26526, -0.92,  -18000, -1.25,   -8526, -0.59
 847,334.00,  -28828, -1.00,  -19524, -1.35,   -9304, -0.65
 848,335.00,  -30920, -1.07,  -20878, -1.45,  -10042, -0.70
 849,336.00,  -32257, -1.12,  -21872, -1.52,  -10385, -0.72
 850,337.00,  -33325, -1.16,  -22665, -1.57,  -10660, -0.74
 851,338.00,  -33936, -1.18,  -23169, -1.61,  -10767, -0.75
 852,339.00,  -34076, -1.18,  -23596, -1.64,  -10480, -0.73
 853,340.00,  -34166, -1.18,  -24036, -1.67,  -10130, -0.70
 854,341.00,  -33540, -1.16,  -24229, -1.68,   -9311, -0.65
 855,342.00,  -33217, -1.15,  -24324, -1.69,   -8893, -0.62
 856,343.00,  -33196, -1.15,  -24830, -1.72,   -8366, -0.58
 857,344.00,  -32413, -1.12,  -24892, -1.73,   -7521, -0.52
 858,345.00,  -31512, -1.09,  -24513, -1.70,   -6999, -0.49
 859,346.00,  -31212, -1.08,  -24878, -1.73,   -6334, -0.44
 860,347.00,  -31220, -1.08,  -25481, -1.77,   -5739, -0.40
 861,348.00,  -31442, -1.09,  -26384, -1.83,   -5058, -0.35
 862,349.00,  -31424, -1.09,  -27241, -1.89,   -4183, -0.29
 863,350.00,  -31456, -1.09,  -28084, -1.95,   -3372, -0.23
 864,351.00,  -31533, -1.09,  -28864, -2.00,   -2669, -0.19
 865,352.00,  -30938, -1.07,  -29361, -2.04,   -1577, -0.11
 866,353.00,  -30042, -1.04,  -29748, -2.06,    -294, -0.02
 867,354.00,  -28614, -0.99,  -30036, -2.08,    1422,  0.10
 868,355.00,  -26897, -0.93,  -30142, -2.09,    3245,  0.23
 869,356.00,  -24785, -0.86,  -29957, -2.08,    5172,  0.36
 870,357.00,  -22538, -0.78,  -29298, -2.03,    6760,  0.47
 871,358.00,  -20179, -0.70,  -28736, -1.99,    8557,  0.59
 872,359.00,  -18117, -0.63,  -28345, -1.97,   10228,  0.71
 873,360.00,  -15983, -0.55,  -27870, -1.93,   11887,  0.82
 874,361.00,  -13641, -0.47,  -26859, -1.86,   13218,  0.92
 875,362.00,  -11140, -0.39,  -25546, -1.77,   14406,  1.00
 876,363.00,   -8828, -0.31,  -24121, -1.67,   15293,  1.06
 877,364.00,   -5719, -0.20,  -22244, -1.54,   16525,  1.15
 878,365.00,   -3401, -0.12,  -21106, -1.46,   17705,  1.23
 879,366.00,   -1268, -0.04,  -19981, -1.39,   18713,  1.30
 880,367.00,     801,  0.03,  -18535, -1.29,   19336,  1.34
 881,368.00,    3073,  0.11,  -16848, -1.17,   19921,  1.38
 882,369.00,    5536,  0.19,  -14993, -1.04,   20529,  1.42
 883,370.00,    8119,  0.28,  -13445, -0.93,   21564,  1.50
 884,371.00,   10906,  0.38,  -11604, -0.80,   22510,  1.56
 885,372.00,   13794,  0.48,   -9451, -0.66,   23245,  1.61
 886,373.00,   16335,  0.57,   -7543, -0.52,   23878,  1.66
 887,374.00,   18863,  0.65,   -5300, -0.37,   24163,  1.68
 888,375.00,   21416,  0.74,   -3089, -0.21,   24505,  1.70
 889,376.00,   23235,  0.81,   -1018, -0.07,   24253,  1.68
 890,377.00,   24836,  0.86,     896,  0.06,   23940,  1.66
 891,378.00,   26348,  0.91,    2636,  0.18,   23712,  1.64
 892,379.00,   27180,  0.94,    3984,  0.28,   23196,  1.61
 893,380.00,   28139,  0.98,    5639,  0.39,   22500,  1.56
 894,381.00,   28926,  1.00,    7104,  0.49,   21822,  1.51
 895,382.00,   29237,  1.01,    8387,  0.58,   20850,  1.45
 896,383.00,   29756,  1.03,    9769,  0.68,   19987,  1.39
 897,384.00,   30335,  1.05,   11037,  0.77,   19298,  1.34
 898,385.00,   30886,  1.07,   12127,  0.84,   18759,  1.30
 899,386.00,   31395,  1.09,   13217,  0.92,   18178,  1.26
 900,387.00,   31992,  1.11,   14009,  0.97,   17983,  1.25
 901,388.00,   32348,  1.12,   14467,  1.00,   17881,  1.24
 902,389.00,   33779,  1.17,   15706,  1.09,   18073,  1.25
 903,390.00,   36389,  1.26,   17916,  1.24,   18473,  1.28
 904,391.00,   39551,  1.37,   20342,  1.41,   19209,  1.33
 905,392.00,   42314,  1.47,   22266,  1.54,   20048,  1.39
 906,393.00,   44024,  1.53,   23803,  1.65,   20221,  1.40
 907,394.00,   45529,  1.58,   25085,  1.74,   20444,  1.42
 908,395.00,   47087,  1.63,   26475,  1.84,   20612,  1.43
 909,396.00,   48553,  1.68,   27784,  1.93,   20769,  1.44
 910,397.00,   50254,  1.74,   29353,  2.04,   20901,  1.45
 911,398.00,   51676,  1.79,   30384,  2.11,   21292,  1.48
 912,399.00,   52875,  1.83,   31216,  2.17,   21659,  1.50
 913,400.00,   53895,  1.87,   31901,  2.21,   21994,  1.53
 914,401.00,   55036,  1.91,   32606,  2.26,   22430,  1.56
 915,402.00,   56061,  1.94,   32963,  2.29,   23098,  1.60
 916,403.00,   57376,  1.99,   33263,  2.31,   24113,  1.67
 917,404.00,   58536,  2.03,   33445,  2.32,   25091,  1.74
 918,405.00,   59399,  2.06,   33144,  2.30,   26255,  1.82
 919,406.00,   60066,  2.08,   32846,  2.28,   27220,  1.89
 920,407.00,   60800,  2.11,   32495,  2.25,   28305,  1.96
 921,408.00,   61424,  2.13,   32088,  2.23,   29336,  2.03
 922,409.00,   61325,  2.13,   31476,  2.18,   29849,  2.07
 923,410.00,   60679,  2.10,   30308,  2.10,   30371,  2.11
 924,411.00,   60159,  2.09,   29047,  2.01,   31112,  2.16
 925,412.00,   59929,  2.08,   27936,  1.94,   31993,  2.22
 926,413.00,   59001,  2.05,   26390,  1.83,   32611,  2.26
 927,414.00,   57701,  2.00,   24745,  1.72,   32956,  2.29
 928,415.00,   56255,  1.95,   23227,  1.61,   33028,  2.29
 929,416.00,   54569,  1.89,   21785,  1.51,   32784,  2.27
 930,417.00,   52230,  1.81,   19987,  1.39,   32243,  2.24
 931,418.00,   49837,  1.73,   18231,  1.26,   31606,  2.19
 932,419.00,   47812,  1.66,   16553,  1.15,   31259,  2.17
 933,420.00,   45812,  1.59,   14725,  1.02,   31087,  2.16
 934,421.00,   44360,  1.54,   13263,  0.92,   31097,  2.16
 935,422.00,   42738,  1.48,   12021,  0.83,   30717,  2.13
 936,423.00,   40916,  1.42,   11015,  0.76,   29901,  2.07
 937,424.00,   39182,  1.36,   10051,  0.70,   29131,  2.02
 938,425.00,   38073,  1.32,    9481,  0.66,   28592,  1.98
 939,426.00,   37107,  1.29,    8812,  0.61,   28295,  1.96
 940,427.00,   35804,  1.24,    8022,  0.56,   27782,  1.93
 941,428.00,   33631,  1.17,    7273,  0.50,   26358,  1.83
 942,429.00,   31450,  1.09,    6513,  0.45,   24937,  1.73
 943,430.00,   29252,  1.01,    5763,  0.40,   23489,  1.63
 944,431.00,   26637,  0.92,    5003,  0.35,   21634,  1.50
 945,432.00,   23762,  0.82,    4221,  0.29,   19541,  1.36
 946,433.00,   20840,  0.72,    3194,  0.22,   17646,  1.22
 947,434.00,   18754,  0.65,    2643,  0.18,   16111,  1.12
 948,435.00,   17124,  0.59,    2467,  0.17,   14657,  1.02
 949,436.00,   15225,  0.53,    1813,  0.13,   13412,  0.93
 950,437.00,   13494,  0.47,    1187,  0.08,   12307,  0.85
 951,438.00,   12784,  0.44,     823,  0.06,   11961,  0.83
 952,439.00,   12477,  0.43,     917,  0.06,   11560,  0.80
 953,440.00,   12441,  0.43,    1734,  0.12,   10707,  0.74
 954,441.00,   12335,  0.43,    2203,  0.15,   10132,  0.70
 955,442.00,   12600,  0.44,    2569,  0.18,   10031,  0.70
 956,443.00,   12934,  0.45,    2885,  0.20,   10049,  0.70
 957,444.00,   13196,  0.46,    3033,  0.21,   10163,  0.70
 958,445.00,   12919,  0.45,    3030,  0.21,    9889,  0.69
 959,446.00,   12592,  0.44,    2836,  0.20,    9756,  0.68
 960,447.00,   11912,  0.41,    1994,  0.14,    9918,  0.69
 961,448.00,   10297,  0.36,     580,  0.04,    9717,  0.67
 962,449.00,    7843,  0.27,   -1121, -0.08,    8964,  0.62
 963,450.00,    5237,  0.18,   -2606, -0.18,    7843,  0.54
 964,451.00,    2455,  0.09,   -4015, -0.28,    6470,  0.45
 965,452.00,    -419, -0.01,   -5333, -0.37,    4914,  0.34
 966,453.00,   -3733, -0.13,   -6944, -0.48,    3211,  0.22
 967,454.00,   -6719, -0.23,   -8713, -0.60,    1994,  0.14
 968,455.00,   -9388, -0.33,  -10534, -0.73,    1146,  0.08
 969,456.00,  -11268, -0.39,  -11618, -0.81,     350,  0.02
 970,457.00,  -13065, -0.45,  -12531, -0.87,    -534, -0.04
 971,458.00,  -14280, -0.50,  -13022, -0.90,   -1258, -0.09
 972,459.00,  -15474, -0.54,  -13570, -0.94,   -1904, -0.13
 973,460.00,  -16499, -0.57,  -13894, -0.96,   -2605, -0.18
 974,461.00,  -18193, -0.63,  -14274, -0.99,   -3919, -0.27
 975,462.00,  -20064, -0.70,  -14923, -1.04,   -5141, -0.36
 976,463.00,  -21796, -0.76,  -15770, -1.09,   -6026, -0.42
 977,464.00,  -23063, -0.80,  -16312, -1.13,   -6751, -0.47
 978,465.00,  -24299, -0.84,  -16832, -1.17,   -7467, -0.52
 979,466.00,  -25529, -0.89,  -17604, -1.22,   -7925, -0.55
 980,467.00,  -26587, -0.92,  -18140, -1.26,   -8447, -0.59
 981,468.00,  -27648, -0.96,  -18590, -1.29,   -9058, -0.63
 982,469.00,  -28242, -0.98,  -18682, -1.30,   -9560, -0.66
 983,470.00,  -27688, -0.96,  -18375, -1.27,   -9313, -0.65
 984,471.00,  -27241, -0.94,  -18092, -1.25,   -9149, -0.63
 985,472.00,  -26612, -0.92,  -17769, -1.23,   -8843, -0.61
 986,473.00,  -25682, -0.89,  -17350, -1.20,   -8332, -0.58
 987,474.00,  -24471, -0.85,  -16677, -1.16,   -7794, -0.54
 988,475.00,  -23155, -0.80,  -16007, -1.11,   -7148, -0.50
 989,476.00,  -22777, -0.79,  -15616, -1.08,   -7161, -0.50
 990,477.00,  -21718, -0.75,  -14413, -1.00,   -7305, -0.51
 991,478.00,  -21006, -0.73,  -13074, -0.91,   -7932, -0.55
 992,479.00,  -19868, -0.69,  -11555, -0.80,   -8313, -0.58
 993,480.00,  -18461, -0.64,   -9683, -0.67,   -8778, -0.61
 994,481.00,  -17299, -0.60,   -7993, -0.55,   -9306, -0.65
 995,482.00,  -16261, -0.56,   -6477, -0.45,   -9784, -0.68
 996,483.00,  -15147, -0.53,   -4931, -0.34,  -10216, -0.71
 997,484.00,  -13947, -0.48,   -3109, -0.22,  -10838, -0.75
 998,485.00,  -13414, -0.47,   -1507, -0.10,  -11907, -0.83
 999,486.00,  -13172, -0.46,    -118, -0.00,  -13054, -0.91
1000,487.00,  -12326, -0.43,    1219,  0.08,  -13545, -0.94
1001,488.00,  -11050, -0.38,    2892,  0.20,  -13942, -0.97
1002,489.00,   -9731, -0.34,    4878,  0.34,  -14609, -1.01
1003,490.00,   -7961, -0.28,    6873,  0.48,  -14834, -1.03
1004,491.00,   -6182, -0.21,    8984,  0.62,  -15166, -1.05
1005,492.00,   -4743, -0.16,   10632,  0.74,  -15375, -1.07
1006,493.00,   -2821, -0.10,   12020,  0.83,  -14841, -1.03
1007,494.00,   -1074, -0.04,   13516,  0.94,  -14590, -1.01
1008,495.00,     592,  0.02,   15144,  1.05,  -14552, -1.01
1009,496.00,    1622,  0.06,   16261,  1.13,  -14639, -1.02
1010,497.00,    2171,  0.08,   17239,  1.20,  -15068, -1.05
1011,498.00,    2262,  0.08,   17709,  1.23,  -15447, -1.07
1012,499.00,    2800,  0.10,   17995,  1.25,  -15195, -1.05
1013,500.00,    3418,  0.12,   18216,  1.26,  -14798, -1.03
1014,501.00,    4317,  0.15,   18529,  1.29,  -14212, -0.99
1015,502.00,    5256,  0.18,   19092,  1.32,  -13836, -0.96
1016,503.00,    6680,  0.23,   19559,  1.36,  -12879, -0.89
1017,504.00,    7816,  0.27,   19700,  1.37,  -11884, -0.82
1018,505.00,    9276,  0.32,   19984,  1.39,  -10708, -0.74
1019,506.00,   11001,  0.38,   20523,  1.42,   -9522, -0.66
1020,507.00,   12910,  0.45,   21457,  1.49,   -8547, -0.59
1021,508.00,   15198,  0.53,   22741,  1.58,   -7543, -0.52
1022,509.00,   17551,  0.61,   23865,  1.66,   -6314, -0.44
1023,510.00,   19064,  0.66,   24279,  1.68,   -5215, -0.36
1024,511.00,   20446,  0.71,   24699,  1.71,   -4253, -0.29
