-----------------------------------------------------------------------------------
Identifier:,IHS5922-2017C101
File Name:,CGRP70A.5
Ear:,R
Channel:,1
Intensity:,70 dB HL
Stim. Rate:,  1.10/s
Stim. Mode:,0
Sweeps:,184
Artifacts:,62
Smp. Period:,1000.00 us
Amp. Gain:, 50.00 K
Low Pass:, 30.00 Hz
High Pass:,  1.00 Hz
Notch Filter:,TRUE
Stimulus:,100
Stim. Freq.:,1000 Hz
Stim. Dur.:,2000 pnts
Masking:,0 dB SPL
Stim. Point:,513
-----------------------------------------------------------------------------------
Peak Information:,Label,Peak(+),Peak(+)(ms),Peak(-),Peak(-)(ms)
,20, 718,205.00, 843,330.00,
,19, 649,136.00, 718,205.00,
,18, 616,103.00, 648,135.00,
,17, 596,83.00, 616,103.00,
-----------------------------------------------------------------------------------


Data Pnt:,Data Pnt(ms):,Average:,Average(uV):,Buffer1:,Buffer1(uV):,Buffer2:,Buffer2(uV):
   1,-512.00,       0,  0.00,       0,  0.00,       0,  0.00
   2,-511.00,       0,  0.00,       0,  0.00,       0,  0.00
   3,-510.00,       0,  0.00,       0,  0.00,       0,  0.00
   4,-509.00,       0,  0.00,       0,  0.00,       0,  0.00
   5,-508.00,       0,  0.00,       0,  0.00,       0,  0.00
   6,-507.00,       0,  0.00,       0,  0.00,       0,  0.00
   7,-506.00,       0,  0.00,       0,  0.00,       0,  0.00
   8,-505.00,       0,  0.00,       0,  0.00,       0,  0.00
   9,-504.00,       0,  0.00,       0,  0.00,       0,  0.00
  10,-503.00,       0,  0.00,       0,  0.00,       0,  0.00
  11,-502.00,       0,  0.00,       0,  0.00,       0,  0.00
  12,-501.00,       0,  0.00,       0,  0.00,       0,  0.00
  13,-500.00,       0,  0.00,       0,  0.00,       0,  0.00
  14,-499.00,       0,  0.00,       0,  0.00,       0,  0.00
  15,-498.00,       0,  0.00,       0,  0.00,       0,  0.00
  16,-497.00,       0,  0.00,       0,  0.00,       0,  0.00
  17,-496.00,       0,  0.00,       0,  0.00,       0,  0.00
  18,-495.00,       0,  0.00,       0,  0.00,       0,  0.00
  19,-494.00,       0,  0.00,       0,  0.00,       0,  0.00
  20,-493.00,       0,  0.00,       0,  0.00,       0,  0.00
  21,-492.00,       0,  0.00,       0,  0.00,       0,  0.00
  22,-491.00,       0,  0.00,       0,  0.00,       0,  0.00
  23,-490.00,       0,  0.00,       0,  0.00,       0,  0.00
  24,-489.00,       0,  0.00,       0,  0.00,       0,  0.00
  25,-488.00,       0,  0.00,       0,  0.00,       0,  0.00
  26,-487.00,       0,  0.00,       0,  0.00,       0,  0.00
  27,-486.00,       0,  0.00,       0,  0.00,       0,  0.00
  28,-485.00,       0,  0.00,       0,  0.00,       0,  0.00
  29,-484.00,       0,  0.00,       0,  0.00,       0,  0.00
  30,-483.00,       0,  0.00,       0,  0.00,       0,  0.00
  31,-482.00,       0,  0.00,       0,  0.00,       0,  0.00
  32,-481.00,       0,  0.00,       0,  0.00,       0,  0.00
  33,-480.00,       0,  0.00,       0,  0.00,       0,  0.00
  34,-479.00,       0,  0.00,       0,  0.00,       0,  0.00
  35,-478.00,       0,  0.00,       0,  0.00,       0,  0.00
  36,-477.00,       0,  0.00,       0,  0.00,       0,  0.00
  37,-476.00,       0,  0.00,       0,  0.00,       0,  0.00
  38,-475.00,       0,  0.00,       0,  0.00,       0,  0.00
  39,-474.00,       0,  0.00,       0,  0.00,       0,  0.00
  40,-473.00,       0,  0.00,       0,  0.00,       0,  0.00
  41,-472.00,       0,  0.00,       0,  0.00,       0,  0.00
  42,-471.00,       0,  0.00,       0,  0.00,       0,  0.00
  43,-470.00,       0,  0.00,       0,  0.00,       0,  0.00
  44,-469.00,       0,  0.00,       0,  0.00,       0,  0.00
  45,-468.00,       0,  0.00,       0,  0.00,       0,  0.00
  46,-467.00,       0,  0.00,       0,  0.00,       0,  0.00
  47,-466.00,       0,  0.00,       0,  0.00,       0,  0.00
  48,-465.00,       0,  0.00,       0,  0.00,       0,  0.00
  49,-464.00,       0,  0.00,       0,  0.00,       0,  0.00
  50,-463.00,       0,  0.00,       0,  0.00,       0,  0.00
  51,-462.00,       0,  0.00,       0,  0.00,       0,  0.00
  52,-461.00,       0,  0.00,       0,  0.00,       0,  0.00
  53,-460.00,       0,  0.00,       0,  0.00,       0,  0.00
  54,-459.00,       0,  0.00,       0,  0.00,       0,  0.00
  55,-458.00,       0,  0.00,       0,  0.00,       0,  0.00
  56,-457.00,       0,  0.00,       0,  0.00,       0,  0.00
  57,-456.00,       0,  0.00,       0,  0.00,       0,  0.00
  58,-455.00,       0,  0.00,       0,  0.00,       0,  0.00
  59,-454.00,       0,  0.00,       0,  0.00,       0,  0.00
  60,-453.00,       0,  0.00,       0,  0.00,       0,  0.00
  61,-452.00,       0,  0.00,       0,  0.00,       0,  0.00
  62,-451.00,       0,  0.00,       0,  0.00,       0,  0.00
  63,-450.00,       0,  0.00,       0,  0.00,       0,  0.00
  64,-449.00,       0,  0.00,       0,  0.00,       0,  0.00
  65,-448.00,       0,  0.00,       0,  0.00,       0,  0.00
  66,-447.00,       0,  0.00,       0,  0.00,       0,  0.00
  67,-446.00,       0,  0.00,       0,  0.00,       0,  0.00
  68,-445.00,       0,  0.00,       0,  0.00,       0,  0.00
  69,-444.00,       0,  0.00,       0,  0.00,       0,  0.00
  70,-443.00,       0,  0.00,       0,  0.00,       0,  0.00
  71,-442.00,       0,  0.00,       0,  0.00,       0,  0.00
  72,-441.00,       0,  0.00,       0,  0.00,       0,  0.00
  73,-440.00,       0,  0.00,       0,  0.00,       0,  0.00
  74,-439.00,       0,  0.00,       0,  0.00,       0,  0.00
  75,-438.00,       0,  0.00,       0,  0.00,       0,  0.00
  76,-437.00,       0,  0.00,       0,  0.00,       0,  0.00
  77,-436.00,       0,  0.00,       0,  0.00,       0,  0.00
  78,-435.00,       0,  0.00,       0,  0.00,       0,  0.00
  79,-434.00,       0,  0.00,       0,  0.00,       0,  0.00
  80,-433.00,       0,  0.00,       0,  0.00,       0,  0.00
  81,-432.00,       0,  0.00,       0,  0.00,       0,  0.00
  82,-431.00,       0,  0.00,       0,  0.00,       0,  0.00
  83,-430.00,       0,  0.00,       0,  0.00,       0,  0.00
  84,-429.00,       0,  0.00,       0,  0.00,       0,  0.00
  85,-428.00,       0,  0.00,       0,  0.00,       0,  0.00
  86,-427.00,       0,  0.00,       0,  0.00,       0,  0.00
  87,-426.00,       0,  0.00,       0,  0.00,       0,  0.00
  88,-425.00,       0,  0.00,       0,  0.00,       0,  0.00
  89,-424.00,       0,  0.00,       0,  0.00,       0,  0.00
  90,-423.00,       0,  0.00,       0,  0.00,       0,  0.00
  91,-422.00,       0,  0.00,       0,  0.00,       0,  0.00
  92,-421.00,       0,  0.00,       0,  0.00,       0,  0.00
  93,-420.00,       0,  0.00,       0,  0.00,       0,  0.00
  94,-419.00,       0,  0.00,       0,  0.00,       0,  0.00
  95,-418.00,       0,  0.00,       0,  0.00,       0,  0.00
  96,-417.00,       0,  0.00,       0,  0.00,       0,  0.00
  97,-416.00,       0,  0.00,       0,  0.00,       0,  0.00
  98,-415.00,       0,  0.00,       0,  0.00,       0,  0.00
  99,-414.00,       0,  0.00,       0,  0.00,       0,  0.00
 100,-413.00,       0,  0.00,       0,  0.00,       0,  0.00
 101,-412.00,       0,  0.00,       0,  0.00,       0,  0.00
 102,-411.00,       0,  0.00,       0,  0.00,       0,  0.00
 103,-410.00,       0,  0.00,       0,  0.00,       0,  0.00
 104,-409.00,       0,  0.00,       0,  0.00,       0,  0.00
 105,-408.00,       0,  0.00,       0,  0.00,       0,  0.00
 106,-407.00,       0,  0.00,       0,  0.00,       0,  0.00
 107,-406.00,       0,  0.00,       0,  0.00,       0,  0.00
 108,-405.00,       0,  0.00,       0,  0.00,       0,  0.00
 109,-404.00,       0,  0.00,       0,  0.00,       0,  0.00
 110,-403.00,       0,  0.00,       0,  0.00,       0,  0.00
 111,-402.00,       0,  0.00,       0,  0.00,       0,  0.00
 112,-401.00,       0,  0.00,       0,  0.00,       0,  0.00
 113,-400.00,       0,  0.00,       0,  0.00,       0,  0.00
 114,-399.00,       0,  0.00,       0,  0.00,       0,  0.00
 115,-398.00,       0,  0.00,       0,  0.00,       0,  0.00
 116,-397.00,  146020,  4.84,   67390,  4.47,   78630,  5.22
 117,-396.00,  145910,  4.84,   66713,  4.43,   79197,  5.25
 118,-395.00,  145773,  4.84,   66228,  4.39,   79545,  5.28
 119,-394.00,  145304,  4.82,   65120,  4.32,   80184,  5.32
 120,-393.00,  144489,  4.79,   63942,  4.24,   80547,  5.34
 121,-392.00,  143560,  4.76,   63445,  4.21,   80115,  5.32
 122,-391.00,  143182,  4.75,   63841,  4.24,   79341,  5.26
 123,-390.00,  142494,  4.73,   63715,  4.23,   78779,  5.23
 124,-389.00,  141404,  4.69,   63013,  4.18,   78391,  5.20
 125,-388.00,  139838,  4.64,   62166,  4.12,   77672,  5.15
 126,-387.00,  137962,  4.58,   61320,  4.07,   76642,  5.08
 127,-386.00,  136898,  4.54,   61053,  4.05,   75845,  5.03
 128,-385.00,  136527,  4.53,   61114,  4.05,   75413,  5.00
 129,-384.00,  136092,  4.51,   60897,  4.04,   75195,  4.99
 130,-383.00,  135079,  4.48,   60653,  4.02,   74426,  4.94
 131,-382.00,  133906,  4.44,   60345,  4.00,   73561,  4.88
 132,-381.00,  132756,  4.40,   60372,  4.01,   72384,  4.80
 133,-380.00,  132294,  4.39,   60936,  4.04,   71358,  4.73
 134,-379.00,  131347,  4.36,   61962,  4.11,   69385,  4.60
 135,-378.00,  131426,  4.36,   63227,  4.19,   68199,  4.52
 136,-377.00,  132654,  4.40,   64838,  4.30,   67816,  4.50
 137,-376.00,  133642,  4.43,   66217,  4.39,   67425,  4.47
 138,-375.00,  134670,  4.47,   67444,  4.47,   67226,  4.46
 139,-374.00,  135911,  4.51,   69064,  4.58,   66847,  4.43
 140,-373.00,  137856,  4.57,   71125,  4.72,   66731,  4.43
 141,-372.00,  139159,  4.62,   72831,  4.83,   66328,  4.40
 142,-371.00,  140320,  4.65,   74544,  4.95,   65776,  4.36
 143,-370.00,  141134,  4.68,   76337,  5.06,   64797,  4.30
 144,-369.00,  141651,  4.70,   78218,  5.19,   63433,  4.21
 145,-368.00,  141725,  4.70,   79378,  5.27,   62347,  4.14
 146,-367.00,  142290,  4.72,   80583,  5.35,   61707,  4.09
 147,-366.00,  142967,  4.74,   81962,  5.44,   61005,  4.05
 148,-365.00,  142805,  4.74,   82930,  5.50,   59875,  3.97
 149,-364.00,  142865,  4.74,   83725,  5.55,   59140,  3.92
 150,-363.00,  142065,  4.71,   83512,  5.54,   58553,  3.88
 151,-362.00,  140629,  4.66,   83342,  5.53,   57287,  3.80
 152,-361.00,  138587,  4.60,   82895,  5.50,   55692,  3.69
 153,-360.00,  136098,  4.51,   81612,  5.41,   54486,  3.61
 154,-359.00,  133115,  4.42,   79798,  5.29,   53317,  3.54
 155,-358.00,  129655,  4.30,   77504,  5.14,   52151,  3.46
 156,-357.00,  127539,  4.23,   75600,  5.02,   51939,  3.45
 157,-356.00,  125439,  4.16,   72968,  4.84,   52471,  3.48
 158,-355.00,  122163,  4.05,   69442,  4.61,   52721,  3.50
 159,-354.00,  118022,  3.92,   66345,  4.40,   51677,  3.43
 160,-353.00,  112807,  3.74,   63076,  4.18,   49731,  3.30
 161,-352.00,  108068,  3.58,   59558,  3.95,   48510,  3.22
 162,-351.00,  104381,  3.46,   55570,  3.69,   48811,  3.24
 163,-350.00,  100501,  3.33,   51746,  3.43,   48755,  3.23
 164,-349.00,   96905,  3.21,   47973,  3.18,   48932,  3.25
 165,-348.00,   94131,  3.12,   44723,  2.97,   49408,  3.28
 166,-347.00,   90525,  3.00,   41653,  2.76,   48872,  3.24
 167,-346.00,   86033,  2.85,   38721,  2.57,   47312,  3.14
 168,-345.00,   81580,  2.71,   35758,  2.37,   45822,  3.04
 169,-344.00,   77128,  2.56,   33085,  2.20,   44043,  2.92
 170,-343.00,   73056,  2.42,   30576,  2.03,   42480,  2.82
 171,-342.00,   68945,  2.29,   27950,  1.85,   40995,  2.72
 172,-341.00,   64556,  2.14,   24909,  1.65,   39647,  2.63
 173,-340.00,   60667,  2.01,   22254,  1.48,   38413,  2.55
 174,-339.00,   57430,  1.91,   19855,  1.32,   37575,  2.49
 175,-338.00,   53685,  1.78,   17415,  1.16,   36270,  2.41
 176,-337.00,   50056,  1.66,   15715,  1.04,   34341,  2.28
 177,-336.00,   46460,  1.54,   14374,  0.95,   32086,  2.13
 178,-335.00,   43334,  1.44,   13619,  0.90,   29715,  1.97
 179,-334.00,   40422,  1.34,   12526,  0.83,   27896,  1.85
 180,-333.00,   38175,  1.27,   11666,  0.77,   26509,  1.76
 181,-332.00,   35871,  1.19,   10764,  0.71,   25107,  1.67
 182,-331.00,   33917,  1.13,   10610,  0.70,   23307,  1.55
 183,-330.00,   32179,  1.07,   10582,  0.70,   21597,  1.43
 184,-329.00,   30896,  1.02,   10678,  0.71,   20218,  1.34
 185,-328.00,   29245,  0.97,   10788,  0.72,   18457,  1.22
 186,-327.00,   27962,  0.93,   11168,  0.74,   16794,  1.11
 187,-326.00,   28021,  0.93,   12185,  0.81,   15836,  1.05
 188,-325.00,   28522,  0.95,   13300,  0.88,   15222,  1.01
 189,-324.00,   28586,  0.95,   14220,  0.94,   14366,  0.95
 190,-323.00,   28302,  0.94,   15437,  1.02,   12865,  0.85
 191,-322.00,   27669,  0.92,   16339,  1.08,   11330,  0.75
 192,-321.00,   27530,  0.91,   16633,  1.10,   10897,  0.72
 193,-320.00,   26536,  0.88,   16191,  1.07,   10345,  0.69
 194,-319.00,   25348,  0.84,   16294,  1.08,    9054,  0.60
 195,-318.00,   24407,  0.81,   15982,  1.06,    8425,  0.56
 196,-317.00,   24501,  0.81,   15323,  1.02,    9178,  0.61
 197,-316.00,   25232,  0.84,   14489,  0.96,   10743,  0.71
 198,-315.00,   25735,  0.85,   13823,  0.92,   11912,  0.79
 199,-314.00,   25410,  0.84,   13117,  0.87,   12293,  0.82
 200,-313.00,   24804,  0.82,   12306,  0.82,   12498,  0.83
 201,-312.00,   24386,  0.81,   11597,  0.77,   12789,  0.85
 202,-311.00,   24281,  0.81,   11133,  0.74,   13148,  0.87
 203,-310.00,   24195,  0.80,   10590,  0.70,   13605,  0.90
 204,-309.00,   23638,  0.78,    9687,  0.64,   13951,  0.93
 205,-308.00,   23892,  0.79,    8939,  0.59,   14953,  0.99
 206,-307.00,   24448,  0.81,    8145,  0.54,   16303,  1.08
 207,-306.00,   24830,  0.82,    7895,  0.52,   16935,  1.12
 208,-305.00,   25082,  0.83,    7930,  0.53,   17152,  1.14
 209,-304.00,   24995,  0.83,    7847,  0.52,   17148,  1.14
 210,-303.00,   24341,  0.81,    7273,  0.48,   17068,  1.13
 211,-302.00,   23957,  0.79,    6737,  0.45,   17220,  1.14
 212,-301.00,   24190,  0.80,    6370,  0.42,   17820,  1.18
 213,-300.00,   24500,  0.81,    6294,  0.42,   18206,  1.21
 214,-299.00,   24434,  0.81,    6694,  0.44,   17740,  1.18
 215,-298.00,   23832,  0.79,    6677,  0.44,   17155,  1.14
 216,-297.00,   23554,  0.78,    6613,  0.44,   16941,  1.12
 217,-296.00,   23444,  0.78,    6121,  0.41,   17323,  1.15
 218,-295.00,   23667,  0.79,    5723,  0.38,   17944,  1.19
 219,-294.00,   22974,  0.76,    4580,  0.30,   18394,  1.22
 220,-293.00,   22449,  0.74,    4165,  0.28,   18284,  1.21
 221,-292.00,   21514,  0.71,    3916,  0.26,   17598,  1.17
 222,-291.00,   19858,  0.66,    3382,  0.22,   16476,  1.09
 223,-290.00,   19022,  0.63,    3443,  0.23,   15579,  1.03
 224,-289.00,   17745,  0.59,    3327,  0.22,   14418,  0.96
 225,-288.00,   15993,  0.53,    2950,  0.20,   13043,  0.87
 226,-287.00,   13526,  0.45,    2502,  0.17,   11024,  0.73
 227,-286.00,   11284,  0.37,    1839,  0.12,    9445,  0.63
 228,-285.00,    8306,  0.28,     388,  0.03,    7918,  0.53
 229,-284.00,    4506,  0.15,   -1717, -0.11,    6223,  0.41
 230,-283.00,     560,  0.02,   -3326, -0.22,    3886,  0.26
 231,-282.00,   -3214, -0.11,   -4077, -0.27,     863,  0.06
 232,-281.00,   -7268, -0.24,   -5322, -0.35,   -1946, -0.13
 233,-280.00,  -11230, -0.37,   -6615, -0.44,   -4615, -0.31
 234,-279.00,  -14686, -0.49,   -8170, -0.54,   -6516, -0.43
 235,-278.00,  -17753, -0.59,   -9614, -0.64,   -8139, -0.54
 236,-277.00,  -21674, -0.72,  -12177, -0.81,   -9497, -0.63
 237,-276.00,  -26390, -0.88,  -15205, -1.01,  -11185, -0.74
 238,-275.00,  -30295, -1.00,  -17557, -1.16,  -12738, -0.85
 239,-274.00,  -32758, -1.09,  -18741, -1.24,  -14017, -0.93
 240,-273.00,  -34557, -1.15,  -20061, -1.33,  -14496, -0.96
 241,-272.00,  -36059, -1.20,  -21586, -1.43,  -14473, -0.96
 242,-271.00,  -38438, -1.28,  -23110, -1.53,  -15328, -1.02
 243,-270.00,  -40630, -1.35,  -24195, -1.61,  -16435, -1.09
 244,-269.00,  -41927, -1.39,  -25419, -1.69,  -16508, -1.10
 245,-268.00,  -42955, -1.42,  -26888, -1.78,  -16067, -1.07
 246,-267.00,  -43885, -1.46,  -28836, -1.91,  -15049, -1.00
 247,-266.00,  -45186, -1.50,  -31041, -2.06,  -14145, -0.94
 248,-265.00,  -46299, -1.54,  -32674, -2.17,  -13625, -0.90
 249,-264.00,  -47317, -1.57,  -34139, -2.26,  -13178, -0.87
 250,-263.00,  -47630, -1.58,  -34630, -2.30,  -13000, -0.86
 251,-262.00,  -47695, -1.58,  -34368, -2.28,  -13327, -0.88
 252,-261.00,  -47684, -1.58,  -34815, -2.31,  -12869, -0.85
 253,-260.00,  -47109, -1.56,  -35829, -2.38,  -11280, -0.75
 254,-259.00,  -45817, -1.52,  -36398, -2.41,   -9419, -0.62
 255,-258.00,  -44977, -1.49,  -36793, -2.44,   -8184, -0.54
 256,-257.00,  -44764, -1.48,  -37433, -2.48,   -7331, -0.49
 257,-256.00,  -45267, -1.50,  -38427, -2.55,   -6840, -0.45
 258,-255.00,  -44983, -1.49,  -39116, -2.60,   -5867, -0.39
 259,-254.00,  -44229, -1.47,  -39232, -2.60,   -4997, -0.33
 260,-253.00,  -43109, -1.43,  -39062, -2.59,   -4047, -0.27
 261,-252.00,  -42281, -1.40,  -38700, -2.57,   -3581, -0.24
 262,-251.00,  -40667, -1.35,  -38359, -2.54,   -2308, -0.15
 263,-250.00,  -39849, -1.32,  -38766, -2.57,   -1083, -0.07
 264,-249.00,  -39355, -1.31,  -39489, -2.62,     134,  0.00
 265,-248.00,  -38868, -1.29,  -40038, -2.66,    1170,  0.08
 266,-247.00,  -37240, -1.24,  -39853, -2.64,    2613,  0.17
 267,-246.00,  -36418, -1.21,  -39807, -2.64,    3389,  0.22
 268,-245.00,  -35414, -1.17,  -39654, -2.63,    4240,  0.28
 269,-244.00,  -33666, -1.12,  -38936, -2.58,    5270,  0.35
 270,-243.00,  -32240, -1.07,  -38125, -2.53,    5885,  0.39
 271,-242.00,  -30612, -1.02,  -37356, -2.48,    6744,  0.45
 272,-241.00,  -29045, -0.96,  -36451, -2.42,    7406,  0.49
 273,-240.00,  -28034, -0.93,  -35403, -2.35,    7369,  0.49
 274,-239.00,  -27196, -0.90,  -34116, -2.26,    6920,  0.46
 275,-238.00,  -26698, -0.89,  -33390, -2.22,    6692,  0.44
 276,-237.00,  -25470, -0.84,  -32282, -2.14,    6812,  0.45
 277,-236.00,  -23257, -0.77,  -30854, -2.05,    7597,  0.50
 278,-235.00,  -22053, -0.73,  -29691, -1.97,    7638,  0.51
 279,-234.00,  -21514, -0.71,  -28391, -1.88,    6877,  0.46
 280,-233.00,  -21532, -0.71,  -27163, -1.80,    5631,  0.37
 281,-232.00,  -20371, -0.68,  -25734, -1.71,    5363,  0.36
 282,-231.00,  -20037, -0.66,  -25188, -1.67,    5151,  0.34
 283,-230.00,  -19491, -0.65,  -24349, -1.62,    4858,  0.32
 284,-229.00,  -19383, -0.64,  -23175, -1.54,    3792,  0.25
 285,-228.00,  -17884, -0.59,  -21376, -1.42,    3492,  0.23
 286,-227.00,  -15609, -0.52,  -19656, -1.30,    4047,  0.27
 287,-226.00,  -12668, -0.42,  -17411, -1.16,    4743,  0.31
 288,-225.00,  -10265, -0.34,  -15855, -1.05,    5590,  0.37
 289,-224.00,   -7342, -0.24,  -14159, -0.94,    6817,  0.45
 290,-223.00,   -5318, -0.18,  -13460, -0.89,    8142,  0.54
 291,-222.00,   -3951, -0.13,  -14167, -0.94,   10216,  0.68
 292,-221.00,   -2512, -0.08,  -14677, -0.97,   12165,  0.81
 293,-220.00,    -468, -0.02,  -13792, -0.92,   13324,  0.88
 294,-219.00,    1477,  0.05,  -12892, -0.86,   14369,  0.95
 295,-218.00,    3353,  0.11,  -11679, -0.77,   15032,  1.00
 296,-217.00,    5702,  0.19,  -10194, -0.68,   15896,  1.05
 297,-216.00,    7580,  0.25,   -9262, -0.61,   16842,  1.12
 298,-215.00,    8858,  0.29,   -8954, -0.59,   17812,  1.18
 299,-214.00,   10034,  0.33,   -9282, -0.62,   19316,  1.28
 300,-213.00,   10689,  0.35,   -9708, -0.64,   20397,  1.35
 301,-212.00,   10667,  0.35,  -10380, -0.69,   21047,  1.40
 302,-211.00,   11405,  0.38,  -10444, -0.69,   21849,  1.45
 303,-210.00,   12733,  0.42,  -10176, -0.68,   22909,  1.52
 304,-209.00,   14997,  0.50,   -9275, -0.62,   24272,  1.61
 305,-208.00,   17005,  0.56,   -8473, -0.56,   25478,  1.69
 306,-207.00,   19113,  0.63,   -7607, -0.50,   26720,  1.77
 307,-206.00,   20261,  0.67,   -7435, -0.49,   27696,  1.84
 308,-205.00,   20346,  0.67,   -7702, -0.51,   28048,  1.86
 309,-204.00,   21266,  0.71,   -7027, -0.47,   28293,  1.88
 310,-203.00,   22090,  0.73,   -5855, -0.39,   27945,  1.85
 311,-202.00,   22102,  0.73,   -5242, -0.35,   27344,  1.81
 312,-201.00,   21851,  0.72,   -5238, -0.35,   27089,  1.80
 313,-200.00,   22122,  0.73,   -5888, -0.39,   28010,  1.86
 314,-199.00,   23103,  0.77,   -5931, -0.39,   29034,  1.93
 315,-198.00,   24147,  0.80,   -5673, -0.38,   29820,  1.98
 316,-197.00,   23935,  0.79,   -5852, -0.39,   29787,  1.98
 317,-196.00,   23502,  0.78,   -5945, -0.39,   29447,  1.95
 318,-195.00,   21734,  0.72,   -7089, -0.47,   28823,  1.91
 319,-194.00,   19362,  0.64,   -8546, -0.57,   27908,  1.85
 320,-193.00,   16785,  0.56,   -9588, -0.64,   26373,  1.75
 321,-192.00,   14976,  0.50,   -9826, -0.65,   24802,  1.65
 322,-191.00,   13338,  0.44,   -9821, -0.65,   23159,  1.54
 323,-190.00,   12543,  0.42,   -9414, -0.62,   21957,  1.46
 324,-189.00,   10844,  0.36,   -9529, -0.63,   20373,  1.35
 325,-188.00,    8954,  0.30,  -10359, -0.69,   19313,  1.28
 326,-187.00,    6937,  0.23,  -11389, -0.76,   18326,  1.22
 327,-186.00,    3724,  0.12,  -12466, -0.83,   16190,  1.07
 328,-185.00,    -340, -0.01,  -13042, -0.87,   12702,  0.84
 329,-184.00,   -3345, -0.11,  -13539, -0.90,   10194,  0.68
 330,-183.00,   -7260, -0.24,  -15174, -1.01,    7914,  0.53
 331,-182.00,  -10648, -0.35,  -16672, -1.11,    6024,  0.40
 332,-181.00,  -13468, -0.45,  -17446, -1.16,    3978,  0.26
 333,-180.00,  -15790, -0.52,  -17601, -1.17,    1811,  0.12
 334,-179.00,  -18245, -0.61,  -17783, -1.18,    -462, -0.03
 335,-178.00,  -20314, -0.67,  -17863, -1.19,   -2451, -0.16
 336,-177.00,  -23450, -0.78,  -19274, -1.28,   -4176, -0.28
 337,-176.00,  -26760, -0.89,  -20805, -1.38,   -5955, -0.40
 338,-175.00,  -29600, -0.98,  -22067, -1.46,   -7533, -0.50
 339,-174.00,  -32859, -1.09,  -23431, -1.55,   -9428, -0.63
 340,-173.00,  -35245, -1.17,  -24901, -1.65,  -10344, -0.69
 341,-172.00,  -37564, -1.25,  -26226, -1.74,  -11338, -0.75
 342,-171.00,  -39454, -1.31,  -26999, -1.79,  -12455, -0.83
 343,-170.00,  -41512, -1.38,  -27277, -1.81,  -14235, -0.94
 344,-169.00,  -42641, -1.41,  -27061, -1.80,  -15580, -1.03
 345,-168.00,  -42150, -1.40,  -26891, -1.78,  -15259, -1.01
 346,-167.00,  -40880, -1.36,  -27086, -1.80,  -13794, -0.92
 347,-166.00,  -40095, -1.33,  -27588, -1.83,  -12507, -0.83
 348,-165.00,  -40678, -1.35,  -28112, -1.87,  -12566, -0.83
 349,-164.00,  -41396, -1.37,  -28168, -1.87,  -13228, -0.88
 350,-163.00,  -41908, -1.39,  -28415, -1.89,  -13493, -0.90
 351,-162.00,  -42021, -1.39,  -28973, -1.92,  -13048, -0.87
 352,-161.00,  -41566, -1.38,  -29911, -1.98,  -11655, -0.77
 353,-160.00,  -40574, -1.35,  -30259, -2.01,  -10315, -0.68
 354,-159.00,  -40255, -1.34,  -30415, -2.02,   -9840, -0.65
 355,-158.00,  -39044, -1.30,  -30141, -2.00,   -8903, -0.59
 356,-157.00,  -36560, -1.21,  -29351, -1.95,   -7209, -0.48
 357,-156.00,  -34928, -1.16,  -29329, -1.95,   -5599, -0.37
 358,-155.00,  -32962, -1.09,  -29197, -1.94,   -3765, -0.25
 359,-154.00,  -31638, -1.05,  -28948, -1.92,   -2690, -0.18
 360,-153.00,  -29679, -0.98,  -28611, -1.90,   -1068, -0.07
 361,-152.00,  -27993, -0.93,  -28619, -1.90,     626,  0.04
 362,-151.00,  -26656, -0.88,  -28376, -1.88,    1720,  0.11
 363,-150.00,  -25727, -0.85,  -28081, -1.86,    2354,  0.16
 364,-149.00,  -24816, -0.82,  -27425, -1.82,    2609,  0.17
 365,-148.00,  -24041, -0.80,  -26843, -1.78,    2802,  0.19
 366,-147.00,  -23642, -0.78,  -26850, -1.78,    3208,  0.21
 367,-146.00,  -23261, -0.77,  -27088, -1.80,    3827,  0.25
 368,-145.00,  -22848, -0.76,  -27244, -1.81,    4396,  0.29
 369,-144.00,  -21655, -0.72,  -26688, -1.77,    5033,  0.33
 370,-143.00,  -20783, -0.69,  -26339, -1.75,    5556,  0.37
 371,-142.00,  -20239, -0.67,  -26028, -1.73,    5789,  0.38
 372,-141.00,  -20122, -0.67,  -25864, -1.72,    5742,  0.38
 373,-140.00,  -19736, -0.65,  -25329, -1.68,    5593,  0.37
 374,-139.00,  -18580, -0.62,  -24254, -1.61,    5674,  0.38
 375,-138.00,  -17125, -0.57,  -23322, -1.55,    6197,  0.41
 376,-137.00,  -15148, -0.50,  -22155, -1.47,    7007,  0.46
 377,-136.00,  -14472, -0.48,  -21365, -1.42,    6893,  0.46
 378,-135.00,  -14069, -0.47,  -20650, -1.37,    6581,  0.44
 379,-134.00,  -13067, -0.43,  -19680, -1.31,    6613,  0.44
 380,-133.00,  -11087, -0.37,  -18482, -1.23,    7395,  0.49
 381,-132.00,   -9083, -0.30,  -17609, -1.17,    8526,  0.57
 382,-131.00,   -6435, -0.21,  -16046, -1.06,    9611,  0.64
 383,-130.00,   -4322, -0.14,  -14384, -0.95,   10062,  0.67
 384,-129.00,   -1174, -0.04,  -12133, -0.80,   10959,  0.73
 385,-128.00,    1335,  0.04,  -10199, -0.68,   11534,  0.77
 386,-127.00,    3288,  0.11,   -8020, -0.53,   11308,  0.75
 387,-126.00,    5739,  0.19,   -5864, -0.39,   11603,  0.77
 388,-125.00,    7477,  0.25,   -4113, -0.27,   11590,  0.77
 389,-124.00,   10565,  0.35,   -1668, -0.11,   12233,  0.81
 390,-123.00,   13172,  0.44,     506,  0.03,   12666,  0.84
 391,-122.00,   15808,  0.52,    1968,  0.13,   13840,  0.92
 392,-121.00,   17764,  0.59,    2642,  0.18,   15122,  1.00
 393,-120.00,   19736,  0.65,    3167,  0.21,   16569,  1.10
 394,-119.00,   21747,  0.72,    3772,  0.25,   17975,  1.19
 395,-118.00,   22903,  0.76,    4027,  0.27,   18876,  1.25
 396,-117.00,   24581,  0.82,    4680,  0.31,   19901,  1.32
 397,-116.00,   26821,  0.89,    6225,  0.41,   20596,  1.37
 398,-115.00,   28418,  0.94,    7244,  0.48,   21174,  1.40
 399,-114.00,   29336,  0.97,    7595,  0.50,   21741,  1.44
 400,-113.00,   29711,  0.99,    7323,  0.49,   22388,  1.49
 401,-112.00,   29767,  0.99,    6521,  0.43,   23246,  1.54
 402,-111.00,   28870,  0.96,    5200,  0.34,   23670,  1.57
 403,-110.00,   27224,  0.90,    3915,  0.26,   23309,  1.55
 404,-109.00,   26975,  0.89,    2919,  0.19,   24056,  1.60
 405,-108.00,   27153,  0.90,    1465,  0.10,   25688,  1.70
 406,-107.00,   27729,  0.92,     512,  0.03,   27217,  1.81
 407,-106.00,   27844,  0.92,     -24, -0.00,   27868,  1.85
 408,-105.00,   27104,  0.90,   -1185, -0.08,   28289,  1.88
 409,-104.00,   25323,  0.84,   -3118, -0.21,   28441,  1.89
 410,-103.00,   20931,  0.69,   -6159, -0.41,   27090,  1.80
 411,-102.00,   15882,  0.53,   -9446, -0.63,   25328,  1.68
 412,-101.00,   11777,  0.39,  -11978, -0.79,   23755,  1.58
 413,-100.00,    8821,  0.29,  -13831, -0.92,   22652,  1.50
 414,-99.00,    6873,  0.23,  -14371, -0.95,   21244,  1.41
 415,-98.00,    4234,  0.14,  -15204, -1.01,   19438,  1.29
 416,-97.00,    1322,  0.04,  -16238, -1.08,   17560,  1.17
 417,-96.00,   -2739, -0.09,  -18070, -1.20,   15331,  1.02
 418,-95.00,   -7363, -0.24,  -20503, -1.36,   13140,  0.87
 419,-94.00,  -11768, -0.39,  -22867, -1.52,   11099,  0.74
 420,-93.00,  -15892, -0.53,  -24513, -1.63,    8621,  0.57
 421,-92.00,  -19986, -0.66,  -26086, -1.73,    6100,  0.40
 422,-91.00,  -23385, -0.78,  -27457, -1.82,    4072,  0.27
 423,-90.00,  -26131, -0.87,  -28063, -1.86,    1932,  0.13
 424,-89.00,  -28442, -0.94,  -28507, -1.89,      65,  0.00
 425,-88.00,  -30033, -1.00,  -28644, -1.90,   -1389, -0.09
 426,-87.00,  -32530, -1.08,  -29806, -1.98,   -2724, -0.18
 427,-86.00,  -35192, -1.17,  -30690, -2.04,   -4502, -0.30
 428,-85.00,  -37501, -1.24,  -31056, -2.06,   -6445, -0.43
 429,-84.00,  -38952, -1.29,  -31356, -2.08,   -7596, -0.50
 430,-83.00,  -39977, -1.33,  -31858, -2.11,   -8119, -0.54
 431,-82.00,  -41167, -1.37,  -31085, -2.06,  -10082, -0.67
 432,-81.00,  -41736, -1.38,  -30113, -2.00,  -11623, -0.77
 433,-80.00,  -42512, -1.41,  -29106, -1.93,  -13406, -0.89
 434,-79.00,  -42719, -1.42,  -28164, -1.87,  -14555, -0.97
 435,-78.00,  -41930, -1.39,  -26947, -1.79,  -14983, -0.99
 436,-77.00,  -40799, -1.35,  -25736, -1.71,  -15063, -1.00
 437,-76.00,  -39276, -1.30,  -24096, -1.60,  -15180, -1.01
 438,-75.00,  -37589, -1.25,  -22084, -1.47,  -15505, -1.03
 439,-74.00,  -35805, -1.19,  -19778, -1.31,  -16027, -1.06
 440,-73.00,  -34016, -1.13,  -17795, -1.18,  -16221, -1.08
 441,-72.00,  -33275, -1.10,  -16713, -1.11,  -16562, -1.10
 442,-71.00,  -33072, -1.10,  -16036, -1.06,  -17036, -1.13
 443,-70.00,  -32763, -1.09,  -15383, -1.02,  -17380, -1.15
 444,-69.00,  -32449, -1.08,  -14578, -0.97,  -17871, -1.19
 445,-68.00,  -32085, -1.06,  -13848, -0.92,  -18237, -1.21
 446,-67.00,  -31091, -1.03,  -12975, -0.86,  -18116, -1.20
 447,-66.00,  -30400, -1.01,  -12523, -0.83,  -17877, -1.19
 448,-65.00,  -30480, -1.01,  -12250, -0.81,  -18230, -1.21
 449,-64.00,  -30981, -1.03,  -12504, -0.83,  -18477, -1.23
 450,-63.00,  -31399, -1.04,  -12789, -0.85,  -18610, -1.23
 451,-62.00,  -31488, -1.04,  -12787, -0.85,  -18701, -1.24
 452,-61.00,  -31737, -1.05,  -12987, -0.86,  -18750, -1.24
 453,-60.00,  -32950, -1.09,  -13082, -0.87,  -19868, -1.32
 454,-59.00,  -34031, -1.13,  -13352, -0.89,  -20679, -1.37
 455,-58.00,  -34243, -1.14,  -13386, -0.89,  -20857, -1.38
 456,-57.00,  -33619, -1.12,  -13098, -0.87,  -20521, -1.36
 457,-56.00,  -33066, -1.10,  -13107, -0.87,  -19959, -1.32
 458,-55.00,  -32549, -1.08,  -13213, -0.88,  -19336, -1.28
 459,-54.00,  -31551, -1.05,  -13149, -0.87,  -18402, -1.22
 460,-53.00,  -30617, -1.02,  -12584, -0.83,  -18033, -1.20
 461,-52.00,  -30036, -1.00,  -12062, -0.80,  -17974, -1.19
 462,-51.00,  -29747, -0.99,  -12080, -0.80,  -17667, -1.17
 463,-50.00,  -29351, -0.97,  -12794, -0.85,  -16557, -1.10
 464,-49.00,  -28666, -0.95,  -13135, -0.87,  -15531, -1.03
 465,-48.00,  -28108, -0.93,  -13615, -0.90,  -14493, -0.96
 466,-47.00,  -26027, -0.86,  -13110, -0.87,  -12917, -0.86
 467,-46.00,  -24552, -0.81,  -13412, -0.89,  -11140, -0.74
 468,-45.00,  -24071, -0.80,  -14225, -0.94,   -9846, -0.65
 469,-44.00,  -24236, -0.80,  -15452, -1.03,   -8784, -0.58
 470,-43.00,  -24689, -0.82,  -16578, -1.10,   -8111, -0.54
 471,-42.00,  -24834, -0.82,  -17495, -1.16,   -7339, -0.49
 472,-41.00,  -24548, -0.81,  -18273, -1.21,   -6275, -0.42
 473,-40.00,  -24184, -0.80,  -18865, -1.25,   -5319, -0.35
 474,-39.00,  -22672, -0.75,  -18806, -1.25,   -3866, -0.26
 475,-38.00,  -21521, -0.71,  -18705, -1.24,   -2816, -0.19
 476,-37.00,  -21367, -0.71,  -18614, -1.23,   -2753, -0.18
 477,-36.00,  -20464, -0.68,  -18087, -1.20,   -2377, -0.16
 478,-35.00,  -19739, -0.65,  -17326, -1.15,   -2413, -0.16
 479,-34.00,  -18637, -0.62,  -16405, -1.09,   -2232, -0.15
 480,-33.00,  -17670, -0.59,  -16173, -1.07,   -1497, -0.10
 481,-32.00,  -15991, -0.53,  -15410, -1.02,    -581, -0.04
 482,-31.00,  -15432, -0.51,  -14528, -0.96,    -904, -0.06
 483,-30.00,  -14834, -0.49,  -13525, -0.90,   -1309, -0.09
 484,-29.00,  -15262, -0.51,  -12781, -0.85,   -2481, -0.16
 485,-28.00,  -14682, -0.49,  -10675, -0.71,   -4007, -0.27
 486,-27.00,  -14488, -0.48,   -8562, -0.57,   -5926, -0.39
 487,-26.00,  -13913, -0.46,   -6429, -0.43,   -7484, -0.50
 488,-25.00,  -14009, -0.46,   -4805, -0.32,   -9204, -0.61
 489,-24.00,  -14111, -0.47,   -3344, -0.22,  -10767, -0.71
 490,-23.00,  -13118, -0.44,   -1603, -0.11,  -11515, -0.76
 491,-22.00,  -11826, -0.39,     124,  0.00,  -11950, -0.79
 492,-21.00,  -10452, -0.35,    1908,  0.13,  -12360, -0.82
 493,-20.00,   -9074, -0.30,    3765,  0.25,  -12839, -0.85
 494,-19.00,   -7812, -0.26,    5714,  0.38,  -13526, -0.90
 495,-18.00,   -7272, -0.24,    7123,  0.47,  -14395, -0.96
 496,-17.00,   -6323, -0.21,    8293,  0.55,  -14616, -0.97
 497,-16.00,   -6359, -0.21,    9460,  0.63,  -15819, -1.05
 498,-15.00,   -5631, -0.19,   11635,  0.77,  -17266, -1.15
 499,-14.00,   -4287, -0.14,   13666,  0.91,  -17953, -1.19
 500,-13.00,   -3310, -0.11,   14872,  0.99,  -18182, -1.21
 501,-12.00,   -3082, -0.10,   16072,  1.07,  -19154, -1.27
 502,-11.00,   -3133, -0.10,   16667,  1.11,  -19800, -1.31
 503,-10.00,   -3080, -0.10,   17556,  1.16,  -20636, -1.37
 504,-9.00,   -1838, -0.06,   18610,  1.23,  -20448, -1.36
 505,-8.00,   -1688, -0.06,   18837,  1.25,  -20525, -1.36
 506,-7.00,   -2398, -0.08,   18548,  1.23,  -20946, -1.39
 507,-6.00,   -3568, -0.12,   17960,  1.19,  -21528, -1.43
 508,-5.00,   -3418, -0.11,   17909,  1.19,  -21327, -1.41
 509,-4.00,   -3846, -0.13,   17493,  1.16,  -21339, -1.42
 510,-3.00,   -4580, -0.15,   16967,  1.13,  -21547, -1.43
 511,-2.00,   -4640, -0.15,   16518,  1.10,  -21158, -1.40
 512,-1.00,   -5070, -0.17,   15960,  1.06,  -21030, -1.40
 513,0.00,   -5363, -0.18,   15704,  1.04,  -21067, -1.40
 514,1.00,   -5368, -0.18,   15006,  1.00,  -20374, -1.35
 515,2.00,   -6349, -0.21,   13531,  0.90,  -19880, -1.32
 516,3.00,   -7983, -0.26,   11525,  0.76,  -19508, -1.29
 517,4.00,  -10184, -0.34,    9673,  0.64,  -19857, -1.32
 518,5.00,  -11811, -0.39,    7992,  0.53,  -19803, -1.31
 519,6.00,  -12428, -0.41,    6766,  0.45,  -19194, -1.27
 520,7.00,  -13458, -0.45,    5348,  0.35,  -18806, -1.25
 521,8.00,  -15027, -0.50,    4271,  0.28,  -19298, -1.28
 522,9.00,  -16231, -0.54,    3486,  0.23,  -19717, -1.31
 523,10.00,  -16734, -0.56,    3459,  0.23,  -20193, -1.34
 524,11.00,  -16371, -0.54,    3959,  0.26,  -20330, -1.35
 525,12.00,  -17044, -0.57,    4162,  0.28,  -21206, -1.41
 526,13.00,  -18371, -0.61,    4123,  0.27,  -22494, -1.49
 527,14.00,  -19708, -0.65,    3866,  0.26,  -23574, -1.56
 528,15.00,  -19918, -0.66,    4070,  0.27,  -23988, -1.59
 529,16.00,  -20346, -0.67,    4213,  0.28,  -24559, -1.63
 530,17.00,  -20275, -0.67,    4542,  0.30,  -24817, -1.65
 531,18.00,  -20390, -0.68,    4677,  0.31,  -25067, -1.66
 532,19.00,  -21033, -0.70,    4563,  0.30,  -25596, -1.70
 533,20.00,  -21546, -0.71,    5187,  0.34,  -26733, -1.77
 534,21.00,  -21829, -0.72,    5996,  0.40,  -27825, -1.85
 535,22.00,  -22824, -0.76,    5947,  0.39,  -28771, -1.91
 536,23.00,  -24667, -0.82,    5119,  0.34,  -29786, -1.98
 537,24.00,  -26591, -0.88,    4743,  0.31,  -31334, -2.08
 538,25.00,  -27594, -0.92,    4888,  0.32,  -32482, -2.16
 539,26.00,  -26964, -0.89,    5930,  0.39,  -32894, -2.18
 540,27.00,  -26160, -0.87,    6954,  0.46,  -33114, -2.20
 541,28.00,  -25799, -0.86,    7545,  0.50,  -33344, -2.21
 542,29.00,  -27106, -0.90,    6471,  0.43,  -33577, -2.23
 543,30.00,  -28109, -0.93,    5497,  0.36,  -33606, -2.23
 544,31.00,  -28310, -0.94,    5097,  0.34,  -33407, -2.22
 545,32.00,  -27887, -0.93,    5183,  0.34,  -33070, -2.19
 546,33.00,  -27836, -0.92,    4893,  0.32,  -32729, -2.17
 547,34.00,  -28016, -0.93,    4130,  0.27,  -32146, -2.13
 548,35.00,  -27887, -0.93,    3486,  0.23,  -31373, -2.08
 549,36.00,  -28060, -0.93,    2700,  0.18,  -30760, -2.04
 550,37.00,  -27427, -0.91,    2258,  0.15,  -29685, -1.97
 551,38.00,  -25615, -0.85,    2627,  0.17,  -28242, -1.87
 552,39.00,  -23006, -0.76,    3237,  0.21,  -26243, -1.74
 553,40.00,  -20261, -0.67,    3502,  0.23,  -23763, -1.58
 554,41.00,  -16978, -0.56,    3682,  0.24,  -20660, -1.37
 555,42.00,  -13928, -0.46,    4188,  0.28,  -18116, -1.20
 556,43.00,  -11402, -0.38,    4662,  0.31,  -16064, -1.07
 557,44.00,   -9598, -0.32,    4977,  0.33,  -14575, -0.97
 558,45.00,   -9217, -0.31,    4308,  0.29,  -13525, -0.90
 559,46.00,   -9140, -0.30,    3193,  0.21,  -12333, -0.82
 560,47.00,   -8667, -0.29,    1668,  0.11,  -10335, -0.69
 561,48.00,   -8455, -0.28,     -86, -0.00,   -8369, -0.56
 562,49.00,   -8975, -0.30,   -1721, -0.11,   -7254, -0.48
 563,50.00,  -10584, -0.35,   -3202, -0.21,   -7382, -0.49
 564,51.00,  -12389, -0.41,   -4620, -0.31,   -7769, -0.52
 565,52.00,  -14515, -0.48,   -6175, -0.41,   -8340, -0.55
 566,53.00,  -16777, -0.56,   -7837, -0.52,   -8940, -0.59
 567,54.00,  -18926, -0.63,   -9389, -0.62,   -9537, -0.63
 568,55.00,  -20151, -0.67,  -10209, -0.68,   -9942, -0.66
 569,56.00,  -20814, -0.69,  -10727, -0.71,  -10087, -0.67
 570,57.00,  -20961, -0.70,  -10843, -0.72,  -10118, -0.67
 571,58.00,  -21557, -0.72,  -11037, -0.73,  -10520, -0.70
 572,59.00,  -21272, -0.71,  -10375, -0.69,  -10897, -0.72
 573,60.00,  -19823, -0.66,   -9151, -0.61,  -10672, -0.71
 574,61.00,  -17859, -0.59,   -7685, -0.51,  -10174, -0.67
 575,62.00,  -15783, -0.52,   -6062, -0.40,   -9721, -0.64
 576,63.00,  -13151, -0.44,   -3244, -0.22,   -9907, -0.66
 577,64.00,   -9798, -0.33,      50,  0.00,   -9848, -0.65
 578,65.00,   -5053, -0.17,    4326,  0.29,   -9379, -0.62
 579,66.00,   -1022, -0.03,    7822,  0.52,   -8844, -0.59
 580,67.00,    2814,  0.09,   11141,  0.74,   -8327, -0.55
 581,68.00,    6936,  0.23,   14716,  0.98,   -7780, -0.52
 582,69.00,   11536,  0.38,   18798,  1.25,   -7262, -0.48
 583,70.00,   16684,  0.55,   23098,  1.53,   -6414, -0.43
 584,71.00,   21603,  0.72,   26497,  1.76,   -4894, -0.32
 585,72.00,   25411,  0.84,   29078,  1.93,   -3667, -0.24
 586,73.00,   28756,  0.95,   31803,  2.11,   -3047, -0.20
 587,74.00,   30955,  1.03,   34195,  2.27,   -3240, -0.21
 588,75.00,   33225,  1.10,   36825,  2.44,   -3600, -0.24
 589,76.00,   34388,  1.14,   38793,  2.57,   -4405, -0.29
 590,77.00,   34656,  1.15,   40405,  2.68,   -5749, -0.38
 591,78.00,   34759,  1.15,   41556,  2.76,   -6797, -0.45
 592,79.00,   35244,  1.17,   42682,  2.83,   -7438, -0.49
 593,80.00,   35657,  1.18,   43689,  2.90,   -8032, -0.53
 594,81.00,   36361,  1.21,   44865,  2.98,   -8504, -0.56
 595,82.00,   36773,  1.22,   45345,  3.01,   -8572, -0.57
 596,83.00,   36453,  1.21,   45471,  3.02,   -9018, -0.60
 597,84.00,   35808,  1.19,   45876,  3.04,  -10068, -0.67
 598,85.00,   34632,  1.15,   46165,  3.06,  -11533, -0.77
 599,86.00,   33588,  1.11,   46413,  3.08,  -12825, -0.85
 600,87.00,   32689,  1.08,   46474,  3.08,  -13785, -0.91
 601,88.00,   31084,  1.03,   45926,  3.05,  -14842, -0.98
 602,89.00,   29357,  0.97,   45311,  3.01,  -15954, -1.06
 603,90.00,   27490,  0.91,   44710,  2.97,  -17220, -1.14
 604,91.00,   25619,  0.85,   44040,  2.92,  -18421, -1.22
 605,92.00,   23336,  0.77,   42360,  2.81,  -19024, -1.26
 606,93.00,   20576,  0.68,   39987,  2.65,  -19411, -1.29
 607,94.00,   17233,  0.57,   36850,  2.44,  -19617, -1.30
 608,95.00,   14886,  0.49,   34331,  2.28,  -19445, -1.29
 609,96.00,   13437,  0.45,   32618,  2.16,  -19181, -1.27
 610,97.00,   12716,  0.42,   31190,  2.07,  -18474, -1.23
 611,98.00,   12319,  0.41,   29671,  1.97,  -17352, -1.15
 612,99.00,   10803,  0.36,   27797,  1.84,  -16994, -1.13
 613,100.00,    8565,  0.28,   25290,  1.68,  -16725, -1.11
 614,101.00,    6898,  0.23,   22545,  1.50,  -15647, -1.04
 615,102.00,    6266,  0.21,   19926,  1.32,  -13660, -0.91
 616,103.00,    6335,  0.21,   18124,  1.20,  -11789, -0.78
 617,104.00,    6844,  0.23,   17001,  1.13,  -10157, -0.67
 618,105.00,    7270,  0.24,   16212,  1.08,   -8942, -0.59
 619,106.00,    7705,  0.26,   14720,  0.98,   -7015, -0.47
 620,107.00,    9419,  0.31,   14083,  0.93,   -4664, -0.31
 621,108.00,   12482,  0.41,   14273,  0.95,   -1791, -0.12
 622,109.00,   16236,  0.54,   14618,  0.97,    1618,  0.11
 623,110.00,   19212,  0.64,   13954,  0.93,    5258,  0.35
 624,111.00,   22051,  0.73,   13651,  0.91,    8400,  0.56
 625,112.00,   25557,  0.85,   13966,  0.93,   11591,  0.77
 626,113.00,   30517,  1.01,   15231,  1.01,   15286,  1.01
 627,114.00,   36152,  1.20,   17054,  1.13,   19098,  1.27
 628,115.00,   42135,  1.40,   19022,  1.26,   23113,  1.53
 629,116.00,   47285,  1.57,   20345,  1.35,   26940,  1.79
 630,117.00,   53098,  1.76,   22124,  1.47,   30974,  2.05
 631,118.00,   60544,  2.01,   25076,  1.66,   35468,  2.35
 632,119.00,   69217,  2.30,   28484,  1.89,   40733,  2.70
 633,120.00,   77502,  2.57,   32027,  2.12,   45475,  3.02
 634,121.00,   84910,  2.82,   35046,  2.33,   49864,  3.31
 635,122.00,   92566,  3.07,   38555,  2.56,   54011,  3.58
 636,123.00,  100036,  3.32,   41951,  2.78,   58085,  3.85
 637,124.00,  107744,  3.57,   45164,  3.00,   62580,  4.15
 638,125.00,  115087,  3.82,   47869,  3.18,   67218,  4.46
 639,126.00,  122133,  4.05,   50474,  3.35,   71659,  4.75
 640,127.00,  129687,  4.30,   53512,  3.55,   76175,  5.05
 641,128.00,  137636,  4.57,   57324,  3.80,   80312,  5.33
 642,129.00,  144026,  4.78,   60352,  4.00,   83674,  5.55
 643,130.00,  149767,  4.97,   63053,  4.18,   86714,  5.75
 644,131.00,  153574,  5.09,   64802,  4.30,   88772,  5.89
 645,132.00,  155778,  5.17,   65849,  4.37,   89929,  5.97
 646,133.00,  157804,  5.23,   66725,  4.43,   91079,  6.04
 647,134.00,  159145,  5.28,   67110,  4.45,   92035,  6.11
 648,135.00,  160268,  5.32,   67667,  4.49,   92601,  6.14
 649,136.00,  160409,  5.32,   67731,  4.49,   92678,  6.15
 650,137.00,  159708,  5.30,   67268,  4.46,   92440,  6.13
 651,138.00,  157489,  5.22,   66403,  4.41,   91086,  6.04
 652,139.00,  155072,  5.14,   65577,  4.35,   89495,  5.94
 653,140.00,  153034,  5.08,   64740,  4.30,   88294,  5.86
 654,141.00,  149764,  4.97,   63441,  4.21,   86323,  5.73
 655,142.00,  145861,  4.84,   62034,  4.12,   83827,  5.56
 656,143.00,  142042,  4.71,   60475,  4.01,   81567,  5.41
 657,144.00,  138420,  4.59,   59007,  3.91,   79413,  5.27
 658,145.00,  135165,  4.48,   58260,  3.87,   76905,  5.10
 659,146.00,  131660,  4.37,   57403,  3.81,   74257,  4.93
 660,147.00,  128129,  4.25,   56467,  3.75,   71662,  4.75
 661,148.00,  124097,  4.12,   54824,  3.64,   69273,  4.60
 662,149.00,  119069,  3.95,   53070,  3.52,   65999,  4.38
 663,150.00,  113438,  3.76,   50560,  3.35,   62878,  4.17
 664,151.00,  108301,  3.59,   48416,  3.21,   59885,  3.97
 665,152.00,  103058,  3.42,   46303,  3.07,   56755,  3.77
 666,153.00,   96615,  3.20,   43900,  2.91,   52715,  3.50
 667,154.00,   87972,  2.92,   40797,  2.71,   47175,  3.13
 668,155.00,   78605,  2.61,   37578,  2.49,   41027,  2.72
 669,156.00,   70103,  2.33,   34438,  2.28,   35665,  2.37
 670,157.00,   60879,  2.02,   31131,  2.07,   29748,  1.97
 671,158.00,   50893,  1.69,   27733,  1.84,   23160,  1.54
 672,159.00,   40068,  1.33,   23507,  1.56,   16561,  1.10
 673,160.00,   28979,  0.96,   18952,  1.26,   10027,  0.67
 674,161.00,   17178,  0.57,   14292,  0.95,    2886,  0.19
 675,162.00,    5720,  0.19,    9649,  0.64,   -3929, -0.26
 676,163.00,   -7029, -0.23,    4176,  0.28,  -11205, -0.74
 677,164.00,  -19724, -0.65,   -1321, -0.09,  -18403, -1.22
 678,165.00,  -32375, -1.07,   -6476, -0.43,  -25899, -1.72
 679,166.00,  -44577, -1.48,  -12157, -0.81,  -32420, -2.15
 680,167.00,  -56823, -1.88,  -17830, -1.18,  -38993, -2.59
 681,168.00,  -67655, -2.24,  -23483, -1.56,  -44172, -2.93
 682,169.00,  -79405, -2.63,  -29727, -1.97,  -49678, -3.30
 683,170.00,  -91609, -3.04,  -36414, -2.42,  -55195, -3.66
 684,171.00, -102913, -3.41,  -42612, -2.83,  -60301, -4.00
 685,172.00, -113352, -3.76,  -48164, -3.20,  -65188, -4.32
 686,173.00, -123387, -4.09,  -53290, -3.54,  -70097, -4.65
 687,174.00, -133697, -4.44,  -58604, -3.89,  -75093, -4.98
 688,175.00, -143641, -4.76,  -63528, -4.21,  -80113, -5.32
 689,176.00, -152688, -5.07,  -67864, -4.50,  -84824, -5.63
 690,177.00, -161408, -5.35,  -72462, -4.81,  -88946, -5.90
 691,178.00, -171189, -5.68,  -77866, -5.17,  -93323, -6.19
 692,179.00, -180582, -5.99,  -83389, -5.53,  -97193, -6.45
 693,180.00, -188746, -6.26,  -87964, -5.84, -100782, -6.69
 694,181.00, -195830, -6.50,  -91735, -6.09, -104095, -6.91
 695,182.00, -202559, -6.72,  -94986, -6.30, -107573, -7.14
 696,183.00, -209625, -6.95,  -98523, -6.54, -111102, -7.37
 697,184.00, -216417, -7.18, -102017, -6.77, -114400, -7.59
 698,185.00, -222646, -7.39, -105321, -6.99, -117325, -7.78
 699,186.00, -227864, -7.56, -108271, -7.18, -119593, -7.93
 700,187.00, -233376, -7.74, -111386, -7.39, -121990, -8.09
 701,188.00, -239166, -7.93, -114449, -7.59, -124717, -8.27
 702,189.00, -245166, -8.13, -117468, -7.79, -127698, -8.47
 703,190.00, -251028, -8.33, -120118, -7.97, -130910, -8.69
 704,191.00, -255890, -8.49, -122462, -8.12, -133428, -8.85
 705,192.00, -260531, -8.64, -125003, -8.29, -135528, -8.99
 706,193.00, -265119, -8.79, -127757, -8.48, -137362, -9.11
 707,194.00, -269193, -8.93, -130073, -8.63, -139120, -9.23
 708,195.00, -272992, -9.06, -132033, -8.76, -140959, -9.35
 709,196.00, -276057, -9.16, -133962, -8.89, -142095, -9.43
 710,197.00, -277880, -9.22, -135020, -8.96, -142860, -9.48
 711,198.00, -280095, -9.29, -136460, -9.05, -143635, -9.53
 712,199.00, -282184, -9.36, -137727, -9.14, -144457, -9.58
 713,200.00, -283459, -9.40, -138950, -9.22, -144509, -9.59
 714,201.00, -284542, -9.44, -140251, -9.30, -144291, -9.57
 715,202.00, -285468, -9.47, -141168, -9.37, -144300, -9.57
 716,203.00, -286168, -9.49, -142156, -9.43, -144012, -9.55
 717,204.00, -286893, -9.52, -142441, -9.45, -144452, -9.58
 718,205.00, -287099, -9.52, -142543, -9.46, -144556, -9.59
 719,206.00, -286857, -9.52, -143078, -9.49, -143779, -9.54
 720,207.00, -285736, -9.48, -143874, -9.55, -141862, -9.41
 721,208.00, -284094, -9.42, -143749, -9.54, -140345, -9.31
 722,209.00, -282584, -9.37, -143546, -9.52, -139038, -9.22
 723,210.00, -281834, -9.35, -143547, -9.52, -138287, -9.17
 724,211.00, -281236, -9.33, -143561, -9.52, -137675, -9.13
 725,212.00, -279980, -9.29, -143388, -9.51, -136592, -9.06
 726,213.00, -278239, -9.23, -143328, -9.51, -134911, -8.95
 727,214.00, -276435, -9.17, -142968, -9.49, -133467, -8.85
 728,215.00, -274304, -9.10, -142362, -9.44, -131942, -8.75
 729,216.00, -272605, -9.04, -142040, -9.42, -130565, -8.66
 730,217.00, -270539, -8.97, -141458, -9.38, -129081, -8.56
 731,218.00, -269772, -8.95, -141226, -9.37, -128546, -8.53
 732,219.00, -267842, -8.88, -140443, -9.32, -127399, -8.45
 733,220.00, -265158, -8.80, -139292, -9.24, -125866, -8.35
 734,221.00, -262607, -8.71, -138184, -9.17, -124423, -8.25
 735,222.00, -260892, -8.65, -137573, -9.13, -123319, -8.18
 736,223.00, -258350, -8.57, -136755, -9.07, -121595, -8.07
 737,224.00, -255432, -8.47, -136146, -9.03, -119286, -7.91
 738,225.00, -252302, -8.37, -135302, -8.98, -117000, -7.76
 739,226.00, -249003, -8.26, -134220, -8.90, -114783, -7.62
 740,227.00, -244876, -8.12, -132542, -8.79, -112334, -7.45
 741,228.00, -241008, -7.99, -130880, -8.68, -110128, -7.31
 742,229.00, -237592, -7.88, -129464, -8.59, -108128, -7.17
 743,230.00, -234417, -7.78, -128048, -8.50, -106369, -7.06
 744,231.00, -231426, -7.68, -126886, -8.42, -104540, -6.94
 745,232.00, -228835, -7.59, -126442, -8.39, -102393, -6.79
 746,233.00, -225783, -7.49, -125697, -8.34, -100086, -6.64
 747,234.00, -223010, -7.40, -125113, -8.30,  -97897, -6.49
 748,235.00, -220103, -7.30, -124517, -8.26,  -95586, -6.34
 749,236.00, -217287, -7.21, -124024, -8.23,  -93263, -6.19
 750,237.00, -213995, -7.10, -122704, -8.14,  -91291, -6.06
 751,238.00, -211339, -7.01, -121595, -8.07,  -89744, -5.95
 752,239.00, -208875, -6.93, -120466, -7.99,  -88409, -5.87
 753,240.00, -205971, -6.83, -119269, -7.91,  -86702, -5.75
 754,241.00, -203354, -6.75, -118012, -7.83,  -85342, -5.66
 755,242.00, -200016, -6.63, -116598, -7.74,  -83418, -5.53
 756,243.00, -195594, -6.49, -114701, -7.61,  -80893, -5.37
 757,244.00, -190659, -6.32, -112263, -7.45,  -78396, -5.20
 758,245.00, -185475, -6.15, -109638, -7.27,  -75837, -5.03
 759,246.00, -180057, -5.97, -106752, -7.08,  -73305, -4.86
 760,247.00, -175341, -5.82, -104431, -6.93,  -70910, -4.70
 761,248.00, -170177, -5.65, -101687, -6.75,  -68490, -4.54
 762,249.00, -164787, -5.47,  -98574, -6.54,  -66213, -4.39
 763,250.00, -160747, -5.33,  -95707, -6.35,  -65040, -4.32
 764,251.00, -157142, -5.21,  -93568, -6.21,  -63574, -4.22
 765,252.00, -153519, -5.09,  -91974, -6.10,  -61545, -4.08
 766,253.00, -149143, -4.95,  -90106, -5.98,  -59037, -3.92
 767,254.00, -143927, -4.77,  -87111, -5.78,  -56816, -3.77
 768,255.00, -139063, -4.61,  -84182, -5.59,  -54881, -3.64
 769,256.00, -135977, -4.51,  -82364, -5.46,  -53613, -3.56
 770,257.00, -133417, -4.43,  -80657, -5.35,  -52760, -3.50
 771,258.00, -130651, -4.33,  -78831, -5.23,  -51820, -3.44
 772,259.00, -126794, -4.21,  -76881, -5.10,  -49913, -3.31
 773,260.00, -122417, -4.06,  -74845, -4.97,  -47572, -3.16
 774,261.00, -118596, -3.93,  -72927, -4.84,  -45669, -3.03
 775,262.00, -115649, -3.84,  -71450, -4.74,  -44199, -2.93
 776,263.00, -112469, -3.73,  -69296, -4.60,  -43173, -2.86
 777,264.00, -109559, -3.63,  -66995, -4.44,  -42564, -2.82
 778,265.00, -105622, -3.50,  -64822, -4.30,  -40800, -2.71
 779,266.00, -102018, -3.38,  -63167, -4.19,  -38851, -2.58
 780,267.00,  -98578, -3.27,  -61803, -4.10,  -36775, -2.44
 781,268.00,  -94983, -3.15,  -60552, -4.02,  -34431, -2.28
 782,269.00,  -91338, -3.03,  -58465, -3.88,  -32873, -2.18
 783,270.00,  -87268, -2.89,  -56132, -3.72,  -31136, -2.07
 784,271.00,  -82623, -2.74,  -53414, -3.54,  -29209, -1.94
 785,272.00,  -78485, -2.60,  -51264, -3.40,  -27221, -1.81
 786,273.00,  -74491, -2.47,  -49145, -3.26,  -25346, -1.68
 787,274.00,  -69555, -2.31,  -46626, -3.09,  -22929, -1.52
 788,275.00,  -64552, -2.14,  -43595, -2.89,  -20957, -1.39
 789,276.00,  -60269, -2.00,  -41382, -2.75,  -18887, -1.25
 790,277.00,  -56328, -1.87,  -39174, -2.60,  -17154, -1.14
 791,278.00,  -53695, -1.78,  -37604, -2.49,  -16091, -1.07
 792,279.00,  -51052, -1.69,  -36400, -2.41,  -14652, -0.97
 793,280.00,  -47357, -1.57,  -35391, -2.35,  -11966, -0.79
 794,281.00,  -42767, -1.42,  -33792, -2.24,   -8975, -0.60
 795,282.00,  -38302, -1.27,  -31791, -2.11,   -6511, -0.43
 796,283.00,  -33759, -1.12,  -29189, -1.94,   -4570, -0.30
 797,284.00,  -29163, -0.97,  -26768, -1.78,   -2395, -0.16
 798,285.00,  -24154, -0.80,  -24203, -1.61,      49,  0.00
 799,286.00,  -19520, -0.65,  -21680, -1.44,    2160,  0.14
 800,287.00,  -15420, -0.51,  -19390, -1.29,    3970,  0.26
 801,288.00,  -10611, -0.35,  -16797, -1.11,    6186,  0.41
 802,289.00,   -5691, -0.19,  -13919, -0.92,    8228,  0.55
 803,290.00,   -1571, -0.05,  -10747, -0.71,    9176,  0.61
 804,291.00,    2958,  0.10,   -7780, -0.52,   10738,  0.71
 805,292.00,    7667,  0.25,   -4536, -0.30,   12203,  0.81
 806,293.00,   11996,  0.40,   -1495, -0.10,   13491,  0.90
 807,294.00,   16432,  0.55,    1457,  0.10,   14975,  0.99
 808,295.00,   20823,  0.69,    4254,  0.28,   16569,  1.10
 809,296.00,   24710,  0.82,    6910,  0.46,   17800,  1.18
 810,297.00,   28787,  0.95,    9929,  0.66,   18858,  1.25
 811,298.00,   31866,  1.06,   12361,  0.82,   19505,  1.29
 812,299.00,   35651,  1.18,   14908,  0.99,   20743,  1.38
 813,300.00,   39518,  1.31,   17553,  1.16,   21965,  1.46
 814,301.00,   42506,  1.41,   19789,  1.31,   22717,  1.51
 815,302.00,   44969,  1.49,   22266,  1.48,   22703,  1.51
 816,303.00,   47455,  1.57,   24852,  1.65,   22603,  1.50
 817,304.00,   49606,  1.65,   26941,  1.79,   22665,  1.50
 818,305.00,   51108,  1.70,   28374,  1.88,   22734,  1.51
 819,306.00,   53084,  1.76,   29342,  1.95,   23742,  1.58
 820,307.00,   55536,  1.84,   30583,  2.03,   24953,  1.66
 821,308.00,   58126,  1.93,   31601,  2.10,   26525,  1.76
 822,309.00,   60244,  2.00,   32519,  2.16,   27725,  1.84
 823,310.00,   62568,  2.08,   33686,  2.23,   28882,  1.92
 824,311.00,   66672,  2.21,   35807,  2.38,   30865,  2.05
 825,312.00,   70360,  2.33,   38173,  2.53,   32187,  2.14
 826,313.00,   73610,  2.44,   40460,  2.68,   33150,  2.20
 827,314.00,   76137,  2.53,   41737,  2.77,   34400,  2.28
 828,315.00,   78696,  2.61,   43009,  2.85,   35687,  2.37
 829,316.00,   81145,  2.69,   43993,  2.92,   37152,  2.46
 830,317.00,   84917,  2.82,   45524,  3.02,   39393,  2.61
 831,318.00,   87953,  2.92,   46366,  3.08,   41587,  2.76
 832,319.00,   92543,  3.07,   48488,  3.22,   44055,  2.92
 833,320.00,   96845,  3.21,   50463,  3.35,   46382,  3.08
 834,321.00,  100763,  3.34,   52502,  3.48,   48261,  3.20
 835,322.00,  102924,  3.41,   54418,  3.61,   48506,  3.22
 836,323.00,  105003,  3.48,   56265,  3.73,   48738,  3.23
 837,324.00,  107434,  3.56,   58200,  3.86,   49234,  3.27
 838,325.00,  109830,  3.64,   59965,  3.98,   49865,  3.31
 839,326.00,  110486,  3.67,   60348,  4.00,   50138,  3.33
 840,327.00,  109894,  3.65,   59850,  3.97,   50044,  3.32
 841,328.00,  110738,  3.67,   60115,  3.99,   50623,  3.36
 842,329.00,  111545,  3.70,   60696,  4.03,   50849,  3.37
 843,330.00,  111315,  3.69,   61240,  4.06,   50075,  3.32
 844,331.00,  110277,  3.66,   61674,  4.09,   48603,  3.22
 845,332.00,  110172,  3.65,   62647,  4.16,   47525,  3.15
 846,333.00,  110221,  3.66,   64103,  4.25,   46118,  3.06
 847,334.00,  109130,  3.62,   64805,  4.30,   44325,  2.94
 848,335.00,  106220,  3.52,   64017,  4.25,   42203,  2.80
 849,336.00,  102673,  3.41,   62673,  4.16,   40000,  2.65
 850,337.00,   99301,  3.29,   61488,  4.08,   37813,  2.51
 851,338.00,   96314,  3.19,   60605,  4.02,   35709,  2.37
 852,339.00,   93767,  3.11,   59907,  3.97,   33860,  2.25
 853,340.00,   90410,  3.00,   58660,  3.89,   31750,  2.11
 854,341.00,   86863,  2.88,   56947,  3.78,   29916,  1.98
 855,342.00,   82186,  2.73,   54564,  3.62,   27622,  1.83
 856,343.00,   77475,  2.57,   52391,  3.48,   25084,  1.66
 857,344.00,   72655,  2.41,   49914,  3.31,   22741,  1.51
 858,345.00,   68570,  2.27,   47582,  3.16,   20988,  1.39
 859,346.00,   65061,  2.16,   45312,  3.01,   19749,  1.31
 860,347.00,   61395,  2.04,   42585,  2.83,   18810,  1.25
 861,348.00,   57522,  1.91,   39717,  2.64,   17805,  1.18
 862,349.00,   53375,  1.77,   36719,  2.44,   16656,  1.11
 863,350.00,   49546,  1.64,   33641,  2.23,   15905,  1.06
 864,351.00,   45620,  1.51,   30560,  2.03,   15060,  1.00
 865,352.00,   42717,  1.42,   28373,  1.88,   14344,  0.95
 866,353.00,   40367,  1.34,   26507,  1.76,   13860,  0.92
 867,354.00,   37233,  1.24,   24214,  1.61,   13019,  0.86
 868,355.00,   33291,  1.10,   21338,  1.42,   11953,  0.79
 869,356.00,   29670,  0.98,   18952,  1.26,   10718,  0.71
 870,357.00,   26485,  0.88,   17258,  1.14,    9227,  0.61
 871,358.00,   24054,  0.80,   15947,  1.06,    8107,  0.54
 872,359.00,   21523,  0.71,   14934,  0.99,    6589,  0.44
 873,360.00,   17891,  0.59,   13374,  0.89,    4517,  0.30
 874,361.00,   13862,  0.46,   11303,  0.75,    2559,  0.17
 875,362.00,   10350,  0.34,    9252,  0.61,    1098,  0.07
 876,363.00,    6539,  0.22,    7206,  0.48,    -667, -0.04
 877,364.00,    3698,  0.12,    5934,  0.39,   -2236, -0.15
 878,365.00,    1728,  0.06,    5529,  0.37,   -3801, -0.25
 879,366.00,     730,  0.02,    5468,  0.36,   -4738, -0.31
 880,367.00,   -1734, -0.06,    4640,  0.31,   -6374, -0.42
 881,368.00,   -5005, -0.17,    3496,  0.23,   -8501, -0.56
 882,369.00,   -7201, -0.24,    3056,  0.20,  -10257, -0.68
 883,370.00,   -8056, -0.27,    3342,  0.22,  -11398, -0.76
 884,371.00,   -8449, -0.28,    3910,  0.26,  -12359, -0.82
 885,372.00,   -8567, -0.28,    4521,  0.30,  -13088, -0.87
 886,373.00,   -8279, -0.27,    5069,  0.34,  -13348, -0.89
 887,374.00,   -7947, -0.26,    5918,  0.39,  -13865, -0.92
 888,375.00,   -7933, -0.26,    6962,  0.46,  -14895, -0.99
 889,376.00,   -7741, -0.26,    8268,  0.55,  -16009, -1.06
 890,377.00,   -6373, -0.21,   10106,  0.67,  -16479, -1.09
 891,378.00,   -5560, -0.18,   11290,  0.75,  -16850, -1.12
 892,379.00,   -5426, -0.18,   11710,  0.78,  -17136, -1.14
 893,380.00,   -6069, -0.20,   11169,  0.74,  -17238, -1.14
 894,381.00,   -7065, -0.23,   10873,  0.72,  -17938, -1.19
 895,382.00,   -7841, -0.26,   11175,  0.74,  -19016, -1.26
 896,383.00,   -8698, -0.29,   11832,  0.78,  -20530, -1.36
 897,384.00,   -8748, -0.29,   12274,  0.81,  -21022, -1.39
 898,385.00,   -8820, -0.29,   12488,  0.83,  -21308, -1.41
 899,386.00,   -9178, -0.30,   12077,  0.80,  -21255, -1.41
 900,387.00,   -9813, -0.33,   11418,  0.76,  -21231, -1.41
 901,388.00,  -10144, -0.34,   11242,  0.75,  -21386, -1.42
 902,389.00,   -9975, -0.33,   11317,  0.75,  -21292, -1.41
 903,390.00,   -8744, -0.29,   11753,  0.78,  -20497, -1.36
 904,391.00,   -7269, -0.24,   12131,  0.80,  -19400, -1.29
 905,392.00,   -5110, -0.17,   12575,  0.83,  -17685, -1.17
 906,393.00,   -2293, -0.08,   12863,  0.85,  -15156, -1.01
 907,394.00,     835,  0.03,   13268,  0.88,  -12433, -0.82
 908,395.00,    3010,  0.10,   13330,  0.88,  -10320, -0.68
 909,396.00,    5583,  0.19,   13793,  0.92,   -8210, -0.54
 910,397.00,    9000,  0.30,   14099,  0.94,   -5099, -0.34
 911,398.00,   13605,  0.45,   14264,  0.95,    -659, -0.04
 912,399.00,   18320,  0.61,   14091,  0.93,    4229,  0.28
 913,400.00,   22414,  0.74,   13628,  0.90,    8786,  0.58
 914,401.00,   26966,  0.89,   13169,  0.87,   13797,  0.92
 915,402.00,   31428,  1.04,   12712,  0.84,   18716,  1.24
 916,403.00,   35416,  1.17,   12146,  0.81,   23270,  1.54
 917,404.00,   40170,  1.33,   11912,  0.79,   28258,  1.87
 918,405.00,   45645,  1.51,   11847,  0.79,   33798,  2.24
 919,406.00,   50813,  1.69,   11375,  0.75,   39438,  2.62
 920,407.00,   54792,  1.82,   10366,  0.69,   44426,  2.95
 921,408.00,   58057,  1.93,    9155,  0.61,   48902,  3.24
 922,409.00,   61321,  2.03,    8588,  0.57,   52733,  3.50
 923,410.00,   65297,  2.17,    8577,  0.57,   56720,  3.76
 924,411.00,   68013,  2.26,    8414,  0.56,   59599,  3.95
 925,412.00,   71391,  2.37,    8746,  0.58,   62645,  4.16
 926,413.00,   75364,  2.50,    9220,  0.61,   66144,  4.39
 927,414.00,   78314,  2.60,    9185,  0.61,   69129,  4.59
 928,415.00,   80551,  2.67,    8787,  0.58,   71764,  4.76
 929,416.00,   82367,  2.73,    8795,  0.58,   73572,  4.88
 930,417.00,   85493,  2.84,    9854,  0.65,   75639,  5.02
 931,418.00,   88566,  2.94,   11225,  0.74,   77341,  5.13
 932,419.00,   92173,  3.06,   12455,  0.83,   79718,  5.29
 933,420.00,   95814,  3.18,   13580,  0.90,   82234,  5.46
 934,421.00,   98638,  3.27,   14826,  0.98,   83812,  5.56
 935,422.00,  100786,  3.34,   16127,  1.07,   84659,  5.62
 936,423.00,  102823,  3.41,   17924,  1.19,   84899,  5.63
 937,424.00,  104952,  3.48,   19391,  1.29,   85561,  5.68
 938,425.00,  107312,  3.56,   20805,  1.38,   86507,  5.74
 939,426.00,  109023,  3.62,   22182,  1.47,   86841,  5.76
 940,427.00,  111416,  3.70,   24326,  1.61,   87090,  5.78
 941,428.00,  114473,  3.80,   26754,  1.77,   87719,  5.82
 942,429.00,  117827,  3.91,   29602,  1.96,   88225,  5.85
 943,430.00,  120079,  3.98,   31843,  2.11,   88236,  5.85
 944,431.00,  121045,  4.02,   33474,  2.22,   87571,  5.81
 945,432.00,  121022,  4.01,   34460,  2.29,   86562,  5.74
 946,433.00,  121136,  4.02,   35534,  2.36,   85602,  5.68
 947,434.00,  121019,  4.01,   36407,  2.42,   84612,  5.61
 948,435.00,  121283,  4.02,   37757,  2.50,   83526,  5.54
 949,436.00,  121330,  4.02,   38649,  2.56,   82681,  5.49
 950,437.00,  120461,  4.00,   39127,  2.60,   81334,  5.40
 951,438.00,  119141,  3.95,   39220,  2.60,   79921,  5.30
 952,439.00,  116838,  3.88,   38881,  2.58,   77957,  5.17
 953,440.00,  115319,  3.83,   38820,  2.58,   76499,  5.08
 954,441.00,  114311,  3.79,   38967,  2.59,   75344,  5.00
 955,442.00,  113513,  3.77,   39203,  2.60,   74310,  4.93
 956,443.00,  112826,  3.74,   39336,  2.61,   73490,  4.88
 957,444.00,  112275,  3.72,   39406,  2.61,   72869,  4.83
 958,445.00,  112409,  3.73,   39934,  2.65,   72475,  4.81
 959,446.00,  112121,  3.72,   40181,  2.67,   71940,  4.77
 960,447.00,  110485,  3.67,   39804,  2.64,   70681,  4.69
 961,448.00,  108272,  3.59,   39495,  2.62,   68777,  4.56
 962,449.00,  106390,  3.53,   39184,  2.60,   67206,  4.46
 963,450.00,  104457,  3.47,   38554,  2.56,   65903,  4.37
 964,451.00,  102396,  3.40,   37754,  2.50,   64642,  4.29
 965,452.00,  100446,  3.33,   37034,  2.46,   63412,  4.21
 966,453.00,   99219,  3.29,   36326,  2.41,   62893,  4.17
 967,454.00,   97687,  3.24,   35614,  2.36,   62073,  4.12
 968,455.00,   96697,  3.21,   35401,  2.35,   61296,  4.07
 969,456.00,   95249,  3.16,   35661,  2.37,   59588,  3.95
 970,457.00,   94429,  3.13,   35410,  2.35,   59019,  3.92
 971,458.00,   93816,  3.11,   34743,  2.31,   59073,  3.92
 972,459.00,   93506,  3.10,   34183,  2.27,   59323,  3.94
 973,460.00,   92255,  3.06,   33235,  2.20,   59020,  3.92
 974,461.00,   91822,  3.05,   33073,  2.19,   58749,  3.90
 975,462.00,   91532,  3.04,   33013,  2.19,   58519,  3.88
 976,463.00,   90948,  3.02,   32922,  2.18,   58026,  3.85
 977,464.00,   90690,  3.01,   33412,  2.22,   57278,  3.80
 978,465.00,   90533,  3.00,   33138,  2.20,   57395,  3.81
 979,466.00,   90912,  3.02,   32875,  2.18,   58037,  3.85
 980,467.00,   91012,  3.02,   32141,  2.13,   58871,  3.91
 981,468.00,   91318,  3.03,   32056,  2.13,   59262,  3.93
 982,469.00,   91309,  3.03,   32288,  2.14,   59021,  3.92
 983,470.00,   91465,  3.03,   32513,  2.16,   58952,  3.91
 984,471.00,   91652,  3.04,   32654,  2.17,   58998,  3.91
 985,472.00,   91771,  3.04,   33345,  2.21,   58426,  3.88
 986,473.00,   91992,  3.05,   34076,  2.26,   57916,  3.84
 987,474.00,   92082,  3.05,   34286,  2.27,   57796,  3.83
 988,475.00,   91672,  3.04,   34578,  2.29,   57094,  3.79
 989,476.00,   90627,  3.01,   34109,  2.26,   56518,  3.75
 990,477.00,   90793,  3.01,   33876,  2.25,   56917,  3.78
 991,478.00,   90907,  3.02,   33353,  2.21,   57554,  3.82
 992,479.00,   90661,  3.01,   32860,  2.18,   57801,  3.83
 993,480.00,   89994,  2.99,   32054,  2.13,   57940,  3.84
 994,481.00,   90611,  3.01,   31517,  2.09,   59094,  3.92
 995,482.00,   91015,  3.02,   31002,  2.06,   60013,  3.98
 996,483.00,   91385,  3.03,   30480,  2.02,   60905,  4.04
 997,484.00,   91690,  3.04,   30118,  2.00,   61572,  4.08
 998,485.00,   92655,  3.07,   30350,  2.01,   62305,  4.13
 999,486.00,   93408,  3.10,   30289,  2.01,   63119,  4.19
1000,487.00,   93466,  3.10,   29855,  1.98,   63611,  4.22
1001,488.00,   92861,  3.08,   29051,  1.93,   63810,  4.23
1002,489.00,   93198,  3.09,   28549,  1.89,   64649,  4.29
1003,490.00,   94267,  3.13,   28356,  1.88,   65911,  4.37
1004,491.00,   96062,  3.19,   28675,  1.90,   67387,  4.47
1005,492.00,   98504,  3.27,   29498,  1.96,   69006,  4.58
1006,493.00,  100476,  3.33,   30096,  2.00,   70380,  4.67
1007,494.00,  102631,  3.40,   30854,  2.05,   71777,  4.76
1008,495.00,  105263,  3.49,   32248,  2.14,   73015,  4.84
1009,496.00,  108198,  3.59,   33801,  2.24,   74397,  4.94
1010,497.00,  111707,  3.71,   35580,  2.36,   76127,  5.05
1011,498.00,  114730,  3.81,   36838,  2.44,   77892,  5.17
1012,499.00,  117336,  3.89,   38137,  2.53,   79199,  5.25
1013,500.00,  120171,  3.99,   39210,  2.60,   80961,  5.37
1014,501.00,  123772,  4.11,   40446,  2.68,   83326,  5.53
1015,502.00,  127243,  4.22,   41462,  2.75,   85781,  5.69
1016,503.00,  130278,  4.32,   42717,  2.83,   87561,  5.81
1017,504.00,  132202,  4.39,   43596,  2.89,   88606,  5.88
1018,505.00,  132811,  4.41,   43563,  2.89,   89248,  5.92
1019,506.00,  133139,  4.42,   43641,  2.90,   89498,  5.94
1020,507.00,  134878,  4.47,   44762,  2.97,   90116,  5.98
1021,508.00,  136550,  4.53,   46038,  3.05,   90512,  6.00
1022,509.00,  138092,  4.58,   47163,  3.13,   90929,  6.03
1023,510.00,  139721,  4.63,   48538,  3.22,   91183,  6.05
1024,511.00,  140798,  4.67,   49698,  3.30,   91100,  6.04
