-----------------------------------------------------------------------------------
Identifier:,IHS5922-20174K01
File Name:,EFLP70B.6
Ear:,L
Channel:,2
Intensity:,70 dB HL
Stim. Rate:,  1.10/s
Stim. Mode:,0
Sweeps:,60
Artifacts:,0
Smp. Period:,1000.00 us
Amp. Gain:, 50.00 K
Low Pass:, 30.00 Hz
High Pass:,  1.00 Hz
Notch Filter:,TRUE
Stimulus:,100
Stim. Freq.:,1000 Hz
Stim. Dur.:,2000 pnts
Masking:,0 dB SPL
Stim. Point:,513
-----------------------------------------------------------------------------------
Peak Information:,Label,Peak(+),Peak(+)(ms),Peak(-),Peak(-)(ms)
,21, 888,375.00, 954,441.00,
-----------------------------------------------------------------------------------


Data Pnt:,Data Pnt(ms):,Average:,Average(uV):,Buffer1:,Buffer1(uV):,Buffer2:,Buffer2(uV):
   1,-512.00,       0,  0.00,       0,  0.00,       0,  0.00
   2,-511.00,       0,  0.00,       0,  0.00,       0,  0.00
   3,-510.00,       0,  0.00,       0,  0.00,       0,  0.00
   4,-509.00,       0,  0.00,       0,  0.00,       0,  0.00
   5,-508.00,       0,  0.00,       0,  0.00,       0,  0.00
   6,-507.00,       0,  0.00,       0,  0.00,       0,  0.00
   7,-506.00,       0,  0.00,       0,  0.00,       0,  0.00
   8,-505.00,       0,  0.00,       0,  0.00,       0,  0.00
   9,-504.00,       0,  0.00,       0,  0.00,       0,  0.00
  10,-503.00,       0,  0.00,       0,  0.00,       0,  0.00
  11,-502.00,       0,  0.00,       0,  0.00,       0,  0.00
  12,-501.00,       0,  0.00,       0,  0.00,       0,  0.00
  13,-500.00,       0,  0.00,       0,  0.00,       0,  0.00
  14,-499.00,       0,  0.00,       0,  0.00,       0,  0.00
  15,-498.00,       0,  0.00,       0,  0.00,       0,  0.00
  16,-497.00,       0,  0.00,       0,  0.00,       0,  0.00
  17,-496.00,       0,  0.00,       0,  0.00,       0,  0.00
  18,-495.00,       0,  0.00,       0,  0.00,       0,  0.00
  19,-494.00,       0,  0.00,       0,  0.00,       0,  0.00
  20,-493.00,       0,  0.00,       0,  0.00,       0,  0.00
  21,-492.00,       0,  0.00,       0,  0.00,       0,  0.00
  22,-491.00,       0,  0.00,       0,  0.00,       0,  0.00
  23,-490.00,       0,  0.00,       0,  0.00,       0,  0.00
  24,-489.00,       0,  0.00,       0,  0.00,       0,  0.00
  25,-488.00,       0,  0.00,       0,  0.00,       0,  0.00
  26,-487.00,       0,  0.00,       0,  0.00,       0,  0.00
  27,-486.00,       0,  0.00,       0,  0.00,       0,  0.00
  28,-485.00,       0,  0.00,       0,  0.00,       0,  0.00
  29,-484.00,       0,  0.00,       0,  0.00,       0,  0.00
  30,-483.00,       0,  0.00,       0,  0.00,       0,  0.00
  31,-482.00,       0,  0.00,       0,  0.00,       0,  0.00
  32,-481.00,       0,  0.00,       0,  0.00,       0,  0.00
  33,-480.00,       0,  0.00,       0,  0.00,       0,  0.00
  34,-479.00,       0,  0.00,       0,  0.00,       0,  0.00
  35,-478.00,       0,  0.00,       0,  0.00,       0,  0.00
  36,-477.00,       0,  0.00,       0,  0.00,       0,  0.00
  37,-476.00,       0,  0.00,       0,  0.00,       0,  0.00
  38,-475.00,       0,  0.00,       0,  0.00,       0,  0.00
  39,-474.00,       0,  0.00,       0,  0.00,       0,  0.00
  40,-473.00,       0,  0.00,       0,  0.00,       0,  0.00
  41,-472.00,       0,  0.00,       0,  0.00,       0,  0.00
  42,-471.00,       0,  0.00,       0,  0.00,       0,  0.00
  43,-470.00,       0,  0.00,       0,  0.00,       0,  0.00
  44,-469.00,       0,  0.00,       0,  0.00,       0,  0.00
  45,-468.00,       0,  0.00,       0,  0.00,       0,  0.00
  46,-467.00,       0,  0.00,       0,  0.00,       0,  0.00
  47,-466.00,       0,  0.00,       0,  0.00,       0,  0.00
  48,-465.00,       0,  0.00,       0,  0.00,       0,  0.00
  49,-464.00,       0,  0.00,       0,  0.00,       0,  0.00
  50,-463.00,       0,  0.00,       0,  0.00,       0,  0.00
  51,-462.00,       0,  0.00,       0,  0.00,       0,  0.00
  52,-461.00,       0,  0.00,       0,  0.00,       0,  0.00
  53,-460.00,       0,  0.00,       0,  0.00,       0,  0.00
  54,-459.00,       0,  0.00,       0,  0.00,       0,  0.00
  55,-458.00,       0,  0.00,       0,  0.00,       0,  0.00
  56,-457.00,       0,  0.00,       0,  0.00,       0,  0.00
  57,-456.00,       0,  0.00,       0,  0.00,       0,  0.00
  58,-455.00,       0,  0.00,       0,  0.00,       0,  0.00
  59,-454.00,       0,  0.00,       0,  0.00,       0,  0.00
  60,-453.00,       0,  0.00,       0,  0.00,       0,  0.00
  61,-452.00,       0,  0.00,       0,  0.00,       0,  0.00
  62,-451.00,       0,  0.00,       0,  0.00,       0,  0.00
  63,-450.00,       0,  0.00,       0,  0.00,       0,  0.00
  64,-449.00,       0,  0.00,       0,  0.00,       0,  0.00
  65,-448.00,       0,  0.00,       0,  0.00,       0,  0.00
  66,-447.00,       0,  0.00,       0,  0.00,       0,  0.00
  67,-446.00,       0,  0.00,       0,  0.00,       0,  0.00
  68,-445.00,       0,  0.00,       0,  0.00,       0,  0.00
  69,-444.00,       0,  0.00,       0,  0.00,       0,  0.00
  70,-443.00,       0,  0.00,       0,  0.00,       0,  0.00
  71,-442.00,       0,  0.00,       0,  0.00,       0,  0.00
  72,-441.00,       0,  0.00,       0,  0.00,       0,  0.00
  73,-440.00,       0,  0.00,       0,  0.00,       0,  0.00
  74,-439.00,       0,  0.00,       0,  0.00,       0,  0.00
  75,-438.00,       0,  0.00,       0,  0.00,       0,  0.00
  76,-437.00,       0,  0.00,       0,  0.00,       0,  0.00
  77,-436.00,       0,  0.00,       0,  0.00,       0,  0.00
  78,-435.00,       0,  0.00,       0,  0.00,       0,  0.00
  79,-434.00,       0,  0.00,       0,  0.00,       0,  0.00
  80,-433.00,       0,  0.00,       0,  0.00,       0,  0.00
  81,-432.00,       0,  0.00,       0,  0.00,       0,  0.00
  82,-431.00,       0,  0.00,       0,  0.00,       0,  0.00
  83,-430.00,       0,  0.00,       0,  0.00,       0,  0.00
  84,-429.00,       0,  0.00,       0,  0.00,       0,  0.00
  85,-428.00,       0,  0.00,       0,  0.00,       0,  0.00
  86,-427.00,       0,  0.00,       0,  0.00,       0,  0.00
  87,-426.00,       0,  0.00,       0,  0.00,       0,  0.00
  88,-425.00,       0,  0.00,       0,  0.00,       0,  0.00
  89,-424.00,       0,  0.00,       0,  0.00,       0,  0.00
  90,-423.00,       0,  0.00,       0,  0.00,       0,  0.00
  91,-422.00,       0,  0.00,       0,  0.00,       0,  0.00
  92,-421.00,       0,  0.00,       0,  0.00,       0,  0.00
  93,-420.00,       0,  0.00,       0,  0.00,       0,  0.00
  94,-419.00,       0,  0.00,       0,  0.00,       0,  0.00
  95,-418.00,       0,  0.00,       0,  0.00,       0,  0.00
  96,-417.00,       0,  0.00,       0,  0.00,       0,  0.00
  97,-416.00,       0,  0.00,       0,  0.00,       0,  0.00
  98,-415.00,       0,  0.00,       0,  0.00,       0,  0.00
  99,-414.00,       0,  0.00,       0,  0.00,       0,  0.00
 100,-413.00,       0,  0.00,       0,  0.00,       0,  0.00
 101,-412.00,       0,  0.00,       0,  0.00,       0,  0.00
 102,-411.00,       0,  0.00,       0,  0.00,       0,  0.00
 103,-410.00,       0,  0.00,       0,  0.00,       0,  0.00
 104,-409.00,       0,  0.00,       0,  0.00,       0,  0.00
 105,-408.00,       0,  0.00,       0,  0.00,       0,  0.00
 106,-407.00,       0,  0.00,       0,  0.00,       0,  0.00
 107,-406.00,       0,  0.00,       0,  0.00,       0,  0.00
 108,-405.00,       0,  0.00,       0,  0.00,       0,  0.00
 109,-404.00,       0,  0.00,       0,  0.00,       0,  0.00
 110,-403.00,       0,  0.00,       0,  0.00,       0,  0.00
 111,-402.00,       0,  0.00,       0,  0.00,       0,  0.00
 112,-401.00,       0,  0.00,       0,  0.00,       0,  0.00
 113,-400.00,       0,  0.00,       0,  0.00,       0,  0.00
 114,-399.00,       0,  0.00,       0,  0.00,       0,  0.00
 115,-398.00,       0,  0.00,       0,  0.00,       0,  0.00
 116,-397.00,   -1737, -0.18,   -9118, -1.86,    7381,  1.50
 117,-396.00,   -2022, -0.21,   -8288, -1.69,    6266,  1.27
 118,-395.00,   -1136, -0.12,   -7029, -1.43,    5893,  1.20
 119,-394.00,    -519, -0.05,   -5914, -1.20,    5395,  1.10
 120,-393.00,    -716, -0.07,   -5224, -1.06,    4508,  0.92
 121,-392.00,   -1217, -0.12,   -4761, -0.97,    3544,  0.72
 122,-391.00,    -644, -0.07,   -3805, -0.77,    3161,  0.64
 123,-390.00,    -223, -0.02,   -2926, -0.60,    2703,  0.55
 124,-389.00,     -66, -0.00,   -2159, -0.44,    2093,  0.43
 125,-388.00,     153,  0.02,   -1163, -0.24,    1316,  0.27
 126,-387.00,     254,  0.03,    -483, -0.10,     737,  0.15
 127,-386.00,     502,  0.05,     159,  0.03,     343,  0.07
 128,-385.00,     958,  0.10,     926,  0.19,      32,  0.00
 129,-384.00,    1604,  0.16,    1837,  0.37,    -233, -0.05
 130,-383.00,    1900,  0.19,    2402,  0.49,    -502, -0.10
 131,-382.00,    2458,  0.25,    3185,  0.65,    -727, -0.15
 132,-381.00,    3487,  0.35,    3824,  0.78,    -337, -0.07
 133,-380.00,    4160,  0.42,    3897,  0.79,     263,  0.05
 134,-379.00,    4198,  0.43,    3739,  0.76,     459,  0.09
 135,-378.00,    4374,  0.44,    3976,  0.81,     398,  0.08
 136,-377.00,    5473,  0.56,    4825,  0.98,     648,  0.13
 137,-376.00,    6174,  0.63,    5392,  1.10,     782,  0.16
 138,-375.00,    6599,  0.67,    5455,  1.11,    1144,  0.23
 139,-374.00,    7292,  0.74,    5640,  1.15,    1652,  0.34
 140,-373.00,    7758,  0.79,    5689,  1.16,    2069,  0.42
 141,-372.00,    8038,  0.82,    5775,  1.17,    2263,  0.46
 142,-371.00,    8521,  0.87,    6051,  1.23,    2470,  0.50
 143,-370.00,    8880,  0.90,    6115,  1.24,    2765,  0.56
 144,-369.00,    9484,  0.96,    6138,  1.25,    3346,  0.68
 145,-368.00,   10037,  1.02,    6205,  1.26,    3832,  0.78
 146,-367.00,   10402,  1.06,    6166,  1.25,    4236,  0.86
 147,-366.00,   10991,  1.12,    6370,  1.30,    4621,  0.94
 148,-365.00,   11646,  1.18,    6400,  1.30,    5246,  1.07
 149,-364.00,   12284,  1.25,    6506,  1.32,    5778,  1.18
 150,-363.00,   12857,  1.31,    6607,  1.34,    6250,  1.27
 151,-362.00,   13214,  1.34,    6404,  1.30,    6810,  1.39
 152,-361.00,   13768,  1.40,    6140,  1.25,    7628,  1.55
 153,-360.00,   14136,  1.44,    5832,  1.19,    8304,  1.69
 154,-359.00,   13702,  1.39,    5012,  1.02,    8690,  1.77
 155,-358.00,   13329,  1.36,    4457,  0.91,    8872,  1.81
 156,-357.00,   13811,  1.40,    4593,  0.93,    9218,  1.88
 157,-356.00,   13877,  1.41,    4422,  0.90,    9455,  1.92
 158,-355.00,   14242,  1.45,    4162,  0.85,   10080,  2.05
 159,-354.00,   14663,  1.49,    3919,  0.80,   10744,  2.19
 160,-353.00,   14797,  1.51,    3726,  0.76,   11071,  2.25
 161,-352.00,   15308,  1.56,    3912,  0.80,   11396,  2.32
 162,-351.00,   15526,  1.58,    3929,  0.80,   11597,  2.36
 163,-350.00,   15783,  1.61,    4077,  0.83,   11706,  2.38
 164,-349.00,   15451,  1.57,    3470,  0.71,   11981,  2.44
 165,-348.00,   15378,  1.56,    2645,  0.54,   12733,  2.59
 166,-347.00,   16010,  1.63,    2541,  0.52,   13469,  2.74
 167,-346.00,   16536,  1.68,    2608,  0.53,   13928,  2.83
 168,-345.00,   16969,  1.73,    2642,  0.54,   14327,  2.91
 169,-344.00,   17060,  1.74,    2453,  0.50,   14607,  2.97
 170,-343.00,   17179,  1.75,    2070,  0.42,   15109,  3.07
 171,-342.00,   17009,  1.73,    1552,  0.32,   15457,  3.14
 172,-341.00,   16557,  1.68,    1145,  0.23,   15412,  3.14
 173,-340.00,   16435,  1.67,     987,  0.20,   15448,  3.14
 174,-339.00,   16351,  1.66,     913,  0.19,   15438,  3.14
 175,-338.00,   16777,  1.71,    1138,  0.23,   15639,  3.18
 176,-337.00,   17415,  1.77,    1204,  0.24,   16211,  3.30
 177,-336.00,   17769,  1.81,    1343,  0.27,   16426,  3.34
 178,-335.00,   17428,  1.77,    1282,  0.26,   16146,  3.29
 179,-334.00,   16842,  1.71,     927,  0.19,   15915,  3.24
 180,-333.00,   15898,  1.62,     317,  0.06,   15581,  3.17
 181,-332.00,   14854,  1.51,    -167, -0.03,   15021,  3.06
 182,-331.00,   14228,  1.45,    -203, -0.04,   14431,  2.94
 183,-330.00,   14317,  1.46,       4,  0.00,   14313,  2.91
 184,-329.00,   14639,  1.49,     664,  0.14,   13975,  2.84
 185,-328.00,   14825,  1.51,    1194,  0.24,   13631,  2.77
 186,-327.00,   14561,  1.48,    1494,  0.30,   13067,  2.66
 187,-326.00,   13960,  1.42,    1559,  0.32,   12401,  2.52
 188,-325.00,   12715,  1.29,    1347,  0.27,   11368,  2.31
 189,-324.00,   11072,  1.13,    1072,  0.22,   10000,  2.03
 190,-323.00,    9422,  0.96,     629,  0.13,    8793,  1.79
 191,-322.00,    8049,  0.82,     315,  0.06,    7734,  1.57
 192,-321.00,    6700,  0.68,     -35, -0.00,    6735,  1.37
 193,-320.00,    5406,  0.55,    -338, -0.07,    5744,  1.17
 194,-319.00,    4214,  0.43,    -469, -0.10,    4683,  0.95
 195,-318.00,    2946,  0.30,    -543, -0.11,    3489,  0.71
 196,-317.00,    1685,  0.17,    -758, -0.15,    2443,  0.50
 197,-316.00,     379,  0.04,   -1167, -0.24,    1546,  0.31
 198,-315.00,    -610, -0.06,   -1301, -0.26,     691,  0.14
 199,-314.00,   -1858, -0.19,   -1481, -0.30,    -377, -0.08
 200,-313.00,   -3356, -0.34,   -1762, -0.36,   -1594, -0.32
 201,-312.00,   -4765, -0.48,   -2122, -0.43,   -2643, -0.54
 202,-311.00,   -6019, -0.61,   -2624, -0.53,   -3395, -0.69
 203,-310.00,   -6910, -0.70,   -2980, -0.61,   -3930, -0.80
 204,-309.00,   -8019, -0.82,   -3345, -0.68,   -4674, -0.95
 205,-308.00,   -9458, -0.96,   -3817, -0.78,   -5641, -1.15
 206,-307.00,  -10837, -1.10,   -4084, -0.83,   -6753, -1.37
 207,-306.00,  -12285, -1.25,   -4464, -0.91,   -7821, -1.59
 208,-305.00,  -13015, -1.32,   -4558, -0.93,   -8457, -1.72
 209,-304.00,  -13685, -1.39,   -4570, -0.93,   -9115, -1.85
 210,-303.00,  -14665, -1.49,   -4499, -0.92,  -10166, -2.07
 211,-302.00,  -15984, -1.63,   -4592, -0.93,  -11392, -2.32
 212,-301.00,  -17487, -1.78,   -4935, -1.00,  -12552, -2.55
 213,-300.00,  -18676, -1.90,   -5178, -1.05,  -13498, -2.75
 214,-299.00,  -19892, -2.02,   -5439, -1.11,  -14453, -2.94
 215,-298.00,  -20413, -2.08,   -5262, -1.07,  -15151, -3.08
 216,-297.00,  -21073, -2.14,   -4905, -1.00,  -16168, -3.29
 217,-296.00,  -21565, -2.19,   -4451, -0.91,  -17114, -3.48
 218,-295.00,  -21356, -2.17,   -4195, -0.85,  -17161, -3.49
 219,-294.00,  -20824, -2.12,   -3821, -0.78,  -17003, -3.46
 220,-293.00,  -20389, -2.07,   -3400, -0.69,  -16989, -3.46
 221,-292.00,  -19861, -2.02,   -3293, -0.67,  -16568, -3.37
 222,-291.00,  -19399, -1.97,   -3292, -0.67,  -16107, -3.28
 223,-290.00,  -19156, -1.95,   -3417, -0.70,  -15739, -3.20
 224,-289.00,  -18713, -1.90,   -3457, -0.70,  -15256, -3.10
 225,-288.00,  -17626, -1.79,   -3210, -0.65,  -14416, -2.93
 226,-287.00,  -16682, -1.70,   -3072, -0.63,  -13610, -2.77
 227,-286.00,  -15899, -1.62,   -3225, -0.66,  -12674, -2.58
 228,-285.00,  -15132, -1.54,   -3317, -0.67,  -11815, -2.40
 229,-284.00,  -14606, -1.49,   -3805, -0.77,  -10801, -2.20
 230,-283.00,  -13978, -1.42,   -4158, -0.85,   -9820, -2.00
 231,-282.00,  -13539, -1.38,   -4478, -0.91,   -9061, -1.84
 232,-281.00,  -13108, -1.33,   -4821, -0.98,   -8287, -1.69
 233,-280.00,  -12991, -1.32,   -5537, -1.13,   -7454, -1.52
 234,-279.00,  -12543, -1.28,   -6184, -1.26,   -6359, -1.29
 235,-278.00,  -11553, -1.18,   -6596, -1.34,   -4957, -1.01
 236,-277.00,  -10516, -1.07,   -6878, -1.40,   -3638, -0.74
 237,-276.00,   -9797, -1.00,   -7263, -1.48,   -2534, -0.52
 238,-275.00,   -8858, -0.90,   -7543, -1.53,   -1315, -0.27
 239,-274.00,   -7778, -0.79,   -7758, -1.58,     -20, -0.00
 240,-273.00,   -6806, -0.69,   -7736, -1.57,     930,  0.19
 241,-272.00,   -6278, -0.64,   -8032, -1.63,    1754,  0.36
 242,-271.00,   -6118, -0.62,   -8443, -1.72,    2325,  0.47
 243,-270.00,   -5217, -0.53,   -8787, -1.79,    3570,  0.73
 244,-269.00,   -3940, -0.40,   -9007, -1.83,    5067,  1.03
 245,-268.00,   -2156, -0.22,   -8681, -1.77,    6525,  1.33
 246,-267.00,    -809, -0.08,   -8532, -1.74,    7723,  1.57
 247,-266.00,     358,  0.04,   -8521, -1.73,    8879,  1.81
 248,-265.00,    1461,  0.15,   -8543, -1.74,   10004,  2.04
 249,-264.00,    2872,  0.29,   -8337, -1.70,   11209,  2.28
 250,-263.00,    4211,  0.43,   -7851, -1.60,   12062,  2.45
 251,-262.00,    5027,  0.51,   -7550, -1.54,   12577,  2.56
 252,-261.00,    5954,  0.61,   -7388, -1.50,   13342,  2.71
 253,-260.00,    6893,  0.70,   -7364, -1.50,   14257,  2.90
 254,-259.00,    7293,  0.74,   -7302, -1.49,   14595,  2.97
 255,-258.00,    7921,  0.81,   -7138, -1.45,   15059,  3.06
 256,-257.00,    8242,  0.84,   -7186, -1.46,   15428,  3.14
 257,-256.00,    8788,  0.89,   -7213, -1.47,   16001,  3.26
 258,-255.00,    9252,  0.94,   -7369, -1.50,   16621,  3.38
 259,-254.00,    9282,  0.94,   -7792, -1.59,   17074,  3.47
 260,-253.00,    9227,  0.94,   -8186, -1.67,   17413,  3.54
 261,-252.00,    9625,  0.98,   -8168, -1.66,   17793,  3.62
 262,-251.00,    9876,  1.00,   -8124, -1.65,   18000,  3.66
 263,-250.00,    9893,  1.01,   -7992, -1.63,   17885,  3.64
 264,-249.00,    9498,  0.97,   -7995, -1.63,   17493,  3.56
 265,-248.00,    9614,  0.98,   -7967, -1.62,   17581,  3.58
 266,-247.00,    9867,  1.00,   -7825, -1.59,   17692,  3.60
 267,-246.00,   10102,  1.03,   -7638, -1.55,   17740,  3.61
 268,-245.00,    9933,  1.01,   -7349, -1.50,   17282,  3.52
 269,-244.00,    9422,  0.96,   -7298, -1.48,   16720,  3.40
 270,-243.00,    8891,  0.90,   -7224, -1.47,   16115,  3.28
 271,-242.00,    8778,  0.89,   -6495, -1.32,   15273,  3.11
 272,-241.00,    9378,  0.95,   -5499, -1.12,   14877,  3.03
 273,-240.00,    9811,  1.00,   -4551, -0.93,   14362,  2.92
 274,-239.00,    9595,  0.98,   -3746, -0.76,   13341,  2.71
 275,-238.00,    9303,  0.95,   -3184, -0.65,   12487,  2.54
 276,-237.00,    9634,  0.98,   -2375, -0.48,   12009,  2.44
 277,-236.00,   10386,  1.06,   -1316, -0.27,   11702,  2.38
 278,-235.00,   10821,  1.10,    -403, -0.08,   11224,  2.28
 279,-234.00,   11327,  1.15,     887,  0.18,   10440,  2.12
 280,-233.00,   11795,  1.20,    2064,  0.42,    9731,  1.98
 281,-232.00,   11858,  1.21,    2583,  0.53,    9275,  1.89
 282,-231.00,   11707,  1.19,    2821,  0.57,    8886,  1.81
 283,-230.00,   11414,  1.16,    3228,  0.66,    8186,  1.67
 284,-229.00,   11186,  1.14,    4009,  0.82,    7177,  1.46
 285,-228.00,   11257,  1.15,    4693,  0.95,    6564,  1.34
 286,-227.00,   11750,  1.20,    5366,  1.09,    6384,  1.30
 287,-226.00,   11738,  1.19,    5521,  1.12,    6217,  1.26
 288,-225.00,   11319,  1.15,    5575,  1.13,    5744,  1.17
 289,-224.00,   10903,  1.11,    5725,  1.16,    5178,  1.05
 290,-223.00,   10808,  1.10,    5984,  1.22,    4824,  0.98
 291,-222.00,   10769,  1.10,    6272,  1.28,    4497,  0.91
 292,-221.00,   10805,  1.10,    6467,  1.32,    4338,  0.88
 293,-220.00,   10882,  1.11,    6489,  1.32,    4393,  0.89
 294,-219.00,   10382,  1.06,    6262,  1.27,    4120,  0.84
 295,-218.00,   10056,  1.02,    6422,  1.31,    3634,  0.74
 296,-217.00,    9578,  0.97,    6558,  1.33,    3020,  0.61
 297,-216.00,    9307,  0.95,    6697,  1.36,    2610,  0.53
 298,-215.00,    9352,  0.95,    6823,  1.39,    2529,  0.51
 299,-214.00,    9121,  0.93,    6532,  1.33,    2589,  0.53
 300,-213.00,    8471,  0.86,    6122,  1.25,    2349,  0.48
 301,-212.00,    7823,  0.80,    5775,  1.17,    2048,  0.42
 302,-211.00,    7542,  0.77,    5941,  1.21,    1601,  0.33
 303,-210.00,    6765,  0.69,    5920,  1.20,     845,  0.17
 304,-209.00,    6439,  0.66,    5962,  1.21,     477,  0.10
 305,-208.00,    6234,  0.63,    6036,  1.23,     198,  0.04
 306,-207.00,    5640,  0.57,    5963,  1.21,    -323, -0.07
 307,-206.00,    5050,  0.51,    5934,  1.21,    -884, -0.18
 308,-205.00,    4296,  0.44,    5909,  1.20,   -1613, -0.33
 309,-204.00,    4031,  0.41,    6307,  1.28,   -2276, -0.46
 310,-203.00,    4126,  0.42,    6662,  1.36,   -2536, -0.52
 311,-202.00,    4196,  0.43,    6912,  1.41,   -2716, -0.55
 312,-201.00,    4098,  0.42,    7428,  1.51,   -3330, -0.68
 313,-200.00,    4076,  0.41,    8024,  1.63,   -3948, -0.80
 314,-199.00,    4244,  0.43,    8314,  1.69,   -4070, -0.83
 315,-198.00,    3559,  0.36,    8145,  1.66,   -4586, -0.93
 316,-197.00,    3024,  0.31,    7886,  1.60,   -4862, -0.99
 317,-196.00,    3371,  0.34,    8189,  1.67,   -4818, -0.98
 318,-195.00,    4197,  0.43,    8769,  1.78,   -4572, -0.93
 319,-194.00,    4893,  0.50,    8908,  1.81,   -4015, -0.82
 320,-193.00,    4818,  0.49,    8582,  1.75,   -3764, -0.77
 321,-192.00,    4665,  0.47,    8142,  1.66,   -3477, -0.71
 322,-191.00,    4153,  0.42,    7790,  1.58,   -3637, -0.74
 323,-190.00,    3017,  0.31,    7298,  1.48,   -4281, -0.87
 324,-189.00,    2794,  0.28,    7215,  1.47,   -4421, -0.90
 325,-188.00,    2863,  0.29,    6858,  1.40,   -3995, -0.81
 326,-187.00,    3091,  0.31,    6402,  1.30,   -3311, -0.67
 327,-186.00,    2998,  0.30,    5895,  1.20,   -2897, -0.59
 328,-185.00,    2035,  0.21,    4946,  1.01,   -2911, -0.59
 329,-184.00,     790,  0.08,    3617,  0.74,   -2827, -0.58
 330,-183.00,    -382, -0.04,    2208,  0.45,   -2590, -0.53
 331,-182.00,   -1289, -0.13,    1036,  0.21,   -2325, -0.47
 332,-181.00,   -1773, -0.18,      80,  0.02,   -1853, -0.38
 333,-180.00,   -2110, -0.21,    -720, -0.15,   -1390, -0.28
 334,-179.00,   -2390, -0.24,   -1554, -0.32,    -836, -0.17
 335,-178.00,   -3271, -0.33,   -2814, -0.57,    -457, -0.09
 336,-177.00,   -3435, -0.35,   -3487, -0.71,      52,  0.01
 337,-176.00,   -3329, -0.34,   -4158, -0.85,     829,  0.17
 338,-175.00,   -3246, -0.33,   -4902, -1.00,    1656,  0.34
 339,-174.00,   -3096, -0.31,   -5509, -1.12,    2413,  0.49
 340,-173.00,   -2235, -0.23,   -5668, -1.15,    3433,  0.70
 341,-172.00,   -1420, -0.14,   -5955, -1.21,    4535,  0.92
 342,-171.00,    -805, -0.08,   -6620, -1.35,    5815,  1.18
 343,-170.00,     164,  0.02,   -7125, -1.45,    7289,  1.48
 344,-169.00,    1032,  0.10,   -7673, -1.56,    8705,  1.77
 345,-168.00,    1387,  0.14,   -8408, -1.71,    9795,  1.99
 346,-167.00,    2139,  0.22,   -8583, -1.75,   10722,  2.18
 347,-166.00,    3333,  0.34,   -8764, -1.78,   12097,  2.46
 348,-165.00,    4073,  0.41,   -9453, -1.92,   13526,  2.75
 349,-164.00,    4674,  0.48,  -10059, -2.05,   14733,  3.00
 350,-163.00,    5021,  0.51,  -10713, -2.18,   15734,  3.20
 351,-162.00,    5285,  0.54,  -11018, -2.24,   16303,  3.32
 352,-161.00,    5744,  0.58,  -11396, -2.32,   17140,  3.49
 353,-160.00,    6022,  0.61,  -12271, -2.50,   18293,  3.72
 354,-159.00,    6206,  0.63,  -13093, -2.66,   19299,  3.93
 355,-158.00,    6332,  0.64,  -13721, -2.79,   20053,  4.08
 356,-157.00,    6672,  0.68,  -14009, -2.85,   20681,  4.21
 357,-156.00,    6669,  0.68,  -14374, -2.92,   21043,  4.28
 358,-155.00,    6712,  0.68,  -14575, -2.97,   21287,  4.33
 359,-154.00,    6388,  0.65,  -14904, -3.03,   21292,  4.33
 360,-153.00,    5496,  0.56,  -15513, -3.16,   21009,  4.27
 361,-152.00,    5431,  0.55,  -15531, -3.16,   20962,  4.26
 362,-151.00,    5647,  0.57,  -15593, -3.17,   21240,  4.32
 363,-150.00,    5799,  0.59,  -15647, -3.18,   21446,  4.36
 364,-149.00,    6275,  0.64,  -15682, -3.19,   21957,  4.47
 365,-148.00,    6993,  0.71,  -15428, -3.14,   22421,  4.56
 366,-147.00,    8107,  0.82,  -15068, -3.07,   23175,  4.72
 367,-146.00,    9106,  0.93,  -14502, -2.95,   23608,  4.80
 368,-145.00,    9911,  1.01,  -13905, -2.83,   23816,  4.85
 369,-144.00,   10783,  1.10,  -13453, -2.74,   24236,  4.93
 370,-143.00,   11247,  1.14,  -13061, -2.66,   24308,  4.95
 371,-142.00,   11681,  1.19,  -12689, -2.58,   24370,  4.96
 372,-141.00,   12960,  1.32,  -12014, -2.44,   24974,  5.08
 373,-140.00,   14601,  1.49,  -10801, -2.20,   25402,  5.17
 374,-139.00,   14895,  1.52,  -10455, -2.13,   25350,  5.16
 375,-138.00,   14540,  1.48,  -10598, -2.16,   25138,  5.11
 376,-137.00,   14761,  1.50,  -10587, -2.15,   25348,  5.16
 377,-136.00,   14669,  1.49,  -10811, -2.20,   25480,  5.18
 378,-135.00,   14968,  1.52,  -10288, -2.09,   25256,  5.14
 379,-134.00,   15581,  1.59,   -9378, -1.91,   24959,  5.08
 380,-133.00,   15771,  1.60,   -8453, -1.72,   24224,  4.93
 381,-132.00,   15892,  1.62,   -7893, -1.61,   23785,  4.84
 382,-131.00,   16014,  1.63,   -7643, -1.56,   23657,  4.81
 383,-130.00,   16090,  1.64,   -7325, -1.49,   23415,  4.76
 384,-129.00,   16139,  1.64,   -6766, -1.38,   22905,  4.66
 385,-128.00,   16673,  1.70,   -5803, -1.18,   22476,  4.57
 386,-127.00,   16951,  1.72,   -5140, -1.05,   22091,  4.49
 387,-126.00,   16846,  1.71,   -4811, -0.98,   21657,  4.41
 388,-125.00,   17007,  1.73,   -4010, -0.82,   21017,  4.28
 389,-124.00,   17904,  1.82,   -2959, -0.60,   20863,  4.24
 390,-123.00,   18447,  1.88,   -2245, -0.46,   20692,  4.21
 391,-122.00,   18265,  1.86,   -1517, -0.31,   19782,  4.02
 392,-121.00,   18247,  1.86,    -876, -0.18,   19123,  3.89
 393,-120.00,   18098,  1.84,    -624, -0.13,   18722,  3.81
 394,-119.00,   17703,  1.80,    -533, -0.11,   18236,  3.71
 395,-118.00,   17401,  1.77,    -342, -0.07,   17743,  3.61
 396,-117.00,   17319,  1.76,     103,  0.02,   17216,  3.50
 397,-116.00,   16671,  1.70,     344,  0.07,   16327,  3.32
 398,-115.00,   15838,  1.61,     637,  0.13,   15201,  3.09
 399,-114.00,   14787,  1.50,     640,  0.13,   14147,  2.88
 400,-113.00,   13520,  1.38,     620,  0.13,   12900,  2.62
 401,-112.00,   12065,  1.23,     637,  0.13,   11428,  2.33
 402,-111.00,   10075,  1.02,     263,  0.05,    9812,  2.00
 403,-110.00,    7572,  0.77,    -387, -0.08,    7959,  1.62
 404,-109.00,    5665,  0.58,    -952, -0.19,    6617,  1.35
 405,-108.00,    3745,  0.38,   -1339, -0.27,    5084,  1.03
 406,-107.00,    1026,  0.10,   -1872, -0.38,    2898,  0.59
 407,-106.00,   -1730, -0.18,   -2193, -0.45,     463,  0.09
 408,-105.00,   -3826, -0.39,   -2470, -0.50,   -1356, -0.28
 409,-104.00,   -5866, -0.60,   -2705, -0.55,   -3161, -0.64
 410,-103.00,   -8550, -0.87,   -3051, -0.62,   -5499, -1.12
 411,-102.00,  -11838, -1.20,   -3644, -0.74,   -8194, -1.67
 412,-101.00,  -14543, -1.48,   -4109, -0.84,  -10434, -2.12
 413,-100.00,  -17472, -1.78,   -4595, -0.93,  -12877, -2.62
 414,-99.00,  -19964, -2.03,   -4930, -1.00,  -15034, -3.06
 415,-98.00,  -22271, -2.27,   -5173, -1.05,  -17098, -3.48
 416,-97.00,  -25067, -2.55,   -5680, -1.16,  -19387, -3.94
 417,-96.00,  -28211, -2.87,   -6537, -1.33,  -21674, -4.41
 418,-95.00,  -31249, -3.18,   -7589, -1.54,  -23660, -4.81
 419,-94.00,  -34035, -3.46,   -8490, -1.73,  -25545, -5.20
 420,-93.00,  -37050, -3.77,   -9350, -1.90,  -27700, -5.64
 421,-92.00,  -39572, -4.03,  -10274, -2.09,  -29298, -5.96
 422,-91.00,  -41554, -4.23,  -10983, -2.23,  -30571, -6.22
 423,-90.00,  -43106, -4.39,  -11310, -2.30,  -31796, -6.47
 424,-89.00,  -44388, -4.52,  -11304, -2.30,  -33084, -6.73
 425,-88.00,  -45311, -4.61,  -11488, -2.34,  -33823, -6.88
 426,-87.00,  -46674, -4.75,  -11995, -2.44,  -34679, -7.06
 427,-86.00,  -47955, -4.88,  -12149, -2.47,  -35806, -7.28
 428,-85.00,  -48731, -4.96,  -12159, -2.47,  -36572, -7.44
 429,-84.00,  -48968, -4.98,  -12045, -2.45,  -36923, -7.51
 430,-83.00,  -48697, -4.95,  -11574, -2.35,  -37123, -7.55
 431,-82.00,  -48695, -4.95,  -11313, -2.30,  -37382, -7.61
 432,-81.00,  -48142, -4.90,  -10958, -2.23,  -37184, -7.57
 433,-80.00,  -47182, -4.80,  -10286, -2.09,  -36896, -7.51
 434,-79.00,  -46533, -4.73,   -9637, -1.96,  -36896, -7.51
 435,-78.00,  -45589, -4.64,   -8970, -1.83,  -36619, -7.45
 436,-77.00,  -44519, -4.53,   -8467, -1.72,  -36052, -7.34
 437,-76.00,  -43211, -4.40,   -7859, -1.60,  -35352, -7.19
 438,-75.00,  -41850, -4.26,   -7198, -1.46,  -34652, -7.05
 439,-74.00,  -40601, -4.13,   -6498, -1.32,  -34103, -6.94
 440,-73.00,  -39467, -4.01,   -5736, -1.17,  -33731, -6.86
 441,-72.00,  -38129, -3.88,   -4781, -0.97,  -33348, -6.78
 442,-71.00,  -36680, -3.73,   -3925, -0.80,  -32755, -6.66
 443,-70.00,  -35507, -3.61,   -3338, -0.68,  -32169, -6.54
 444,-69.00,  -34619, -3.52,   -3189, -0.65,  -31430, -6.39
 445,-68.00,  -33368, -3.39,   -2746, -0.56,  -30622, -6.23
 446,-67.00,  -32016, -3.26,   -2113, -0.43,  -29903, -6.08
 447,-66.00,  -30869, -3.14,   -1809, -0.37,  -29060, -5.91
 448,-65.00,  -29385, -2.99,   -1425, -0.29,  -27960, -5.69
 449,-64.00,  -28240, -2.87,   -1152, -0.23,  -27088, -5.51
 450,-63.00,  -26923, -2.74,    -742, -0.15,  -26181, -5.33
 451,-62.00,  -25631, -2.61,    -693, -0.14,  -24938, -5.07
 452,-61.00,  -24547, -2.50,    -652, -0.13,  -23895, -4.86
 453,-60.00,  -23947, -2.44,   -1028, -0.21,  -22919, -4.66
 454,-59.00,  -23542, -2.39,   -1641, -0.33,  -21901, -4.46
 455,-58.00,  -22300, -2.27,   -1689, -0.34,  -20611, -4.19
 456,-57.00,  -20484, -2.08,   -1294, -0.26,  -19190, -3.90
 457,-56.00,  -18858, -1.92,   -1023, -0.21,  -17835, -3.63
 458,-55.00,  -16944, -1.72,    -711, -0.14,  -16233, -3.30
 459,-54.00,  -15260, -1.55,    -468, -0.10,  -14792, -3.01
 460,-53.00,  -14179, -1.44,    -495, -0.10,  -13684, -2.78
 461,-52.00,  -12902, -1.31,    -613, -0.12,  -12289, -2.50
 462,-51.00,  -11612, -1.18,    -692, -0.14,  -10920, -2.22
 463,-50.00,  -10611, -1.08,    -975, -0.20,   -9636, -1.96
 464,-49.00,   -9746, -0.99,   -1268, -0.26,   -8478, -1.72
 465,-48.00,   -9684, -0.99,   -2029, -0.41,   -7655, -1.56
 466,-47.00,   -9307, -0.95,   -2599, -0.53,   -6708, -1.36
 467,-46.00,   -8650, -0.88,   -2816, -0.57,   -5834, -1.19
 468,-45.00,   -8177, -0.83,   -2693, -0.55,   -5484, -1.12
 469,-44.00,   -8100, -0.82,   -2989, -0.61,   -5111, -1.04
 470,-43.00,   -8204, -0.83,   -3386, -0.69,   -4818, -0.98
 471,-42.00,   -8340, -0.85,   -3681, -0.75,   -4659, -0.95
 472,-41.00,   -7965, -0.81,   -3787, -0.77,   -4178, -0.85
 473,-40.00,   -7784, -0.79,   -3741, -0.76,   -4043, -0.82
 474,-39.00,   -6909, -0.70,   -3317, -0.67,   -3592, -0.73
 475,-38.00,   -6676, -0.68,   -3101, -0.63,   -3575, -0.73
 476,-37.00,   -6756, -0.69,   -2985, -0.61,   -3771, -0.77
 477,-36.00,   -6567, -0.67,   -2598, -0.53,   -3969, -0.81
 478,-35.00,   -5803, -0.59,   -1650, -0.34,   -4153, -0.84
 479,-34.00,   -5610, -0.57,   -1064, -0.22,   -4546, -0.92
 480,-33.00,   -5543, -0.56,    -408, -0.08,   -5135, -1.04
 481,-32.00,   -4562, -0.46,     550,  0.11,   -5112, -1.04
 482,-31.00,   -3727, -0.38,    1156,  0.24,   -4883, -0.99
 483,-30.00,   -3258, -0.33,    1830,  0.37,   -5088, -1.04
 484,-29.00,   -2676, -0.27,    2780,  0.57,   -5456, -1.11
 485,-28.00,   -1787, -0.18,    3676,  0.75,   -5463, -1.11
 486,-27.00,   -1644, -0.17,    4110,  0.84,   -5754, -1.17
 487,-26.00,    -945, -0.10,    4820,  0.98,   -5765, -1.17
 488,-25.00,    -591, -0.06,    5323,  1.08,   -5914, -1.20
 489,-24.00,     -63, -0.00,    5862,  1.19,   -5925, -1.21
 490,-23.00,    1001,  0.10,    6747,  1.37,   -5746, -1.17
 491,-22.00,    1753,  0.18,    7758,  1.58,   -6005, -1.22
 492,-21.00,    2137,  0.22,    8402,  1.71,   -6265, -1.27
 493,-20.00,    2380,  0.24,    9020,  1.84,   -6640, -1.35
 494,-19.00,    2785,  0.28,    9677,  1.97,   -6892, -1.40
 495,-18.00,    3980,  0.40,   10666,  2.17,   -6686, -1.36
 496,-17.00,    5101,  0.52,   11645,  2.37,   -6544, -1.33
 497,-16.00,    5746,  0.58,   12632,  2.57,   -6886, -1.40
 498,-15.00,    6633,  0.67,   13523,  2.75,   -6890, -1.40
 499,-14.00,    8337,  0.85,   14559,  2.96,   -6222, -1.27
 500,-13.00,    9766,  0.99,   15249,  3.10,   -5483, -1.12
 501,-12.00,   10855,  1.10,   15914,  3.24,   -5059, -1.03
 502,-11.00,   12363,  1.26,   17012,  3.46,   -4649, -0.95
 503,-10.00,   13836,  1.41,   17895,  3.64,   -4059, -0.83
 504,-9.00,   15053,  1.53,   18729,  3.81,   -3676, -0.75
 505,-8.00,   15486,  1.58,   19207,  3.91,   -3721, -0.76
 506,-7.00,   15761,  1.60,   19655,  4.00,   -3894, -0.79
 507,-6.00,   16137,  1.64,   19988,  4.07,   -3851, -0.78
 508,-5.00,   15994,  1.63,   20011,  4.07,   -4017, -0.82
 509,-4.00,   15801,  1.61,   20123,  4.09,   -4322, -0.88
 510,-3.00,   15587,  1.59,   19945,  4.06,   -4358, -0.89
 511,-2.00,   15316,  1.56,   19888,  4.05,   -4572, -0.93
 512,-1.00,   15635,  1.59,   20261,  4.12,   -4626, -0.94
 513,0.00,   16278,  1.66,   21064,  4.29,   -4786, -0.97
 514,1.00,   16642,  1.69,   21751,  4.43,   -5109, -1.04
 515,2.00,   16468,  1.68,   22129,  4.50,   -5661, -1.15
 516,3.00,   16643,  1.69,   23036,  4.69,   -6393, -1.30
 517,4.00,   17448,  1.77,   24203,  4.92,   -6755, -1.37
 518,5.00,   18218,  1.85,   25245,  5.14,   -7027, -1.43
 519,6.00,   18910,  1.92,   26203,  5.33,   -7293, -1.48
 520,7.00,   19291,  1.96,   26667,  5.43,   -7376, -1.50
 521,8.00,   19583,  1.99,   26951,  5.48,   -7368, -1.50
 522,9.00,   20322,  2.07,   27515,  5.60,   -7193, -1.46
 523,10.00,   21232,  2.16,   28172,  5.73,   -6940, -1.41
 524,11.00,   21213,  2.16,   28572,  5.81,   -7359, -1.50
 525,12.00,   20944,  2.13,   28980,  5.90,   -8036, -1.63
 526,13.00,   20760,  2.11,   29087,  5.92,   -8327, -1.69
 527,14.00,   20647,  2.10,   28997,  5.90,   -8350, -1.70
 528,15.00,   20897,  2.13,   29121,  5.92,   -8224, -1.67
 529,16.00,   20649,  2.10,   28879,  5.88,   -8230, -1.67
 530,17.00,   20396,  2.07,   28293,  5.76,   -7897, -1.61
 531,18.00,   20109,  2.05,   27878,  5.67,   -7769, -1.58
 532,19.00,   19713,  2.01,   27609,  5.62,   -7896, -1.61
 533,20.00,   19102,  1.94,   27300,  5.55,   -8198, -1.67
 534,21.00,   18548,  1.89,   26637,  5.42,   -8089, -1.65
 535,22.00,   17947,  1.83,   25774,  5.24,   -7827, -1.59
 536,23.00,   17508,  1.78,   25032,  5.09,   -7524, -1.53
 537,24.00,   17010,  1.73,   24078,  4.90,   -7068, -1.44
 538,25.00,   16889,  1.72,   23383,  4.76,   -6494, -1.32
 539,26.00,   17393,  1.77,   23062,  4.69,   -5669, -1.15
 540,27.00,   17568,  1.79,   22449,  4.57,   -4881, -0.99
 541,28.00,   17767,  1.81,   21789,  4.43,   -4022, -0.82
 542,29.00,   18250,  1.86,   20880,  4.25,   -2630, -0.54
 543,30.00,   19395,  1.97,   20238,  4.12,    -843, -0.17
 544,31.00,   20405,  2.08,   19789,  4.03,     616,  0.13
 545,32.00,   21490,  2.19,   19358,  3.94,    2132,  0.43
 546,33.00,   22701,  2.31,   18997,  3.87,    3704,  0.75
 547,34.00,   23801,  2.42,   18813,  3.83,    4988,  1.01
 548,35.00,   24605,  2.50,   18341,  3.73,    6264,  1.27
 549,36.00,   25098,  2.55,   17579,  3.58,    7519,  1.53
 550,37.00,   25485,  2.59,   16597,  3.38,    8888,  1.81
 551,38.00,   25920,  2.64,   15619,  3.18,   10301,  2.10
 552,39.00,   26338,  2.68,   14930,  3.04,   11408,  2.32
 553,40.00,   26735,  2.72,   14220,  2.89,   12515,  2.55
 554,41.00,   27168,  2.76,   13477,  2.74,   13691,  2.79
 555,42.00,   27187,  2.77,   12614,  2.57,   14573,  2.96
 556,43.00,   27626,  2.81,   11928,  2.43,   15698,  3.19
 557,44.00,   27879,  2.84,   11336,  2.31,   16543,  3.37
 558,45.00,   27625,  2.81,   10672,  2.17,   16953,  3.45
 559,46.00,   26455,  2.69,    9434,  1.92,   17021,  3.46
 560,47.00,   25144,  2.56,    7859,  1.60,   17285,  3.52
 561,48.00,   24233,  2.47,    6529,  1.33,   17704,  3.60
 562,49.00,   23398,  2.38,    5396,  1.10,   18002,  3.66
 563,50.00,   22669,  2.31,    4309,  0.88,   18360,  3.74
 564,51.00,   21806,  2.22,    3150,  0.64,   18656,  3.80
 565,52.00,   20826,  2.12,    1713,  0.35,   19113,  3.89
 566,53.00,   19730,  2.01,     321,  0.07,   19409,  3.95
 567,54.00,   18706,  1.90,    -821, -0.17,   19527,  3.97
 568,55.00,   17852,  1.82,   -1864, -0.38,   19716,  4.01
 569,56.00,   16692,  1.70,   -3225, -0.66,   19917,  4.05
 570,57.00,   15805,  1.61,   -4385, -0.89,   20190,  4.11
 571,58.00,   15419,  1.57,   -5292, -1.08,   20711,  4.21
 572,59.00,   14609,  1.49,   -6417, -1.31,   21026,  4.28
 573,60.00,   13472,  1.37,   -7541, -1.53,   21013,  4.28
 574,61.00,   12823,  1.30,   -8128, -1.65,   20951,  4.26
 575,62.00,   12345,  1.26,   -8434, -1.72,   20779,  4.23
 576,63.00,   11831,  1.20,   -9108, -1.85,   20939,  4.26
 577,64.00,   11677,  1.19,   -9414, -1.92,   21091,  4.29
 578,65.00,   11463,  1.17,   -9713, -1.98,   21176,  4.31
 579,66.00,   10772,  1.10,  -10404, -2.12,   21176,  4.31
 580,67.00,    9748,  0.99,  -10992, -2.24,   20740,  4.22
 581,68.00,    9042,  0.92,  -11325, -2.30,   20367,  4.14
 582,69.00,    8360,  0.85,  -11855, -2.41,   20215,  4.11
 583,70.00,    7393,  0.75,  -12339, -2.51,   19732,  4.01
 584,71.00,    6962,  0.71,  -12680, -2.58,   19642,  4.00
 585,72.00,    6416,  0.65,  -12821, -2.61,   19237,  3.91
 586,73.00,    5858,  0.60,  -12660, -2.58,   18518,  3.77
 587,74.00,    4679,  0.48,  -13017, -2.65,   17696,  3.60
 588,75.00,    3938,  0.40,  -13136, -2.67,   17074,  3.47
 589,76.00,    3156,  0.32,  -13279, -2.70,   16435,  3.34
 590,77.00,    2681,  0.27,  -13245, -2.69,   15926,  3.24
 591,78.00,    2914,  0.30,  -12767, -2.60,   15681,  3.19
 592,79.00,    2861,  0.29,  -12342, -2.51,   15203,  3.09
 593,80.00,    3139,  0.32,  -11781, -2.40,   14920,  3.04
 594,81.00,    3618,  0.37,  -11273, -2.29,   14891,  3.03
 595,82.00,    4124,  0.42,  -10666, -2.17,   14790,  3.01
 596,83.00,    4935,  0.50,   -9936, -2.02,   14871,  3.03
 597,84.00,    5750,  0.58,   -9154, -1.86,   14904,  3.03
 598,85.00,    6172,  0.63,   -8782, -1.79,   14954,  3.04
 599,86.00,    6582,  0.67,   -8695, -1.77,   15277,  3.11
 600,87.00,    7385,  0.75,   -8046, -1.64,   15431,  3.14
 601,88.00,    7941,  0.81,   -7381, -1.50,   15322,  3.12
 602,89.00,    8451,  0.86,   -6787, -1.38,   15238,  3.10
 603,90.00,    8650,  0.88,   -6317, -1.29,   14967,  3.05
 604,91.00,    9165,  0.93,   -5966, -1.21,   15131,  3.08
 605,92.00,    9318,  0.95,   -6039, -1.23,   15357,  3.12
 606,93.00,    8953,  0.91,   -6384, -1.30,   15337,  3.12
 607,94.00,    8481,  0.86,   -6612, -1.35,   15093,  3.07
 608,95.00,    8467,  0.86,   -6334, -1.29,   14801,  3.01
 609,96.00,    8489,  0.86,   -5928, -1.21,   14417,  2.93
 610,97.00,    8488,  0.86,   -5557, -1.13,   14045,  2.86
 611,98.00,    8395,  0.85,   -5544, -1.13,   13939,  2.84
 612,99.00,    8038,  0.82,   -5536, -1.13,   13574,  2.76
 613,100.00,    7597,  0.77,   -5299, -1.08,   12896,  2.62
 614,101.00,    6760,  0.69,   -5042, -1.03,   11802,  2.40
 615,102.00,    5507,  0.56,   -5427, -1.10,   10934,  2.22
 616,103.00,    5224,  0.53,   -5495, -1.12,   10719,  2.18
 617,104.00,    5324,  0.54,   -5075, -1.03,   10399,  2.12
 618,105.00,    5288,  0.54,   -4918, -1.00,   10206,  2.08
 619,106.00,    5082,  0.52,   -5110, -1.04,   10192,  2.07
 620,107.00,    4920,  0.50,   -5259, -1.07,   10179,  2.07
 621,108.00,    4531,  0.46,   -5451, -1.11,    9982,  2.03
 622,109.00,    4619,  0.47,   -5318, -1.08,    9937,  2.02
 623,110.00,    5062,  0.51,   -5262, -1.07,   10324,  2.10
 624,111.00,    5017,  0.51,   -5436, -1.11,   10453,  2.13
 625,112.00,    4761,  0.48,   -5644, -1.15,   10405,  2.12
 626,113.00,    4289,  0.44,   -6106, -1.24,   10395,  2.11
 627,114.00,    3893,  0.40,   -6382, -1.30,   10275,  2.09
 628,115.00,    3601,  0.37,   -6347, -1.29,    9948,  2.02
 629,116.00,    4036,  0.41,   -6077, -1.24,   10113,  2.06
 630,117.00,    4954,  0.50,   -5736, -1.17,   10690,  2.17
 631,118.00,    5326,  0.54,   -5539, -1.13,   10865,  2.21
 632,119.00,    5691,  0.58,   -5225, -1.06,   10916,  2.22
 633,120.00,    6446,  0.66,   -4919, -1.00,   11365,  2.31
 634,121.00,    7307,  0.74,   -4444, -0.90,   11751,  2.39
 635,122.00,    8309,  0.85,   -3936, -0.80,   12245,  2.49
 636,123.00,    9019,  0.92,   -3677, -0.75,   12696,  2.58
 637,124.00,    9616,  0.98,   -3577, -0.73,   13193,  2.68
 638,125.00,    9902,  1.01,   -3641, -0.74,   13543,  2.76
 639,126.00,   10485,  1.07,   -3465, -0.70,   13950,  2.84
 640,127.00,   11263,  1.15,   -2964, -0.60,   14227,  2.89
 641,128.00,   11854,  1.21,   -2675, -0.54,   14529,  2.96
 642,129.00,   12765,  1.30,   -2226, -0.45,   14991,  3.05
 643,130.00,   13188,  1.34,   -2164, -0.44,   15352,  3.12
 644,131.00,   13438,  1.37,   -2227, -0.45,   15665,  3.19
 645,132.00,   14240,  1.45,   -2132, -0.43,   16372,  3.33
 646,133.00,   14832,  1.51,   -1970, -0.40,   16802,  3.42
 647,134.00,   15289,  1.56,   -1647, -0.34,   16936,  3.45
 648,135.00,   15475,  1.57,   -1488, -0.30,   16963,  3.45
 649,136.00,   14866,  1.51,   -1876, -0.38,   16742,  3.41
 650,137.00,   14328,  1.46,   -2290, -0.47,   16618,  3.38
 651,138.00,   14347,  1.46,   -2133, -0.43,   16480,  3.35
 652,139.00,   15010,  1.53,   -1770, -0.36,   16780,  3.41
 653,140.00,   15311,  1.56,   -1575, -0.32,   16886,  3.44
 654,141.00,   15787,  1.61,   -1508, -0.31,   17295,  3.52
 655,142.00,   15910,  1.62,   -1700, -0.35,   17610,  3.58
 656,143.00,   15685,  1.60,   -1906, -0.39,   17591,  3.58
 657,144.00,   15762,  1.60,   -1539, -0.31,   17301,  3.52
 658,145.00,   16109,  1.64,   -1435, -0.29,   17544,  3.57
 659,146.00,   16191,  1.65,   -1559, -0.32,   17750,  3.61
 660,147.00,   15813,  1.61,   -1629, -0.33,   17442,  3.55
 661,148.00,   15316,  1.56,   -1507, -0.31,   16823,  3.42
 662,149.00,   14971,  1.52,   -1553, -0.32,   16524,  3.36
 663,150.00,   14763,  1.50,   -1649, -0.34,   16412,  3.34
 664,151.00,   14500,  1.48,   -1527, -0.31,   16027,  3.26
 665,152.00,   13952,  1.42,   -1721, -0.35,   15673,  3.19
 666,153.00,   13335,  1.36,   -2159, -0.44,   15494,  3.15
 667,154.00,   12795,  1.30,   -2238, -0.46,   15033,  3.06
 668,155.00,   12307,  1.25,   -2046, -0.42,   14353,  2.92
 669,156.00,   11673,  1.19,   -1616, -0.33,   13289,  2.70
 670,157.00,   10827,  1.10,   -1460, -0.30,   12287,  2.50
 671,158.00,   10322,  1.05,   -1553, -0.32,   11875,  2.42
 672,159.00,    9766,  0.99,   -1414, -0.29,   11180,  2.27
 673,160.00,    9585,  0.98,   -1081, -0.22,   10666,  2.17
 674,161.00,    8959,  0.91,    -880, -0.18,    9839,  2.00
 675,162.00,    8113,  0.83,    -572, -0.12,    8685,  1.77
 676,163.00,    7864,  0.80,      -5, -0.00,    7869,  1.60
 677,164.00,    7822,  0.80,     422,  0.09,    7400,  1.51
 678,165.00,    7467,  0.76,     414,  0.08,    7053,  1.43
 679,166.00,    6938,  0.71,     217,  0.04,    6721,  1.37
 680,167.00,    6095,  0.62,      22,  0.00,    6073,  1.24
 681,168.00,    5659,  0.58,     181,  0.04,    5478,  1.11
 682,169.00,    5274,  0.54,     373,  0.08,    4901,  1.00
 683,170.00,    5369,  0.55,     639,  0.13,    4730,  0.96
 684,171.00,    5416,  0.55,    1002,  0.20,    4414,  0.90
 685,172.00,    5206,  0.53,    1185,  0.24,    4021,  0.82
 686,173.00,    4693,  0.48,    1320,  0.27,    3373,  0.69
 687,174.00,    3512,  0.36,    1183,  0.24,    2329,  0.47
 688,175.00,    2868,  0.29,    1150,  0.23,    1718,  0.35
 689,176.00,    2498,  0.25,    1203,  0.24,    1295,  0.26
 690,177.00,    2657,  0.27,    1517,  0.31,    1140,  0.23
 691,178.00,    2467,  0.25,    1685,  0.34,     782,  0.16
 692,179.00,    2319,  0.24,    1892,  0.38,     427,  0.09
 693,180.00,    2319,  0.24,    2130,  0.43,     189,  0.04
 694,181.00,    2147,  0.22,    2410,  0.49,    -263, -0.05
 695,182.00,    2426,  0.25,    2748,  0.56,    -322, -0.07
 696,183.00,    3031,  0.31,    3380,  0.69,    -349, -0.07
 697,184.00,    4173,  0.42,    4400,  0.90,    -227, -0.05
 698,185.00,    4969,  0.51,    5311,  1.08,    -342, -0.07
 699,186.00,    5241,  0.53,    6320,  1.29,   -1079, -0.22
 700,187.00,    5852,  0.60,    7644,  1.56,   -1792, -0.36
 701,188.00,    6642,  0.68,    9036,  1.84,   -2394, -0.49
 702,189.00,    7279,  0.74,   10050,  2.04,   -2771, -0.56
 703,190.00,    7298,  0.74,   10613,  2.16,   -3315, -0.67
 704,191.00,    7330,  0.75,   11036,  2.25,   -3706, -0.75
 705,192.00,    6835,  0.70,   11309,  2.30,   -4474, -0.91
 706,193.00,    6214,  0.63,   11762,  2.39,   -5548, -1.13
 707,194.00,    5383,  0.55,   12184,  2.48,   -6801, -1.38
 708,195.00,    4170,  0.42,   12201,  2.48,   -8031, -1.63
 709,196.00,    3172,  0.32,   12022,  2.45,   -8850, -1.80
 710,197.00,    1969,  0.20,   11604,  2.36,   -9635, -1.96
 711,198.00,     697,  0.07,   11259,  2.29,  -10562, -2.15
 712,199.00,    -373, -0.04,   11122,  2.26,  -11495, -2.34
 713,200.00,   -1668, -0.17,   10805,  2.20,  -12473, -2.54
 714,201.00,   -3209, -0.33,   10382,  2.11,  -13591, -2.77
 715,202.00,   -4520, -0.46,   10001,  2.03,  -14521, -2.95
 716,203.00,   -5885, -0.60,    9382,  1.91,  -15267, -3.11
 717,204.00,   -7095, -0.72,    8630,  1.76,  -15725, -3.20
 718,205.00,   -7546, -0.77,    8346,  1.70,  -15892, -3.23
 719,206.00,   -8574, -0.87,    7640,  1.55,  -16214, -3.30
 720,207.00,   -9846, -1.00,    6616,  1.35,  -16462, -3.35
 721,208.00,  -11036, -1.12,    5583,  1.14,  -16619, -3.38
 722,209.00,  -12315, -1.25,    4357,  0.89,  -16672, -3.39
 723,210.00,  -13392, -1.36,    3628,  0.74,  -17020, -3.46
 724,211.00,  -14065, -1.43,    3429,  0.70,  -17494, -3.56
 725,212.00,  -15245, -1.55,    2779,  0.57,  -18024, -3.67
 726,213.00,  -17189, -1.75,    1512,  0.31,  -18701, -3.80
 727,214.00,  -19177, -1.95,      -6, -0.00,  -19171, -3.90
 728,215.00,  -20901, -2.13,   -1490, -0.30,  -19411, -3.95
 729,216.00,  -22349, -2.27,   -2723, -0.55,  -19626, -3.99
 730,217.00,  -23936, -2.43,   -3769, -0.77,  -20167, -4.10
 731,218.00,  -24746, -2.52,   -4439, -0.90,  -20307, -4.13
 732,219.00,  -25314, -2.58,   -4911, -1.00,  -20403, -4.15
 733,220.00,  -26132, -2.66,   -5619, -1.14,  -20513, -4.17
 734,221.00,  -27228, -2.77,   -6758, -1.37,  -20470, -4.16
 735,222.00,  -28567, -2.91,   -7970, -1.62,  -20597, -4.19
 736,223.00,  -30336, -3.09,   -9323, -1.90,  -21013, -4.28
 737,224.00,  -32412, -3.30,  -11055, -2.25,  -21357, -4.35
 738,225.00,  -34078, -3.47,  -12600, -2.56,  -21478, -4.37
 739,226.00,  -35618, -3.62,  -14170, -2.88,  -21448, -4.36
 740,227.00,  -37630, -3.83,  -15878, -3.23,  -21752, -4.43
 741,228.00,  -39354, -4.00,  -17367, -3.53,  -21987, -4.47
 742,229.00,  -40637, -4.13,  -18676, -3.80,  -21961, -4.47
 743,230.00,  -42045, -4.28,  -20113, -4.09,  -21932, -4.46
 744,231.00,  -43753, -4.45,  -21803, -4.44,  -21950, -4.47
 745,232.00,  -45204, -4.60,  -23665, -4.81,  -21539, -4.38
 746,233.00,  -46577, -4.74,  -25335, -5.15,  -21242, -4.32
 747,234.00,  -47692, -4.85,  -26556, -5.40,  -21136, -4.30
 748,235.00,  -49288, -5.01,  -28273, -5.75,  -21015, -4.28
 749,236.00,  -51766, -5.27,  -30545, -6.21,  -21221, -4.32
 750,237.00,  -53790, -5.47,  -32361, -6.58,  -21429, -4.36
 751,238.00,  -54491, -5.54,  -33275, -6.77,  -21216, -4.32
 752,239.00,  -55247, -5.62,  -33946, -6.91,  -21301, -4.33
 753,240.00,  -55686, -5.66,  -34569, -7.03,  -21117, -4.30
 754,241.00,  -55866, -5.68,  -35084, -7.14,  -20782, -4.23
 755,242.00,  -55805, -5.68,  -35278, -7.18,  -20527, -4.18
 756,243.00,  -55648, -5.66,  -35312, -7.18,  -20336, -4.14
 757,244.00,  -55316, -5.63,  -35276, -7.18,  -20040, -4.08
 758,245.00,  -54785, -5.57,  -34834, -7.09,  -19951, -4.06
 759,246.00,  -54371, -5.53,  -34616, -7.04,  -19755, -4.02
 760,247.00,  -54081, -5.50,  -34510, -7.02,  -19571, -3.98
 761,248.00,  -53656, -5.46,  -34329, -6.98,  -19327, -3.93
 762,249.00,  -52577, -5.35,  -33877, -6.89,  -18700, -3.80
 763,250.00,  -51162, -5.20,  -33416, -6.80,  -17746, -3.61
 764,251.00,  -49500, -5.04,  -32849, -6.68,  -16651, -3.39
 765,252.00,  -47491, -4.83,  -31763, -6.46,  -15728, -3.20
 766,253.00,  -46156, -4.70,  -31002, -6.31,  -15154, -3.08
 767,254.00,  -45199, -4.60,  -30632, -6.23,  -14567, -2.96
 768,255.00,  -43603, -4.44,  -29662, -6.03,  -13941, -2.84
 769,256.00,  -41834, -4.26,  -28774, -5.85,  -13060, -2.66
 770,257.00,  -40084, -4.08,  -28058, -5.71,  -12026, -2.45
 771,258.00,  -38175, -3.88,  -27162, -5.53,  -11013, -2.24
 772,259.00,  -35978, -3.66,  -26091, -5.31,   -9887, -2.01
 773,260.00,  -34090, -3.47,  -25127, -5.11,   -8963, -1.82
 774,261.00,  -31944, -3.25,  -24006, -4.88,   -7938, -1.62
 775,262.00,  -30002, -3.05,  -22960, -4.67,   -7042, -1.43
 776,263.00,  -28007, -2.85,  -21774, -4.43,   -6233, -1.27
 777,264.00,  -26353, -2.68,  -20772, -4.23,   -5581, -1.14
 778,265.00,  -24712, -2.51,  -19744, -4.02,   -4968, -1.01
 779,266.00,  -22815, -2.32,  -18334, -3.73,   -4481, -0.91
 780,267.00,  -21095, -2.15,  -17034, -3.47,   -4061, -0.83
 781,268.00,  -19172, -1.95,  -15801, -3.21,   -3371, -0.69
 782,269.00,  -17368, -1.77,  -14603, -2.97,   -2765, -0.56
 783,270.00,  -15744, -1.60,  -13581, -2.76,   -2163, -0.44
 784,271.00,  -14430, -1.47,  -12750, -2.59,   -1680, -0.34
 785,272.00,  -12915, -1.31,  -11887, -2.42,   -1028, -0.21
 786,273.00,  -11221, -1.14,  -10797, -2.20,    -424, -0.09
 787,274.00,   -9897, -1.01,   -9981, -2.03,      84,  0.02
 788,275.00,   -8770, -0.89,   -8988, -1.83,     218,  0.04
 789,276.00,   -7395, -0.75,   -7736, -1.57,     341,  0.07
 790,277.00,   -6156, -0.63,   -6745, -1.37,     589,  0.12
 791,278.00,   -5169, -0.53,   -6092, -1.24,     923,  0.19
 792,279.00,   -4482, -0.46,   -5443, -1.11,     961,  0.20
 793,280.00,   -4111, -0.42,   -4888, -0.99,     777,  0.16
 794,281.00,   -3487, -0.35,   -4656, -0.95,    1169,  0.24
 795,282.00,   -2982, -0.30,   -4584, -0.93,    1602,  0.33
 796,283.00,   -3033, -0.31,   -4414, -0.90,    1381,  0.28
 797,284.00,   -3103, -0.32,   -4026, -0.82,     923,  0.19
 798,285.00,   -3415, -0.35,   -3718, -0.76,     303,  0.06
 799,286.00,   -3693, -0.38,   -3306, -0.67,    -387, -0.08
 800,287.00,   -4010, -0.41,   -3145, -0.64,    -865, -0.18
 801,288.00,   -4438, -0.45,   -3189, -0.65,   -1249, -0.25
 802,289.00,   -4645, -0.47,   -3273, -0.67,   -1372, -0.28
 803,290.00,   -4693, -0.48,   -3431, -0.70,   -1262, -0.26
 804,291.00,   -5044, -0.51,   -3673, -0.75,   -1371, -0.28
 805,292.00,   -5089, -0.52,   -3503, -0.71,   -1586, -0.32
 806,293.00,   -5321, -0.54,   -3733, -0.76,   -1588, -0.32
 807,294.00,   -6255, -0.64,   -4305, -0.88,   -1950, -0.40
 808,295.00,   -7729, -0.79,   -5097, -1.04,   -2632, -0.54
 809,296.00,   -8975, -0.91,   -6039, -1.23,   -2936, -0.60
 810,297.00,  -10624, -1.08,   -7295, -1.48,   -3329, -0.68
 811,298.00,  -11861, -1.21,   -8348, -1.70,   -3513, -0.71
 812,299.00,  -12443, -1.27,   -8880, -1.81,   -3563, -0.72
 813,300.00,  -12795, -1.30,   -9413, -1.92,   -3382, -0.69
 814,301.00,  -13279, -1.35,   -9914, -2.02,   -3365, -0.68
 815,302.00,  -14236, -1.45,  -10951, -2.23,   -3285, -0.67
 816,303.00,  -15429, -1.57,  -12168, -2.48,   -3261, -0.66
 817,304.00,  -16636, -1.69,  -13459, -2.74,   -3177, -0.65
 818,305.00,  -17359, -1.77,  -14587, -2.97,   -2772, -0.56
 819,306.00,  -17425, -1.77,  -15365, -3.13,   -2060, -0.42
 820,307.00,  -18009, -1.83,  -16231, -3.30,   -1778, -0.36
 821,308.00,  -18392, -1.87,  -17019, -3.46,   -1373, -0.28
 822,309.00,  -18590, -1.89,  -17516, -3.56,   -1074, -0.22
 823,310.00,  -18073, -1.84,  -17883, -3.64,    -190, -0.04
 824,311.00,  -17081, -1.74,  -17921, -3.65,     840,  0.17
 825,312.00,  -16066, -1.63,  -17838, -3.63,    1772,  0.36
 826,313.00,  -15002, -1.53,  -17599, -3.58,    2597,  0.53
 827,314.00,  -14062, -1.43,  -17502, -3.56,    3440,  0.70
 828,315.00,  -12619, -1.28,  -17167, -3.49,    4548,  0.93
 829,316.00,  -11797, -1.20,  -16979, -3.45,    5182,  1.05
 830,317.00,  -11472, -1.17,  -17127, -3.48,    5655,  1.15
 831,318.00,  -11300, -1.15,  -17547, -3.57,    6247,  1.27
 832,319.00,  -11116, -1.13,  -17867, -3.64,    6751,  1.37
 833,320.00,  -11007, -1.12,  -18339, -3.73,    7332,  1.49
 834,321.00,  -10684, -1.09,  -18698, -3.80,    8014,  1.63
 835,322.00,  -10048, -1.02,  -18580, -3.78,    8532,  1.74
 836,323.00,   -9298, -0.95,  -18150, -3.69,    8852,  1.80
 837,324.00,   -8890, -0.90,  -18033, -3.67,    9143,  1.86
 838,325.00,   -8040, -0.82,  -17973, -3.66,    9933,  2.02
 839,326.00,   -7231, -0.74,  -17798, -3.62,   10567,  2.15
 840,327.00,   -6333, -0.64,  -17293, -3.52,   10960,  2.23
 841,328.00,   -5736, -0.58,  -16877, -3.43,   11141,  2.27
 842,329.00,   -5604, -0.57,  -16986, -3.46,   11382,  2.32
 843,330.00,   -5264, -0.54,  -16900, -3.44,   11636,  2.37
 844,331.00,   -4891, -0.50,  -16576, -3.37,   11685,  2.38
 845,332.00,   -4322, -0.44,  -16159, -3.29,   11837,  2.41
 846,333.00,   -2931, -0.30,  -15140, -3.08,   12209,  2.48
 847,334.00,   -1338, -0.14,  -13840, -2.82,   12502,  2.54
 848,335.00,    -921, -0.09,  -13173, -2.68,   12252,  2.49
 849,336.00,    -217, -0.02,  -12528, -2.55,   12311,  2.50
 850,337.00,     851,  0.09,  -11728, -2.39,   12579,  2.56
 851,338.00,    2172,  0.22,  -11010, -2.24,   13182,  2.68
 852,339.00,    3084,  0.31,  -10626, -2.16,   13710,  2.79
 853,340.00,    3584,  0.36,  -10114, -2.06,   13698,  2.79
 854,341.00,    3611,  0.37,   -9856, -2.01,   13467,  2.74
 855,342.00,    3327,  0.34,  -10348, -2.11,   13675,  2.78
 856,343.00,    2919,  0.30,  -10738, -2.18,   13657,  2.78
 857,344.00,    2785,  0.28,  -10558, -2.15,   13343,  2.71
 858,345.00,    2790,  0.28,  -10062, -2.05,   12852,  2.61
 859,346.00,    2887,  0.29,   -9896, -2.01,   12783,  2.60
 860,347.00,    2623,  0.27,  -10320, -2.10,   12943,  2.63
 861,348.00,    2654,  0.27,  -10458, -2.13,   13112,  2.67
 862,349.00,    3688,  0.38,   -9724, -1.98,   13412,  2.73
 863,350.00,    4446,  0.45,   -9089, -1.85,   13535,  2.75
 864,351.00,    4620,  0.47,   -8502, -1.73,   13122,  2.67
 865,352.00,    4522,  0.46,   -8224, -1.67,   12746,  2.59
 866,353.00,    4287,  0.44,   -8125, -1.65,   12412,  2.53
 867,354.00,    4375,  0.45,   -7973, -1.62,   12348,  2.51
 868,355.00,    4765,  0.48,   -7402, -1.51,   12167,  2.48
 869,356.00,    5227,  0.53,   -6544, -1.33,   11771,  2.39
 870,357.00,    5674,  0.58,   -5826, -1.19,   11500,  2.34
 871,358.00,    6544,  0.67,   -4861, -0.99,   11405,  2.32
 872,359.00,    7607,  0.77,   -3653, -0.74,   11260,  2.29
 873,360.00,    8166,  0.83,   -2661, -0.54,   10827,  2.20
 874,361.00,    8252,  0.84,   -1927, -0.39,   10179,  2.07
 875,362.00,    8279,  0.84,   -1319, -0.27,    9598,  1.95
 876,363.00,    7927,  0.81,   -1113, -0.23,    9040,  1.84
 877,364.00,    7513,  0.76,   -1166, -0.24,    8679,  1.77
 878,365.00,    7396,  0.75,    -995, -0.20,    8391,  1.71
 879,366.00,    8151,  0.83,    -258, -0.05,    8409,  1.71
 880,367.00,    9007,  0.92,     559,  0.11,    8448,  1.72
 881,368.00,    9793,  1.00,    1609,  0.33,    8184,  1.67
 882,369.00,   10652,  1.08,    3082,  0.63,    7570,  1.54
 883,370.00,   11319,  1.15,    4305,  0.88,    7014,  1.43
 884,371.00,   11603,  1.18,    5309,  1.08,    6294,  1.28
 885,372.00,   12044,  1.23,    6304,  1.28,    5740,  1.17
 886,373.00,   12660,  1.29,    7341,  1.49,    5319,  1.08
 887,374.00,   13022,  1.32,    8175,  1.66,    4847,  0.99
 888,375.00,   13087,  1.33,    8727,  1.78,    4360,  0.89
 889,376.00,   13040,  1.33,    9362,  1.90,    3678,  0.75
 890,377.00,   13112,  1.33,   10216,  2.08,    2896,  0.59
 891,378.00,   12481,  1.27,   10691,  2.18,    1790,  0.36
 892,379.00,   11150,  1.13,   10869,  2.21,     281,  0.06
 893,380.00,    9613,  0.98,   10881,  2.21,   -1268, -0.26
 894,381.00,    8629,  0.88,   10759,  2.19,   -2130, -0.43
 895,382.00,    7689,  0.78,   10599,  2.16,   -2910, -0.59
 896,383.00,    6776,  0.69,   10643,  2.17,   -3867, -0.79
 897,384.00,    5460,  0.56,   10771,  2.19,   -5311, -1.08
 898,385.00,    3673,  0.37,   10273,  2.09,   -6600, -1.34
 899,386.00,    1476,  0.15,    9634,  1.96,   -8158, -1.66
 900,387.00,    -507, -0.05,    9003,  1.83,   -9510, -1.93
 901,388.00,   -2695, -0.27,    8360,  1.70,  -11055, -2.25
 902,389.00,   -4388, -0.45,    7777,  1.58,  -12165, -2.48
 903,390.00,   -5830, -0.59,    7170,  1.46,  -13000, -2.64
 904,391.00,   -7313, -0.74,    6563,  1.34,  -13876, -2.82
 905,392.00,   -8246, -0.84,    5888,  1.20,  -14134, -2.88
 906,393.00,   -9876, -1.00,    4695,  0.96,  -14571, -2.96
 907,394.00,  -10829, -1.10,    3861,  0.79,  -14690, -2.99
 908,395.00,  -11398, -1.16,    3094,  0.63,  -14492, -2.95
 909,396.00,  -12608, -1.28,    2228,  0.45,  -14836, -3.02
 910,397.00,  -13891, -1.41,    1084,  0.22,  -14975, -3.05
 911,398.00,  -14971, -1.52,    -190, -0.04,  -14781, -3.01
 912,399.00,  -15953, -1.62,   -1166, -0.24,  -14787, -3.01
 913,400.00,  -16348, -1.66,   -1881, -0.38,  -14467, -2.94
 914,401.00,  -16726, -1.70,   -2791, -0.57,  -13935, -2.84
 915,402.00,  -17007, -1.73,   -4100, -0.83,  -12907, -2.63
 916,403.00,  -17615, -1.79,   -5865, -1.19,  -11750, -2.39
 917,404.00,  -18027, -1.83,   -7338, -1.49,  -10689, -2.17
 918,405.00,  -18148, -1.85,   -8404, -1.71,   -9744, -1.98
 919,406.00,  -18258, -1.86,   -9497, -1.93,   -8761, -1.78
 920,407.00,  -18404, -1.87,  -10712, -2.18,   -7692, -1.56
 921,408.00,  -18592, -1.89,  -11422, -2.32,   -7170, -1.46
 922,409.00,  -19052, -1.94,  -11847, -2.41,   -7205, -1.47
 923,410.00,  -19730, -2.01,  -12563, -2.56,   -7167, -1.46
 924,411.00,  -19807, -2.01,  -12900, -2.62,   -6907, -1.41
 925,412.00,  -20442, -2.08,  -13401, -2.73,   -7041, -1.43
 926,413.00,  -21476, -2.18,  -14528, -2.96,   -6948, -1.41
 927,414.00,  -22292, -2.27,  -15504, -3.15,   -6788, -1.38
 928,415.00,  -23240, -2.36,  -16311, -3.32,   -6929, -1.41
 929,416.00,  -23851, -2.43,  -16259, -3.31,   -7592, -1.54
 930,417.00,  -24548, -2.50,  -16212, -3.30,   -8336, -1.70
 931,418.00,  -25125, -2.56,  -16019, -3.26,   -9106, -1.85
 932,419.00,  -25820, -2.63,  -15625, -3.18,  -10195, -2.07
 933,420.00,  -26982, -2.74,  -15417, -3.14,  -11565, -2.35
 934,421.00,  -27735, -2.82,  -15053, -3.06,  -12682, -2.58
 935,422.00,  -28611, -2.91,  -14504, -2.95,  -14107, -2.87
 936,423.00,  -30250, -3.08,  -14172, -2.88,  -16078, -3.27
 937,424.00,  -32200, -3.28,  -14169, -2.88,  -18031, -3.67
 938,425.00,  -33817, -3.44,  -14108, -2.87,  -19709, -4.01
 939,426.00,  -34743, -3.53,  -13599, -2.77,  -21144, -4.30
 940,427.00,  -35389, -3.60,  -13251, -2.70,  -22138, -4.50
 941,428.00,  -35991, -3.66,  -13071, -2.66,  -22920, -4.66
 942,429.00,  -37036, -3.77,  -13022, -2.65,  -24014, -4.89
 943,430.00,  -38473, -3.91,  -12926, -2.63,  -25547, -5.20
 944,431.00,  -39476, -4.02,  -12539, -2.55,  -26937, -5.48
 945,432.00,  -40328, -4.10,  -12124, -2.47,  -28204, -5.74
 946,433.00,  -40746, -4.15,  -11624, -2.36,  -29122, -5.93
 947,434.00,  -41556, -4.23,  -11479, -2.34,  -30077, -6.12
 948,435.00,  -42386, -4.31,  -11424, -2.32,  -30962, -6.30
 949,436.00,  -42882, -4.36,  -11340, -2.31,  -31542, -6.42
 950,437.00,  -43617, -4.44,  -11687, -2.38,  -31930, -6.50
 951,438.00,  -44248, -4.50,  -11859, -2.41,  -32389, -6.59
 952,439.00,  -44165, -4.49,  -11326, -2.30,  -32839, -6.68
 953,440.00,  -44061, -4.48,  -10658, -2.17,  -33403, -6.80
 954,441.00,  -44514, -4.53,  -10664, -2.17,  -33850, -6.89
 955,442.00,  -44533, -4.53,  -10487, -2.13,  -34046, -6.93
 956,443.00,  -44068, -4.48,  -10260, -2.09,  -33808, -6.88
 957,444.00,  -43226, -4.40,   -9819, -2.00,  -33407, -6.80
 958,445.00,  -41527, -4.22,   -9144, -1.86,  -32383, -6.59
 959,446.00,  -40841, -4.15,   -8678, -1.77,  -32163, -6.54
 960,447.00,  -40929, -4.16,   -8823, -1.80,  -32106, -6.53
 961,448.00,  -40915, -4.16,   -8996, -1.83,  -31919, -6.49
 962,449.00,  -40542, -4.12,   -8760, -1.78,  -31782, -6.47
 963,450.00,  -39967, -4.07,   -8403, -1.71,  -31564, -6.42
 964,451.00,  -39750, -4.04,   -8561, -1.74,  -31189, -6.35
 965,452.00,  -39511, -4.02,   -8788, -1.79,  -30723, -6.25
 966,453.00,  -38646, -3.93,   -8842, -1.80,  -29804, -6.06
 967,454.00,  -37588, -3.82,   -8571, -1.74,  -29017, -5.90
 968,455.00,  -37072, -3.77,   -8733, -1.78,  -28339, -5.77
 969,456.00,  -36235, -3.69,   -8667, -1.76,  -27568, -5.61
 970,457.00,  -35761, -3.64,   -8574, -1.74,  -27187, -5.53
 971,458.00,  -35528, -3.61,   -8774, -1.79,  -26754, -5.44
 972,459.00,  -34656, -3.53,   -8649, -1.76,  -26007, -5.29
 973,460.00,  -33441, -3.40,   -8034, -1.63,  -25407, -5.17
 974,461.00,  -32335, -3.29,   -7180, -1.46,  -25155, -5.12
 975,462.00,  -31229, -3.18,   -6544, -1.33,  -24685, -5.02
 976,463.00,  -29771, -3.03,   -5718, -1.16,  -24053, -4.89
 977,464.00,  -28139, -2.86,   -4664, -0.95,  -23475, -4.78
 978,465.00,  -26710, -2.72,   -3939, -0.80,  -22771, -4.63
 979,466.00,  -25143, -2.56,   -3310, -0.67,  -21833, -4.44
 980,467.00,  -24237, -2.47,   -2778, -0.57,  -21459, -4.37
 981,468.00,  -23316, -2.37,   -1895, -0.39,  -21421, -4.36
 982,469.00,  -22272, -2.27,   -1179, -0.24,  -21093, -4.29
 983,470.00,  -21282, -2.16,    -778, -0.16,  -20504, -4.17
 984,471.00,  -20427, -2.08,    -141, -0.03,  -20286, -4.13
 985,472.00,  -19838, -2.02,     491,  0.10,  -20329, -4.14
 986,473.00,  -19172, -1.95,     826,  0.17,  -19998, -4.07
 987,474.00,  -18296, -1.86,    1084,  0.22,  -19380, -3.94
 988,475.00,  -17939, -1.82,     978,  0.20,  -18917, -3.85
 989,476.00,  -17189, -1.75,    1100,  0.22,  -18289, -3.72
 990,477.00,  -16358, -1.66,    1510,  0.31,  -17868, -3.64
 991,478.00,  -15592, -1.59,    1773,  0.36,  -17365, -3.53
 992,479.00,  -14777, -1.50,    1752,  0.36,  -16529, -3.36
 993,480.00,  -14201, -1.44,    1463,  0.30,  -15664, -3.19
 994,481.00,  -14230, -1.45,     811,  0.17,  -15041, -3.06
 995,482.00,  -14232, -1.45,      63,  0.01,  -14295, -2.91
 996,483.00,  -13481, -1.37,     -59, -0.01,  -13422, -2.73
 997,484.00,  -12501, -1.27,     -31, -0.00,  -12470, -2.54
 998,485.00,  -11561, -1.18,    -113, -0.02,  -11448, -2.33
 999,486.00,  -10970, -1.12,    -149, -0.03,  -10821, -2.20
1000,487.00,  -10069, -1.02,    -319, -0.06,   -9750, -1.98
1001,488.00,   -8228, -0.84,    -130, -0.03,   -8098, -1.65
1002,489.00,   -6367, -0.65,     -73, -0.01,   -6294, -1.28
1003,490.00,   -5372, -0.55,    -553, -0.11,   -4819, -0.98
1004,491.00,   -4869, -0.50,    -917, -0.19,   -3952, -0.80
1005,492.00,   -4350, -0.44,   -1193, -0.24,   -3157, -0.64
1006,493.00,   -3963, -0.40,   -1645, -0.33,   -2318, -0.47
1007,494.00,   -3259, -0.33,   -2190, -0.45,   -1069, -0.22
1008,495.00,   -2461, -0.25,   -2453, -0.50,      -8, -0.00
1009,496.00,   -2129, -0.22,   -2914, -0.59,     785,  0.16
1010,497.00,   -1662, -0.17,   -3723, -0.76,    2061,  0.42
1011,498.00,   -1186, -0.12,   -4463, -0.91,    3277,  0.67
1012,499.00,   -1097, -0.11,   -5263, -1.07,    4166,  0.85
1013,500.00,   -1363, -0.14,   -5829, -1.19,    4466,  0.91
1014,501.00,    -614, -0.06,   -6215, -1.26,    5601,  1.14
1015,502.00,      29,  0.00,   -6668, -1.36,    6697,  1.36
1016,503.00,     716,  0.07,   -7266, -1.48,    7982,  1.62
1017,504.00,    1725,  0.18,   -7556, -1.54,    9281,  1.89
1018,505.00,    2283,  0.23,   -7747, -1.58,   10030,  2.04
1019,506.00,    2618,  0.27,   -7736, -1.57,   10354,  2.11
1020,507.00,    3365,  0.34,   -7466, -1.52,   10831,  2.20
1021,508.00,    3982,  0.41,   -7157, -1.46,   11139,  2.27
1022,509.00,    5046,  0.51,   -6630, -1.35,   11676,  2.38
1023,510.00,    6464,  0.66,   -6235, -1.27,   12699,  2.58
1024,511.00,    8151,  0.83,   -5745, -1.17,   13896,  2.83
