-----------------------------------------------------------------------------------
Identifier:,IHS5922-2017BH01
File Name:,CALP70B.3
Ear:,L
Channel:,2
Intensity:,70 dB HL
Stim. Rate:,  1.10/s
Stim. Mode:,0
Sweeps:,177
Artifacts:,61
Smp. Period:,1000.00 us
Amp. Gain:, 50.00 K
Low Pass:, 30.00 Hz
High Pass:,  1.00 Hz
Notch Filter:,TRUE
Stimulus:,100
Stim. Freq.:,1000 Hz
Stim. Dur.:,2000 pnts
Masking:,0 dB SPL
Stim. Point:,513
-----------------------------------------------------------------------------------
Peak Information:,Label,Peak(+),Peak(+)(ms),Peak(-),Peak(-)(ms)
,20, 684,171.00, 725,212.00,
,17, 592,79.00, 685,172.00,
-----------------------------------------------------------------------------------


Data Pnt:,Data Pnt(ms):,Average:,Average(uV):,Buffer1:,Buffer1(uV):,Buffer2:,Buffer2(uV):
   1,-512.00,       0,  0.00,       0,  0.00,       0,  0.00
   2,-511.00,       0,  0.00,       0,  0.00,       0,  0.00
   3,-510.00,       0,  0.00,       0,  0.00,       0,  0.00
   4,-509.00,       0,  0.00,       0,  0.00,       0,  0.00
   5,-508.00,       0,  0.00,       0,  0.00,       0,  0.00
   6,-507.00,       0,  0.00,       0,  0.00,       0,  0.00
   7,-506.00,       0,  0.00,       0,  0.00,       0,  0.00
   8,-505.00,       0,  0.00,       0,  0.00,       0,  0.00
   9,-504.00,       0,  0.00,       0,  0.00,       0,  0.00
  10,-503.00,       0,  0.00,       0,  0.00,       0,  0.00
  11,-502.00,       0,  0.00,       0,  0.00,       0,  0.00
  12,-501.00,       0,  0.00,       0,  0.00,       0,  0.00
  13,-500.00,       0,  0.00,       0,  0.00,       0,  0.00
  14,-499.00,       0,  0.00,       0,  0.00,       0,  0.00
  15,-498.00,       0,  0.00,       0,  0.00,       0,  0.00
  16,-497.00,       0,  0.00,       0,  0.00,       0,  0.00
  17,-496.00,       0,  0.00,       0,  0.00,       0,  0.00
  18,-495.00,       0,  0.00,       0,  0.00,       0,  0.00
  19,-494.00,       0,  0.00,       0,  0.00,       0,  0.00
  20,-493.00,       0,  0.00,       0,  0.00,       0,  0.00
  21,-492.00,       0,  0.00,       0,  0.00,       0,  0.00
  22,-491.00,       0,  0.00,       0,  0.00,       0,  0.00
  23,-490.00,       0,  0.00,       0,  0.00,       0,  0.00
  24,-489.00,       0,  0.00,       0,  0.00,       0,  0.00
  25,-488.00,       0,  0.00,       0,  0.00,       0,  0.00
  26,-487.00,       0,  0.00,       0,  0.00,       0,  0.00
  27,-486.00,       0,  0.00,       0,  0.00,       0,  0.00
  28,-485.00,       0,  0.00,       0,  0.00,       0,  0.00
  29,-484.00,       0,  0.00,       0,  0.00,       0,  0.00
  30,-483.00,       0,  0.00,       0,  0.00,       0,  0.00
  31,-482.00,       0,  0.00,       0,  0.00,       0,  0.00
  32,-481.00,       0,  0.00,       0,  0.00,       0,  0.00
  33,-480.00,       0,  0.00,       0,  0.00,       0,  0.00
  34,-479.00,       0,  0.00,       0,  0.00,       0,  0.00
  35,-478.00,       0,  0.00,       0,  0.00,       0,  0.00
  36,-477.00,       0,  0.00,       0,  0.00,       0,  0.00
  37,-476.00,       0,  0.00,       0,  0.00,       0,  0.00
  38,-475.00,       0,  0.00,       0,  0.00,       0,  0.00
  39,-474.00,       0,  0.00,       0,  0.00,       0,  0.00
  40,-473.00,       0,  0.00,       0,  0.00,       0,  0.00
  41,-472.00,       0,  0.00,       0,  0.00,       0,  0.00
  42,-471.00,       0,  0.00,       0,  0.00,       0,  0.00
  43,-470.00,       0,  0.00,       0,  0.00,       0,  0.00
  44,-469.00,       0,  0.00,       0,  0.00,       0,  0.00
  45,-468.00,       0,  0.00,       0,  0.00,       0,  0.00
  46,-467.00,       0,  0.00,       0,  0.00,       0,  0.00
  47,-466.00,       0,  0.00,       0,  0.00,       0,  0.00
  48,-465.00,       0,  0.00,       0,  0.00,       0,  0.00
  49,-464.00,       0,  0.00,       0,  0.00,       0,  0.00
  50,-463.00,       0,  0.00,       0,  0.00,       0,  0.00
  51,-462.00,       0,  0.00,       0,  0.00,       0,  0.00
  52,-461.00,       0,  0.00,       0,  0.00,       0,  0.00
  53,-460.00,       0,  0.00,       0,  0.00,       0,  0.00
  54,-459.00,       0,  0.00,       0,  0.00,       0,  0.00
  55,-458.00,       0,  0.00,       0,  0.00,       0,  0.00
  56,-457.00,       0,  0.00,       0,  0.00,       0,  0.00
  57,-456.00,       0,  0.00,       0,  0.00,       0,  0.00
  58,-455.00,       0,  0.00,       0,  0.00,       0,  0.00
  59,-454.00,       0,  0.00,       0,  0.00,       0,  0.00
  60,-453.00,       0,  0.00,       0,  0.00,       0,  0.00
  61,-452.00,       0,  0.00,       0,  0.00,       0,  0.00
  62,-451.00,       0,  0.00,       0,  0.00,       0,  0.00
  63,-450.00,       0,  0.00,       0,  0.00,       0,  0.00
  64,-449.00,       0,  0.00,       0,  0.00,       0,  0.00
  65,-448.00,       0,  0.00,       0,  0.00,       0,  0.00
  66,-447.00,       0,  0.00,       0,  0.00,       0,  0.00
  67,-446.00,       0,  0.00,       0,  0.00,       0,  0.00
  68,-445.00,       0,  0.00,       0,  0.00,       0,  0.00
  69,-444.00,       0,  0.00,       0,  0.00,       0,  0.00
  70,-443.00,       0,  0.00,       0,  0.00,       0,  0.00
  71,-442.00,       0,  0.00,       0,  0.00,       0,  0.00
  72,-441.00,       0,  0.00,       0,  0.00,       0,  0.00
  73,-440.00,       0,  0.00,       0,  0.00,       0,  0.00
  74,-439.00,       0,  0.00,       0,  0.00,       0,  0.00
  75,-438.00,       0,  0.00,       0,  0.00,       0,  0.00
  76,-437.00,       0,  0.00,       0,  0.00,       0,  0.00
  77,-436.00,       0,  0.00,       0,  0.00,       0,  0.00
  78,-435.00,       0,  0.00,       0,  0.00,       0,  0.00
  79,-434.00,       0,  0.00,       0,  0.00,       0,  0.00
  80,-433.00,       0,  0.00,       0,  0.00,       0,  0.00
  81,-432.00,       0,  0.00,       0,  0.00,       0,  0.00
  82,-431.00,       0,  0.00,       0,  0.00,       0,  0.00
  83,-430.00,       0,  0.00,       0,  0.00,       0,  0.00
  84,-429.00,       0,  0.00,       0,  0.00,       0,  0.00
  85,-428.00,       0,  0.00,       0,  0.00,       0,  0.00
  86,-427.00,       0,  0.00,       0,  0.00,       0,  0.00
  87,-426.00,       0,  0.00,       0,  0.00,       0,  0.00
  88,-425.00,       0,  0.00,       0,  0.00,       0,  0.00
  89,-424.00,       0,  0.00,       0,  0.00,       0,  0.00
  90,-423.00,       0,  0.00,       0,  0.00,       0,  0.00
  91,-422.00,       0,  0.00,       0,  0.00,       0,  0.00
  92,-421.00,       0,  0.00,       0,  0.00,       0,  0.00
  93,-420.00,       0,  0.00,       0,  0.00,       0,  0.00
  94,-419.00,       0,  0.00,       0,  0.00,       0,  0.00
  95,-418.00,       0,  0.00,       0,  0.00,       0,  0.00
  96,-417.00,       0,  0.00,       0,  0.00,       0,  0.00
  97,-416.00,       0,  0.00,       0,  0.00,       0,  0.00
  98,-415.00,       0,  0.00,       0,  0.00,       0,  0.00
  99,-414.00,       0,  0.00,       0,  0.00,       0,  0.00
 100,-413.00,       0,  0.00,       0,  0.00,       0,  0.00
 101,-412.00,       0,  0.00,       0,  0.00,       0,  0.00
 102,-411.00,       0,  0.00,       0,  0.00,       0,  0.00
 103,-410.00,       0,  0.00,       0,  0.00,       0,  0.00
 104,-409.00,       0,  0.00,       0,  0.00,       0,  0.00
 105,-408.00,       0,  0.00,       0,  0.00,       0,  0.00
 106,-407.00,       0,  0.00,       0,  0.00,       0,  0.00
 107,-406.00,       0,  0.00,       0,  0.00,       0,  0.00
 108,-405.00,       0,  0.00,       0,  0.00,       0,  0.00
 109,-404.00,       0,  0.00,       0,  0.00,       0,  0.00
 110,-403.00,       0,  0.00,       0,  0.00,       0,  0.00
 111,-402.00,       0,  0.00,       0,  0.00,       0,  0.00
 112,-401.00,       0,  0.00,       0,  0.00,       0,  0.00
 113,-400.00,       0,  0.00,       0,  0.00,       0,  0.00
 114,-399.00,       0,  0.00,       0,  0.00,       0,  0.00
 115,-398.00,       0,  0.00,       0,  0.00,       0,  0.00
 116,-397.00,  -44037, -1.52,   -7619, -0.53,  -36418, -2.53
 117,-396.00,  -42950, -1.48,   -7336, -0.51,  -35614, -2.47
 118,-395.00,  -41181, -1.42,   -6255, -0.43,  -34926, -2.42
 119,-394.00,  -40000, -1.38,   -5828, -0.40,  -34172, -2.37
 120,-393.00,  -38866, -1.34,   -5323, -0.37,  -33543, -2.33
 121,-392.00,  -37297, -1.29,   -4118, -0.29,  -33179, -2.30
 122,-391.00,  -37529, -1.29,   -3965, -0.28,  -33564, -2.33
 123,-390.00,  -38701, -1.33,   -4750, -0.33,  -33951, -2.35
 124,-389.00,  -39480, -1.36,   -5581, -0.39,  -33899, -2.35
 125,-388.00,  -39955, -1.38,   -6154, -0.43,  -33801, -2.34
 126,-387.00,  -39910, -1.38,   -6121, -0.42,  -33789, -2.34
 127,-386.00,  -39493, -1.36,   -5498, -0.38,  -33995, -2.36
 128,-385.00,  -39664, -1.37,   -5341, -0.37,  -34323, -2.38
 129,-384.00,  -40106, -1.38,   -5606, -0.39,  -34500, -2.39
 130,-383.00,  -39930, -1.38,   -5587, -0.39,  -34343, -2.38
 131,-382.00,  -39927, -1.38,   -5413, -0.38,  -34514, -2.39
 132,-381.00,  -39894, -1.38,   -4977, -0.35,  -34917, -2.42
 133,-380.00,  -40670, -1.40,   -4803, -0.33,  -35867, -2.49
 134,-379.00,  -41278, -1.42,   -4364, -0.30,  -36914, -2.56
 135,-378.00,  -41728, -1.44,   -4826, -0.33,  -36902, -2.56
 136,-377.00,  -41922, -1.45,   -5876, -0.41,  -36046, -2.50
 137,-376.00,  -42250, -1.46,   -6889, -0.48,  -35361, -2.45
 138,-375.00,  -43432, -1.50,   -8104, -0.56,  -35328, -2.45
 139,-374.00,  -43105, -1.49,   -8422, -0.58,  -34683, -2.41
 140,-373.00,  -41940, -1.45,   -8201, -0.57,  -33739, -2.34
 141,-372.00,  -42261, -1.46,   -8772, -0.61,  -33489, -2.32
 142,-371.00,  -44415, -1.53,  -10176, -0.71,  -34239, -2.37
 143,-370.00,  -46021, -1.59,  -11248, -0.78,  -34773, -2.41
 144,-369.00,  -47123, -1.62,  -12342, -0.86,  -34781, -2.41
 145,-368.00,  -47989, -1.65,  -14205, -0.99,  -33784, -2.34
 146,-367.00,  -48208, -1.66,  -15555, -1.08,  -32653, -2.26
 147,-366.00,  -48190, -1.66,  -16463, -1.14,  -31727, -2.20
 148,-365.00,  -49809, -1.72,  -18189, -1.26,  -31620, -2.19
 149,-364.00,  -50138, -1.73,  -18485, -1.28,  -31653, -2.20
 150,-363.00,  -49377, -1.70,  -17717, -1.23,  -31660, -2.20
 151,-362.00,  -48587, -1.68,  -17246, -1.20,  -31341, -2.17
 152,-361.00,  -47713, -1.65,  -16622, -1.15,  -31091, -2.16
 153,-360.00,  -47870, -1.65,  -16690, -1.16,  -31180, -2.16
 154,-359.00,  -47753, -1.65,  -16782, -1.16,  -30971, -2.15
 155,-358.00,  -47022, -1.62,  -16418, -1.14,  -30604, -2.12
 156,-357.00,  -46796, -1.61,  -16500, -1.14,  -30296, -2.10
 157,-356.00,  -46946, -1.62,  -16818, -1.17,  -30128, -2.09
 158,-355.00,  -47665, -1.64,  -16839, -1.17,  -30826, -2.14
 159,-354.00,  -48193, -1.66,  -16699, -1.16,  -31494, -2.18
 160,-353.00,  -48582, -1.68,  -15898, -1.10,  -32684, -2.27
 161,-352.00,  -49364, -1.70,  -14565, -1.01,  -34799, -2.41
 162,-351.00,  -49502, -1.71,  -13414, -0.93,  -36088, -2.50
 163,-350.00,  -49078, -1.69,  -12675, -0.88,  -36403, -2.52
 164,-349.00,  -49651, -1.71,  -12557, -0.87,  -37094, -2.57
 165,-348.00,  -50643, -1.75,  -12109, -0.84,  -38534, -2.67
 166,-347.00,  -51499, -1.78,  -11399, -0.79,  -40100, -2.78
 167,-346.00,  -52293, -1.80,  -10276, -0.71,  -42017, -2.91
 168,-345.00,  -52650, -1.82,   -8920, -0.62,  -43730, -3.03
 169,-344.00,  -53185, -1.83,   -8139, -0.56,  -45046, -3.12
 170,-343.00,  -54483, -1.88,   -7895, -0.55,  -46588, -3.23
 171,-342.00,  -55040, -1.90,   -7204, -0.50,  -47836, -3.32
 172,-341.00,  -54688, -1.89,   -6150, -0.43,  -48538, -3.37
 173,-340.00,  -54040, -1.86,   -4885, -0.34,  -49155, -3.41
 174,-339.00,  -53613, -1.85,   -4179, -0.29,  -49434, -3.43
 175,-338.00,  -52416, -1.81,   -2981, -0.21,  -49435, -3.43
 176,-337.00,  -51278, -1.77,   -1863, -0.13,  -49415, -3.43
 177,-336.00,  -48462, -1.67,     455,  0.03,  -48917, -3.39
 178,-335.00,  -44902, -1.55,    3165,  0.22,  -48067, -3.33
 179,-334.00,  -42600, -1.47,    4925,  0.34,  -47525, -3.30
 180,-333.00,  -41690, -1.44,    5218,  0.36,  -46908, -3.25
 181,-332.00,  -41046, -1.42,    5389,  0.37,  -46435, -3.22
 182,-331.00,  -40551, -1.40,    5696,  0.40,  -46247, -3.21
 183,-330.00,  -39269, -1.35,    6649,  0.46,  -45918, -3.18
 184,-329.00,  -38481, -1.33,    6987,  0.48,  -45468, -3.15
 185,-328.00,  -38268, -1.32,    6817,  0.47,  -45085, -3.13
 186,-327.00,  -38095, -1.31,    6778,  0.47,  -44873, -3.11
 187,-326.00,  -37316, -1.29,    6884,  0.48,  -44200, -3.07
 188,-325.00,  -36689, -1.27,    6285,  0.44,  -42974, -2.98
 189,-324.00,  -36510, -1.26,    5205,  0.36,  -41715, -2.89
 190,-323.00,  -35793, -1.23,    5021,  0.35,  -40814, -2.83
 191,-322.00,  -35764, -1.23,    4170,  0.29,  -39934, -2.77
 192,-321.00,  -37913, -1.31,    1803,  0.13,  -39716, -2.75
 193,-320.00,  -39964, -1.38,    -286, -0.02,  -39678, -2.75
 194,-319.00,  -41000, -1.41,   -1426, -0.10,  -39574, -2.74
 195,-318.00,  -42508, -1.47,   -2636, -0.18,  -39872, -2.77
 196,-317.00,  -43704, -1.51,   -4181, -0.29,  -39523, -2.74
 197,-316.00,  -43578, -1.50,   -5573, -0.39,  -38005, -2.64
 198,-315.00,  -42997, -1.48,   -6360, -0.44,  -36637, -2.54
 199,-314.00,  -43876, -1.51,   -7971, -0.55,  -35905, -2.49
 200,-313.00,  -45357, -1.56,   -9992, -0.69,  -35365, -2.45
 201,-312.00,  -46200, -1.59,  -11714, -0.81,  -34486, -2.39
 202,-311.00,  -46067, -1.59,  -12439, -0.86,  -33628, -2.33
 203,-310.00,  -45403, -1.57,  -12480, -0.87,  -32923, -2.28
 204,-309.00,  -45392, -1.57,  -12730, -0.88,  -32662, -2.27
 205,-308.00,  -44290, -1.53,  -12353, -0.86,  -31937, -2.22
 206,-307.00,  -43163, -1.49,  -12440, -0.86,  -30723, -2.13
 207,-306.00,  -41725, -1.44,  -12244, -0.85,  -29481, -2.04
 208,-305.00,  -39960, -1.38,  -11328, -0.79,  -28632, -1.99
 209,-304.00,  -37851, -1.31,  -10275, -0.71,  -27576, -1.91
 210,-303.00,  -36305, -1.25,   -9285, -0.64,  -27020, -1.87
 211,-302.00,  -35732, -1.23,   -8996, -0.62,  -26736, -1.85
 212,-301.00,  -35414, -1.22,   -9163, -0.64,  -26251, -1.82
 213,-300.00,  -35188, -1.21,   -9687, -0.67,  -25501, -1.77
 214,-299.00,  -34778, -1.20,   -9642, -0.67,  -25136, -1.74
 215,-298.00,  -33114, -1.14,   -8256, -0.57,  -24858, -1.72
 216,-297.00,  -31575, -1.09,   -6692, -0.46,  -24883, -1.73
 217,-296.00,  -30810, -1.06,   -5387, -0.37,  -25423, -1.76
 218,-295.00,  -30536, -1.05,   -4998, -0.35,  -25538, -1.77
 219,-294.00,  -30844, -1.06,   -5494, -0.38,  -25350, -1.76
 220,-293.00,  -32176, -1.11,   -6309, -0.44,  -25867, -1.79
 221,-292.00,  -33607, -1.16,   -7122, -0.49,  -26485, -1.84
 222,-291.00,  -34430, -1.19,   -7801, -0.54,  -26629, -1.85
 223,-290.00,  -33321, -1.15,   -7681, -0.53,  -25640, -1.78
 224,-289.00,  -33442, -1.15,   -8121, -0.56,  -25321, -1.76
 225,-288.00,  -33640, -1.16,   -8423, -0.58,  -25217, -1.75
 226,-287.00,  -33879, -1.17,   -8445, -0.59,  -25434, -1.76
 227,-286.00,  -35035, -1.21,   -9062, -0.63,  -25973, -1.80
 228,-285.00,  -36082, -1.24,  -10030, -0.70,  -26052, -1.81
 229,-284.00,  -36842, -1.27,  -11045, -0.77,  -25797, -1.79
 230,-283.00,  -37351, -1.29,  -12021, -0.83,  -25330, -1.76
 231,-282.00,  -36618, -1.26,  -12756, -0.88,  -23862, -1.66
 232,-281.00,  -36412, -1.26,  -13972, -0.97,  -22440, -1.56
 233,-280.00,  -36986, -1.28,  -14993, -1.04,  -21993, -1.53
 234,-279.00,  -37657, -1.30,  -16089, -1.12,  -21568, -1.50
 235,-278.00,  -37630, -1.30,  -16953, -1.18,  -20677, -1.43
 236,-277.00,  -38481, -1.33,  -17882, -1.24,  -20599, -1.43
 237,-276.00,  -39509, -1.36,  -18626, -1.29,  -20883, -1.45
 238,-275.00,  -41172, -1.42,  -19555, -1.36,  -21617, -1.50
 239,-274.00,  -43041, -1.48,  -20784, -1.44,  -22257, -1.54
 240,-273.00,  -44532, -1.54,  -21961, -1.52,  -22571, -1.57
 241,-272.00,  -46189, -1.59,  -23188, -1.61,  -23001, -1.60
 242,-271.00,  -47919, -1.65,  -24707, -1.71,  -23212, -1.61
 243,-270.00,  -49241, -1.70,  -26143, -1.81,  -23098, -1.60
 244,-269.00,  -49197, -1.70,  -26020, -1.80,  -23177, -1.61
 245,-268.00,  -48856, -1.68,  -26473, -1.84,  -22383, -1.55
 246,-267.00,  -48135, -1.66,  -26927, -1.87,  -21208, -1.47
 247,-266.00,  -47687, -1.64,  -27147, -1.88,  -20540, -1.42
 248,-265.00,  -48109, -1.66,  -27881, -1.93,  -20228, -1.40
 249,-264.00,  -48348, -1.67,  -28250, -1.96,  -20098, -1.39
 250,-263.00,  -47148, -1.63,  -27533, -1.91,  -19615, -1.36
 251,-262.00,  -45776, -1.58,  -26499, -1.84,  -19277, -1.34
 252,-261.00,  -44803, -1.54,  -25782, -1.79,  -19021, -1.32
 253,-260.00,  -44742, -1.54,  -25556, -1.77,  -19186, -1.33
 254,-259.00,  -45662, -1.57,  -25565, -1.77,  -20097, -1.39
 255,-258.00,  -45119, -1.56,  -25209, -1.75,  -19910, -1.38
 256,-257.00,  -43778, -1.51,  -24885, -1.73,  -18893, -1.31
 257,-256.00,  -42266, -1.46,  -24051, -1.67,  -18215, -1.26
 258,-255.00,  -40947, -1.41,  -22978, -1.59,  -17969, -1.25
 259,-254.00,  -39693, -1.37,  -22226, -1.54,  -17467, -1.21
 260,-253.00,  -37747, -1.30,  -21078, -1.46,  -16669, -1.16
 261,-252.00,  -36355, -1.25,  -20015, -1.39,  -16340, -1.13
 262,-251.00,  -35335, -1.22,  -18916, -1.31,  -16419, -1.14
 263,-250.00,  -34718, -1.20,  -18659, -1.29,  -16059, -1.11
 264,-249.00,  -33420, -1.15,  -18569, -1.29,  -14851, -1.03
 265,-248.00,  -31156, -1.07,  -17846, -1.24,  -13310, -0.92
 266,-247.00,  -29900, -1.03,  -17571, -1.22,  -12329, -0.86
 267,-246.00,  -28986, -1.00,  -17881, -1.24,  -11105, -0.77
 268,-245.00,  -27589, -0.95,  -17639, -1.22,   -9950, -0.69
 269,-244.00,  -26386, -0.91,  -17396, -1.21,   -8990, -0.62
 270,-243.00,  -24142, -0.83,  -16238, -1.13,   -7904, -0.55
 271,-242.00,  -22221, -0.77,  -15067, -1.05,   -7154, -0.50
 272,-241.00,  -21578, -0.74,  -14691, -1.02,   -6887, -0.48
 273,-240.00,  -19915, -0.69,  -13792, -0.96,   -6123, -0.42
 274,-239.00,  -17546, -0.61,  -11993, -0.83,   -5553, -0.39
 275,-238.00,  -15609, -0.54,  -10830, -0.75,   -4779, -0.33
 276,-237.00,  -13790, -0.48,   -9983, -0.69,   -3807, -0.26
 277,-236.00,  -12838, -0.44,   -9464, -0.66,   -3374, -0.23
 278,-235.00,  -12628, -0.44,   -9048, -0.63,   -3580, -0.25
 279,-234.00,  -11489, -0.40,   -7381, -0.51,   -4108, -0.28
 280,-233.00,  -10432, -0.36,   -5163, -0.36,   -5269, -0.37
 281,-232.00,  -11179, -0.39,   -4277, -0.30,   -6902, -0.48
 282,-231.00,  -11606, -0.40,   -4022, -0.28,   -7584, -0.53
 283,-230.00,  -10675, -0.37,   -3490, -0.24,   -7185, -0.50
 284,-229.00,   -8550, -0.29,   -2079, -0.14,   -6471, -0.45
 285,-228.00,   -6262, -0.22,    -377, -0.03,   -5885, -0.41
 286,-227.00,   -3572, -0.12,    1114,  0.08,   -4686, -0.33
 287,-226.00,   -1117, -0.04,    1877,  0.13,   -2994, -0.21
 288,-225.00,    -121, -0.00,    2367,  0.16,   -2488, -0.17
 289,-224.00,    1361,  0.05,    3437,  0.24,   -2076, -0.14
 290,-223.00,    3202,  0.11,    4510,  0.31,   -1308, -0.09
 291,-222.00,    4066,  0.14,    5307,  0.37,   -1241, -0.09
 292,-221.00,    5913,  0.20,    6281,  0.44,    -368, -0.03
 293,-220.00,    7733,  0.27,    6860,  0.48,     873,  0.06
 294,-219.00,    8689,  0.30,    6913,  0.48,    1776,  0.12
 295,-218.00,    9451,  0.33,    7325,  0.51,    2126,  0.15
 296,-217.00,   10310,  0.36,    7866,  0.55,    2444,  0.17
 297,-216.00,   10208,  0.35,    7253,  0.50,    2955,  0.20
 298,-215.00,   10897,  0.38,    6990,  0.48,    3907,  0.27
 299,-214.00,   11533,  0.40,    7315,  0.51,    4218,  0.29
 300,-213.00,   12391,  0.43,    7797,  0.54,    4594,  0.32
 301,-212.00,   11950,  0.41,    8085,  0.56,    3865,  0.27
 302,-211.00,   10693,  0.37,    7454,  0.52,    3239,  0.22
 303,-210.00,    9376,  0.32,    6277,  0.44,    3099,  0.21
 304,-209.00,    7861,  0.27,    4215,  0.29,    3646,  0.25
 305,-208.00,    7195,  0.25,    3060,  0.21,    4135,  0.29
 306,-207.00,    7605,  0.26,    3240,  0.22,    4365,  0.30
 307,-206.00,    7663,  0.26,    3698,  0.26,    3965,  0.28
 308,-205.00,    7628,  0.26,    3839,  0.27,    3789,  0.26
 309,-204.00,    7793,  0.27,    4069,  0.28,    3724,  0.26
 310,-203.00,    6885,  0.24,    3602,  0.25,    3283,  0.23
 311,-202.00,    5912,  0.20,    2815,  0.20,    3097,  0.21
 312,-201.00,    4986,  0.17,    1853,  0.13,    3133,  0.22
 313,-200.00,    4510,  0.16,    1583,  0.11,    2927,  0.20
 314,-199.00,    4028,  0.14,    1954,  0.14,    2074,  0.14
 315,-198.00,    3787,  0.13,    2588,  0.18,    1199,  0.08
 316,-197.00,    3261,  0.11,    3024,  0.21,     237,  0.02
 317,-196.00,    3222,  0.11,    3176,  0.22,      46,  0.00
 318,-195.00,    3671,  0.13,    3529,  0.24,     142,  0.00
 319,-194.00,    4350,  0.15,    4065,  0.28,     285,  0.02
 320,-193.00,    4482,  0.15,    3754,  0.26,     728,  0.05
 321,-192.00,    4361,  0.15,    3558,  0.25,     803,  0.06
 322,-191.00,    4557,  0.16,    3392,  0.24,    1165,  0.08
 323,-190.00,    4218,  0.15,    3134,  0.22,    1084,  0.08
 324,-189.00,    3179,  0.11,    1866,  0.13,    1313,  0.09
 325,-188.00,    2494,  0.09,     992,  0.07,    1502,  0.10
 326,-187.00,    1221,  0.04,     -36, -0.00,    1257,  0.09
 327,-186.00,     416,  0.01,    -904, -0.06,    1320,  0.09
 328,-185.00,     720,  0.02,   -1109, -0.08,    1829,  0.13
 329,-184.00,     947,  0.03,   -1709, -0.12,    2656,  0.18
 330,-183.00,    1944,  0.07,   -2121, -0.15,    4065,  0.28
 331,-182.00,    2060,  0.07,   -3140, -0.22,    5200,  0.36
 332,-181.00,    2250,  0.08,   -4083, -0.28,    6333,  0.44
 333,-180.00,    1334,  0.05,   -5102, -0.35,    6436,  0.45
 334,-179.00,     305,  0.01,   -5887, -0.41,    6192,  0.43
 335,-178.00,    -325, -0.01,   -6873, -0.48,    6548,  0.45
 336,-177.00,   -1668, -0.06,   -8238, -0.57,    6570,  0.46
 337,-176.00,   -3195, -0.11,   -9245, -0.64,    6050,  0.42
 338,-175.00,   -3763, -0.13,   -9679, -0.67,    5916,  0.41
 339,-174.00,   -4372, -0.15,   -9715, -0.67,    5343,  0.37
 340,-173.00,   -4245, -0.15,   -9563, -0.66,    5318,  0.37
 341,-172.00,   -4344, -0.15,   -9681, -0.67,    5337,  0.37
 342,-171.00,   -5390, -0.19,  -10217, -0.71,    4827,  0.33
 343,-170.00,   -5945, -0.21,  -10251, -0.71,    4306,  0.30
 344,-169.00,   -5448, -0.19,   -9697, -0.67,    4249,  0.29
 345,-168.00,   -5835, -0.20,  -10273, -0.71,    4438,  0.31
 346,-167.00,   -6147, -0.21,  -10562, -0.73,    4415,  0.31
 347,-166.00,   -5127, -0.18,   -9597, -0.67,    4470,  0.31
 348,-165.00,   -3920, -0.14,   -8837, -0.61,    4917,  0.34
 349,-164.00,   -3188, -0.11,   -7939, -0.55,    4751,  0.33
 350,-163.00,   -1854, -0.06,   -6713, -0.47,    4859,  0.34
 351,-162.00,    -452, -0.02,   -5598, -0.39,    5146,  0.36
 352,-161.00,    -818, -0.03,   -5328, -0.37,    4510,  0.31
 353,-160.00,   -1010, -0.03,   -4900, -0.34,    3890,  0.27
 354,-159.00,   -1169, -0.04,   -4527, -0.31,    3358,  0.23
 355,-158.00,   -1774, -0.06,   -4425, -0.31,    2651,  0.18
 356,-157.00,   -1395, -0.05,   -3508, -0.24,    2113,  0.15
 357,-156.00,    -823, -0.03,   -2342, -0.16,    1519,  0.11
 358,-155.00,    -121, -0.00,   -1568, -0.11,    1447,  0.10
 359,-154.00,    -799, -0.03,   -2258, -0.16,    1459,  0.10
 360,-153.00,   -1848, -0.06,   -2962, -0.21,    1114,  0.08
 361,-152.00,   -2235, -0.08,   -2923, -0.20,     688,  0.05
 362,-151.00,   -2508, -0.09,   -2581, -0.18,      73,  0.00
 363,-150.00,   -3810, -0.13,   -2821, -0.20,    -989, -0.07
 364,-149.00,   -5406, -0.19,   -3105, -0.22,   -2301, -0.16
 365,-148.00,   -6740, -0.23,   -3326, -0.23,   -3414, -0.24
 366,-147.00,   -7834, -0.27,   -3548, -0.25,   -4286, -0.30
 367,-146.00,   -8047, -0.28,   -3501, -0.24,   -4546, -0.32
 368,-145.00,   -8497, -0.29,   -3485, -0.24,   -5012, -0.35
 369,-144.00,   -8383, -0.29,   -3450, -0.24,   -4933, -0.34
 370,-143.00,   -8528, -0.29,   -3475, -0.24,   -5053, -0.35
 371,-142.00,   -9062, -0.31,   -3222, -0.22,   -5840, -0.41
 372,-141.00,   -8670, -0.30,   -2476, -0.17,   -6194, -0.43
 373,-140.00,   -8316, -0.29,   -1877, -0.13,   -6439, -0.45
 374,-139.00,   -7943, -0.27,   -1703, -0.12,   -6240, -0.43
 375,-138.00,   -7956, -0.27,   -1317, -0.09,   -6639, -0.46
 376,-137.00,   -8598, -0.30,    -914, -0.06,   -7684, -0.53
 377,-136.00,   -8977, -0.31,    -623, -0.04,   -8354, -0.58
 378,-135.00,   -8298, -0.29,    -455, -0.03,   -7843, -0.54
 379,-134.00,   -7373, -0.25,     279,  0.02,   -7652, -0.53
 380,-133.00,   -5706, -0.20,    2150,  0.15,   -7856, -0.54
 381,-132.00,   -5008, -0.17,    2710,  0.19,   -7718, -0.54
 382,-131.00,   -3070, -0.11,    3631,  0.25,   -6701, -0.46
 383,-130.00,   -1346, -0.05,    4458,  0.31,   -5804, -0.40
 384,-129.00,    -813, -0.03,    4182,  0.29,   -4995, -0.35
 385,-128.00,     334,  0.01,    4200,  0.29,   -3866, -0.27
 386,-127.00,    2095,  0.07,    4524,  0.31,   -2429, -0.17
 387,-126.00,    3552,  0.12,    4902,  0.34,   -1350, -0.09
 388,-125.00,    5159,  0.18,    5283,  0.37,    -124, -0.00
 389,-124.00,    6044,  0.21,    4929,  0.34,    1115,  0.08
 390,-123.00,    5905,  0.20,    3860,  0.27,    2045,  0.14
 391,-122.00,    4404,  0.15,    2683,  0.19,    1721,  0.12
 392,-121.00,    3132,  0.11,    1127,  0.08,    2005,  0.14
 393,-120.00,    2220,  0.08,    -373, -0.03,    2593,  0.18
 394,-119.00,    1201,  0.04,   -2070, -0.14,    3271,  0.23
 395,-118.00,     800,  0.03,   -3736, -0.26,    4536,  0.31
 396,-117.00,     803,  0.03,   -5299, -0.37,    6102,  0.42
 397,-116.00,     572,  0.02,   -6619, -0.46,    7191,  0.50
 398,-115.00,    -409, -0.01,   -7573, -0.53,    7164,  0.50
 399,-114.00,    -858, -0.03,   -8000, -0.55,    7142,  0.50
 400,-113.00,   -1812, -0.06,   -9188, -0.64,    7376,  0.51
 401,-112.00,   -3532, -0.12,  -11156, -0.77,    7624,  0.53
 402,-111.00,   -3799, -0.13,  -12507, -0.87,    8708,  0.60
 403,-110.00,   -3064, -0.11,  -12898, -0.89,    9834,  0.68
 404,-109.00,   -4001, -0.14,  -13911, -0.96,    9910,  0.69
 405,-108.00,   -5612, -0.19,  -15178, -1.05,    9566,  0.66
 406,-107.00,   -5425, -0.19,  -15654, -1.09,   10229,  0.71
 407,-106.00,   -4605, -0.16,  -15461, -1.07,   10856,  0.75
 408,-105.00,   -4412, -0.15,  -15985, -1.11,   11573,  0.80
 409,-104.00,   -3518, -0.12,  -16340, -1.13,   12822,  0.89
 410,-103.00,   -3497, -0.12,  -16357, -1.13,   12860,  0.89
 411,-102.00,   -4248, -0.15,  -16551, -1.15,   12303,  0.85
 412,-101.00,   -5671, -0.20,  -17439, -1.21,   11768,  0.82
 413,-100.00,   -6774, -0.23,  -17742, -1.23,   10968,  0.76
 414,-99.00,   -7306, -0.25,  -17313, -1.20,   10007,  0.69
 415,-98.00,   -7445, -0.26,  -16824, -1.17,    9379,  0.65
 416,-97.00,   -7981, -0.28,  -16689, -1.16,    8708,  0.60
 417,-96.00,   -7679, -0.26,  -15557, -1.08,    7878,  0.55
 418,-95.00,   -5985, -0.21,  -13218, -0.92,    7233,  0.50
 419,-94.00,   -5085, -0.18,  -11430, -0.79,    6345,  0.44
 420,-93.00,   -4165, -0.14,   -9684, -0.67,    5519,  0.38
 421,-92.00,   -4472, -0.15,   -9762, -0.68,    5290,  0.37
 422,-91.00,   -4627, -0.16,   -9731, -0.67,    5104,  0.35
 423,-90.00,   -5143, -0.18,   -9768, -0.68,    4625,  0.32
 424,-89.00,   -5977, -0.21,   -9827, -0.68,    3850,  0.27
 425,-88.00,   -6601, -0.23,  -10015, -0.69,    3414,  0.24
 426,-87.00,   -7759, -0.27,  -10690, -0.74,    2931,  0.20
 427,-86.00,   -9310, -0.32,  -11185, -0.78,    1875,  0.13
 428,-85.00,  -11026, -0.38,  -11556, -0.80,     530,  0.04
 429,-84.00,  -12093, -0.42,  -12271, -0.85,     178,  0.01
 430,-83.00,  -13304, -0.46,  -13348, -0.93,      44,  0.00
 431,-82.00,  -14559, -0.50,  -14359, -1.00,    -200, -0.01
 432,-81.00,  -16073, -0.55,  -15655, -1.09,    -418, -0.03
 433,-80.00,  -17757, -0.61,  -17283, -1.20,    -474, -0.03
 434,-79.00,  -19758, -0.68,  -18733, -1.30,   -1025, -0.07
 435,-78.00,  -22004, -0.76,  -19749, -1.37,   -2255, -0.16
 436,-77.00,  -24023, -0.83,  -20559, -1.43,   -3464, -0.24
 437,-76.00,  -26180, -0.90,  -21501, -1.49,   -4679, -0.32
 438,-75.00,  -27870, -0.96,  -22430, -1.56,   -5440, -0.38
 439,-74.00,  -28618, -0.99,  -22714, -1.58,   -5904, -0.41
 440,-73.00,  -28764, -0.99,  -22936, -1.59,   -5828, -0.40
 441,-72.00,  -29205, -1.01,  -22858, -1.59,   -6347, -0.44
 442,-71.00,  -30495, -1.05,  -22995, -1.59,   -7500, -0.52
 443,-70.00,  -32008, -1.10,  -23668, -1.64,   -8340, -0.58
 444,-69.00,  -32277, -1.11,  -23885, -1.66,   -8392, -0.58
 445,-68.00,  -32629, -1.13,  -23751, -1.65,   -8878, -0.62
 446,-67.00,  -33144, -1.14,  -23628, -1.64,   -9516, -0.66
 447,-66.00,  -34324, -1.18,  -24160, -1.68,  -10164, -0.70
 448,-65.00,  -35829, -1.24,  -24541, -1.70,  -11288, -0.78
 449,-64.00,  -36662, -1.26,  -24636, -1.71,  -12026, -0.83
 450,-63.00,  -38321, -1.32,  -25667, -1.78,  -12654, -0.88
 451,-62.00,  -39505, -1.36,  -25906, -1.80,  -13599, -0.94
 452,-61.00,  -40982, -1.41,  -26563, -1.84,  -14419, -1.00
 453,-60.00,  -42766, -1.47,  -27323, -1.90,  -15443, -1.07
 454,-59.00,  -44231, -1.53,  -27351, -1.90,  -16880, -1.17
 455,-58.00,  -44800, -1.54,  -26212, -1.82,  -18588, -1.29
 456,-57.00,  -44958, -1.55,  -24744, -1.72,  -20214, -1.40
 457,-56.00,  -44251, -1.53,  -23049, -1.60,  -21202, -1.47
 458,-55.00,  -44417, -1.53,  -22288, -1.55,  -22129, -1.53
 459,-54.00,  -44549, -1.54,  -21573, -1.50,  -22976, -1.59
 460,-53.00,  -44952, -1.55,  -20986, -1.46,  -23966, -1.66
 461,-52.00,  -45717, -1.58,  -20796, -1.44,  -24921, -1.73
 462,-51.00,  -45015, -1.55,  -19609, -1.36,  -25406, -1.76
 463,-50.00,  -44415, -1.53,  -18277, -1.27,  -26138, -1.81
 464,-49.00,  -44465, -1.53,  -17778, -1.23,  -26687, -1.85
 465,-48.00,  -45666, -1.57,  -18328, -1.27,  -27338, -1.90
 466,-47.00,  -47396, -1.63,  -19308, -1.34,  -28088, -1.95
 467,-46.00,  -48936, -1.69,  -20526, -1.42,  -28410, -1.97
 468,-45.00,  -50800, -1.75,  -21888, -1.52,  -28912, -2.01
 469,-44.00,  -52081, -1.80,  -22754, -1.58,  -29327, -2.03
 470,-43.00,  -52831, -1.82,  -22894, -1.59,  -29937, -2.08
 471,-42.00,  -54777, -1.89,  -23631, -1.64,  -31146, -2.16
 472,-41.00,  -57520, -1.98,  -25202, -1.75,  -32318, -2.24
 473,-40.00,  -59219, -2.04,  -26482, -1.84,  -32737, -2.27
 474,-39.00,  -60958, -2.10,  -28274, -1.96,  -32684, -2.27
 475,-38.00,  -62964, -2.17,  -30093, -2.09,  -32871, -2.28
 476,-37.00,  -65096, -2.24,  -31205, -2.16,  -33891, -2.35
 477,-36.00,  -66776, -2.30,  -31559, -2.19,  -35217, -2.44
 478,-35.00,  -68912, -2.38,  -32081, -2.23,  -36831, -2.55
 479,-34.00,  -69746, -2.41,  -31938, -2.22,  -37808, -2.62
 480,-33.00,  -70989, -2.45,  -32078, -2.22,  -38911, -2.70
 481,-32.00,  -71509, -2.47,  -31771, -2.20,  -39738, -2.76
 482,-31.00,  -71951, -2.48,  -31644, -2.19,  -40307, -2.80
 483,-30.00,  -72730, -2.51,  -31403, -2.18,  -41327, -2.87
 484,-29.00,  -73666, -2.54,  -31197, -2.16,  -42469, -2.95
 485,-28.00,  -73824, -2.55,  -30621, -2.12,  -43203, -3.00
 486,-27.00,  -73007, -2.52,  -30144, -2.09,  -42863, -2.97
 487,-26.00,  -72364, -2.50,  -29586, -2.05,  -42778, -2.97
 488,-25.00,  -71561, -2.47,  -28826, -2.00,  -42735, -2.96
 489,-24.00,  -70919, -2.45,  -27887, -1.93,  -43032, -2.98
 490,-23.00,  -70959, -2.45,  -27439, -1.90,  -43520, -3.02
 491,-22.00,  -71740, -2.47,  -27628, -1.92,  -44112, -3.06
 492,-21.00,  -71986, -2.48,  -27706, -1.92,  -44280, -3.07
 493,-20.00,  -71589, -2.47,  -27633, -1.92,  -43956, -3.05
 494,-19.00,  -72609, -2.50,  -27947, -1.94,  -44662, -3.10
 495,-18.00,  -73541, -2.54,  -27914, -1.94,  -45627, -3.16
 496,-17.00,  -73755, -2.54,  -27569, -1.91,  -46186, -3.20
 497,-16.00,  -74620, -2.57,  -27845, -1.93,  -46775, -3.24
 498,-15.00,  -74956, -2.58,  -27697, -1.92,  -47259, -3.28
 499,-14.00,  -74023, -2.55,  -26428, -1.83,  -47595, -3.30
 500,-13.00,  -73408, -2.53,  -25873, -1.79,  -47535, -3.30
 501,-12.00,  -73803, -2.55,  -26134, -1.81,  -47669, -3.31
 502,-11.00,  -73558, -2.54,  -25856, -1.79,  -47702, -3.31
 503,-10.00,  -73149, -2.52,  -24979, -1.73,  -48170, -3.34
 504,-9.00,  -73344, -2.53,  -24668, -1.71,  -48676, -3.38
 505,-8.00,  -74787, -2.58,  -25594, -1.78,  -49193, -3.41
 506,-7.00,  -75478, -2.60,  -25917, -1.80,  -49561, -3.44
 507,-6.00,  -74933, -2.58,  -25375, -1.76,  -49558, -3.44
 508,-5.00,  -75371, -2.60,  -25352, -1.76,  -50019, -3.47
 509,-4.00,  -75161, -2.59,  -24757, -1.72,  -50404, -3.50
 510,-3.00,  -75521, -2.60,  -24470, -1.70,  -51051, -3.54
 511,-2.00,  -76017, -2.62,  -24183, -1.68,  -51834, -3.60
 512,-1.00,  -76648, -2.64,  -24393, -1.69,  -52255, -3.62
 513,0.00,  -77185, -2.66,  -25540, -1.77,  -51645, -3.58
 514,1.00,  -77186, -2.66,  -26337, -1.83,  -50849, -3.53
 515,2.00,  -76400, -2.63,  -26236, -1.82,  -50164, -3.48
 516,3.00,  -76032, -2.62,  -26440, -1.83,  -49592, -3.44
 517,4.00,  -75335, -2.60,  -26460, -1.84,  -48875, -3.39
 518,5.00,  -74617, -2.57,  -26246, -1.82,  -48371, -3.36
 519,6.00,  -74445, -2.57,  -26408, -1.83,  -48037, -3.33
 520,7.00,  -72980, -2.52,  -25941, -1.80,  -47039, -3.26
 521,8.00,  -72377, -2.50,  -25841, -1.79,  -46536, -3.23
 522,9.00,  -71984, -2.48,  -25694, -1.78,  -46290, -3.21
 523,10.00,  -69935, -2.41,  -24926, -1.73,  -45009, -3.12
 524,11.00,  -66954, -2.31,  -23823, -1.65,  -43131, -2.99
 525,12.00,  -64330, -2.22,  -22536, -1.56,  -41794, -2.90
 526,13.00,  -62501, -2.16,  -21737, -1.51,  -40764, -2.83
 527,14.00,  -61930, -2.14,  -21882, -1.52,  -40048, -2.78
 528,15.00,  -61724, -2.13,  -22733, -1.58,  -38991, -2.70
 529,16.00,  -61297, -2.11,  -23596, -1.64,  -37701, -2.61
 530,17.00,  -60167, -2.07,  -23561, -1.63,  -36606, -2.54
 531,18.00,  -58634, -2.02,  -22234, -1.54,  -36400, -2.52
 532,19.00,  -58079, -2.00,  -21469, -1.49,  -36610, -2.54
 533,20.00,  -57429, -1.98,  -21100, -1.46,  -36329, -2.52
 534,21.00,  -56775, -1.96,  -20889, -1.45,  -35886, -2.49
 535,22.00,  -57032, -1.97,  -21047, -1.46,  -35985, -2.50
 536,23.00,  -57465, -1.98,  -21448, -1.49,  -36017, -2.50
 537,24.00,  -57464, -1.98,  -21983, -1.52,  -35481, -2.46
 538,25.00,  -58423, -2.01,  -22362, -1.55,  -36061, -2.50
 539,26.00,  -58859, -2.03,  -21849, -1.52,  -37010, -2.57
 540,27.00,  -58656, -2.02,  -21262, -1.47,  -37394, -2.59
 541,28.00,  -58419, -2.01,  -21045, -1.46,  -37374, -2.59
 542,29.00,  -57552, -1.98,  -20132, -1.40,  -37420, -2.60
 543,30.00,  -56776, -1.96,  -19278, -1.34,  -37498, -2.60
 544,31.00,  -55560, -1.92,  -18219, -1.26,  -37341, -2.59
 545,32.00,  -54356, -1.87,  -17617, -1.22,  -36739, -2.55
 546,33.00,  -54354, -1.87,  -18037, -1.25,  -36317, -2.52
 547,34.00,  -54619, -1.88,  -18868, -1.31,  -35751, -2.48
 548,35.00,  -54940, -1.89,  -19363, -1.34,  -35577, -2.47
 549,36.00,  -54802, -1.89,  -19389, -1.34,  -35413, -2.46
 550,37.00,  -54044, -1.86,  -19668, -1.36,  -34376, -2.38
 551,38.00,  -53528, -1.85,  -20392, -1.41,  -33136, -2.30
 552,39.00,  -52578, -1.81,  -20720, -1.44,  -31858, -2.21
 553,40.00,  -50670, -1.75,  -20334, -1.41,  -30336, -2.10
 554,41.00,  -49911, -1.72,  -20540, -1.42,  -29371, -2.04
 555,42.00,  -49726, -1.71,  -20632, -1.43,  -29094, -2.02
 556,43.00,  -49238, -1.70,  -20509, -1.42,  -28729, -1.99
 557,44.00,  -47040, -1.62,  -19840, -1.38,  -27200, -1.89
 558,45.00,  -44075, -1.52,  -18802, -1.30,  -25273, -1.75
 559,46.00,  -40980, -1.41,  -18248, -1.27,  -22732, -1.58
 560,47.00,  -37477, -1.29,  -17435, -1.21,  -20042, -1.39
 561,48.00,  -33446, -1.15,  -16126, -1.12,  -17320, -1.20
 562,49.00,  -29464, -1.02,  -14584, -1.01,  -14880, -1.03
 563,50.00,  -26356, -0.91,  -13297, -0.92,  -13059, -0.91
 564,51.00,  -22082, -0.76,  -11701, -0.81,  -10381, -0.72
 565,52.00,  -16260, -0.56,   -9307, -0.65,   -6953, -0.48
 566,53.00,  -10868, -0.37,   -6394, -0.44,   -4474, -0.31
 567,54.00,   -6286, -0.22,   -3969, -0.28,   -2317, -0.16
 568,55.00,   -2727, -0.09,   -2215, -0.15,    -512, -0.04
 569,56.00,    1468,  0.05,    -280, -0.02,    1748,  0.12
 570,57.00,    5027,  0.17,     941,  0.07,    4086,  0.28
 571,58.00,    7698,  0.27,    1789,  0.12,    5909,  0.41
 572,59.00,   11227,  0.39,    3635,  0.25,    7592,  0.53
 573,60.00,   14102,  0.49,    4954,  0.34,    9148,  0.63
 574,61.00,   17012,  0.59,    5392,  0.37,   11620,  0.81
 575,62.00,   19415,  0.67,    6237,  0.43,   13178,  0.91
 576,63.00,   22165,  0.76,    7611,  0.53,   14554,  1.01
 577,64.00,   24632,  0.85,    8830,  0.61,   15802,  1.10
 578,65.00,   26123,  0.90,    9625,  0.67,   16498,  1.14
 579,66.00,   26577,  0.92,   10240,  0.71,   16337,  1.13
 580,67.00,   27473,  0.95,   11411,  0.79,   16062,  1.11
 581,68.00,   28751,  0.99,   12525,  0.87,   16226,  1.13
 582,69.00,   30728,  1.06,   13890,  0.96,   16838,  1.17
 583,70.00,   32293,  1.11,   14807,  1.03,   17486,  1.21
 584,71.00,   33579,  1.16,   15500,  1.08,   18079,  1.25
 585,72.00,   35980,  1.24,   16547,  1.15,   19433,  1.35
 586,73.00,   38377,  1.32,   17721,  1.23,   20656,  1.43
 587,74.00,   40498,  1.40,   18925,  1.31,   21573,  1.50
 588,75.00,   42879,  1.48,   20157,  1.40,   22722,  1.58
 589,76.00,   44703,  1.54,   21396,  1.48,   23307,  1.62
 590,77.00,   45339,  1.56,   22333,  1.55,   23006,  1.60
 591,78.00,   44356,  1.53,   22394,  1.55,   21962,  1.52
 592,79.00,   43725,  1.51,   22368,  1.55,   21357,  1.48
 593,80.00,   42853,  1.48,   22124,  1.53,   20729,  1.44
 594,81.00,   41181,  1.42,   21821,  1.51,   19360,  1.34
 595,82.00,   39052,  1.35,   20832,  1.44,   18220,  1.26
 596,83.00,   36190,  1.25,   19511,  1.35,   16679,  1.16
 597,84.00,   32504,  1.12,   17646,  1.22,   14858,  1.03
 598,85.00,   29247,  1.01,   15473,  1.07,   13774,  0.96
 599,86.00,   27082,  0.93,   13864,  0.96,   13218,  0.92
 600,87.00,   25018,  0.86,   12593,  0.87,   12425,  0.86
 601,88.00,   21379,  0.74,   10328,  0.72,   11051,  0.77
 602,89.00,   19273,  0.66,    8756,  0.61,   10517,  0.73
 603,90.00,   17484,  0.60,    7341,  0.51,   10143,  0.70
 604,91.00,   15184,  0.52,    5315,  0.37,    9869,  0.68
 605,92.00,   12516,  0.43,    3211,  0.22,    9305,  0.65
 606,93.00,    9555,  0.33,    1330,  0.09,    8225,  0.57
 607,94.00,    6470,  0.22,      11,  0.00,    6459,  0.45
 608,95.00,    4519,  0.16,    -749, -0.05,    5268,  0.37
 609,96.00,    3814,  0.13,   -1287, -0.09,    5101,  0.35
 610,97.00,    3069,  0.11,   -2172, -0.15,    5241,  0.36
 611,98.00,    2157,  0.07,   -3490, -0.24,    5647,  0.39
 612,99.00,     834,  0.03,   -4847, -0.34,    5681,  0.39
 613,100.00,     527,  0.02,   -5402, -0.37,    5929,  0.41
 614,101.00,     -49, -0.00,   -5654, -0.39,    5605,  0.39
 615,102.00,   -1781, -0.06,   -6121, -0.42,    4340,  0.30
 616,103.00,   -3050, -0.11,   -5746, -0.40,    2696,  0.19
 617,104.00,   -3708, -0.13,   -5245, -0.36,    1537,  0.11
 618,105.00,   -4633, -0.16,   -5555, -0.39,     922,  0.06
 619,106.00,   -5010, -0.17,   -5974, -0.41,     964,  0.07
 620,107.00,   -5470, -0.19,   -5952, -0.41,     482,  0.03
 621,108.00,   -6712, -0.23,   -6293, -0.44,    -419, -0.03
 622,109.00,   -8165, -0.28,   -6838, -0.47,   -1327, -0.09
 623,110.00,  -10294, -0.35,   -7572, -0.53,   -2722, -0.19
 624,111.00,  -12399, -0.43,   -7968, -0.55,   -4431, -0.31
 625,112.00,  -13919, -0.48,   -8255, -0.57,   -5664, -0.39
 626,113.00,  -15324, -0.53,   -8232, -0.57,   -7092, -0.49
 627,114.00,  -16989, -0.59,   -7770, -0.54,   -9219, -0.64
 628,115.00,  -17655, -0.61,   -7020, -0.49,  -10635, -0.74
 629,116.00,  -18563, -0.64,   -6710, -0.47,  -11853, -0.82
 630,117.00,  -19256, -0.66,   -6491, -0.45,  -12765, -0.89
 631,118.00,  -19537, -0.67,   -6020, -0.42,  -13517, -0.94
 632,119.00,  -19649, -0.68,   -5224, -0.36,  -14425, -1.00
 633,120.00,  -19890, -0.69,   -4196, -0.29,  -15694, -1.09
 634,121.00,  -21179, -0.73,   -4026, -0.28,  -17153, -1.19
 635,122.00,  -23249, -0.80,   -3937, -0.27,  -19312, -1.34
 636,123.00,  -24966, -0.86,   -3959, -0.27,  -21007, -1.46
 637,124.00,  -26797, -0.92,   -4472, -0.31,  -22325, -1.55
 638,125.00,  -27998, -0.97,   -5078, -0.35,  -22920, -1.59
 639,126.00,  -29149, -1.01,   -5289, -0.37,  -23860, -1.65
 640,127.00,  -30232, -1.04,   -5641, -0.39,  -24591, -1.71
 641,128.00,  -31608, -1.09,   -6389, -0.44,  -25219, -1.75
 642,129.00,  -33360, -1.15,   -7318, -0.51,  -26042, -1.81
 643,130.00,  -35554, -1.23,   -8742, -0.61,  -26812, -1.86
 644,131.00,  -37646, -1.30,  -10089, -0.70,  -27557, -1.91
 645,132.00,  -39051, -1.35,  -11186, -0.78,  -27865, -1.93
 646,133.00,  -41467, -1.43,  -12833, -0.89,  -28634, -1.99
 647,134.00,  -44193, -1.52,  -14716, -1.02,  -29477, -2.04
 648,135.00,  -46854, -1.62,  -16755, -1.16,  -30099, -2.09
 649,136.00,  -49501, -1.71,  -18496, -1.28,  -31005, -2.15
 650,137.00,  -52371, -1.81,  -19942, -1.38,  -32429, -2.25
 651,138.00,  -54333, -1.87,  -21499, -1.49,  -32834, -2.28
 652,139.00,  -55916, -1.93,  -22602, -1.57,  -33314, -2.31
 653,140.00,  -57518, -1.98,  -23000, -1.60,  -34518, -2.39
 654,141.00,  -58547, -2.02,  -23395, -1.62,  -35152, -2.44
 655,142.00,  -59043, -2.04,  -23882, -1.66,  -35161, -2.44
 656,143.00,  -60689, -2.09,  -25172, -1.75,  -35517, -2.46
 657,144.00,  -62372, -2.15,  -26456, -1.83,  -35916, -2.49
 658,145.00,  -64010, -2.21,  -27390, -1.90,  -36620, -2.54
 659,146.00,  -65686, -2.27,  -28127, -1.95,  -37559, -2.61
 660,147.00,  -66576, -2.30,  -28537, -1.98,  -38039, -2.64
 661,148.00,  -67507, -2.33,  -29006, -2.01,  -38501, -2.67
 662,149.00,  -69510, -2.40,  -30552, -2.12,  -38958, -2.70
 663,150.00,  -71960, -2.48,  -32367, -2.24,  -39593, -2.75
 664,151.00,  -74709, -2.58,  -34376, -2.38,  -40333, -2.80
 665,152.00,  -76325, -2.63,  -36011, -2.50,  -40314, -2.80
 666,153.00,  -77560, -2.67,  -36725, -2.55,  -40835, -2.83
 667,154.00,  -78406, -2.70,  -36535, -2.53,  -41871, -2.90
 668,155.00,  -79444, -2.74,  -37440, -2.60,  -42004, -2.91
 669,156.00,  -81232, -2.80,  -39030, -2.71,  -42202, -2.93
 670,157.00,  -82663, -2.85,  -40517, -2.81,  -42146, -2.92
 671,158.00,  -83590, -2.88,  -41930, -2.91,  -41660, -2.89
 672,159.00,  -83786, -2.89,  -42752, -2.97,  -41034, -2.85
 673,160.00,  -83600, -2.88,  -43327, -3.01,  -40273, -2.79
 674,161.00,  -83483, -2.88,  -43895, -3.04,  -39588, -2.75
 675,162.00,  -83903, -2.89,  -44583, -3.09,  -39320, -2.73
 676,163.00,  -85067, -2.93,  -45149, -3.13,  -39918, -2.77
 677,164.00,  -86007, -2.97,  -45539, -3.16,  -40468, -2.81
 678,165.00,  -87086, -3.00,  -46337, -3.21,  -40749, -2.83
 679,166.00,  -88952, -3.07,  -47607, -3.30,  -41345, -2.87
 680,167.00,  -89692, -3.09,  -48536, -3.37,  -41156, -2.85
 681,168.00,  -89202, -3.08,  -49312, -3.42,  -39890, -2.77
 682,169.00,  -89713, -3.09,  -50932, -3.53,  -38781, -2.69
 683,170.00,  -90178, -3.11,  -52400, -3.63,  -37778, -2.62
 684,171.00,  -90814, -3.13,  -53061, -3.68,  -37753, -2.62
 685,172.00,  -90956, -3.14,  -52964, -3.67,  -37992, -2.64
 686,173.00,  -89694, -3.09,  -52317, -3.63,  -37377, -2.59
 687,174.00,  -88066, -3.04,  -52028, -3.61,  -36038, -2.50
 688,175.00,  -86860, -3.00,  -51832, -3.60,  -35028, -2.43
 689,176.00,  -84664, -2.92,  -51101, -3.54,  -33563, -2.33
 690,177.00,  -81888, -2.82,  -50177, -3.48,  -31711, -2.20
 691,178.00,  -79953, -2.76,  -49786, -3.45,  -30167, -2.09
 692,179.00,  -77484, -2.67,  -49164, -3.41,  -28320, -1.96
 693,180.00,  -75295, -2.60,  -48669, -3.38,  -26626, -1.85
 694,181.00,  -73465, -2.53,  -48258, -3.35,  -25207, -1.75
 695,182.00,  -70861, -2.44,  -47553, -3.30,  -23308, -1.62
 696,183.00,  -67408, -2.32,  -46953, -3.26,  -20455, -1.42
 697,184.00,  -64562, -2.23,  -45924, -3.19,  -18638, -1.29
 698,185.00,  -61363, -2.12,  -44710, -3.10,  -16653, -1.16
 699,186.00,  -57440, -1.98,  -43418, -3.01,  -14022, -0.97
 700,187.00,  -52826, -1.82,  -41433, -2.87,  -11393, -0.79
 701,188.00,  -49302, -1.70,  -39796, -2.76,   -9506, -0.66
 702,189.00,  -46505, -1.60,  -38482, -2.67,   -8023, -0.56
 703,190.00,  -45568, -1.57,  -38225, -2.65,   -7343, -0.51
 704,191.00,  -45013, -1.55,  -38408, -2.66,   -6605, -0.46
 705,192.00,  -42865, -1.48,  -38016, -2.64,   -4849, -0.34
 706,193.00,  -41134, -1.42,  -37803, -2.62,   -3331, -0.23
 707,194.00,  -39135, -1.35,  -37098, -2.57,   -2037, -0.14
 708,195.00,  -37011, -1.28,  -36291, -2.52,    -720, -0.05
 709,196.00,  -34520, -1.19,  -35448, -2.46,     928,  0.06
 710,197.00,  -31845, -1.10,  -34100, -2.37,    2255,  0.16
 711,198.00,  -29299, -1.01,  -32437, -2.25,    3138,  0.22
 712,199.00,  -27483, -0.95,  -31469, -2.18,    3986,  0.28
 713,200.00,  -26500, -0.91,  -31203, -2.16,    4703,  0.33
 714,201.00,  -25783, -0.89,  -31199, -2.16,    5416,  0.38
 715,202.00,  -25363, -0.87,  -32004, -2.22,    6641,  0.46
 716,203.00,  -25457, -0.88,  -33543, -2.33,    8086,  0.56
 717,204.00,  -24467, -0.84,  -34311, -2.38,    9844,  0.68
 718,205.00,  -23887, -0.82,  -34961, -2.42,   11074,  0.77
 719,206.00,  -23382, -0.81,  -35281, -2.45,   11899,  0.83
 720,207.00,  -22600, -0.78,  -35039, -2.43,   12439,  0.86
 721,208.00,  -21333, -0.74,  -34422, -2.39,   13089,  0.91
 722,209.00,  -21011, -0.72,  -34481, -2.39,   13470,  0.93
 723,210.00,  -21687, -0.75,  -35046, -2.43,   13359,  0.93
 724,211.00,  -21875, -0.75,  -35509, -2.46,   13634,  0.95
 725,212.00,  -21370, -0.74,  -35152, -2.44,   13782,  0.96
 726,213.00,  -20911, -0.72,  -34865, -2.42,   13954,  0.97
 727,214.00,  -21204, -0.73,  -35339, -2.45,   14135,  0.98
 728,215.00,  -21904, -0.76,  -35681, -2.47,   13777,  0.96
 729,216.00,  -22257, -0.77,  -35366, -2.45,   13109,  0.91
 730,217.00,  -22840, -0.79,  -35055, -2.43,   12215,  0.85
 731,218.00,  -22658, -0.78,  -33894, -2.35,   11236,  0.78
 732,219.00,  -22062, -0.76,  -32188, -2.23,   10126,  0.70
 733,220.00,  -21209, -0.73,  -30884, -2.14,    9675,  0.67
 734,221.00,  -20456, -0.71,  -29174, -2.02,    8718,  0.60
 735,222.00,  -19291, -0.67,  -27007, -1.87,    7716,  0.54
 736,223.00,  -17943, -0.62,  -24703, -1.71,    6760,  0.47
 737,224.00,  -16487, -0.57,  -22305, -1.55,    5818,  0.40
 738,225.00,  -14579, -0.50,  -19858, -1.38,    5279,  0.37
 739,226.00,  -12787, -0.44,  -18012, -1.25,    5225,  0.36
 740,227.00,  -10600, -0.37,  -15740, -1.09,    5140,  0.36
 741,228.00,   -7989, -0.28,  -12768, -0.89,    4779,  0.33
 742,229.00,   -5925, -0.20,  -11093, -0.77,    5168,  0.36
 743,230.00,   -4197, -0.14,   -9699, -0.67,    5502,  0.38
 744,231.00,   -2647, -0.09,   -7826, -0.54,    5179,  0.36
 745,232.00,     622,  0.02,   -5097, -0.35,    5719,  0.40
 746,233.00,    5688,  0.20,   -1063, -0.07,    6751,  0.47
 747,234.00,   10378,  0.36,    2059,  0.14,    8319,  0.58
 748,235.00,   13339,  0.46,    3974,  0.28,    9365,  0.65
 749,236.00,   16601,  0.57,    6522,  0.45,   10079,  0.70
 750,237.00,   20666,  0.71,    9416,  0.65,   11250,  0.78
 751,238.00,   23626,  0.81,   11110,  0.77,   12516,  0.87
 752,239.00,   26882,  0.93,   12767,  0.89,   14115,  0.98
 753,240.00,   31012,  1.07,   14801,  1.03,   16211,  1.12
 754,241.00,   35121,  1.21,   16784,  1.16,   18337,  1.27
 755,242.00,   39363,  1.36,   18557,  1.29,   20806,  1.44
 756,243.00,   44078,  1.52,   21159,  1.47,   22919,  1.59
 757,244.00,   47726,  1.65,   23812,  1.65,   23914,  1.66
 758,245.00,   51078,  1.76,   26638,  1.85,   24440,  1.70
 759,246.00,   55148,  1.90,   29535,  2.05,   25613,  1.78
 760,247.00,   59425,  2.05,   31870,  2.21,   27555,  1.91
 761,248.00,   63777,  2.20,   33754,  2.34,   30023,  2.08
 762,249.00,   67161,  2.32,   35031,  2.43,   32130,  2.23
 763,250.00,   70256,  2.42,   36205,  2.51,   34051,  2.36
 764,251.00,   73240,  2.53,   37542,  2.60,   35698,  2.48
 765,252.00,   76353,  2.63,   38471,  2.67,   37882,  2.63
 766,253.00,   79266,  2.73,   39375,  2.73,   39891,  2.77
 767,254.00,   82098,  2.83,   40080,  2.78,   42018,  2.91
 768,255.00,   83729,  2.89,   40206,  2.79,   43523,  3.02
 769,256.00,   85214,  2.94,   40569,  2.81,   44645,  3.10
 770,257.00,   86384,  2.98,   40593,  2.82,   45791,  3.18
 771,258.00,   88103,  3.04,   40712,  2.82,   47391,  3.29
 772,259.00,   90238,  3.11,   40076,  2.78,   50162,  3.48
 773,260.00,   91501,  3.16,   38948,  2.70,   52553,  3.65
 774,261.00,   92617,  3.19,   38309,  2.66,   54308,  3.77
 775,262.00,   93287,  3.22,   38374,  2.66,   54913,  3.81
 776,263.00,   94337,  3.25,   38898,  2.70,   55439,  3.85
 777,264.00,   96244,  3.32,   40030,  2.78,   56214,  3.90
 778,265.00,   96934,  3.34,   40266,  2.79,   56668,  3.93
 779,266.00,   98098,  3.38,   41170,  2.86,   56928,  3.95
 780,267.00,   99622,  3.44,   42238,  2.93,   57384,  3.98
 781,268.00,  100425,  3.46,   41925,  2.91,   58500,  4.06
 782,269.00,  102021,  3.52,   42335,  2.94,   59686,  4.14
 783,270.00,  103691,  3.58,   42997,  2.98,   60694,  4.21
 784,271.00,  104286,  3.60,   43115,  2.99,   61171,  4.24
 785,272.00,  104935,  3.62,   43622,  3.03,   61313,  4.25
 786,273.00,  106503,  3.67,   44758,  3.10,   61745,  4.28
 787,274.00,  107530,  3.71,   45814,  3.18,   61716,  4.28
 788,275.00,  108818,  3.75,   47134,  3.27,   61684,  4.28
 789,276.00,  109846,  3.79,   48368,  3.35,   61478,  4.26
 790,277.00,  110751,  3.82,   49617,  3.44,   61134,  4.24
 791,278.00,  111502,  3.85,   50495,  3.50,   61007,  4.23
 792,279.00,  111954,  3.86,   51284,  3.56,   60670,  4.21
 793,280.00,  113090,  3.90,   52023,  3.61,   61067,  4.24
 794,281.00,  114958,  3.96,   52760,  3.66,   62198,  4.31
 795,282.00,  115111,  3.97,   53385,  3.70,   61726,  4.28
 796,283.00,  116346,  4.01,   54998,  3.81,   61348,  4.26
 797,284.00,  118192,  4.08,   56267,  3.90,   61925,  4.30
 798,285.00,  118958,  4.10,   57327,  3.98,   61631,  4.27
 799,286.00,  119919,  4.14,   58493,  4.06,   61426,  4.26
 800,287.00,  120716,  4.16,   59253,  4.11,   61463,  4.26
 801,288.00,  120350,  4.15,   59539,  4.13,   60811,  4.22
 802,289.00,  120547,  4.16,   60033,  4.16,   60514,  4.20
 803,290.00,  120451,  4.15,   60316,  4.18,   60135,  4.17
 804,291.00,  121820,  4.20,   61502,  4.27,   60318,  4.18
 805,292.00,  123542,  4.26,   63549,  4.41,   59993,  4.16
 806,293.00,  124580,  4.30,   64724,  4.49,   59856,  4.15
 807,294.00,  124706,  4.30,   64962,  4.51,   59744,  4.14
 808,295.00,  124147,  4.28,   65266,  4.53,   58881,  4.08
 809,296.00,  123652,  4.26,   65615,  4.55,   58037,  4.03
 810,297.00,  124016,  4.28,   66872,  4.64,   57144,  3.96
 811,298.00,  123789,  4.27,   67344,  4.67,   56445,  3.92
 812,299.00,  123145,  4.25,   67619,  4.69,   55526,  3.85
 813,300.00,  123410,  4.26,   68486,  4.75,   54924,  3.81
 814,301.00,  124539,  4.29,   69355,  4.81,   55184,  3.83
 815,302.00,  124790,  4.30,   70669,  4.90,   54121,  3.75
 816,303.00,  123274,  4.25,   71189,  4.94,   52085,  3.61
 817,304.00,  122491,  4.22,   71853,  4.98,   50638,  3.51
 818,305.00,  123275,  4.25,   73137,  5.07,   50138,  3.48
 819,306.00,  123910,  4.27,   74427,  5.16,   49483,  3.43
 820,307.00,  123994,  4.28,   75369,  5.23,   48625,  3.37
 821,308.00,  124439,  4.29,   76225,  5.29,   48214,  3.34
 822,309.00,  125283,  4.32,   77079,  5.35,   48204,  3.34
 823,310.00,  125978,  4.34,   78472,  5.44,   47506,  3.30
 824,311.00,  127935,  4.41,   80857,  5.61,   47078,  3.27
 825,312.00,  129098,  4.45,   81966,  5.69,   47132,  3.27
 826,313.00,  129145,  4.45,   81898,  5.68,   47247,  3.28
 827,314.00,  128799,  4.44,   81955,  5.68,   46844,  3.25
 828,315.00,  129183,  4.45,   82286,  5.71,   46897,  3.25
 829,316.00,  129654,  4.47,   82296,  5.71,   47358,  3.28
 830,317.00,  130150,  4.49,   82082,  5.69,   48068,  3.33
 831,318.00,  130114,  4.49,   81844,  5.68,   48270,  3.35
 832,319.00,  129777,  4.48,   81030,  5.62,   48747,  3.38
 833,320.00,  130260,  4.49,   80431,  5.58,   49829,  3.46
 834,321.00,  130426,  4.50,   80205,  5.56,   50221,  3.48
 835,322.00,  129913,  4.48,   79509,  5.51,   50404,  3.50
 836,323.00,  129333,  4.46,   78742,  5.46,   50591,  3.51
 837,324.00,  129102,  4.45,   77579,  5.38,   51523,  3.57
 838,325.00,  128974,  4.45,   76628,  5.31,   52346,  3.63
 839,326.00,  128899,  4.44,   76002,  5.27,   52897,  3.67
 840,327.00,  128588,  4.43,   75225,  5.22,   53363,  3.70
 841,328.00,  128199,  4.42,   74144,  5.14,   54055,  3.75
 842,329.00,  128434,  4.43,   73841,  5.12,   54593,  3.79
 843,330.00,  128036,  4.42,   73963,  5.13,   54073,  3.75
 844,331.00,  126681,  4.37,   73260,  5.08,   53421,  3.71
 845,332.00,  126149,  4.35,   73321,  5.09,   52828,  3.66
 846,333.00,  126188,  4.35,   74023,  5.13,   52165,  3.62
 847,334.00,  125779,  4.34,   74159,  5.14,   51620,  3.58
 848,335.00,  126740,  4.37,   75093,  5.21,   51647,  3.58
 849,336.00,  126908,  4.38,   75389,  5.23,   51519,  3.57
 850,337.00,  125988,  4.34,   74631,  5.18,   51357,  3.56
 851,338.00,  124654,  4.30,   73393,  5.09,   51261,  3.56
 852,339.00,  123957,  4.27,   73031,  5.07,   50926,  3.53
 853,340.00,  124091,  4.28,   73494,  5.10,   50597,  3.51
 854,341.00,  123528,  4.26,   73471,  5.10,   50057,  3.47
 855,342.00,  122150,  4.21,   72898,  5.06,   49252,  3.42
 856,343.00,  120849,  4.17,   72097,  5.00,   48752,  3.38
 857,344.00,  119482,  4.12,   71451,  4.96,   48031,  3.33
 858,345.00,  117694,  4.06,   70026,  4.86,   47668,  3.31
 859,346.00,  116926,  4.03,   69072,  4.79,   47854,  3.32
 860,347.00,  115530,  3.98,   67981,  4.72,   47549,  3.30
 861,348.00,  113413,  3.91,   66670,  4.62,   46743,  3.24
 862,349.00,  111746,  3.85,   65601,  4.55,   46145,  3.20
 863,350.00,  110705,  3.82,   64519,  4.48,   46186,  3.20
 864,351.00,  109734,  3.78,   63721,  4.42,   46013,  3.19
 865,352.00,  108546,  3.74,   62506,  4.34,   46040,  3.19
 866,353.00,  107519,  3.71,   61111,  4.24,   46408,  3.22
 867,354.00,  106633,  3.68,   60665,  4.21,   45968,  3.19
 868,355.00,  106241,  3.66,   60423,  4.19,   45818,  3.18
 869,356.00,  105674,  3.64,   59791,  4.15,   45883,  3.18
 870,357.00,  105470,  3.64,   59471,  4.12,   45999,  3.19
 871,358.00,  105203,  3.63,   58664,  4.07,   46539,  3.23
 872,359.00,  104700,  3.61,   57059,  3.96,   47641,  3.30
 873,360.00,  105884,  3.65,   56280,  3.90,   49604,  3.44
 874,361.00,  107918,  3.72,   56183,  3.90,   51735,  3.59
 875,362.00,  108959,  3.76,   55229,  3.83,   53730,  3.73
 876,363.00,  110088,  3.80,   54150,  3.76,   55938,  3.88
 877,364.00,  110739,  3.82,   53620,  3.72,   57119,  3.96
 878,365.00,  111435,  3.84,   53735,  3.73,   57700,  4.00
 879,366.00,  112181,  3.87,   53686,  3.72,   58495,  4.06
 880,367.00,  113574,  3.92,   53609,  3.72,   59965,  4.16
 881,368.00,  114440,  3.95,   52891,  3.67,   61549,  4.27
 882,369.00,  115346,  3.98,   52980,  3.67,   62366,  4.33
 883,370.00,  116065,  4.00,   53389,  3.70,   62676,  4.35
 884,371.00,  115856,  4.00,   52673,  3.65,   63183,  4.38
 885,372.00,  115658,  3.99,   51776,  3.59,   63882,  4.43
 886,373.00,  115986,  4.00,   51412,  3.57,   64574,  4.48
 887,374.00,  116023,  4.00,   51316,  3.56,   64707,  4.49
 888,375.00,  115920,  4.00,   50627,  3.51,   65293,  4.53
 889,376.00,  116385,  4.01,   50440,  3.50,   65945,  4.57
 890,377.00,  115026,  3.97,   49612,  3.44,   65414,  4.54
 891,378.00,  112168,  3.87,   47867,  3.32,   64301,  4.46
 892,379.00,  109556,  3.78,   46083,  3.20,   63473,  4.40
 893,380.00,  107823,  3.72,   44908,  3.11,   62915,  4.36
 894,381.00,  104713,  3.61,   43072,  2.99,   61641,  4.28
 895,382.00,  102428,  3.53,   41590,  2.88,   60838,  4.22
 896,383.00,   99522,  3.43,   40236,  2.79,   59286,  4.11
 897,384.00,   96036,  3.31,   38271,  2.65,   57765,  4.01
 898,385.00,   93159,  3.21,   35943,  2.49,   57216,  3.97
 899,386.00,   90345,  3.12,   34245,  2.38,   56100,  3.89
 900,387.00,   87418,  3.01,   32089,  2.23,   55329,  3.84
 901,388.00,   83912,  2.89,   29473,  2.04,   54439,  3.78
 902,389.00,   80225,  2.77,   27200,  1.89,   53025,  3.68
 903,390.00,   77882,  2.69,   25619,  1.78,   52263,  3.62
 904,391.00,   74091,  2.55,   23434,  1.63,   50657,  3.51
 905,392.00,   69924,  2.41,   21581,  1.50,   48343,  3.35
 906,393.00,   65917,  2.27,   20211,  1.40,   45706,  3.17
 907,394.00,   62622,  2.16,   18775,  1.30,   43847,  3.04
 908,395.00,   60419,  2.08,   18040,  1.25,   42379,  2.94
 909,396.00,   58165,  2.01,   17379,  1.21,   40786,  2.83
 910,397.00,   57093,  1.97,   16353,  1.13,   40740,  2.83
 911,398.00,   55093,  1.90,   14913,  1.03,   40180,  2.79
 912,399.00,   51441,  1.77,   13151,  0.91,   38290,  2.66
 913,400.00,   48200,  1.66,   11419,  0.79,   36781,  2.55
 914,401.00,   45229,  1.56,    9577,  0.66,   35652,  2.47
 915,402.00,   42357,  1.46,    7597,  0.53,   34760,  2.41
 916,403.00,   39253,  1.35,    5513,  0.38,   33740,  2.34
 917,404.00,   37870,  1.31,    4037,  0.28,   33833,  2.35
 918,405.00,   37018,  1.28,    2941,  0.20,   34077,  2.36
 919,406.00,   36562,  1.26,    2406,  0.17,   34156,  2.37
 920,407.00,   36402,  1.26,    2066,  0.14,   34336,  2.38
 921,408.00,   35396,  1.22,    1344,  0.09,   34052,  2.36
 922,409.00,   33863,  1.17,     -99, -0.00,   33962,  2.36
 923,410.00,   32671,  1.13,    -566, -0.04,   33237,  2.31
 924,411.00,   31501,  1.09,    -751, -0.05,   32252,  2.24
 925,412.00,   30258,  1.04,   -1323, -0.09,   31581,  2.19
 926,413.00,   28766,  0.99,   -1488, -0.10,   30254,  2.10
 927,414.00,   27373,  0.94,   -1469, -0.10,   28842,  2.00
 928,415.00,   27436,  0.95,    -246, -0.02,   27682,  1.92
 929,416.00,   26458,  0.91,     408,  0.03,   26050,  1.81
 930,417.00,   25742,  0.89,     806,  0.06,   24936,  1.73
 931,418.00,   25546,  0.88,    1006,  0.07,   24540,  1.70
 932,419.00,   24816,  0.86,    1720,  0.12,   23096,  1.60
 933,420.00,   23502,  0.81,    2226,  0.15,   21276,  1.48
 934,421.00,   23211,  0.80,    3600,  0.25,   19611,  1.36
 935,422.00,   23493,  0.81,    5553,  0.39,   17940,  1.24
 936,423.00,   23114,  0.80,    6561,  0.46,   16553,  1.15
 937,424.00,   22089,  0.76,    7101,  0.49,   14988,  1.04
 938,425.00,   20798,  0.72,    7728,  0.54,   13070,  0.91
 939,426.00,   19112,  0.66,    7675,  0.53,   11437,  0.79
 940,427.00,   18192,  0.63,    7742,  0.54,   10450,  0.72
 941,428.00,   18452,  0.64,    8305,  0.58,   10147,  0.70
 942,429.00,   16989,  0.59,    8577,  0.59,    8412,  0.58
 943,430.00,   16321,  0.56,    9387,  0.65,    6934,  0.48
 944,431.00,   15986,  0.55,   10117,  0.70,    5869,  0.41
 945,432.00,   14839,  0.51,   10424,  0.72,    4415,  0.31
 946,433.00,   13979,  0.48,   10821,  0.75,    3158,  0.22
 947,434.00,   13328,  0.46,   10953,  0.76,    2375,  0.16
 948,435.00,   11963,  0.41,   11164,  0.77,     799,  0.06
 949,436.00,   12669,  0.44,   12913,  0.90,    -244, -0.02
 950,437.00,   12946,  0.45,   13829,  0.96,    -883, -0.06
 951,438.00,   13043,  0.45,   14657,  1.02,   -1614, -0.11
 952,439.00,   12898,  0.44,   15748,  1.09,   -2850, -0.20
 953,440.00,   11538,  0.40,   15801,  1.10,   -4263, -0.30
 954,441.00,   10763,  0.37,   15473,  1.07,   -4710, -0.33
 955,442.00,    9749,  0.34,   14775,  1.02,   -5026, -0.35
 956,443.00,    8629,  0.30,   13849,  0.96,   -5220, -0.36
 957,444.00,    7726,  0.27,   12852,  0.89,   -5126, -0.36
 958,445.00,    7834,  0.27,   13358,  0.93,   -5524, -0.38
 959,446.00,    7418,  0.26,   13531,  0.94,   -6113, -0.42
 960,447.00,    6209,  0.21,   12922,  0.90,   -6713, -0.47
 961,448.00,    4851,  0.17,   11969,  0.83,   -7118, -0.49
 962,449.00,    4927,  0.17,   11436,  0.79,   -6509, -0.45
 963,450.00,    3682,  0.13,   10054,  0.70,   -6372, -0.44
 964,451.00,    2176,  0.08,    8549,  0.59,   -6373, -0.44
 965,452.00,    1046,  0.04,    6906,  0.48,   -5860, -0.41
 966,453.00,    -444, -0.02,    5136,  0.36,   -5580, -0.39
 967,454.00,   -1759, -0.06,    3702,  0.26,   -5461, -0.38
 968,455.00,   -1799, -0.06,    2898,  0.20,   -4697, -0.33
 969,456.00,   -1999, -0.07,    1781,  0.12,   -3780, -0.26
 970,457.00,   -3480, -0.12,      58,  0.00,   -3538, -0.25
 971,458.00,   -4367, -0.15,   -1191, -0.08,   -3176, -0.22
 972,459.00,   -5120, -0.18,   -2845, -0.20,   -2275, -0.16
 973,460.00,   -6836, -0.24,   -5165, -0.36,   -1671, -0.12
 974,461.00,   -8209, -0.28,   -7288, -0.51,    -921, -0.06
 975,462.00,   -8645, -0.30,   -8860, -0.61,     215,  0.01
 976,463.00,   -9879, -0.34,  -10726, -0.74,     847,  0.06
 977,464.00,  -11826, -0.41,  -13197, -0.92,    1371,  0.10
 978,465.00,  -12752, -0.44,  -15329, -1.06,    2577,  0.18
 979,466.00,  -12854, -0.44,  -17046, -1.18,    4192,  0.29
 980,467.00,  -13272, -0.46,  -18349, -1.27,    5077,  0.35
 981,468.00,  -13688, -0.47,  -19635, -1.36,    5947,  0.41
 982,469.00,  -15257, -0.53,  -21068, -1.46,    5811,  0.40
 983,470.00,  -17227, -0.59,  -22005, -1.53,    4778,  0.33
 984,471.00,  -19340, -0.67,  -23609, -1.64,    4269,  0.30
 985,472.00,  -21232, -0.73,  -25171, -1.75,    3939,  0.27
 986,473.00,  -23452, -0.81,  -27336, -1.90,    3884,  0.27
 987,474.00,  -24496, -0.84,  -29366, -2.04,    4870,  0.34
 988,475.00,  -24790, -0.85,  -30332, -2.10,    5542,  0.38
 989,476.00,  -25543, -0.88,  -31246, -2.17,    5703,  0.40
 990,477.00,  -25909, -0.89,  -31996, -2.22,    6087,  0.42
 991,478.00,  -26452, -0.91,  -32540, -2.26,    6088,  0.42
 992,479.00,  -28143, -0.97,  -33583, -2.33,    5440,  0.38
 993,480.00,  -29152, -1.01,  -33981, -2.36,    4829,  0.33
 994,481.00,  -29225, -1.01,  -34298, -2.38,    5073,  0.35
 995,482.00,  -29026, -1.00,  -34691, -2.41,    5665,  0.39
 996,483.00,  -28183, -0.97,  -35074, -2.43,    6891,  0.48
 997,484.00,  -27942, -0.96,  -35278, -2.45,    7336,  0.51
 998,485.00,  -28192, -0.97,  -35163, -2.44,    6971,  0.48
 999,486.00,  -27824, -0.96,  -34672, -2.40,    6848,  0.47
1000,487.00,  -27909, -0.96,  -34413, -2.39,    6504,  0.45
1001,488.00,  -28359, -0.98,  -34275, -2.38,    5916,  0.41
1002,489.00,  -27965, -0.96,  -33837, -2.35,    5872,  0.41
1003,490.00,  -27146, -0.94,  -32646, -2.26,    5500,  0.38
1004,491.00,  -27038, -0.93,  -31728, -2.20,    4690,  0.33
1005,492.00,  -26001, -0.90,  -30386, -2.11,    4385,  0.30
1006,493.00,  -24629, -0.85,  -29098, -2.02,    4469,  0.31
1007,494.00,  -23770, -0.82,  -28363, -1.97,    4593,  0.32
1008,495.00,  -22907, -0.79,  -28006, -1.94,    5099,  0.35
1009,496.00,  -22883, -0.79,  -28000, -1.94,    5117,  0.35
1010,497.00,  -23261, -0.80,  -27813, -1.93,    4552,  0.32
1011,498.00,  -23166, -0.80,  -27302, -1.89,    4136,  0.29
1012,499.00,  -23679, -0.82,  -27305, -1.89,    3626,  0.25
1013,500.00,  -25263, -0.87,  -27655, -1.92,    2392,  0.17
1014,501.00,  -27087, -0.93,  -28282, -1.96,    1195,  0.08
1015,502.00,  -27779, -0.96,  -28789, -2.00,    1010,  0.07
1016,503.00,  -28126, -0.97,  -29619, -2.05,    1493,  0.10
1017,504.00,  -29618, -1.02,  -31494, -2.18,    1876,  0.13
1018,505.00,  -29449, -1.02,  -31999, -2.22,    2550,  0.18
1019,506.00,  -28172, -0.97,  -31543, -2.19,    3371,  0.23
1020,507.00,  -27076, -0.93,  -31570, -2.19,    4494,  0.31
1021,508.00,  -26278, -0.91,  -31290, -2.17,    5012,  0.35
1022,509.00,  -24741, -0.85,  -30538, -2.12,    5797,  0.40
1023,510.00,  -23358, -0.81,  -30492, -2.11,    7134,  0.49
1024,511.00,  -21602, -0.74,  -30216, -2.10,    8614,  0.60
