-----------------------------------------------------------------------------------
Identifier:,IHS5922-20175C01
File Name:,XXRP70A.10
Ear:,R
Channel:,1
Intensity:,70 dB HL
Stim. Rate:,  1.10/s
Stim. Mode:,0
Sweeps:,60
Artifacts:,0
Smp. Period:,1000.00 us
Amp. Gain:, 50.00 K
Low Pass:, 30.00 Hz
High Pass:,  1.00 Hz
Notch Filter:,TRUE
Stimulus:,100
Stim. Freq.:,1000 Hz
Stim. Dur.:,2000 pnts
Masking:,0 dB SPL
Stim. Point:,513
-----------------------------------------------------------------------------------
Peak Information:,Label,Peak(+),Peak(+)(ms),Peak(-),Peak(-)(ms)
,21, 783,270.00, 900,387.00,
-----------------------------------------------------------------------------------


Data Pnt:,Data Pnt(ms):,Average:,Average(uV):,Buffer1:,Buffer1(uV):,Buffer2:,Buffer2(uV):
   1,-512.00,       0,  0.00,       0,  0.00,       0,  0.00
   2,-511.00,       0,  0.00,       0,  0.00,       0,  0.00
   3,-510.00,       0,  0.00,       0,  0.00,       0,  0.00
   4,-509.00,       0,  0.00,       0,  0.00,       0,  0.00
   5,-508.00,       0,  0.00,       0,  0.00,       0,  0.00
   6,-507.00,       0,  0.00,       0,  0.00,       0,  0.00
   7,-506.00,       0,  0.00,       0,  0.00,       0,  0.00
   8,-505.00,       0,  0.00,       0,  0.00,       0,  0.00
   9,-504.00,       0,  0.00,       0,  0.00,       0,  0.00
  10,-503.00,       0,  0.00,       0,  0.00,       0,  0.00
  11,-502.00,       0,  0.00,       0,  0.00,       0,  0.00
  12,-501.00,       0,  0.00,       0,  0.00,       0,  0.00
  13,-500.00,       0,  0.00,       0,  0.00,       0,  0.00
  14,-499.00,       0,  0.00,       0,  0.00,       0,  0.00
  15,-498.00,       0,  0.00,       0,  0.00,       0,  0.00
  16,-497.00,       0,  0.00,       0,  0.00,       0,  0.00
  17,-496.00,       0,  0.00,       0,  0.00,       0,  0.00
  18,-495.00,       0,  0.00,       0,  0.00,       0,  0.00
  19,-494.00,       0,  0.00,       0,  0.00,       0,  0.00
  20,-493.00,       0,  0.00,       0,  0.00,       0,  0.00
  21,-492.00,       0,  0.00,       0,  0.00,       0,  0.00
  22,-491.00,       0,  0.00,       0,  0.00,       0,  0.00
  23,-490.00,       0,  0.00,       0,  0.00,       0,  0.00
  24,-489.00,       0,  0.00,       0,  0.00,       0,  0.00
  25,-488.00,       0,  0.00,       0,  0.00,       0,  0.00
  26,-487.00,       0,  0.00,       0,  0.00,       0,  0.00
  27,-486.00,       0,  0.00,       0,  0.00,       0,  0.00
  28,-485.00,       0,  0.00,       0,  0.00,       0,  0.00
  29,-484.00,       0,  0.00,       0,  0.00,       0,  0.00
  30,-483.00,       0,  0.00,       0,  0.00,       0,  0.00
  31,-482.00,       0,  0.00,       0,  0.00,       0,  0.00
  32,-481.00,       0,  0.00,       0,  0.00,       0,  0.00
  33,-480.00,       0,  0.00,       0,  0.00,       0,  0.00
  34,-479.00,       0,  0.00,       0,  0.00,       0,  0.00
  35,-478.00,       0,  0.00,       0,  0.00,       0,  0.00
  36,-477.00,       0,  0.00,       0,  0.00,       0,  0.00
  37,-476.00,       0,  0.00,       0,  0.00,       0,  0.00
  38,-475.00,       0,  0.00,       0,  0.00,       0,  0.00
  39,-474.00,       0,  0.00,       0,  0.00,       0,  0.00
  40,-473.00,       0,  0.00,       0,  0.00,       0,  0.00
  41,-472.00,       0,  0.00,       0,  0.00,       0,  0.00
  42,-471.00,       0,  0.00,       0,  0.00,       0,  0.00
  43,-470.00,       0,  0.00,       0,  0.00,       0,  0.00
  44,-469.00,       0,  0.00,       0,  0.00,       0,  0.00
  45,-468.00,       0,  0.00,       0,  0.00,       0,  0.00
  46,-467.00,       0,  0.00,       0,  0.00,       0,  0.00
  47,-466.00,       0,  0.00,       0,  0.00,       0,  0.00
  48,-465.00,       0,  0.00,       0,  0.00,       0,  0.00
  49,-464.00,       0,  0.00,       0,  0.00,       0,  0.00
  50,-463.00,       0,  0.00,       0,  0.00,       0,  0.00
  51,-462.00,       0,  0.00,       0,  0.00,       0,  0.00
  52,-461.00,       0,  0.00,       0,  0.00,       0,  0.00
  53,-460.00,       0,  0.00,       0,  0.00,       0,  0.00
  54,-459.00,       0,  0.00,       0,  0.00,       0,  0.00
  55,-458.00,       0,  0.00,       0,  0.00,       0,  0.00
  56,-457.00,       0,  0.00,       0,  0.00,       0,  0.00
  57,-456.00,       0,  0.00,       0,  0.00,       0,  0.00
  58,-455.00,       0,  0.00,       0,  0.00,       0,  0.00
  59,-454.00,       0,  0.00,       0,  0.00,       0,  0.00
  60,-453.00,       0,  0.00,       0,  0.00,       0,  0.00
  61,-452.00,       0,  0.00,       0,  0.00,       0,  0.00
  62,-451.00,       0,  0.00,       0,  0.00,       0,  0.00
  63,-450.00,       0,  0.00,       0,  0.00,       0,  0.00
  64,-449.00,       0,  0.00,       0,  0.00,       0,  0.00
  65,-448.00,       0,  0.00,       0,  0.00,       0,  0.00
  66,-447.00,       0,  0.00,       0,  0.00,       0,  0.00
  67,-446.00,       0,  0.00,       0,  0.00,       0,  0.00
  68,-445.00,       0,  0.00,       0,  0.00,       0,  0.00
  69,-444.00,       0,  0.00,       0,  0.00,       0,  0.00
  70,-443.00,       0,  0.00,       0,  0.00,       0,  0.00
  71,-442.00,       0,  0.00,       0,  0.00,       0,  0.00
  72,-441.00,       0,  0.00,       0,  0.00,       0,  0.00
  73,-440.00,       0,  0.00,       0,  0.00,       0,  0.00
  74,-439.00,       0,  0.00,       0,  0.00,       0,  0.00
  75,-438.00,       0,  0.00,       0,  0.00,       0,  0.00
  76,-437.00,       0,  0.00,       0,  0.00,       0,  0.00
  77,-436.00,       0,  0.00,       0,  0.00,       0,  0.00
  78,-435.00,       0,  0.00,       0,  0.00,       0,  0.00
  79,-434.00,       0,  0.00,       0,  0.00,       0,  0.00
  80,-433.00,       0,  0.00,       0,  0.00,       0,  0.00
  81,-432.00,       0,  0.00,       0,  0.00,       0,  0.00
  82,-431.00,       0,  0.00,       0,  0.00,       0,  0.00
  83,-430.00,       0,  0.00,       0,  0.00,       0,  0.00
  84,-429.00,       0,  0.00,       0,  0.00,       0,  0.00
  85,-428.00,       0,  0.00,       0,  0.00,       0,  0.00
  86,-427.00,       0,  0.00,       0,  0.00,       0,  0.00
  87,-426.00,       0,  0.00,       0,  0.00,       0,  0.00
  88,-425.00,       0,  0.00,       0,  0.00,       0,  0.00
  89,-424.00,       0,  0.00,       0,  0.00,       0,  0.00
  90,-423.00,       0,  0.00,       0,  0.00,       0,  0.00
  91,-422.00,       0,  0.00,       0,  0.00,       0,  0.00
  92,-421.00,       0,  0.00,       0,  0.00,       0,  0.00
  93,-420.00,       0,  0.00,       0,  0.00,       0,  0.00
  94,-419.00,       0,  0.00,       0,  0.00,       0,  0.00
  95,-418.00,       0,  0.00,       0,  0.00,       0,  0.00
  96,-417.00,       0,  0.00,       0,  0.00,       0,  0.00
  97,-416.00,       0,  0.00,       0,  0.00,       0,  0.00
  98,-415.00,       0,  0.00,       0,  0.00,       0,  0.00
  99,-414.00,       0,  0.00,       0,  0.00,       0,  0.00
 100,-413.00,       0,  0.00,       0,  0.00,       0,  0.00
 101,-412.00,       0,  0.00,       0,  0.00,       0,  0.00
 102,-411.00,       0,  0.00,       0,  0.00,       0,  0.00
 103,-410.00,       0,  0.00,       0,  0.00,       0,  0.00
 104,-409.00,       0,  0.00,       0,  0.00,       0,  0.00
 105,-408.00,       2,  0.00,       2,  0.00,       0,  0.00
 106,-407.00,       2,  0.00,       2,  0.00,       0,  0.00
 107,-406.00,     -10, -0.00,     -10, -0.00,       0,  0.00
 108,-405.00,     -27, -0.00,     -26, -0.00,      -1, -0.00
 109,-404.00,      -8, -0.00,     -10, -0.00,       2,  0.00
 110,-403.00,      83,  0.00,      77,  0.02,       6,  0.00
 111,-402.00,     247,  0.03,     243,  0.05,       4,  0.00
 112,-401.00,     328,  0.03,     341,  0.07,     -13, -0.00
 113,-400.00,      49,  0.00,     101,  0.02,     -52, -0.01
 114,-399.00,    -814, -0.08,    -728, -0.15,     -86, -0.02
 115,-398.00,   -2263, -0.23,   -2207, -0.45,     -56, -0.01
 116,-397.00,   -4010, -0.41,   -4108, -0.84,      98,  0.02
 117,-396.00,   -5568, -0.57,   -5979, -1.22,     411,  0.08
 118,-395.00,   -6584, -0.67,   -7441, -1.51,     857,  0.17
 119,-394.00,   -6971, -0.71,   -8344, -1.70,    1373,  0.28
 120,-393.00,   -6849, -0.70,   -8775, -1.79,    1926,  0.39
 121,-392.00,   -6398, -0.65,   -8935, -1.82,    2537,  0.52
 122,-391.00,   -5726, -0.58,   -8976, -1.83,    3250,  0.66
 123,-390.00,   -4853, -0.49,   -8926, -1.82,    4073,  0.83
 124,-389.00,   -3850, -0.39,   -8777, -1.79,    4927,  1.00
 125,-388.00,   -2847, -0.29,   -8518, -1.73,    5671,  1.15
 126,-387.00,   -1943, -0.20,   -8147, -1.66,    6204,  1.26
 127,-386.00,   -1110, -0.11,   -7647, -1.56,    6537,  1.33
 128,-385.00,    -187, -0.02,   -6977, -1.42,    6790,  1.38
 129,-384.00,    1012,  0.10,   -6095, -1.24,    7107,  1.45
 130,-383.00,    2516,  0.26,   -5035, -1.02,    7551,  1.54
 131,-382.00,    4167,  0.42,   -3895, -0.79,    8062,  1.64
 132,-381.00,    5709,  0.58,   -2811, -0.57,    8520,  1.73
 133,-380.00,    6983,  0.71,   -1869, -0.38,    8852,  1.80
 134,-379.00,    8038,  0.82,   -1063, -0.22,    9101,  1.85
 135,-378.00,    9103,  0.93,    -302, -0.06,    9405,  1.91
 136,-377.00,   10422,  1.06,     519,  0.11,    9903,  2.01
 137,-376.00,   12091,  1.23,    1458,  0.30,   10633,  2.16
 138,-375.00,   13988,  1.42,    2489,  0.51,   11499,  2.34
 139,-374.00,   15869,  1.61,    3543,  0.72,   12326,  2.51
 140,-373.00,   17515,  1.78,    4562,  0.93,   12953,  2.64
 141,-372.00,   18858,  1.92,    5525,  1.12,   13333,  2.71
 142,-371.00,   19992,  2.03,    6436,  1.31,   13556,  2.76
 143,-370.00,   21067,  2.14,    7273,  1.48,   13794,  2.81
 144,-369.00,   22158,  2.25,    7958,  1.62,   14200,  2.89
 145,-368.00,   23185,  2.36,    8398,  1.71,   14787,  3.01
 146,-367.00,   23941,  2.44,    8542,  1.74,   15399,  3.13
 147,-366.00,   24238,  2.47,    8453,  1.72,   15785,  3.21
 148,-365.00,   24032,  2.44,    8309,  1.69,   15723,  3.20
 149,-364.00,   23489,  2.39,    8335,  1.70,   15154,  3.08
 150,-363.00,   22904,  2.33,    8692,  1.77,   14212,  2.89
 151,-362.00,   22536,  2.29,    9403,  1.91,   13133,  2.67
 152,-361.00,   22475,  2.29,   10351,  2.11,   12124,  2.47
 153,-360.00,   22624,  2.30,   11361,  2.31,   11263,  2.29
 154,-359.00,   22799,  2.32,   12298,  2.50,   10501,  2.14
 155,-358.00,   22834,  2.32,   13094,  2.66,    9740,  1.98
 156,-357.00,   22660,  2.31,   13732,  2.79,    8928,  1.82
 157,-356.00,   22309,  2.27,   14201,  2.89,    8108,  1.65
 158,-355.00,   21878,  2.23,   14494,  2.95,    7384,  1.50
 159,-354.00,   21515,  2.19,   14663,  2.98,    6852,  1.39
 160,-353.00,   21417,  2.18,   14864,  3.02,    6553,  1.33
 161,-352.00,   21731,  2.21,   15293,  3.11,    6438,  1.31
 162,-351.00,   22487,  2.29,   16085,  3.27,    6402,  1.30
 163,-350.00,   23562,  2.40,   17216,  3.50,    6346,  1.29
 164,-349.00,   24682,  2.51,   18472,  3.76,    6210,  1.26
 165,-348.00,   25540,  2.60,   19561,  3.98,    5979,  1.22
 166,-347.00,   25906,  2.64,   20240,  4.12,    5666,  1.15
 167,-346.00,   25687,  2.61,   20414,  4.15,    5273,  1.07
 168,-345.00,   24940,  2.54,   20156,  4.10,    4784,  0.97
 169,-344.00,   23848,  2.43,   19645,  4.00,    4203,  0.86
 170,-343.00,   22652,  2.30,   19087,  3.88,    3565,  0.73
 171,-342.00,   21592,  2.20,   18656,  3.80,    2936,  0.60
 172,-341.00,   20835,  2.12,   18454,  3.75,    2381,  0.48
 173,-340.00,   20419,  2.08,   18495,  3.76,    1924,  0.39
 174,-339.00,   20224,  2.06,   18690,  3.80,    1534,  0.31
 175,-338.00,   20040,  2.04,   18872,  3.84,    1168,  0.24
 176,-337.00,   19663,  2.00,   18860,  3.84,     803,  0.16
 177,-336.00,   18976,  1.93,   18527,  3.77,     449,  0.09
 178,-335.00,   17969,  1.83,   17835,  3.63,     134,  0.03
 179,-334.00,   16691,  1.70,   16823,  3.42,    -132, -0.03
 180,-333.00,   15221,  1.55,   15575,  3.17,    -354, -0.07
 181,-332.00,   13649,  1.39,   14192,  2.89,    -543, -0.11
 182,-331.00,   12115,  1.23,   12806,  2.61,    -691, -0.14
 183,-330.00,   10756,  1.09,   11546,  2.35,    -790, -0.16
 184,-329.00,    9638,  0.98,   10487,  2.13,    -849, -0.17
 185,-328.00,    8726,  0.89,    9624,  1.96,    -898, -0.18
 186,-327.00,    7894,  0.80,    8875,  1.81,    -981, -0.20
 187,-326.00,    7031,  0.72,    8159,  1.66,   -1128, -0.23
 188,-325.00,    6136,  0.62,    7467,  1.52,   -1331, -0.27
 189,-324.00,    5308,  0.54,    6862,  1.40,   -1554, -0.32
 190,-323.00,    4660,  0.47,    6410,  1.30,   -1750, -0.36
 191,-322.00,    4274,  0.43,    6136,  1.25,   -1862, -0.38
 192,-321.00,    4153,  0.42,    5993,  1.22,   -1840, -0.37
 193,-320.00,    4228,  0.43,    5897,  1.20,   -1669, -0.34
 194,-319.00,    4380,  0.45,    5765,  1.17,   -1385, -0.28
 195,-318.00,    4445,  0.45,    5533,  1.13,   -1088, -0.22
 196,-317.00,    4268,  0.43,    5181,  1.05,    -913, -0.19
 197,-316.00,    3784,  0.38,    4742,  0.96,    -958, -0.19
 198,-315.00,    3047,  0.31,    4294,  0.87,   -1247, -0.25
 199,-314.00,    2190,  0.22,    3913,  0.80,   -1723, -0.35
 200,-313.00,    1339,  0.14,    3612,  0.73,   -2273, -0.46
 201,-312.00,     551,  0.06,    3321,  0.68,   -2770, -0.56
 202,-311.00,    -170, -0.02,    2932,  0.60,   -3102, -0.63
 203,-310.00,    -803, -0.08,    2389,  0.49,   -3192, -0.65
 204,-309.00,   -1284, -0.13,    1735,  0.35,   -3019, -0.61
 205,-308.00,   -1564, -0.16,    1082,  0.22,   -2646, -0.54
 206,-307.00,   -1692, -0.17,     518,  0.11,   -2210, -0.45
 207,-306.00,   -1844, -0.19,      28,  0.00,   -1872, -0.38
 208,-305.00,   -2259, -0.23,    -500, -0.10,   -1759, -0.36
 209,-304.00,   -3085, -0.31,   -1170, -0.24,   -1915, -0.39
 210,-303.00,   -4258, -0.43,   -1968, -0.40,   -2290, -0.47
 211,-302.00,   -5490, -0.56,   -2730, -0.56,   -2760, -0.56
 212,-301.00,   -6392, -0.65,   -3240, -0.66,   -3152, -0.64
 213,-300.00,   -6674, -0.68,   -3379, -0.69,   -3295, -0.67
 214,-299.00,   -6290, -0.64,   -3231, -0.66,   -3059, -0.62
 215,-298.00,   -5433, -0.55,   -3025, -0.62,   -2408, -0.49
 216,-297.00,   -4398, -0.45,   -2990, -0.61,   -1408, -0.29
 217,-296.00,   -3418, -0.35,   -3210, -0.65,    -208, -0.04
 218,-295.00,   -2582, -0.26,   -3589, -0.73,    1007,  0.20
 219,-294.00,   -1892, -0.19,   -3947, -0.80,    2055,  0.42
 220,-293.00,   -1374, -0.14,   -4176, -0.85,    2802,  0.57
 221,-292.00,   -1096, -0.11,   -4283, -0.87,    3187,  0.65
 222,-291.00,   -1115, -0.11,   -4364, -0.89,    3249,  0.66
 223,-290.00,   -1385, -0.14,   -4500, -0.92,    3115,  0.63
 224,-289.00,   -1742, -0.18,   -4680, -0.95,    2938,  0.60
 225,-288.00,   -1966, -0.20,   -4802, -0.98,    2836,  0.58
 226,-287.00,   -1880, -0.19,   -4736, -0.96,    2856,  0.58
 227,-286.00,   -1406, -0.14,   -4382, -0.89,    2976,  0.61
 228,-285.00,    -581, -0.06,   -3718, -0.76,    3137,  0.64
 229,-284.00,     451,  0.05,   -2817, -0.57,    3268,  0.66
 230,-283.00,    1484,  0.15,   -1809, -0.37,    3293,  0.67
 231,-282.00,    2320,  0.24,    -845, -0.17,    3165,  0.64
 232,-281.00,    2849,  0.29,     -61, -0.01,    2910,  0.59
 233,-280.00,    3106,  0.32,     463,  0.09,    2643,  0.54
 234,-279.00,    3248,  0.33,     715,  0.15,    2533,  0.52
 235,-278.00,    3454,  0.35,     746,  0.15,    2708,  0.55
 236,-277.00,    3824,  0.39,     663,  0.13,    3161,  0.64
 237,-276.00,    4310,  0.44,     574,  0.12,    3736,  0.76
 238,-275.00,    4763,  0.48,     553,  0.11,    4210,  0.86
 239,-274.00,    5055,  0.51,     618,  0.13,    4437,  0.90
 240,-273.00,    5179,  0.53,     741,  0.15,    4438,  0.90
 241,-272.00,    5266,  0.54,     872,  0.18,    4394,  0.89
 242,-271.00,    5477,  0.56,     965,  0.20,    4512,  0.92
 243,-270.00,    5880,  0.60,    1002,  0.20,    4878,  0.99
 244,-269.00,    6415,  0.65,    1016,  0.21,    5399,  1.10
 245,-268.00,    6988,  0.71,    1111,  0.23,    5877,  1.20
 246,-267.00,    7582,  0.77,    1424,  0.29,    6158,  1.25
 247,-266.00,    8268,  0.84,    2029,  0.41,    6239,  1.27
 248,-265.00,    9107,  0.93,    2866,  0.58,    6241,  1.27
 249,-264.00,   10045,  1.02,    3749,  0.76,    6296,  1.28
 250,-263.00,   10904,  1.11,    4480,  0.91,    6424,  1.31
 251,-262.00,   11517,  1.17,    4981,  1.01,    6536,  1.33
 252,-261.00,   11861,  1.21,    5322,  1.08,    6539,  1.33
 253,-260.00,   12096,  1.23,    5638,  1.15,    6458,  1.31
 254,-259.00,   12481,  1.27,    6030,  1.23,    6451,  1.31
 255,-258.00,   13197,  1.34,    6506,  1.32,    6691,  1.36
 256,-257.00,   14239,  1.45,    7016,  1.43,    7223,  1.47
 257,-256.00,   15418,  1.57,    7512,  1.53,    7906,  1.61
 258,-255.00,   16479,  1.68,    7965,  1.62,    8514,  1.73
 259,-254.00,   17228,  1.75,    8336,  1.70,    8892,  1.81
 260,-253.00,   17618,  1.79,    8572,  1.74,    9046,  1.84
 261,-252.00,   17718,  1.80,    8610,  1.75,    9108,  1.85
 262,-251.00,   17648,  1.80,    8417,  1.71,    9231,  1.88
 263,-250.00,   17551,  1.79,    8049,  1.64,    9502,  1.93
 264,-249.00,   17576,  1.79,    7656,  1.56,    9920,  2.02
 265,-248.00,   17853,  1.82,    7432,  1.51,   10421,  2.12
 266,-247.00,   18444,  1.88,    7537,  1.53,   10907,  2.22
 267,-246.00,   19267,  1.96,    8003,  1.63,   11264,  2.29
 268,-245.00,   20115,  2.05,    8708,  1.77,   11407,  2.32
 269,-244.00,   20791,  2.12,    9463,  1.93,   11328,  2.30
 270,-243.00,   21240,  2.16,   10126,  2.06,   11114,  2.26
 271,-242.00,   21570,  2.19,   10660,  2.17,   10910,  2.22
 272,-241.00,   21945,  2.23,   11104,  2.26,   10841,  2.21
 273,-240.00,   22421,  2.28,   11484,  2.34,   10937,  2.23
 274,-239.00,   22904,  2.33,   11757,  2.39,   11147,  2.27
 275,-238.00,   23243,  2.36,   11851,  2.41,   11392,  2.32
 276,-237.00,   23363,  2.38,   11743,  2.39,   11620,  2.36
 277,-236.00,   23319,  2.37,   11497,  2.34,   11822,  2.41
 278,-235.00,   23222,  2.36,   11218,  2.28,   12004,  2.44
 279,-234.00,   23122,  2.35,   10971,  2.23,   12151,  2.47
 280,-233.00,   22971,  2.34,   10741,  2.19,   12230,  2.49
 281,-232.00,   22692,  2.31,   10461,  2.13,   12231,  2.49
 282,-231.00,   22240,  2.26,   10061,  2.05,   12179,  2.48
 283,-230.00,   21639,  2.20,    9510,  1.93,   12129,  2.47
 284,-229.00,   20915,  2.13,    8796,  1.79,   12119,  2.47
 285,-228.00,   20035,  2.04,    7904,  1.61,   12131,  2.47
 286,-227.00,   18933,  1.93,    6841,  1.39,   12092,  2.46
 287,-226.00,   17624,  1.79,    5695,  1.16,   11929,  2.43
 288,-225.00,   16253,  1.65,    4631,  0.94,   11622,  2.36
 289,-224.00,   15058,  1.53,    3840,  0.78,   11218,  2.28
 290,-223.00,   14216,  1.45,    3425,  0.70,   10791,  2.20
 291,-222.00,   13710,  1.39,    3311,  0.67,   10399,  2.12
 292,-221.00,   13354,  1.36,    3298,  0.67,   10056,  2.05
 293,-220.00,   12955,  1.32,    3206,  0.65,    9749,  1.98
 294,-219.00,   12458,  1.27,    2983,  0.61,    9475,  1.93
 295,-218.00,   11970,  1.22,    2723,  0.55,    9247,  1.88
 296,-217.00,   11632,  1.18,    2559,  0.52,    9073,  1.85
 297,-216.00,   11475,  1.17,    2524,  0.51,    8951,  1.82
 298,-215.00,   11390,  1.16,    2526,  0.51,    8864,  1.80
 299,-214.00,   11233,  1.14,    2441,  0.50,    8792,  1.79
 300,-213.00,   10953,  1.11,    2220,  0.45,    8733,  1.78
 301,-212.00,   10650,  1.08,    1952,  0.40,    8698,  1.77
 302,-211.00,   10503,  1.07,    1807,  0.37,    8696,  1.77
 303,-210.00,   10628,  1.08,    1909,  0.39,    8719,  1.77
 304,-209.00,   10980,  1.12,    2252,  0.46,    8728,  1.78
 305,-208.00,   11389,  1.16,    2710,  0.55,    8679,  1.77
 306,-207.00,   11682,  1.19,    3121,  0.63,    8561,  1.74
 307,-206.00,   11805,  1.20,    3379,  0.69,    8426,  1.71
 308,-205.00,   11843,  1.20,    3474,  0.71,    8369,  1.70
 309,-204.00,   11922,  1.21,    3456,  0.70,    8466,  1.72
 310,-203.00,   12075,  1.23,    3397,  0.69,    8678,  1.77
 311,-202.00,   12219,  1.24,    3364,  0.68,    8855,  1.80
 312,-201.00,   12239,  1.25,    3428,  0.70,    8811,  1.79
 313,-200.00,   12060,  1.23,    3627,  0.74,    8433,  1.72
 314,-199.00,   11680,  1.19,    3920,  0.80,    7760,  1.58
 315,-198.00,   11123,  1.13,    4169,  0.85,    6954,  1.41
 316,-197.00,   10388,  1.06,    4192,  0.85,    6196,  1.26
 317,-196.00,    9484,  0.96,    3893,  0.79,    5591,  1.14
 318,-195.00,    8477,  0.86,    3348,  0.68,    5129,  1.04
 319,-194.00,    7473,  0.76,    2766,  0.56,    4707,  0.96
 320,-193.00,    6559,  0.67,    2352,  0.48,    4207,  0.86
 321,-192.00,    5731,  0.58,    2174,  0.44,    3557,  0.72
 322,-191.00,    4918,  0.50,    2144,  0.44,    2774,  0.56
 323,-190.00,    4053,  0.41,    2091,  0.43,    1962,  0.40
 324,-189.00,    3113,  0.32,    1866,  0.38,    1247,  0.25
 325,-188.00,    2076,  0.21,    1391,  0.28,     685,  0.14
 326,-187.00,     889,  0.09,     678,  0.14,     211,  0.04
 327,-186.00,    -476, -0.05,    -153, -0.03,    -323, -0.07
 328,-185.00,   -1913, -0.19,    -854, -0.17,   -1059, -0.22
 329,-184.00,   -3147, -0.32,   -1127, -0.23,   -2020, -0.41
 330,-183.00,   -3875, -0.39,    -773, -0.16,   -3102, -0.63
 331,-182.00,   -3996, -0.41,     157,  0.03,   -4153, -0.84
 332,-181.00,   -3723, -0.38,    1345,  0.27,   -5068, -1.03
 333,-180.00,   -3465, -0.35,    2376,  0.48,   -5841, -1.19
 334,-179.00,   -3573, -0.36,    2983,  0.61,   -6556, -1.33
 335,-178.00,   -4139, -0.42,    3182,  0.65,   -7321, -1.49
 336,-177.00,   -4992, -0.51,    3226,  0.66,   -8218, -1.67
 337,-176.00,   -5843, -0.59,    3423,  0.70,   -9266, -1.89
 338,-175.00,   -6455, -0.66,    3957,  0.81,  -10412, -2.12
 339,-174.00,   -6700, -0.68,    4821,  0.98,  -11521, -2.34
 340,-173.00,   -6541, -0.67,    5881,  1.20,  -12422, -2.53
 341,-172.00,   -5997, -0.61,    6986,  1.42,  -12983, -2.64
 342,-171.00,   -5146, -0.52,    8042,  1.64,  -13188, -2.68
 343,-170.00,   -4122, -0.42,    9037,  1.84,  -13159, -2.68
 344,-169.00,   -3082, -0.31,   10002,  2.03,  -13084, -2.66
 345,-168.00,   -2153, -0.22,   10951,  2.23,  -13104, -2.67
 346,-167.00,   -1363, -0.14,   11875,  2.42,  -13238, -2.69
 347,-166.00,    -656, -0.07,   12759,  2.60,  -13415, -2.73
 348,-165.00,      44,  0.00,   13602,  2.77,  -13558, -2.76
 349,-164.00,     808,  0.08,   14454,  2.94,  -13646, -2.78
 350,-163.00,    1707,  0.17,   15404,  3.13,  -13697, -2.79
 351,-162.00,    2807,  0.29,   16525,  3.36,  -13718, -2.79
 352,-161.00,    4146,  0.42,   17826,  3.63,  -13680, -2.78
 353,-160.00,    5662,  0.58,   19218,  3.91,  -13556, -2.76
 354,-159.00,    7157,  0.73,   20540,  4.18,  -13383, -2.72
 355,-158.00,    8391,  0.85,   21627,  4.40,  -13236, -2.69
 356,-157.00,    9235,  0.94,   22394,  4.56,  -13159, -2.68
 357,-156.00,    9760,  0.99,   22869,  4.65,  -13109, -2.67
 358,-155.00,   10184,  1.04,   23148,  4.71,  -12964, -2.64
 359,-154.00,   10732,  1.09,   23337,  4.75,  -12605, -2.56
 360,-153.00,   11469,  1.17,   23487,  4.78,  -12018, -2.45
 361,-152.00,   12293,  1.25,   23576,  4.80,  -11283, -2.30
 362,-151.00,   13044,  1.33,   23544,  4.79,  -10500, -2.14
 363,-150.00,   13623,  1.39,   23340,  4.75,   -9717, -1.98
 364,-149.00,   14038,  1.43,   22956,  4.67,   -8918, -1.81
 365,-148.00,   14364,  1.46,   22433,  4.56,   -8069, -1.64
 366,-147.00,   14648,  1.49,   21834,  4.44,   -7186, -1.46
 367,-146.00,   14866,  1.51,   21189,  4.31,   -6323, -1.29
 368,-145.00,   14995,  1.53,   20488,  4.17,   -5493, -1.12
 369,-144.00,   15067,  1.53,   19685,  4.01,   -4618, -0.94
 370,-143.00,   15191,  1.55,   18741,  3.81,   -3550, -0.72
 371,-142.00,   15470,  1.57,   17653,  3.59,   -2183, -0.44
 372,-141.00,   15859,  1.61,   16443,  3.35,    -584, -0.12
 373,-140.00,   16119,  1.64,   15131,  3.08,     988,  0.20
 374,-139.00,   15928,  1.62,   13739,  2.80,    2189,  0.45
 375,-138.00,   15070,  1.53,   12297,  2.50,    2773,  0.56
 376,-137.00,   13592,  1.38,   10865,  2.21,    2727,  0.55
 377,-136.00,   11776,  1.20,    9523,  1.94,    2253,  0.46
 378,-135.00,    9945,  1.01,    8320,  1.69,    1625,  0.33
 379,-134.00,    8276,  0.84,    7231,  1.47,    1045,  0.21
 380,-133.00,    6737,  0.69,    6156,  1.25,     581,  0.12
 381,-132.00,    5158,  0.52,    4945,  1.01,     213,  0.04
 382,-131.00,    3384,  0.34,    3483,  0.71,     -99, -0.02
 383,-130.00,    1346,  0.14,    1742,  0.35,    -396, -0.08
 384,-129.00,    -942, -0.10,    -200, -0.04,    -742, -0.15
 385,-128.00,   -3427, -0.35,   -2204, -0.45,   -1223, -0.25
 386,-127.00,   -6040, -0.61,   -4124, -0.84,   -1916, -0.39
 387,-126.00,   -8692, -0.88,   -5870, -1.19,   -2822, -0.57
 388,-125.00,  -11255, -1.14,   -7409, -1.51,   -3846, -0.78
 389,-124.00,  -13563, -1.38,   -8734, -1.78,   -4829, -0.98
 390,-123.00,  -15450, -1.57,   -9830, -2.00,   -5620, -1.14
 391,-122.00,  -16855, -1.71,  -10696, -2.18,   -6159, -1.25
 392,-121.00,  -17895, -1.82,  -11362, -2.31,   -6533, -1.33
 393,-120.00,  -18850, -1.92,  -11910, -2.42,   -6940, -1.41
 394,-119.00,  -20037, -2.04,  -12434, -2.53,   -7603, -1.55
 395,-118.00,  -21607, -2.20,  -12958, -2.64,   -8649, -1.76
 396,-117.00,  -23426, -2.38,  -13391, -2.72,  -10035, -2.04
 397,-116.00,  -25189, -2.56,  -13580, -2.76,  -11609, -2.36
 398,-115.00,  -26650, -2.71,  -13419, -2.73,  -13231, -2.69
 399,-114.00,  -27777, -2.83,  -12932, -2.63,  -14845, -3.02
 400,-113.00,  -28756, -2.93,  -12284, -2.50,  -16472, -3.35
 401,-112.00,  -29819, -3.03,  -11682, -2.38,  -18137, -3.69
 402,-111.00,  -31076, -3.16,  -11264, -2.29,  -19812, -4.03
 403,-110.00,  -32518, -3.31,  -11073, -2.25,  -21445, -4.36
 404,-109.00,  -34089, -3.47,  -11082, -2.25,  -23007, -4.68
 405,-108.00,  -35726, -3.63,  -11228, -2.28,  -24498, -4.98
 406,-107.00,  -37355, -3.80,  -11453, -2.33,  -25902, -5.27
 407,-106.00,  -38862, -3.95,  -11695, -2.38,  -27167, -5.53
 408,-105.00,  -40093, -4.08,  -11891, -2.42,  -28202, -5.74
 409,-104.00,  -40959, -4.17,  -12025, -2.45,  -28934, -5.89
 410,-103.00,  -41507, -4.22,  -12152, -2.47,  -29355, -5.97
 411,-102.00,  -41903, -4.26,  -12357, -2.51,  -29546, -6.01
 412,-101.00,  -42345, -4.31,  -12705, -2.58,  -29640, -6.03
 413,-100.00,  -42941, -4.37,  -13168, -2.68,  -29773, -6.06
 414,-99.00,  -43645, -4.44,  -13622, -2.77,  -30023, -6.11
 415,-98.00,  -44299, -4.51,  -13919, -2.83,  -30380, -6.18
 416,-97.00,  -44729, -4.55,  -13946, -2.84,  -30783, -6.26
 417,-96.00,  -44828, -4.56,  -13662, -2.78,  -31166, -6.34
 418,-95.00,  -44572, -4.53,  -13075, -2.66,  -31497, -6.41
 419,-94.00,  -43991, -4.48,  -12220, -2.49,  -31771, -6.46
 420,-93.00,  -43133, -4.39,  -11149, -2.27,  -31984, -6.51
 421,-92.00,  -42042, -4.28,   -9920, -2.02,  -32122, -6.54
 422,-91.00,  -40769, -4.15,   -8581, -1.75,  -32188, -6.55
 423,-90.00,  -39387, -4.01,   -7163, -1.46,  -32224, -6.56
 424,-89.00,  -37978, -3.86,   -5679, -1.16,  -32299, -6.57
 425,-88.00,  -36627, -3.73,   -4151, -0.84,  -32476, -6.61
 426,-87.00,  -35415, -3.60,   -2641, -0.54,  -32774, -6.67
 427,-86.00,  -34378, -3.50,   -1234, -0.25,  -33144, -6.74
 428,-85.00,  -33481, -3.41,       4,  0.00,  -33485, -6.81
 429,-84.00,  -32606, -3.32,    1065,  0.22,  -33671, -6.85
 430,-83.00,  -31587, -3.21,    2000,  0.41,  -33587, -6.83
 431,-82.00,  -30290, -3.08,    2906,  0.59,  -33196, -6.75
 432,-81.00,  -28713, -2.92,    3857,  0.78,  -32570, -6.63
 433,-80.00,  -26992, -2.75,    4878,  0.99,  -31870, -6.48
 434,-79.00,  -25323, -2.58,    5939,  1.21,  -31262, -6.36
 435,-78.00,  -23857, -2.43,    6974,  1.42,  -30831, -6.27
 436,-77.00,  -22602, -2.30,    7926,  1.61,  -30528, -6.21
 437,-76.00,  -21443, -2.18,    8783,  1.79,  -30226, -6.15
 438,-75.00,  -20265, -2.06,    9561,  1.95,  -29826, -6.07
 439,-74.00,  -19053, -1.94,   10282,  2.09,  -29335, -5.97
 440,-73.00,  -17919, -1.82,   10930,  2.22,  -28849, -5.87
 441,-72.00,  -17054, -1.73,   11431,  2.33,  -28485, -5.80
 442,-71.00,  -16570, -1.69,   11700,  2.38,  -28270, -5.75
 443,-70.00,  -16410, -1.67,   11703,  2.38,  -28113, -5.72
 444,-69.00,  -16385, -1.67,   11481,  2.34,  -27866, -5.67
 445,-68.00,  -16276, -1.66,   11144,  2.27,  -27420, -5.58
 446,-67.00,  -15940, -1.62,   10812,  2.20,  -26752, -5.44
 447,-66.00,  -15375, -1.56,   10544,  2.15,  -25919, -5.27
 448,-65.00,  -14668, -1.49,   10315,  2.10,  -24983, -5.08
 449,-64.00,  -13917, -1.42,   10044,  2.04,  -23961, -4.88
 450,-63.00,  -13211, -1.34,    9638,  1.96,  -22849, -4.65
 451,-62.00,  -12611, -1.28,    9054,  1.84,  -21665, -4.41
 452,-61.00,  -12138, -1.23,    8333,  1.70,  -20471, -4.16
 453,-60.00,  -11790, -1.20,    7563,  1.54,  -19353, -3.94
 454,-59.00,  -11509, -1.17,    6838,  1.39,  -18347, -3.73
 455,-58.00,  -11182, -1.14,    6231,  1.27,  -17413, -3.54
 456,-57.00,  -10693, -1.09,    5782,  1.18,  -16475, -3.35
 457,-56.00,   -9968, -1.01,    5511,  1.12,  -15479, -3.15
 458,-55.00,   -8989, -0.91,    5438,  1.11,  -14427, -2.94
 459,-54.00,   -7824, -0.80,    5533,  1.13,  -13357, -2.72
 460,-53.00,   -6596, -0.67,    5694,  1.16,  -12290, -2.50
 461,-52.00,   -5434, -0.55,    5773,  1.17,  -11207, -2.28
 462,-51.00,   -4450, -0.45,    5650,  1.15,  -10100, -2.05
 463,-50.00,   -3709, -0.38,    5308,  1.08,   -9017, -1.83
 464,-49.00,   -3196, -0.33,    4857,  0.99,   -8053, -1.64
 465,-48.00,   -2823, -0.29,    4443,  0.90,   -7266, -1.48
 466,-47.00,   -2451, -0.25,    4158,  0.85,   -6609, -1.34
 467,-46.00,   -1932, -0.20,    4001,  0.81,   -5933, -1.21
 468,-45.00,   -1194, -0.12,    3902,  0.79,   -5096, -1.04
 469,-44.00,    -297, -0.03,    3779,  0.77,   -4076, -0.83
 470,-43.00,     597,  0.06,    3574,  0.73,   -2977, -0.61
 471,-42.00,    1325,  0.13,    3252,  0.66,   -1927, -0.39
 472,-41.00,    1822,  0.19,    2806,  0.57,    -984, -0.20
 473,-40.00,    2178,  0.22,    2275,  0.46,     -97, -0.02
 474,-39.00,    2537,  0.26,    1726,  0.35,     811,  0.17
 475,-38.00,    3000,  0.31,    1224,  0.25,    1776,  0.36
 476,-37.00,    3569,  0.36,     793,  0.16,    2776,  0.56
 477,-36.00,    4190,  0.43,     410,  0.08,    3780,  0.77
 478,-35.00,    4821,  0.49,      42,  0.00,    4779,  0.97
 479,-34.00,    5454,  0.55,    -315, -0.06,    5769,  1.17
 480,-33.00,    6046,  0.62,    -665, -0.14,    6711,  1.37
 481,-32.00,    6468,  0.66,   -1052, -0.21,    7520,  1.53
 482,-31.00,    6546,  0.67,   -1568, -0.32,    8114,  1.65
 483,-30.00,    6166,  0.63,   -2299, -0.47,    8465,  1.72
 484,-29.00,    5367,  0.55,   -3235, -0.66,    8602,  1.75
 485,-28.00,    4331,  0.44,   -4250, -0.86,    8581,  1.75
 486,-27.00,    3280,  0.33,   -5160, -1.05,    8440,  1.72
 487,-26.00,    2378,  0.24,   -5831, -1.19,    8209,  1.67
 488,-25.00,    1682,  0.17,   -6254, -1.27,    7936,  1.61
 489,-24.00,    1171,  0.12,   -6517, -1.33,    7688,  1.56
 490,-23.00,     782,  0.08,   -6735, -1.37,    7517,  1.53
 491,-22.00,     449,  0.05,   -6975, -1.42,    7424,  1.51
 492,-21.00,     133,  0.01,   -7216, -1.47,    7349,  1.50
 493,-20.00,    -177, -0.02,   -7389, -1.50,    7212,  1.47
 494,-19.00,    -480, -0.05,   -7447, -1.52,    6967,  1.42
 495,-18.00,    -776, -0.08,   -7393, -1.50,    6617,  1.35
 496,-17.00,   -1077, -0.11,   -7285, -1.48,    6208,  1.26
 497,-16.00,   -1377, -0.14,   -7184, -1.46,    5807,  1.18
 498,-15.00,   -1642, -0.17,   -7109, -1.45,    5467,  1.11
 499,-14.00,   -1840, -0.19,   -7046, -1.43,    5206,  1.06
 500,-13.00,   -1995, -0.20,   -6989, -1.42,    4994,  1.02
 501,-12.00,   -2232, -0.23,   -6981, -1.42,    4749,  0.97
 502,-11.00,   -2712, -0.28,   -7080, -1.44,    4368,  0.89
 503,-10.00,   -3531, -0.36,   -7305, -1.49,    3774,  0.77
 504,-9.00,   -4648, -0.47,   -7597, -1.55,    2949,  0.60
 505,-8.00,   -5900, -0.60,   -7849, -1.60,    1949,  0.40
 506,-7.00,   -7108, -0.72,   -7985, -1.62,     877,  0.18
 507,-6.00,   -8203, -0.83,   -8036, -1.63,    -167, -0.03
 508,-5.00,   -9242, -0.94,   -8110, -1.65,   -1132, -0.23
 509,-4.00,  -10346, -1.05,   -8326, -1.69,   -2020, -0.41
 510,-3.00,  -11607, -1.18,   -8742, -1.78,   -2865, -0.58
 511,-2.00,  -13007, -1.32,   -9315, -1.90,   -3692, -0.75
 512,-1.00,  -14454, -1.47,   -9944, -2.02,   -4510, -0.92
 513,0.00,  -15874, -1.61,  -10536, -2.14,   -5338, -1.09
 514,1.00,  -17269, -1.76,  -11032, -2.24,   -6237, -1.27
 515,2.00,  -18712, -1.90,  -11411, -2.32,   -7301, -1.49
 516,3.00,  -20271, -2.06,  -11684, -2.38,   -8587, -1.75
 517,4.00,  -21919, -2.23,  -11882, -2.42,  -10037, -2.04
 518,5.00,  -23524, -2.39,  -12066, -2.45,  -11458, -2.33
 519,6.00,  -24922, -2.54,  -12327, -2.51,  -12595, -2.56
 520,7.00,  -25988, -2.64,  -12726, -2.59,  -13262, -2.70
 521,8.00,  -26689, -2.72,  -13250, -2.70,  -13439, -2.73
 522,9.00,  -27087, -2.76,  -13812, -2.81,  -13275, -2.70
 523,10.00,  -27309, -2.78,  -14307, -2.91,  -13002, -2.65
 524,11.00,  -27524, -2.80,  -14702, -2.99,  -12822, -2.61
 525,12.00,  -27902, -2.84,  -15058, -3.06,  -12844, -2.61
 526,13.00,  -28527, -2.90,  -15467, -3.15,  -13060, -2.66
 527,14.00,  -29352, -2.99,  -15970, -3.25,  -13382, -2.72
 528,15.00,  -30207, -3.07,  -16515, -3.36,  -13692, -2.79
 529,16.00,  -30908, -3.14,  -17012, -3.46,  -13896, -2.83
 530,17.00,  -31383, -3.19,  -17428, -3.55,  -13955, -2.84
 531,18.00,  -31695, -3.22,  -17801, -3.62,  -13894, -2.83
 532,19.00,  -31993, -3.25,  -18211, -3.71,  -13782, -2.80
 533,20.00,  -32392, -3.30,  -18700, -3.80,  -13692, -2.79
 534,21.00,  -32893, -3.35,  -19213, -3.91,  -13680, -2.78
 535,22.00,  -33427, -3.40,  -19640, -4.00,  -13787, -2.81
 536,23.00,  -33894, -3.45,  -19878, -4.04,  -14016, -2.85
 537,24.00,  -34226, -3.48,  -19890, -4.05,  -14336, -2.92
 538,25.00,  -34413, -3.50,  -19734, -4.02,  -14679, -2.99
 539,26.00,  -34481, -3.51,  -19527, -3.97,  -14954, -3.04
 540,27.00,  -34469, -3.51,  -19371, -3.94,  -15098, -3.07
 541,28.00,  -34417, -3.50,  -19314, -3.93,  -15103, -3.07
 542,29.00,  -34336, -3.49,  -19338, -3.93,  -14998, -3.05
 543,30.00,  -34216, -3.48,  -19398, -3.95,  -14818, -3.01
 544,31.00,  -34047, -3.46,  -19477, -3.96,  -14570, -2.96
 545,32.00,  -33846, -3.44,  -19607, -3.99,  -14239, -2.90
 546,33.00,  -33678, -3.43,  -19850, -4.04,  -13828, -2.81
 547,34.00,  -33640, -3.42,  -20246, -4.12,  -13394, -2.73
 548,35.00,  -33799, -3.44,  -20771, -4.23,  -13028, -2.65
 549,36.00,  -34160, -3.48,  -21341, -4.34,  -12819, -2.61
 550,37.00,  -34625, -3.52,  -21837, -4.44,  -12788, -2.60
 551,38.00,  -35015, -3.56,  -22168, -4.51,  -12847, -2.61
 552,39.00,  -35160, -3.58,  -22323, -4.54,  -12837, -2.61
 553,40.00,  -34969, -3.56,  -22373, -4.55,  -12596, -2.56
 554,41.00,  -34480, -3.51,  -22418, -4.56,  -12062, -2.45
 555,42.00,  -33860, -3.44,  -22538, -4.59,  -11322, -2.30
 556,43.00,  -33305, -3.39,  -22754, -4.63,  -10551, -2.15
 557,44.00,  -32948, -3.35,  -23050, -4.69,   -9898, -2.01
 558,45.00,  -32802, -3.34,  -23411, -4.76,   -9391, -1.91
 559,46.00,  -32758, -3.33,  -23816, -4.85,   -8942, -1.82
 560,47.00,  -32645, -3.32,  -24193, -4.92,   -8452, -1.72
 561,48.00,  -32319, -3.29,  -24413, -4.97,   -7906, -1.61
 562,49.00,  -31704, -3.23,  -24336, -4.95,   -7368, -1.50
 563,50.00,  -30809, -3.13,  -23909, -4.86,   -6900, -1.40
 564,51.00,  -29755, -3.03,  -23246, -4.73,   -6509, -1.32
 565,52.00,  -28725, -2.92,  -22581, -4.59,   -6144, -1.25
 566,53.00,  -27930, -2.84,  -22152, -4.51,   -5778, -1.18
 567,54.00,  -27558, -2.80,  -22089, -4.49,   -5469, -1.11
 568,55.00,  -27693, -2.82,  -22363, -4.55,   -5330, -1.08
 569,56.00,  -28305, -2.88,  -22842, -4.65,   -5463, -1.11
 570,57.00,  -29279, -2.98,  -23390, -4.76,   -5889, -1.20
 571,58.00,  -30451, -3.10,  -23925, -4.87,   -6526, -1.33
 572,59.00,  -31670, -3.22,  -24430, -4.97,   -7240, -1.47
 573,60.00,  -32842, -3.34,  -24927, -5.07,   -7915, -1.61
 574,61.00,  -33932, -3.45,  -25419, -5.17,   -8513, -1.73
 575,62.00,  -34964, -3.56,  -25885, -5.27,   -9079, -1.85
 576,63.00,  -36010, -3.66,  -26301, -5.35,   -9709, -1.98
 577,64.00,  -37132, -3.78,  -26662, -5.42,  -10470, -2.13
 578,65.00,  -38365, -3.90,  -26997, -5.49,  -11368, -2.31
 579,66.00,  -39719, -4.04,  -27356, -5.57,  -12363, -2.52
 580,67.00,  -41146, -4.19,  -27746, -5.65,  -13400, -2.73
 581,68.00,  -42546, -4.33,  -28106, -5.72,  -14440, -2.94
 582,69.00,  -43792, -4.45,  -28334, -5.76,  -15458, -3.15
 583,70.00,  -44774, -4.55,  -28350, -5.77,  -16424, -3.34
 584,71.00,  -45511, -4.63,  -28182, -5.73,  -17329, -3.53
 585,72.00,  -46174, -4.70,  -27962, -5.69,  -18212, -3.71
 586,73.00,  -47002, -4.78,  -27840, -5.66,  -19162, -3.90
 587,74.00,  -48165, -4.90,  -27897, -5.68,  -20268, -4.12
 588,75.00,  -49646, -5.05,  -28099, -5.72,  -21547, -4.38
 589,76.00,  -51258, -5.21,  -28335, -5.76,  -22923, -4.66
 590,77.00,  -52775, -5.37,  -28498, -5.80,  -24277, -4.94
 591,78.00,  -54042, -5.50,  -28522, -5.80,  -25520, -5.19
 592,79.00,  -55020, -5.60,  -28386, -5.78,  -26634, -5.42
 593,80.00,  -55747, -5.67,  -28101, -5.72,  -27646, -5.62
 594,81.00,  -56271, -5.72,  -27691, -5.63,  -28580, -5.81
 595,82.00,  -56627, -5.76,  -27195, -5.53,  -29432, -5.99
 596,83.00,  -56841, -5.78,  -26663, -5.42,  -30178, -6.14
 597,84.00,  -56944, -5.79,  -26143, -5.32,  -30801, -6.27
 598,85.00,  -56993, -5.80,  -25668, -5.22,  -31325, -6.37
 599,86.00,  -57051, -5.80,  -25247, -5.14,  -31804, -6.47
 600,87.00,  -57125, -5.81,  -24832, -5.05,  -32293, -6.57
 601,88.00,  -57107, -5.81,  -24303, -4.94,  -32804, -6.67
 602,89.00,  -56747, -5.77,  -23484, -4.78,  -33263, -6.77
 603,90.00,  -55750, -5.67,  -22214, -4.52,  -33536, -6.82
 604,91.00,  -53954, -5.49,  -20460, -4.16,  -33494, -6.81
 605,92.00,  -51477, -5.24,  -18395, -3.74,  -33082, -6.73
 606,93.00,  -48698, -4.95,  -16356, -3.33,  -32342, -6.58
 607,94.00,  -46053, -4.68,  -14682, -2.99,  -31371, -6.38
 608,95.00,  -43804, -4.46,  -13537, -2.75,  -30267, -6.16
 609,96.00,  -41918, -4.26,  -12810, -2.61,  -29108, -5.92
 610,97.00,  -40163, -4.09,  -12198, -2.48,  -27965, -5.69
 611,98.00,  -38274, -3.89,  -11390, -2.32,  -26884, -5.47
 612,99.00,  -36119, -3.67,  -10244, -2.08,  -25875, -5.26
 613,100.00,  -33739, -3.43,   -8851, -1.80,  -24888, -5.06
 614,101.00,  -31299, -3.18,   -7456, -1.52,  -23843, -4.85
 615,102.00,  -29015, -2.95,   -6311, -1.28,  -22704, -4.62
 616,103.00,  -27052, -2.75,   -5544, -1.13,  -21508, -4.38
 617,104.00,  -25434, -2.59,   -5116, -1.04,  -20318, -4.13
 618,105.00,  -24042, -2.45,   -4878, -0.99,  -19164, -3.90
 619,106.00,  -22684, -2.31,   -4662, -0.95,  -18022, -3.67
 620,107.00,  -21223, -2.16,   -4362, -0.89,  -16861, -3.43
 621,108.00,  -19651, -2.00,   -3957, -0.81,  -15694, -3.19
 622,109.00,  -18066, -1.84,   -3480, -0.71,  -14586, -2.97
 623,110.00,  -16568, -1.69,   -2969, -0.60,  -13599, -2.77
 624,111.00,  -15182, -1.54,   -2438, -0.50,  -12744, -2.59
 625,112.00,  -13858, -1.41,   -1870, -0.38,  -11988, -2.44
 626,113.00,  -12520, -1.27,   -1234, -0.25,  -11286, -2.30
 627,114.00,  -11092, -1.13,    -504, -0.10,  -10588, -2.15
 628,115.00,   -9478, -0.96,     329,  0.07,   -9807, -2.00
 629,116.00,   -7565, -0.77,    1246,  0.25,   -8811, -1.79
 630,117.00,   -5258, -0.53,    2206,  0.45,   -7464, -1.52
 631,118.00,   -2578, -0.26,    3150,  0.64,   -5728, -1.17
 632,119.00,     262,  0.03,    3996,  0.81,   -3734, -0.76
 633,120.00,    2912,  0.30,    4674,  0.95,   -1762, -0.36
 634,121.00,    5067,  0.52,    5170,  1.05,    -103, -0.02
 635,122.00,    6667,  0.68,    5563,  1.13,    1104,  0.22
 636,123.00,    7963,  0.81,    6013,  1.22,    1950,  0.40
 637,124.00,    9371,  0.95,    6679,  1.36,    2692,  0.55
 638,125.00,   11199,  1.14,    7611,  1.55,    3588,  0.73
 639,126.00,   13462,  1.37,    8717,  1.77,    4745,  0.97
 640,127.00,   15912,  1.62,    9834,  2.00,    6078,  1.24
 641,128.00,   18241,  1.86,   10832,  2.20,    7409,  1.51
 642,129.00,   20281,  2.06,   11687,  2.38,    8594,  1.75
 643,130.00,   22051,  2.24,   12454,  2.53,    9597,  1.95
 644,131.00,   23653,  2.41,   13175,  2.68,   10478,  2.13
 645,132.00,   25176,  2.56,   13834,  2.81,   11342,  2.31
 646,133.00,   26663,  2.71,   14380,  2.93,   12283,  2.50
 647,134.00,   28150,  2.86,   14787,  3.01,   13363,  2.72
 648,135.00,   29692,  3.02,   15076,  3.07,   14616,  2.97
 649,136.00,   31328,  3.19,   15295,  3.11,   16033,  3.26
 650,137.00,   33007,  3.36,   15454,  3.14,   17553,  3.57
 651,138.00,   34593,  3.52,   15504,  3.15,   19089,  3.88
 652,139.00,   35936,  3.66,   15386,  3.13,   20550,  4.18
 653,140.00,   36952,  3.76,   15084,  3.07,   21868,  4.45
 654,141.00,   37654,  3.83,   14650,  2.98,   23004,  4.68
 655,142.00,   38069,  3.87,   14151,  2.88,   23918,  4.87
 656,143.00,   38176,  3.88,   13606,  2.77,   24570,  5.00
 657,144.00,   37910,  3.86,   12969,  2.64,   24941,  5.07
 658,145.00,   37268,  3.79,   12187,  2.48,   25081,  5.10
 659,146.00,   36368,  3.70,   11258,  2.29,   25110,  5.11
 660,147.00,   35424,  3.60,   10243,  2.08,   25181,  5.12
 661,148.00,   34614,  3.52,    9211,  1.87,   25403,  5.17
 662,149.00,   33966,  3.46,    8182,  1.66,   25784,  5.25
 663,150.00,   33370,  3.39,    7131,  1.45,   26239,  5.34
 664,151.00,   32701,  3.33,    6054,  1.23,   26647,  5.42
 665,152.00,   31914,  3.25,    5015,  1.02,   26899,  5.47
 666,153.00,   31047,  3.16,    4122,  0.84,   26925,  5.48
 667,154.00,   30147,  3.07,    3445,  0.70,   26702,  5.43
 668,155.00,   29227,  2.97,    2963,  0.60,   26264,  5.34
 669,156.00,   28287,  2.88,    2570,  0.52,   25717,  5.23
 670,157.00,   27374,  2.78,    2160,  0.44,   25214,  5.13
 671,158.00,   26598,  2.71,    1702,  0.35,   24896,  5.07
 672,159.00,   26059,  2.65,    1226,  0.25,   24833,  5.05
 673,160.00,   25761,  2.62,     787,  0.16,   24974,  5.08
 674,161.00,   25605,  2.60,     424,  0.09,   25181,  5.12
 675,162.00,   25437,  2.59,     143,  0.03,   25294,  5.15
 676,163.00,   25129,  2.56,     -50, -0.01,   25179,  5.12
 677,164.00,   24678,  2.51,    -124, -0.03,   24802,  5.05
 678,165.00,   24214,  2.46,     -45, -0.00,   24259,  4.94
 679,166.00,   23954,  2.44,     213,  0.04,   23741,  4.83
 680,167.00,   24107,  2.45,     655,  0.13,   23452,  4.77
 681,168.00,   24724,  2.52,    1230,  0.25,   23494,  4.78
 682,169.00,   25625,  2.61,    1847,  0.38,   23778,  4.84
 683,170.00,   26513,  2.70,    2400,  0.49,   24113,  4.91
 684,171.00,   27142,  2.76,    2811,  0.57,   24331,  4.95
 685,172.00,   27498,  2.80,    3085,  0.63,   24413,  4.97
 686,173.00,   27819,  2.83,    3327,  0.68,   24492,  4.98
 687,174.00,   28403,  2.89,    3682,  0.75,   24721,  5.03
 688,175.00,   29361,  2.99,    4251,  0.86,   25110,  5.11
 689,176.00,   30540,  3.11,    5026,  1.02,   25514,  5.19
 690,177.00,   31619,  3.22,    5892,  1.20,   25727,  5.23
 691,178.00,   32364,  3.29,    6708,  1.36,   25656,  5.22
 692,179.00,   32803,  3.34,    7394,  1.50,   25409,  5.17
 693,180.00,   33181,  3.38,    7968,  1.62,   25213,  5.13
 694,181.00,   33752,  3.43,    8512,  1.73,   25240,  5.14
 695,182.00,   34612,  3.52,    9113,  1.85,   25499,  5.19
 696,183.00,   35653,  3.63,    9822,  2.00,   25831,  5.26
 697,184.00,   36662,  3.73,   10629,  2.16,   26033,  5.30
 698,185.00,   37468,  3.81,   11480,  2.34,   25988,  5.29
 699,186.00,   38015,  3.87,   12299,  2.50,   25716,  5.23
 700,187.00,   38348,  3.90,   13017,  2.65,   25331,  5.15
 701,188.00,   38597,  3.93,   13628,  2.77,   24969,  5.08
 702,189.00,   38912,  3.96,   14192,  2.89,   24720,  5.03
 703,190.00,   39387,  4.01,   14793,  3.01,   24594,  5.00
 704,191.00,   40010,  4.07,   15483,  3.15,   24527,  4.99
 705,192.00,   40677,  4.14,   16251,  3.31,   24426,  4.97
 706,193.00,   41269,  4.20,   17042,  3.47,   24227,  4.93
 707,194.00,   41748,  4.25,   17815,  3.62,   23933,  4.87
 708,195.00,   42174,  4.29,   18549,  3.77,   23625,  4.81
 709,196.00,   42605,  4.33,   19213,  3.91,   23392,  4.76
 710,197.00,   43035,  4.38,   19774,  4.02,   23261,  4.73
 711,198.00,   43364,  4.41,   20207,  4.11,   23157,  4.71
 712,199.00,   43455,  4.42,   20528,  4.18,   22927,  4.66
 713,200.00,   43204,  4.40,   20786,  4.23,   22418,  4.56
 714,201.00,   42577,  4.33,   21008,  4.27,   21569,  4.39
 715,202.00,   41609,  4.23,   21166,  4.31,   20443,  4.16
 716,203.00,   40401,  4.11,   21220,  4.32,   19181,  3.90
 717,204.00,   39112,  3.98,   21171,  4.31,   17941,  3.65
 718,205.00,   37911,  3.86,   21088,  4.29,   16823,  3.42
 719,206.00,   36910,  3.75,   21058,  4.28,   15852,  3.23
 720,207.00,   36120,  3.67,   21103,  4.29,   15017,  3.06
 721,208.00,   35464,  3.61,   21159,  4.30,   14305,  2.91
 722,209.00,   34835,  3.54,   21124,  4.30,   13711,  2.79
 723,210.00,   34155,  3.47,   20925,  4.26,   13230,  2.69
 724,211.00,   33393,  3.40,   20563,  4.18,   12830,  2.61
 725,212.00,   32531,  3.31,   20087,  4.09,   12444,  2.53
 726,213.00,   31553,  3.21,   19541,  3.98,   12012,  2.44
 727,214.00,   30439,  3.10,   18929,  3.85,   11510,  2.34
 728,215.00,   29192,  2.97,   18231,  3.71,   10961,  2.23
 729,216.00,   27855,  2.83,   17441,  3.55,   10414,  2.12
 730,217.00,   26486,  2.69,   16596,  3.38,    9890,  2.01
 731,218.00,   25105,  2.55,   15757,  3.21,    9348,  1.90
 732,219.00,   23693,  2.41,   14976,  3.05,    8717,  1.77
 733,220.00,   22215,  2.26,   14263,  2.90,    7952,  1.62
 734,221.00,   20673,  2.10,   13594,  2.77,    7079,  1.44
 735,222.00,   19136,  1.95,   12945,  2.63,    6191,  1.26
 736,223.00,   17715,  1.80,   12318,  2.51,    5397,  1.10
 737,224.00,   16501,  1.68,   11733,  2.39,    4768,  0.97
 738,225.00,   15544,  1.58,   11208,  2.28,    4336,  0.88
 739,226.00,   14846,  1.51,   10742,  2.19,    4104,  0.83
 740,227.00,   14361,  1.46,   10305,  2.10,    4056,  0.83
 741,228.00,   14011,  1.43,    9861,  2.01,    4150,  0.84
 742,229.00,   13694,  1.39,    9385,  1.91,    4309,  0.88
 743,230.00,   13337,  1.36,    8876,  1.81,    4461,  0.91
 744,231.00,   12938,  1.32,    8339,  1.70,    4599,  0.94
 745,232.00,   12570,  1.28,    7780,  1.58,    4790,  0.97
 746,233.00,   12335,  1.25,    7207,  1.47,    5128,  1.04
 747,234.00,   12290,  1.25,    6641,  1.35,    5649,  1.15
 748,235.00,   12378,  1.26,    6101,  1.24,    6277,  1.28
 749,236.00,   12480,  1.27,    5579,  1.14,    6901,  1.40
 750,237.00,   12483,  1.27,    5007,  1.02,    7476,  1.52
 751,238.00,   12351,  1.26,    4281,  0.87,    8070,  1.64
 752,239.00,   12151,  1.24,    3343,  0.68,    8808,  1.79
 753,240.00,   11970,  1.22,    2241,  0.46,    9729,  1.98
 754,241.00,   11840,  1.20,    1119,  0.23,   10721,  2.18
 755,242.00,   11722,  1.19,     127,  0.03,   11595,  2.36
 756,243.00,   11556,  1.18,    -658, -0.13,   12214,  2.49
 757,244.00,   11330,  1.15,   -1245, -0.25,   12575,  2.56
 758,245.00,   11116,  1.13,   -1654, -0.34,   12770,  2.60
 759,246.00,   11019,  1.12,   -1860, -0.38,   12879,  2.62
 760,247.00,   11110,  1.13,   -1804, -0.37,   12914,  2.63
 761,248.00,   11408,  1.16,   -1469, -0.30,   12877,  2.62
 762,249.00,   11926,  1.21,    -911, -0.19,   12837,  2.61
 763,250.00,   12682,  1.29,    -246, -0.05,   12928,  2.63
 764,251.00,   13703,  1.39,     429,  0.09,   13274,  2.70
 765,252.00,   14972,  1.52,    1086,  0.22,   13886,  2.83
 766,253.00,   16399,  1.67,    1757,  0.36,   14642,  2.98
 767,254.00,   17850,  1.82,    2468,  0.50,   15382,  3.13
 768,255.00,   19234,  1.96,    3228,  0.66,   16006,  3.26
 769,256.00,   20528,  2.09,    4033,  0.82,   16495,  3.36
 770,257.00,   21763,  2.21,    4886,  0.99,   16877,  3.43
 771,258.00,   22959,  2.34,    5792,  1.18,   17167,  3.49
 772,259.00,   24039,  2.45,    6709,  1.36,   17330,  3.53
 773,260.00,   24834,  2.53,    7514,  1.53,   17320,  3.52
 774,261.00,   25183,  2.56,    8050,  1.64,   17133,  3.49
 775,262.00,   25072,  2.55,    8238,  1.68,   16834,  3.42
 776,263.00,   24692,  2.51,    8143,  1.66,   16549,  3.37
 777,264.00,   24380,  2.48,    7956,  1.62,   16424,  3.34
 778,265.00,   24422,  2.48,    7873,  1.60,   16549,  3.37
 779,266.00,   24880,  2.53,    7964,  1.62,   16916,  3.44
 780,267.00,   25578,  2.60,    8149,  1.66,   17429,  3.55
 781,268.00,   26206,  2.67,    8258,  1.68,   17948,  3.65
 782,269.00,   26487,  2.69,    8140,  1.66,   18347,  3.73
 783,270.00,   26280,  2.67,    7731,  1.57,   18549,  3.77
 784,271.00,   25599,  2.60,    7060,  1.44,   18539,  3.77
 785,272.00,   24565,  2.50,    6222,  1.27,   18343,  3.73
 786,273.00,   23366,  2.38,    5337,  1.09,   18029,  3.67
 787,274.00,   22205,  2.26,    4513,  0.92,   17692,  3.60
 788,275.00,   21240,  2.16,    3825,  0.78,   17415,  3.54
 789,276.00,   20568,  2.09,    3303,  0.67,   17265,  3.51
 790,277.00,   20213,  2.06,    2944,  0.60,   17269,  3.51
 791,278.00,   20105,  2.05,    2722,  0.55,   17383,  3.54
 792,279.00,   20102,  2.04,    2595,  0.53,   17507,  3.56
 793,280.00,   20009,  2.04,    2499,  0.51,   17510,  3.56
 794,281.00,   19636,  2.00,    2361,  0.48,   17275,  3.51
 795,282.00,   18910,  1.92,    2127,  0.43,   16783,  3.41
 796,283.00,   17919,  1.82,    1797,  0.37,   16122,  3.28
 797,284.00,   16841,  1.71,    1433,  0.29,   15408,  3.13
 798,285.00,   15850,  1.61,    1127,  0.23,   14723,  3.00
 799,286.00,   15025,  1.53,     951,  0.19,   14074,  2.86
 800,287.00,   14353,  1.46,     920,  0.19,   13433,  2.73
 801,288.00,   13805,  1.40,     991,  0.20,   12814,  2.61
 802,289.00,   13393,  1.36,    1103,  0.22,   12290,  2.50
 803,290.00,   13133,  1.34,    1225,  0.25,   11908,  2.42
 804,291.00,   12995,  1.32,    1369,  0.28,   11626,  2.37
 805,292.00,   12869,  1.31,    1562,  0.32,   11307,  2.30
 806,293.00,   12603,  1.28,    1805,  0.37,   10798,  2.20
 807,294.00,   12091,  1.23,    2042,  0.42,   10049,  2.04
 808,295.00,   11360,  1.16,    2205,  0.45,    9155,  1.86
 809,296.00,   10578,  1.08,    2290,  0.47,    8288,  1.69
 810,297.00,    9964,  1.01,    2388,  0.49,    7576,  1.54
 811,298.00,    9657,  0.98,    2644,  0.54,    7013,  1.43
 812,299.00,    9625,  0.98,    3163,  0.64,    6462,  1.31
 813,300.00,    9676,  0.98,    3919,  0.80,    5757,  1.17
 814,301.00,    9573,  0.97,    4770,  0.97,    4803,  0.98
 815,302.00,    9169,  0.93,    5537,  1.13,    3632,  0.74
 816,303.00,    8457,  0.86,    6102,  1.24,    2355,  0.48
 817,304.00,    7522,  0.77,    6449,  1.31,    1073,  0.22
 818,305.00,    6462,  0.66,    6635,  1.35,    -173, -0.04
 819,306.00,    5335,  0.54,    6728,  1.37,   -1393, -0.28
 820,307.00,    4174,  0.42,    6762,  1.38,   -2588, -0.53
 821,308.00,    3023,  0.31,    6734,  1.37,   -3711, -0.76
 822,309.00,    1978,  0.20,    6651,  1.35,   -4673, -0.95
 823,310.00,    1167,  0.12,    6565,  1.34,   -5398, -1.10
 824,311.00,     713,  0.07,    6581,  1.34,   -5868, -1.19
 825,312.00,     688,  0.07,    6809,  1.39,   -6121, -1.25
 826,313.00,    1056,  0.11,    7311,  1.49,   -6255, -1.27
 827,314.00,    1678,  0.17,    8069,  1.64,   -6391, -1.30
 828,315.00,    2376,  0.24,    9010,  1.83,   -6634, -1.35
 829,316.00,    2994,  0.30,   10033,  2.04,   -7039, -1.43
 830,317.00,    3440,  0.35,   11024,  2.24,   -7584, -1.54
 831,318.00,    3697,  0.38,   11873,  2.42,   -8176, -1.66
 832,319.00,    3785,  0.39,   12499,  2.54,   -8714, -1.77
 833,320.00,    3727,  0.38,   12887,  2.62,   -9160, -1.86
 834,321.00,    3577,  0.36,   13120,  2.67,   -9543, -1.94
 835,322.00,    3412,  0.35,   13336,  2.71,   -9924, -2.02
 836,323.00,    3294,  0.34,   13638,  2.77,  -10344, -2.10
 837,324.00,    3248,  0.33,   14033,  2.86,  -10785, -2.19
 838,325.00,    3232,  0.33,   14428,  2.94,  -11196, -2.28
 839,326.00,    3143,  0.32,   14688,  2.99,  -11545, -2.35
 840,327.00,    2885,  0.29,   14726,  3.00,  -11841, -2.41
 841,328.00,    2399,  0.24,   14538,  2.96,  -12139, -2.47
 842,329.00,    1676,  0.17,   14182,  2.89,  -12506, -2.54
 843,330.00,     752,  0.08,   13741,  2.80,  -12989, -2.64
 844,331.00,    -302, -0.03,   13272,  2.70,  -13574, -2.76
 845,332.00,   -1373, -0.14,   12796,  2.60,  -14169, -2.88
 846,333.00,   -2323, -0.24,   12313,  2.51,  -14636, -2.98
 847,334.00,   -3012, -0.31,   11838,  2.41,  -14850, -3.02
 848,335.00,   -3359, -0.34,   11414,  2.32,  -14773, -3.01
 849,336.00,   -3397, -0.35,   11095,  2.26,  -14492, -2.95
 850,337.00,   -3282, -0.33,   10908,  2.22,  -14190, -2.89
 851,338.00,   -3200, -0.33,   10832,  2.20,  -14032, -2.85
 852,339.00,   -3283, -0.33,   10799,  2.20,  -14082, -2.87
 853,340.00,   -3544, -0.36,   10738,  2.18,  -14282, -2.91
 854,341.00,   -3876, -0.39,   10606,  2.16,  -14482, -2.95
 855,342.00,   -4130, -0.42,   10401,  2.12,  -14531, -2.96
 856,343.00,   -4212, -0.43,   10151,  2.07,  -14363, -2.92
 857,344.00,   -4077, -0.41,    9903,  2.01,  -13980, -2.84
 858,345.00,   -3720, -0.38,    9700,  1.97,  -13420, -2.73
 859,346.00,   -3154, -0.32,    9559,  1.94,  -12713, -2.59
 860,347.00,   -2414, -0.25,    9460,  1.92,  -11874, -2.42
 861,348.00,   -1594, -0.16,    9356,  1.90,  -10950, -2.23
 862,349.00,    -871, -0.09,    9190,  1.87,  -10061, -2.05
 863,350.00,    -428, -0.04,    8941,  1.82,   -9369, -1.91
 864,351.00,    -378, -0.04,    8621,  1.75,   -8999, -1.83
 865,352.00,    -687, -0.07,    8270,  1.68,   -8957, -1.82
 866,353.00,   -1185, -0.12,    7935,  1.61,   -9120, -1.86
 867,354.00,   -1648, -0.17,    7650,  1.56,   -9298, -1.89
 868,355.00,   -1906, -0.19,    7410,  1.51,   -9316, -1.90
 869,356.00,   -1918, -0.20,    7175,  1.46,   -9093, -1.85
 870,357.00,   -1788, -0.18,    6866,  1.40,   -8654, -1.76
 871,358.00,   -1692, -0.17,    6406,  1.30,   -8098, -1.65
 872,359.00,   -1805, -0.18,    5764,  1.17,   -7569, -1.54
 873,360.00,   -2240, -0.23,    4968,  1.01,   -7208, -1.47
 874,361.00,   -3031, -0.31,    4076,  0.83,   -7107, -1.45
 875,362.00,   -4151, -0.42,    3131,  0.64,   -7282, -1.48
 876,363.00,   -5536, -0.56,    2130,  0.43,   -7666, -1.56
 877,364.00,   -7077, -0.72,    1054,  0.21,   -8131, -1.65
 878,365.00,   -8635, -0.88,     -93, -0.02,   -8542, -1.74
 879,366.00,  -10096, -1.03,   -1286, -0.26,   -8810, -1.79
 880,367.00,  -11426, -1.16,   -2494, -0.51,   -8932, -1.82
 881,368.00,  -12704, -1.29,   -3710, -0.75,   -8994, -1.83
 882,369.00,  -14068, -1.43,   -4942, -1.01,   -9126, -1.86
 883,370.00,  -15604, -1.59,   -6177, -1.26,   -9427, -1.92
 884,371.00,  -17287, -1.76,   -7375, -1.50,   -9912, -2.02
 885,372.00,  -19002, -1.93,   -8487, -1.73,  -10515, -2.14
 886,373.00,  -20626, -2.10,   -9481, -1.93,  -11145, -2.27
 887,374.00,  -22124, -2.25,  -10368, -2.11,  -11756, -2.39
 888,375.00,  -23567, -2.40,  -11196, -2.28,  -12371, -2.52
 889,376.00,  -25067, -2.55,  -12037, -2.45,  -13030, -2.65
 890,377.00,  -26717, -2.72,  -12975, -2.64,  -13742, -2.80
 891,378.00,  -28530, -2.90,  -14072, -2.86,  -14458, -2.94
 892,379.00,  -30453, -3.10,  -15339, -3.12,  -15114, -3.08
 893,380.00,  -32389, -3.29,  -16706, -3.40,  -15683, -3.19
 894,381.00,  -34212, -3.48,  -18027, -3.67,  -16185, -3.29
 895,382.00,  -35783, -3.64,  -19128, -3.89,  -16655, -3.39
 896,383.00,  -36995, -3.76,  -19892, -4.05,  -17103, -3.48
 897,384.00,  -37791, -3.84,  -20308, -4.13,  -17483, -3.56
 898,385.00,  -38204, -3.89,  -20471, -4.16,  -17733, -3.61
 899,386.00,  -38348, -3.90,  -20522, -4.18,  -17826, -3.63
 900,387.00,  -38357, -3.90,  -20565, -4.18,  -17792, -3.62
 901,388.00,  -38335, -3.90,  -20614, -4.19,  -17721, -3.61
 902,389.00,  -38340, -3.90,  -20609, -4.19,  -17731, -3.61
 903,390.00,  -38388, -3.91,  -20471, -4.16,  -17917, -3.65
 904,391.00,  -38464, -3.91,  -20138, -4.10,  -18326, -3.73
 905,392.00,  -38536, -3.92,  -19600, -3.99,  -18936, -3.85
 906,393.00,  -38554, -3.92,  -18898, -3.84,  -19656, -4.00
 907,394.00,  -38480, -3.91,  -18114, -3.69,  -20366, -4.14
 908,395.00,  -38343, -3.90,  -17376, -3.54,  -20967, -4.27
 909,396.00,  -38250, -3.89,  -16840, -3.43,  -21410, -4.36
 910,397.00,  -38308, -3.90,  -16619, -3.38,  -21689, -4.41
 911,398.00,  -38557, -3.92,  -16739, -3.41,  -21818, -4.44
 912,399.00,  -38930, -3.96,  -17118, -3.48,  -21812, -4.44
 913,400.00,  -39288, -4.00,  -17595, -3.58,  -21693, -4.41
 914,401.00,  -39532, -4.02,  -18017, -3.67,  -21515, -4.38
 915,402.00,  -39641, -4.03,  -18306, -3.72,  -21335, -4.34
 916,403.00,  -39638, -4.03,  -18454, -3.75,  -21184, -4.31
 917,404.00,  -39546, -4.02,  -18498, -3.76,  -21048, -4.28
 918,405.00,  -39377, -4.01,  -18487, -3.76,  -20890, -4.25
 919,406.00,  -39130, -3.98,  -18455, -3.75,  -20675, -4.21
 920,407.00,  -38852, -3.95,  -18444, -3.75,  -20408, -4.15
 921,408.00,  -38617, -3.93,  -18502, -3.76,  -20115, -4.09
 922,409.00,  -38485, -3.92,  -18660, -3.80,  -19825, -4.03
 923,410.00,  -38477, -3.91,  -18919, -3.85,  -19558, -3.98
 924,411.00,  -38582, -3.92,  -19259, -3.92,  -19323, -3.93
 925,412.00,  -38751, -3.94,  -19656, -4.00,  -19095, -3.89
 926,413.00,  -38903, -3.96,  -20099, -4.09,  -18804, -3.83
 927,414.00,  -38919, -3.96,  -20572, -4.19,  -18347, -3.73
 928,415.00,  -38671, -3.93,  -21027, -4.28,  -17644, -3.59
 929,416.00,  -38100, -3.88,  -21397, -4.35,  -16703, -3.40
 930,417.00,  -37300, -3.79,  -21643, -4.40,  -15657, -3.19
 931,418.00,  -36500, -3.71,  -21801, -4.44,  -14699, -2.99
 932,419.00,  -35955, -3.66,  -21973, -4.47,  -13982, -2.84
 933,420.00,  -35785, -3.64,  -22266, -4.53,  -13519, -2.75
 934,421.00,  -35897, -3.65,  -22720, -4.62,  -13177, -2.68
 935,422.00,  -36029, -3.67,  -23281, -4.74,  -12748, -2.59
 936,423.00,  -35906, -3.65,  -23830, -4.85,  -12076, -2.46
 937,424.00,  -35401, -3.60,  -24258, -4.94,  -11143, -2.27
 938,425.00,  -34578, -3.52,  -24509, -4.99,  -10069, -2.05
 939,426.00,  -33605, -3.42,  -24582, -5.00,   -9023, -1.84
 940,427.00,  -32640, -3.32,  -24503, -4.99,   -8137, -1.66
 941,428.00,  -31739, -3.23,  -24287, -4.94,   -7452, -1.52
 942,429.00,  -30866, -3.14,  -23924, -4.87,   -6942, -1.41
 943,430.00,  -30001, -3.05,  -23415, -4.76,   -6586, -1.34
 944,431.00,  -29194, -2.97,  -22798, -4.64,   -6396, -1.30
 945,432.00,  -28537, -2.90,  -22156, -4.51,   -6381, -1.30
 946,433.00,  -28072, -2.86,  -21579, -4.39,   -6493, -1.32
 947,434.00,  -27704, -2.82,  -21106, -4.29,   -6598, -1.34
 948,435.00,  -27212, -2.77,  -20700, -4.21,   -6512, -1.32
 949,436.00,  -26388, -2.68,  -20283, -4.13,   -6105, -1.24
 950,437.00,  -25169, -2.56,  -19806, -4.03,   -5363, -1.09
 951,438.00,  -23708, -2.41,  -19300, -3.93,   -4408, -0.90
 952,439.00,  -22302, -2.27,  -18856, -3.84,   -3446, -0.70
 953,440.00,  -21223, -2.16,  -18556, -3.78,   -2667, -0.54
 954,441.00,  -20567, -2.09,  -18401, -3.74,   -2166, -0.44
 955,442.00,  -20232, -2.06,  -18313, -3.73,   -1919, -0.39
 956,443.00,  -20002, -2.03,  -18203, -3.70,   -1799, -0.37
 957,444.00,  -19678, -2.00,  -18042, -3.67,   -1636, -0.33
 958,445.00,  -19144, -1.95,  -17859, -3.63,   -1285, -0.26
 959,446.00,  -18338, -1.87,  -17675, -3.60,    -663, -0.13
 960,447.00,  -17207, -1.75,  -17426, -3.55,     219,  0.04
 961,448.00,  -15726, -1.60,  -16975, -3.45,    1249,  0.25
 962,449.00,  -13945, -1.42,  -16204, -3.30,    2259,  0.46
 963,450.00,  -12030, -1.22,  -15118, -3.08,    3088,  0.63
 964,451.00,  -10197, -1.04,  -13851, -2.82,    3654,  0.74
 965,452.00,   -8613, -0.88,  -12609, -2.57,    3996,  0.81
 966,453.00,   -7320, -0.74,  -11549, -2.35,    4229,  0.86
 967,454.00,   -6249, -0.64,  -10709, -2.18,    4460,  0.91
 968,455.00,   -5283, -0.54,  -10025, -2.04,    4742,  0.96
 969,456.00,   -4354, -0.44,   -9406, -1.91,    5052,  1.03
 970,457.00,   -3478, -0.35,   -8809, -1.79,    5331,  1.08
 971,458.00,   -2719, -0.28,   -8268, -1.68,    5549,  1.13
 972,459.00,   -2145, -0.22,   -7854, -1.60,    5709,  1.16
 973,460.00,   -1732, -0.18,   -7565, -1.54,    5833,  1.19
 974,461.00,   -1343, -0.14,   -7281, -1.48,    5938,  1.21
 975,462.00,    -787, -0.08,   -6809, -1.39,    6022,  1.23
 976,463.00,      56,  0.00,   -6005, -1.22,    6061,  1.23
 977,464.00,    1143,  0.12,   -4881, -0.99,    6024,  1.23
 978,465.00,    2231,  0.23,   -3629, -0.74,    5860,  1.19
 979,466.00,    3041,  0.31,   -2490, -0.51,    5531,  1.13
 980,467.00,    3424,  0.35,   -1605, -0.33,    5029,  1.02
 981,468.00,    3480,  0.35,    -931, -0.19,    4411,  0.90
 982,469.00,    3508,  0.36,    -290, -0.06,    3798,  0.77
 983,470.00,    3825,  0.39,     515,  0.10,    3310,  0.67
 984,471.00,    4560,  0.46,    1572,  0.32,    2988,  0.61
 985,472.00,    5617,  0.57,    2833,  0.58,    2784,  0.57
 986,473.00,    6776,  0.69,    4188,  0.85,    2588,  0.53
 987,474.00,    7878,  0.80,    5555,  1.13,    2323,  0.47
 988,475.00,    8936,  0.91,    6930,  1.41,    2006,  0.41
 989,476.00,   10095,  1.03,    8382,  1.71,    1713,  0.35
 990,477.00,   11485,  1.17,    9969,  2.03,    1516,  0.31
 991,478.00,   13112,  1.33,   11680,  2.38,    1432,  0.29
 992,479.00,   14818,  1.51,   13417,  2.73,    1401,  0.29
 993,480.00,   16359,  1.66,   15036,  3.06,    1323,  0.27
 994,481.00,   17530,  1.78,   16416,  3.34,    1114,  0.23
 995,482.00,   18235,  1.86,   17501,  3.56,     734,  0.15
 996,483.00,   18537,  1.89,   18312,  3.73,     225,  0.05
 997,484.00,   18635,  1.90,   18917,  3.85,    -282, -0.06
 998,485.00,   18761,  1.91,   19384,  3.94,    -623, -0.13
 999,486.00,   19077,  1.94,   19754,  4.02,    -677, -0.14
1000,487.00,   19592,  1.99,   20026,  4.07,    -434, -0.09
1001,488.00,   20178,  2.05,   20171,  4.10,       7,  0.00
1002,489.00,   20678,  2.10,   20175,  4.10,     503,  0.10
1003,490.00,   21015,  2.14,   20072,  4.08,     943,  0.19
1004,491.00,   21225,  2.16,   19950,  4.06,    1275,  0.26
1005,492.00,   21420,  2.18,   19923,  4.05,    1497,  0.30
1006,493.00,   21689,  2.21,   20060,  4.08,    1629,  0.33
1007,494.00,   22027,  2.24,   20323,  4.13,    1704,  0.35
1008,495.00,   22362,  2.27,   20575,  4.19,    1787,  0.36
1009,496.00,   22619,  2.30,   20651,  4.20,    1968,  0.40
1010,497.00,   22797,  2.32,   20446,  4.16,    2351,  0.48
1011,498.00,   23029,  2.34,   19991,  4.07,    3038,  0.62
1012,499.00,   23504,  2.39,   19422,  3.95,    4082,  0.83
1013,500.00,   24367,  2.48,   18905,  3.85,    5462,  1.11
1014,501.00,   25602,  2.60,   18560,  3.78,    7042,  1.43
1015,502.00,   27030,  2.75,   18409,  3.75,    8621,  1.75
1016,503.00,   28386,  2.89,   18380,  3.74,   10006,  2.04
1017,504.00,   29461,  3.00,   18358,  3.74,   11103,  2.26
1018,505.00,   30171,  3.07,   18267,  3.72,   11904,  2.42
1019,506.00,   30560,  3.11,   18086,  3.68,   12474,  2.54
1020,507.00,   30714,  3.12,   17929,  3.65,   12785,  2.60
1021,508.00,   30746,  3.13,   17846,  3.63,   12900,  2.62
1022,509.00,   30714,  3.12,   17929,  3.65,   12785,  2.60
1023,510.00,   30714,  3.12,   17929,  3.65,   12785,  2.60
1024,511.00,   30714,  3.12,   17929,  3.65,   12785,  2.60
