-----------------------------------------------------------------------------------
Identifier:,IHS5922-20187I01
File Name:,FVLP70B.4
Ear:,L
Channel:,2
Intensity:,70 dB HL
Stim. Rate:,  1.10/s
Stim. Mode:,0
Sweeps:,60
Artifacts:,0
Smp. Period:,1000.00 us
Amp. Gain:, 50.00 K
Low Pass:, 30.00 Hz
High Pass:,  1.00 Hz
Notch Filter:,TRUE
Stimulus:,100
Stim. Freq.:,1000 Hz
Stim. Dur.:,2000 pnts
Masking:,0 dB SPL
Stim. Point:,513
-----------------------------------------------------------------------------------
Peak Information:,Label,Peak(+),Peak(+)(ms),Peak(-),Peak(-)(ms)
,21, 866,353.00, 922,409.00,
-----------------------------------------------------------------------------------


Data Pnt:,Data Pnt(ms):,Average:,Average(uV):,Buffer1:,Buffer1(uV):,Buffer2:,Buffer2(uV):
   1,-512.00,       0,  0.00,       0,  0.00,       0,  0.00
   2,-511.00,       0,  0.00,       0,  0.00,       0,  0.00
   3,-510.00,       0,  0.00,       0,  0.00,       0,  0.00
   4,-509.00,       0,  0.00,       0,  0.00,       0,  0.00
   5,-508.00,       0,  0.00,       0,  0.00,       0,  0.00
   6,-507.00,       0,  0.00,       0,  0.00,       0,  0.00
   7,-506.00,       0,  0.00,       0,  0.00,       0,  0.00
   8,-505.00,       0,  0.00,       0,  0.00,       0,  0.00
   9,-504.00,       0,  0.00,       0,  0.00,       0,  0.00
  10,-503.00,       0,  0.00,       0,  0.00,       0,  0.00
  11,-502.00,       0,  0.00,       0,  0.00,       0,  0.00
  12,-501.00,       0,  0.00,       0,  0.00,       0,  0.00
  13,-500.00,       0,  0.00,       0,  0.00,       0,  0.00
  14,-499.00,       0,  0.00,       0,  0.00,       0,  0.00
  15,-498.00,       0,  0.00,       0,  0.00,       0,  0.00
  16,-497.00,       0,  0.00,       0,  0.00,       0,  0.00
  17,-496.00,       0,  0.00,       0,  0.00,       0,  0.00
  18,-495.00,       0,  0.00,       0,  0.00,       0,  0.00
  19,-494.00,       0,  0.00,       0,  0.00,       0,  0.00
  20,-493.00,       0,  0.00,       0,  0.00,       0,  0.00
  21,-492.00,       0,  0.00,       0,  0.00,       0,  0.00
  22,-491.00,       0,  0.00,       0,  0.00,       0,  0.00
  23,-490.00,       0,  0.00,       0,  0.00,       0,  0.00
  24,-489.00,       0,  0.00,       0,  0.00,       0,  0.00
  25,-488.00,       0,  0.00,       0,  0.00,       0,  0.00
  26,-487.00,       0,  0.00,       0,  0.00,       0,  0.00
  27,-486.00,       0,  0.00,       0,  0.00,       0,  0.00
  28,-485.00,       0,  0.00,       0,  0.00,       0,  0.00
  29,-484.00,       0,  0.00,       0,  0.00,       0,  0.00
  30,-483.00,       0,  0.00,       0,  0.00,       0,  0.00
  31,-482.00,       0,  0.00,       0,  0.00,       0,  0.00
  32,-481.00,       0,  0.00,       0,  0.00,       0,  0.00
  33,-480.00,       0,  0.00,       0,  0.00,       0,  0.00
  34,-479.00,       0,  0.00,       0,  0.00,       0,  0.00
  35,-478.00,       0,  0.00,       0,  0.00,       0,  0.00
  36,-477.00,       0,  0.00,       0,  0.00,       0,  0.00
  37,-476.00,       0,  0.00,       0,  0.00,       0,  0.00
  38,-475.00,       0,  0.00,       0,  0.00,       0,  0.00
  39,-474.00,       0,  0.00,       0,  0.00,       0,  0.00
  40,-473.00,       0,  0.00,       0,  0.00,       0,  0.00
  41,-472.00,       0,  0.00,       0,  0.00,       0,  0.00
  42,-471.00,       0,  0.00,       0,  0.00,       0,  0.00
  43,-470.00,       0,  0.00,       0,  0.00,       0,  0.00
  44,-469.00,       0,  0.00,       0,  0.00,       0,  0.00
  45,-468.00,       0,  0.00,       0,  0.00,       0,  0.00
  46,-467.00,       0,  0.00,       0,  0.00,       0,  0.00
  47,-466.00,       0,  0.00,       0,  0.00,       0,  0.00
  48,-465.00,       0,  0.00,       0,  0.00,       0,  0.00
  49,-464.00,       0,  0.00,       0,  0.00,       0,  0.00
  50,-463.00,       0,  0.00,       0,  0.00,       0,  0.00
  51,-462.00,       0,  0.00,       0,  0.00,       0,  0.00
  52,-461.00,       0,  0.00,       0,  0.00,       0,  0.00
  53,-460.00,       0,  0.00,       0,  0.00,       0,  0.00
  54,-459.00,       0,  0.00,       0,  0.00,       0,  0.00
  55,-458.00,       0,  0.00,       0,  0.00,       0,  0.00
  56,-457.00,       0,  0.00,       0,  0.00,       0,  0.00
  57,-456.00,       0,  0.00,       0,  0.00,       0,  0.00
  58,-455.00,       0,  0.00,       0,  0.00,       0,  0.00
  59,-454.00,       0,  0.00,       0,  0.00,       0,  0.00
  60,-453.00,       0,  0.00,       0,  0.00,       0,  0.00
  61,-452.00,       0,  0.00,       0,  0.00,       0,  0.00
  62,-451.00,       0,  0.00,       0,  0.00,       0,  0.00
  63,-450.00,       0,  0.00,       0,  0.00,       0,  0.00
  64,-449.00,       0,  0.00,       0,  0.00,       0,  0.00
  65,-448.00,       0,  0.00,       0,  0.00,       0,  0.00
  66,-447.00,       0,  0.00,       0,  0.00,       0,  0.00
  67,-446.00,       0,  0.00,       0,  0.00,       0,  0.00
  68,-445.00,       0,  0.00,       0,  0.00,       0,  0.00
  69,-444.00,       0,  0.00,       0,  0.00,       0,  0.00
  70,-443.00,       0,  0.00,       0,  0.00,       0,  0.00
  71,-442.00,       0,  0.00,       0,  0.00,       0,  0.00
  72,-441.00,       0,  0.00,       0,  0.00,       0,  0.00
  73,-440.00,       0,  0.00,       0,  0.00,       0,  0.00
  74,-439.00,       0,  0.00,       0,  0.00,       0,  0.00
  75,-438.00,       0,  0.00,       0,  0.00,       0,  0.00
  76,-437.00,       0,  0.00,       0,  0.00,       0,  0.00
  77,-436.00,       0,  0.00,       0,  0.00,       0,  0.00
  78,-435.00,       0,  0.00,       0,  0.00,       0,  0.00
  79,-434.00,       0,  0.00,       0,  0.00,       0,  0.00
  80,-433.00,       0,  0.00,       0,  0.00,       0,  0.00
  81,-432.00,       0,  0.00,       0,  0.00,       0,  0.00
  82,-431.00,       0,  0.00,       0,  0.00,       0,  0.00
  83,-430.00,       0,  0.00,       0,  0.00,       0,  0.00
  84,-429.00,       0,  0.00,       0,  0.00,       0,  0.00
  85,-428.00,       0,  0.00,       0,  0.00,       0,  0.00
  86,-427.00,       0,  0.00,       0,  0.00,       0,  0.00
  87,-426.00,       0,  0.00,       0,  0.00,       0,  0.00
  88,-425.00,       0,  0.00,       0,  0.00,       0,  0.00
  89,-424.00,       0,  0.00,       0,  0.00,       0,  0.00
  90,-423.00,       0,  0.00,       0,  0.00,       0,  0.00
  91,-422.00,       0,  0.00,       0,  0.00,       0,  0.00
  92,-421.00,       0,  0.00,       0,  0.00,       0,  0.00
  93,-420.00,       0,  0.00,       0,  0.00,       0,  0.00
  94,-419.00,       0,  0.00,       0,  0.00,       0,  0.00
  95,-418.00,       0,  0.00,       0,  0.00,       0,  0.00
  96,-417.00,       0,  0.00,       0,  0.00,       0,  0.00
  97,-416.00,       0,  0.00,       0,  0.00,       0,  0.00
  98,-415.00,       0,  0.00,       0,  0.00,       0,  0.00
  99,-414.00,       0,  0.00,       0,  0.00,       0,  0.00
 100,-413.00,       0,  0.00,       0,  0.00,       0,  0.00
 101,-412.00,       0,  0.00,       0,  0.00,       0,  0.00
 102,-411.00,       0,  0.00,       0,  0.00,       0,  0.00
 103,-410.00,       0,  0.00,       0,  0.00,       0,  0.00
 104,-409.00,       0,  0.00,       0,  0.00,       0,  0.00
 105,-408.00,       0,  0.00,       0,  0.00,       0,  0.00
 106,-407.00,       0,  0.00,       0,  0.00,       0,  0.00
 107,-406.00,       0,  0.00,       0,  0.00,       0,  0.00
 108,-405.00,       0,  0.00,       0,  0.00,       0,  0.00
 109,-404.00,       0,  0.00,       0,  0.00,       0,  0.00
 110,-403.00,       0,  0.00,       0,  0.00,       0,  0.00
 111,-402.00,       0,  0.00,       0,  0.00,       0,  0.00
 112,-401.00,       0,  0.00,       0,  0.00,       0,  0.00
 113,-400.00,       0,  0.00,       0,  0.00,       0,  0.00
 114,-399.00,       0,  0.00,       0,  0.00,       0,  0.00
 115,-398.00,       0,  0.00,       0,  0.00,       0,  0.00
 116,-397.00,   13657,  1.39,    6345,  1.29,    7312,  1.49
 117,-396.00,   13854,  1.41,    6531,  1.33,    7323,  1.49
 118,-395.00,   12847,  1.31,    5582,  1.14,    7265,  1.48
 119,-394.00,   12529,  1.27,    5703,  1.16,    6826,  1.39
 120,-393.00,   12304,  1.25,    5851,  1.19,    6453,  1.31
 121,-392.00,   11979,  1.22,    5753,  1.17,    6226,  1.27
 122,-391.00,   12419,  1.26,    6118,  1.24,    6301,  1.28
 123,-390.00,   12839,  1.31,    6025,  1.23,    6814,  1.39
 124,-389.00,   13546,  1.38,    6250,  1.27,    7296,  1.48
 125,-388.00,   14414,  1.47,    6627,  1.35,    7787,  1.58
 126,-387.00,   15285,  1.55,    7028,  1.43,    8257,  1.68
 127,-386.00,   15732,  1.60,    7508,  1.53,    8224,  1.67
 128,-385.00,   16475,  1.68,    7524,  1.53,    8951,  1.82
 129,-384.00,   17116,  1.74,    7642,  1.55,    9474,  1.93
 130,-383.00,   16922,  1.72,    7237,  1.47,    9685,  1.97
 131,-382.00,   16534,  1.68,    6676,  1.36,    9858,  2.01
 132,-381.00,   17290,  1.76,    6991,  1.42,   10299,  2.10
 133,-380.00,   17757,  1.81,    7332,  1.49,   10425,  2.12
 134,-379.00,   17765,  1.81,    7295,  1.48,   10470,  2.13
 135,-378.00,   17255,  1.76,    7218,  1.47,   10037,  2.04
 136,-377.00,   16671,  1.70,    6790,  1.38,    9881,  2.01
 137,-376.00,   15890,  1.62,    6206,  1.26,    9684,  1.97
 138,-375.00,   15158,  1.54,    6055,  1.23,    9103,  1.85
 139,-374.00,   14273,  1.45,    5669,  1.15,    8604,  1.75
 140,-373.00,   14211,  1.45,    5310,  1.08,    8901,  1.81
 141,-372.00,   14247,  1.45,    5100,  1.04,    9147,  1.86
 142,-371.00,   14788,  1.50,    4419,  0.90,   10369,  2.11
 143,-370.00,   14204,  1.44,    3190,  0.65,   11014,  2.24
 144,-369.00,   13546,  1.38,    2702,  0.55,   10844,  2.21
 145,-368.00,   13882,  1.41,    2846,  0.58,   11036,  2.25
 146,-367.00,   14228,  1.45,    3332,  0.68,   10896,  2.22
 147,-366.00,   13664,  1.39,    3178,  0.65,   10486,  2.13
 148,-365.00,   13016,  1.32,    2961,  0.60,   10055,  2.05
 149,-364.00,   12599,  1.28,    2521,  0.51,   10078,  2.05
 150,-363.00,   11787,  1.20,    1781,  0.36,   10006,  2.04
 151,-362.00,   11627,  1.18,    1203,  0.24,   10424,  2.12
 152,-361.00,   11241,  1.14,     387,  0.08,   10854,  2.21
 153,-360.00,   10752,  1.09,      68,  0.01,   10684,  2.17
 154,-359.00,   10066,  1.02,     -45, -0.00,   10111,  2.06
 155,-358.00,    9500,  0.97,    -144, -0.03,    9644,  1.96
 156,-357.00,    8847,  0.90,    -478, -0.10,    9325,  1.90
 157,-356.00,    8126,  0.83,   -1092, -0.22,    9218,  1.88
 158,-355.00,    7991,  0.81,    -997, -0.20,    8988,  1.83
 159,-354.00,    7533,  0.77,   -1128, -0.23,    8661,  1.76
 160,-353.00,    6750,  0.69,   -1402, -0.29,    8152,  1.66
 161,-352.00,    5542,  0.56,   -2182, -0.44,    7724,  1.57
 162,-351.00,    4767,  0.48,   -2476, -0.50,    7243,  1.47
 163,-350.00,    4877,  0.50,   -2417, -0.49,    7294,  1.48
 164,-349.00,    4300,  0.44,   -2958, -0.60,    7258,  1.48
 165,-348.00,    3784,  0.38,   -3315, -0.67,    7099,  1.44
 166,-347.00,    4476,  0.46,   -2658, -0.54,    7134,  1.45
 167,-346.00,    5309,  0.54,   -1976, -0.40,    7285,  1.48
 168,-345.00,    6235,  0.63,   -1378, -0.28,    7613,  1.55
 169,-344.00,    6633,  0.67,   -1258, -0.26,    7891,  1.61
 170,-343.00,    7041,  0.72,   -1167, -0.24,    8208,  1.67
 171,-342.00,    7095,  0.72,   -1249, -0.25,    8344,  1.70
 172,-341.00,    6713,  0.68,   -1192, -0.24,    7905,  1.61
 173,-340.00,    7097,  0.72,   -1033, -0.21,    8130,  1.65
 174,-339.00,    7237,  0.74,   -1043, -0.21,    8280,  1.68
 175,-338.00,    6696,  0.68,   -1006, -0.20,    7702,  1.57
 176,-337.00,    6866,  0.70,    -323, -0.07,    7189,  1.46
 177,-336.00,    6584,  0.67,     -17, -0.00,    6601,  1.34
 178,-335.00,    6986,  0.71,     327,  0.07,    6659,  1.35
 179,-334.00,    7541,  0.77,    1169,  0.24,    6372,  1.30
 180,-333.00,    8247,  0.84,    1995,  0.41,    6252,  1.27
 181,-332.00,    9280,  0.94,    2767,  0.56,    6513,  1.33
 182,-331.00,    9756,  0.99,    2936,  0.60,    6820,  1.39
 183,-330.00,    9623,  0.98,    2861,  0.58,    6762,  1.38
 184,-329.00,    9500,  0.97,    2789,  0.57,    6711,  1.37
 185,-328.00,    9697,  0.99,    2898,  0.59,    6799,  1.38
 186,-327.00,    9678,  0.98,    3120,  0.63,    6558,  1.33
 187,-326.00,    9781,  1.00,    3490,  0.71,    6291,  1.28
 188,-325.00,    9759,  0.99,    3789,  0.77,    5970,  1.21
 189,-324.00,    9292,  0.95,    4141,  0.84,    5151,  1.05
 190,-323.00,    9009,  0.92,    4485,  0.91,    4524,  0.92
 191,-322.00,    9094,  0.93,    4642,  0.94,    4452,  0.91
 192,-321.00,    8199,  0.83,    4206,  0.86,    3993,  0.81
 193,-320.00,    7062,  0.72,    3939,  0.80,    3123,  0.64
 194,-319.00,    6930,  0.70,    3833,  0.78,    3097,  0.63
 195,-318.00,    6456,  0.66,    3841,  0.78,    2615,  0.53
 196,-317.00,    6817,  0.69,    4219,  0.86,    2598,  0.53
 197,-316.00,    6950,  0.71,    4327,  0.88,    2623,  0.53
 198,-315.00,    6273,  0.64,    4023,  0.82,    2250,  0.46
 199,-314.00,    5700,  0.58,    3889,  0.79,    1811,  0.37
 200,-313.00,    5181,  0.53,    3828,  0.78,    1353,  0.28
 201,-312.00,    5329,  0.54,    4371,  0.89,     958,  0.19
 202,-311.00,    5565,  0.57,    5137,  1.05,     428,  0.09
 203,-310.00,    6479,  0.66,    5687,  1.16,     792,  0.16
 204,-309.00,    7540,  0.77,    6599,  1.34,     941,  0.19
 205,-308.00,    7851,  0.80,    7219,  1.47,     632,  0.13
 206,-307.00,    7979,  0.81,    7552,  1.54,     427,  0.09
 207,-306.00,    8337,  0.85,    7805,  1.59,     532,  0.11
 208,-305.00,    8969,  0.91,    8056,  1.64,     913,  0.19
 209,-304.00,    9469,  0.96,    8410,  1.71,    1059,  0.22
 210,-303.00,   10736,  1.09,    9115,  1.85,    1621,  0.33
 211,-302.00,   11669,  1.19,    9442,  1.92,    2227,  0.45
 212,-301.00,   12589,  1.28,    9765,  1.99,    2824,  0.57
 213,-300.00,   13655,  1.39,   10306,  2.10,    3349,  0.68
 214,-299.00,   15137,  1.54,   11162,  2.27,    3975,  0.81
 215,-298.00,   14986,  1.52,   10640,  2.16,    4346,  0.88
 216,-297.00,   14855,  1.51,   10090,  2.05,    4765,  0.97
 217,-296.00,   15082,  1.53,    9755,  1.98,    5327,  1.08
 218,-295.00,   16286,  1.66,   10262,  2.09,    6024,  1.23
 219,-294.00,   17191,  1.75,   10721,  2.18,    6470,  1.32
 220,-293.00,   17630,  1.79,   11198,  2.28,    6432,  1.31
 221,-292.00,   17829,  1.81,   11032,  2.24,    6797,  1.38
 222,-291.00,   17832,  1.81,    9930,  2.02,    7902,  1.61
 223,-290.00,   17925,  1.82,    9308,  1.89,    8617,  1.75
 224,-289.00,   18849,  1.92,    9424,  1.92,    9425,  1.92
 225,-288.00,   19000,  1.93,    8806,  1.79,   10194,  2.07
 226,-287.00,   19122,  1.95,    8575,  1.74,   10547,  2.15
 227,-286.00,   19028,  1.94,    8393,  1.71,   10635,  2.16
 228,-285.00,   18456,  1.88,    8098,  1.65,   10358,  2.11
 229,-284.00,   17684,  1.80,    7939,  1.62,    9745,  1.98
 230,-283.00,   17725,  1.80,    7748,  1.58,    9977,  2.03
 231,-282.00,   18428,  1.87,    7604,  1.55,   10824,  2.20
 232,-281.00,   18640,  1.90,    7321,  1.49,   11319,  2.30
 233,-280.00,   18003,  1.83,    6737,  1.37,   11266,  2.29
 234,-279.00,   18236,  1.86,    6528,  1.33,   11708,  2.38
 235,-278.00,   18734,  1.91,    6432,  1.31,   12302,  2.50
 236,-277.00,   17628,  1.79,    5995,  1.22,   11633,  2.37
 237,-276.00,   16864,  1.72,    5987,  1.22,   10877,  2.21
 238,-275.00,   16593,  1.69,    6008,  1.22,   10585,  2.15
 239,-274.00,   16687,  1.70,    6039,  1.23,   10648,  2.17
 240,-273.00,   15963,  1.62,    5701,  1.16,   10262,  2.09
 241,-272.00,   15329,  1.56,    5327,  1.08,   10002,  2.03
 242,-271.00,   14640,  1.49,    4917,  1.00,    9723,  1.98
 243,-270.00,   14335,  1.46,    4745,  0.97,    9590,  1.95
 244,-269.00,   14699,  1.50,    4632,  0.94,   10067,  2.05
 245,-268.00,   14381,  1.46,    4487,  0.91,    9894,  2.01
 246,-267.00,   13859,  1.41,    4416,  0.90,    9443,  1.92
 247,-266.00,   14070,  1.43,    4448,  0.90,    9622,  1.96
 248,-265.00,   13055,  1.33,    3754,  0.76,    9301,  1.89
 249,-264.00,   12023,  1.22,    3126,  0.64,    8897,  1.81
 250,-263.00,   11569,  1.18,    2440,  0.50,    9129,  1.86
 251,-262.00,   10713,  1.09,    1404,  0.29,    9309,  1.89
 252,-261.00,   10026,  1.02,     549,  0.11,    9477,  1.93
 253,-260.00,   10924,  1.11,     799,  0.16,   10125,  2.06
 254,-259.00,   11487,  1.17,     828,  0.17,   10659,  2.17
 255,-258.00,   10307,  1.05,      42,  0.00,   10265,  2.09
 256,-257.00,    9292,  0.95,    -603, -0.12,    9895,  2.01
 257,-256.00,    8853,  0.90,    -485, -0.10,    9338,  1.90
 258,-255.00,    7906,  0.80,   -1008, -0.21,    8914,  1.81
 259,-254.00,    7626,  0.78,   -1346, -0.27,    8972,  1.83
 260,-253.00,    8199,  0.83,    -893, -0.18,    9092,  1.85
 261,-252.00,    8645,  0.88,    -581, -0.12,    9226,  1.88
 262,-251.00,    7929,  0.81,    -869, -0.18,    8798,  1.79
 263,-250.00,    7010,  0.71,   -1215, -0.25,    8225,  1.67
 264,-249.00,    6573,  0.67,   -1395, -0.28,    7968,  1.62
 265,-248.00,    6018,  0.61,   -1202, -0.24,    7220,  1.47
 266,-247.00,    5403,  0.55,   -1044, -0.21,    6447,  1.31
 267,-246.00,    4975,  0.51,   -1210, -0.25,    6185,  1.26
 268,-245.00,    4776,  0.49,   -1255, -0.26,    6031,  1.23
 269,-244.00,    4112,  0.42,   -1792, -0.36,    5904,  1.20
 270,-243.00,    3184,  0.32,   -2634, -0.54,    5818,  1.18
 271,-242.00,    3113,  0.32,   -2841, -0.58,    5954,  1.21
 272,-241.00,    2473,  0.25,   -3501, -0.71,    5974,  1.22
 273,-240.00,    2097,  0.21,   -4029, -0.82,    6126,  1.25
 274,-239.00,    1257,  0.13,   -4396, -0.89,    5653,  1.15
 275,-238.00,      87,  0.00,   -5012, -1.02,    5099,  1.04
 276,-237.00,    -353, -0.04,   -4975, -1.01,    4622,  0.94
 277,-236.00,   -1327, -0.13,   -5667, -1.15,    4340,  0.88
 278,-235.00,   -1698, -0.17,   -6396, -1.30,    4698,  0.96
 279,-234.00,   -1465, -0.15,   -6768, -1.38,    5303,  1.08
 280,-233.00,   -2026, -0.21,   -7374, -1.50,    5348,  1.09
 281,-232.00,   -2478, -0.25,   -8108, -1.65,    5630,  1.15
 282,-231.00,   -2453, -0.25,   -8495, -1.73,    6042,  1.23
 283,-230.00,   -2515, -0.26,   -8501, -1.73,    5986,  1.22
 284,-229.00,   -2671, -0.27,   -8730, -1.78,    6059,  1.23
 285,-228.00,   -3360, -0.34,   -9029, -1.84,    5669,  1.15
 286,-227.00,   -3550, -0.36,   -9148, -1.86,    5598,  1.14
 287,-226.00,   -3612, -0.37,   -9193, -1.87,    5581,  1.14
 288,-225.00,   -3776, -0.38,   -9267, -1.89,    5491,  1.12
 289,-224.00,   -3540, -0.36,   -9100, -1.85,    5560,  1.13
 290,-223.00,   -3404, -0.35,   -8995, -1.83,    5591,  1.14
 291,-222.00,   -3957, -0.40,   -9272, -1.89,    5315,  1.08
 292,-221.00,   -4209, -0.43,   -9937, -2.02,    5728,  1.17
 293,-220.00,   -4182, -0.43,  -10341, -2.10,    6159,  1.25
 294,-219.00,   -4038, -0.41,  -10183, -2.07,    6145,  1.25
 295,-218.00,   -4566, -0.46,  -10281, -2.09,    5715,  1.16
 296,-217.00,   -5375, -0.55,  -10885, -2.21,    5510,  1.12
 297,-216.00,   -6202, -0.63,  -11278, -2.29,    5076,  1.03
 298,-215.00,   -6291, -0.64,  -11571, -2.35,    5280,  1.07
 299,-214.00,   -6072, -0.62,  -11775, -2.40,    5703,  1.16
 300,-213.00,   -5888, -0.60,  -11848, -2.41,    5960,  1.21
 301,-212.00,   -4887, -0.50,  -11760, -2.39,    6873,  1.40
 302,-211.00,   -4432, -0.45,  -11539, -2.35,    7107,  1.45
 303,-210.00,   -4479, -0.46,  -11232, -2.29,    6753,  1.37
 304,-209.00,   -4689, -0.48,  -11248, -2.29,    6559,  1.33
 305,-208.00,   -5096, -0.52,  -11683, -2.38,    6587,  1.34
 306,-207.00,   -5268, -0.54,  -11974, -2.44,    6706,  1.36
 307,-206.00,   -5014, -0.51,  -12026, -2.45,    7012,  1.43
 308,-205.00,   -5026, -0.51,  -12020, -2.45,    6994,  1.42
 309,-204.00,   -5078, -0.52,  -12007, -2.44,    6929,  1.41
 310,-203.00,   -5473, -0.56,  -11898, -2.42,    6425,  1.31
 311,-202.00,   -5333, -0.54,  -11360, -2.31,    6027,  1.23
 312,-201.00,   -5605, -0.57,  -11076, -2.25,    5471,  1.11
 313,-200.00,   -5587, -0.57,  -10867, -2.21,    5280,  1.07
 314,-199.00,   -5986, -0.61,  -11103, -2.26,    5117,  1.04
 315,-198.00,   -6270, -0.64,  -11082, -2.25,    4812,  0.98
 316,-197.00,   -7205, -0.73,  -11392, -2.32,    4187,  0.85
 317,-196.00,   -7950, -0.81,  -11478, -2.34,    3528,  0.72
 318,-195.00,   -8173, -0.83,  -11167, -2.27,    2994,  0.61
 319,-194.00,   -8180, -0.83,  -10932, -2.22,    2752,  0.56
 320,-193.00,   -8077, -0.82,  -11175, -2.27,    3098,  0.63
 321,-192.00,   -8180, -0.83,  -11459, -2.33,    3279,  0.67
 322,-191.00,   -8151, -0.83,  -11324, -2.30,    3173,  0.65
 323,-190.00,   -7774, -0.79,  -10989, -2.24,    3215,  0.65
 324,-189.00,   -7525, -0.77,  -10581, -2.15,    3056,  0.62
 325,-188.00,   -7998, -0.81,  -10896, -2.22,    2898,  0.59
 326,-187.00,   -8893, -0.90,  -11124, -2.26,    2231,  0.45
 327,-186.00,   -9416, -0.96,  -11096, -2.26,    1680,  0.34
 328,-185.00,  -10009, -1.02,  -11140, -2.27,    1131,  0.23
 329,-184.00,   -8872, -0.90,  -10086, -2.05,    1214,  0.25
 330,-183.00,   -8526, -0.87,   -9525, -1.94,     999,  0.20
 331,-182.00,   -9599, -0.98,   -9453, -1.92,    -146, -0.03
 332,-181.00,   -9975, -1.01,   -9400, -1.91,    -575, -0.12
 333,-180.00,   -9763, -0.99,   -9030, -1.84,    -733, -0.15
 334,-179.00,   -9931, -1.01,   -8497, -1.73,   -1434, -0.29
 335,-178.00,  -10079, -1.03,   -8089, -1.65,   -1990, -0.40
 336,-177.00,  -10253, -1.04,   -8081, -1.64,   -2172, -0.44
 337,-176.00,  -11139, -1.13,   -8437, -1.72,   -2702, -0.55
 338,-175.00,  -11172, -1.14,   -8650, -1.76,   -2522, -0.51
 339,-174.00,  -10711, -1.09,   -8578, -1.75,   -2133, -0.43
 340,-173.00,  -10741, -1.09,   -8937, -1.82,   -1804, -0.37
 341,-172.00,  -11157, -1.13,   -9400, -1.91,   -1757, -0.36
 342,-171.00,  -11132, -1.13,   -9109, -1.85,   -2023, -0.41
 343,-170.00,  -10716, -1.09,   -8628, -1.76,   -2088, -0.42
 344,-169.00,  -10579, -1.08,   -8346, -1.70,   -2233, -0.45
 345,-168.00,  -10765, -1.10,   -8750, -1.78,   -2015, -0.41
 346,-167.00,  -11361, -1.16,   -9194, -1.87,   -2167, -0.44
 347,-166.00,  -11777, -1.20,   -9307, -1.89,   -2470, -0.50
 348,-165.00,  -11836, -1.20,   -8923, -1.82,   -2913, -0.59
 349,-164.00,  -11891, -1.21,   -8676, -1.77,   -3215, -0.65
 350,-163.00,  -12043, -1.23,   -8522, -1.73,   -3521, -0.72
 351,-162.00,  -12271, -1.25,   -8236, -1.68,   -4035, -0.82
 352,-161.00,  -11942, -1.21,   -7922, -1.61,   -4020, -0.82
 353,-160.00,  -11781, -1.20,   -7456, -1.52,   -4325, -0.88
 354,-159.00,  -11967, -1.22,   -7267, -1.48,   -4700, -0.96
 355,-158.00,  -12844, -1.31,   -7608, -1.55,   -5236, -1.07
 356,-157.00,  -14253, -1.45,   -8135, -1.66,   -6118, -1.24
 357,-156.00,  -15411, -1.57,   -8601, -1.75,   -6810, -1.39
 358,-155.00,  -16330, -1.66,   -8866, -1.80,   -7464, -1.52
 359,-154.00,  -16939, -1.72,   -9073, -1.85,   -7866, -1.60
 360,-153.00,  -16793, -1.71,   -8811, -1.79,   -7982, -1.62
 361,-152.00,  -16212, -1.65,   -8440, -1.72,   -7772, -1.58
 362,-151.00,  -15742, -1.60,   -8359, -1.70,   -7383, -1.50
 363,-150.00,  -15433, -1.57,   -8645, -1.76,   -6788, -1.38
 364,-149.00,  -15459, -1.57,   -8899, -1.81,   -6560, -1.33
 365,-148.00,  -15930, -1.62,   -9311, -1.89,   -6619, -1.35
 366,-147.00,  -16027, -1.63,   -9681, -1.97,   -6346, -1.29
 367,-146.00,  -15849, -1.61,   -9599, -1.95,   -6250, -1.27
 368,-145.00,  -16196, -1.65,   -9620, -1.96,   -6576, -1.34
 369,-144.00,  -16689, -1.70,  -10063, -2.05,   -6626, -1.35
 370,-143.00,  -16781, -1.71,  -10168, -2.07,   -6613, -1.35
 371,-142.00,  -16582, -1.69,   -9735, -1.98,   -6847, -1.39
 372,-141.00,  -16288, -1.66,   -9393, -1.91,   -6895, -1.40
 373,-140.00,  -16058, -1.63,   -9144, -1.86,   -6914, -1.41
 374,-139.00,  -16365, -1.66,   -9201, -1.87,   -7164, -1.46
 375,-138.00,  -16766, -1.71,   -9514, -1.94,   -7252, -1.48
 376,-137.00,  -16292, -1.66,   -9355, -1.90,   -6937, -1.41
 377,-136.00,  -15886, -1.62,   -8957, -1.82,   -6929, -1.41
 378,-135.00,  -16049, -1.63,   -8679, -1.77,   -7370, -1.50
 379,-134.00,  -16460, -1.67,   -8694, -1.77,   -7766, -1.58
 380,-133.00,  -16237, -1.65,   -8600, -1.75,   -7637, -1.55
 381,-132.00,  -16203, -1.65,   -8391, -1.71,   -7812, -1.59
 382,-131.00,  -16122, -1.64,   -8257, -1.68,   -7865, -1.60
 383,-130.00,  -15997, -1.63,   -8184, -1.67,   -7813, -1.59
 384,-129.00,  -16366, -1.66,   -8290, -1.69,   -8076, -1.64
 385,-128.00,  -16757, -1.70,   -8401, -1.71,   -8356, -1.70
 386,-127.00,  -16884, -1.72,   -8218, -1.67,   -8666, -1.76
 387,-126.00,  -17180, -1.75,   -7738, -1.57,   -9442, -1.92
 388,-125.00,  -17731, -1.80,   -7397, -1.50,  -10334, -2.10
 389,-124.00,  -18396, -1.87,   -7388, -1.50,  -11008, -2.24
 390,-123.00,  -19033, -1.94,   -7475, -1.52,  -11558, -2.35
 391,-122.00,  -19689, -2.00,   -7718, -1.57,  -11971, -2.44
 392,-121.00,  -20376, -2.07,   -7699, -1.57,  -12677, -2.58
 393,-120.00,  -20693, -2.11,   -7313, -1.49,  -13380, -2.72
 394,-119.00,  -20546, -2.09,   -7029, -1.43,  -13517, -2.75
 395,-118.00,  -21303, -2.17,   -7677, -1.56,  -13626, -2.77
 396,-117.00,  -22127, -2.25,   -8128, -1.65,  -13999, -2.85
 397,-116.00,  -23009, -2.34,   -8116, -1.65,  -14893, -3.03
 398,-115.00,  -24159, -2.46,   -8094, -1.65,  -16065, -3.27
 399,-114.00,  -25344, -2.58,   -8336, -1.70,  -17008, -3.46
 400,-113.00,  -25984, -2.64,   -8478, -1.72,  -17506, -3.56
 401,-112.00,  -25504, -2.59,   -7777, -1.58,  -17727, -3.61
 402,-111.00,  -25204, -2.56,   -7311, -1.49,  -17893, -3.64
 403,-110.00,  -25614, -2.61,   -7292, -1.48,  -18322, -3.73
 404,-109.00,  -25894, -2.63,   -7433, -1.51,  -18461, -3.76
 405,-108.00,  -25512, -2.60,   -7002, -1.42,  -18510, -3.77
 406,-107.00,  -25421, -2.59,   -6898, -1.40,  -18523, -3.77
 407,-106.00,  -25009, -2.54,   -6579, -1.34,  -18430, -3.75
 408,-105.00,  -24592, -2.50,   -6132, -1.25,  -18460, -3.76
 409,-104.00,  -24916, -2.53,   -6306, -1.28,  -18610, -3.79
 410,-103.00,  -26002, -2.65,   -7083, -1.44,  -18919, -3.85
 411,-102.00,  -25992, -2.64,   -7411, -1.51,  -18581, -3.78
 412,-101.00,  -25589, -2.60,   -7245, -1.47,  -18344, -3.73
 413,-100.00,  -25371, -2.58,   -7437, -1.51,  -17934, -3.65
 414,-99.00,  -25520, -2.60,   -7950, -1.62,  -17570, -3.57
 415,-98.00,  -25610, -2.61,   -8347, -1.70,  -17263, -3.51
 416,-97.00,  -26048, -2.65,   -8836, -1.80,  -17212, -3.50
 417,-96.00,  -26765, -2.72,   -9532, -1.94,  -17233, -3.51
 418,-95.00,  -27075, -2.75,   -9840, -2.00,  -17235, -3.51
 419,-94.00,  -26619, -2.71,   -9844, -2.00,  -16775, -3.41
 420,-93.00,  -26719, -2.72,  -10247, -2.08,  -16472, -3.35
 421,-92.00,  -27164, -2.76,  -10856, -2.21,  -16308, -3.32
 422,-91.00,  -27506, -2.80,  -11617, -2.36,  -15889, -3.23
 423,-90.00,  -27319, -2.78,  -11575, -2.36,  -15744, -3.20
 424,-89.00,  -27276, -2.77,  -11744, -2.39,  -15532, -3.16
 425,-88.00,  -27173, -2.76,  -11991, -2.44,  -15182, -3.09
 426,-87.00,  -26655, -2.71,  -11483, -2.34,  -15172, -3.09
 427,-86.00,  -25916, -2.64,  -10502, -2.14,  -15414, -3.14
 428,-85.00,  -25629, -2.61,   -9958, -2.03,  -15671, -3.19
 429,-84.00,  -24878, -2.53,   -9463, -1.93,  -15415, -3.14
 430,-83.00,  -24087, -2.45,   -8892, -1.81,  -15195, -3.09
 431,-82.00,  -23494, -2.39,   -8353, -1.70,  -15141, -3.08
 432,-81.00,  -21950, -2.23,   -7584, -1.54,  -14366, -2.92
 433,-80.00,  -20417, -2.08,   -6925, -1.41,  -13492, -2.75
 434,-79.00,  -18898, -1.92,   -6172, -1.26,  -12726, -2.59
 435,-78.00,  -18037, -1.83,   -5582, -1.14,  -12455, -2.53
 436,-77.00,  -16966, -1.73,   -4685, -0.95,  -12281, -2.50
 437,-76.00,  -15660, -1.59,   -3891, -0.79,  -11769, -2.39
 438,-75.00,  -14513, -1.48,   -3096, -0.63,  -11417, -2.32
 439,-74.00,  -13325, -1.36,   -2244, -0.46,  -11081, -2.25
 440,-73.00,  -12577, -1.28,   -1754, -0.36,  -10823, -2.20
 441,-72.00,  -11823, -1.20,   -1359, -0.28,  -10464, -2.13
 442,-71.00,  -11206, -1.14,   -1229, -0.25,   -9977, -2.03
 443,-70.00,  -11458, -1.17,   -1603, -0.33,   -9855, -2.01
 444,-69.00,  -11642, -1.18,   -1367, -0.28,  -10275, -2.09
 445,-68.00,  -11300, -1.15,    -820, -0.17,  -10480, -2.13
 446,-67.00,  -10285, -1.05,    -235, -0.05,  -10050, -2.04
 447,-66.00,   -9795, -1.00,     -55, -0.01,   -9740, -1.98
 448,-65.00,   -9163, -0.93,    -226, -0.05,   -8937, -1.82
 449,-64.00,   -8397, -0.85,    -296, -0.06,   -8101, -1.65
 450,-63.00,   -8081, -0.82,    -476, -0.10,   -7605, -1.55
 451,-62.00,   -8126, -0.83,    -561, -0.11,   -7565, -1.54
 452,-61.00,   -7686, -0.78,    -358, -0.07,   -7328, -1.49
 453,-60.00,   -7951, -0.81,    -208, -0.04,   -7743, -1.58
 454,-59.00,   -8293, -0.84,      -7, -0.00,   -8286, -1.69
 455,-58.00,   -8435, -0.86,     353,  0.07,   -8788, -1.79
 456,-57.00,   -8380, -0.85,     652,  0.13,   -9032, -1.84
 457,-56.00,   -8384, -0.85,     609,  0.12,   -8993, -1.83
 458,-55.00,   -8413, -0.86,     331,  0.07,   -8744, -1.78
 459,-54.00,   -7874, -0.80,     130,  0.03,   -8004, -1.63
 460,-53.00,   -7260, -0.74,    -249, -0.05,   -7011, -1.43
 461,-52.00,   -7382, -0.75,    -855, -0.17,   -6527, -1.33
 462,-51.00,   -8802, -0.90,   -1428, -0.29,   -7374, -1.50
 463,-50.00,   -9747, -0.99,   -1640, -0.33,   -8107, -1.65
 464,-49.00,  -10176, -1.04,   -1777, -0.36,   -8399, -1.71
 465,-48.00,  -10658, -1.08,   -2294, -0.47,   -8364, -1.70
 466,-47.00,  -12032, -1.22,   -3236, -0.66,   -8796, -1.79
 467,-46.00,  -13360, -1.36,   -4167, -0.85,   -9193, -1.87
 468,-45.00,  -14563, -1.48,   -4931, -1.00,   -9632, -1.96
 469,-44.00,  -15291, -1.56,   -5483, -1.12,   -9808, -2.00
 470,-43.00,  -15925, -1.62,   -6016, -1.22,   -9909, -2.02
 471,-42.00,  -16809, -1.71,   -6626, -1.35,  -10183, -2.07
 472,-41.00,  -17119, -1.74,   -6698, -1.36,  -10421, -2.12
 473,-40.00,  -16916, -1.72,   -6776, -1.38,  -10140, -2.06
 474,-39.00,  -16456, -1.67,   -6715, -1.37,   -9741, -1.98
 475,-38.00,  -16633, -1.69,   -6931, -1.41,   -9702, -1.97
 476,-37.00,  -16984, -1.73,   -6983, -1.42,  -10001, -2.03
 477,-36.00,  -17367, -1.77,   -6811, -1.39,  -10556, -2.15
 478,-35.00,  -18195, -1.85,   -6754, -1.37,  -11441, -2.33
 479,-34.00,  -19294, -1.96,   -6905, -1.40,  -12389, -2.52
 480,-33.00,  -18655, -1.90,   -6324, -1.29,  -12331, -2.51
 481,-32.00,  -18464, -1.88,   -5888, -1.20,  -12576, -2.56
 482,-31.00,  -18549, -1.89,   -5320, -1.08,  -13229, -2.69
 483,-30.00,  -18795, -1.91,   -5428, -1.10,  -13367, -2.72
 484,-29.00,  -19416, -1.98,   -5592, -1.14,  -13824, -2.81
 485,-28.00,  -19244, -1.96,   -5295, -1.08,  -13949, -2.84
 486,-27.00,  -18741, -1.91,   -4801, -0.98,  -13940, -2.84
 487,-26.00,  -18295, -1.86,   -4271, -0.87,  -14024, -2.85
 488,-25.00,  -18082, -1.84,   -3904, -0.79,  -14178, -2.88
 489,-24.00,  -18153, -1.85,   -3537, -0.72,  -14616, -2.97
 490,-23.00,  -18049, -1.84,   -3440, -0.70,  -14609, -2.97
 491,-22.00,  -18822, -1.91,   -3790, -0.77,  -15032, -3.06
 492,-21.00,  -20044, -2.04,   -4438, -0.90,  -15606, -3.18
 493,-20.00,  -21435, -2.18,   -5075, -1.03,  -16360, -3.33
 494,-19.00,  -21507, -2.19,   -4694, -0.96,  -16813, -3.42
 495,-18.00,  -20145, -2.05,   -3965, -0.81,  -16180, -3.29
 496,-17.00,  -18785, -1.91,   -2942, -0.60,  -15843, -3.22
 497,-16.00,  -18453, -1.88,   -2612, -0.53,  -15841, -3.22
 498,-15.00,  -18548, -1.89,   -2789, -0.57,  -15759, -3.21
 499,-14.00,  -18908, -1.92,   -2884, -0.59,  -16024, -3.26
 500,-13.00,  -18890, -1.92,   -3111, -0.63,  -15779, -3.21
 501,-12.00,  -18488, -1.88,   -2699, -0.55,  -15789, -3.21
 502,-11.00,  -17894, -1.82,   -2121, -0.43,  -15773, -3.21
 503,-10.00,  -18039, -1.84,   -1961, -0.40,  -16078, -3.27
 504,-9.00,  -18954, -1.93,   -2287, -0.47,  -16667, -3.39
 505,-8.00,  -19194, -1.95,   -2055, -0.42,  -17139, -3.49
 506,-7.00,  -19630, -2.00,   -2351, -0.48,  -17279, -3.52
 507,-6.00,  -19887, -2.02,   -2397, -0.49,  -17490, -3.56
 508,-5.00,  -20034, -2.04,   -2020, -0.41,  -18014, -3.67
 509,-4.00,  -20628, -2.10,   -1731, -0.35,  -18897, -3.84
 510,-3.00,  -20742, -2.11,   -1300, -0.26,  -19442, -3.96
 511,-2.00,  -20773, -2.11,   -1394, -0.28,  -19379, -3.94
 512,-1.00,  -21713, -2.21,   -1655, -0.34,  -20058, -4.08
 513,0.00,  -22779, -2.32,   -2004, -0.41,  -20775, -4.23
 514,1.00,  -22794, -2.32,   -2480, -0.50,  -20314, -4.13
 515,2.00,  -21941, -2.23,   -2170, -0.44,  -19771, -4.02
 516,3.00,  -21254, -2.16,   -1654, -0.34,  -19600, -3.99
 517,4.00,  -20536, -2.09,   -1107, -0.23,  -19429, -3.95
 518,5.00,  -19535, -1.99,    -548, -0.11,  -18987, -3.86
 519,6.00,  -18289, -1.86,    -127, -0.03,  -18162, -3.70
 520,7.00,  -17460, -1.78,      93,  0.02,  -17553, -3.57
 521,8.00,  -17205, -1.75,     -55, -0.01,  -17150, -3.49
 522,9.00,  -16375, -1.67,      44,  0.00,  -16419, -3.34
 523,10.00,  -14791, -1.50,     314,  0.06,  -15105, -3.07
 524,11.00,  -13334, -1.36,     513,  0.10,  -13847, -2.82
 525,12.00,  -12154, -1.24,    1037,  0.21,  -13191, -2.68
 526,13.00,  -11433, -1.16,    1617,  0.33,  -13050, -2.66
 527,14.00,  -10756, -1.09,    2008,  0.41,  -12764, -2.60
 528,15.00,   -9477, -0.96,    2575,  0.52,  -12052, -2.45
 529,16.00,   -8237, -0.84,    2880,  0.59,  -11117, -2.26
 530,17.00,   -7657, -0.78,    2593,  0.53,  -10250, -2.09
 531,18.00,   -7069, -0.72,    2075,  0.42,   -9144, -1.86
 532,19.00,   -6938, -0.71,    1668,  0.34,   -8606, -1.75
 533,20.00,   -6203, -0.63,    1384,  0.28,   -7587, -1.54
 534,21.00,   -5245, -0.53,    1351,  0.27,   -6596, -1.34
 535,22.00,   -4871, -0.50,    1088,  0.22,   -5959, -1.21
 536,23.00,   -3891, -0.40,    1347,  0.27,   -5238, -1.07
 537,24.00,   -2649, -0.27,    1439,  0.29,   -4088, -0.83
 538,25.00,   -1084, -0.11,    1410,  0.29,   -2494, -0.51
 539,26.00,    -186, -0.02,    1065,  0.22,   -1251, -0.25
 540,27.00,     369,  0.04,     991,  0.20,    -622, -0.13
 541,28.00,    1258,  0.13,    1125,  0.23,     133,  0.03
 542,29.00,    1559,  0.16,     795,  0.16,     764,  0.16
 543,30.00,    2247,  0.23,     609,  0.12,    1638,  0.33
 544,31.00,    2860,  0.29,     209,  0.04,    2651,  0.54
 545,32.00,    3031,  0.31,     -40, -0.00,    3071,  0.62
 546,33.00,    3210,  0.33,    -337, -0.07,    3547,  0.72
 547,34.00,    3339,  0.34,    -844, -0.17,    4183,  0.85
 548,35.00,    3677,  0.37,   -1144, -0.23,    4821,  0.98
 549,36.00,    3824,  0.39,   -1402, -0.29,    5226,  1.06
 550,37.00,    3350,  0.34,   -1869, -0.38,    5219,  1.06
 551,38.00,    3063,  0.31,   -2030, -0.41,    5093,  1.04
 552,39.00,    2720,  0.28,   -2136, -0.43,    4856,  0.99
 553,40.00,    2451,  0.25,   -2674, -0.54,    5125,  1.04
 554,41.00,    2075,  0.21,   -3314, -0.67,    5389,  1.10
 555,42.00,    1664,  0.17,   -3719, -0.76,    5383,  1.10
 556,43.00,    1394,  0.14,   -4006, -0.82,    5400,  1.10
 557,44.00,    1666,  0.17,   -3867, -0.79,    5533,  1.13
 558,45.00,    2476,  0.25,   -3702, -0.75,    6178,  1.26
 559,46.00,    3031,  0.31,   -3538, -0.72,    6569,  1.34
 560,47.00,    3717,  0.38,   -3036, -0.62,    6753,  1.37
 561,48.00,    4775,  0.49,   -2654, -0.54,    7429,  1.51
 562,49.00,    4655,  0.47,   -3031, -0.62,    7686,  1.56
 563,50.00,    5312,  0.54,   -2537, -0.52,    7849,  1.60
 564,51.00,    6065,  0.62,   -1828, -0.37,    7893,  1.61
 565,52.00,    6895,  0.70,   -1020, -0.21,    7915,  1.61
 566,53.00,    7160,  0.73,    -114, -0.02,    7274,  1.48
 567,54.00,    7078,  0.72,     570,  0.12,    6508,  1.32
 568,55.00,    6828,  0.69,     807,  0.16,    6021,  1.23
 569,56.00,    6383,  0.65,     808,  0.16,    5575,  1.13
 570,57.00,    6402,  0.65,    1057,  0.22,    5345,  1.09
 571,58.00,    5673,  0.58,    1143,  0.23,    4530,  0.92
 572,59.00,    4497,  0.46,    1422,  0.29,    3075,  0.63
 573,60.00,    3991,  0.41,    1894,  0.39,    2097,  0.43
 574,61.00,    3681,  0.37,    2073,  0.42,    1608,  0.33
 575,62.00,    3309,  0.34,    2458,  0.50,     851,  0.17
 576,63.00,    3337,  0.34,    3590,  0.73,    -253, -0.05
 577,64.00,    3104,  0.32,    4113,  0.84,   -1009, -0.21
 578,65.00,    3053,  0.31,    4322,  0.88,   -1269, -0.26
 579,66.00,    2651,  0.27,    4041,  0.82,   -1390, -0.28
 580,67.00,    2122,  0.22,    3964,  0.81,   -1842, -0.37
 581,68.00,    1602,  0.16,    4216,  0.86,   -2614, -0.53
 582,69.00,     840,  0.09,    4703,  0.96,   -3863, -0.79
 583,70.00,     126,  0.01,    4539,  0.92,   -4413, -0.90
 584,71.00,    -129, -0.01,    3887,  0.79,   -4016, -0.82
 585,72.00,     122,  0.01,    3563,  0.72,   -3441, -0.70
 586,73.00,    -103, -0.01,    3710,  0.75,   -3813, -0.78
 587,74.00,    -441, -0.04,    3967,  0.81,   -4408, -0.90
 588,75.00,    -785, -0.08,    4017,  0.82,   -4802, -0.98
 589,76.00,   -1338, -0.14,    3754,  0.76,   -5092, -1.04
 590,77.00,   -1864, -0.19,    3215,  0.65,   -5079, -1.03
 591,78.00,   -2400, -0.24,    2914,  0.59,   -5314, -1.08
 592,79.00,   -3199, -0.33,    2546,  0.52,   -5745, -1.17
 593,80.00,   -3884, -0.40,    1924,  0.39,   -5808, -1.18
 594,81.00,   -4801, -0.49,    1241,  0.25,   -6042, -1.23
 595,82.00,   -6001, -0.61,     611,  0.12,   -6612, -1.35
 596,83.00,   -7114, -0.72,     106,  0.02,   -7220, -1.47
 597,84.00,   -8320, -0.85,    -500, -0.10,   -7820, -1.59
 598,85.00,   -9259, -0.94,    -854, -0.17,   -8405, -1.71
 599,86.00,   -9333, -0.95,    -316, -0.06,   -9017, -1.83
 600,87.00,  -10089, -1.03,    -714, -0.15,   -9375, -1.91
 601,88.00,  -10240, -1.04,    -819, -0.17,   -9421, -1.92
 602,89.00,  -10033, -1.02,    -762, -0.16,   -9271, -1.89
 603,90.00,   -9529, -0.97,    -570, -0.12,   -8959, -1.82
 604,91.00,   -9880, -1.01,    -740, -0.15,   -9140, -1.86
 605,92.00,  -11463, -1.17,   -1233, -0.25,  -10230, -2.08
 606,93.00,  -12996, -1.32,   -1840, -0.37,  -11156, -2.27
 607,94.00,  -13600, -1.38,   -1864, -0.38,  -11736, -2.39
 608,95.00,  -13280, -1.35,   -1749, -0.36,  -11531, -2.35
 609,96.00,  -13584, -1.38,   -2093, -0.43,  -11491, -2.34
 610,97.00,  -13723, -1.40,   -2321, -0.47,  -11402, -2.32
 611,98.00,  -13336, -1.36,   -2478, -0.50,  -10858, -2.21
 612,99.00,  -13762, -1.40,   -2491, -0.51,  -11271, -2.29
 613,100.00,  -14779, -1.50,   -2779, -0.57,  -12000, -2.44
 614,101.00,  -15637, -1.59,   -3338, -0.68,  -12299, -2.50
 615,102.00,  -16149, -1.64,   -4038, -0.82,  -12111, -2.46
 616,103.00,  -16280, -1.66,   -4579, -0.93,  -11701, -2.38
 617,104.00,  -15851, -1.61,   -4563, -0.93,  -11288, -2.30
 618,105.00,  -14780, -1.50,   -4694, -0.96,  -10086, -2.05
 619,106.00,  -14203, -1.44,   -4730, -0.96,   -9473, -1.93
 620,107.00,  -13371, -1.36,   -4357, -0.89,   -9014, -1.83
 621,108.00,  -12271, -1.25,   -3771, -0.77,   -8500, -1.73
 622,109.00,  -10636, -1.08,   -3202, -0.65,   -7434, -1.51
 623,110.00,   -9393, -0.96,   -2795, -0.57,   -6598, -1.34
 624,111.00,   -8193, -0.83,   -2425, -0.49,   -5768, -1.17
 625,112.00,   -6576, -0.67,   -1626, -0.33,   -4950, -1.01
 626,113.00,   -4925, -0.50,   -1013, -0.21,   -3912, -0.80
 627,114.00,   -3674, -0.37,    -601, -0.12,   -3073, -0.63
 628,115.00,   -2019, -0.21,     190,  0.04,   -2209, -0.45
 629,116.00,    -438, -0.04,    1001,  0.20,   -1439, -0.29
 630,117.00,     678,  0.07,    1728,  0.35,   -1050, -0.21
 631,118.00,    1684,  0.17,    1986,  0.40,    -302, -0.06
 632,119.00,    2469,  0.25,    1947,  0.40,     522,  0.11
 633,120.00,    3172,  0.32,    2568,  0.52,     604,  0.12
 634,121.00,    3262,  0.33,    2876,  0.59,     386,  0.08
 635,122.00,    3257,  0.33,    2408,  0.49,     849,  0.17
 636,123.00,    3835,  0.39,    2858,  0.58,     977,  0.20
 637,124.00,    4342,  0.44,    3460,  0.70,     882,  0.18
 638,125.00,    5389,  0.55,    3872,  0.79,    1517,  0.31
 639,126.00,    5903,  0.60,    4247,  0.86,    1656,  0.34
 640,127.00,    5733,  0.58,    4559,  0.93,    1174,  0.24
 641,128.00,    5520,  0.56,    4287,  0.87,    1233,  0.25
 642,129.00,    5736,  0.58,    3961,  0.81,    1775,  0.36
 643,130.00,    5702,  0.58,    3659,  0.74,    2043,  0.42
 644,131.00,    5750,  0.58,    3609,  0.73,    2141,  0.44
 645,132.00,    5539,  0.56,    3445,  0.70,    2094,  0.43
 646,133.00,    4947,  0.50,    2987,  0.61,    1960,  0.40
 647,134.00,    4150,  0.42,    2313,  0.47,    1837,  0.37
 648,135.00,    4255,  0.43,    2411,  0.49,    1844,  0.38
 649,136.00,    4542,  0.46,    2488,  0.51,    2054,  0.42
 650,137.00,    4314,  0.44,    2106,  0.43,    2208,  0.45
 651,138.00,    3230,  0.33,    1682,  0.34,    1548,  0.31
 652,139.00,    1735,  0.18,    1340,  0.27,     395,  0.08
 653,140.00,     488,  0.05,     803,  0.16,    -315, -0.06
 654,141.00,    -896, -0.09,    -152, -0.03,    -744, -0.15
 655,142.00,   -2209, -0.22,   -1044, -0.21,   -1165, -0.24
 656,143.00,   -2099, -0.21,   -1524, -0.31,    -575, -0.12
 657,144.00,   -1181, -0.12,    -972, -0.20,    -209, -0.04
 658,145.00,    -826, -0.08,    -179, -0.04,    -647, -0.13
 659,146.00,    -639, -0.07,     413,  0.08,   -1052, -0.21
 660,147.00,   -1610, -0.16,     -33, -0.00,   -1577, -0.32
 661,148.00,   -3069, -0.31,    -523, -0.11,   -2546, -0.52
 662,149.00,   -4048, -0.41,    -813, -0.17,   -3235, -0.66
 663,150.00,   -4864, -0.49,    -892, -0.18,   -3972, -0.81
 664,151.00,   -4682, -0.48,    -707, -0.14,   -3975, -0.81
 665,152.00,   -4377, -0.45,    -275, -0.06,   -4102, -0.83
 666,153.00,   -4026, -0.41,     261,  0.05,   -4287, -0.87
 667,154.00,   -3353, -0.34,     488,  0.10,   -3841, -0.78
 668,155.00,   -2979, -0.30,     371,  0.08,   -3350, -0.68
 669,156.00,   -2526, -0.26,     557,  0.11,   -3083, -0.63
 670,157.00,   -2311, -0.24,     914,  0.19,   -3225, -0.66
 671,158.00,   -1999, -0.20,     785,  0.16,   -2784, -0.57
 672,159.00,   -1833, -0.19,     814,  0.17,   -2647, -0.54
 673,160.00,   -1897, -0.19,     704,  0.14,   -2601, -0.53
 674,161.00,   -1801, -0.18,     478,  0.10,   -2279, -0.46
 675,162.00,    -775, -0.08,     854,  0.17,   -1629, -0.33
 676,163.00,      94,  0.00,    1319,  0.27,   -1225, -0.25
 677,164.00,    1379,  0.14,    2038,  0.41,    -659, -0.13
 678,165.00,    2665,  0.27,    2556,  0.52,     109,  0.02
 679,166.00,    3455,  0.35,    2907,  0.59,     548,  0.11
 680,167.00,    3444,  0.35,    3073,  0.63,     371,  0.08
 681,168.00,    3762,  0.38,    3161,  0.64,     601,  0.12
 682,169.00,    4157,  0.42,    3059,  0.62,    1098,  0.22
 683,170.00,    4520,  0.46,    3401,  0.69,    1119,  0.23
 684,171.00,    5293,  0.54,    4002,  0.81,    1291,  0.26
 685,172.00,    5508,  0.56,    3924,  0.80,    1584,  0.32
 686,173.00,    5163,  0.53,    3318,  0.68,    1845,  0.38
 687,174.00,    4353,  0.44,    2586,  0.53,    1767,  0.36
 688,175.00,    3140,  0.32,    1810,  0.37,    1330,  0.27
 689,176.00,    1942,  0.20,     941,  0.19,    1001,  0.20
 690,177.00,     861,  0.09,     506,  0.10,     355,  0.07
 691,178.00,     444,  0.05,     592,  0.12,    -148, -0.03
 692,179.00,     164,  0.02,     760,  0.15,    -596, -0.12
 693,180.00,    -177, -0.02,     827,  0.17,   -1004, -0.20
 694,181.00,    -820, -0.08,     461,  0.09,   -1281, -0.26
 695,182.00,   -1337, -0.14,    -166, -0.03,   -1171, -0.24
 696,183.00,   -2093, -0.21,    -902, -0.18,   -1191, -0.24
 697,184.00,   -3043, -0.31,   -1588, -0.32,   -1455, -0.30
 698,185.00,   -4120, -0.42,   -2092, -0.43,   -2028, -0.41
 699,186.00,   -4815, -0.49,   -2094, -0.43,   -2721, -0.55
 700,187.00,   -4970, -0.51,   -1950, -0.40,   -3020, -0.61
 701,188.00,   -5515, -0.56,   -1978, -0.40,   -3537, -0.72
 702,189.00,   -5923, -0.60,   -1946, -0.40,   -3977, -0.81
 703,190.00,   -6772, -0.69,   -2144, -0.44,   -4628, -0.94
 704,191.00,   -7826, -0.80,   -2005, -0.41,   -5821, -1.18
 705,192.00,   -8492, -0.86,   -1765, -0.36,   -6727, -1.37
 706,193.00,   -9155, -0.93,   -1992, -0.41,   -7163, -1.46
 707,194.00,   -9928, -1.01,   -2340, -0.48,   -7588, -1.54
 708,195.00,  -10992, -1.12,   -2966, -0.60,   -8026, -1.63
 709,196.00,  -11728, -1.19,   -3642, -0.74,   -8086, -1.65
 710,197.00,  -11941, -1.21,   -3685, -0.75,   -8256, -1.68
 711,198.00,  -12354, -1.26,   -3682, -0.75,   -8672, -1.76
 712,199.00,  -13018, -1.32,   -3537, -0.72,   -9481, -1.93
 713,200.00,  -13918, -1.42,   -3653, -0.74,  -10265, -2.09
 714,201.00,  -14576, -1.48,   -3883, -0.79,  -10693, -2.18
 715,202.00,  -15086, -1.53,   -3926, -0.80,  -11160, -2.27
 716,203.00,  -15894, -1.62,   -4021, -0.82,  -11873, -2.42
 717,204.00,  -15998, -1.63,   -3727, -0.76,  -12271, -2.50
 718,205.00,  -16026, -1.63,   -4137, -0.84,  -11889, -2.42
 719,206.00,  -16007, -1.63,   -4419, -0.90,  -11588, -2.36
 720,207.00,  -16595, -1.69,   -4625, -0.94,  -11970, -2.44
 721,208.00,  -16564, -1.69,   -4093, -0.83,  -12471, -2.54
 722,209.00,  -15907, -1.62,   -3333, -0.68,  -12574, -2.56
 723,210.00,  -15292, -1.56,   -2524, -0.51,  -12768, -2.60
 724,211.00,  -15551, -1.58,   -2439, -0.50,  -13112, -2.67
 725,212.00,  -15938, -1.62,   -2679, -0.55,  -13259, -2.70
 726,213.00,  -15479, -1.57,   -2546, -0.52,  -12933, -2.63
 727,214.00,  -14658, -1.49,   -2412, -0.49,  -12246, -2.49
 728,215.00,  -14536, -1.48,   -2029, -0.41,  -12507, -2.54
 729,216.00,  -14242, -1.45,   -1604, -0.33,  -12638, -2.57
 730,217.00,  -14490, -1.47,   -2257, -0.46,  -12233, -2.49
 731,218.00,  -15028, -1.53,   -3147, -0.64,  -11881, -2.42
 732,219.00,  -15264, -1.55,   -3576, -0.73,  -11688, -2.38
 733,220.00,  -14995, -1.53,   -3874, -0.79,  -11121, -2.26
 734,221.00,  -14452, -1.47,   -4330, -0.88,  -10122, -2.06
 735,222.00,  -14867, -1.51,   -5342, -1.09,   -9525, -1.94
 736,223.00,  -15647, -1.59,   -6349, -1.29,   -9298, -1.89
 737,224.00,  -15731, -1.60,   -6673, -1.36,   -9058, -1.84
 738,225.00,  -15615, -1.59,   -6670, -1.36,   -8945, -1.82
 739,226.00,  -15539, -1.58,   -6848, -1.39,   -8691, -1.77
 740,227.00,  -15275, -1.55,   -7269, -1.48,   -8006, -1.63
 741,228.00,  -15501, -1.58,   -8411, -1.71,   -7090, -1.44
 742,229.00,  -16340, -1.66,   -9831, -2.00,   -6509, -1.32
 743,230.00,  -16678, -1.70,  -10382, -2.11,   -6296, -1.28
 744,231.00,  -17266, -1.76,  -11077, -2.25,   -6189, -1.26
 745,232.00,  -18350, -1.87,  -12091, -2.46,   -6259, -1.27
 746,233.00,  -19043, -1.94,  -12651, -2.57,   -6392, -1.30
 747,234.00,  -19470, -1.98,  -13069, -2.66,   -6401, -1.30
 748,235.00,  -20048, -2.04,  -13424, -2.73,   -6624, -1.35
 749,236.00,  -20333, -2.07,  -13711, -2.79,   -6622, -1.35
 750,237.00,  -20775, -2.11,  -14200, -2.89,   -6575, -1.34
 751,238.00,  -20792, -2.12,  -14385, -2.93,   -6407, -1.30
 752,239.00,  -20574, -2.09,  -14482, -2.95,   -6092, -1.24
 753,240.00,  -21206, -2.16,  -15138, -3.08,   -6068, -1.23
 754,241.00,  -21783, -2.22,  -15478, -3.15,   -6305, -1.28
 755,242.00,  -21465, -2.18,  -15344, -3.12,   -6121, -1.25
 756,243.00,  -21673, -2.20,  -15616, -3.18,   -6057, -1.23
 757,244.00,  -21956, -2.23,  -15634, -3.18,   -6322, -1.29
 758,245.00,  -21648, -2.20,  -15195, -3.09,   -6453, -1.31
 759,246.00,  -21631, -2.20,  -15030, -3.06,   -6601, -1.34
 760,247.00,  -21285, -2.17,  -14857, -3.02,   -6428, -1.31
 761,248.00,  -20941, -2.13,  -14553, -2.96,   -6388, -1.30
 762,249.00,  -20044, -2.04,  -13834, -2.81,   -6210, -1.26
 763,250.00,  -19057, -1.94,  -13258, -2.70,   -5799, -1.18
 764,251.00,  -18385, -1.87,  -13147, -2.67,   -5238, -1.07
 765,252.00,  -17448, -1.77,  -12463, -2.54,   -4985, -1.01
 766,253.00,  -17297, -1.76,  -12083, -2.46,   -5214, -1.06
 767,254.00,  -16894, -1.72,  -11977, -2.44,   -4917, -1.00
 768,255.00,  -15649, -1.59,  -11425, -2.32,   -4224, -0.86
 769,256.00,  -15079, -1.53,  -10996, -2.24,   -4083, -0.83
 770,257.00,  -15113, -1.54,  -10920, -2.22,   -4193, -0.85
 771,258.00,  -16122, -1.64,  -10767, -2.19,   -5355, -1.09
 772,259.00,  -15858, -1.61,  -10196, -2.07,   -5662, -1.15
 773,260.00,  -15334, -1.56,   -9706, -1.97,   -5628, -1.15
 774,261.00,  -14771, -1.50,   -8947, -1.82,   -5824, -1.18
 775,262.00,  -12885, -1.31,   -8100, -1.65,   -4785, -0.97
 776,263.00,  -10801, -1.10,   -6998, -1.42,   -3803, -0.77
 777,264.00,   -9554, -0.97,   -5942, -1.21,   -3612, -0.73
 778,265.00,   -9057, -0.92,   -4888, -0.99,   -4169, -0.85
 779,266.00,   -9072, -0.92,   -4334, -0.88,   -4738, -0.96
 780,267.00,   -8346, -0.85,   -3421, -0.70,   -4925, -1.00
 781,268.00,   -7613, -0.77,   -1899, -0.39,   -5714, -1.16
 782,269.00,   -5919, -0.60,    -292, -0.06,   -5627, -1.14
 783,270.00,   -4138, -0.42,     821,  0.17,   -4959, -1.01
 784,271.00,   -3412, -0.35,    1150,  0.23,   -4562, -0.93
 785,272.00,   -3195, -0.33,    1144,  0.23,   -4339, -0.88
 786,273.00,   -3292, -0.33,     762,  0.16,   -4054, -0.82
 787,274.00,   -2964, -0.30,    1285,  0.26,   -4249, -0.86
 788,275.00,   -2889, -0.29,    1784,  0.36,   -4673, -0.95
 789,276.00,   -2683, -0.27,    2160,  0.44,   -4843, -0.99
 790,277.00,   -2702, -0.27,    2389,  0.49,   -5091, -1.04
 791,278.00,   -2895, -0.29,    2427,  0.49,   -5322, -1.08
 792,279.00,   -2792, -0.28,    2645,  0.54,   -5437, -1.11
 793,280.00,   -2999, -0.31,    3075,  0.63,   -6074, -1.24
 794,281.00,   -2896, -0.29,    3505,  0.71,   -6401, -1.30
 795,282.00,   -2867, -0.29,    3695,  0.75,   -6562, -1.34
 796,283.00,   -3062, -0.31,    3770,  0.77,   -6832, -1.39
 797,284.00,   -2797, -0.28,    4183,  0.85,   -6980, -1.42
 798,285.00,   -2397, -0.24,    4362,  0.89,   -6759, -1.38
 799,286.00,   -2345, -0.24,    4767,  0.97,   -7112, -1.45
 800,287.00,   -2128, -0.22,    5260,  1.07,   -7388, -1.50
 801,288.00,   -2724, -0.28,    5225,  1.06,   -7949, -1.62
 802,289.00,   -1917, -0.20,    6134,  1.25,   -8051, -1.64
 803,290.00,    -705, -0.07,    7210,  1.47,   -7915, -1.61
 804,291.00,     657,  0.07,    8330,  1.69,   -7673, -1.56
 805,292.00,    1650,  0.17,    9350,  1.90,   -7700, -1.57
 806,293.00,    2453,  0.25,   10041,  2.04,   -7588, -1.54
 807,294.00,    3415,  0.35,   10627,  2.16,   -7212, -1.47
 808,295.00,    3683,  0.37,   11000,  2.24,   -7317, -1.49
 809,296.00,    4277,  0.44,   11601,  2.36,   -7324, -1.49
 810,297.00,    4959,  0.50,   12004,  2.44,   -7045, -1.43
 811,298.00,    5980,  0.61,   12921,  2.63,   -6941, -1.41
 812,299.00,    7051,  0.72,   13564,  2.76,   -6513, -1.33
 813,300.00,    8554,  0.87,   14155,  2.88,   -5601, -1.14
 814,301.00,    9296,  0.95,   14360,  2.92,   -5064, -1.03
 815,302.00,    9331,  0.95,   14550,  2.96,   -5219, -1.06
 816,303.00,    9470,  0.96,   15343,  3.12,   -5873, -1.19
 817,304.00,   10633,  1.08,   16550,  3.37,   -5917, -1.20
 818,305.00,   12210,  1.24,   17713,  3.60,   -5503, -1.12
 819,306.00,   12834,  1.31,   18160,  3.69,   -5326, -1.08
 820,307.00,   13555,  1.38,   18577,  3.78,   -5022, -1.02
 821,308.00,   14437,  1.47,   18935,  3.85,   -4498, -0.92
 822,309.00,   15518,  1.58,   19566,  3.98,   -4048, -0.82
 823,310.00,   16527,  1.68,   20130,  4.10,   -3603, -0.73
 824,311.00,   17454,  1.78,   20570,  4.19,   -3116, -0.63
 825,312.00,   18085,  1.84,   20786,  4.23,   -2701, -0.55
 826,313.00,   18483,  1.88,   20854,  4.24,   -2371, -0.48
 827,314.00,   19500,  1.98,   21333,  4.34,   -1833, -0.37
 828,315.00,   20085,  2.04,   21935,  4.46,   -1850, -0.38
 829,316.00,   21298,  2.17,   22077,  4.49,    -779, -0.16
 830,317.00,   22237,  2.26,   21885,  4.45,     352,  0.07
 831,318.00,   22381,  2.28,   21504,  4.38,     877,  0.18
 832,319.00,   23323,  2.37,   21651,  4.41,    1672,  0.34
 833,320.00,   24575,  2.50,   22187,  4.51,    2388,  0.49
 834,321.00,   24246,  2.47,   22006,  4.48,    2240,  0.46
 835,322.00,   24336,  2.48,   21719,  4.42,    2617,  0.53
 836,323.00,   24661,  2.51,   21399,  4.35,    3262,  0.66
 837,324.00,   25518,  2.60,   21222,  4.32,    4296,  0.87
 838,325.00,   26612,  2.71,   20884,  4.25,    5728,  1.17
 839,326.00,   28038,  2.85,   21022,  4.28,    7016,  1.43
 840,327.00,   29672,  3.02,   21546,  4.38,    8126,  1.65
 841,328.00,   30345,  3.09,   21365,  4.35,    8980,  1.83
 842,329.00,   30593,  3.11,   20900,  4.25,    9693,  1.97
 843,330.00,   30983,  3.15,   20985,  4.27,    9998,  2.03
 844,331.00,   30657,  3.12,   20369,  4.14,   10288,  2.09
 845,332.00,   31129,  3.17,   19955,  4.06,   11174,  2.27
 846,333.00,   32151,  3.27,   19443,  3.96,   12708,  2.59
 847,334.00,   32482,  3.30,   18876,  3.84,   13606,  2.77
 848,335.00,   32438,  3.30,   18008,  3.66,   14430,  2.94
 849,336.00,   32768,  3.33,   17947,  3.65,   14821,  3.02
 850,337.00,   32552,  3.31,   17638,  3.59,   14914,  3.03
 851,338.00,   31595,  3.21,   16766,  3.41,   14829,  3.02
 852,339.00,   31409,  3.20,   16031,  3.26,   15378,  3.13
 853,340.00,   32231,  3.28,   15853,  3.23,   16378,  3.33
 854,341.00,   32677,  3.32,   15572,  3.17,   17105,  3.48
 855,342.00,   33641,  3.42,   15893,  3.23,   17748,  3.61
 856,343.00,   33891,  3.45,   15692,  3.19,   18199,  3.70
 857,344.00,   33855,  3.44,   15146,  3.08,   18709,  3.81
 858,345.00,   33512,  3.41,   14736,  3.00,   18776,  3.82
 859,346.00,   32547,  3.31,   14054,  2.86,   18493,  3.76
 860,347.00,   32742,  3.33,   14150,  2.88,   18592,  3.78
 861,348.00,   33517,  3.41,   14487,  2.95,   19030,  3.87
 862,349.00,   34150,  3.47,   14313,  2.91,   19837,  4.04
 863,350.00,   35039,  3.56,   14560,  2.96,   20479,  4.17
 864,351.00,   35714,  3.63,   14584,  2.97,   21130,  4.30
 865,352.00,   36046,  3.67,   14069,  2.86,   21977,  4.47
 866,353.00,   35949,  3.66,   13254,  2.70,   22695,  4.62
 867,354.00,   35749,  3.64,   12446,  2.53,   23303,  4.74
 868,355.00,   35655,  3.63,   12175,  2.48,   23480,  4.78
 869,356.00,   35460,  3.61,   12297,  2.50,   23163,  4.71
 870,357.00,   35294,  3.59,   12231,  2.49,   23063,  4.69
 871,358.00,   35164,  3.58,   11609,  2.36,   23555,  4.79
 872,359.00,   35185,  3.58,   10840,  2.21,   24345,  4.95
 873,360.00,   35220,  3.58,   10443,  2.12,   24777,  5.04
 874,361.00,   35131,  3.57,    9706,  1.97,   25425,  5.17
 875,362.00,   34471,  3.51,    9158,  1.86,   25313,  5.15
 876,363.00,   33610,  3.42,    8115,  1.65,   25495,  5.19
 877,364.00,   33209,  3.38,    7576,  1.54,   25633,  5.22
 878,365.00,   32854,  3.34,    7580,  1.54,   25274,  5.14
 879,366.00,   32654,  3.32,    7469,  1.52,   25185,  5.12
 880,367.00,   32026,  3.26,    7353,  1.50,   24673,  5.02
 881,368.00,   31897,  3.24,    7971,  1.62,   23926,  4.87
 882,369.00,   31666,  3.22,    7939,  1.62,   23727,  4.83
 883,370.00,   30844,  3.14,    7615,  1.55,   23229,  4.73
 884,371.00,   30685,  3.12,    7509,  1.53,   23176,  4.72
 885,372.00,   30511,  3.10,    7600,  1.55,   22911,  4.66
 886,373.00,   30337,  3.09,    7847,  1.60,   22490,  4.58
 887,374.00,   30298,  3.08,    8370,  1.70,   21928,  4.46
 888,375.00,   30018,  3.05,    9204,  1.87,   20814,  4.23
 889,376.00,   29570,  3.01,    9722,  1.98,   19848,  4.04
 890,377.00,   28012,  2.85,    9410,  1.91,   18602,  3.78
 891,378.00,   27383,  2.79,    9283,  1.89,   18100,  3.68
 892,379.00,   27897,  2.84,   10088,  2.05,   17809,  3.62
 893,380.00,   27638,  2.81,   10375,  2.11,   17263,  3.51
 894,381.00,   26421,  2.69,   10088,  2.05,   16333,  3.32
 895,382.00,   25106,  2.55,    9801,  1.99,   15305,  3.11
 896,383.00,   24551,  2.50,    9879,  2.01,   14672,  2.99
 897,384.00,   24543,  2.50,    9951,  2.02,   14592,  2.97
 898,385.00,   25213,  2.56,   10046,  2.04,   15167,  3.09
 899,386.00,   25005,  2.54,    9662,  1.97,   15343,  3.12
 900,387.00,   23645,  2.41,    9071,  1.85,   14574,  2.97
 901,388.00,   22377,  2.28,    8363,  1.70,   14014,  2.85
 902,389.00,   21561,  2.19,    8028,  1.63,   13533,  2.75
 903,390.00,   21068,  2.14,    7565,  1.54,   13503,  2.75
 904,391.00,   19613,  2.00,    6621,  1.35,   12992,  2.64
 905,392.00,   17823,  1.81,    5356,  1.09,   12467,  2.54
 906,393.00,   15442,  1.57,    3996,  0.81,   11446,  2.33
 907,394.00,   14105,  1.43,    3149,  0.64,   10956,  2.23
 908,395.00,   13608,  1.38,    2994,  0.61,   10614,  2.16
 909,396.00,   12940,  1.32,    3150,  0.64,    9790,  1.99
 910,397.00,   11591,  1.18,    2224,  0.45,    9367,  1.91
 911,398.00,    9924,  1.01,     471,  0.10,    9453,  1.92
 912,399.00,    8792,  0.89,    -767, -0.16,    9559,  1.94
 913,400.00,    8090,  0.82,   -1451, -0.30,    9541,  1.94
 914,401.00,    7736,  0.79,   -1531, -0.31,    9267,  1.89
 915,402.00,    6685,  0.68,   -2018, -0.41,    8703,  1.77
 916,403.00,    5539,  0.56,   -2610, -0.53,    8149,  1.66
 917,404.00,    4781,  0.49,   -2724, -0.55,    7505,  1.53
 918,405.00,    3737,  0.38,   -3219, -0.65,    6956,  1.42
 919,406.00,    2556,  0.26,   -3829, -0.78,    6385,  1.30
 920,407.00,    1962,  0.20,   -4064, -0.83,    6026,  1.23
 921,408.00,    1273,  0.13,   -4702, -0.96,    5975,  1.22
 922,409.00,    1212,  0.12,   -4590, -0.93,    5802,  1.18
 923,410.00,    1426,  0.15,   -4561, -0.93,    5987,  1.22
 924,411.00,    1755,  0.18,   -5176, -1.05,    6931,  1.41
 925,412.00,    2178,  0.22,   -5465, -1.11,    7643,  1.56
 926,413.00,    2729,  0.28,   -5600, -1.14,    8329,  1.69
 927,414.00,    3047,  0.31,   -5411, -1.10,    8458,  1.72
 928,415.00,    2582,  0.26,   -5275, -1.07,    7857,  1.60
 929,416.00,    2433,  0.25,   -5354, -1.09,    7787,  1.58
 930,417.00,    2252,  0.23,   -5808, -1.18,    8060,  1.64
 931,418.00,    2666,  0.27,   -5511, -1.12,    8177,  1.66
 932,419.00,    3417,  0.35,   -5072, -1.03,    8489,  1.73
 933,420.00,    3334,  0.34,   -5477, -1.11,    8811,  1.79
 934,421.00,    3188,  0.32,   -5719, -1.16,    8907,  1.81
 935,422.00,    3622,  0.37,   -5533, -1.13,    9155,  1.86
 936,423.00,    3902,  0.40,   -5430, -1.10,    9332,  1.90
 937,424.00,    4368,  0.44,   -4990, -1.02,    9358,  1.90
 938,425.00,    5149,  0.52,   -4047, -0.82,    9196,  1.87
 939,426.00,    5714,  0.58,   -3048, -0.62,    8762,  1.78
 940,427.00,    5139,  0.52,   -2758, -0.56,    7897,  1.61
 941,428.00,    4629,  0.47,   -3037, -0.62,    7666,  1.56
 942,429.00,    3947,  0.40,   -3243, -0.66,    7190,  1.46
 943,430.00,    3415,  0.35,   -2930, -0.60,    6345,  1.29
 944,431.00,    3624,  0.37,   -2456, -0.50,    6080,  1.24
 945,432.00,    3442,  0.35,   -2088, -0.42,    5530,  1.13
 946,433.00,    3629,  0.37,   -1623, -0.33,    5252,  1.07
 947,434.00,    4212,  0.43,   -1418, -0.29,    5630,  1.15
 948,435.00,    3941,  0.40,   -1898, -0.39,    5839,  1.19
 949,436.00,    3181,  0.32,   -2720, -0.55,    5901,  1.20
 950,437.00,    3454,  0.35,   -2969, -0.60,    6423,  1.31
 951,438.00,    4324,  0.44,   -2924, -0.59,    7248,  1.47
 952,439.00,    5231,  0.53,   -2772, -0.56,    8003,  1.63
 953,440.00,    6041,  0.61,   -2921, -0.59,    8962,  1.82
 954,441.00,    6644,  0.68,   -2985, -0.61,    9629,  1.96
 955,442.00,    6799,  0.69,   -2970, -0.60,    9769,  1.99
 956,443.00,    7069,  0.72,   -3317, -0.67,   10386,  2.11
 957,444.00,    8655,  0.88,   -3020, -0.61,   11675,  2.38
 958,445.00,    9386,  0.95,   -2603, -0.53,   11989,  2.44
 959,446.00,   10256,  1.04,   -2376, -0.48,   12632,  2.57
 960,447.00,   10579,  1.08,   -2740, -0.56,   13319,  2.71
 961,448.00,   11424,  1.16,   -2531, -0.51,   13955,  2.84
 962,449.00,   13058,  1.33,   -1856, -0.38,   14914,  3.03
 963,450.00,   14195,  1.44,   -1653, -0.34,   15848,  3.22
 964,451.00,   14609,  1.49,   -1807, -0.37,   16416,  3.34
 965,452.00,   14887,  1.51,   -1708, -0.35,   16595,  3.38
 966,453.00,   15213,  1.55,   -1661, -0.34,   16874,  3.43
 967,454.00,   16175,  1.65,   -1097, -0.22,   17272,  3.51
 968,455.00,   16531,  1.68,    -519, -0.11,   17050,  3.47
 969,456.00,   16312,  1.66,   -1233, -0.25,   17545,  3.57
 970,457.00,   16279,  1.66,   -1626, -0.33,   17905,  3.64
 971,458.00,   17790,  1.81,    -498, -0.10,   18288,  3.72
 972,459.00,   18552,  1.89,     279,  0.06,   18273,  3.72
 973,460.00,   19078,  1.94,     362,  0.07,   18716,  3.81
 974,461.00,   20264,  2.06,     908,  0.18,   19356,  3.94
 975,462.00,   21646,  2.20,    1920,  0.39,   19726,  4.01
 976,463.00,   21873,  2.23,    1939,  0.39,   19934,  4.06
 977,464.00,   22021,  2.24,    1644,  0.33,   20377,  4.15
 978,465.00,   21782,  2.22,    1002,  0.20,   20780,  4.23
 979,466.00,   21911,  2.23,     682,  0.14,   21229,  4.32
 980,467.00,   23478,  2.39,    1761,  0.36,   21717,  4.42
 981,468.00,   24651,  2.51,    2928,  0.60,   21723,  4.42
 982,469.00,   25439,  2.59,    3655,  0.74,   21784,  4.43
 983,470.00,   26618,  2.71,    4634,  0.94,   21984,  4.47
 984,471.00,   27864,  2.83,    5742,  1.17,   22122,  4.50
 985,472.00,   29735,  3.02,    7025,  1.43,   22710,  4.62
 986,473.00,   30943,  3.15,    8249,  1.68,   22694,  4.62
 987,474.00,   30963,  3.15,    8888,  1.81,   22075,  4.49
 988,475.00,   30802,  3.13,    9040,  1.84,   21762,  4.43
 989,476.00,   30225,  3.07,    8731,  1.78,   21494,  4.37
 990,477.00,   29849,  3.04,    8698,  1.77,   21151,  4.30
 991,478.00,   29460,  3.00,    8984,  1.83,   20476,  4.17
 992,479.00,   29089,  2.96,    9694,  1.97,   19395,  3.95
 993,480.00,   28766,  2.93,    9952,  2.02,   18814,  3.83
 994,481.00,   28169,  2.87,   10012,  2.04,   18157,  3.69
 995,482.00,   27219,  2.77,    9890,  2.01,   17329,  3.53
 996,483.00,   27024,  2.75,   10203,  2.08,   16821,  3.42
 997,484.00,   27508,  2.80,   10990,  2.24,   16518,  3.36
 998,485.00,   27022,  2.75,   11331,  2.31,   15691,  3.19
 999,486.00,   25864,  2.63,   11212,  2.28,   14652,  2.98
1000,487.00,   24229,  2.46,   10611,  2.16,   13618,  2.77
1001,488.00,   23155,  2.36,   10155,  2.07,   13000,  2.64
1002,489.00,   21688,  2.21,    9879,  2.01,   11809,  2.40
1003,490.00,   19935,  2.03,    9568,  1.95,   10367,  2.11
1004,491.00,   18303,  1.86,    9350,  1.90,    8953,  1.82
1005,492.00,   18008,  1.83,    9595,  1.95,    8413,  1.71
1006,493.00,   18100,  1.84,   10091,  2.05,    8009,  1.63
1007,494.00,   18887,  1.92,   10669,  2.17,    8218,  1.67
1008,495.00,   19337,  1.97,   11070,  2.25,    8267,  1.68
1009,496.00,   18284,  1.86,   10771,  2.19,    7513,  1.53
1010,497.00,   17646,  1.80,   10473,  2.13,    7173,  1.46
1011,498.00,   17692,  1.80,   10436,  2.12,    7256,  1.48
1012,499.00,   16543,  1.68,   10073,  2.05,    6470,  1.32
1013,500.00,   15889,  1.62,    9947,  2.02,    5942,  1.21
1014,501.00,   14884,  1.51,    9469,  1.93,    5415,  1.10
1015,502.00,   13716,  1.40,    9358,  1.90,    4358,  0.89
1016,503.00,   13985,  1.42,    9400,  1.91,    4585,  0.93
1017,504.00,   14328,  1.46,    9051,  1.84,    5277,  1.07
1018,505.00,   13927,  1.42,    8353,  1.70,    5574,  1.13
1019,506.00,   12184,  1.24,    7406,  1.51,    4778,  0.97
1020,507.00,   10608,  1.08,    6765,  1.38,    3843,  0.78
1021,508.00,   10600,  1.08,    6907,  1.41,    3693,  0.75
1022,509.00,   11185,  1.14,    7106,  1.45,    4079,  0.83
1023,510.00,   12497,  1.27,    7720,  1.57,    4777,  0.97
1024,511.00,   13909,  1.41,    8215,  1.67,    5694,  1.16
