-----------------------------------------------------------------------------------
Identifier:,IHS5922-20175N01
File Name:,KORP70A.3
Ear:,R
Channel:,1
Intensity:,70 dB HL
Stim. Rate:,  1.10/s
Stim. Mode:,0
Sweeps:,189
Artifacts:,64
Smp. Period:,1000.00 us
Amp. Gain:, 50.00 K
Low Pass:, 30.00 Hz
High Pass:,  1.00 Hz
Notch Filter:,TRUE
Stimulus:,100
Stim. Freq.:,1000 Hz
Stim. Dur.:,2000 pnts
Masking:,0 dB SPL
Stim. Point:,513
-----------------------------------------------------------------------------------
Peak Information:,Label,Peak(+),Peak(+)(ms),Peak(-),Peak(-)(ms)
,17, 614,101.00, 630,117.00,
,20, 735,222.00, 831,318.00,
,19, 659,146.00, 736,223.00,
,18, 630,117.00, 659,146.00,
-----------------------------------------------------------------------------------


Data Pnt:,Data Pnt(ms):,Average:,Average(uV):,Buffer1:,Buffer1(uV):,Buffer2:,Buffer2(uV):
   1,-512.00,       0,  0.00,       0,  0.00,       0,  0.00
   2,-511.00,       0,  0.00,       0,  0.00,       0,  0.00
   3,-510.00,       0,  0.00,       0,  0.00,       0,  0.00
   4,-509.00,       0,  0.00,       0,  0.00,       0,  0.00
   5,-508.00,       0,  0.00,       0,  0.00,       0,  0.00
   6,-507.00,       0,  0.00,       0,  0.00,       0,  0.00
   7,-506.00,       0,  0.00,       0,  0.00,       0,  0.00
   8,-505.00,       0,  0.00,       0,  0.00,       0,  0.00
   9,-504.00,       0,  0.00,       0,  0.00,       0,  0.00
  10,-503.00,       0,  0.00,       0,  0.00,       0,  0.00
  11,-502.00,       0,  0.00,       0,  0.00,       0,  0.00
  12,-501.00,       0,  0.00,       0,  0.00,       0,  0.00
  13,-500.00,       0,  0.00,       0,  0.00,       0,  0.00
  14,-499.00,       0,  0.00,       0,  0.00,       0,  0.00
  15,-498.00,       0,  0.00,       0,  0.00,       0,  0.00
  16,-497.00,       0,  0.00,       0,  0.00,       0,  0.00
  17,-496.00,       0,  0.00,       0,  0.00,       0,  0.00
  18,-495.00,       0,  0.00,       0,  0.00,       0,  0.00
  19,-494.00,       0,  0.00,       0,  0.00,       0,  0.00
  20,-493.00,       0,  0.00,       0,  0.00,       0,  0.00
  21,-492.00,       0,  0.00,       0,  0.00,       0,  0.00
  22,-491.00,       0,  0.00,       0,  0.00,       0,  0.00
  23,-490.00,       0,  0.00,       0,  0.00,       0,  0.00
  24,-489.00,       0,  0.00,       0,  0.00,       0,  0.00
  25,-488.00,       0,  0.00,       0,  0.00,       0,  0.00
  26,-487.00,       0,  0.00,       0,  0.00,       0,  0.00
  27,-486.00,       0,  0.00,       0,  0.00,       0,  0.00
  28,-485.00,       0,  0.00,       0,  0.00,       0,  0.00
  29,-484.00,       0,  0.00,       0,  0.00,       0,  0.00
  30,-483.00,       0,  0.00,       0,  0.00,       0,  0.00
  31,-482.00,       0,  0.00,       0,  0.00,       0,  0.00
  32,-481.00,       0,  0.00,       0,  0.00,       0,  0.00
  33,-480.00,       0,  0.00,       0,  0.00,       0,  0.00
  34,-479.00,       0,  0.00,       0,  0.00,       0,  0.00
  35,-478.00,       0,  0.00,       0,  0.00,       0,  0.00
  36,-477.00,       0,  0.00,       0,  0.00,       0,  0.00
  37,-476.00,       0,  0.00,       0,  0.00,       0,  0.00
  38,-475.00,       0,  0.00,       0,  0.00,       0,  0.00
  39,-474.00,       0,  0.00,       0,  0.00,       0,  0.00
  40,-473.00,       0,  0.00,       0,  0.00,       0,  0.00
  41,-472.00,       0,  0.00,       0,  0.00,       0,  0.00
  42,-471.00,       0,  0.00,       0,  0.00,       0,  0.00
  43,-470.00,       0,  0.00,       0,  0.00,       0,  0.00
  44,-469.00,       0,  0.00,       0,  0.00,       0,  0.00
  45,-468.00,       0,  0.00,       0,  0.00,       0,  0.00
  46,-467.00,       0,  0.00,       0,  0.00,       0,  0.00
  47,-466.00,       0,  0.00,       0,  0.00,       0,  0.00
  48,-465.00,       0,  0.00,       0,  0.00,       0,  0.00
  49,-464.00,       0,  0.00,       0,  0.00,       0,  0.00
  50,-463.00,       0,  0.00,       0,  0.00,       0,  0.00
  51,-462.00,       0,  0.00,       0,  0.00,       0,  0.00
  52,-461.00,       0,  0.00,       0,  0.00,       0,  0.00
  53,-460.00,       0,  0.00,       0,  0.00,       0,  0.00
  54,-459.00,       0,  0.00,       0,  0.00,       0,  0.00
  55,-458.00,       0,  0.00,       0,  0.00,       0,  0.00
  56,-457.00,       0,  0.00,       0,  0.00,       0,  0.00
  57,-456.00,       0,  0.00,       0,  0.00,       0,  0.00
  58,-455.00,       0,  0.00,       0,  0.00,       0,  0.00
  59,-454.00,       0,  0.00,       0,  0.00,       0,  0.00
  60,-453.00,       0,  0.00,       0,  0.00,       0,  0.00
  61,-452.00,       0,  0.00,       0,  0.00,       0,  0.00
  62,-451.00,       0,  0.00,       0,  0.00,       0,  0.00
  63,-450.00,       0,  0.00,       0,  0.00,       0,  0.00
  64,-449.00,       0,  0.00,       0,  0.00,       0,  0.00
  65,-448.00,       0,  0.00,       0,  0.00,       0,  0.00
  66,-447.00,       0,  0.00,       0,  0.00,       0,  0.00
  67,-446.00,       0,  0.00,       0,  0.00,       0,  0.00
  68,-445.00,       0,  0.00,       0,  0.00,       0,  0.00
  69,-444.00,       0,  0.00,       0,  0.00,       0,  0.00
  70,-443.00,       0,  0.00,       0,  0.00,       0,  0.00
  71,-442.00,       0,  0.00,       0,  0.00,       0,  0.00
  72,-441.00,       0,  0.00,       0,  0.00,       0,  0.00
  73,-440.00,       0,  0.00,       0,  0.00,       0,  0.00
  74,-439.00,       0,  0.00,       0,  0.00,       0,  0.00
  75,-438.00,       0,  0.00,       0,  0.00,       0,  0.00
  76,-437.00,       0,  0.00,       0,  0.00,       0,  0.00
  77,-436.00,       0,  0.00,       0,  0.00,       0,  0.00
  78,-435.00,       0,  0.00,       0,  0.00,       0,  0.00
  79,-434.00,       0,  0.00,       0,  0.00,       0,  0.00
  80,-433.00,       0,  0.00,       0,  0.00,       0,  0.00
  81,-432.00,       0,  0.00,       0,  0.00,       0,  0.00
  82,-431.00,       0,  0.00,       0,  0.00,       0,  0.00
  83,-430.00,       0,  0.00,       0,  0.00,       0,  0.00
  84,-429.00,       0,  0.00,       0,  0.00,       0,  0.00
  85,-428.00,       0,  0.00,       0,  0.00,       0,  0.00
  86,-427.00,       0,  0.00,       0,  0.00,       0,  0.00
  87,-426.00,       0,  0.00,       0,  0.00,       0,  0.00
  88,-425.00,       0,  0.00,       0,  0.00,       0,  0.00
  89,-424.00,       0,  0.00,       0,  0.00,       0,  0.00
  90,-423.00,       0,  0.00,       0,  0.00,       0,  0.00
  91,-422.00,       0,  0.00,       0,  0.00,       0,  0.00
  92,-421.00,       0,  0.00,       0,  0.00,       0,  0.00
  93,-420.00,       0,  0.00,       0,  0.00,       0,  0.00
  94,-419.00,       0,  0.00,       0,  0.00,       0,  0.00
  95,-418.00,       0,  0.00,       0,  0.00,       0,  0.00
  96,-417.00,       0,  0.00,       0,  0.00,       0,  0.00
  97,-416.00,       0,  0.00,       0,  0.00,       0,  0.00
  98,-415.00,       0,  0.00,       0,  0.00,       0,  0.00
  99,-414.00,       0,  0.00,       0,  0.00,       0,  0.00
 100,-413.00,       0,  0.00,       0,  0.00,       0,  0.00
 101,-412.00,       0,  0.00,       0,  0.00,       0,  0.00
 102,-411.00,       0,  0.00,       0,  0.00,       0,  0.00
 103,-410.00,       0,  0.00,       0,  0.00,       0,  0.00
 104,-409.00,       0,  0.00,       0,  0.00,       0,  0.00
 105,-408.00,       0,  0.00,       0,  0.00,       0,  0.00
 106,-407.00,       0,  0.00,       0,  0.00,       0,  0.00
 107,-406.00,       0,  0.00,       0,  0.00,       0,  0.00
 108,-405.00,       0,  0.00,       0,  0.00,       0,  0.00
 109,-404.00,       0,  0.00,       0,  0.00,       0,  0.00
 110,-403.00,       0,  0.00,       0,  0.00,       0,  0.00
 111,-402.00,       0,  0.00,       0,  0.00,       0,  0.00
 112,-401.00,       0,  0.00,       0,  0.00,       0,  0.00
 113,-400.00,       0,  0.00,       0,  0.00,       0,  0.00
 114,-399.00,       0,  0.00,       0,  0.00,       0,  0.00
 115,-398.00,       0,  0.00,       0,  0.00,       0,  0.00
 116,-397.00,   66381,  2.14,   31490,  2.04,   34891,  2.27
 117,-396.00,   66948,  2.16,   32332,  2.10,   34616,  2.25
 118,-395.00,   66747,  2.16,   32570,  2.11,   34177,  2.22
 119,-394.00,   67073,  2.17,   33417,  2.17,   33656,  2.19
 120,-393.00,   66696,  2.15,   33680,  2.19,   33016,  2.14
 121,-392.00,   66227,  2.14,   33656,  2.19,   32571,  2.11
 122,-391.00,   66223,  2.14,   34125,  2.22,   32098,  2.08
 123,-390.00,   64960,  2.10,   33491,  2.17,   31469,  2.04
 124,-389.00,   63443,  2.05,   31929,  2.07,   31514,  2.05
 125,-388.00,   61046,  1.97,   30824,  2.00,   30222,  1.96
 126,-387.00,   59875,  1.93,   30722,  1.99,   29153,  1.89
 127,-386.00,   59474,  1.92,   31228,  2.03,   28246,  1.83
 128,-385.00,   58938,  1.90,   31643,  2.05,   27295,  1.77
 129,-384.00,   57901,  1.87,   31578,  2.05,   26323,  1.71
 130,-383.00,   57588,  1.86,   31423,  2.04,   26165,  1.70
 131,-382.00,   55960,  1.81,   30631,  1.99,   25329,  1.64
 132,-381.00,   54618,  1.76,   29517,  1.92,   25101,  1.63
 133,-380.00,   52943,  1.71,   28763,  1.87,   24180,  1.57
 134,-379.00,   50290,  1.62,   27844,  1.81,   22446,  1.46
 135,-378.00,   48039,  1.55,   27159,  1.76,   20880,  1.36
 136,-377.00,   46568,  1.50,   27113,  1.76,   19455,  1.26
 137,-376.00,   45274,  1.46,   26252,  1.70,   19022,  1.24
 138,-375.00,   44515,  1.44,   25299,  1.64,   19216,  1.25
 139,-374.00,   43637,  1.41,   24364,  1.58,   19273,  1.25
 140,-373.00,   42424,  1.37,   23211,  1.51,   19213,  1.25
 141,-372.00,   41191,  1.33,   22442,  1.46,   18749,  1.22
 142,-371.00,   40331,  1.30,   22205,  1.44,   18126,  1.18
 143,-370.00,   38842,  1.25,   21550,  1.40,   17292,  1.12
 144,-369.00,   37415,  1.21,   20979,  1.36,   16436,  1.07
 145,-368.00,   36013,  1.16,   20399,  1.32,   15614,  1.01
 146,-367.00,   34771,  1.12,   19730,  1.28,   15041,  0.98
 147,-366.00,   34787,  1.12,   19918,  1.29,   14869,  0.97
 148,-365.00,   35177,  1.14,   20003,  1.30,   15174,  0.99
 149,-364.00,   35558,  1.15,   20447,  1.33,   15111,  0.98
 150,-363.00,   35085,  1.13,   20702,  1.34,   14383,  0.93
 151,-362.00,   35227,  1.14,   20967,  1.36,   14260,  0.93
 152,-361.00,   35917,  1.16,   21633,  1.40,   14284,  0.93
 153,-360.00,   36232,  1.17,   22532,  1.46,   13700,  0.89
 154,-359.00,   36043,  1.16,   22973,  1.49,   13070,  0.85
 155,-358.00,   36922,  1.19,   24014,  1.56,   12908,  0.84
 156,-357.00,   38214,  1.23,   25230,  1.64,   12984,  0.84
 157,-356.00,   38961,  1.26,   25825,  1.68,   13136,  0.85
 158,-355.00,   38758,  1.25,   26018,  1.69,   12740,  0.83
 159,-354.00,   39032,  1.26,   26257,  1.70,   12775,  0.83
 160,-353.00,   39321,  1.27,   26823,  1.74,   12498,  0.81
 161,-352.00,   39232,  1.27,   27296,  1.77,   11936,  0.78
 162,-351.00,   38748,  1.25,   27913,  1.81,   10835,  0.70
 163,-350.00,   37714,  1.22,   27774,  1.80,    9940,  0.65
 164,-349.00,   35954,  1.16,   27057,  1.76,    8897,  0.58
 165,-348.00,   35097,  1.13,   26677,  1.73,    8420,  0.55
 166,-347.00,   35906,  1.16,   27120,  1.76,    8786,  0.57
 167,-346.00,   35458,  1.15,   27001,  1.75,    8457,  0.55
 168,-345.00,   34233,  1.11,   26354,  1.71,    7879,  0.51
 169,-344.00,   33568,  1.08,   25917,  1.68,    7651,  0.50
 170,-343.00,   32723,  1.06,   25594,  1.66,    7129,  0.46
 171,-342.00,   32193,  1.04,   25283,  1.64,    6910,  0.45
 172,-341.00,   31345,  1.01,   24847,  1.61,    6498,  0.42
 173,-340.00,   29658,  0.96,   23588,  1.53,    6070,  0.39
 174,-339.00,   28750,  0.93,   22629,  1.47,    6121,  0.40
 175,-338.00,   26716,  0.86,   21276,  1.38,    5440,  0.35
 176,-337.00,   25233,  0.81,   20016,  1.30,    5217,  0.34
 177,-336.00,   24437,  0.79,   19273,  1.25,    5164,  0.34
 178,-335.00,   23926,  0.77,   18728,  1.22,    5198,  0.34
 179,-334.00,   22513,  0.73,   17145,  1.11,    5368,  0.35
 180,-333.00,   20910,  0.68,   15513,  1.01,    5397,  0.35
 181,-332.00,   19528,  0.63,   13953,  0.91,    5575,  0.36
 182,-331.00,   18599,  0.60,   12523,  0.81,    6076,  0.39
 183,-330.00,   17494,  0.56,   11273,  0.73,    6221,  0.40
 184,-329.00,   16794,  0.54,   10119,  0.66,    6675,  0.43
 185,-328.00,   15649,  0.51,    8548,  0.56,    7101,  0.46
 186,-327.00,   13980,  0.45,    7318,  0.48,    6662,  0.43
 187,-326.00,   12712,  0.41,    6599,  0.43,    6113,  0.40
 188,-325.00,   11961,  0.39,    5818,  0.38,    6143,  0.40
 189,-324.00,   12058,  0.39,    5724,  0.37,    6334,  0.41
 190,-323.00,   11922,  0.39,    5975,  0.39,    5947,  0.39
 191,-322.00,   12066,  0.39,    6243,  0.41,    5823,  0.38
 192,-321.00,   11970,  0.39,    6641,  0.43,    5329,  0.35
 193,-320.00,   12702,  0.41,    7821,  0.51,    4881,  0.32
 194,-319.00,   12845,  0.41,    8489,  0.55,    4356,  0.28
 195,-318.00,   12857,  0.42,    8527,  0.55,    4330,  0.28
 196,-317.00,   12679,  0.41,    8442,  0.55,    4237,  0.28
 197,-316.00,   13275,  0.43,    9002,  0.58,    4273,  0.28
 198,-315.00,   13841,  0.45,    9443,  0.61,    4398,  0.29
 199,-314.00,   13784,  0.45,    9401,  0.61,    4383,  0.28
 200,-313.00,   14102,  0.46,   10049,  0.65,    4053,  0.26
 201,-312.00,   14552,  0.47,   11140,  0.72,    3412,  0.22
 202,-311.00,   14325,  0.46,   11861,  0.77,    2464,  0.16
 203,-310.00,   13544,  0.44,   12105,  0.79,    1439,  0.09
 204,-309.00,   13497,  0.44,   12099,  0.79,    1398,  0.09
 205,-308.00,   13889,  0.45,   11579,  0.75,    2310,  0.15
 206,-307.00,   14243,  0.46,   11460,  0.74,    2783,  0.18
 207,-306.00,   14908,  0.48,   11898,  0.77,    3010,  0.20
 208,-305.00,   14704,  0.47,   12237,  0.79,    2467,  0.16
 209,-304.00,   14631,  0.47,   12789,  0.83,    1842,  0.12
 210,-303.00,   14596,  0.47,   13254,  0.86,    1342,  0.09
 211,-302.00,   14601,  0.47,   13850,  0.90,     751,  0.05
 212,-301.00,   13595,  0.44,   13708,  0.89,    -113, -0.00
 213,-300.00,   12921,  0.42,   13342,  0.87,    -421, -0.03
 214,-299.00,   12237,  0.40,   12991,  0.84,    -754, -0.05
 215,-298.00,   11750,  0.38,   12445,  0.81,    -695, -0.05
 216,-297.00,   11593,  0.37,   12189,  0.79,    -596, -0.04
 217,-296.00,   11424,  0.37,   12604,  0.82,   -1180, -0.08
 218,-295.00,   11158,  0.36,   12654,  0.82,   -1496, -0.10
 219,-294.00,    9598,  0.31,   12085,  0.78,   -2487, -0.16
 220,-293.00,    9175,  0.30,   12172,  0.79,   -2997, -0.19
 221,-292.00,    7905,  0.26,   11568,  0.75,   -3663, -0.24
 222,-291.00,    6314,  0.20,   10158,  0.66,   -3844, -0.25
 223,-290.00,    5712,  0.18,    8893,  0.58,   -3181, -0.21
 224,-289.00,    5431,  0.18,    8250,  0.54,   -2819, -0.18
 225,-288.00,    4152,  0.13,    7703,  0.50,   -3551, -0.23
 226,-287.00,    2949,  0.10,    7237,  0.47,   -4288, -0.28
 227,-286.00,    1298,  0.04,    6238,  0.41,   -4940, -0.32
 228,-285.00,    1000,  0.03,    6319,  0.41,   -5319, -0.35
 229,-284.00,    1130,  0.04,    6159,  0.40,   -5029, -0.33
 230,-283.00,    1036,  0.03,    5638,  0.37,   -4602, -0.30
 231,-282.00,    1020,  0.03,    4968,  0.32,   -3948, -0.26
 232,-281.00,    1108,  0.04,    3900,  0.25,   -2792, -0.18
 233,-280.00,    -525, -0.02,    1986,  0.13,   -2511, -0.16
 234,-279.00,   -2721, -0.09,     157,  0.01,   -2878, -0.19
 235,-278.00,   -3917, -0.13,    -901, -0.06,   -3016, -0.20
 236,-277.00,   -4641, -0.15,   -1318, -0.09,   -3323, -0.22
 237,-276.00,   -5894, -0.19,   -2398, -0.16,   -3496, -0.23
 238,-275.00,   -7584, -0.24,   -4175, -0.27,   -3409, -0.22
 239,-274.00,   -8718, -0.28,   -5684, -0.37,   -3034, -0.20
 240,-273.00,   -8738, -0.28,   -6779, -0.44,   -1959, -0.13
 241,-272.00,   -8916, -0.29,   -7661, -0.50,   -1255, -0.08
 242,-271.00,   -9768, -0.32,   -8425, -0.55,   -1343, -0.09
 243,-270.00,   -9538, -0.31,   -8036, -0.52,   -1502, -0.10
 244,-269.00,   -9063, -0.29,   -7589, -0.49,   -1474, -0.10
 245,-268.00,   -9415, -0.30,   -7998, -0.52,   -1417, -0.09
 246,-267.00,  -10321, -0.33,   -9596, -0.62,    -725, -0.05
 247,-266.00,  -10400, -0.34,  -10465, -0.68,      65,  0.00
 248,-265.00,  -10313, -0.33,  -10823, -0.70,     510,  0.03
 249,-264.00,  -10631, -0.34,  -11540, -0.75,     909,  0.06
 250,-263.00,   -9031, -0.29,  -10845, -0.70,    1814,  0.12
 251,-262.00,   -7535, -0.24,  -10172, -0.66,    2637,  0.17
 252,-261.00,   -6315, -0.20,   -9471, -0.61,    3156,  0.20
 253,-260.00,   -5004, -0.16,   -8756, -0.57,    3752,  0.24
 254,-259.00,   -3171, -0.10,   -7557, -0.49,    4386,  0.28
 255,-258.00,   -2308, -0.07,   -7193, -0.47,    4885,  0.32
 256,-257.00,   -2501, -0.08,   -8021, -0.52,    5520,  0.36
 257,-256.00,   -2301, -0.07,   -8299, -0.54,    5998,  0.39
 258,-255.00,   -2346, -0.08,   -8347, -0.54,    6001,  0.39
 259,-254.00,   -1369, -0.04,   -7902, -0.51,    6533,  0.42
 260,-253.00,      -7, -0.00,   -6619, -0.43,    6612,  0.43
 261,-252.00,     706,  0.02,   -5555, -0.36,    6261,  0.41
 262,-251.00,    1167,  0.04,   -4809, -0.31,    5976,  0.39
 263,-250.00,    1006,  0.03,   -4531, -0.29,    5537,  0.36
 264,-249.00,     -65, -0.00,   -4577, -0.30,    4512,  0.29
 265,-248.00,    -611, -0.02,   -4345, -0.28,    3734,  0.24
 266,-247.00,    -186, -0.00,   -4122, -0.27,    3936,  0.26
 267,-246.00,     195,  0.00,   -3585, -0.23,    3780,  0.25
 268,-245.00,    -182, -0.00,   -3281, -0.21,    3099,  0.20
 269,-244.00,   -1117, -0.04,   -3200, -0.21,    2083,  0.14
 270,-243.00,   -1765, -0.06,   -3070, -0.20,    1305,  0.08
 271,-242.00,   -2340, -0.08,   -3138, -0.20,     798,  0.05
 272,-241.00,   -2881, -0.09,   -3257, -0.21,     376,  0.02
 273,-240.00,   -2818, -0.09,   -3097, -0.20,     279,  0.02
 274,-239.00,   -3821, -0.12,   -3848, -0.25,      27,  0.00
 275,-238.00,   -4774, -0.15,   -4504, -0.29,    -270, -0.02
 276,-237.00,   -5215, -0.17,   -4623, -0.30,    -592, -0.04
 277,-236.00,   -6782, -0.22,   -5181, -0.34,   -1601, -0.10
 278,-235.00,   -7582, -0.24,   -5486, -0.36,   -2096, -0.14
 279,-234.00,   -8468, -0.27,   -5983, -0.39,   -2485, -0.16
 280,-233.00,   -9612, -0.31,   -6185, -0.40,   -3427, -0.22
 281,-232.00,  -11190, -0.36,   -6770, -0.44,   -4420, -0.29
 282,-231.00,  -11966, -0.39,   -7618, -0.49,   -4348, -0.28
 283,-230.00,  -11662, -0.38,   -7763, -0.50,   -3899, -0.25
 284,-229.00,  -11783, -0.38,   -7997, -0.52,   -3786, -0.25
 285,-228.00,  -11911, -0.38,   -8399, -0.55,   -3512, -0.23
 286,-227.00,  -12541, -0.41,   -8839, -0.57,   -3702, -0.24
 287,-226.00,  -12942, -0.42,   -9045, -0.59,   -3897, -0.25
 288,-225.00,  -13516, -0.44,  -10088, -0.66,   -3428, -0.22
 289,-224.00,  -14347, -0.46,  -11812, -0.77,   -2535, -0.16
 290,-223.00,  -15754, -0.51,  -13830, -0.90,   -1924, -0.12
 291,-222.00,  -17085, -0.55,  -15135, -0.98,   -1950, -0.13
 292,-221.00,  -18444, -0.60,  -16439, -1.07,   -2005, -0.13
 293,-220.00,  -17534, -0.57,  -16068, -1.04,   -1466, -0.10
 294,-219.00,  -15970, -0.52,  -14549, -0.94,   -1421, -0.09
 295,-218.00,  -15305, -0.49,  -13544, -0.88,   -1761, -0.11
 296,-217.00,  -15778, -0.51,  -14039, -0.91,   -1739, -0.11
 297,-216.00,  -17258, -0.56,  -15275, -0.99,   -1983, -0.13
 298,-215.00,  -18469, -0.60,  -16609, -1.08,   -1860, -0.12
 299,-214.00,  -17731, -0.57,  -16868, -1.10,    -863, -0.06
 300,-213.00,  -18161, -0.59,  -17302, -1.12,    -859, -0.06
 301,-212.00,  -18906, -0.61,  -17413, -1.13,   -1493, -0.10
 302,-211.00,  -18768, -0.61,  -17151, -1.11,   -1617, -0.10
 303,-210.00,  -19652, -0.63,  -17380, -1.13,   -2272, -0.15
 304,-209.00,  -21273, -0.69,  -18400, -1.19,   -2873, -0.19
 305,-208.00,  -22600, -0.73,  -19249, -1.25,   -3351, -0.22
 306,-207.00,  -21503, -0.69,  -18059, -1.17,   -3444, -0.22
 307,-206.00,  -20083, -0.65,  -16881, -1.10,   -3202, -0.21
 308,-205.00,  -19408, -0.63,  -15693, -1.02,   -3715, -0.24
 309,-204.00,  -19271, -0.62,  -15095, -0.98,   -4176, -0.27
 310,-203.00,  -19716, -0.64,  -14589, -0.95,   -5127, -0.33
 311,-202.00,  -20656, -0.67,  -15092, -0.98,   -5564, -0.36
 312,-201.00,  -21171, -0.68,  -15707, -1.02,   -5464, -0.35
 313,-200.00,  -21667, -0.70,  -16399, -1.06,   -5268, -0.34
 314,-199.00,  -22407, -0.72,  -17490, -1.14,   -4917, -0.32
 315,-198.00,  -24884, -0.80,  -19147, -1.24,   -5737, -0.37
 316,-197.00,  -27191, -0.88,  -19996, -1.30,   -7195, -0.47
 317,-196.00,  -29291, -0.95,  -20747, -1.35,   -8544, -0.55
 318,-195.00,  -30915, -1.00,  -21266, -1.38,   -9649, -0.63
 319,-194.00,  -30961, -1.00,  -19890, -1.29,  -11071, -0.72
 320,-193.00,  -30603, -0.99,  -17714, -1.15,  -12889, -0.84
 321,-192.00,  -30226, -0.98,  -15214, -0.99,  -15012, -0.97
 322,-191.00,  -28763, -0.93,  -12495, -0.81,  -16268, -1.06
 323,-190.00,  -28023, -0.90,  -10409, -0.68,  -17614, -1.14
 324,-189.00,  -27216, -0.88,   -8892, -0.58,  -18324, -1.19
 325,-188.00,  -27346, -0.88,   -8254, -0.54,  -19092, -1.24
 326,-187.00,  -27577, -0.89,   -7413, -0.48,  -20164, -1.31
 327,-186.00,  -26105, -0.84,   -5716, -0.37,  -20389, -1.32
 328,-185.00,  -24159, -0.78,   -3765, -0.24,  -20394, -1.32
 329,-184.00,  -22381, -0.72,   -1321, -0.09,  -21060, -1.37
 330,-183.00,  -21671, -0.70,     292,  0.02,  -21963, -1.43
 331,-182.00,  -21662, -0.70,    1346,  0.09,  -23008, -1.49
 332,-181.00,  -20915, -0.68,    2543,  0.17,  -23458, -1.52
 333,-180.00,  -19719, -0.64,    3678,  0.24,  -23397, -1.52
 334,-179.00,  -19815, -0.64,    4226,  0.27,  -24041, -1.56
 335,-178.00,  -20162, -0.65,    4422,  0.29,  -24584, -1.60
 336,-177.00,  -20551, -0.66,    4233,  0.27,  -24784, -1.61
 337,-176.00,  -20900, -0.67,    3867,  0.25,  -24767, -1.61
 338,-175.00,  -21944, -0.71,    3206,  0.21,  -25150, -1.63
 339,-174.00,  -22918, -0.74,    2114,  0.14,  -25032, -1.63
 340,-173.00,  -23532, -0.76,     459,  0.03,  -23991, -1.56
 341,-172.00,  -23860, -0.77,    -976, -0.06,  -22884, -1.49
 342,-171.00,  -24578, -0.79,   -2020, -0.13,  -22558, -1.46
 343,-170.00,  -25415, -0.82,   -2760, -0.18,  -22655, -1.47
 344,-169.00,  -25495, -0.82,   -2986, -0.19,  -22509, -1.46
 345,-168.00,  -25300, -0.82,   -2985, -0.19,  -22315, -1.45
 346,-167.00,  -25503, -0.82,   -3651, -0.24,  -21852, -1.42
 347,-166.00,  -26591, -0.86,   -5193, -0.34,  -21398, -1.39
 348,-165.00,  -26095, -0.84,   -6148, -0.40,  -19947, -1.30
 349,-164.00,  -24643, -0.80,   -6808, -0.44,  -17835, -1.16
 350,-163.00,  -23850, -0.77,   -7449, -0.48,  -16401, -1.06
 351,-162.00,  -23929, -0.77,   -7892, -0.51,  -16037, -1.04
 352,-161.00,  -22773, -0.74,   -8436, -0.55,  -14337, -0.93
 353,-160.00,  -22462, -0.73,   -9369, -0.61,  -13093, -0.85
 354,-159.00,  -22613, -0.73,  -10829, -0.70,  -11784, -0.77
 355,-158.00,  -22539, -0.73,  -12222, -0.79,  -10317, -0.67
 356,-157.00,  -22598, -0.73,  -13965, -0.91,   -8633, -0.56
 357,-156.00,  -22962, -0.74,  -16042, -1.04,   -6920, -0.45
 358,-155.00,  -22970, -0.74,  -17265, -1.12,   -5705, -0.37
 359,-154.00,  -24334, -0.79,  -19193, -1.25,   -5141, -0.33
 360,-153.00,  -24814, -0.80,  -20548, -1.33,   -4266, -0.28
 361,-152.00,  -24794, -0.80,  -21344, -1.39,   -3450, -0.22
 362,-151.00,  -24300, -0.78,  -21424, -1.39,   -2876, -0.19
 363,-150.00,  -23040, -0.74,  -21583, -1.40,   -1457, -0.09
 364,-149.00,  -20808, -0.67,  -21055, -1.37,     247,  0.02
 365,-148.00,  -19528, -0.63,  -21035, -1.37,    1507,  0.10
 366,-147.00,  -17466, -0.56,  -20571, -1.34,    3105,  0.20
 367,-146.00,  -14475, -0.47,  -19191, -1.25,    4716,  0.31
 368,-145.00,  -13034, -0.42,  -19055, -1.24,    6021,  0.39
 369,-144.00,  -12041, -0.39,  -18731, -1.22,    6690,  0.43
 370,-143.00,  -10543, -0.34,  -18071, -1.17,    7528,  0.49
 371,-142.00,   -9361, -0.30,  -18035, -1.17,    8674,  0.56
 372,-141.00,   -7878, -0.25,  -17650, -1.15,    9772,  0.63
 373,-140.00,   -6474, -0.21,  -17710, -1.15,   11236,  0.73
 374,-139.00,   -4299, -0.14,  -17146, -1.11,   12847,  0.83
 375,-138.00,   -1507, -0.05,  -16105, -1.05,   14598,  0.95
 376,-137.00,    -496, -0.02,  -15800, -1.03,   15304,  0.99
 377,-136.00,    -403, -0.01,  -15632, -1.02,   15229,  0.99
 378,-135.00,    1627,  0.05,  -14660, -0.95,   16287,  1.06
 379,-134.00,    3538,  0.11,  -13825, -0.90,   17363,  1.13
 380,-133.00,    5081,  0.16,  -13360, -0.87,   18441,  1.20
 381,-132.00,    6893,  0.22,  -12998, -0.84,   19891,  1.29
 382,-131.00,    8967,  0.29,  -12946, -0.84,   21913,  1.42
 383,-130.00,   11223,  0.36,  -12502, -0.81,   23725,  1.54
 384,-129.00,   12660,  0.41,  -11349, -0.74,   24009,  1.56
 385,-128.00,   15291,  0.49,   -9560, -0.62,   24851,  1.61
 386,-127.00,   17899,  0.58,   -7896, -0.51,   25795,  1.67
 387,-126.00,   20376,  0.66,   -6123, -0.40,   26499,  1.72
 388,-125.00,   21621,  0.70,   -5181, -0.34,   26802,  1.74
 389,-124.00,   22697,  0.73,   -4478, -0.29,   27175,  1.76
 390,-123.00,   24618,  0.80,   -3157, -0.20,   27775,  1.80
 391,-122.00,   26337,  0.85,   -1871, -0.12,   28208,  1.83
 392,-121.00,   26350,  0.85,   -1311, -0.09,   27661,  1.80
 393,-120.00,   25785,  0.83,   -1054, -0.07,   26839,  1.74
 394,-119.00,   26361,  0.85,     -12, -0.00,   26373,  1.71
 395,-118.00,   27105,  0.88,    1672,  0.11,   25433,  1.65
 396,-117.00,   26209,  0.85,    1902,  0.12,   24307,  1.58
 397,-116.00,   25212,  0.81,    2031,  0.13,   23181,  1.51
 398,-115.00,   24422,  0.79,    2109,  0.14,   22313,  1.45
 399,-114.00,   24628,  0.80,    2865,  0.19,   21763,  1.41
 400,-113.00,   24950,  0.81,    3702,  0.24,   21248,  1.38
 401,-112.00,   25279,  0.82,    4573,  0.30,   20706,  1.34
 402,-111.00,   25341,  0.82,    5458,  0.35,   19883,  1.29
 403,-110.00,   23298,  0.75,    5358,  0.35,   17940,  1.16
 404,-109.00,   22138,  0.71,    5691,  0.37,   16447,  1.07
 405,-108.00,   21211,  0.69,    5940,  0.39,   15271,  0.99
 406,-107.00,   19559,  0.63,    5126,  0.33,   14433,  0.94
 407,-106.00,   18466,  0.60,    4474,  0.29,   13992,  0.91
 408,-105.00,   16669,  0.54,    3186,  0.21,   13483,  0.88
 409,-104.00,   14748,  0.48,    2317,  0.15,   12431,  0.81
 410,-103.00,   14088,  0.45,    2495,  0.16,   11593,  0.75
 411,-102.00,   13643,  0.44,    2901,  0.19,   10742,  0.70
 412,-101.00,   11702,  0.38,    2568,  0.17,    9134,  0.59
 413,-100.00,    9261,  0.30,    1895,  0.12,    7366,  0.48
 414,-99.00,    7336,  0.24,    1289,  0.08,    6047,  0.39
 415,-98.00,    6465,  0.21,     880,  0.06,    5585,  0.36
 416,-97.00,    5171,  0.17,     248,  0.02,    4923,  0.32
 417,-96.00,    2978,  0.10,    -429, -0.03,    3407,  0.22
 418,-95.00,     858,  0.03,   -1358, -0.09,    2216,  0.14
 419,-94.00,    -500, -0.02,   -1935, -0.13,    1435,  0.09
 420,-93.00,   -1430, -0.05,   -2302, -0.15,     872,  0.06
 421,-92.00,   -1688, -0.05,   -2360, -0.15,     672,  0.04
 422,-91.00,   -2058, -0.07,   -2487, -0.16,     429,  0.03
 423,-90.00,   -2605, -0.08,   -2973, -0.19,     368,  0.02
 424,-89.00,   -3272, -0.11,   -3426, -0.22,     154,  0.00
 425,-88.00,   -5161, -0.17,   -4602, -0.30,    -559, -0.04
 426,-87.00,   -6120, -0.20,   -4994, -0.32,   -1126, -0.07
 427,-86.00,   -6042, -0.20,   -4788, -0.31,   -1254, -0.08
 428,-85.00,   -5682, -0.18,   -4823, -0.31,    -859, -0.06
 429,-84.00,   -5520, -0.18,   -4773, -0.31,    -747, -0.05
 430,-83.00,   -5310, -0.17,   -4129, -0.27,   -1181, -0.08
 431,-82.00,   -4840, -0.16,   -3749, -0.24,   -1091, -0.07
 432,-81.00,   -4919, -0.16,   -4349, -0.28,    -570, -0.04
 433,-80.00,   -5204, -0.17,   -4523, -0.29,    -681, -0.04
 434,-79.00,   -5816, -0.19,   -4235, -0.27,   -1581, -0.10
 435,-78.00,   -6327, -0.20,   -3846, -0.25,   -2481, -0.16
 436,-77.00,   -7545, -0.24,   -4164, -0.27,   -3381, -0.22
 437,-76.00,   -7517, -0.24,   -3827, -0.25,   -3690, -0.24
 438,-75.00,   -7528, -0.24,   -3590, -0.23,   -3938, -0.26
 439,-74.00,   -8027, -0.26,   -3849, -0.25,   -4178, -0.27
 440,-73.00,   -7035, -0.23,   -3501, -0.23,   -3534, -0.23
 441,-72.00,   -5392, -0.17,   -2897, -0.19,   -2495, -0.16
 442,-71.00,   -4432, -0.14,   -2395, -0.16,   -2037, -0.13
 443,-70.00,   -4207, -0.14,   -2036, -0.13,   -2171, -0.14
 444,-69.00,   -3315, -0.11,    -812, -0.05,   -2503, -0.16
 445,-68.00,   -2630, -0.08,     352,  0.02,   -2982, -0.19
 446,-67.00,   -2595, -0.08,     875,  0.06,   -3470, -0.23
 447,-66.00,   -3224, -0.10,      81,  0.00,   -3305, -0.21
 448,-65.00,    -833, -0.03,    1782,  0.12,   -2615, -0.17
 449,-64.00,    1923,  0.06,    3751,  0.24,   -1828, -0.12
 450,-63.00,    3649,  0.12,    5047,  0.33,   -1398, -0.09
 451,-62.00,    4546,  0.15,    6044,  0.39,   -1498, -0.10
 452,-61.00,    5502,  0.18,    7054,  0.46,   -1552, -0.10
 453,-60.00,    6627,  0.21,    7985,  0.52,   -1358, -0.09
 454,-59.00,    7874,  0.25,    8829,  0.57,    -955, -0.06
 455,-58.00,    9634,  0.31,   10240,  0.66,    -606, -0.04
 456,-57.00,   10747,  0.35,   11302,  0.73,    -555, -0.04
 457,-56.00,   10695,  0.35,   11402,  0.74,    -707, -0.05
 458,-55.00,   11144,  0.36,   12519,  0.81,   -1375, -0.09
 459,-54.00,   11702,  0.38,   13463,  0.87,   -1761, -0.11
 460,-53.00,   11700,  0.38,   14059,  0.91,   -2359, -0.15
 461,-52.00,   12599,  0.41,   15770,  1.02,   -3171, -0.21
 462,-51.00,   13115,  0.42,   16951,  1.10,   -3836, -0.25
 463,-50.00,   12412,  0.40,   16948,  1.10,   -4536, -0.29
 464,-49.00,   12408,  0.40,   16967,  1.10,   -4559, -0.30
 465,-48.00,   11172,  0.36,   16533,  1.07,   -5361, -0.35
 466,-47.00,   11271,  0.36,   17255,  1.12,   -5984, -0.39
 467,-46.00,   11184,  0.36,   17643,  1.15,   -6459, -0.42
 468,-45.00,    9636,  0.31,   17678,  1.15,   -8042, -0.52
 469,-44.00,    8071,  0.26,   17708,  1.15,   -9637, -0.63
 470,-43.00,    7630,  0.25,   18315,  1.19,  -10685, -0.69
 471,-42.00,    6906,  0.22,   18195,  1.18,  -11289, -0.73
 472,-41.00,    4537,  0.15,   16862,  1.09,  -12325, -0.80
 473,-40.00,    3121,  0.10,   16095,  1.05,  -12974, -0.84
 474,-39.00,    2966,  0.10,   15740,  1.02,  -12774, -0.83
 475,-38.00,    3253,  0.11,   15703,  1.02,  -12450, -0.81
 476,-37.00,    3042,  0.10,   15460,  1.00,  -12418, -0.81
 477,-36.00,    3167,  0.10,   15408,  1.00,  -12241, -0.79
 478,-35.00,    2468,  0.08,   15384,  1.00,  -12916, -0.84
 479,-34.00,    -161, -0.00,   13546,  0.88,  -13707, -0.89
 480,-33.00,   -1803, -0.06,   12287,  0.80,  -14090, -0.91
 481,-32.00,   -3126, -0.10,   11224,  0.73,  -14350, -0.93
 482,-31.00,   -4770, -0.15,   10255,  0.67,  -15025, -0.98
 483,-30.00,   -6052, -0.20,    9802,  0.64,  -15854, -1.03
 484,-29.00,   -6428, -0.21,    9668,  0.63,  -16096, -1.05
 485,-28.00,   -6322, -0.20,    9185,  0.60,  -15507, -1.01
 486,-27.00,   -7942, -0.26,    8051,  0.52,  -15993, -1.04
 487,-26.00,   -8223, -0.27,    8428,  0.55,  -16651, -1.08
 488,-25.00,   -9523, -0.31,    7602,  0.49,  -17125, -1.11
 489,-24.00,  -10952, -0.35,    6573,  0.43,  -17525, -1.14
 490,-23.00,  -11986, -0.39,    6204,  0.40,  -18190, -1.18
 491,-22.00,  -13904, -0.45,    5778,  0.38,  -19682, -1.28
 492,-21.00,  -16255, -0.52,    5178,  0.34,  -21433, -1.39
 493,-20.00,  -19095, -0.62,    4081,  0.26,  -23176, -1.50
 494,-19.00,  -21003, -0.68,    2937,  0.19,  -23940, -1.55
 495,-18.00,  -23319, -0.75,    1037,  0.07,  -24356, -1.58
 496,-17.00,  -24453, -0.79,      57,  0.00,  -24510, -1.59
 497,-16.00,  -26293, -0.85,   -1079, -0.07,  -25214, -1.64
 498,-15.00,  -29506, -0.95,   -3156, -0.20,  -26350, -1.71
 499,-14.00,  -32401, -1.05,   -5461, -0.35,  -26940, -1.75
 500,-13.00,  -35587, -1.15,   -8112, -0.53,  -27475, -1.78
 501,-12.00,  -39171, -1.27,  -10714, -0.70,  -28457, -1.85
 502,-11.00,  -42152, -1.36,  -13233, -0.86,  -28919, -1.88
 503,-10.00,  -43760, -1.41,  -14233, -0.92,  -29527, -1.92
 504,-9.00,  -45152, -1.46,  -14711, -0.96,  -30441, -1.98
 505,-8.00,  -46158, -1.49,  -15007, -0.97,  -31151, -2.02
 506,-7.00,  -47194, -1.52,  -15890, -1.03,  -31304, -2.03
 507,-6.00,  -48320, -1.56,  -17347, -1.13,  -30973, -2.01
 508,-5.00,  -50206, -1.62,  -19499, -1.27,  -30707, -1.99
 509,-4.00,  -52075, -1.68,  -20970, -1.36,  -31105, -2.02
 510,-3.00,  -52989, -1.71,  -21904, -1.42,  -31085, -2.02
 511,-2.00,  -53552, -1.73,  -23088, -1.50,  -30464, -1.98
 512,-1.00,  -53000, -1.71,  -23110, -1.50,  -29890, -1.94
 513,0.00,  -53714, -1.73,  -24440, -1.59,  -29274, -1.90
 514,1.00,  -54840, -1.77,  -25637, -1.66,  -29203, -1.90
 515,2.00,  -55610, -1.80,  -26350, -1.71,  -29260, -1.90
 516,3.00,  -55059, -1.78,  -27016, -1.75,  -28043, -1.82
 517,4.00,  -55619, -1.80,  -28324, -1.84,  -27295, -1.77
 518,5.00,  -55635, -1.80,  -28641, -1.86,  -26994, -1.75
 519,6.00,  -55685, -1.80,  -29364, -1.91,  -26321, -1.71
 520,7.00,  -55914, -1.81,  -30368, -1.97,  -25546, -1.66
 521,8.00,  -57377, -1.85,  -32113, -2.09,  -25264, -1.64
 522,9.00,  -57888, -1.87,  -33300, -2.16,  -24588, -1.60
 523,10.00,  -57352, -1.85,  -33908, -2.20,  -23444, -1.52
 524,11.00,  -56892, -1.84,  -34127, -2.22,  -22765, -1.48
 525,12.00,  -56895, -1.84,  -34240, -2.22,  -22655, -1.47
 526,13.00,  -56955, -1.84,  -34328, -2.23,  -22627, -1.47
 527,14.00,  -56552, -1.83,  -33938, -2.20,  -22614, -1.47
 528,15.00,  -56388, -1.82,  -34029, -2.21,  -22359, -1.45
 529,16.00,  -56654, -1.83,  -34466, -2.24,  -22188, -1.44
 530,17.00,  -56741, -1.83,  -34452, -2.24,  -22289, -1.45
 531,18.00,  -56967, -1.84,  -34542, -2.24,  -22425, -1.46
 532,19.00,  -55726, -1.80,  -33835, -2.20,  -21891, -1.42
 533,20.00,  -54480, -1.76,  -33087, -2.15,  -21393, -1.39
 534,21.00,  -53790, -1.74,  -32572, -2.11,  -21218, -1.38
 535,22.00,  -53215, -1.72,  -32304, -2.10,  -20911, -1.36
 536,23.00,  -51518, -1.66,  -30508, -1.98,  -21010, -1.36
 537,24.00,  -50986, -1.65,  -29943, -1.94,  -21043, -1.37
 538,25.00,  -50662, -1.64,  -30451, -1.98,  -20211, -1.31
 539,26.00,  -49439, -1.60,  -29897, -1.94,  -19542, -1.27
 540,27.00,  -47406, -1.53,  -28611, -1.86,  -18795, -1.22
 541,28.00,  -43374, -1.40,  -25487, -1.65,  -17887, -1.16
 542,29.00,  -39407, -1.27,  -22500, -1.46,  -16907, -1.10
 543,30.00,  -36624, -1.18,  -20252, -1.32,  -16372, -1.06
 544,31.00,  -33674, -1.09,  -17441, -1.13,  -16233, -1.05
 545,32.00,  -31951, -1.03,  -15599, -1.01,  -16352, -1.06
 546,33.00,  -30124, -0.97,  -13610, -0.88,  -16514, -1.07
 547,34.00,  -28566, -0.92,  -12016, -0.78,  -16550, -1.07
 548,35.00,  -27224, -0.88,  -11016, -0.72,  -16208, -1.05
 549,36.00,  -25348, -0.82,   -9567, -0.62,  -15781, -1.02
 550,37.00,  -22595, -0.73,   -7940, -0.52,  -14655, -0.95
 551,38.00,  -20966, -0.68,   -6417, -0.42,  -14549, -0.94
 552,39.00,  -20372, -0.66,   -5184, -0.34,  -15188, -0.99
 553,40.00,  -18937, -0.61,   -4104, -0.27,  -14833, -0.96
 554,41.00,  -17744, -0.57,   -2822, -0.18,  -14922, -0.97
 555,42.00,  -17482, -0.56,   -2206, -0.14,  -15276, -0.99
 556,43.00,  -17149, -0.55,   -1554, -0.10,  -15595, -1.01
 557,44.00,  -15856, -0.51,   -1111, -0.07,  -14745, -0.96
 558,45.00,  -14490, -0.47,    -774, -0.05,  -13716, -0.89
 559,46.00,  -13593, -0.44,    -601, -0.04,  -12992, -0.84
 560,47.00,  -13187, -0.43,    -297, -0.02,  -12890, -0.84
 561,48.00,  -12601, -0.41,     718,  0.05,  -13319, -0.86
 562,49.00,  -11989, -0.39,     999,  0.06,  -12988, -0.84
 563,50.00,  -11517, -0.37,     850,  0.06,  -12367, -0.80
 564,51.00,  -10467, -0.34,    1015,  0.07,  -11482, -0.75
 565,52.00,   -9781, -0.32,     489,  0.03,  -10270, -0.67
 566,53.00,   -8992, -0.29,    -372, -0.02,   -8620, -0.56
 567,54.00,   -8803, -0.28,   -1174, -0.08,   -7629, -0.50
 568,55.00,   -8757, -0.28,   -1812, -0.12,   -6945, -0.45
 569,56.00,   -8774, -0.28,   -3202, -0.21,   -5572, -0.36
 570,57.00,  -10238, -0.33,   -5057, -0.33,   -5181, -0.34
 571,58.00,  -13015, -0.42,   -7519, -0.49,   -5496, -0.36
 572,59.00,  -15286, -0.49,   -9623, -0.62,   -5663, -0.37
 573,60.00,  -17325, -0.56,  -12090, -0.79,   -5235, -0.34
 574,61.00,  -18148, -0.59,  -13960, -0.91,   -4188, -0.27
 575,62.00,  -18973, -0.61,  -16016, -1.04,   -2957, -0.19
 576,63.00,  -20157, -0.65,  -18286, -1.19,   -1871, -0.12
 577,64.00,  -21496, -0.69,  -20253, -1.32,   -1243, -0.08
 578,65.00,  -22759, -0.73,  -21564, -1.40,   -1195, -0.08
 579,66.00,  -24085, -0.78,  -23272, -1.51,    -813, -0.05
 580,67.00,  -24676, -0.80,  -24630, -1.60,     -46, -0.00
 581,68.00,  -24798, -0.80,  -25594, -1.66,     796,  0.05
 582,69.00,  -23944, -0.77,  -25881, -1.68,    1937,  0.13
 583,70.00,  -23563, -0.76,  -26558, -1.72,    2995,  0.19
 584,71.00,  -23410, -0.76,  -27174, -1.76,    3764,  0.24
 585,72.00,  -20781, -0.67,  -25450, -1.65,    4669,  0.30
 586,73.00,  -18822, -0.61,  -23864, -1.55,    5042,  0.33
 587,74.00,  -17591, -0.57,  -22964, -1.49,    5373,  0.35
 588,75.00,  -16681, -0.54,  -22776, -1.48,    6095,  0.40
 589,76.00,  -14863, -0.48,  -21915, -1.42,    7052,  0.46
 590,77.00,  -13627, -0.44,  -21223, -1.38,    7596,  0.49
 591,78.00,  -13118, -0.42,  -20922, -1.36,    7804,  0.51
 592,79.00,  -11687, -0.38,  -20025, -1.30,    8338,  0.54
 593,80.00,  -10093, -0.33,  -19032, -1.24,    8939,  0.58
 594,81.00,   -9803, -0.32,  -18300, -1.19,    8497,  0.55
 595,82.00,   -8593, -0.28,  -16155, -1.05,    7562,  0.49
 596,83.00,   -7760, -0.25,  -15308, -0.99,    7548,  0.49
 597,84.00,   -7397, -0.24,  -15059, -0.98,    7662,  0.50
 598,85.00,   -7039, -0.23,  -14882, -0.97,    7843,  0.51
 599,86.00,   -5163, -0.17,  -13727, -0.89,    8564,  0.56
 600,87.00,   -3865, -0.12,  -12885, -0.84,    9020,  0.59
 601,88.00,   -2824, -0.09,  -11986, -0.78,    9162,  0.59
 602,89.00,   -1762, -0.06,  -10707, -0.70,    8945,  0.58
 603,90.00,   -1567, -0.05,   -9734, -0.63,    8167,  0.53
 604,91.00,   -1028, -0.03,   -9066, -0.59,    8038,  0.52
 605,92.00,    -779, -0.03,   -8920, -0.58,    8141,  0.53
 606,93.00,   -1349, -0.04,   -9173, -0.60,    7824,  0.51
 607,94.00,   -1598, -0.05,   -9133, -0.59,    7535,  0.49
 608,95.00,   -2035, -0.07,   -9091, -0.59,    7056,  0.46
 609,96.00,   -1578, -0.05,   -8249, -0.54,    6671,  0.43
 610,97.00,   -1340, -0.04,   -7610, -0.49,    6270,  0.41
 611,98.00,   -1307, -0.04,   -6992, -0.45,    5685,  0.37
 612,99.00,   -1020, -0.03,   -5869, -0.38,    4849,  0.31
 613,100.00,     -98, -0.00,   -4591, -0.30,    4493,  0.29
 614,101.00,    -160, -0.00,   -4331, -0.28,    4171,  0.27
 615,102.00,   -1813, -0.06,   -4922, -0.32,    3109,  0.20
 616,103.00,   -2161, -0.07,   -4773, -0.31,    2612,  0.17
 617,104.00,   -1793, -0.06,   -3978, -0.26,    2185,  0.14
 618,105.00,   -3399, -0.11,   -4428, -0.29,    1029,  0.07
 619,106.00,   -4809, -0.16,   -5341, -0.35,     532,  0.03
 620,107.00,   -5115, -0.17,   -5641, -0.37,     526,  0.03
 621,108.00,   -4806, -0.16,   -5482, -0.36,     676,  0.04
 622,109.00,   -5683, -0.18,   -6270, -0.41,     587,  0.04
 623,110.00,   -6226, -0.20,   -7445, -0.48,    1219,  0.08
 624,111.00,   -6930, -0.22,   -8791, -0.57,    1861,  0.12
 625,112.00,   -6964, -0.22,   -9589, -0.62,    2625,  0.17
 626,113.00,   -8041, -0.26,  -11160, -0.72,    3119,  0.20
 627,114.00,   -9504, -0.31,  -12732, -0.83,    3228,  0.21
 628,115.00,   -9497, -0.31,  -13303, -0.86,    3806,  0.25
 629,116.00,   -9467, -0.31,  -14278, -0.93,    4811,  0.31
 630,117.00,   -9508, -0.31,  -15871, -1.03,    6363,  0.41
 631,118.00,   -9696, -0.31,  -17436, -1.13,    7740,  0.50
 632,119.00,   -9572, -0.31,  -18294, -1.19,    8722,  0.57
 633,120.00,   -9133, -0.29,  -19091, -1.24,    9958,  0.65
 634,121.00,   -8797, -0.28,  -19489, -1.27,   10692,  0.69
 635,122.00,   -8313, -0.27,  -19447, -1.26,   11134,  0.72
 636,123.00,   -7913, -0.26,  -19884, -1.29,   11971,  0.78
 637,124.00,   -7262, -0.23,  -20374, -1.32,   13112,  0.85
 638,125.00,   -6911, -0.22,  -20812, -1.35,   13901,  0.90
 639,126.00,   -5830, -0.19,  -21194, -1.38,   15364,  1.00
 640,127.00,   -4913, -0.16,  -21445, -1.39,   16532,  1.07
 641,128.00,   -4347, -0.14,  -22424, -1.46,   18077,  1.17
 642,129.00,   -4482, -0.14,  -23339, -1.52,   18857,  1.22
 643,130.00,   -5311, -0.17,  -24619, -1.60,   19308,  1.25
 644,131.00,   -5472, -0.18,  -25677, -1.67,   20205,  1.31
 645,132.00,   -5435, -0.18,  -26338, -1.71,   20903,  1.36
 646,133.00,   -5515, -0.18,  -26328, -1.71,   20813,  1.35
 647,134.00,   -5109, -0.16,  -26286, -1.71,   21177,  1.38
 648,135.00,   -4572, -0.15,  -26633, -1.73,   22061,  1.43
 649,136.00,   -3301, -0.11,  -26437, -1.72,   23136,  1.50
 650,137.00,   -2279, -0.07,  -26391, -1.71,   24112,  1.57
 651,138.00,   -2283, -0.07,  -26770, -1.74,   24487,  1.59
 652,139.00,   -1404, -0.05,  -26558, -1.72,   25154,  1.63
 653,140.00,    -623, -0.02,  -25930, -1.68,   25307,  1.64
 654,141.00,       7,  0.00,  -24842, -1.61,   24849,  1.61
 655,142.00,    1681,  0.05,  -23069, -1.50,   24750,  1.61
 656,143.00,    2709,  0.09,  -22392, -1.45,   25101,  1.63
 657,144.00,    2637,  0.09,  -22687, -1.47,   25324,  1.64
 658,145.00,    3018,  0.10,  -22788, -1.48,   25806,  1.68
 659,146.00,    3018,  0.10,  -22601, -1.47,   25619,  1.66
 660,147.00,    2727,  0.09,  -21757, -1.41,   24484,  1.59
 661,148.00,    1764,  0.06,  -21024, -1.37,   22788,  1.48
 662,149.00,    1171,  0.04,  -19985, -1.30,   21156,  1.37
 663,150.00,     854,  0.03,  -19218, -1.25,   20072,  1.30
 664,151.00,     377,  0.01,  -18498, -1.20,   18875,  1.23
 665,152.00,    -626, -0.02,  -17966, -1.17,   17340,  1.13
 666,153.00,   -1791, -0.06,  -18052, -1.17,   16261,  1.06
 667,154.00,   -2656, -0.09,  -17700, -1.15,   15044,  0.98
 668,155.00,   -4419, -0.14,  -17823, -1.16,   13404,  0.87
 669,156.00,   -6618, -0.21,  -18171, -1.18,   11553,  0.75
 670,157.00,   -8053, -0.26,  -17861, -1.16,    9808,  0.64
 671,158.00,   -8525, -0.28,  -16773, -1.09,    8248,  0.54
 672,159.00,   -8711, -0.28,  -15496, -1.01,    6785,  0.44
 673,160.00,   -8729, -0.28,  -14297, -0.93,    5568,  0.36
 674,161.00,   -9241, -0.30,  -13484, -0.88,    4243,  0.28
 675,162.00,   -9460, -0.31,  -12387, -0.80,    2927,  0.19
 676,163.00,  -10110, -0.33,  -11659, -0.76,    1549,  0.10
 677,164.00,  -10136, -0.33,  -10629, -0.69,     493,  0.03
 678,165.00,   -9448, -0.31,   -9095, -0.59,    -353, -0.02
 679,166.00,   -9480, -0.31,   -7956, -0.52,   -1524, -0.10
 680,167.00,   -9848, -0.32,   -7514, -0.49,   -2334, -0.15
 681,168.00,  -10609, -0.34,   -7214, -0.47,   -3395, -0.22
 682,169.00,  -11715, -0.38,   -6721, -0.44,   -4994, -0.32
 683,170.00,  -12575, -0.41,   -6252, -0.41,   -6323, -0.41
 684,171.00,  -13238, -0.43,   -5876, -0.38,   -7362, -0.48
 685,172.00,  -14876, -0.48,   -6073, -0.39,   -8803, -0.57
 686,173.00,  -17139, -0.55,   -6044, -0.39,  -11095, -0.72
 687,174.00,  -18920, -0.61,   -5687, -0.37,  -13233, -0.86
 688,175.00,  -20773, -0.67,   -5040, -0.33,  -15733, -1.02
 689,176.00,  -23188, -0.75,   -4951, -0.32,  -18237, -1.18
 690,177.00,  -26511, -0.86,   -5991, -0.39,  -20520, -1.33
 691,178.00,  -29842, -0.96,   -7278, -0.47,  -22564, -1.47
 692,179.00,  -32619, -1.05,   -7614, -0.49,  -25005, -1.62
 693,180.00,  -35997, -1.16,   -7849, -0.51,  -28148, -1.83
 694,181.00,  -39600, -1.28,   -8336, -0.54,  -31264, -2.03
 695,182.00,  -43516, -1.41,   -8793, -0.57,  -34723, -2.25
 696,183.00,  -47915, -1.55,   -9806, -0.64,  -38109, -2.47
 697,184.00,  -52512, -1.70,  -11390, -0.74,  -41122, -2.67
 698,185.00,  -56952, -1.84,  -13346, -0.87,  -43606, -2.83
 699,186.00,  -61728, -1.99,  -16011, -1.04,  -45717, -2.97
 700,187.00,  -65379, -2.11,  -16817, -1.09,  -48562, -3.15
 701,188.00,  -69246, -2.24,  -16999, -1.10,  -52247, -3.39
 702,189.00,  -72849, -2.35,  -17198, -1.12,  -55651, -3.61
 703,190.00,  -77336, -2.50,  -18089, -1.17,  -59247, -3.85
 704,191.00,  -81957, -2.65,  -18911, -1.23,  -63046, -4.09
 705,192.00,  -86078, -2.78,  -19696, -1.28,  -66382, -4.31
 706,193.00,  -89456, -2.89,  -20720, -1.35,  -68736, -4.46
 707,194.00,  -92854, -3.00,  -21865, -1.42,  -70989, -4.61
 708,195.00,  -94871, -3.06,  -22092, -1.43,  -72779, -4.73
 709,196.00,  -98496, -3.18,  -22905, -1.49,  -75591, -4.91
 710,197.00, -102310, -3.30,  -23677, -1.54,  -78633, -5.11
 711,198.00, -105626, -3.41,  -24319, -1.58,  -81307, -5.28
 712,199.00, -107686, -3.48,  -23884, -1.55,  -83802, -5.44
 713,200.00, -109844, -3.55,  -23590, -1.53,  -86254, -5.60
 714,201.00, -111470, -3.60,  -23529, -1.53,  -87941, -5.71
 715,202.00, -113316, -3.66,  -23771, -1.54,  -89545, -5.81
 716,203.00, -114389, -3.69,  -23551, -1.53,  -90838, -5.90
 717,204.00, -114626, -3.70,  -23119, -1.50,  -91507, -5.94
 718,205.00, -116608, -3.77,  -23643, -1.54,  -92965, -6.04
 719,206.00, -119056, -3.84,  -24636, -1.60,  -94420, -6.13
 720,207.00, -120729, -3.90,  -25531, -1.66,  -95198, -6.18
 721,208.00, -121739, -3.93,  -26293, -1.71,  -95446, -6.20
 722,209.00, -123112, -3.98,  -26934, -1.75,  -96178, -6.25
 723,210.00, -124378, -4.02,  -27595, -1.79,  -96783, -6.28
 724,211.00, -125130, -4.04,  -28249, -1.83,  -96881, -6.29
 725,212.00, -125978, -4.07,  -28610, -1.86,  -97368, -6.32
 726,213.00, -127299, -4.11,  -29669, -1.93,  -97630, -6.34
 727,214.00, -128547, -4.15,  -30973, -2.01,  -97574, -6.34
 728,215.00, -128764, -4.16,  -31873, -2.07,  -96891, -6.29
 729,216.00, -129531, -4.18,  -33175, -2.15,  -96356, -6.26
 730,217.00, -129832, -4.19,  -34051, -2.21,  -95781, -6.22
 731,218.00, -130366, -4.21,  -35084, -2.28,  -95282, -6.19
 732,219.00, -131489, -4.25,  -36485, -2.37,  -95004, -6.17
 733,220.00, -132325, -4.27,  -38038, -2.47,  -94287, -6.12
 734,221.00, -132752, -4.29,  -38976, -2.53,  -93776, -6.09
 735,222.00, -132810, -4.29,  -39803, -2.58,  -93007, -6.04
 736,223.00, -132788, -4.29,  -40636, -2.64,  -92152, -5.98
 737,224.00, -133107, -4.30,  -41495, -2.69,  -91612, -5.95
 738,225.00, -133151, -4.30,  -42942, -2.79,  -90209, -5.86
 739,226.00, -132189, -4.27,  -43681, -2.84,  -88508, -5.75
 740,227.00, -131062, -4.23,  -44456, -2.89,  -86606, -5.62
 741,228.00, -130269, -4.21,  -45643, -2.96,  -84626, -5.50
 742,229.00, -130551, -4.22,  -47017, -3.05,  -83534, -5.42
 743,230.00, -130272, -4.21,  -47283, -3.07,  -82989, -5.39
 744,231.00, -129353, -4.18,  -47467, -3.08,  -81886, -5.32
 745,232.00, -127882, -4.13,  -47366, -3.08,  -80516, -5.23
 746,233.00, -126487, -4.08,  -47030, -3.05,  -79457, -5.16
 747,234.00, -124189, -4.01,  -46858, -3.04,  -77331, -5.02
 748,235.00, -122346, -3.95,  -47160, -3.06,  -75186, -4.88
 749,236.00, -121179, -3.91,  -48244, -3.13,  -72935, -4.74
 750,237.00, -119562, -3.86,  -48894, -3.17,  -70668, -4.59
 751,238.00, -117437, -3.79,  -48516, -3.15,  -68921, -4.48
 752,239.00, -114606, -3.70,  -47391, -3.08,  -67215, -4.36
 753,240.00, -111352, -3.60,  -46078, -2.99,  -65274, -4.24
 754,241.00, -107946, -3.49,  -44824, -2.91,  -63122, -4.10
 755,242.00, -104108, -3.36,  -43464, -2.82,  -60644, -3.94
 756,243.00, -100463, -3.24,  -42335, -2.75,  -58128, -3.77
 757,244.00,  -97483, -3.15,  -41508, -2.70,  -55975, -3.63
 758,245.00,  -94587, -3.05,  -40912, -2.66,  -53675, -3.49
 759,246.00,  -91059, -2.94,  -40065, -2.60,  -50994, -3.31
 760,247.00,  -86605, -2.80,  -38542, -2.50,  -48063, -3.12
 761,248.00,  -82963, -2.68,  -36954, -2.40,  -46009, -2.99
 762,249.00,  -80201, -2.59,  -35687, -2.32,  -44514, -2.89
 763,250.00,  -76981, -2.49,  -34484, -2.24,  -42497, -2.76
 764,251.00,  -73888, -2.39,  -33501, -2.18,  -40387, -2.62
 765,252.00,  -68892, -2.22,  -31723, -2.06,  -37169, -2.41
 766,253.00,  -63766, -2.06,  -29965, -1.95,  -33801, -2.19
 767,254.00,  -60035, -1.94,  -28542, -1.85,  -31493, -2.04
 768,255.00,  -56807, -1.83,  -26890, -1.75,  -29917, -1.94
 769,256.00,  -53581, -1.73,  -25455, -1.65,  -28126, -1.83
 770,257.00,  -50400, -1.63,  -23672, -1.54,  -26728, -1.74
 771,258.00,  -46347, -1.50,  -21724, -1.41,  -24623, -1.60
 772,259.00,  -42479, -1.37,  -19896, -1.29,  -22583, -1.47
 773,260.00,  -38001, -1.23,  -17909, -1.16,  -20092, -1.30
 774,261.00,  -34262, -1.11,  -16229, -1.05,  -18033, -1.17
 775,262.00,  -30776, -0.99,  -14465, -0.94,  -16311, -1.06
 776,263.00,  -28244, -0.91,  -13074, -0.85,  -15170, -0.99
 777,264.00,  -25250, -0.82,  -10864, -0.71,  -14386, -0.93
 778,265.00,  -21661, -0.70,   -8200, -0.53,  -13461, -0.87
 779,266.00,  -18556, -0.60,   -5741, -0.37,  -12815, -0.83
 780,267.00,  -15562, -0.50,   -3720, -0.24,  -11842, -0.77
 781,268.00,  -13068, -0.42,   -2439, -0.16,  -10629, -0.69
 782,269.00,  -10857, -0.35,   -1036, -0.07,   -9821, -0.64
 783,270.00,   -7510, -0.24,     805,  0.05,   -8315, -0.54
 784,271.00,   -5503, -0.18,    2116,  0.14,   -7619, -0.49
 785,272.00,   -3883, -0.13,    3078,  0.20,   -6961, -0.45
 786,273.00,    -968, -0.03,    4959,  0.32,   -5927, -0.38
 787,274.00,    1931,  0.06,    7278,  0.47,   -5347, -0.35
 788,275.00,    5090,  0.16,    9678,  0.63,   -4588, -0.30
 789,276.00,    7390,  0.24,   11568,  0.75,   -4178, -0.27
 790,277.00,    9996,  0.32,   13075,  0.85,   -3079, -0.20
 791,278.00,   12694,  0.41,   14085,  0.91,   -1391, -0.09
 792,279.00,   15284,  0.49,   15368,  1.00,     -84, -0.00
 793,280.00,   16220,  0.52,   15690,  1.02,     530,  0.03
 794,281.00,   17702,  0.57,   16311,  1.06,    1391,  0.09
 795,282.00,   20084,  0.65,   17438,  1.13,    2646,  0.17
 796,283.00,   21763,  0.70,   18207,  1.18,    3556,  0.23
 797,284.00,   23857,  0.77,   18866,  1.23,    4991,  0.32
 798,285.00,   26303,  0.85,   20419,  1.33,    5884,  0.38
 799,286.00,   27730,  0.90,   21305,  1.38,    6425,  0.42
 800,287.00,   29063,  0.94,   21809,  1.42,    7254,  0.47
 801,288.00,   30353,  0.98,   22449,  1.46,    7904,  0.51
 802,289.00,   30760,  0.99,   22545,  1.46,    8215,  0.53
 803,290.00,   32255,  1.04,   23427,  1.52,    8828,  0.57
 804,291.00,   34015,  1.10,   24532,  1.59,    9483,  0.62
 805,292.00,   34864,  1.13,   24415,  1.59,   10449,  0.68
 806,293.00,   34033,  1.10,   22975,  1.49,   11058,  0.72
 807,294.00,   33976,  1.10,   21902,  1.42,   12074,  0.78
 808,295.00,   35345,  1.14,   21714,  1.41,   13631,  0.89
 809,296.00,   36821,  1.19,   21793,  1.42,   15028,  0.98
 810,297.00,   37965,  1.23,   21999,  1.43,   15966,  1.04
 811,298.00,   39045,  1.26,   22032,  1.43,   17013,  1.10
 812,299.00,   40686,  1.31,   22850,  1.48,   17836,  1.16
 813,300.00,   42440,  1.37,   23409,  1.52,   19031,  1.24
 814,301.00,   43711,  1.41,   23216,  1.51,   20495,  1.33
 815,302.00,   44311,  1.43,   22638,  1.47,   21673,  1.41
 816,303.00,   44538,  1.44,   21910,  1.42,   22628,  1.47
 817,304.00,   44574,  1.44,   20443,  1.33,   24131,  1.57
 818,305.00,   44873,  1.45,   19095,  1.24,   25778,  1.67
 819,306.00,   45066,  1.46,   18161,  1.18,   26905,  1.75
 820,307.00,   45144,  1.46,   17784,  1.15,   27360,  1.78
 821,308.00,   46669,  1.51,   18505,  1.20,   28164,  1.83
 822,309.00,   47263,  1.53,   18122,  1.18,   29141,  1.89
 823,310.00,   47500,  1.53,   17533,  1.14,   29967,  1.95
 824,311.00,   49247,  1.59,   17676,  1.15,   31571,  2.05
 825,312.00,   51912,  1.68,   18242,  1.18,   33670,  2.19
 826,313.00,   52905,  1.71,   17343,  1.13,   35562,  2.31
 827,314.00,   53939,  1.74,   17031,  1.11,   36908,  2.40
 828,315.00,   55477,  1.79,   16861,  1.09,   38616,  2.51
 829,316.00,   56340,  1.82,   16953,  1.10,   39387,  2.56
 830,317.00,   57218,  1.85,   17193,  1.12,   40025,  2.60
 831,318.00,   56539,  1.83,   16848,  1.09,   39691,  2.58
 832,319.00,   56021,  1.81,   16569,  1.08,   39452,  2.56
 833,320.00,   56175,  1.81,   16698,  1.08,   39477,  2.56
 834,321.00,   57055,  1.84,   17147,  1.11,   39908,  2.59
 835,322.00,   58290,  1.88,   17722,  1.15,   40568,  2.63
 836,323.00,   59464,  1.92,   17927,  1.16,   41537,  2.70
 837,324.00,   60407,  1.95,   18435,  1.20,   41972,  2.73
 838,325.00,   60740,  1.96,   18937,  1.23,   41803,  2.71
 839,326.00,   61750,  1.99,   19623,  1.27,   42127,  2.74
 840,327.00,   62412,  2.02,   20129,  1.31,   42283,  2.75
 841,328.00,   64271,  2.08,   21150,  1.37,   43121,  2.80
 842,329.00,   66171,  2.14,   22410,  1.46,   43761,  2.84
 843,330.00,   67559,  2.18,   23224,  1.51,   44335,  2.88
 844,331.00,   68631,  2.22,   24212,  1.57,   44419,  2.88
 845,332.00,   69426,  2.24,   25300,  1.64,   44126,  2.87
 846,333.00,   70189,  2.27,   26089,  1.69,   44100,  2.86
 847,334.00,   71011,  2.29,   26524,  1.72,   44487,  2.89
 848,335.00,   72604,  2.34,   26849,  1.74,   45755,  2.97
 849,336.00,   74453,  2.40,   27609,  1.79,   46844,  3.04
 850,337.00,   75927,  2.45,   28361,  1.84,   47566,  3.09
 851,338.00,   78485,  2.53,   29912,  1.94,   48573,  3.15
 852,339.00,   80278,  2.59,   31041,  2.02,   49237,  3.20
 853,340.00,   82600,  2.67,   32243,  2.09,   50357,  3.27
 854,341.00,   84533,  2.73,   32932,  2.14,   51601,  3.35
 855,342.00,   86213,  2.78,   33458,  2.17,   52755,  3.43
 856,343.00,   87043,  2.81,   33365,  2.17,   53678,  3.49
 857,344.00,   87253,  2.82,   33180,  2.15,   54073,  3.51
 858,345.00,   87132,  2.81,   32593,  2.12,   54539,  3.54
 859,346.00,   87425,  2.82,   32310,  2.10,   55115,  3.58
 860,347.00,   87638,  2.83,   32598,  2.12,   55040,  3.57
 861,348.00,   88857,  2.87,   33442,  2.17,   55415,  3.60
 862,349.00,   90386,  2.92,   34630,  2.25,   55756,  3.62
 863,350.00,   91959,  2.97,   35241,  2.29,   56718,  3.68
 864,351.00,   93219,  3.01,   35127,  2.28,   58092,  3.77
 865,352.00,   94308,  3.05,   35523,  2.31,   58785,  3.82
 866,353.00,   94996,  3.07,   35528,  2.31,   59468,  3.86
 867,354.00,   95967,  3.10,   36462,  2.37,   59505,  3.86
 868,355.00,   95373,  3.08,   36649,  2.38,   58724,  3.81
 869,356.00,   94281,  3.04,   35769,  2.32,   58512,  3.80
 870,357.00,   93646,  3.02,   35649,  2.31,   57997,  3.77
 871,358.00,   94241,  3.04,   36752,  2.39,   57489,  3.73
 872,359.00,   95065,  3.07,   37389,  2.43,   57676,  3.75
 873,360.00,   95789,  3.09,   37500,  2.43,   58289,  3.78
 874,361.00,   96025,  3.10,   37646,  2.44,   58379,  3.79
 875,362.00,   94831,  3.06,   37095,  2.41,   57736,  3.75
 876,363.00,   92849,  3.00,   36458,  2.37,   56391,  3.66
 877,364.00,   92975,  3.00,   37025,  2.40,   55950,  3.63
 878,365.00,   94219,  3.04,   38559,  2.50,   55660,  3.61
 879,366.00,   94100,  3.04,   39377,  2.56,   54723,  3.55
 880,367.00,   92914,  3.00,   38810,  2.52,   54104,  3.51
 881,368.00,   92028,  2.97,   38564,  2.50,   53464,  3.47
 882,369.00,   92751,  3.00,   40015,  2.60,   52736,  3.42
 883,370.00,   92983,  3.00,   40815,  2.65,   52168,  3.39
 884,371.00,   92601,  2.99,   40796,  2.65,   51805,  3.36
 885,372.00,   91661,  2.96,   40911,  2.66,   50750,  3.30
 886,373.00,   91040,  2.94,   41501,  2.69,   49539,  3.22
 887,374.00,   90297,  2.92,   41882,  2.72,   48415,  3.14
 888,375.00,   89879,  2.90,   41938,  2.72,   47941,  3.11
 889,376.00,   88146,  2.85,   41385,  2.69,   46761,  3.04
 890,377.00,   88259,  2.85,   42261,  2.74,   45998,  2.99
 891,378.00,   89161,  2.88,   43160,  2.80,   46001,  2.99
 892,379.00,   88971,  2.87,   42717,  2.77,   46254,  3.00
 893,380.00,   87901,  2.84,   42376,  2.75,   45525,  2.96
 894,381.00,   87642,  2.83,   42693,  2.77,   44949,  2.92
 895,382.00,   87083,  2.81,   42951,  2.79,   44132,  2.87
 896,383.00,   88138,  2.85,   43809,  2.84,   44329,  2.88
 897,384.00,   88059,  2.84,   43497,  2.82,   44562,  2.89
 898,385.00,   88189,  2.85,   43150,  2.80,   45039,  2.92
 899,386.00,   88405,  2.86,   43087,  2.80,   45318,  2.94
 900,387.00,   88137,  2.85,   42862,  2.78,   45275,  2.94
 901,388.00,   88275,  2.85,   42952,  2.79,   45323,  2.94
 902,389.00,   88007,  2.84,   43122,  2.80,   44885,  2.91
 903,390.00,   86895,  2.81,   42616,  2.77,   44279,  2.88
 904,391.00,   84516,  2.73,   40967,  2.66,   43549,  2.83
 905,392.00,   82360,  2.66,   39888,  2.59,   42472,  2.76
 906,393.00,   80549,  2.60,   38919,  2.53,   41630,  2.70
 907,394.00,   79148,  2.56,   37978,  2.47,   41170,  2.67
 908,395.00,   77659,  2.51,   36783,  2.39,   40876,  2.65
 909,396.00,   75709,  2.45,   35472,  2.30,   40237,  2.61
 910,397.00,   73323,  2.37,   34153,  2.22,   39170,  2.54
 911,398.00,   70664,  2.28,   32717,  2.12,   37947,  2.46
 912,399.00,   68308,  2.21,   31833,  2.07,   36475,  2.37
 913,400.00,   66039,  2.13,   30818,  2.00,   35221,  2.29
 914,401.00,   62783,  2.03,   28997,  1.88,   33786,  2.19
 915,402.00,   60566,  1.96,   28005,  1.82,   32561,  2.11
 916,403.00,   58341,  1.88,   26566,  1.73,   31775,  2.06
 917,404.00,   55328,  1.79,   24666,  1.60,   30662,  1.99
 918,405.00,   52462,  1.69,   23225,  1.51,   29237,  1.90
 919,406.00,   49867,  1.61,   22013,  1.43,   27854,  1.81
 920,407.00,   48140,  1.55,   21515,  1.40,   26625,  1.73
 921,408.00,   47943,  1.55,   22048,  1.43,   25895,  1.68
 922,409.00,   47932,  1.55,   22692,  1.47,   25240,  1.64
 923,410.00,   46268,  1.49,   22208,  1.44,   24060,  1.56
 924,411.00,   44306,  1.43,   21401,  1.39,   22905,  1.49
 925,412.00,   42150,  1.36,   19984,  1.30,   22166,  1.44
 926,413.00,   40461,  1.31,   18475,  1.20,   21986,  1.43
 927,414.00,   38679,  1.25,   17029,  1.11,   21650,  1.41
 928,415.00,   38114,  1.23,   17041,  1.11,   21073,  1.37
 929,416.00,   38866,  1.26,   18309,  1.19,   20557,  1.33
 930,417.00,   38901,  1.26,   18473,  1.20,   20428,  1.33
 931,418.00,   39475,  1.27,   18374,  1.19,   21101,  1.37
 932,419.00,   40020,  1.29,   18504,  1.20,   21516,  1.40
 933,420.00,   41049,  1.33,   18959,  1.23,   22090,  1.43
 934,421.00,   41487,  1.34,   18588,  1.21,   22899,  1.49
 935,422.00,   42740,  1.38,   19585,  1.27,   23155,  1.50
 936,423.00,   43608,  1.41,   20501,  1.33,   23107,  1.50
 937,424.00,   45192,  1.46,   21977,  1.43,   23215,  1.51
 938,425.00,   47889,  1.55,   24159,  1.57,   23730,  1.54
 939,426.00,   50935,  1.64,   26626,  1.73,   24309,  1.58
 940,427.00,   54059,  1.75,   28995,  1.88,   25064,  1.63
 941,428.00,   56460,  1.82,   30467,  1.98,   25993,  1.69
 942,429.00,   58994,  1.91,   31749,  2.06,   27245,  1.77
 943,430.00,   60796,  1.96,   33169,  2.15,   27627,  1.79
 944,431.00,   61956,  2.00,   34481,  2.24,   27475,  1.78
 945,432.00,   63742,  2.06,   35885,  2.33,   27857,  1.81
 946,433.00,   65146,  2.10,   36881,  2.39,   28265,  1.84
 947,434.00,   65903,  2.13,   37263,  2.42,   28640,  1.86
 948,435.00,   67334,  2.17,   37664,  2.45,   29670,  1.93
 949,436.00,   69326,  2.24,   37982,  2.47,   31344,  2.04
 950,437.00,   71598,  2.31,   38511,  2.50,   33087,  2.15
 951,438.00,   74873,  2.42,   40257,  2.61,   34616,  2.25
 952,439.00,   78495,  2.53,   42650,  2.77,   35845,  2.33
 953,440.00,   80659,  2.60,   44194,  2.87,   36465,  2.37
 954,441.00,   82468,  2.66,   45450,  2.95,   37018,  2.40
 955,442.00,   83287,  2.69,   45289,  2.94,   37998,  2.47
 956,443.00,   82600,  2.67,   44266,  2.87,   38334,  2.49
 957,444.00,   82461,  2.66,   43769,  2.84,   38692,  2.51
 958,445.00,   82531,  2.67,   42966,  2.79,   39565,  2.57
 959,446.00,   82522,  2.67,   42397,  2.75,   40125,  2.61
 960,447.00,   82896,  2.68,   43107,  2.80,   39789,  2.58
 961,448.00,   83689,  2.70,   44120,  2.86,   39569,  2.57
 962,449.00,   83965,  2.71,   45429,  2.95,   38536,  2.50
 963,450.00,   84262,  2.72,   46652,  3.03,   37610,  2.44
 964,451.00,   84443,  2.73,   47431,  3.08,   37012,  2.40
 965,452.00,   84222,  2.72,   47934,  3.11,   36288,  2.36
 966,453.00,   84442,  2.73,   48261,  3.13,   36181,  2.35
 967,454.00,   84280,  2.72,   48822,  3.17,   35458,  2.30
 968,455.00,   84220,  2.72,   49935,  3.24,   34285,  2.23
 969,456.00,   84771,  2.74,   50730,  3.29,   34041,  2.21
 970,457.00,   84107,  2.72,   50750,  3.30,   33357,  2.17
 971,458.00,   82717,  2.67,   50676,  3.29,   32041,  2.08
 972,459.00,   82210,  2.65,   51120,  3.32,   31090,  2.02
 973,460.00,   81962,  2.65,   51338,  3.33,   30624,  1.99
 974,461.00,   81607,  2.64,   51546,  3.35,   30061,  1.95
 975,462.00,   81418,  2.63,   51649,  3.35,   29769,  1.93
 976,463.00,   80988,  2.62,   51542,  3.35,   29446,  1.91
 977,464.00,   80618,  2.60,   51567,  3.35,   29051,  1.89
 978,465.00,   79968,  2.58,   51745,  3.36,   28223,  1.83
 979,466.00,   79636,  2.57,   52667,  3.42,   26969,  1.75
 980,467.00,   79807,  2.58,   53615,  3.48,   26192,  1.70
 981,468.00,   79417,  2.56,   53858,  3.50,   25559,  1.66
 982,469.00,   77591,  2.51,   53281,  3.46,   24310,  1.58
 983,470.00,   74947,  2.42,   51831,  3.37,   23116,  1.50
 984,471.00,   72989,  2.36,   50754,  3.30,   22235,  1.44
 985,472.00,   71584,  2.31,   50864,  3.30,   20720,  1.35
 986,473.00,   70482,  2.28,   51082,  3.32,   19400,  1.26
 987,474.00,   69584,  2.25,   50540,  3.28,   19044,  1.24
 988,475.00,   68427,  2.21,   49468,  3.21,   18959,  1.23
 989,476.00,   67325,  2.17,   48703,  3.16,   18622,  1.21
 990,477.00,   66762,  2.16,   48391,  3.14,   18371,  1.19
 991,478.00,   65759,  2.12,   47799,  3.10,   17960,  1.17
 992,479.00,   65356,  2.11,   47344,  3.07,   18012,  1.17
 993,480.00,   65121,  2.10,   47056,  3.06,   18065,  1.17
 994,481.00,   64705,  2.09,   46379,  3.01,   18326,  1.19
 995,482.00,   63821,  2.06,   45622,  2.96,   18199,  1.18
 996,483.00,   62262,  2.01,   44396,  2.88,   17866,  1.16
 997,484.00,   60894,  1.97,   42646,  2.77,   18248,  1.18
 998,485.00,   59350,  1.92,   41127,  2.67,   18223,  1.18
 999,486.00,   59250,  1.91,   40567,  2.63,   18683,  1.21
1000,487.00,   60153,  1.94,   40654,  2.64,   19499,  1.27
1001,488.00,   61605,  1.99,   41317,  2.68,   20288,  1.32
1002,489.00,   62350,  2.01,   41641,  2.70,   20709,  1.34
1003,490.00,   62899,  2.03,   42381,  2.75,   20518,  1.33
1004,491.00,   63020,  2.04,   42807,  2.78,   20213,  1.31
1005,492.00,   63390,  2.05,   43058,  2.80,   20332,  1.32
1006,493.00,   64719,  2.09,   43434,  2.82,   21285,  1.38
1007,494.00,   65551,  2.12,   43527,  2.83,   22024,  1.43
1008,495.00,   66409,  2.14,   43371,  2.82,   23038,  1.50
1009,496.00,   69224,  2.24,   44577,  2.89,   24647,  1.60
1010,497.00,   70988,  2.29,   45525,  2.96,   25463,  1.65
1011,498.00,   73272,  2.37,   47018,  3.05,   26254,  1.70
1012,499.00,   75884,  2.45,   49355,  3.20,   26529,  1.72
1013,500.00,   77726,  2.51,   50508,  3.28,   27218,  1.77
1014,501.00,   78119,  2.52,   49263,  3.20,   28856,  1.87
1015,502.00,   78055,  2.52,   47551,  3.09,   30504,  1.98
1016,503.00,   77831,  2.51,   45659,  2.96,   32172,  2.09
1017,504.00,   78395,  2.53,   44103,  2.86,   34292,  2.23
1018,505.00,   78836,  2.55,   43103,  2.80,   35733,  2.32
1019,506.00,   78936,  2.55,   42340,  2.75,   36596,  2.38
1020,507.00,   79040,  2.55,   42187,  2.74,   36853,  2.39
1021,508.00,   79360,  2.56,   41834,  2.72,   37526,  2.44
1022,509.00,   79414,  2.56,   41157,  2.67,   38257,  2.48
1023,510.00,   79075,  2.55,   40107,  2.60,   38968,  2.53
1024,511.00,   79959,  2.58,   39509,  2.57,   40450,  2.63
