-----------------------------------------------------------------------------------
Identifier:,IHS5922-20188301
File Name:,MDLP70B.4
Ear:,L
Channel:,2
Intensity:,70 dB HL
Stim. Rate:,  1.10/s
Stim. Mode:,0
Sweeps:,61
Artifacts:,1
Smp. Period:,1000.00 us
Amp. Gain:, 50.00 K
Low Pass:, 30.00 Hz
High Pass:,  1.00 Hz
Notch Filter:,TRUE
Stimulus:,100
Stim. Freq.:,1000 Hz
Stim. Dur.:,2000 pnts
Masking:,0 dB SPL
Stim. Point:,513
-----------------------------------------------------------------------------------
Peak Information:,Label,Peak(+),Peak(+)(ms),Peak(-),Peak(-)(ms)
,21, 937,424.00, 977,464.00,
-----------------------------------------------------------------------------------


Data Pnt:,Data Pnt(ms):,Average:,Average(uV):,Buffer1:,Buffer1(uV):,Buffer2:,Buffer2(uV):
   1,-512.00,       0,  0.00,       0,  0.00,       0,  0.00
   2,-511.00,       0,  0.00,       0,  0.00,       0,  0.00
   3,-510.00,       0,  0.00,       0,  0.00,       0,  0.00
   4,-509.00,       0,  0.00,       0,  0.00,       0,  0.00
   5,-508.00,       0,  0.00,       0,  0.00,       0,  0.00
   6,-507.00,       0,  0.00,       0,  0.00,       0,  0.00
   7,-506.00,       0,  0.00,       0,  0.00,       0,  0.00
   8,-505.00,       0,  0.00,       0,  0.00,       0,  0.00
   9,-504.00,       0,  0.00,       0,  0.00,       0,  0.00
  10,-503.00,       0,  0.00,       0,  0.00,       0,  0.00
  11,-502.00,       0,  0.00,       0,  0.00,       0,  0.00
  12,-501.00,       0,  0.00,       0,  0.00,       0,  0.00
  13,-500.00,       0,  0.00,       0,  0.00,       0,  0.00
  14,-499.00,       0,  0.00,       0,  0.00,       0,  0.00
  15,-498.00,       0,  0.00,       0,  0.00,       0,  0.00
  16,-497.00,       0,  0.00,       0,  0.00,       0,  0.00
  17,-496.00,       0,  0.00,       0,  0.00,       0,  0.00
  18,-495.00,       0,  0.00,       0,  0.00,       0,  0.00
  19,-494.00,       0,  0.00,       0,  0.00,       0,  0.00
  20,-493.00,       0,  0.00,       0,  0.00,       0,  0.00
  21,-492.00,       0,  0.00,       0,  0.00,       0,  0.00
  22,-491.00,       0,  0.00,       0,  0.00,       0,  0.00
  23,-490.00,       0,  0.00,       0,  0.00,       0,  0.00
  24,-489.00,       0,  0.00,       0,  0.00,       0,  0.00
  25,-488.00,       0,  0.00,       0,  0.00,       0,  0.00
  26,-487.00,       0,  0.00,       0,  0.00,       0,  0.00
  27,-486.00,       0,  0.00,       0,  0.00,       0,  0.00
  28,-485.00,       0,  0.00,       0,  0.00,       0,  0.00
  29,-484.00,       0,  0.00,       0,  0.00,       0,  0.00
  30,-483.00,       0,  0.00,       0,  0.00,       0,  0.00
  31,-482.00,       0,  0.00,       0,  0.00,       0,  0.00
  32,-481.00,       0,  0.00,       0,  0.00,       0,  0.00
  33,-480.00,       0,  0.00,       0,  0.00,       0,  0.00
  34,-479.00,       0,  0.00,       0,  0.00,       0,  0.00
  35,-478.00,       0,  0.00,       0,  0.00,       0,  0.00
  36,-477.00,       0,  0.00,       0,  0.00,       0,  0.00
  37,-476.00,       0,  0.00,       0,  0.00,       0,  0.00
  38,-475.00,       0,  0.00,       0,  0.00,       0,  0.00
  39,-474.00,       0,  0.00,       0,  0.00,       0,  0.00
  40,-473.00,       0,  0.00,       0,  0.00,       0,  0.00
  41,-472.00,       0,  0.00,       0,  0.00,       0,  0.00
  42,-471.00,       0,  0.00,       0,  0.00,       0,  0.00
  43,-470.00,       0,  0.00,       0,  0.00,       0,  0.00
  44,-469.00,       0,  0.00,       0,  0.00,       0,  0.00
  45,-468.00,       0,  0.00,       0,  0.00,       0,  0.00
  46,-467.00,       0,  0.00,       0,  0.00,       0,  0.00
  47,-466.00,       0,  0.00,       0,  0.00,       0,  0.00
  48,-465.00,       0,  0.00,       0,  0.00,       0,  0.00
  49,-464.00,       0,  0.00,       0,  0.00,       0,  0.00
  50,-463.00,       0,  0.00,       0,  0.00,       0,  0.00
  51,-462.00,       0,  0.00,       0,  0.00,       0,  0.00
  52,-461.00,       0,  0.00,       0,  0.00,       0,  0.00
  53,-460.00,       0,  0.00,       0,  0.00,       0,  0.00
  54,-459.00,       0,  0.00,       0,  0.00,       0,  0.00
  55,-458.00,       0,  0.00,       0,  0.00,       0,  0.00
  56,-457.00,       0,  0.00,       0,  0.00,       0,  0.00
  57,-456.00,       0,  0.00,       0,  0.00,       0,  0.00
  58,-455.00,       0,  0.00,       0,  0.00,       0,  0.00
  59,-454.00,       0,  0.00,       0,  0.00,       0,  0.00
  60,-453.00,       0,  0.00,       0,  0.00,       0,  0.00
  61,-452.00,       0,  0.00,       0,  0.00,       0,  0.00
  62,-451.00,       0,  0.00,       0,  0.00,       0,  0.00
  63,-450.00,       0,  0.00,       0,  0.00,       0,  0.00
  64,-449.00,       0,  0.00,       0,  0.00,       0,  0.00
  65,-448.00,       0,  0.00,       0,  0.00,       0,  0.00
  66,-447.00,       0,  0.00,       0,  0.00,       0,  0.00
  67,-446.00,       0,  0.00,       0,  0.00,       0,  0.00
  68,-445.00,       0,  0.00,       0,  0.00,       0,  0.00
  69,-444.00,       0,  0.00,       0,  0.00,       0,  0.00
  70,-443.00,       0,  0.00,       0,  0.00,       0,  0.00
  71,-442.00,       0,  0.00,       0,  0.00,       0,  0.00
  72,-441.00,       0,  0.00,       0,  0.00,       0,  0.00
  73,-440.00,       0,  0.00,       0,  0.00,       0,  0.00
  74,-439.00,       0,  0.00,       0,  0.00,       0,  0.00
  75,-438.00,       0,  0.00,       0,  0.00,       0,  0.00
  76,-437.00,       0,  0.00,       0,  0.00,       0,  0.00
  77,-436.00,       0,  0.00,       0,  0.00,       0,  0.00
  78,-435.00,       0,  0.00,       0,  0.00,       0,  0.00
  79,-434.00,       0,  0.00,       0,  0.00,       0,  0.00
  80,-433.00,       0,  0.00,       0,  0.00,       0,  0.00
  81,-432.00,       0,  0.00,       0,  0.00,       0,  0.00
  82,-431.00,       0,  0.00,       0,  0.00,       0,  0.00
  83,-430.00,       0,  0.00,       0,  0.00,       0,  0.00
  84,-429.00,       0,  0.00,       0,  0.00,       0,  0.00
  85,-428.00,       0,  0.00,       0,  0.00,       0,  0.00
  86,-427.00,       0,  0.00,       0,  0.00,       0,  0.00
  87,-426.00,       0,  0.00,       0,  0.00,       0,  0.00
  88,-425.00,       0,  0.00,       0,  0.00,       0,  0.00
  89,-424.00,       0,  0.00,       0,  0.00,       0,  0.00
  90,-423.00,       0,  0.00,       0,  0.00,       0,  0.00
  91,-422.00,       0,  0.00,       0,  0.00,       0,  0.00
  92,-421.00,       0,  0.00,       0,  0.00,       0,  0.00
  93,-420.00,       0,  0.00,       0,  0.00,       0,  0.00
  94,-419.00,       0,  0.00,       0,  0.00,       0,  0.00
  95,-418.00,       0,  0.00,       0,  0.00,       0,  0.00
  96,-417.00,       0,  0.00,       0,  0.00,       0,  0.00
  97,-416.00,       0,  0.00,       0,  0.00,       0,  0.00
  98,-415.00,       0,  0.00,       0,  0.00,       0,  0.00
  99,-414.00,       0,  0.00,       0,  0.00,       0,  0.00
 100,-413.00,       0,  0.00,       0,  0.00,       0,  0.00
 101,-412.00,       0,  0.00,       0,  0.00,       0,  0.00
 102,-411.00,       0,  0.00,       0,  0.00,       0,  0.00
 103,-410.00,       0,  0.00,       0,  0.00,       0,  0.00
 104,-409.00,       0,  0.00,       0,  0.00,       0,  0.00
 105,-408.00,       0,  0.00,       0,  0.00,       0,  0.00
 106,-407.00,       0,  0.00,       0,  0.00,       0,  0.00
 107,-406.00,       0,  0.00,       0,  0.00,       0,  0.00
 108,-405.00,       0,  0.00,       0,  0.00,       0,  0.00
 109,-404.00,       0,  0.00,       0,  0.00,       0,  0.00
 110,-403.00,       0,  0.00,       0,  0.00,       0,  0.00
 111,-402.00,       0,  0.00,       0,  0.00,       0,  0.00
 112,-401.00,       0,  0.00,       0,  0.00,       0,  0.00
 113,-400.00,       0,  0.00,       0,  0.00,       0,  0.00
 114,-399.00,       0,  0.00,       0,  0.00,       0,  0.00
 115,-398.00,       0,  0.00,       0,  0.00,       0,  0.00
 116,-397.00,    4767,  0.48,    8916,  1.81,   -4149, -0.84
 117,-396.00,    5766,  0.58,    8884,  1.81,   -3118, -0.63
 118,-395.00,    6677,  0.67,   10071,  2.05,   -3394, -0.69
 119,-394.00,    5960,  0.60,    9791,  1.99,   -3831, -0.78
 120,-393.00,    7469,  0.75,    9809,  2.00,   -2340, -0.48
 121,-392.00,    6241,  0.62,    8610,  1.75,   -2369, -0.48
 122,-391.00,    5963,  0.60,    8061,  1.64,   -2098, -0.43
 123,-390.00,    7793,  0.78,    9339,  1.90,   -1546, -0.31
 124,-389.00,    7344,  0.73,    9334,  1.90,   -1990, -0.40
 125,-388.00,    4715,  0.47,    7137,  1.45,   -2422, -0.49
 126,-387.00,    1232,  0.12,    4142,  0.84,   -2910, -0.59
 127,-386.00,   -1138, -0.11,    2095,  0.43,   -3233, -0.66
 128,-385.00,   -2826, -0.28,     853,  0.17,   -3679, -0.75
 129,-384.00,   -4782, -0.48,    -162, -0.03,   -4620, -0.94
 130,-383.00,   -6990, -0.70,   -1849, -0.38,   -5141, -1.05
 131,-382.00,   -7445, -0.74,   -2124, -0.43,   -5321, -1.08
 132,-381.00,   -7350, -0.74,   -2287, -0.47,   -5063, -1.03
 133,-380.00,   -9167, -0.92,   -3547, -0.72,   -5620, -1.14
 134,-379.00,   -9428, -0.94,   -3757, -0.76,   -5671, -1.15
 135,-378.00,  -10006, -1.00,   -4101, -0.83,   -5905, -1.20
 136,-377.00,  -10580, -1.06,   -4868, -0.99,   -5712, -1.16
 137,-376.00,  -10548, -1.06,   -4432, -0.90,   -6116, -1.24
 138,-375.00,  -11499, -1.15,   -5668, -1.15,   -5831, -1.19
 139,-374.00,  -12841, -1.28,   -7291, -1.48,   -5550, -1.13
 140,-373.00,  -12105, -1.21,   -7541, -1.53,   -4564, -0.93
 141,-372.00,   -9652, -0.97,   -6479, -1.32,   -3173, -0.65
 142,-371.00,   -7136, -0.71,   -4161, -0.85,   -2975, -0.61
 143,-370.00,   -6877, -0.69,   -4464, -0.91,   -2413, -0.49
 144,-369.00,   -8510, -0.85,   -6086, -1.24,   -2424, -0.49
 145,-368.00,   -8655, -0.87,   -6913, -1.41,   -1742, -0.35
 146,-367.00,   -8708, -0.87,   -7667, -1.56,   -1041, -0.21
 147,-366.00,   -6202, -0.62,   -6711, -1.37,     509,  0.10
 148,-365.00,   -5310, -0.53,   -6387, -1.30,    1077,  0.22
 149,-364.00,   -6957, -0.70,   -7865, -1.60,     908,  0.18
 150,-363.00,   -9251, -0.93,   -9876, -2.01,     625,  0.13
 151,-362.00,  -12417, -1.24,  -12240, -2.49,    -177, -0.04
 152,-361.00,  -14719, -1.47,  -13837, -2.82,    -882, -0.18
 153,-360.00,  -16013, -1.60,  -14654, -2.98,   -1359, -0.28
 154,-359.00,  -17887, -1.79,  -16619, -3.38,   -1268, -0.26
 155,-358.00,  -20556, -2.06,  -19566, -3.98,    -990, -0.20
 156,-357.00,  -23105, -2.31,  -22390, -4.56,    -715, -0.15
 157,-356.00,  -24332, -2.43,  -23495, -4.78,    -837, -0.17
 158,-355.00,  -25065, -2.51,  -23954, -4.87,   -1111, -0.23
 159,-354.00,  -26195, -2.62,  -25284, -5.14,    -911, -0.19
 160,-353.00,  -25815, -2.58,  -25950, -5.28,     135,  0.03
 161,-352.00,  -24349, -2.44,  -25017, -5.09,     668,  0.14
 162,-351.00,  -25264, -2.53,  -25321, -5.15,      57,  0.01
 163,-350.00,  -26855, -2.69,  -27154, -5.52,     299,  0.06
 164,-349.00,  -25698, -2.57,  -27220, -5.54,    1522,  0.31
 165,-348.00,  -26750, -2.68,  -29120, -5.92,    2370,  0.48
 166,-347.00,  -27367, -2.74,  -30166, -6.14,    2799,  0.57
 167,-346.00,  -27338, -2.74,  -30239, -6.15,    2901,  0.59
 168,-345.00,  -27610, -2.76,  -30009, -6.11,    2399,  0.49
 169,-344.00,  -27705, -2.77,  -30181, -6.14,    2476,  0.50
 170,-343.00,  -29380, -2.94,  -32125, -6.54,    2745,  0.56
 171,-342.00,  -32278, -3.23,  -34185, -6.96,    1907,  0.39
 172,-341.00,  -32859, -3.29,  -33620, -6.84,     761,  0.15
 173,-340.00,  -32738, -3.28,  -31288, -6.37,   -1450, -0.30
 174,-339.00,  -34704, -3.47,  -32009, -6.51,   -2695, -0.55
 175,-338.00,  -38491, -3.85,  -34270, -6.97,   -4221, -0.86
 176,-337.00,  -42076, -4.21,  -36739, -7.47,   -5337, -1.09
 177,-336.00,  -43952, -4.40,  -37743, -7.68,   -6209, -1.26
 178,-335.00,  -45974, -4.60,  -38943, -7.92,   -7031, -1.43
 179,-334.00,  -48680, -4.87,  -39782, -8.09,   -8898, -1.81
 180,-333.00,  -48884, -4.89,  -38721, -7.88,  -10163, -2.07
 181,-332.00,  -49494, -4.95,  -38789, -7.89,  -10705, -2.18
 182,-331.00,  -49696, -4.97,  -38786, -7.89,  -10910, -2.22
 183,-330.00,  -52288, -5.23,  -40011, -8.14,  -12277, -2.50
 184,-329.00,  -52622, -5.27,  -40581, -8.26,  -12041, -2.45
 185,-328.00,  -52158, -5.22,  -40950, -8.33,  -11208, -2.28
 186,-327.00,  -53476, -5.35,  -42014, -8.55,  -11462, -2.33
 187,-326.00,  -53873, -5.39,  -41446, -8.43,  -12427, -2.53
 188,-325.00,  -53963, -5.40,  -40737, -8.29,  -13226, -2.69
 189,-324.00,  -55144, -5.52,  -40777, -8.30,  -14367, -2.92
 190,-323.00,  -58453, -5.85,  -43600, -8.87,  -14853, -3.02
 191,-322.00,  -59829, -5.99,  -44951, -9.15,  -14878, -3.03
 192,-321.00,  -60343, -6.04,  -45118, -9.18,  -15225, -3.10
 193,-320.00,  -60865, -6.09,  -44746, -9.10,  -16119, -3.28
 194,-319.00,  -61984, -6.20,  -44610, -9.08,  -17374, -3.53
 195,-318.00,  -61868, -6.19,  -44351, -9.02,  -17517, -3.56
 196,-317.00,  -59841, -5.99,  -43321, -8.81,  -16520, -3.36
 197,-316.00,  -57406, -5.74,  -40610, -8.26,  -16796, -3.42
 198,-315.00,  -56219, -5.63,  -39021, -7.94,  -17198, -3.50
 199,-314.00,  -55109, -5.51,  -37380, -7.61,  -17729, -3.61
 200,-313.00,  -55620, -5.57,  -38364, -7.81,  -17256, -3.51
 201,-312.00,  -54283, -5.43,  -38689, -7.87,  -15594, -3.17
 202,-311.00,  -52138, -5.22,  -36735, -7.47,  -15403, -3.13
 203,-310.00,  -51480, -5.15,  -35773, -7.28,  -15707, -3.20
 204,-309.00,  -50124, -5.02,  -34270, -6.97,  -15854, -3.23
 205,-308.00,  -47505, -4.75,  -31835, -6.48,  -15670, -3.19
 206,-307.00,  -43499, -4.35,  -28840, -5.87,  -14659, -2.98
 207,-306.00,  -41589, -4.16,  -27266, -5.55,  -14323, -2.91
 208,-305.00,  -41254, -4.13,  -26931, -5.48,  -14323, -2.91
 209,-304.00,  -39572, -3.96,  -25041, -5.09,  -14531, -2.96
 210,-303.00,  -36558, -3.66,  -23534, -4.79,  -13024, -2.65
 211,-302.00,  -33336, -3.34,  -22721, -4.62,  -10615, -2.16
 212,-301.00,  -29469, -2.95,  -21175, -4.31,   -8294, -1.69
 213,-300.00,  -25891, -2.59,  -18466, -3.76,   -7425, -1.51
 214,-299.00,  -24990, -2.50,  -17329, -3.53,   -7661, -1.56
 215,-298.00,  -23409, -2.34,  -16401, -3.34,   -7008, -1.43
 216,-297.00,  -21989, -2.20,  -16199, -3.30,   -5790, -1.18
 217,-296.00,  -18908, -1.89,  -15047, -3.06,   -3861, -0.79
 218,-295.00,  -15950, -1.60,  -13959, -2.84,   -1991, -0.41
 219,-294.00,  -14262, -1.43,  -13343, -2.71,    -919, -0.19
 220,-293.00,  -11276, -1.13,  -11095, -2.26,    -181, -0.04
 221,-292.00,   -8832, -0.88,   -9819, -2.00,     987,  0.20
 222,-291.00,   -5214, -0.52,   -8365, -1.70,    3151,  0.64
 223,-290.00,   -1396, -0.14,   -6842, -1.39,    5446,  1.11
 224,-289.00,    1385,  0.14,   -6107, -1.24,    7492,  1.52
 225,-288.00,    4435,  0.44,   -5736, -1.17,   10171,  2.07
 226,-287.00,    8374,  0.84,   -3976, -0.81,   12350,  2.51
 227,-286.00,   11587,  1.16,   -2350, -0.48,   13937,  2.84
 228,-285.00,   12569,  1.26,   -1219, -0.25,   13788,  2.81
 229,-284.00,   13231,  1.32,    -658, -0.13,   13889,  2.83
 230,-283.00,   13301,  1.33,    -257, -0.05,   13558,  2.76
 231,-282.00,   12934,  1.29,    -358, -0.07,   13292,  2.70
 232,-281.00,   14441,  1.44,     596,  0.12,   13845,  2.82
 233,-280.00,   14349,  1.44,     229,  0.05,   14120,  2.87
 234,-279.00,   12928,  1.29,   -2166, -0.44,   15094,  3.07
 235,-278.00,   13282,  1.33,   -3058, -0.62,   16340,  3.32
 236,-277.00,   14745,  1.48,   -3479, -0.71,   18224,  3.71
 237,-276.00,   16113,  1.61,   -3367, -0.69,   19480,  3.96
 238,-275.00,   17650,  1.77,   -2450, -0.50,   20100,  4.09
 239,-274.00,   18754,  1.88,   -2372, -0.48,   21126,  4.30
 240,-273.00,   20554,  2.06,   -1545, -0.31,   22099,  4.50
 241,-272.00,   20687,  2.07,   -1227, -0.25,   21914,  4.46
 242,-271.00,   19566,  1.96,   -2122, -0.43,   21688,  4.41
 243,-270.00,   19015,  1.90,   -2582, -0.53,   21597,  4.39
 244,-269.00,   19250,  1.93,   -2816, -0.57,   22066,  4.49
 245,-268.00,   19708,  1.97,   -2840, -0.58,   22548,  4.59
 246,-267.00,   20365,  2.04,   -2315, -0.47,   22680,  4.61
 247,-266.00,   21393,  2.14,   -2416, -0.49,   23809,  4.84
 248,-265.00,   22151,  2.22,   -2382, -0.48,   24533,  4.99
 249,-264.00,   23239,  2.33,   -1205, -0.25,   24444,  4.97
 250,-263.00,   20612,  2.06,   -2184, -0.44,   22796,  4.64
 251,-262.00,   17956,  1.80,   -4029, -0.82,   21985,  4.47
 252,-261.00,   16534,  1.65,   -5277, -1.07,   21811,  4.44
 253,-260.00,   15522,  1.55,   -5079, -1.03,   20601,  4.19
 254,-259.00,   15264,  1.53,   -4178, -0.85,   19442,  3.96
 255,-258.00,   13210,  1.32,   -4846, -0.99,   18056,  3.67
 256,-257.00,   12357,  1.24,   -4792, -0.97,   17149,  3.49
 257,-256.00,   10878,  1.09,   -5264, -1.07,   16142,  3.28
 258,-255.00,    7355,  0.74,   -6818, -1.39,   14173,  2.88
 259,-254.00,    3432,  0.34,   -8859, -1.80,   12291,  2.50
 260,-253.00,    1566,  0.16,   -9310, -1.89,   10876,  2.21
 261,-252.00,   -1569, -0.16,  -10369, -2.11,    8800,  1.79
 262,-251.00,   -4429, -0.44,  -10815, -2.20,    6386,  1.30
 263,-250.00,   -5866, -0.59,  -10486, -2.13,    4620,  0.94
 264,-249.00,   -7020, -0.70,  -10772, -2.19,    3752,  0.76
 265,-248.00,   -8858, -0.89,  -12079, -2.46,    3221,  0.66
 266,-247.00,  -10871, -1.09,  -13172, -2.68,    2301,  0.47
 267,-246.00,  -12725, -1.27,  -14431, -2.94,    1706,  0.35
 268,-245.00,  -14042, -1.41,  -14692, -2.99,     650,  0.13
 269,-244.00,  -14836, -1.48,  -15670, -3.19,     834,  0.17
 270,-243.00,  -15417, -1.54,  -16757, -3.41,    1340,  0.27
 271,-242.00,  -15586, -1.56,  -15834, -3.22,     248,  0.05
 272,-241.00,  -16577, -1.66,  -15983, -3.25,    -594, -0.12
 273,-240.00,  -19342, -1.94,  -17526, -3.57,   -1816, -0.37
 274,-239.00,  -19094, -1.91,  -16571, -3.37,   -2523, -0.51
 275,-238.00,  -18947, -1.90,  -15592, -3.17,   -3355, -0.68
 276,-237.00,  -20709, -2.07,  -16606, -3.38,   -4103, -0.83
 277,-236.00,  -22729, -2.27,  -17988, -3.66,   -4741, -0.96
 278,-235.00,  -24019, -2.40,  -18867, -3.84,   -5152, -1.05
 279,-234.00,  -25810, -2.58,  -20252, -4.12,   -5558, -1.13
 280,-233.00,  -25730, -2.57,  -19888, -4.05,   -5842, -1.19
 281,-232.00,  -25117, -2.51,  -18983, -3.86,   -6134, -1.25
 282,-231.00,  -25802, -2.58,  -18224, -3.71,   -7578, -1.54
 283,-230.00,  -25667, -2.57,  -16789, -3.42,   -8878, -1.81
 284,-229.00,  -24994, -2.50,  -14136, -2.88,  -10858, -2.21
 285,-228.00,  -25764, -2.58,  -12886, -2.62,  -12878, -2.62
 286,-227.00,  -28015, -2.80,  -14143, -2.88,  -13872, -2.82
 287,-226.00,  -29054, -2.91,  -15564, -3.17,  -13490, -2.74
 288,-225.00,  -28666, -2.87,  -15454, -3.14,  -13212, -2.69
 289,-224.00,  -27562, -2.76,  -14980, -3.05,  -12582, -2.56
 290,-223.00,  -29451, -2.95,  -17135, -3.49,  -12316, -2.51
 291,-222.00,  -30322, -3.03,  -18498, -3.76,  -11824, -2.41
 292,-221.00,  -28496, -2.85,  -17471, -3.55,  -11025, -2.24
 293,-220.00,  -27491, -2.75,  -16762, -3.41,  -10729, -2.18
 294,-219.00,  -29761, -2.98,  -18107, -3.68,  -11654, -2.37
 295,-218.00,  -30722, -3.07,  -19007, -3.87,  -11715, -2.38
 296,-217.00,  -29498, -2.95,  -18068, -3.68,  -11430, -2.33
 297,-216.00,  -26321, -2.63,  -16400, -3.34,   -9921, -2.02
 298,-215.00,  -26113, -2.61,  -17065, -3.47,   -9048, -1.84
 299,-214.00,  -27640, -2.77,  -19089, -3.88,   -8551, -1.74
 300,-213.00,  -30487, -3.05,  -22055, -4.49,   -8432, -1.72
 301,-212.00,  -31709, -3.17,  -23556, -4.79,   -8153, -1.66
 302,-211.00,  -30593, -3.06,  -24239, -4.93,   -6354, -1.29
 303,-210.00,  -28179, -2.82,  -25399, -5.17,   -2780, -0.57
 304,-209.00,  -27024, -2.70,  -26056, -5.30,    -968, -0.20
 305,-208.00,  -28986, -2.90,  -27884, -5.67,   -1102, -0.22
 306,-207.00,  -29520, -2.95,  -30057, -6.12,     537,  0.11
 307,-206.00,  -28737, -2.88,  -30762, -6.26,    2025,  0.41
 308,-205.00,  -28316, -2.83,  -30929, -6.29,    2613,  0.53
 309,-204.00,  -30674, -3.07,  -32988, -6.71,    2314,  0.47
 310,-203.00,  -32858, -3.29,  -35123, -7.15,    2265,  0.46
 311,-202.00,  -33909, -3.39,  -36528, -7.43,    2619,  0.53
 312,-201.00,  -35539, -3.56,  -38356, -7.80,    2817,  0.57
 313,-200.00,  -33970, -3.40,  -38443, -7.82,    4473,  0.91
 314,-199.00,  -30449, -3.05,  -36534, -7.43,    6085,  1.24
 315,-198.00,  -29471, -2.95,  -35506, -7.22,    6035,  1.23
 316,-197.00,  -29265, -2.93,  -34909, -7.10,    5644,  1.15
 317,-196.00,  -29193, -2.92,  -34116, -6.94,    4923,  1.00
 318,-195.00,  -28544, -2.86,  -33039, -6.72,    4495,  0.91
 319,-194.00,  -27426, -2.74,  -32228, -6.56,    4802,  0.98
 320,-193.00,  -25002, -2.50,  -30774, -6.26,    5772,  1.17
 321,-192.00,  -20764, -2.08,  -27833, -5.66,    7069,  1.44
 322,-191.00,  -15493, -1.55,  -24140, -4.91,    8647,  1.76
 323,-190.00,  -11805, -1.18,  -22254, -4.53,   10449,  2.13
 324,-189.00,  -10286, -1.03,  -22296, -4.54,   12010,  2.44
 325,-188.00,  -11241, -1.12,  -23924, -4.87,   12683,  2.58
 326,-187.00,  -12140, -1.21,  -25633, -5.22,   13493,  2.75
 327,-186.00,  -11277, -1.13,  -26153, -5.32,   14876,  3.03
 328,-185.00,  -10072, -1.01,  -26019, -5.29,   15947,  3.24
 329,-184.00,   -6778, -0.68,  -25436, -5.18,   18658,  3.80
 330,-183.00,   -5154, -0.52,  -25025, -5.09,   19871,  4.04
 331,-182.00,   -5718, -0.57,  -25139, -5.11,   19421,  3.95
 332,-181.00,   -5406, -0.54,  -24477, -4.98,   19071,  3.88
 333,-180.00,   -3262, -0.33,  -22515, -4.58,   19253,  3.92
 334,-179.00,    -697, -0.07,  -19956, -4.06,   19259,  3.92
 335,-178.00,    1289,  0.13,  -17531, -3.57,   18820,  3.83
 336,-177.00,    3024,  0.30,  -15944, -3.24,   18968,  3.86
 337,-176.00,    3895,  0.39,  -14194, -2.89,   18089,  3.68
 338,-175.00,    4219,  0.42,  -13164, -2.68,   17383,  3.54
 339,-174.00,    5834,  0.58,  -11245, -2.29,   17079,  3.47
 340,-173.00,    5327,  0.53,  -10240, -2.08,   15567,  3.17
 341,-172.00,    4873,  0.49,   -8991, -1.83,   13864,  2.82
 342,-171.00,    5035,  0.50,   -8037, -1.64,   13072,  2.66
 343,-170.00,    6868,  0.69,   -5892, -1.20,   12760,  2.60
 344,-169.00,    7894,  0.79,   -3465, -0.70,   11359,  2.31
 345,-168.00,    8733,  0.87,   -1192, -0.24,    9925,  2.02
 346,-167.00,    8551,  0.86,     739,  0.15,    7812,  1.59
 347,-166.00,    8139,  0.81,    1769,  0.36,    6370,  1.30
 348,-165.00,    6350,  0.64,     538,  0.11,    5812,  1.18
 349,-164.00,    3323,  0.33,   -1270, -0.26,    4593,  0.93
 350,-163.00,    2387,  0.24,   -1662, -0.34,    4049,  0.82
 351,-162.00,    3071,  0.31,    -968, -0.20,    4039,  0.82
 352,-161.00,    3763,  0.38,     401,  0.08,    3362,  0.68
 353,-160.00,    2535,  0.25,    1171,  0.24,    1364,  0.28
 354,-159.00,     243,  0.02,     974,  0.20,    -731, -0.15
 355,-158.00,    -924, -0.09,     448,  0.09,   -1372, -0.28
 356,-157.00,   -2097, -0.21,     188,  0.04,   -2285, -0.46
 357,-156.00,   -3902, -0.39,    -124, -0.03,   -3778, -0.77
 358,-155.00,   -3895, -0.39,     735,  0.15,   -4630, -0.94
 359,-154.00,   -1883, -0.19,    2201,  0.45,   -4084, -0.83
 360,-153.00,     355,  0.04,    3464,  0.70,   -3109, -0.63
 361,-152.00,     961,  0.10,    4521,  0.92,   -3560, -0.72
 362,-151.00,     578,  0.06,    6224,  1.27,   -5646, -1.15
 363,-150.00,     907,  0.09,    8666,  1.76,   -7759, -1.58
 364,-149.00,     735,  0.07,    9587,  1.95,   -8852, -1.80
 365,-148.00,   -1315, -0.13,    8866,  1.80,  -10181, -2.07
 366,-147.00,   -3327, -0.33,    7638,  1.55,  -10965, -2.23
 367,-146.00,   -5476, -0.55,    6242,  1.27,  -11718, -2.38
 368,-145.00,   -6162, -0.62,    5844,  1.19,  -12006, -2.44
 369,-144.00,   -5651, -0.57,    7207,  1.47,  -12858, -2.62
 370,-143.00,   -6499, -0.65,    7630,  1.55,  -14129, -2.87
 371,-142.00,   -7369, -0.74,    8542,  1.74,  -15911, -3.24
 372,-141.00,   -8753, -0.88,    8960,  1.82,  -17713, -3.60
 373,-140.00,   -9509, -0.95,    9056,  1.84,  -18565, -3.78
 374,-139.00,  -11055, -1.11,    8306,  1.69,  -19361, -3.94
 375,-138.00,  -12570, -1.26,    7474,  1.52,  -20044, -4.08
 376,-137.00,  -12227, -1.22,    7032,  1.43,  -19259, -3.92
 377,-136.00,  -11855, -1.19,    7055,  1.44,  -18910, -3.85
 378,-135.00,  -11848, -1.19,    6888,  1.40,  -18736, -3.81
 379,-134.00,  -11084, -1.11,    7532,  1.53,  -18616, -3.79
 380,-133.00,   -9275, -0.93,    9572,  1.95,  -18847, -3.83
 381,-132.00,   -8536, -0.85,   10883,  2.21,  -19419, -3.95
 382,-131.00,   -9181, -0.92,   11370,  2.31,  -20551, -4.18
 383,-130.00,  -11052, -1.11,   11012,  2.24,  -22064, -4.49
 384,-129.00,  -10930, -1.09,   11392,  2.32,  -22322, -4.54
 385,-128.00,  -10474, -1.05,   11409,  2.32,  -21883, -4.45
 386,-127.00,  -10079, -1.01,   11403,  2.32,  -21482, -4.37
 387,-126.00,   -8396, -0.84,   12664,  2.58,  -21060, -4.28
 388,-125.00,   -6158, -0.62,   15312,  3.12,  -21470, -4.37
 389,-124.00,   -4376, -0.44,   16798,  3.42,  -21174, -4.31
 390,-123.00,   -3349, -0.34,   18301,  3.72,  -21650, -4.40
 391,-122.00,   -3204, -0.32,   18980,  3.86,  -22184, -4.51
 392,-121.00,   -3177, -0.32,   19251,  3.92,  -22428, -4.56
 393,-120.00,    -964, -0.10,   21259,  4.33,  -22223, -4.52
 394,-119.00,    1314,  0.13,   22106,  4.50,  -20792, -4.23
 395,-118.00,     371,  0.04,   20288,  4.13,  -19917, -4.05
 396,-117.00,    -578, -0.06,   19481,  3.96,  -20059, -4.08
 397,-116.00,    1264,  0.13,   20315,  4.13,  -19051, -3.88
 398,-115.00,    3291,  0.33,   20518,  4.17,  -17227, -3.50
 399,-114.00,    4334,  0.43,   20389,  4.15,  -16055, -3.27
 400,-113.00,    6550,  0.66,   20728,  4.22,  -14178, -2.88
 401,-112.00,    6951,  0.70,   20284,  4.13,  -13333, -2.71
 402,-111.00,    5755,  0.58,   19216,  3.91,  -13461, -2.74
 403,-110.00,    5459,  0.55,   18273,  3.72,  -12814, -2.61
 404,-109.00,    8080,  0.81,   18802,  3.83,  -10722, -2.18
 405,-108.00,    9172,  0.92,   18426,  3.75,   -9254, -1.88
 406,-107.00,   10121,  1.01,   18979,  3.86,   -8858, -1.80
 407,-106.00,   10765,  1.08,   17800,  3.62,   -7035, -1.43
 408,-105.00,   11815,  1.18,   15828,  3.22,   -4013, -0.82
 409,-104.00,   14226,  1.42,   16140,  3.28,   -1914, -0.39
 410,-103.00,   16269,  1.63,   17508,  3.56,   -1239, -0.25
 411,-102.00,   17095,  1.71,   17511,  3.56,    -416, -0.08
 412,-101.00,   19174,  1.92,   18056,  3.67,    1118,  0.23
 413,-100.00,   20218,  2.02,   17543,  3.57,    2675,  0.54
 414,-99.00,   20470,  2.05,   16735,  3.40,    3735,  0.76
 415,-98.00,   21484,  2.15,   17067,  3.47,    4417,  0.90
 416,-97.00,   22143,  2.22,   16209,  3.30,    5934,  1.21
 417,-96.00,   23499,  2.35,   15135,  3.08,    8364,  1.70
 418,-95.00,   25041,  2.51,   15099,  3.07,    9942,  2.02
 419,-94.00,   25872,  2.59,   14733,  3.00,   11139,  2.27
 420,-93.00,   26437,  2.65,   14294,  2.91,   12143,  2.47
 421,-92.00,   25821,  2.58,   13249,  2.70,   12572,  2.56
 422,-91.00,   24413,  2.44,   12582,  2.56,   11831,  2.41
 423,-90.00,   23759,  2.38,   11815,  2.40,   11944,  2.43
 424,-89.00,   22815,  2.28,   10525,  2.14,   12290,  2.50
 425,-88.00,   22564,  2.26,   10012,  2.04,   12552,  2.55
 426,-87.00,   23586,  2.36,    9797,  1.99,   13789,  2.81
 427,-86.00,   22678,  2.27,    8847,  1.80,   13831,  2.81
 428,-85.00,   22903,  2.29,    9486,  1.93,   13417,  2.73
 429,-84.00,   23234,  2.32,    9484,  1.93,   13750,  2.80
 430,-83.00,   22788,  2.28,    8285,  1.69,   14503,  2.95
 431,-82.00,   20274,  2.03,    5700,  1.16,   14574,  2.97
 432,-81.00,   16398,  1.64,    2457,  0.50,   13941,  2.84
 433,-80.00,   13861,  1.39,     982,  0.20,   12879,  2.62
 434,-79.00,   13418,  1.34,    1189,  0.24,   12229,  2.49
 435,-78.00,   13898,  1.39,    1643,  0.33,   12255,  2.49
 436,-77.00,   14976,  1.50,    3054,  0.62,   11922,  2.43
 437,-76.00,   13390,  1.34,    3062,  0.62,   10328,  2.10
 438,-75.00,   11807,  1.18,    2842,  0.58,    8965,  1.82
 439,-74.00,   10890,  1.09,    3197,  0.65,    7693,  1.57
 440,-73.00,   10084,  1.01,    3139,  0.64,    6945,  1.41
 441,-72.00,    9153,  0.92,    3138,  0.64,    6015,  1.22
 442,-71.00,   10058,  1.01,    4824,  0.98,    5234,  1.06
 443,-70.00,   11066,  1.11,    6214,  1.26,    4852,  0.99
 444,-69.00,   11045,  1.11,    7359,  1.50,    3686,  0.75
 445,-68.00,   11232,  1.12,    8484,  1.73,    2748,  0.56
 446,-67.00,   11146,  1.12,    9482,  1.93,    1664,  0.34
 447,-66.00,   11102,  1.11,   10769,  2.19,     333,  0.07
 448,-65.00,   13004,  1.30,   12792,  2.60,     212,  0.04
 449,-64.00,   13975,  1.40,   15044,  3.06,   -1069, -0.22
 450,-63.00,   13901,  1.39,   15973,  3.25,   -2072, -0.42
 451,-62.00,   14583,  1.46,   16866,  3.43,   -2283, -0.46
 452,-61.00,   14392,  1.44,   17762,  3.61,   -3370, -0.69
 453,-60.00,   12308,  1.23,   17337,  3.53,   -5029, -1.02
 454,-59.00,   10390,  1.04,   17209,  3.50,   -6819, -1.39
 455,-58.00,    9351,  0.94,   17466,  3.55,   -8115, -1.65
 456,-57.00,    9739,  0.97,   18297,  3.72,   -8558, -1.74
 457,-56.00,   10040,  1.00,   18964,  3.86,   -8924, -1.82
 458,-55.00,   11566,  1.16,   20923,  4.26,   -9357, -1.90
 459,-54.00,   11764,  1.18,   21884,  4.45,  -10120, -2.06
 460,-53.00,    7825,  0.78,   19500,  3.97,  -11675, -2.38
 461,-52.00,    5295,  0.53,   19585,  3.98,  -14290, -2.91
 462,-51.00,    4025,  0.40,   20551,  4.18,  -16526, -3.36
 463,-50.00,    2734,  0.27,   20568,  4.18,  -17834, -3.63
 464,-49.00,    1283,  0.13,   20945,  4.26,  -19662, -4.00
 465,-48.00,    -117, -0.01,   20437,  4.16,  -20554, -4.18
 466,-47.00,   -1771, -0.18,   19215,  3.91,  -20986, -4.27
 467,-46.00,   -3549, -0.36,   18856,  3.84,  -22405, -4.56
 468,-45.00,   -5229, -0.52,   17561,  3.57,  -22790, -4.64
 469,-44.00,   -7231, -0.72,   15449,  3.14,  -22680, -4.61
 470,-43.00,   -8876, -0.89,   13353,  2.72,  -22229, -4.52
 471,-42.00,   -8219, -0.82,   14001,  2.85,  -22220, -4.52
 472,-41.00,   -8535, -0.85,   13244,  2.69,  -21779, -4.43
 473,-40.00,   -8756, -0.88,   13019,  2.65,  -21775, -4.43
 474,-39.00,   -9786, -0.98,   12780,  2.60,  -22566, -4.59
 475,-38.00,  -10008, -1.00,   12729,  2.59,  -22737, -4.63
 476,-37.00,   -7844, -0.78,   15133,  3.08,  -22977, -4.67
 477,-36.00,   -6971, -0.70,   15992,  3.25,  -22963, -4.67
 478,-35.00,   -5498, -0.55,   16473,  3.35,  -21971, -4.47
 479,-34.00,   -1770, -0.18,   17311,  3.52,  -19081, -3.88
 480,-33.00,    1183,  0.12,   17489,  3.56,  -16306, -3.32
 481,-32.00,    2925,  0.29,   17954,  3.65,  -15029, -3.06
 482,-31.00,    4480,  0.45,   18851,  3.84,  -14371, -2.92
 483,-30.00,    5343,  0.53,   19010,  3.87,  -13667, -2.78
 484,-29.00,    9173,  0.92,   21660,  4.41,  -12487, -2.54
 485,-28.00,   12919,  1.29,   23927,  4.87,  -11008, -2.24
 486,-27.00,   14195,  1.42,   24128,  4.91,   -9933, -2.02
 487,-26.00,   14281,  1.43,   24102,  4.90,   -9821, -2.00
 488,-25.00,   16617,  1.66,   25247,  5.14,   -8630, -1.76
 489,-24.00,   17715,  1.77,   25120,  5.11,   -7405, -1.51
 490,-23.00,   18369,  1.84,   23805,  4.84,   -5436, -1.11
 491,-22.00,   19489,  1.95,   22627,  4.60,   -3138, -0.64
 492,-21.00,   22118,  2.21,   23124,  4.70,   -1006, -0.20
 493,-20.00,   25450,  2.55,   23338,  4.75,    2112,  0.43
 494,-19.00,   27834,  2.79,   22692,  4.62,    5142,  1.05
 495,-18.00,   28701,  2.87,   20851,  4.24,    7850,  1.60
 496,-17.00,   29544,  2.96,   20487,  4.17,    9057,  1.84
 497,-16.00,   29730,  2.97,   21177,  4.31,    8553,  1.74
 498,-15.00,   29264,  2.93,   21142,  4.30,    8122,  1.65
 499,-14.00,   30449,  3.05,   20886,  4.25,    9563,  1.95
 500,-13.00,   30675,  3.07,   20414,  4.15,   10261,  2.09
 501,-12.00,   30918,  3.09,   19792,  4.03,   11126,  2.26
 502,-11.00,   30976,  3.10,   19852,  4.04,   11124,  2.26
 503,-10.00,   31889,  3.19,   21342,  4.34,   10547,  2.15
 504,-9.00,   31681,  3.17,   21714,  4.42,    9967,  2.03
 505,-8.00,   30467,  3.05,   20657,  4.20,    9810,  2.00
 506,-7.00,   28242,  2.83,   18546,  3.77,    9696,  1.97
 507,-6.00,   25017,  2.50,   15901,  3.24,    9116,  1.85
 508,-5.00,   22522,  2.25,   13862,  2.82,    8660,  1.76
 509,-4.00,   19566,  1.96,   11789,  2.40,    7777,  1.58
 510,-3.00,   16959,  1.70,   10599,  2.16,    6360,  1.29
 511,-2.00,   12590,  1.26,    7913,  1.61,    4677,  0.95
 512,-1.00,    8611,  0.86,    5332,  1.08,    3279,  0.67
 513,0.00,    7914,  0.79,    5377,  1.09,    2537,  0.52
 514,1.00,    7345,  0.73,    5626,  1.14,    1719,  0.35
 515,2.00,    5623,  0.56,    5013,  1.02,     610,  0.12
 516,3.00,    3052,  0.31,    3114,  0.63,     -62, -0.01
 517,4.00,    1190,  0.12,    2941,  0.60,   -1751, -0.36
 518,5.00,   -2170, -0.22,    1276,  0.26,   -3446, -0.70
 519,6.00,   -5953, -0.60,   -1744, -0.35,   -4209, -0.86
 520,7.00,  -11250, -1.13,   -6464, -1.32,   -4786, -0.97
 521,8.00,  -15768, -1.58,  -10364, -2.11,   -5404, -1.10
 522,9.00,  -19570, -1.96,  -13331, -2.71,   -6239, -1.27
 523,10.00,  -20991, -2.10,  -13437, -2.73,   -7554, -1.54
 524,11.00,  -22490, -2.25,  -12640, -2.57,   -9850, -2.00
 525,12.00,  -24546, -2.46,  -13132, -2.67,  -11414, -2.32
 526,13.00,  -27046, -2.71,  -15180, -3.09,  -11866, -2.41
 527,14.00,  -30719, -3.07,  -17911, -3.64,  -12808, -2.61
 528,15.00,  -33713, -3.37,  -19959, -4.06,  -13754, -2.80
 529,16.00,  -35074, -3.51,  -20923, -4.26,  -14151, -2.88
 530,17.00,  -36508, -3.65,  -21676, -4.41,  -14832, -3.02
 531,18.00,  -38161, -3.82,  -22248, -4.53,  -15913, -3.24
 532,19.00,  -40139, -4.02,  -23096, -4.70,  -17043, -3.47
 533,20.00,  -41710, -4.17,  -24746, -5.03,  -16964, -3.45
 534,21.00,  -44363, -4.44,  -26547, -5.40,  -17816, -3.62
 535,22.00,  -46085, -4.61,  -26897, -5.47,  -19188, -3.90
 536,23.00,  -45243, -4.53,  -27221, -5.54,  -18022, -3.67
 537,24.00,  -41703, -4.17,  -25005, -5.09,  -16698, -3.40
 538,25.00,  -40778, -4.08,  -23221, -4.72,  -17557, -3.57
 539,26.00,  -40710, -4.07,  -22458, -4.57,  -18252, -3.71
 540,27.00,  -41646, -4.17,  -22489, -4.58,  -19157, -3.90
 541,28.00,  -43433, -4.35,  -22674, -4.61,  -20759, -4.22
 542,29.00,  -45047, -4.51,  -23545, -4.79,  -21502, -4.37
 543,30.00,  -44534, -4.46,  -23025, -4.68,  -21509, -4.38
 544,31.00,  -45893, -4.59,  -23995, -4.88,  -21898, -4.46
 545,32.00,  -47154, -4.72,  -24338, -4.95,  -22816, -4.64
 546,33.00,  -48720, -4.87,  -24579, -5.00,  -24141, -4.91
 547,34.00,  -49686, -4.97,  -25131, -5.11,  -24555, -5.00
 548,35.00,  -48117, -4.81,  -24893, -5.06,  -23224, -4.73
 549,36.00,  -46674, -4.67,  -24435, -4.97,  -22239, -4.52
 550,37.00,  -48136, -4.82,  -25114, -5.11,  -23022, -4.68
 551,38.00,  -50227, -5.03,  -26682, -5.43,  -23545, -4.79
 552,39.00,  -50537, -5.06,  -26034, -5.30,  -24503, -4.99
 553,40.00,  -49861, -4.99,  -24171, -4.92,  -25690, -5.23
 554,41.00,  -49463, -4.95,  -23636, -4.81,  -25827, -5.25
 555,42.00,  -49313, -4.93,  -23714, -4.82,  -25599, -5.21
 556,43.00,  -50007, -5.00,  -22960, -4.67,  -27047, -5.50
 557,44.00,  -49799, -4.98,  -21812, -4.44,  -27987, -5.69
 558,45.00,  -47680, -4.77,  -19998, -4.07,  -27682, -5.63
 559,46.00,  -45293, -4.53,  -18774, -3.82,  -26519, -5.40
 560,47.00,  -44348, -4.44,  -18418, -3.75,  -25930, -5.28
 561,48.00,  -44103, -4.41,  -18658, -3.80,  -25445, -5.18
 562,49.00,  -42209, -4.22,  -17501, -3.56,  -24708, -5.03
 563,50.00,  -38380, -3.84,  -14796, -3.01,  -23584, -4.80
 564,51.00,  -37418, -3.74,  -14432, -2.94,  -22986, -4.68
 565,52.00,  -36865, -3.69,  -14798, -3.01,  -22067, -4.49
 566,53.00,  -35870, -3.59,  -14900, -3.03,  -20970, -4.27
 567,54.00,  -35450, -3.55,  -14631, -2.98,  -20819, -4.24
 568,55.00,  -35769, -3.58,  -14305, -2.91,  -21464, -4.37
 569,56.00,  -37264, -3.73,  -15642, -3.18,  -21622, -4.40
 570,57.00,  -37020, -3.70,  -16901, -3.44,  -20119, -4.09
 571,58.00,  -36414, -3.64,  -18011, -3.66,  -18403, -3.74
 572,59.00,  -36259, -3.63,  -18919, -3.85,  -17340, -3.53
 573,60.00,  -34545, -3.46,  -17732, -3.61,  -16813, -3.42
 574,61.00,  -33314, -3.33,  -17615, -3.58,  -15699, -3.19
 575,62.00,  -33898, -3.39,  -19014, -3.87,  -14884, -3.03
 576,63.00,  -36767, -3.68,  -22039, -4.48,  -14728, -3.00
 577,64.00,  -36996, -3.70,  -22889, -4.66,  -14107, -2.87
 578,65.00,  -36778, -3.68,  -22947, -4.67,  -13831, -2.81
 579,66.00,  -35448, -3.55,  -21707, -4.42,  -13741, -2.80
 580,67.00,  -32886, -3.29,  -20177, -4.11,  -12709, -2.59
 581,68.00,  -32831, -3.29,  -21056, -4.28,  -11775, -2.40
 582,69.00,  -32670, -3.27,  -21594, -4.39,  -11076, -2.25
 583,70.00,  -33128, -3.31,  -22385, -4.55,  -10743, -2.19
 584,71.00,  -34121, -3.41,  -23408, -4.76,  -10713, -2.18
 585,72.00,  -33911, -3.39,  -23500, -4.78,  -10411, -2.12
 586,73.00,  -34855, -3.49,  -24058, -4.89,  -10797, -2.20
 587,74.00,  -35889, -3.59,  -24098, -4.90,  -11791, -2.40
 588,75.00,  -36782, -3.68,  -23303, -4.74,  -13479, -2.74
 589,76.00,  -38801, -3.88,  -24342, -4.95,  -14459, -2.94
 590,77.00,  -39737, -3.98,  -24032, -4.89,  -15705, -3.20
 591,78.00,  -40028, -4.01,  -23569, -4.80,  -16459, -3.35
 592,79.00,  -40697, -4.07,  -23085, -4.70,  -17612, -3.58
 593,80.00,  -41290, -4.13,  -23069, -4.69,  -18221, -3.71
 594,81.00,  -42918, -4.29,  -23881, -4.86,  -19037, -3.87
 595,82.00,  -44602, -4.46,  -24061, -4.90,  -20541, -4.18
 596,83.00,  -48849, -4.89,  -26962, -5.49,  -21887, -4.45
 597,84.00,  -52718, -5.27,  -29433, -5.99,  -23285, -4.74
 598,85.00,  -53797, -5.38,  -29677, -6.04,  -24120, -4.91
 599,86.00,  -52215, -5.22,  -27832, -5.66,  -24383, -4.96
 600,87.00,  -51330, -5.14,  -25672, -5.22,  -25658, -5.22
 601,88.00,  -50272, -5.03,  -23475, -4.78,  -26797, -5.45
 602,89.00,  -51478, -5.15,  -23457, -4.77,  -28021, -5.70
 603,90.00,  -52617, -5.26,  -23517, -4.78,  -29100, -5.92
 604,91.00,  -52266, -5.23,  -22922, -4.66,  -29344, -5.97
 605,92.00,  -52412, -5.24,  -23071, -4.69,  -29341, -5.97
 606,93.00,  -53320, -5.34,  -23086, -4.70,  -30234, -6.15
 607,94.00,  -54478, -5.45,  -23681, -4.82,  -30797, -6.27
 608,95.00,  -56770, -5.68,  -25559, -5.20,  -31211, -6.35
 609,96.00,  -59641, -5.97,  -27491, -5.59,  -32150, -6.54
 610,97.00,  -63897, -6.39,  -29899, -6.08,  -33998, -6.92
 611,98.00,  -67626, -6.77,  -32117, -6.53,  -35509, -7.22
 612,99.00,  -68037, -6.81,  -32539, -6.62,  -35498, -7.22
 613,100.00,  -68252, -6.83,  -33005, -6.72,  -35247, -7.17
 614,101.00,  -68806, -6.88,  -33756, -6.87,  -35050, -7.13
 615,102.00,  -69961, -7.00,  -33921, -6.90,  -36040, -7.33
 616,103.00,  -70986, -7.10,  -33064, -6.73,  -37922, -7.72
 617,104.00,  -72779, -7.28,  -34148, -6.95,  -38631, -7.86
 618,105.00,  -73976, -7.40,  -35788, -7.28,  -38188, -7.77
 619,106.00,  -76435, -7.65,  -37941, -7.72,  -38494, -7.83
 620,107.00,  -79575, -7.96,  -39940, -8.13,  -39635, -8.06
 621,108.00,  -80681, -8.07,  -41455, -8.43,  -39226, -7.98
 622,109.00,  -81470, -8.15,  -42967, -8.74,  -38503, -7.83
 623,110.00,  -81028, -8.11,  -43060, -8.76,  -37968, -7.72
 624,111.00,  -81003, -8.11,  -42750, -8.70,  -38253, -7.78
 625,112.00,  -80651, -8.07,  -42972, -8.74,  -37679, -7.67
 626,113.00,  -79463, -7.95,  -42717, -8.69,  -36746, -7.48
 627,114.00,  -78053, -7.81,  -42350, -8.62,  -35703, -7.26
 628,115.00,  -76435, -7.65,  -41484, -8.44,  -34951, -7.11
 629,116.00,  -73764, -7.38,  -39667, -8.07,  -34097, -6.94
 630,117.00,  -71187, -7.12,  -37886, -7.71,  -33301, -6.78
 631,118.00,  -67431, -6.75,  -35306, -7.18,  -32125, -6.54
 632,119.00,  -64421, -6.45,  -34193, -6.96,  -30228, -6.15
 633,120.00,  -60703, -6.07,  -33009, -6.72,  -27694, -5.63
 634,121.00,  -56388, -5.64,  -31223, -6.35,  -25165, -5.12
 635,122.00,  -53549, -5.36,  -30088, -6.12,  -23461, -4.77
 636,123.00,  -50464, -5.05,  -28650, -5.83,  -21814, -4.44
 637,124.00,  -46432, -4.65,  -26857, -5.46,  -19575, -3.98
 638,125.00,  -44492, -4.45,  -26549, -5.40,  -17943, -3.65
 639,126.00,  -42550, -4.26,  -25735, -5.24,  -16815, -3.42
 640,127.00,  -38909, -3.89,  -24058, -4.89,  -14851, -3.02
 641,128.00,  -35599, -3.56,  -22923, -4.66,  -12676, -2.58
 642,129.00,  -31306, -3.13,  -20833, -4.24,  -10473, -2.13
 643,130.00,  -27263, -2.73,  -18834, -3.83,   -8429, -1.71
 644,131.00,  -23775, -2.38,  -17869, -3.64,   -5906, -1.20
 645,132.00,  -21800, -2.18,  -16811, -3.42,   -4989, -1.02
 646,133.00,  -19278, -1.93,  -15145, -3.08,   -4133, -0.84
 647,134.00,  -15366, -1.54,  -12295, -2.50,   -3071, -0.62
 648,135.00,  -11933, -1.19,  -10601, -2.16,   -1332, -0.27
 649,136.00,   -9867, -0.99,  -10128, -2.06,     261,  0.05
 650,137.00,   -6852, -0.69,   -9166, -1.86,    2314,  0.47
 651,138.00,   -1314, -0.13,   -5908, -1.20,    4594,  0.93
 652,139.00,    3084,  0.31,   -3880, -0.79,    6964,  1.42
 653,140.00,    6562,  0.66,   -2101, -0.43,    8663,  1.76
 654,141.00,   10175,  1.02,     585,  0.12,    9590,  1.95
 655,142.00,   13261,  1.33,    2625,  0.53,   10636,  2.16
 656,143.00,   14356,  1.44,    2365,  0.48,   11991,  2.44
 657,144.00,   17452,  1.75,    3948,  0.80,   13504,  2.75
 658,145.00,   20591,  2.06,    6176,  1.26,   14415,  2.93
 659,146.00,   24614,  2.46,    8862,  1.80,   15752,  3.20
 660,147.00,   27549,  2.76,    9321,  1.90,   18228,  3.71
 661,148.00,   30216,  3.02,    9823,  2.00,   20393,  4.15
 662,149.00,   31989,  3.20,   10387,  2.11,   21602,  4.40
 663,150.00,   35255,  3.53,   12590,  2.56,   22665,  4.61
 664,151.00,   38727,  3.88,   16113,  3.28,   22614,  4.60
 665,152.00,   40943,  4.10,   18064,  3.68,   22879,  4.65
 666,153.00,   42403,  4.24,   19340,  3.93,   23063,  4.69
 667,154.00,   44785,  4.48,   21405,  4.35,   23380,  4.76
 668,155.00,   46969,  4.70,   23447,  4.77,   23522,  4.79
 669,156.00,   47882,  4.79,   24076,  4.90,   23806,  4.84
 670,157.00,   47361,  4.74,   23633,  4.81,   23728,  4.83
 671,158.00,   47554,  4.76,   23832,  4.85,   23722,  4.83
 672,159.00,   48180,  4.82,   24114,  4.91,   24066,  4.90
 673,160.00,   47929,  4.80,   23616,  4.80,   24313,  4.95
 674,161.00,   46921,  4.69,   23398,  4.76,   23523,  4.79
 675,162.00,   45592,  4.56,   23627,  4.81,   21965,  4.47
 676,163.00,   44122,  4.41,   23393,  4.76,   20729,  4.22
 677,164.00,   42582,  4.26,   23335,  4.75,   19247,  3.92
 678,165.00,   42093,  4.21,   24110,  4.91,   17983,  3.66
 679,166.00,   41944,  4.20,   23199,  4.72,   18745,  3.81
 680,167.00,   40472,  4.05,   21839,  4.44,   18633,  3.79
 681,168.00,   38064,  3.81,   19632,  3.99,   18432,  3.75
 682,169.00,   35186,  3.52,   18076,  3.68,   17110,  3.48
 683,170.00,   33338,  3.34,   16986,  3.46,   16352,  3.33
 684,171.00,   30863,  3.09,   15835,  3.22,   15028,  3.06
 685,172.00,   29340,  2.94,   15102,  3.07,   14238,  2.90
 686,173.00,   29732,  2.98,   16095,  3.27,   13637,  2.77
 687,174.00,   27924,  2.79,   16404,  3.34,   11520,  2.34
 688,175.00,   24168,  2.42,   15805,  3.22,    8363,  1.70
 689,176.00,   20830,  2.08,   14243,  2.90,    6587,  1.34
 690,177.00,   19561,  1.96,   14468,  2.94,    5093,  1.04
 691,178.00,   18492,  1.85,   14794,  3.01,    3698,  0.75
 692,179.00,   18288,  1.83,   15120,  3.08,    3168,  0.64
 693,180.00,   16679,  1.67,   15231,  3.10,    1448,  0.29
 694,181.00,   13881,  1.39,   13626,  2.77,     255,  0.05
 695,182.00,   10113,  1.01,   11060,  2.25,    -947, -0.19
 696,183.00,    8963,  0.90,   10814,  2.20,   -1851, -0.38
 697,184.00,    8609,  0.86,   10548,  2.15,   -1939, -0.39
 698,185.00,    6210,  0.62,    8439,  1.72,   -2229, -0.45
 699,186.00,    2734,  0.27,    5695,  1.16,   -2961, -0.60
 700,187.00,    -175, -0.02,    3390,  0.69,   -3565, -0.73
 701,188.00,    -346, -0.03,    2384,  0.49,   -2730, -0.56
 702,189.00,     484,  0.05,    1870,  0.38,   -1386, -0.28
 703,190.00,    -192, -0.02,     651,  0.13,    -843, -0.17
 704,191.00,   -2039, -0.20,    -863, -0.18,   -1176, -0.24
 705,192.00,   -3044, -0.30,   -1486, -0.30,   -1558, -0.32
 706,193.00,   -4157, -0.42,   -1904, -0.39,   -2253, -0.46
 707,194.00,   -4832, -0.48,   -2655, -0.54,   -2177, -0.44
 708,195.00,   -6826, -0.68,   -4109, -0.84,   -2717, -0.55
 709,196.00,   -7241, -0.72,   -4425, -0.90,   -2816, -0.57
 710,197.00,   -8521, -0.85,   -5472, -1.11,   -3049, -0.62
 711,198.00,  -11719, -1.17,   -7352, -1.50,   -4367, -0.89
 712,199.00,  -16075, -1.61,  -10107, -2.06,   -5968, -1.21
 713,200.00,  -19040, -1.91,  -11805, -2.40,   -7235, -1.47
 714,201.00,  -22078, -2.21,  -13984, -2.85,   -8094, -1.65
 715,202.00,  -24800, -2.48,  -15283, -3.11,   -9517, -1.94
 716,203.00,  -26730, -2.67,  -16340, -3.32,  -10390, -2.11
 717,204.00,  -29133, -2.92,  -17223, -3.50,  -11910, -2.42
 718,205.00,  -30568, -3.06,  -18051, -3.67,  -12517, -2.55
 719,206.00,  -33367, -3.34,  -19705, -4.01,  -13662, -2.78
 720,207.00,  -34908, -3.49,  -20473, -4.17,  -14435, -2.94
 721,208.00,  -35460, -3.55,  -20477, -4.17,  -14983, -3.05
 722,209.00,  -37951, -3.80,  -22295, -4.54,  -15656, -3.19
 723,210.00,  -39099, -3.91,  -22816, -4.64,  -16283, -3.31
 724,211.00,  -40685, -4.07,  -24083, -4.90,  -16602, -3.38
 725,212.00,  -43439, -4.35,  -25480, -5.18,  -17959, -3.65
 726,213.00,  -46693, -4.67,  -27665, -5.63,  -19028, -3.87
 727,214.00,  -48110, -4.81,  -28712, -5.84,  -19398, -3.95
 728,215.00,  -49112, -4.91,  -29610, -6.02,  -19502, -3.97
 729,216.00,  -52135, -5.22,  -31542, -6.42,  -20593, -4.19
 730,217.00,  -53868, -5.39,  -31989, -6.51,  -21879, -4.45
 731,218.00,  -53862, -5.39,  -30876, -6.28,  -22986, -4.68
 732,219.00,  -55294, -5.53,  -30353, -6.18,  -24941, -5.07
 733,220.00,  -58039, -5.81,  -30820, -6.27,  -27219, -5.54
 734,221.00,  -60146, -6.02,  -30920, -6.29,  -29226, -5.95
 735,222.00,  -62943, -6.30,  -32537, -6.62,  -30406, -6.19
 736,223.00,  -65256, -6.53,  -34630, -7.05,  -30626, -6.23
 737,224.00,  -65534, -6.56,  -34663, -7.05,  -30871, -6.28
 738,225.00,  -65214, -6.53,  -33264, -6.77,  -31950, -6.50
 739,226.00,  -65360, -6.54,  -32683, -6.65,  -32677, -6.65
 740,227.00,  -65960, -6.60,  -32575, -6.63,  -33385, -6.79
 741,228.00,  -65811, -6.59,  -32497, -6.61,  -33314, -6.78
 742,229.00,  -64219, -6.43,  -32309, -6.57,  -31910, -6.49
 743,230.00,  -64016, -6.41,  -33375, -6.79,  -30641, -6.23
 744,231.00,  -66170, -6.62,  -35301, -7.18,  -30869, -6.28
 745,232.00,  -66977, -6.70,  -37209, -7.57,  -29768, -6.06
 746,233.00,  -66958, -6.70,  -37633, -7.66,  -29325, -5.97
 747,234.00,  -64898, -6.49,  -36394, -7.40,  -28504, -5.80
 748,235.00,  -63991, -6.40,  -36359, -7.40,  -27632, -5.62
 749,236.00,  -61372, -6.14,  -35772, -7.28,  -25600, -5.21
 750,237.00,  -57917, -5.80,  -34475, -7.01,  -23442, -4.77
 751,238.00,  -53888, -5.39,  -32288, -6.57,  -21600, -4.39
 752,239.00,  -51564, -5.16,  -30934, -6.29,  -20630, -4.20
 753,240.00,  -50439, -5.05,  -29551, -6.01,  -20888, -4.25
 754,241.00,  -48635, -4.87,  -27807, -5.66,  -20828, -4.24
 755,242.00,  -45856, -4.59,  -25680, -5.22,  -20176, -4.10
 756,243.00,  -42980, -4.30,  -23006, -4.68,  -19974, -4.06
 757,244.00,  -37811, -3.78,  -19562, -3.98,  -18249, -3.71
 758,245.00,  -31958, -3.20,  -15171, -3.09,  -16787, -3.42
 759,246.00,  -27056, -2.71,  -10886, -2.21,  -16170, -3.29
 760,247.00,  -24251, -2.43,   -8487, -1.73,  -15764, -3.21
 761,248.00,  -21595, -2.16,   -6744, -1.37,  -14851, -3.02
 762,249.00,  -19373, -1.94,   -5281, -1.07,  -14092, -2.87
 763,250.00,  -17506, -1.75,   -3920, -0.80,  -13586, -2.76
 764,251.00,  -16441, -1.65,   -2631, -0.54,  -13810, -2.81
 765,252.00,  -14755, -1.48,    -945, -0.19,  -13810, -2.81
 766,253.00,  -14841, -1.49,   -1566, -0.32,  -13275, -2.70
 767,254.00,  -14621, -1.46,   -1991, -0.41,  -12630, -2.57
 768,255.00,  -14281, -1.43,   -1879, -0.38,  -12402, -2.52
 769,256.00,  -14625, -1.46,   -2344, -0.48,  -12281, -2.50
 770,257.00,  -15447, -1.55,   -3278, -0.67,  -12169, -2.48
 771,258.00,  -15718, -1.57,   -3579, -0.73,  -12139, -2.47
 772,259.00,  -16819, -1.68,   -4486, -0.91,  -12333, -2.51
 773,260.00,  -18650, -1.87,   -5540, -1.13,  -13110, -2.67
 774,261.00,  -19687, -1.97,   -6481, -1.32,  -13206, -2.69
 775,262.00,  -21545, -2.16,   -8168, -1.66,  -13377, -2.72
 776,263.00,  -23261, -2.33,   -9445, -1.92,  -13816, -2.81
 777,264.00,  -24969, -2.50,  -10735, -2.18,  -14234, -2.90
 778,265.00,  -24616, -2.46,  -10274, -2.09,  -14342, -2.92
 779,266.00,  -25587, -2.56,  -10158, -2.07,  -15429, -3.14
 780,267.00,  -26830, -2.68,   -9951, -2.02,  -16879, -3.43
 781,268.00,  -27983, -2.80,   -9757, -1.99,  -18226, -3.71
 782,269.00,  -27815, -2.78,   -9568, -1.95,  -18247, -3.71
 783,270.00,  -26986, -2.70,   -8664, -1.76,  -18322, -3.73
 784,271.00,  -25481, -2.55,   -7499, -1.53,  -17982, -3.66
 785,272.00,  -24286, -2.43,   -6600, -1.34,  -17686, -3.60
 786,273.00,  -23642, -2.37,   -6293, -1.28,  -17349, -3.53
 787,274.00,  -22278, -2.23,   -5442, -1.11,  -16836, -3.43
 788,275.00,  -21611, -2.16,   -4173, -0.85,  -17438, -3.55
 789,276.00,  -21172, -2.12,   -4384, -0.89,  -16788, -3.42
 790,277.00,  -21396, -2.14,   -5265, -1.07,  -16131, -3.28
 791,278.00,  -21970, -2.20,   -5436, -1.11,  -16534, -3.36
 792,279.00,  -22595, -2.26,   -4871, -0.99,  -17724, -3.61
 793,280.00,  -23008, -2.30,   -4318, -0.88,  -18690, -3.80
 794,281.00,  -23704, -2.37,   -4106, -0.84,  -19598, -3.99
 795,282.00,  -22375, -2.24,   -2828, -0.58,  -19547, -3.98
 796,283.00,  -20435, -2.04,   -1472, -0.30,  -18963, -3.86
 797,284.00,  -19355, -1.94,   -1842, -0.37,  -17513, -3.56
 798,285.00,  -17830, -1.78,   -1570, -0.32,  -16260, -3.31
 799,286.00,  -15958, -1.60,    -767, -0.16,  -15191, -3.09
 800,287.00,  -14146, -1.42,     194,  0.04,  -14340, -2.92
 801,288.00,  -12070, -1.21,    1295,  0.26,  -13365, -2.72
 802,289.00,  -11366, -1.14,    1237,  0.25,  -12603, -2.56
 803,290.00,  -10542, -1.05,    1227,  0.25,  -11769, -2.39
 804,291.00,   -9351, -0.94,    1598,  0.33,  -10949, -2.23
 805,292.00,   -7600, -0.76,    2920,  0.59,  -10520, -2.14
 806,293.00,   -4995, -0.50,    4085,  0.83,   -9080, -1.85
 807,294.00,   -2725, -0.27,    4250,  0.86,   -6975, -1.42
 808,295.00,     810,  0.08,    5467,  1.11,   -4657, -0.95
 809,296.00,    2730,  0.27,    6883,  1.40,   -4153, -0.84
 810,297.00,    3417,  0.34,    7618,  1.55,   -4201, -0.85
 811,298.00,    4812,  0.48,    8720,  1.77,   -3908, -0.80
 812,299.00,    8048,  0.81,   10431,  2.12,   -2383, -0.48
 813,300.00,   11211,  1.12,   11675,  2.38,    -464, -0.09
 814,301.00,   15146,  1.52,   13659,  2.78,    1487,  0.30
 815,302.00,   15839,  1.58,   13686,  2.78,    2153,  0.44
 816,303.00,   14705,  1.47,   12403,  2.52,    2302,  0.47
 817,304.00,   14561,  1.46,   11553,  2.35,    3008,  0.61
 818,305.00,   16178,  1.62,   11195,  2.28,    4983,  1.01
 819,306.00,   19054,  1.91,   11859,  2.41,    7195,  1.46
 820,307.00,   20462,  2.05,   12094,  2.46,    8368,  1.70
 821,308.00,   21000,  2.10,   11865,  2.41,    9135,  1.86
 822,309.00,   21952,  2.20,   12132,  2.47,    9820,  2.00
 823,310.00,   23351,  2.34,   12027,  2.45,   11324,  2.30
 824,311.00,   25320,  2.53,   12103,  2.46,   13217,  2.69
 825,312.00,   26258,  2.63,   11389,  2.32,   14869,  3.03
 826,313.00,   27478,  2.75,   10889,  2.22,   16589,  3.38
 827,314.00,   30226,  3.02,   11501,  2.34,   18725,  3.81
 828,315.00,   34996,  3.50,   14000,  2.85,   20996,  4.27
 829,316.00,   38932,  3.90,   16297,  3.32,   22635,  4.61
 830,317.00,   39751,  3.98,   16738,  3.41,   23013,  4.68
 831,318.00,   38805,  3.88,   15960,  3.25,   22845,  4.65
 832,319.00,   38430,  3.85,   14960,  3.04,   23470,  4.78
 833,320.00,   38661,  3.87,   14254,  2.90,   24407,  4.97
 834,321.00,   39580,  3.96,   14154,  2.88,   25426,  5.17
 835,322.00,   41253,  4.13,   15207,  3.09,   26046,  5.30
 836,323.00,   42132,  4.22,   15983,  3.25,   26149,  5.32
 837,324.00,   44284,  4.43,   17544,  3.57,   26740,  5.44
 838,325.00,   46360,  4.64,   19140,  3.89,   27220,  5.54
 839,326.00,   47234,  4.73,   19201,  3.91,   28033,  5.70
 840,327.00,   47156,  4.72,   18729,  3.81,   28427,  5.78
 841,328.00,   46912,  4.69,   18440,  3.75,   28472,  5.79
 842,329.00,   48369,  4.84,   19409,  3.95,   28960,  5.89
 843,330.00,   49241,  4.93,   20055,  4.08,   29186,  5.94
 844,331.00,   51936,  5.20,   22041,  4.48,   29895,  6.08
 845,332.00,   53307,  5.33,   22955,  4.67,   30352,  6.18
 846,333.00,   55063,  5.51,   24433,  4.97,   30630,  6.23
 847,334.00,   57681,  5.77,   26848,  5.46,   30833,  6.27
 848,335.00,   58671,  5.87,   28290,  5.76,   30381,  6.18
 849,336.00,   59589,  5.96,   28299,  5.76,   31290,  6.37
 850,337.00,   57949,  5.80,   27685,  5.63,   30264,  6.16
 851,338.00,   56443,  5.65,   28148,  5.73,   28295,  5.76
 852,339.00,   56294,  5.63,   29330,  5.97,   26964,  5.49
 853,340.00,   56506,  5.65,   29863,  6.08,   26643,  5.42
 854,341.00,   56167,  5.62,   29415,  5.98,   26752,  5.44
 855,342.00,   55149,  5.52,   28481,  5.79,   26668,  5.43
 856,343.00,   54054,  5.41,   28229,  5.74,   25825,  5.25
 857,344.00,   51581,  5.16,   27306,  5.56,   24275,  4.94
 858,345.00,   50637,  5.07,   27846,  5.67,   22791,  4.64
 859,346.00,   51197,  5.12,   29491,  6.00,   21706,  4.42
 860,347.00,   51802,  5.18,   30121,  6.13,   21681,  4.41
 861,348.00,   49727,  4.98,   29898,  6.08,   19829,  4.03
 862,349.00,   47843,  4.79,   29770,  6.06,   18073,  3.68
 863,350.00,   46248,  4.63,   30021,  6.11,   16227,  3.30
 864,351.00,   43339,  4.34,   29520,  6.01,   13819,  2.81
 865,352.00,   42996,  4.30,   29849,  6.07,   13147,  2.67
 866,353.00,   43086,  4.31,   30783,  6.26,   12303,  2.50
 867,354.00,   42704,  4.27,   31540,  6.42,   11164,  2.27
 868,355.00,   42554,  4.26,   32462,  6.60,   10092,  2.05
 869,356.00,   42740,  4.28,   32825,  6.68,    9915,  2.02
 870,357.00,   42087,  4.21,   32649,  6.64,    9438,  1.92
 871,358.00,   40576,  4.06,   32213,  6.55,    8363,  1.70
 872,359.00,   39166,  3.92,   32333,  6.58,    6833,  1.39
 873,360.00,   38035,  3.81,   32225,  6.56,    5810,  1.18
 874,361.00,   38049,  3.81,   32584,  6.63,    5465,  1.11
 875,362.00,   37621,  3.76,   33115,  6.74,    4506,  0.92
 876,363.00,   36481,  3.65,   33276,  6.77,    3205,  0.65
 877,364.00,   35506,  3.55,   32579,  6.63,    2927,  0.60
 878,365.00,   33728,  3.37,   31064,  6.32,    2664,  0.54
 879,366.00,   32413,  3.24,   30236,  6.15,    2177,  0.44
 880,367.00,   32200,  3.22,   28968,  5.89,    3232,  0.66
 881,368.00,   32212,  3.22,   28691,  5.84,    3521,  0.72
 882,369.00,   33764,  3.38,   29270,  5.96,    4494,  0.91
 883,370.00,   33299,  3.33,   28034,  5.70,    5265,  1.07
 884,371.00,   32430,  3.24,   27271,  5.55,    5159,  1.05
 885,372.00,   31662,  3.17,   26700,  5.43,    4962,  1.01
 886,373.00,   31883,  3.19,   26533,  5.40,    5350,  1.09
 887,374.00,   31028,  3.10,   25399,  5.17,    5629,  1.15
 888,375.00,   30476,  3.05,   24437,  4.97,    6039,  1.23
 889,376.00,   28139,  2.82,   22761,  4.63,    5378,  1.09
 890,377.00,   27019,  2.70,   21837,  4.44,    5182,  1.05
 891,378.00,   26833,  2.68,   21663,  4.41,    5170,  1.05
 892,379.00,   26614,  2.66,   22412,  4.56,    4202,  0.85
 893,380.00,   26660,  2.67,   23302,  4.74,    3358,  0.68
 894,381.00,   25101,  2.51,   22484,  4.57,    2617,  0.53
 895,382.00,   23145,  2.32,   20823,  4.24,    2322,  0.47
 896,383.00,   19162,  1.92,   18557,  3.78,     605,  0.12
 897,384.00,   16306,  1.63,   16911,  3.44,    -605, -0.12
 898,385.00,   15708,  1.57,   16348,  3.33,    -640, -0.13
 899,386.00,   14667,  1.47,   15781,  3.21,   -1114, -0.23
 900,387.00,   12618,  1.26,   14861,  3.02,   -2243, -0.46
 901,388.00,   11437,  1.14,   14658,  2.98,   -3221, -0.66
 902,389.00,    9974,  1.00,   14894,  3.03,   -4920, -1.00
 903,390.00,    9959,  1.00,   15222,  3.10,   -5263, -1.07
 904,391.00,    9571,  0.96,   14683,  2.99,   -5112, -1.04
 905,392.00,    7620,  0.76,   11954,  2.43,   -4334, -0.88
 906,393.00,    6094,  0.61,   10356,  2.11,   -4262, -0.87
 907,394.00,    4505,  0.45,    8712,  1.77,   -4207, -0.86
 908,395.00,    2867,  0.29,    7748,  1.58,   -4881, -0.99
 909,396.00,    2201,  0.22,    7200,  1.46,   -4999, -1.02
 910,397.00,    3377,  0.34,    7398,  1.51,   -4021, -0.82
 911,398.00,    5383,  0.54,    7842,  1.60,   -2459, -0.50
 912,399.00,    7214,  0.72,    7327,  1.49,    -113, -0.02
 913,400.00,    9028,  0.90,    8024,  1.63,    1004,  0.20
 914,401.00,   11434,  1.14,    9179,  1.87,    2255,  0.46
 915,402.00,   14438,  1.44,   10056,  2.05,    4382,  0.89
 916,403.00,   16754,  1.68,   11829,  2.41,    4925,  1.00
 917,404.00,   20390,  2.04,   14561,  2.96,    5829,  1.19
 918,405.00,   24212,  2.42,   16596,  3.38,    7616,  1.55
 919,406.00,   25401,  2.54,   16841,  3.43,    8560,  1.74
 920,407.00,   27313,  2.73,   17590,  3.58,    9723,  1.98
 921,408.00,   29889,  2.99,   19222,  3.91,   10667,  2.17
 922,409.00,   31396,  3.14,   19941,  4.06,   11455,  2.33
 923,410.00,   32192,  3.22,   20751,  4.22,   11441,  2.33
 924,411.00,   33350,  3.34,   21667,  4.41,   11683,  2.38
 925,412.00,   36716,  3.67,   22179,  4.51,   14537,  2.96
 926,413.00,   40501,  4.05,   22096,  4.50,   18405,  3.74
 927,414.00,   42797,  4.28,   22238,  4.52,   20559,  4.18
 928,415.00,   43396,  4.34,   22120,  4.50,   21276,  4.33
 929,416.00,   43374,  4.34,   22001,  4.48,   21373,  4.35
 930,417.00,   43240,  4.33,   21626,  4.40,   21614,  4.40
 931,418.00,   43228,  4.33,   20856,  4.24,   22372,  4.55
 932,419.00,   43734,  4.38,   20131,  4.10,   23603,  4.80
 933,420.00,   45063,  4.51,   21127,  4.30,   23936,  4.87
 934,421.00,   46478,  4.65,   21972,  4.47,   24506,  4.99
 935,422.00,   47637,  4.77,   22596,  4.60,   25041,  5.09
 936,423.00,   48673,  4.87,   22908,  4.66,   25765,  5.24
 937,424.00,   48533,  4.86,   22951,  4.67,   25582,  5.20
 938,425.00,   48615,  4.86,   22845,  4.65,   25770,  5.24
 939,426.00,   47502,  4.75,   22194,  4.52,   25308,  5.15
 940,427.00,   46363,  4.64,   21676,  4.41,   24687,  5.02
 941,428.00,   45582,  4.56,   21290,  4.33,   24292,  4.94
 942,429.00,   45312,  4.53,   21615,  4.40,   23697,  4.82
 943,430.00,   44438,  4.45,   21899,  4.46,   22539,  4.59
 944,431.00,   41478,  4.15,   20391,  4.15,   21087,  4.29
 945,432.00,   38581,  3.86,   18705,  3.81,   19876,  4.04
 946,433.00,   36933,  3.70,   18051,  3.67,   18882,  3.84
 947,434.00,   34327,  3.43,   16811,  3.42,   17516,  3.56
 948,435.00,   30842,  3.09,   15642,  3.18,   15200,  3.09
 949,436.00,   27740,  2.78,   13826,  2.81,   13914,  2.83
 950,437.00,   24540,  2.46,   11701,  2.38,   12839,  2.61
 951,438.00,   20594,  2.06,    8267,  1.68,   12327,  2.51
 952,439.00,   17408,  1.74,    5139,  1.05,   12269,  2.50
 953,440.00,   14037,  1.40,    3096,  0.63,   10941,  2.23
 954,441.00,   13686,  1.37,    2408,  0.49,   11278,  2.29
 955,442.00,   12509,  1.25,    1544,  0.31,   10965,  2.23
 956,443.00,   11751,  1.18,     617,  0.13,   11134,  2.27
 957,444.00,   10925,  1.09,    -457, -0.09,   11382,  2.32
 958,445.00,    9954,  1.00,   -1314, -0.27,   11268,  2.29
 959,446.00,    9259,  0.93,   -2418, -0.49,   11677,  2.38
 960,447.00,    8709,  0.87,   -2769, -0.56,   11478,  2.34
 961,448.00,    7770,  0.78,   -2550, -0.52,   10320,  2.10
 962,449.00,    5497,  0.55,   -3184, -0.65,    8681,  1.77
 963,450.00,    2213,  0.22,   -4660, -0.95,    6873,  1.40
 964,451.00,   -1562, -0.16,   -7078, -1.44,    5516,  1.12
 965,452.00,   -2719, -0.27,   -7724, -1.57,    5005,  1.02
 966,453.00,   -1955, -0.20,   -7337, -1.49,    5382,  1.10
 967,454.00,   -2357, -0.24,   -6865, -1.40,    4508,  0.92
 968,455.00,   -2956, -0.30,   -6175, -1.26,    3219,  0.65
 969,456.00,   -6363, -0.64,   -7234, -1.47,     871,  0.18
 970,457.00,   -9824, -0.98,   -8870, -1.80,    -954, -0.19
 971,458.00,  -11277, -1.13,   -9088, -1.85,   -2189, -0.45
 972,459.00,  -13412, -1.34,   -8784, -1.79,   -4628, -0.94
 973,460.00,  -15129, -1.51,   -8515, -1.73,   -6614, -1.35
 974,461.00,  -16381, -1.64,   -7740, -1.57,   -8641, -1.76
 975,462.00,  -16936, -1.69,   -6203, -1.26,  -10733, -2.18
 976,463.00,  -17241, -1.73,   -4880, -0.99,  -12361, -2.51
 977,464.00,  -17530, -1.75,   -4470, -0.91,  -13060, -2.66
 978,465.00,  -16010, -1.60,   -3166, -0.64,  -12844, -2.61
 979,466.00,  -13726, -1.37,   -1796, -0.37,  -11930, -2.43
 980,467.00,  -11137, -1.11,      25,  0.00,  -11162, -2.27
 981,468.00,   -9616, -0.96,    1832,  0.37,  -11448, -2.33
 982,469.00,   -9174, -0.92,    3739,  0.76,  -12913, -2.63
 983,470.00,   -9046, -0.91,    5228,  1.06,  -14274, -2.90
 984,471.00,   -9035, -0.90,    6403,  1.30,  -15438, -3.14
 985,472.00,   -8674, -0.87,    6852,  1.39,  -15526, -3.16
 986,473.00,   -6140, -0.61,    8815,  1.79,  -14955, -3.04
 987,474.00,   -4828, -0.48,   10612,  2.16,  -15440, -3.14
 988,475.00,   -4756, -0.48,   11971,  2.44,  -16727, -3.40
 989,476.00,   -4391, -0.44,   13623,  2.77,  -18014, -3.67
 990,477.00,   -3260, -0.33,   14452,  2.94,  -17712, -3.60
 991,478.00,    -443, -0.04,   15945,  3.24,  -16388, -3.33
 992,479.00,    1621,  0.16,   16633,  3.38,  -15012, -3.05
 993,480.00,     361,  0.04,   15435,  3.14,  -15074, -3.07
 994,481.00,   -1375, -0.14,   14527,  2.96,  -15902, -3.24
 995,482.00,    -695, -0.07,   14391,  2.93,  -15086, -3.07
 996,483.00,    1667,  0.17,   15218,  3.10,  -13551, -2.76
 997,484.00,    5207,  0.52,   17300,  3.52,  -12093, -2.46
 998,485.00,    6352,  0.64,   17081,  3.48,  -10729, -2.18
 999,486.00,    7951,  0.80,   16954,  3.45,   -9003, -1.83
1000,487.00,   11015,  1.10,   18551,  3.77,   -7536, -1.53
1001,488.00,   12843,  1.29,   20192,  4.11,   -7349, -1.50
1002,489.00,   15231,  1.52,   21888,  4.45,   -6657, -1.35
1003,490.00,   18536,  1.85,   23406,  4.76,   -4870, -0.99
1004,491.00,   20759,  2.08,   24380,  4.96,   -3621, -0.74
1005,492.00,   22127,  2.21,   24038,  4.89,   -1911, -0.39
1006,493.00,   24143,  2.42,   24072,  4.90,      71,  0.01
1007,494.00,   27513,  2.75,   24633,  5.01,    2880,  0.59
1008,495.00,   30087,  3.01,   25311,  5.15,    4776,  0.97
1009,496.00,   31342,  3.14,   24745,  5.03,    6597,  1.34
1010,497.00,   31404,  3.14,   23668,  4.82,    7736,  1.57
1011,498.00,   32561,  3.26,   23361,  4.75,    9200,  1.87
1012,499.00,   35793,  3.58,   23831,  4.85,   11962,  2.43
1013,500.00,   39478,  3.95,   24184,  4.92,   15294,  3.11
1014,501.00,   39921,  3.99,   23133,  4.71,   16788,  3.42
1015,502.00,   40395,  4.04,   21814,  4.44,   18581,  3.78
1016,503.00,   40687,  4.07,   20405,  4.15,   20282,  4.13
1017,504.00,   40807,  4.08,   19832,  4.03,   20975,  4.27
1018,505.00,   40776,  4.08,   19354,  3.94,   21422,  4.36
1019,506.00,   41329,  4.14,   18315,  3.73,   23014,  4.68
1020,507.00,   41714,  4.17,   17377,  3.54,   24337,  4.95
1021,508.00,   41474,  4.15,   16250,  3.31,   25224,  5.13
1022,509.00,   41775,  4.18,   15676,  3.19,   26099,  5.31
1023,510.00,   43639,  4.37,   15829,  3.22,   27810,  5.66
1024,511.00,   43952,  4.40,   14808,  3.01,   29144,  5.93
