-----------------------------------------------------------------------------------
Identifier:,IHS5922-20187G01
File Name:,MFRP70A.3
Ear:,R
Channel:,1
Intensity:,70 dB HL
Stim. Rate:,  1.10/s
Stim. Mode:,0
Sweeps:,180
Artifacts:,61
Smp. Period:,1000.00 us
Amp. Gain:, 50.00 K
Low Pass:, 30.00 Hz
High Pass:,  1.00 Hz
Notch Filter:,TRUE
Stimulus:,100
Stim. Freq.:,1000 Hz
Stim. Dur.:,2000 pnts
Masking:,0 dB SPL
Stim. Point:,513
-----------------------------------------------------------------------------------
Peak Information:,Label,Peak(+),Peak(+)(ms),Peak(-),Peak(-)(ms)
,20, 760,247.00, 830,317.00,
,19, 651,138.00, 760,247.00,
,18, 595,82.00, 651,138.00,
-----------------------------------------------------------------------------------


Data Pnt:,Data Pnt(ms):,Average:,Average(uV):,Buffer1:,Buffer1(uV):,Buffer2:,Buffer2(uV):
   1,-512.00,       0,  0.00,       0,  0.00,       0,  0.00
   2,-511.00,       0,  0.00,       0,  0.00,       0,  0.00
   3,-510.00,       0,  0.00,       0,  0.00,       0,  0.00
   4,-509.00,       0,  0.00,       0,  0.00,       0,  0.00
   5,-508.00,       0,  0.00,       0,  0.00,       0,  0.00
   6,-507.00,       0,  0.00,       0,  0.00,       0,  0.00
   7,-506.00,       0,  0.00,       0,  0.00,       0,  0.00
   8,-505.00,       0,  0.00,       0,  0.00,       0,  0.00
   9,-504.00,       0,  0.00,       0,  0.00,       0,  0.00
  10,-503.00,       0,  0.00,       0,  0.00,       0,  0.00
  11,-502.00,       0,  0.00,       0,  0.00,       0,  0.00
  12,-501.00,       0,  0.00,       0,  0.00,       0,  0.00
  13,-500.00,       0,  0.00,       0,  0.00,       0,  0.00
  14,-499.00,       0,  0.00,       0,  0.00,       0,  0.00
  15,-498.00,       0,  0.00,       0,  0.00,       0,  0.00
  16,-497.00,       0,  0.00,       0,  0.00,       0,  0.00
  17,-496.00,       0,  0.00,       0,  0.00,       0,  0.00
  18,-495.00,       0,  0.00,       0,  0.00,       0,  0.00
  19,-494.00,       0,  0.00,       0,  0.00,       0,  0.00
  20,-493.00,       0,  0.00,       0,  0.00,       0,  0.00
  21,-492.00,       0,  0.00,       0,  0.00,       0,  0.00
  22,-491.00,       0,  0.00,       0,  0.00,       0,  0.00
  23,-490.00,       0,  0.00,       0,  0.00,       0,  0.00
  24,-489.00,       0,  0.00,       0,  0.00,       0,  0.00
  25,-488.00,       0,  0.00,       0,  0.00,       0,  0.00
  26,-487.00,       0,  0.00,       0,  0.00,       0,  0.00
  27,-486.00,       0,  0.00,       0,  0.00,       0,  0.00
  28,-485.00,       0,  0.00,       0,  0.00,       0,  0.00
  29,-484.00,       0,  0.00,       0,  0.00,       0,  0.00
  30,-483.00,       0,  0.00,       0,  0.00,       0,  0.00
  31,-482.00,       0,  0.00,       0,  0.00,       0,  0.00
  32,-481.00,       0,  0.00,       0,  0.00,       0,  0.00
  33,-480.00,       0,  0.00,       0,  0.00,       0,  0.00
  34,-479.00,       0,  0.00,       0,  0.00,       0,  0.00
  35,-478.00,       0,  0.00,       0,  0.00,       0,  0.00
  36,-477.00,       0,  0.00,       0,  0.00,       0,  0.00
  37,-476.00,       0,  0.00,       0,  0.00,       0,  0.00
  38,-475.00,       0,  0.00,       0,  0.00,       0,  0.00
  39,-474.00,       0,  0.00,       0,  0.00,       0,  0.00
  40,-473.00,       0,  0.00,       0,  0.00,       0,  0.00
  41,-472.00,       0,  0.00,       0,  0.00,       0,  0.00
  42,-471.00,       0,  0.00,       0,  0.00,       0,  0.00
  43,-470.00,       0,  0.00,       0,  0.00,       0,  0.00
  44,-469.00,       0,  0.00,       0,  0.00,       0,  0.00
  45,-468.00,       0,  0.00,       0,  0.00,       0,  0.00
  46,-467.00,       0,  0.00,       0,  0.00,       0,  0.00
  47,-466.00,       0,  0.00,       0,  0.00,       0,  0.00
  48,-465.00,       0,  0.00,       0,  0.00,       0,  0.00
  49,-464.00,       0,  0.00,       0,  0.00,       0,  0.00
  50,-463.00,       0,  0.00,       0,  0.00,       0,  0.00
  51,-462.00,       0,  0.00,       0,  0.00,       0,  0.00
  52,-461.00,       0,  0.00,       0,  0.00,       0,  0.00
  53,-460.00,       0,  0.00,       0,  0.00,       0,  0.00
  54,-459.00,       0,  0.00,       0,  0.00,       0,  0.00
  55,-458.00,       0,  0.00,       0,  0.00,       0,  0.00
  56,-457.00,       0,  0.00,       0,  0.00,       0,  0.00
  57,-456.00,       0,  0.00,       0,  0.00,       0,  0.00
  58,-455.00,       0,  0.00,       0,  0.00,       0,  0.00
  59,-454.00,       0,  0.00,       0,  0.00,       0,  0.00
  60,-453.00,       0,  0.00,       0,  0.00,       0,  0.00
  61,-452.00,       0,  0.00,       0,  0.00,       0,  0.00
  62,-451.00,       0,  0.00,       0,  0.00,       0,  0.00
  63,-450.00,       0,  0.00,       0,  0.00,       0,  0.00
  64,-449.00,       0,  0.00,       0,  0.00,       0,  0.00
  65,-448.00,       0,  0.00,       0,  0.00,       0,  0.00
  66,-447.00,       0,  0.00,       0,  0.00,       0,  0.00
  67,-446.00,       0,  0.00,       0,  0.00,       0,  0.00
  68,-445.00,       0,  0.00,       0,  0.00,       0,  0.00
  69,-444.00,       0,  0.00,       0,  0.00,       0,  0.00
  70,-443.00,       0,  0.00,       0,  0.00,       0,  0.00
  71,-442.00,       0,  0.00,       0,  0.00,       0,  0.00
  72,-441.00,       0,  0.00,       0,  0.00,       0,  0.00
  73,-440.00,       0,  0.00,       0,  0.00,       0,  0.00
  74,-439.00,       0,  0.00,       0,  0.00,       0,  0.00
  75,-438.00,       0,  0.00,       0,  0.00,       0,  0.00
  76,-437.00,       0,  0.00,       0,  0.00,       0,  0.00
  77,-436.00,       0,  0.00,       0,  0.00,       0,  0.00
  78,-435.00,       0,  0.00,       0,  0.00,       0,  0.00
  79,-434.00,       0,  0.00,       0,  0.00,       0,  0.00
  80,-433.00,       0,  0.00,       0,  0.00,       0,  0.00
  81,-432.00,       0,  0.00,       0,  0.00,       0,  0.00
  82,-431.00,       0,  0.00,       0,  0.00,       0,  0.00
  83,-430.00,       0,  0.00,       0,  0.00,       0,  0.00
  84,-429.00,       0,  0.00,       0,  0.00,       0,  0.00
  85,-428.00,       0,  0.00,       0,  0.00,       0,  0.00
  86,-427.00,       0,  0.00,       0,  0.00,       0,  0.00
  87,-426.00,       0,  0.00,       0,  0.00,       0,  0.00
  88,-425.00,       0,  0.00,       0,  0.00,       0,  0.00
  89,-424.00,       0,  0.00,       0,  0.00,       0,  0.00
  90,-423.00,       0,  0.00,       0,  0.00,       0,  0.00
  91,-422.00,       0,  0.00,       0,  0.00,       0,  0.00
  92,-421.00,       0,  0.00,       0,  0.00,       0,  0.00
  93,-420.00,       0,  0.00,       0,  0.00,       0,  0.00
  94,-419.00,       0,  0.00,       0,  0.00,       0,  0.00
  95,-418.00,       0,  0.00,       0,  0.00,       0,  0.00
  96,-417.00,       0,  0.00,       0,  0.00,       0,  0.00
  97,-416.00,       0,  0.00,       0,  0.00,       0,  0.00
  98,-415.00,       0,  0.00,       0,  0.00,       0,  0.00
  99,-414.00,       0,  0.00,       0,  0.00,       0,  0.00
 100,-413.00,       0,  0.00,       0,  0.00,       0,  0.00
 101,-412.00,       0,  0.00,       0,  0.00,       0,  0.00
 102,-411.00,       0,  0.00,       0,  0.00,       0,  0.00
 103,-410.00,       0,  0.00,       0,  0.00,       0,  0.00
 104,-409.00,       0,  0.00,       0,  0.00,       0,  0.00
 105,-408.00,       0,  0.00,       0,  0.00,       0,  0.00
 106,-407.00,       0,  0.00,       0,  0.00,       0,  0.00
 107,-406.00,       0,  0.00,       0,  0.00,       0,  0.00
 108,-405.00,       0,  0.00,       0,  0.00,       0,  0.00
 109,-404.00,       0,  0.00,       0,  0.00,       0,  0.00
 110,-403.00,       0,  0.00,       0,  0.00,       0,  0.00
 111,-402.00,       0,  0.00,       0,  0.00,       0,  0.00
 112,-401.00,       0,  0.00,       0,  0.00,       0,  0.00
 113,-400.00,       0,  0.00,       0,  0.00,       0,  0.00
 114,-399.00,       0,  0.00,       0,  0.00,       0,  0.00
 115,-398.00,       0,  0.00,       0,  0.00,       0,  0.00
 116,-397.00,   -6679, -0.23,   -6154, -0.42,    -525, -0.04
 117,-396.00,   -7672, -0.26,   -6868, -0.47,    -804, -0.05
 118,-395.00,   -7644, -0.26,   -7348, -0.50,    -296, -0.02
 119,-394.00,   -8683, -0.29,   -7752, -0.53,    -931, -0.06
 120,-393.00,   -9499, -0.32,   -8490, -0.58,   -1009, -0.07
 121,-392.00,   -8771, -0.30,   -8087, -0.55,    -684, -0.05
 122,-391.00,   -8469, -0.29,   -8311, -0.56,    -158, -0.01
 123,-390.00,   -8753, -0.30,   -8654, -0.59,     -99, -0.00
 124,-389.00,   -8935, -0.30,   -9157, -0.62,     222,  0.02
 125,-388.00,   -8588, -0.29,   -9565, -0.65,     977,  0.07
 126,-387.00,   -8242, -0.28,   -9841, -0.67,    1599,  0.11
 127,-386.00,   -8014, -0.27,   -9529, -0.65,    1515,  0.10
 128,-385.00,   -8244, -0.28,   -9630, -0.65,    1386,  0.09
 129,-384.00,   -8764, -0.30,  -10785, -0.73,    2021,  0.14
 130,-383.00,   -8234, -0.28,  -11399, -0.77,    3165,  0.21
 131,-382.00,   -8126, -0.28,  -12149, -0.82,    4023,  0.27
 132,-381.00,   -9162, -0.31,  -12221, -0.83,    3059,  0.21
 133,-380.00,   -9579, -0.32,  -12029, -0.82,    2450,  0.17
 134,-379.00,   -9128, -0.31,  -11073, -0.75,    1945,  0.13
 135,-378.00,   -7304, -0.25,   -9756, -0.66,    2452,  0.17
 136,-377.00,   -5901, -0.20,   -8852, -0.60,    2951,  0.20
 137,-376.00,   -5428, -0.18,   -9087, -0.62,    3659,  0.25
 138,-375.00,   -5460, -0.19,   -9423, -0.64,    3963,  0.27
 139,-374.00,   -4787, -0.16,   -9964, -0.68,    5177,  0.35
 140,-373.00,   -4489, -0.15,  -10979, -0.74,    6490,  0.44
 141,-372.00,   -3991, -0.14,  -10984, -0.74,    6993,  0.47
 142,-371.00,   -3419, -0.12,  -10365, -0.70,    6946,  0.47
 143,-370.00,   -1518, -0.05,   -9004, -0.61,    7486,  0.51
 144,-369.00,    -734, -0.02,   -8329, -0.56,    7595,  0.52
 145,-368.00,   -1099, -0.04,   -8562, -0.58,    7463,  0.51
 146,-367.00,   -1053, -0.04,   -9117, -0.62,    8064,  0.55
 147,-366.00,    -276, -0.00,   -8979, -0.61,    8703,  0.59
 148,-365.00,     982,  0.03,   -8204, -0.56,    9186,  0.62
 149,-364.00,    1506,  0.05,   -6702, -0.45,    8208,  0.56
 150,-363.00,    2155,  0.07,   -5835, -0.40,    7990,  0.54
 151,-362.00,    1214,  0.04,   -5878, -0.40,    7092,  0.48
 152,-361.00,     594,  0.02,   -5323, -0.36,    5917,  0.40
 153,-360.00,    1268,  0.04,   -4243, -0.29,    5511,  0.37
 154,-359.00,    1448,  0.05,   -3411, -0.23,    4859,  0.33
 155,-358.00,     386,  0.01,   -2934, -0.20,    3320,  0.23
 156,-357.00,    1119,  0.04,   -2934, -0.20,    4053,  0.27
 157,-356.00,    1129,  0.04,   -2845, -0.19,    3974,  0.27
 158,-355.00,     833,  0.03,   -2363, -0.16,    3196,  0.22
 159,-354.00,     828,  0.03,   -2556, -0.17,    3384,  0.23
 160,-353.00,    1361,  0.05,   -2446, -0.17,    3807,  0.26
 161,-352.00,    2454,  0.08,   -1899, -0.13,    4353,  0.30
 162,-351.00,    1889,  0.06,   -1417, -0.10,    3306,  0.22
 163,-350.00,    1918,  0.07,   -1473, -0.10,    3391,  0.23
 164,-349.00,    3435,  0.12,   -2036, -0.14,    5471,  0.37
 165,-348.00,    5104,  0.17,   -2563, -0.17,    7667,  0.52
 166,-347.00,    7510,  0.25,   -2360, -0.16,    9870,  0.67
 167,-346.00,    8605,  0.29,   -2579, -0.17,   11184,  0.76
 168,-345.00,    7486,  0.25,   -3579, -0.24,   11065,  0.75
 169,-344.00,    5451,  0.18,   -4847, -0.33,   10298,  0.70
 170,-343.00,    4332,  0.15,   -6655, -0.45,   10987,  0.75
 171,-342.00,    3381,  0.11,   -8264, -0.56,   11645,  0.79
 172,-341.00,    3126,  0.11,   -9760, -0.66,   12886,  0.87
 173,-340.00,    3153,  0.11,  -10477, -0.71,   13630,  0.92
 174,-339.00,    1603,  0.05,  -11504, -0.78,   13107,  0.89
 175,-338.00,    -747, -0.03,  -13311, -0.90,   12564,  0.85
 176,-337.00,   -4972, -0.17,  -15806, -1.07,   10834,  0.73
 177,-336.00,   -7986, -0.27,  -17044, -1.16,    9058,  0.61
 178,-335.00,   -9886, -0.34,  -18025, -1.22,    8139,  0.55
 179,-334.00,   -9711, -0.33,  -17762, -1.20,    8051,  0.55
 180,-333.00,   -9872, -0.33,  -17627, -1.20,    7755,  0.53
 181,-332.00,  -10741, -0.36,  -17658, -1.20,    6917,  0.47
 182,-331.00,  -12066, -0.41,  -18626, -1.26,    6560,  0.44
 183,-330.00,  -13985, -0.47,  -19907, -1.35,    5922,  0.40
 184,-329.00,  -15307, -0.52,  -21191, -1.44,    5884,  0.40
 185,-328.00,  -17120, -0.58,  -22167, -1.50,    5047,  0.34
 186,-327.00,  -19277, -0.65,  -23118, -1.57,    3841,  0.26
 187,-326.00,  -21002, -0.71,  -23353, -1.58,    2351,  0.16
 188,-325.00,  -23521, -0.80,  -23831, -1.62,     310,  0.02
 189,-324.00,  -25279, -0.86,  -23886, -1.62,   -1393, -0.09
 190,-323.00,  -25494, -0.86,  -23868, -1.62,   -1626, -0.11
 191,-322.00,  -26061, -0.88,  -25031, -1.70,   -1030, -0.07
 192,-321.00,  -26129, -0.89,  -25507, -1.73,    -622, -0.04
 193,-320.00,  -26011, -0.88,  -25730, -1.74,    -281, -0.02
 194,-319.00,  -26839, -0.91,  -25861, -1.75,    -978, -0.07
 195,-318.00,  -28555, -0.97,  -26026, -1.77,   -2529, -0.17
 196,-317.00,  -30966, -1.05,  -26492, -1.80,   -4474, -0.30
 197,-316.00,  -32326, -1.10,  -26824, -1.82,   -5502, -0.37
 198,-315.00,  -33755, -1.14,  -26956, -1.83,   -6799, -0.46
 199,-314.00,  -36958, -1.25,  -27257, -1.85,   -9701, -0.66
 200,-313.00,  -39204, -1.33,  -26501, -1.80,  -12703, -0.86
 201,-312.00,  -39073, -1.32,  -25036, -1.70,  -14037, -0.95
 202,-311.00,  -37531, -1.27,  -22760, -1.54,  -14771, -1.00
 203,-310.00,  -35885, -1.22,  -21126, -1.43,  -14759, -1.00
 204,-309.00,  -33819, -1.15,  -19788, -1.34,  -14031, -0.95
 205,-308.00,  -33688, -1.14,  -18845, -1.28,  -14843, -1.01
 206,-307.00,  -35242, -1.20,  -18261, -1.24,  -16981, -1.15
 207,-306.00,  -36679, -1.24,  -17841, -1.21,  -18838, -1.28
 208,-305.00,  -36761, -1.25,  -16948, -1.15,  -19813, -1.34
 209,-304.00,  -36250, -1.23,  -15695, -1.06,  -20555, -1.39
 210,-303.00,  -36068, -1.22,  -14430, -0.98,  -21638, -1.47
 211,-302.00,  -36033, -1.22,  -13317, -0.90,  -22716, -1.54
 212,-301.00,  -36102, -1.22,  -12464, -0.85,  -23638, -1.60
 213,-300.00,  -37291, -1.26,  -12083, -0.82,  -25208, -1.71
 214,-299.00,  -38291, -1.30,  -11417, -0.77,  -26874, -1.82
 215,-298.00,  -38986, -1.32,  -11122, -0.75,  -27864, -1.89
 216,-297.00,  -39641, -1.34,  -10610, -0.72,  -29031, -1.97
 217,-296.00,  -40272, -1.37,   -9936, -0.67,  -30336, -2.06
 218,-295.00,  -41521, -1.41,  -10240, -0.69,  -31281, -2.12
 219,-294.00,  -42844, -1.45,  -10719, -0.73,  -32125, -2.18
 220,-293.00,  -43417, -1.47,  -11036, -0.75,  -32381, -2.20
 221,-292.00,  -42469, -1.44,  -10170, -0.69,  -32299, -2.19
 222,-291.00,  -40675, -1.38,   -9125, -0.62,  -31550, -2.14
 223,-290.00,  -39955, -1.35,   -8712, -0.59,  -31243, -2.12
 224,-289.00,  -39733, -1.35,   -9243, -0.63,  -30490, -2.07
 225,-288.00,  -37261, -1.26,   -9158, -0.62,  -28103, -1.91
 226,-287.00,  -35428, -1.20,   -9048, -0.61,  -26380, -1.79
 227,-286.00,  -34695, -1.18,   -8739, -0.59,  -25956, -1.76
 228,-285.00,  -34567, -1.17,   -8438, -0.57,  -26129, -1.77
 229,-284.00,  -34724, -1.18,   -8464, -0.57,  -26260, -1.78
 230,-283.00,  -35843, -1.22,   -7612, -0.52,  -28231, -1.91
 231,-282.00,  -36979, -1.25,   -6572, -0.45,  -30407, -2.06
 232,-281.00,  -37477, -1.27,   -6202, -0.42,  -31275, -2.12
 233,-280.00,  -37207, -1.26,   -6280, -0.43,  -30927, -2.10
 234,-279.00,  -37541, -1.27,   -5950, -0.40,  -31591, -2.14
 235,-278.00,  -37013, -1.26,   -4608, -0.31,  -32405, -2.20
 236,-277.00,  -36233, -1.23,   -2944, -0.20,  -33289, -2.26
 237,-276.00,  -35424, -1.20,   -2143, -0.15,  -33281, -2.26
 238,-275.00,  -35092, -1.19,   -1112, -0.08,  -33980, -2.30
 239,-274.00,  -34826, -1.18,     715,  0.05,  -35541, -2.41
 240,-273.00,  -34703, -1.18,    2396,  0.16,  -37099, -2.52
 241,-272.00,  -35652, -1.21,    3372,  0.23,  -39024, -2.65
 242,-271.00,  -36085, -1.22,    3999,  0.27,  -40084, -2.72
 243,-270.00,  -35195, -1.19,    5154,  0.35,  -40349, -2.74
 244,-269.00,  -32599, -1.11,    6450,  0.44,  -39049, -2.65
 245,-268.00,  -31355, -1.06,    7322,  0.50,  -38677, -2.62
 246,-267.00,  -31022, -1.05,    7331,  0.50,  -38353, -2.60
 247,-266.00,  -28742, -0.97,    7509,  0.51,  -36251, -2.46
 248,-265.00,  -24725, -0.84,    8926,  0.61,  -33651, -2.28
 249,-264.00,  -18851, -0.64,   11002,  0.75,  -29853, -2.02
 250,-263.00,  -14833, -0.50,   12142,  0.82,  -26975, -1.83
 251,-262.00,  -11948, -0.41,   12875,  0.87,  -24823, -1.68
 252,-261.00,   -8504, -0.29,   14171,  0.96,  -22675, -1.54
 253,-260.00,   -6145, -0.21,   15315,  1.04,  -21460, -1.46
 254,-259.00,   -4780, -0.16,   15809,  1.07,  -20589, -1.40
 255,-258.00,   -4323, -0.15,   16496,  1.12,  -20819, -1.41
 256,-257.00,   -2743, -0.09,   17294,  1.17,  -20037, -1.36
 257,-256.00,     122,  0.00,   17948,  1.22,  -17826, -1.21
 258,-255.00,    2664,  0.09,   17894,  1.21,  -15230, -1.03
 259,-254.00,    5654,  0.19,   17814,  1.21,  -12160, -0.82
 260,-253.00,    7834,  0.27,   17026,  1.15,   -9192, -0.62
 261,-252.00,    8937,  0.30,   15951,  1.08,   -7014, -0.48
 262,-251.00,   10120,  0.34,   15226,  1.03,   -5106, -0.35
 263,-250.00,   10690,  0.36,   14419,  0.98,   -3729, -0.25
 264,-249.00,    9503,  0.32,   12890,  0.87,   -3387, -0.23
 265,-248.00,    8896,  0.30,   11615,  0.79,   -2719, -0.18
 266,-247.00,    9131,  0.31,   10566,  0.72,   -1435, -0.10
 267,-246.00,    8489,  0.29,    8278,  0.56,     211,  0.01
 268,-245.00,    7311,  0.25,    5170,  0.35,    2141,  0.15
 269,-244.00,    4557,  0.15,     830,  0.06,    3727,  0.25
 270,-243.00,     894,  0.03,   -4397, -0.30,    5291,  0.36
 271,-242.00,   -2524, -0.09,   -8781, -0.60,    6257,  0.42
 272,-241.00,   -4958, -0.17,  -11601, -0.79,    6643,  0.45
 273,-240.00,   -6240, -0.21,  -13269, -0.90,    7029,  0.48
 274,-239.00,   -6334, -0.21,  -14575, -0.99,    8241,  0.56
 275,-238.00,   -6655, -0.23,  -16270, -1.10,    9615,  0.65
 276,-237.00,   -8722, -0.30,  -18973, -1.29,   10251,  0.70
 277,-236.00,  -11393, -0.39,  -22590, -1.53,   11197,  0.76
 278,-235.00,  -16232, -0.55,  -26622, -1.81,   10390,  0.70
 279,-234.00,  -22053, -0.75,  -30233, -2.05,    8180,  0.55
 280,-233.00,  -25824, -0.88,  -32243, -2.19,    6419,  0.44
 281,-232.00,  -28530, -0.97,  -33052, -2.24,    4522,  0.31
 282,-231.00,  -30703, -1.04,  -34054, -2.31,    3351,  0.23
 283,-230.00,  -32781, -1.11,  -34792, -2.36,    2011,  0.14
 284,-229.00,  -35317, -1.20,  -36881, -2.50,    1564,  0.11
 285,-228.00,  -37677, -1.28,  -39079, -2.65,    1402,  0.10
 286,-227.00,  -40938, -1.39,  -41299, -2.80,     361,  0.02
 287,-226.00,  -43756, -1.48,  -42949, -2.91,    -807, -0.05
 288,-225.00,  -45054, -1.53,  -43863, -2.97,   -1191, -0.08
 289,-224.00,  -45695, -1.55,  -44422, -3.01,   -1273, -0.09
 290,-223.00,  -46718, -1.58,  -44682, -3.03,   -2036, -0.14
 291,-222.00,  -47624, -1.61,  -44706, -3.03,   -2918, -0.20
 292,-221.00,  -48674, -1.65,  -44657, -3.03,   -4017, -0.27
 293,-220.00,  -49515, -1.68,  -44658, -3.03,   -4857, -0.33
 294,-219.00,  -49176, -1.67,  -44460, -3.02,   -4716, -0.32
 295,-218.00,  -49103, -1.67,  -44198, -3.00,   -4905, -0.33
 296,-217.00,  -48632, -1.65,  -43675, -2.96,   -4957, -0.34
 297,-216.00,  -47694, -1.62,  -43567, -2.95,   -4127, -0.28
 298,-215.00,  -44849, -1.52,  -41979, -2.85,   -2870, -0.19
 299,-214.00,  -41652, -1.41,  -40106, -2.72,   -1546, -0.10
 300,-213.00,  -40581, -1.38,  -38835, -2.63,   -1746, -0.12
 301,-212.00,  -38375, -1.30,  -37213, -2.52,   -1162, -0.08
 302,-211.00,  -36270, -1.23,  -35916, -2.44,    -354, -0.02
 303,-210.00,  -36003, -1.22,  -35404, -2.40,    -599, -0.04
 304,-209.00,  -34424, -1.17,  -33860, -2.30,    -564, -0.04
 305,-208.00,  -30911, -1.05,  -31259, -2.12,     348,  0.02
 306,-207.00,  -28213, -0.96,  -29371, -1.99,    1158,  0.08
 307,-206.00,  -25554, -0.87,  -27920, -1.89,    2366,  0.16
 308,-205.00,  -23427, -0.79,  -25491, -1.73,    2064,  0.14
 309,-204.00,  -21136, -0.72,  -21918, -1.49,     782,  0.05
 310,-203.00,  -18972, -0.64,  -19161, -1.30,     189,  0.01
 311,-202.00,  -16423, -0.56,  -17004, -1.15,     581,  0.04
 312,-201.00,  -14363, -0.49,  -14656, -0.99,     293,  0.02
 313,-200.00,  -11170, -0.38,  -11910, -0.81,     740,  0.05
 314,-199.00,   -7428, -0.25,   -9082, -0.62,    1654,  0.11
 315,-198.00,   -4432, -0.15,   -7264, -0.49,    2832,  0.19
 316,-197.00,   -1942, -0.07,   -5928, -0.40,    3986,  0.27
 317,-196.00,     146,  0.00,   -4439, -0.30,    4585,  0.31
 318,-195.00,    1634,  0.06,   -2733, -0.19,    4367,  0.30
 319,-194.00,    1846,  0.06,    -984, -0.07,    2830,  0.19
 320,-193.00,    2808,  0.10,     455,  0.03,    2353,  0.16
 321,-192.00,    3598,  0.12,    1358,  0.09,    2240,  0.15
 322,-191.00,    4523,  0.15,    1447,  0.10,    3076,  0.21
 323,-190.00,    4920,  0.17,     815,  0.06,    4105,  0.28
 324,-189.00,    5815,  0.20,    -411, -0.03,    6226,  0.42
 325,-188.00,    7455,  0.25,    -722, -0.05,    8177,  0.55
 326,-187.00,    7324,  0.25,   -1675, -0.11,    8999,  0.61
 327,-186.00,    7805,  0.26,   -2102, -0.14,    9907,  0.67
 328,-185.00,    8814,  0.30,   -2270, -0.15,   11084,  0.75
 329,-184.00,   11797,  0.40,   -1848, -0.13,   13645,  0.93
 330,-183.00,   15456,  0.52,    -850, -0.06,   16306,  1.11
 331,-182.00,   18717,  0.63,     577,  0.04,   18140,  1.23
 332,-181.00,   21067,  0.71,    1845,  0.13,   19222,  1.30
 333,-180.00,   22961,  0.78,    2588,  0.18,   20373,  1.38
 334,-179.00,   25244,  0.86,    3221,  0.22,   22023,  1.49
 335,-178.00,   27015,  0.92,    2849,  0.19,   24166,  1.64
 336,-177.00,   29215,  0.99,    2920,  0.20,   26295,  1.78
 337,-176.00,   30782,  1.04,    3138,  0.21,   27644,  1.87
 338,-175.00,   31815,  1.08,    3719,  0.25,   28096,  1.91
 339,-174.00,   33827,  1.15,    5436,  0.37,   28391,  1.93
 340,-173.00,   34436,  1.17,    6833,  0.46,   27603,  1.87
 341,-172.00,   34895,  1.18,    7973,  0.54,   26922,  1.83
 342,-171.00,   36547,  1.24,    8550,  0.58,   27997,  1.90
 343,-170.00,   37783,  1.28,    8878,  0.60,   28905,  1.96
 344,-169.00,   39260,  1.33,    9322,  0.63,   29938,  2.03
 345,-168.00,   40701,  1.38,    9829,  0.67,   30872,  2.09
 346,-167.00,   41521,  1.41,   10131,  0.69,   31390,  2.13
 347,-166.00,   41573,  1.41,   10428,  0.71,   31145,  2.11
 348,-165.00,   42179,  1.43,   10938,  0.74,   31241,  2.12
 349,-164.00,   41075,  1.39,   10822,  0.73,   30253,  2.05
 350,-163.00,   41795,  1.42,   12371,  0.84,   29424,  2.00
 351,-162.00,   42371,  1.44,   13965,  0.95,   28406,  1.93
 352,-161.00,   42253,  1.43,   14033,  0.95,   28220,  1.91
 353,-160.00,   41511,  1.41,   13363,  0.91,   28148,  1.91
 354,-159.00,   41306,  1.40,   12963,  0.88,   28343,  1.92
 355,-158.00,   40685,  1.38,   11657,  0.79,   29028,  1.97
 356,-157.00,   39901,  1.35,   10532,  0.71,   29369,  1.99
 357,-156.00,   38080,  1.29,    8706,  0.59,   29374,  1.99
 358,-155.00,   36033,  1.22,    7048,  0.48,   28985,  1.97
 359,-154.00,   34662,  1.18,    6123,  0.42,   28539,  1.94
 360,-153.00,   31718,  1.08,    4815,  0.33,   26903,  1.82
 361,-152.00,   28643,  0.97,    2914,  0.20,   25729,  1.74
 362,-151.00,   25597,  0.87,    -113, -0.00,   25710,  1.74
 363,-150.00,   22577,  0.77,   -2129, -0.14,   24706,  1.68
 364,-149.00,   19765,  0.67,   -4069, -0.28,   23834,  1.62
 365,-148.00,   16469,  0.56,   -6536, -0.44,   23005,  1.56
 366,-147.00,   12721,  0.43,   -8585, -0.58,   21306,  1.44
 367,-146.00,   11695,  0.40,   -9093, -0.62,   20788,  1.41
 368,-145.00,   10962,  0.37,   -9362, -0.63,   20324,  1.38
 369,-144.00,    8068,  0.27,  -11176, -0.76,   19244,  1.31
 370,-143.00,    4808,  0.16,  -12954, -0.88,   17762,  1.20
 371,-142.00,    2943,  0.10,  -14169, -0.96,   17112,  1.16
 372,-141.00,    1171,  0.04,  -14930, -1.01,   16101,  1.09
 373,-140.00,   -1447, -0.05,  -15616, -1.06,   14169,  0.96
 374,-139.00,   -3893, -0.13,  -16061, -1.09,   12168,  0.83
 375,-138.00,   -5591, -0.19,  -16274, -1.10,   10683,  0.72
 376,-137.00,   -6879, -0.23,  -16162, -1.10,    9283,  0.63
 377,-136.00,   -8064, -0.27,  -16010, -1.09,    7946,  0.54
 378,-135.00,   -9659, -0.33,  -16971, -1.15,    7312,  0.50
 379,-134.00,  -11084, -0.38,  -17732, -1.20,    6648,  0.45
 380,-133.00,  -13470, -0.46,  -18717, -1.27,    5247,  0.36
 381,-132.00,  -15526, -0.53,  -19696, -1.34,    4170,  0.28
 382,-131.00,  -18066, -0.61,  -20773, -1.41,    2707,  0.18
 383,-130.00,  -20145, -0.68,  -21300, -1.44,    1155,  0.08
 384,-129.00,  -22917, -0.78,  -22306, -1.51,    -611, -0.04
 385,-128.00,  -25229, -0.86,  -23176, -1.57,   -2053, -0.14
 386,-127.00,  -26116, -0.89,  -23696, -1.61,   -2420, -0.16
 387,-126.00,  -26212, -0.89,  -23184, -1.57,   -3028, -0.21
 388,-125.00,  -26969, -0.91,  -22761, -1.54,   -4208, -0.29
 389,-124.00,  -27389, -0.93,  -22088, -1.50,   -5301, -0.36
 390,-123.00,  -28179, -0.96,  -22006, -1.49,   -6173, -0.42
 391,-122.00,  -28724, -0.97,  -21555, -1.46,   -7169, -0.49
 392,-121.00,  -28106, -0.95,  -20686, -1.40,   -7420, -0.50
 393,-120.00,  -28078, -0.95,  -20504, -1.39,   -7574, -0.51
 394,-119.00,  -28637, -0.97,  -20653, -1.40,   -7984, -0.54
 395,-118.00,  -29453, -1.00,  -21053, -1.43,   -8400, -0.57
 396,-117.00,  -30490, -1.03,  -21887, -1.48,   -8603, -0.58
 397,-116.00,  -31421, -1.07,  -22943, -1.56,   -8478, -0.57
 398,-115.00,  -30475, -1.03,  -23307, -1.58,   -7168, -0.49
 399,-114.00,  -29198, -0.99,  -23182, -1.57,   -6016, -0.41
 400,-113.00,  -26942, -0.91,  -22348, -1.52,   -4594, -0.31
 401,-112.00,  -26528, -0.90,  -22197, -1.51,   -4331, -0.29
 402,-111.00,  -26432, -0.90,  -22212, -1.51,   -4220, -0.29
 403,-110.00,  -26552, -0.90,  -22651, -1.54,   -3901, -0.26
 404,-109.00,  -24948, -0.85,  -22668, -1.54,   -2280, -0.15
 405,-108.00,  -23933, -0.81,  -23241, -1.58,    -692, -0.05
 406,-107.00,  -23179, -0.79,  -23237, -1.58,      58,  0.00
 407,-106.00,  -22842, -0.77,  -23419, -1.59,     577,  0.04
 408,-105.00,  -22221, -0.75,  -23331, -1.58,    1110,  0.08
 409,-104.00,  -20021, -0.68,  -22344, -1.52,    2323,  0.16
 410,-103.00,  -17179, -0.58,  -21367, -1.45,    4188,  0.28
 411,-102.00,  -14057, -0.48,  -19649, -1.33,    5592,  0.38
 412,-101.00,  -11090, -0.38,  -17920, -1.22,    6830,  0.46
 413,-100.00,   -7913, -0.27,  -15613, -1.06,    7700,  0.52
 414,-99.00,   -6430, -0.22,  -14028, -0.95,    7598,  0.52
 415,-98.00,   -5521, -0.19,  -13261, -0.90,    7740,  0.52
 416,-97.00,   -3057, -0.10,  -12115, -0.82,    9058,  0.61
 417,-96.00,     173,  0.00,  -10216, -0.69,   10389,  0.70
 418,-95.00,    2612,  0.09,   -8240, -0.56,   10852,  0.74
 419,-94.00,    4523,  0.15,   -6692, -0.45,   11215,  0.76
 420,-93.00,    4657,  0.16,   -5811, -0.39,   10468,  0.71
 421,-92.00,    4486,  0.15,   -5462, -0.37,    9948,  0.67
 422,-91.00,    6721,  0.23,   -3955, -0.27,   10676,  0.72
 423,-90.00,   10173,  0.34,   -1642, -0.11,   11815,  0.80
 424,-89.00,   12921,  0.44,     146,  0.00,   12775,  0.87
 425,-88.00,   14653,  0.50,    1914,  0.13,   12739,  0.86
 426,-87.00,   15693,  0.53,    3175,  0.22,   12518,  0.85
 427,-86.00,   16769,  0.57,    3905,  0.26,   12864,  0.87
 428,-85.00,   18859,  0.64,    6003,  0.41,   12856,  0.87
 429,-84.00,   19116,  0.65,    7412,  0.50,   11704,  0.79
 430,-83.00,   19597,  0.66,    8409,  0.57,   11188,  0.76
 431,-82.00,   20714,  0.70,    9194,  0.62,   11520,  0.78
 432,-81.00,   22795,  0.77,   10358,  0.70,   12437,  0.84
 433,-80.00,   25806,  0.88,   12051,  0.82,   13755,  0.93
 434,-79.00,   28608,  0.97,   14104,  0.96,   14504,  0.98
 435,-78.00,   29248,  0.99,   14861,  1.01,   14387,  0.98
 436,-77.00,   29607,  1.00,   15495,  1.05,   14112,  0.96
 437,-76.00,   29674,  1.01,   15427,  1.05,   14247,  0.97
 438,-75.00,   29421,  1.00,   14803,  1.00,   14618,  0.99
 439,-74.00,   29240,  0.99,   14095,  0.96,   15145,  1.03
 440,-73.00,   28975,  0.98,   13440,  0.91,   15535,  1.05
 441,-72.00,   29389,  1.00,   12819,  0.87,   16570,  1.12
 442,-71.00,   30060,  1.02,   12098,  0.82,   17962,  1.22
 443,-70.00,   29841,  1.01,   11036,  0.75,   18805,  1.28
 444,-69.00,   29075,  0.99,    9606,  0.65,   19469,  1.32
 445,-68.00,   28424,  0.96,    8041,  0.55,   20383,  1.38
 446,-67.00,   27188,  0.92,    5613,  0.38,   21575,  1.46
 447,-66.00,   24929,  0.85,    2095,  0.14,   22834,  1.55
 448,-65.00,   23812,  0.81,    -601, -0.04,   24413,  1.66
 449,-64.00,   23974,  0.81,   -1272, -0.09,   25246,  1.71
 450,-63.00,   23164,  0.79,   -1705, -0.12,   24869,  1.69
 451,-62.00,   21676,  0.74,   -1960, -0.13,   23636,  1.60
 452,-61.00,   19016,  0.64,   -2961, -0.20,   21977,  1.49
 453,-60.00,   16605,  0.56,   -4359, -0.30,   20964,  1.42
 454,-59.00,   13773,  0.47,   -6169, -0.42,   19942,  1.35
 455,-58.00,   12393,  0.42,   -6954, -0.47,   19347,  1.31
 456,-57.00,   10246,  0.35,   -8203, -0.56,   18449,  1.25
 457,-56.00,    8063,  0.27,   -9983, -0.68,   18046,  1.22
 458,-55.00,    5188,  0.18,  -11465, -0.78,   16653,  1.13
 459,-54.00,    2055,  0.07,  -12368, -0.84,   14423,  0.98
 460,-53.00,       2,  0.00,  -12122, -0.82,   12124,  0.82
 461,-52.00,    -905, -0.03,  -11702, -0.79,   10797,  0.73
 462,-51.00,   -1113, -0.04,  -11218, -0.76,   10105,  0.69
 463,-50.00,   -1141, -0.04,  -10707, -0.73,    9566,  0.65
 464,-49.00,   -1644, -0.06,  -10116, -0.69,    8472,  0.57
 465,-48.00,   -2756, -0.09,  -10144, -0.69,    7388,  0.50
 466,-47.00,   -3349, -0.11,   -9583, -0.65,    6234,  0.42
 467,-46.00,   -4013, -0.14,   -9123, -0.62,    5110,  0.35
 468,-45.00,   -5036, -0.17,   -9262, -0.63,    4226,  0.29
 469,-44.00,   -6590, -0.22,   -9640, -0.65,    3050,  0.21
 470,-43.00,   -6098, -0.21,   -8466, -0.57,    2368,  0.16
 471,-42.00,   -5227, -0.18,   -7543, -0.51,    2316,  0.16
 472,-41.00,   -5661, -0.19,   -7211, -0.49,    1550,  0.11
 473,-40.00,   -6512, -0.22,   -6997, -0.47,     485,  0.03
 474,-39.00,   -6275, -0.21,   -6092, -0.41,    -183, -0.01
 475,-38.00,   -5139, -0.17,   -4882, -0.33,    -257, -0.02
 476,-37.00,   -3875, -0.13,   -3051, -0.21,    -824, -0.06
 477,-36.00,   -3767, -0.13,   -1312, -0.09,   -2455, -0.17
 478,-35.00,   -3783, -0.13,     676,  0.05,   -4459, -0.30
 479,-34.00,   -3454, -0.12,    1947,  0.13,   -5401, -0.37
 480,-33.00,   -3027, -0.10,    3083,  0.21,   -6110, -0.41
 481,-32.00,   -2344, -0.08,    4420,  0.30,   -6764, -0.46
 482,-31.00,   -2463, -0.08,    5190,  0.35,   -7653, -0.52
 483,-30.00,   -3487, -0.12,    5539,  0.38,   -9026, -0.61
 484,-29.00,   -4263, -0.14,    5628,  0.38,   -9891, -0.67
 485,-28.00,   -3065, -0.10,    6888,  0.47,   -9953, -0.68
 486,-27.00,   -1545, -0.05,    8430,  0.57,   -9975, -0.68
 487,-26.00,     427,  0.01,   10721,  0.73,  -10294, -0.70
 488,-25.00,    1695,  0.06,   12622,  0.86,  -10927, -0.74
 489,-24.00,    1090,  0.04,   13965,  0.95,  -12875, -0.87
 490,-23.00,    -652, -0.02,   14605,  0.99,  -15257, -1.03
 491,-22.00,   -2903, -0.10,   15166,  1.03,  -18069, -1.23
 492,-21.00,   -4098, -0.14,   15901,  1.08,  -19999, -1.36
 493,-20.00,   -5363, -0.18,   16371,  1.11,  -21734, -1.47
 494,-19.00,   -6054, -0.21,   17087,  1.16,  -23141, -1.57
 495,-18.00,   -6909, -0.23,   18229,  1.24,  -25138, -1.70
 496,-17.00,   -8040, -0.27,   18994,  1.29,  -27034, -1.83
 497,-16.00,   -8191, -0.28,   20122,  1.36,  -28313, -1.92
 498,-15.00,   -8337, -0.28,   21177,  1.44,  -29514, -2.00
 499,-14.00,   -8955, -0.30,   21678,  1.47,  -30633, -2.08
 500,-13.00,   -7777, -0.26,   23517,  1.59,  -31294, -2.12
 501,-12.00,   -4784, -0.16,   25360,  1.72,  -30144, -2.04
 502,-11.00,   -1614, -0.05,   26355,  1.79,  -27969, -1.90
 503,-10.00,    1824,  0.06,   27028,  1.83,  -25204, -1.71
 504,-9.00,    5817,  0.20,   27609,  1.87,  -21792, -1.48
 505,-8.00,    9518,  0.32,   26979,  1.83,  -17461, -1.18
 506,-7.00,   13944,  0.47,   27367,  1.86,  -13423, -0.91
 507,-6.00,   18863,  0.64,   29290,  1.99,  -10427, -0.71
 508,-5.00,   23646,  0.80,   31353,  2.13,   -7707, -0.52
 509,-4.00,   28371,  0.96,   33019,  2.24,   -4648, -0.32
 510,-3.00,   32773,  1.11,   33716,  2.29,    -943, -0.06
 511,-2.00,   36521,  1.24,   34059,  2.31,    2462,  0.17
 512,-1.00,   39782,  1.35,   34077,  2.31,    5705,  0.39
 513,0.00,   42381,  1.44,   35208,  2.39,    7173,  0.49
 514,1.00,   43182,  1.46,   35774,  2.43,    7408,  0.50
 515,2.00,   43662,  1.48,   35293,  2.39,    8369,  0.57
 516,3.00,   44844,  1.52,   34981,  2.37,    9863,  0.67
 517,4.00,   46445,  1.57,   35295,  2.39,   11150,  0.76
 518,5.00,   48919,  1.66,   35966,  2.44,   12953,  0.88
 519,6.00,   51661,  1.75,   36721,  2.49,   14940,  1.01
 520,7.00,   53422,  1.81,   36800,  2.50,   16622,  1.13
 521,8.00,   54560,  1.85,   37202,  2.52,   17358,  1.18
 522,9.00,   54285,  1.84,   37176,  2.52,   17109,  1.16
 523,10.00,   52727,  1.79,   36095,  2.45,   16632,  1.13
 524,11.00,   51743,  1.75,   34717,  2.35,   17026,  1.15
 525,12.00,   50959,  1.73,   32869,  2.23,   18090,  1.23
 526,13.00,   50866,  1.72,   30955,  2.10,   19911,  1.35
 527,14.00,   50742,  1.72,   29342,  1.99,   21400,  1.45
 528,15.00,   51743,  1.75,   28671,  1.94,   23072,  1.56
 529,16.00,   53257,  1.81,   28426,  1.93,   24831,  1.68
 530,17.00,   54078,  1.83,   27819,  1.89,   26259,  1.78
 531,18.00,   54404,  1.84,   26519,  1.80,   27885,  1.89
 532,19.00,   54299,  1.84,   24874,  1.69,   29425,  2.00
 533,20.00,   54242,  1.84,   23314,  1.58,   30928,  2.10
 534,21.00,   51950,  1.76,   21454,  1.45,   30496,  2.07
 535,22.00,   50474,  1.71,   20227,  1.37,   30247,  2.05
 536,23.00,   49780,  1.69,   18676,  1.27,   31104,  2.11
 537,24.00,   48111,  1.63,   17180,  1.17,   30931,  2.10
 538,25.00,   47099,  1.60,   16645,  1.13,   30454,  2.07
 539,26.00,   46526,  1.58,   16280,  1.10,   30246,  2.05
 540,27.00,   46097,  1.56,   16431,  1.11,   29666,  2.01
 541,28.00,   45954,  1.56,   16413,  1.11,   29541,  2.00
 542,29.00,   45306,  1.54,   16140,  1.09,   29166,  1.98
 543,30.00,   45036,  1.53,   15972,  1.08,   29064,  1.97
 544,31.00,   44619,  1.51,   15981,  1.08,   28638,  1.94
 545,32.00,   44461,  1.51,   16236,  1.10,   28225,  1.91
 546,33.00,   44269,  1.50,   16636,  1.13,   27633,  1.87
 547,34.00,   42994,  1.46,   16367,  1.11,   26627,  1.81
 548,35.00,   41217,  1.40,   15921,  1.08,   25296,  1.72
 549,36.00,   39935,  1.35,   16108,  1.09,   23827,  1.62
 550,37.00,   38024,  1.29,   16018,  1.09,   22006,  1.49
 551,38.00,   36442,  1.24,   15872,  1.08,   20570,  1.40
 552,39.00,   34322,  1.16,   15333,  1.04,   18989,  1.29
 553,40.00,   30363,  1.03,   14416,  0.98,   15947,  1.08
 554,41.00,   26043,  0.88,   13352,  0.91,   12691,  0.86
 555,42.00,   22725,  0.77,   12992,  0.88,    9733,  0.66
 556,43.00,   18851,  0.64,   12236,  0.83,    6615,  0.45
 557,44.00,   15719,  0.53,   11115,  0.75,    4604,  0.31
 558,45.00,   12036,  0.41,    9713,  0.66,    2323,  0.16
 559,46.00,    9079,  0.31,    9193,  0.62,    -114, -0.00
 560,47.00,    5675,  0.19,    8643,  0.59,   -2968, -0.20
 561,48.00,    1518,  0.05,    7490,  0.51,   -5972, -0.41
 562,49.00,    -647, -0.02,    6946,  0.47,   -7593, -0.51
 563,50.00,   -2243, -0.08,    6493,  0.44,   -8736, -0.59
 564,51.00,   -4180, -0.14,    6483,  0.44,  -10663, -0.72
 565,52.00,   -7573, -0.26,    6343,  0.43,  -13916, -0.94
 566,53.00,  -11283, -0.38,    6124,  0.42,  -17407, -1.18
 567,54.00,  -13875, -0.47,    6222,  0.42,  -20097, -1.36
 568,55.00,  -15319, -0.52,    6227,  0.42,  -21546, -1.46
 569,56.00,  -16584, -0.56,    6412,  0.43,  -22996, -1.56
 570,57.00,  -16492, -0.56,    7388,  0.50,  -23880, -1.62
 571,58.00,  -16355, -0.55,    8273,  0.56,  -24628, -1.67
 572,59.00,  -15907, -0.54,    9374,  0.64,  -25281, -1.71
 573,60.00,  -14984, -0.51,   10440,  0.71,  -25424, -1.72
 574,61.00,  -14936, -0.51,   10830,  0.73,  -25766, -1.75
 575,62.00,  -15089, -0.51,   10800,  0.73,  -25889, -1.76
 576,63.00,  -14143, -0.48,   11073,  0.75,  -25216, -1.71
 577,64.00,  -13572, -0.46,   11535,  0.78,  -25107, -1.70
 578,65.00,  -14463, -0.49,   11476,  0.78,  -25939, -1.76
 579,66.00,  -15662, -0.53,   11357,  0.77,  -27019, -1.83
 580,67.00,  -16515, -0.56,   11139,  0.76,  -27654, -1.88
 581,68.00,  -17588, -0.60,   10678,  0.72,  -28266, -1.92
 582,69.00,  -17799, -0.60,   10573,  0.72,  -28372, -1.92
 583,70.00,  -18715, -0.63,    9946,  0.67,  -28661, -1.94
 584,71.00,  -19757, -0.67,    9224,  0.63,  -28981, -1.97
 585,72.00,  -19930, -0.68,    8987,  0.61,  -28917, -1.96
 586,73.00,  -20843, -0.71,    8651,  0.59,  -29494, -2.00
 587,74.00,  -22314, -0.76,    7861,  0.53,  -30175, -2.05
 588,75.00,  -23365, -0.79,    6662,  0.45,  -30027, -2.04
 589,76.00,  -23859, -0.81,    5881,  0.40,  -29740, -2.02
 590,77.00,  -25015, -0.85,    4608,  0.31,  -29623, -2.01
 591,78.00,  -26003, -0.88,    4331,  0.29,  -30334, -2.06
 592,79.00,  -27283, -0.93,    4167,  0.28,  -31450, -2.13
 593,80.00,  -27524, -0.93,    3584,  0.24,  -31108, -2.11
 594,81.00,  -27109, -0.92,    3174,  0.22,  -30283, -2.05
 595,82.00,  -27412, -0.93,    2266,  0.15,  -29678, -2.01
 596,83.00,  -27021, -0.92,    2050,  0.14,  -29071, -1.97
 597,84.00,  -26218, -0.89,    1600,  0.11,  -27818, -1.89
 598,85.00,  -24787, -0.84,    1001,  0.07,  -25788, -1.75
 599,86.00,  -22858, -0.78,     976,  0.07,  -23834, -1.62
 600,87.00,  -21015, -0.71,     967,  0.07,  -21982, -1.49
 601,88.00,  -18199, -0.62,    1023,  0.07,  -19222, -1.30
 602,89.00,  -16012, -0.54,    1693,  0.11,  -17705, -1.20
 603,90.00,  -14539, -0.49,    1842,  0.12,  -16381, -1.11
 604,91.00,  -12883, -0.44,    1858,  0.13,  -14741, -1.00
 605,92.00,  -10724, -0.36,    2606,  0.18,  -13330, -0.90
 606,93.00,   -8775, -0.30,    3382,  0.23,  -12157, -0.82
 607,94.00,   -7147, -0.24,    4352,  0.30,  -11499, -0.78
 608,95.00,   -5863, -0.20,    4863,  0.33,  -10726, -0.73
 609,96.00,   -3064, -0.10,    6132,  0.42,   -9196, -0.62
 610,97.00,    -683, -0.02,    7393,  0.50,   -8076, -0.55
 611,98.00,    2390,  0.08,    8536,  0.58,   -6146, -0.42
 612,99.00,    4746,  0.16,    9521,  0.65,   -4775, -0.32
 613,100.00,    7238,  0.25,   10651,  0.72,   -3413, -0.23
 614,101.00,    9742,  0.33,   11861,  0.80,   -2119, -0.14
 615,102.00,   11778,  0.40,   12864,  0.87,   -1086, -0.07
 616,103.00,   14870,  0.50,   13636,  0.92,    1234,  0.08
 617,104.00,   19038,  0.65,   14630,  0.99,    4408,  0.30
 618,105.00,   22362,  0.76,   15827,  1.07,    6535,  0.44
 619,106.00,   25649,  0.87,   17557,  1.19,    8092,  0.55
 620,107.00,   29449,  1.00,   19581,  1.33,    9868,  0.67
 621,108.00,   34245,  1.16,   21753,  1.48,   12492,  0.85
 622,109.00,   39782,  1.35,   24331,  1.65,   15451,  1.05
 623,110.00,   44710,  1.52,   26160,  1.77,   18550,  1.26
 624,111.00,   49135,  1.67,   28137,  1.91,   20998,  1.42
 625,112.00,   52582,  1.78,   29866,  2.03,   22716,  1.54
 626,113.00,   55564,  1.88,   31211,  2.12,   24353,  1.65
 627,114.00,   58738,  1.99,   32033,  2.17,   26705,  1.81
 628,115.00,   62088,  2.11,   33354,  2.26,   28734,  1.95
 629,116.00,   65687,  2.23,   35207,  2.39,   30480,  2.07
 630,117.00,   70084,  2.38,   37040,  2.51,   33044,  2.24
 631,118.00,   73805,  2.50,   38785,  2.63,   35020,  2.38
 632,119.00,   76840,  2.61,   40466,  2.74,   36374,  2.47
 633,120.00,   78870,  2.67,   41496,  2.81,   37374,  2.53
 634,121.00,   81243,  2.75,   41788,  2.83,   39455,  2.68
 635,122.00,   82120,  2.78,   41180,  2.79,   40940,  2.78
 636,123.00,   82916,  2.81,   40342,  2.74,   42574,  2.89
 637,124.00,   84850,  2.88,   39734,  2.69,   45116,  3.06
 638,125.00,   86767,  2.94,   39329,  2.67,   47438,  3.22
 639,126.00,   88247,  2.99,   39049,  2.65,   49198,  3.34
 640,127.00,   89678,  3.04,   38856,  2.64,   50822,  3.45
 641,128.00,   89452,  3.03,   38500,  2.61,   50952,  3.46
 642,129.00,   89184,  3.02,   38184,  2.59,   51000,  3.46
 643,130.00,   88531,  3.00,   36973,  2.51,   51558,  3.50
 644,131.00,   87421,  2.96,   35882,  2.43,   51539,  3.50
 645,132.00,   85566,  2.90,   34477,  2.34,   51089,  3.46
 646,133.00,   84619,  2.87,   34344,  2.33,   50275,  3.41
 647,134.00,   85472,  2.90,   35088,  2.38,   50384,  3.42
 648,135.00,   87023,  2.95,   36308,  2.46,   50715,  3.44
 649,136.00,   89921,  3.05,   38897,  2.64,   51024,  3.46
 650,137.00,   91804,  3.11,   41360,  2.80,   50444,  3.42
 651,138.00,   92477,  3.14,   43509,  2.95,   48968,  3.32
 652,139.00,   90811,  3.08,   43791,  2.97,   47020,  3.19
 653,140.00,   88471,  3.00,   43979,  2.98,   44492,  3.02
 654,141.00,   86066,  2.92,   44648,  3.03,   41418,  2.81
 655,142.00,   85110,  2.89,   46032,  3.12,   39078,  2.65
 656,143.00,   83174,  2.82,   46365,  3.14,   36809,  2.50
 657,144.00,   81267,  2.76,   46427,  3.15,   34840,  2.36
 658,145.00,   80656,  2.74,   46400,  3.15,   34256,  2.32
 659,146.00,   80188,  2.72,   46476,  3.15,   33712,  2.29
 660,147.00,   78535,  2.66,   46300,  3.14,   32235,  2.19
 661,148.00,   76820,  2.60,   45979,  3.12,   30841,  2.09
 662,149.00,   75792,  2.57,   45891,  3.11,   29901,  2.03
 663,150.00,   75535,  2.56,   46371,  3.14,   29164,  1.98
 664,151.00,   74912,  2.54,   46810,  3.17,   28102,  1.91
 665,152.00,   73295,  2.49,   46951,  3.18,   26344,  1.79
 666,153.00,   71238,  2.42,   47330,  3.21,   23908,  1.62
 667,154.00,   69040,  2.34,   47652,  3.23,   21388,  1.45
 668,155.00,   67060,  2.27,   47419,  3.22,   19641,  1.33
 669,156.00,   65728,  2.23,   46944,  3.18,   18784,  1.27
 670,157.00,   66929,  2.27,   47679,  3.23,   19250,  1.31
 671,158.00,   69177,  2.35,   48807,  3.31,   20370,  1.38
 672,159.00,   69103,  2.34,   49673,  3.37,   19430,  1.32
 673,160.00,   67921,  2.30,   49804,  3.38,   18117,  1.23
 674,161.00,   68407,  2.32,   50820,  3.45,   17587,  1.19
 675,162.00,   68900,  2.34,   51863,  3.52,   17037,  1.16
 676,163.00,   68894,  2.34,   52562,  3.56,   16332,  1.11
 677,164.00,   68824,  2.33,   52760,  3.58,   16064,  1.09
 678,165.00,   67682,  2.30,   52813,  3.58,   14869,  1.01
 679,166.00,   66633,  2.26,   53215,  3.61,   13418,  0.91
 680,167.00,   66249,  2.25,   54099,  3.67,   12150,  0.82
 681,168.00,   64655,  2.19,   53804,  3.65,   10851,  0.74
 682,169.00,   63559,  2.16,   53127,  3.60,   10432,  0.71
 683,170.00,   63653,  2.16,   52397,  3.55,   11256,  0.76
 684,171.00,   62927,  2.13,   51442,  3.49,   11485,  0.78
 685,172.00,   60938,  2.07,   50536,  3.43,   10402,  0.71
 686,173.00,   58981,  2.00,   50039,  3.39,    8942,  0.61
 687,174.00,   56050,  1.90,   49746,  3.37,    6304,  0.43
 688,175.00,   52534,  1.78,   48661,  3.30,    3873,  0.26
 689,176.00,   48938,  1.66,   46741,  3.17,    2197,  0.15
 690,177.00,   46527,  1.58,   44550,  3.02,    1977,  0.13
 691,178.00,   45649,  1.55,   42669,  2.89,    2980,  0.20
 692,179.00,   44684,  1.52,   40785,  2.77,    3899,  0.26
 693,180.00,   42121,  1.43,   39015,  2.65,    3106,  0.21
 694,181.00,   39386,  1.34,   37083,  2.51,    2303,  0.16
 695,182.00,   36933,  1.25,   35157,  2.38,    1776,  0.12
 696,183.00,   34898,  1.18,   32929,  2.23,    1969,  0.13
 697,184.00,   32947,  1.12,   30351,  2.06,    2596,  0.18
 698,185.00,   31484,  1.07,   27639,  1.87,    3845,  0.26
 699,186.00,   30655,  1.04,   24722,  1.68,    5933,  0.40
 700,187.00,   27916,  0.95,   21495,  1.46,    6421,  0.44
 701,188.00,   23861,  0.81,   17841,  1.21,    6020,  0.41
 702,189.00,   19585,  0.66,   14374,  0.97,    5211,  0.35
 703,190.00,   15902,  0.54,   11811,  0.80,    4091,  0.28
 704,191.00,   12890,  0.44,    9582,  0.65,    3308,  0.22
 705,192.00,   10848,  0.37,    7772,  0.53,    3076,  0.21
 706,193.00,    8407,  0.29,    5833,  0.40,    2574,  0.17
 707,194.00,    6246,  0.21,    4248,  0.29,    1998,  0.14
 708,195.00,    4525,  0.15,    2404,  0.16,    2121,  0.14
 709,196.00,    3290,  0.11,     932,  0.06,    2358,  0.16
 710,197.00,    1658,  0.06,    -256, -0.02,    1914,  0.13
 711,198.00,   -1289, -0.04,   -2401, -0.16,    1112,  0.08
 712,199.00,   -3949, -0.13,   -4699, -0.32,     750,  0.05
 713,200.00,   -6897, -0.23,   -6794, -0.46,    -103, -0.00
 714,201.00,   -9407, -0.32,   -8287, -0.56,   -1120, -0.08
 715,202.00,  -12374, -0.42,  -10246, -0.69,   -2128, -0.14
 716,203.00,  -16579, -0.56,  -13898, -0.94,   -2681, -0.18
 717,204.00,  -20659, -0.70,  -16973, -1.15,   -3686, -0.25
 718,205.00,  -25608, -0.87,  -19660, -1.33,   -5948, -0.40
 719,206.00,  -28745, -0.97,  -21753, -1.48,   -6992, -0.47
 720,207.00,  -32333, -1.10,  -24142, -1.64,   -8191, -0.56
 721,208.00,  -34579, -1.17,  -25435, -1.72,   -9144, -0.62
 722,209.00,  -35882, -1.22,  -26350, -1.79,   -9532, -0.65
 723,210.00,  -37364, -1.27,  -27534, -1.87,   -9830, -0.67
 724,211.00,  -40582, -1.38,  -29198, -1.98,  -11384, -0.77
 725,212.00,  -46170, -1.57,  -31831, -2.16,  -14339, -0.97
 726,213.00,  -51891, -1.76,  -34692, -2.35,  -17199, -1.17
 727,214.00,  -55977, -1.90,  -36284, -2.46,  -19693, -1.34
 728,215.00,  -60175, -2.04,  -37559, -2.55,  -22616, -1.53
 729,216.00,  -64434, -2.18,  -39197, -2.66,  -25237, -1.71
 730,217.00,  -68109, -2.31,  -40927, -2.78,  -27182, -1.84
 731,218.00,  -71796, -2.43,  -43104, -2.92,  -28692, -1.95
 732,219.00,  -75467, -2.56,  -45201, -3.07,  -30266, -2.05
 733,220.00,  -80022, -2.71,  -47018, -3.19,  -33004, -2.24
 734,221.00,  -84531, -2.87,  -48808, -3.31,  -35723, -2.42
 735,222.00,  -88667, -3.01,  -50561, -3.43,  -38106, -2.58
 736,223.00,  -93012, -3.15,  -52859, -3.58,  -40153, -2.72
 737,224.00,  -97063, -3.29,  -55111, -3.74,  -41952, -2.85
 738,225.00, -100495, -3.41,  -57137, -3.87,  -43358, -2.94
 739,226.00, -103645, -3.51,  -58710, -3.98,  -44935, -3.05
 740,227.00, -107443, -3.64,  -60698, -4.12,  -46745, -3.17
 741,228.00, -110872, -3.76,  -62457, -4.24,  -48415, -3.28
 742,229.00, -114270, -3.87,  -64365, -4.37,  -49905, -3.38
 743,230.00, -118085, -4.00,  -66284, -4.50,  -51801, -3.51
 744,231.00, -121297, -4.11,  -67313, -4.57,  -53984, -3.66
 745,232.00, -124519, -4.22,  -68776, -4.66,  -55743, -3.78
 746,233.00, -126620, -4.29,  -69762, -4.73,  -56858, -3.86
 747,234.00, -127429, -4.32,  -69897, -4.74,  -57532, -3.90
 748,235.00, -128441, -4.36,  -69997, -4.75,  -58444, -3.96
 749,236.00, -129758, -4.40,  -70142, -4.76,  -59616, -4.04
 750,237.00, -131915, -4.47,  -70367, -4.77,  -61548, -4.17
 751,238.00, -135165, -4.58,  -70848, -4.80,  -64317, -4.36
 752,239.00, -139533, -4.73,  -72448, -4.91,  -67085, -4.55
 753,240.00, -144539, -4.90,  -74650, -5.06,  -69889, -4.74
 754,241.00, -147857, -5.01,  -76034, -5.16,  -71823, -4.87
 755,242.00, -150067, -5.09,  -75794, -5.14,  -74273, -5.04
 756,243.00, -152892, -5.18,  -75680, -5.13,  -77212, -5.24
 757,244.00, -155756, -5.28,  -76364, -5.18,  -79392, -5.38
 758,245.00, -158691, -5.38,  -77488, -5.26,  -81203, -5.51
 759,246.00, -160259, -5.43,  -78217, -5.30,  -82042, -5.56
 760,247.00, -161118, -5.46,  -78231, -5.31,  -82887, -5.62
 761,248.00, -161272, -5.47,  -77621, -5.26,  -83651, -5.67
 762,249.00, -160530, -5.44,  -76291, -5.17,  -84239, -5.71
 763,250.00, -158864, -5.39,  -75080, -5.09,  -83784, -5.68
 764,251.00, -157028, -5.32,  -73410, -4.98,  -83618, -5.67
 765,252.00, -155429, -5.27,  -71977, -4.88,  -83452, -5.66
 766,253.00, -153828, -5.22,  -69990, -4.75,  -83838, -5.69
 767,254.00, -151892, -5.15,  -67799, -4.60,  -84093, -5.70
 768,255.00, -148056, -5.02,  -64369, -4.37,  -83687, -5.68
 769,256.00, -144306, -4.89,  -61341, -4.16,  -82965, -5.63
 770,257.00, -142309, -4.83,  -59634, -4.04,  -82675, -5.61
 771,258.00, -141163, -4.79,  -58501, -3.97,  -82662, -5.61
 772,259.00, -138987, -4.71,  -56969, -3.86,  -82018, -5.56
 773,260.00, -137236, -4.65,  -55656, -3.77,  -81580, -5.53
 774,261.00, -135293, -4.59,  -54990, -3.73,  -80303, -5.45
 775,262.00, -132560, -4.50,  -53949, -3.66,  -78611, -5.33
 776,263.00, -129546, -4.39,  -52196, -3.54,  -77350, -5.25
 777,264.00, -126091, -4.28,  -50377, -3.42,  -75714, -5.13
 778,265.00, -123761, -4.20,  -49600, -3.36,  -74161, -5.03
 779,266.00, -122653, -4.16,  -49120, -3.33,  -73533, -4.99
 780,267.00, -121190, -4.11,  -48438, -3.29,  -72752, -4.93
 781,268.00, -119057, -4.04,  -47680, -3.23,  -71377, -4.84
 782,269.00, -115826, -3.93,  -46863, -3.18,  -68963, -4.68
 783,270.00, -112812, -3.83,  -46638, -3.16,  -66174, -4.49
 784,271.00, -108822, -3.69,  -45504, -3.09,  -63318, -4.29
 785,272.00, -104844, -3.56,  -44205, -3.00,  -60639, -4.11
 786,273.00, -100867, -3.42,  -42751, -2.90,  -58116, -3.94
 787,274.00,  -95830, -3.25,  -41649, -2.82,  -54181, -3.67
 788,275.00,  -90038, -3.05,  -40122, -2.72,  -49916, -3.39
 789,276.00,  -85419, -2.90,  -39378, -2.67,  -46041, -3.12
 790,277.00,  -81292, -2.76,  -38776, -2.63,  -42516, -2.88
 791,278.00,  -76920, -2.61,  -37508, -2.54,  -39412, -2.67
 792,279.00,  -74260, -2.52,  -37515, -2.54,  -36745, -2.49
 793,280.00,  -71494, -2.42,  -37736, -2.56,  -33758, -2.29
 794,281.00,  -67021, -2.27,  -36213, -2.46,  -30808, -2.09
 795,282.00,  -62521, -2.12,  -34137, -2.32,  -28384, -1.92
 796,283.00,  -58367, -1.98,  -31449, -2.13,  -26918, -1.83
 797,284.00,  -55145, -1.87,  -29107, -1.97,  -26038, -1.77
 798,285.00,  -51275, -1.74,  -26697, -1.81,  -24578, -1.67
 799,286.00,  -47737, -1.62,  -25280, -1.71,  -22457, -1.52
 800,287.00,  -44592, -1.51,  -24390, -1.65,  -20202, -1.37
 801,288.00,  -40751, -1.38,  -23254, -1.58,  -17497, -1.19
 802,289.00,  -35627, -1.21,  -21449, -1.45,  -14178, -0.96
 803,290.00,  -30372, -1.03,  -18871, -1.28,  -11501, -0.78
 804,291.00,  -26010, -0.88,  -16016, -1.09,   -9994, -0.68
 805,292.00,  -21955, -0.74,  -13260, -0.90,   -8695, -0.59
 806,293.00,  -18277, -0.62,  -10650, -0.72,   -7627, -0.52
 807,294.00,  -15522, -0.53,   -8473, -0.57,   -7049, -0.48
 808,295.00,  -12679, -0.43,   -6565, -0.45,   -6114, -0.41
 809,296.00,   -8894, -0.30,   -4454, -0.30,   -4440, -0.30
 810,297.00,   -4460, -0.15,   -1877, -0.13,   -2583, -0.18
 811,298.00,     -48, -0.00,     623,  0.04,    -671, -0.05
 812,299.00,    3525,  0.12,    3127,  0.21,     398,  0.03
 813,300.00,    7332,  0.25,    5472,  0.37,    1860,  0.13
 814,301.00,   10536,  0.36,    7211,  0.49,    3325,  0.23
 815,302.00,   13977,  0.47,    9351,  0.63,    4626,  0.31
 816,303.00,   18532,  0.63,   12035,  0.82,    6497,  0.44
 817,304.00,   23275,  0.79,   15106,  1.02,    8169,  0.55
 818,305.00,   26960,  0.91,   17535,  1.19,    9425,  0.64
 819,306.00,   29554,  1.00,   19003,  1.29,   10551,  0.72
 820,307.00,   31886,  1.08,   19749,  1.34,   12137,  0.82
 821,308.00,   35188,  1.19,   21121,  1.43,   14067,  0.95
 822,309.00,   39021,  1.32,   22888,  1.55,   16133,  1.09
 823,310.00,   43608,  1.48,   25363,  1.72,   18245,  1.24
 824,311.00,   47611,  1.61,   28085,  1.90,   19526,  1.32
 825,312.00,   51437,  1.74,   30398,  2.06,   21039,  1.43
 826,313.00,   54860,  1.86,   31744,  2.15,   23116,  1.57
 827,314.00,   57228,  1.94,   32014,  2.17,   25214,  1.71
 828,315.00,   58829,  1.99,   31714,  2.15,   27115,  1.84
 829,316.00,   59931,  2.03,   30641,  2.08,   29290,  1.99
 830,317.00,   60328,  2.05,   29232,  1.98,   31096,  2.11
 831,318.00,   60762,  2.06,   28273,  1.92,   32489,  2.20
 832,319.00,   60816,  2.06,   26847,  1.82,   33969,  2.30
 833,320.00,   61949,  2.10,   26140,  1.77,   35809,  2.43
 834,321.00,   63560,  2.16,   26136,  1.77,   37424,  2.54
 835,322.00,   65955,  2.24,   27121,  1.84,   38834,  2.63
 836,323.00,   68417,  2.32,   27603,  1.87,   40814,  2.77
 837,324.00,   69723,  2.36,   27627,  1.87,   42096,  2.85
 838,325.00,   70156,  2.38,   27333,  1.85,   42823,  2.90
 839,326.00,   70105,  2.38,   26467,  1.79,   43638,  2.96
 840,327.00,   70189,  2.38,   25813,  1.75,   44376,  3.01
 841,328.00,   70872,  2.40,   25850,  1.75,   45022,  3.05
 842,329.00,   72007,  2.44,   25484,  1.73,   46523,  3.16
 843,330.00,   72712,  2.47,   25143,  1.71,   47569,  3.23
 844,331.00,   74674,  2.53,   25451,  1.73,   49223,  3.34
 845,332.00,   76467,  2.59,   25213,  1.71,   51254,  3.48
 846,333.00,   78906,  2.68,   25953,  1.76,   52953,  3.59
 847,334.00,   80221,  2.72,   25990,  1.76,   54231,  3.68
 848,335.00,   81183,  2.75,   26065,  1.77,   55118,  3.74
 849,336.00,   81873,  2.78,   26858,  1.82,   55015,  3.73
 850,337.00,   81314,  2.76,   27126,  1.84,   54188,  3.67
 851,338.00,   81891,  2.78,   28108,  1.91,   53783,  3.65
 852,339.00,   83198,  2.82,   29300,  1.99,   53898,  3.66
 853,340.00,   84356,  2.86,   30375,  2.06,   53981,  3.66
 854,341.00,   84555,  2.87,   30613,  2.08,   53942,  3.66
 855,342.00,   84314,  2.86,   30412,  2.06,   53902,  3.66
 856,343.00,   82936,  2.81,   29171,  1.98,   53765,  3.65
 857,344.00,   80736,  2.74,   28413,  1.93,   52323,  3.55
 858,345.00,   78261,  2.65,   27227,  1.85,   51034,  3.46
 859,346.00,   76655,  2.60,   26517,  1.80,   50138,  3.40
 860,347.00,   75223,  2.55,   25772,  1.75,   49451,  3.35
 861,348.00,   74664,  2.53,   25600,  1.74,   49064,  3.33
 862,349.00,   74102,  2.51,   26129,  1.77,   47973,  3.25
 863,350.00,   73257,  2.48,   26576,  1.80,   46681,  3.17
 864,351.00,   71624,  2.43,   26170,  1.77,   45454,  3.08
 865,352.00,   69307,  2.35,   25151,  1.71,   44156,  2.99
 866,353.00,   66229,  2.25,   23443,  1.59,   42786,  2.90
 867,354.00,   63102,  2.14,   21981,  1.49,   41121,  2.79
 868,355.00,   59593,  2.02,   20377,  1.38,   39216,  2.66
 869,356.00,   57243,  1.94,   18843,  1.28,   38400,  2.60
 870,357.00,   54900,  1.86,   17484,  1.19,   37416,  2.54
 871,358.00,   53275,  1.81,   16184,  1.10,   37091,  2.52
 872,359.00,   50648,  1.72,   14478,  0.98,   36170,  2.45
 873,360.00,   47194,  1.60,   12763,  0.87,   34431,  2.34
 874,361.00,   44445,  1.51,   11661,  0.79,   32784,  2.22
 875,362.00,   42608,  1.44,   11000,  0.75,   31608,  2.14
 876,363.00,   40673,  1.38,    9971,  0.68,   30702,  2.08
 877,364.00,   38461,  1.30,    8369,  0.57,   30092,  2.04
 878,365.00,   34715,  1.18,    5981,  0.41,   28734,  1.95
 879,366.00,   31619,  1.07,    3509,  0.24,   28110,  1.91
 880,367.00,   29777,  1.01,    1803,  0.12,   27974,  1.90
 881,368.00,   28054,  0.95,     309,  0.02,   27745,  1.88
 882,369.00,   25651,  0.87,    -766, -0.05,   26417,  1.79
 883,370.00,   23138,  0.78,   -1322, -0.09,   24460,  1.66
 884,371.00,   21604,  0.73,   -1887, -0.13,   23491,  1.59
 885,372.00,   19936,  0.68,   -2922, -0.20,   22858,  1.55
 886,373.00,   18459,  0.63,   -3952, -0.27,   22411,  1.52
 887,374.00,   17484,  0.59,   -4429, -0.30,   21913,  1.49
 888,375.00,   16993,  0.58,   -3925, -0.27,   20918,  1.42
 889,376.00,   15364,  0.52,   -3684, -0.25,   19048,  1.29
 890,377.00,   12903,  0.44,   -3794, -0.26,   16697,  1.13
 891,378.00,   11123,  0.38,   -4565, -0.31,   15688,  1.06
 892,379.00,   10534,  0.36,   -4389, -0.30,   14923,  1.01
 893,380.00,    8759,  0.30,   -4687, -0.32,   13446,  0.91
 894,381.00,    6113,  0.21,   -5713, -0.39,   11826,  0.80
 895,382.00,    3881,  0.13,   -6486, -0.44,   10367,  0.70
 896,383.00,    1529,  0.05,   -7118, -0.48,    8647,  0.59
 897,384.00,   -1693, -0.06,   -8650, -0.59,    6957,  0.47
 898,385.00,   -4336, -0.15,  -10242, -0.69,    5906,  0.40
 899,386.00,   -6051, -0.21,  -11756, -0.80,    5705,  0.39
 900,387.00,   -7197, -0.24,  -12801, -0.87,    5604,  0.38
 901,388.00,   -9061, -0.31,  -13482, -0.91,    4421,  0.30
 902,389.00,  -10688, -0.36,  -14579, -0.99,    3891,  0.26
 903,390.00,  -13651, -0.46,  -16619, -1.13,    2968,  0.20
 904,391.00,  -16899, -0.57,  -19099, -1.30,    2200,  0.15
 905,392.00,  -18701, -0.63,  -20510, -1.39,    1809,  0.12
 906,393.00,  -21401, -0.73,  -22057, -1.50,     656,  0.04
 907,394.00,  -22942, -0.78,  -22403, -1.52,    -539, -0.04
 908,395.00,  -25917, -0.88,  -23337, -1.58,   -2580, -0.17
 909,396.00,  -27831, -0.94,  -23467, -1.59,   -4364, -0.30
 910,397.00,  -29219, -0.99,  -22966, -1.56,   -6253, -0.42
 911,398.00,  -30424, -1.03,  -22870, -1.55,   -7554, -0.51
 912,399.00,  -32774, -1.11,  -23690, -1.61,   -9084, -0.62
 913,400.00,  -34856, -1.18,  -24436, -1.66,  -10420, -0.71
 914,401.00,  -35772, -1.21,  -24583, -1.67,  -11189, -0.76
 915,402.00,  -36008, -1.22,  -24453, -1.66,  -11555, -0.78
 916,403.00,  -36004, -1.22,  -23928, -1.62,  -12076, -0.82
 917,404.00,  -37416, -1.27,  -24038, -1.63,  -13378, -0.91
 918,405.00,  -37682, -1.28,  -24023, -1.63,  -13659, -0.93
 919,406.00,  -38018, -1.29,  -23688, -1.61,  -14330, -0.97
 920,407.00,  -39667, -1.35,  -25118, -1.70,  -14549, -0.99
 921,408.00,  -41489, -1.41,  -27166, -1.84,  -14323, -0.97
 922,409.00,  -43584, -1.48,  -29735, -2.02,  -13849, -0.94
 923,410.00,  -45301, -1.54,  -31657, -2.15,  -13644, -0.93
 924,411.00,  -46131, -1.56,  -32630, -2.21,  -13501, -0.92
 925,412.00,  -46524, -1.58,  -33768, -2.29,  -12756, -0.87
 926,413.00,  -45667, -1.55,  -34330, -2.33,  -11337, -0.77
 927,414.00,  -44247, -1.50,  -35275, -2.39,   -8972, -0.61
 928,415.00,  -43062, -1.46,  -35953, -2.44,   -7109, -0.48
 929,416.00,  -42734, -1.45,  -36620, -2.48,   -6114, -0.41
 930,417.00,  -43111, -1.46,  -38023, -2.58,   -5088, -0.35
 931,418.00,  -43642, -1.48,  -39750, -2.70,   -3892, -0.26
 932,419.00,  -44172, -1.50,  -40865, -2.77,   -3307, -0.22
 933,420.00,  -44519, -1.51,  -42275, -2.87,   -2244, -0.15
 934,421.00,  -42477, -1.44,  -41878, -2.84,    -599, -0.04
 935,422.00,  -40311, -1.37,  -41411, -2.81,    1100,  0.07
 936,423.00,  -37772, -1.28,  -40475, -2.74,    2703,  0.18
 937,424.00,  -35281, -1.20,  -39071, -2.65,    3790,  0.26
 938,425.00,  -32412, -1.10,  -36979, -2.51,    4567,  0.31
 939,426.00,  -30245, -1.03,  -34897, -2.37,    4652,  0.32
 940,427.00,  -28977, -0.98,  -33990, -2.31,    5013,  0.34
 941,428.00,  -29377, -1.00,  -33977, -2.30,    4600,  0.31
 942,429.00,  -30258, -1.03,  -33791, -2.29,    3533,  0.24
 943,430.00,  -32123, -1.09,  -33620, -2.28,    1497,  0.10
 944,431.00,  -34824, -1.18,  -33473, -2.27,   -1351, -0.09
 945,432.00,  -37861, -1.28,  -33851, -2.30,   -4010, -0.27
 946,433.00,  -40607, -1.38,  -35222, -2.39,   -5385, -0.37
 947,434.00,  -41583, -1.41,  -35638, -2.42,   -5945, -0.40
 948,435.00,  -42378, -1.44,  -35471, -2.41,   -6907, -0.47
 949,436.00,  -43527, -1.48,  -35276, -2.39,   -8251, -0.56
 950,437.00,  -44259, -1.50,  -34680, -2.35,   -9579, -0.65
 951,438.00,  -45453, -1.54,  -34467, -2.34,  -10986, -0.75
 952,439.00,  -47442, -1.61,  -34940, -2.37,  -12502, -0.85
 953,440.00,  -48521, -1.65,  -34958, -2.37,  -13563, -0.92
 954,441.00,  -48458, -1.64,  -34635, -2.35,  -13823, -0.94
 955,442.00,  -47492, -1.61,  -33937, -2.30,  -13555, -0.92
 956,443.00,  -46605, -1.58,  -33548, -2.28,  -13057, -0.89
 957,444.00,  -45261, -1.53,  -32248, -2.19,  -13013, -0.88
 958,445.00,  -43134, -1.46,  -30310, -2.06,  -12824, -0.87
 959,446.00,  -41382, -1.40,  -28910, -1.96,  -12472, -0.85
 960,447.00,  -39265, -1.33,  -27994, -1.90,  -11271, -0.76
 961,448.00,  -37530, -1.27,  -27667, -1.88,   -9863, -0.67
 962,449.00,  -36826, -1.25,  -27281, -1.85,   -9545, -0.65
 963,450.00,  -37456, -1.27,  -27264, -1.85,  -10192, -0.69
 964,451.00,  -38298, -1.30,  -26600, -1.80,  -11698, -0.79
 965,452.00,  -37864, -1.28,  -25190, -1.71,  -12674, -0.86
 966,453.00,  -37444, -1.27,  -24075, -1.63,  -13369, -0.91
 967,454.00,  -37808, -1.28,  -23769, -1.61,  -14039, -0.95
 968,455.00,  -39086, -1.33,  -23646, -1.60,  -15440, -1.05
 969,456.00,  -40287, -1.37,  -23422, -1.59,  -16865, -1.14
 970,457.00,  -42364, -1.44,  -23850, -1.62,  -18514, -1.26
 971,458.00,  -45349, -1.54,  -24961, -1.69,  -20388, -1.38
 972,459.00,  -48410, -1.64,  -26576, -1.80,  -21834, -1.48
 973,460.00,  -50632, -1.72,  -27218, -1.85,  -23414, -1.59
 974,461.00,  -51348, -1.74,  -26932, -1.83,  -24416, -1.66
 975,462.00,  -51484, -1.75,  -26524, -1.80,  -24960, -1.69
 976,463.00,  -51357, -1.74,  -26319, -1.78,  -25038, -1.70
 977,464.00,  -51030, -1.73,  -26069, -1.77,  -24961, -1.69
 978,465.00,  -50994, -1.73,  -25862, -1.75,  -25132, -1.70
 979,466.00,  -50233, -1.70,  -24755, -1.68,  -25478, -1.73
 980,467.00,  -49724, -1.69,  -24082, -1.63,  -25642, -1.74
 981,468.00,  -50241, -1.70,  -24670, -1.67,  -25571, -1.73
 982,469.00,  -50691, -1.72,  -24729, -1.68,  -25962, -1.76
 983,470.00,  -49935, -1.69,  -23735, -1.61,  -26200, -1.78
 984,471.00,  -47807, -1.62,  -22489, -1.53,  -25318, -1.72
 985,472.00,  -47780, -1.62,  -22648, -1.54,  -25132, -1.70
 986,473.00,  -47803, -1.62,  -22290, -1.51,  -25513, -1.73
 987,474.00,  -46391, -1.57,  -21056, -1.43,  -25335, -1.72
 988,475.00,  -44635, -1.51,  -20030, -1.36,  -24605, -1.67
 989,476.00,  -44147, -1.50,  -19725, -1.34,  -24422, -1.66
 990,477.00,  -42908, -1.45,  -17755, -1.20,  -25153, -1.71
 991,478.00,  -40778, -1.38,  -14921, -1.01,  -25857, -1.75
 992,479.00,  -39571, -1.34,  -12720, -0.86,  -26851, -1.82
 993,480.00,  -37703, -1.28,  -10200, -0.69,  -27503, -1.87
 994,481.00,  -35343, -1.20,   -7387, -0.50,  -27956, -1.90
 995,482.00,  -31220, -1.06,   -3693, -0.25,  -27527, -1.87
 996,483.00,  -29325, -0.99,   -1884, -0.13,  -27441, -1.86
 997,484.00,  -26898, -0.91,      54,  0.00,  -26952, -1.83
 998,485.00,  -26029, -0.88,     326,  0.02,  -26355, -1.79
 999,486.00,  -25683, -0.87,     254,  0.02,  -25937, -1.76
1000,487.00,  -24816, -0.84,    1566,  0.11,  -26382, -1.79
1001,488.00,  -22612, -0.77,    4765,  0.32,  -27377, -1.86
1002,489.00,  -19664, -0.67,    8439,  0.57,  -28103, -1.91
1003,490.00,  -16944, -0.57,   11718,  0.79,  -28662, -1.94
1004,491.00,  -14664, -0.50,   13703,  0.93,  -28367, -1.92
1005,492.00,  -11916, -0.40,   15767,  1.07,  -27683, -1.88
1006,493.00,   -9621, -0.33,   17037,  1.16,  -26658, -1.81
1007,494.00,   -9158, -0.31,   17259,  1.17,  -26417, -1.79
1008,495.00,   -8284, -0.28,   17798,  1.21,  -26082, -1.77
1009,496.00,   -7250, -0.25,   18786,  1.27,  -26036, -1.77
1010,497.00,   -7209, -0.24,   19372,  1.31,  -26581, -1.80
1011,498.00,   -7549, -0.26,   19425,  1.32,  -26974, -1.83
1012,499.00,   -6756, -0.23,   19862,  1.35,  -26618, -1.81
1013,500.00,   -6524, -0.22,   20498,  1.39,  -27022, -1.83
1014,501.00,   -6464, -0.22,   20429,  1.39,  -26893, -1.82
1015,502.00,   -6163, -0.21,   20824,  1.41,  -26987, -1.83
1016,503.00,   -6892, -0.23,   20807,  1.41,  -27699, -1.88
1017,504.00,   -7475, -0.25,   21001,  1.42,  -28476, -1.93
1018,505.00,   -7081, -0.24,   21885,  1.48,  -28966, -1.96
1019,506.00,   -7009, -0.24,   22177,  1.50,  -29186, -1.98
1020,507.00,   -7631, -0.26,   21293,  1.44,  -28924, -1.96
1021,508.00,   -8226, -0.28,   20176,  1.37,  -28402, -1.93
1022,509.00,   -7712, -0.26,   19710,  1.34,  -27422, -1.86
1023,510.00,   -7445, -0.25,   19028,  1.29,  -26473, -1.80
1024,511.00,   -8242, -0.28,   17779,  1.21,  -26021, -1.76
