-----------------------------------------------------------------------------------
Identifier:,IHS5922-2018CD01
File Name:,AFLP70B.16
Ear:,L
Channel:,2
Intensity:,70 dB HL
Stim. Rate:,  1.10/s
Stim. Mode:,0
Sweeps:,60
Artifacts:,0
Smp. Period:,1000.00 us
Amp. Gain:, 50.00 K
Low Pass:, 30.00 Hz
High Pass:,  1.00 Hz
Notch Filter:,TRUE
Stimulus:,100
Stim. Freq.:,1000 Hz
Stim. Dur.:,2000 pnts
Masking:,0 dB SPL
Stim. Point:,513
-----------------------------------------------------------------------------------
Peak Information:,Label,Peak(+),Peak(+)(ms),Peak(-),Peak(-)(ms)
,21, 780,267.00, 864,351.00,
-----------------------------------------------------------------------------------


Data Pnt:,Data Pnt(ms):,Average:,Average(uV):,Buffer1:,Buffer1(uV):,Buffer2:,Buffer2(uV):
   1,-512.00,       0,  0.00,       0,  0.00,       0,  0.00
   2,-511.00,       0,  0.00,       0,  0.00,       0,  0.00
   3,-510.00,       0,  0.00,       0,  0.00,       0,  0.00
   4,-509.00,       0,  0.00,       0,  0.00,       0,  0.00
   5,-508.00,       0,  0.00,       0,  0.00,       0,  0.00
   6,-507.00,       0,  0.00,       0,  0.00,       0,  0.00
   7,-506.00,       0,  0.00,       0,  0.00,       0,  0.00
   8,-505.00,       0,  0.00,       0,  0.00,       0,  0.00
   9,-504.00,       0,  0.00,       0,  0.00,       0,  0.00
  10,-503.00,       0,  0.00,       0,  0.00,       0,  0.00
  11,-502.00,       0,  0.00,       0,  0.00,       0,  0.00
  12,-501.00,       0,  0.00,       0,  0.00,       0,  0.00
  13,-500.00,       0,  0.00,       0,  0.00,       0,  0.00
  14,-499.00,       0,  0.00,       0,  0.00,       0,  0.00
  15,-498.00,       0,  0.00,       0,  0.00,       0,  0.00
  16,-497.00,       0,  0.00,       0,  0.00,       0,  0.00
  17,-496.00,       0,  0.00,       0,  0.00,       0,  0.00
  18,-495.00,       0,  0.00,       0,  0.00,       0,  0.00
  19,-494.00,       0,  0.00,       0,  0.00,       0,  0.00
  20,-493.00,       0,  0.00,       0,  0.00,       0,  0.00
  21,-492.00,       0,  0.00,       0,  0.00,       0,  0.00
  22,-491.00,       0,  0.00,       0,  0.00,       0,  0.00
  23,-490.00,       0,  0.00,       0,  0.00,       0,  0.00
  24,-489.00,       0,  0.00,       0,  0.00,       0,  0.00
  25,-488.00,       0,  0.00,       0,  0.00,       0,  0.00
  26,-487.00,       0,  0.00,       0,  0.00,       0,  0.00
  27,-486.00,       0,  0.00,       0,  0.00,       0,  0.00
  28,-485.00,       0,  0.00,       0,  0.00,       0,  0.00
  29,-484.00,       0,  0.00,       0,  0.00,       0,  0.00
  30,-483.00,       0,  0.00,       0,  0.00,       0,  0.00
  31,-482.00,       0,  0.00,       0,  0.00,       0,  0.00
  32,-481.00,       0,  0.00,       0,  0.00,       0,  0.00
  33,-480.00,       0,  0.00,       0,  0.00,       0,  0.00
  34,-479.00,       0,  0.00,       0,  0.00,       0,  0.00
  35,-478.00,       0,  0.00,       0,  0.00,       0,  0.00
  36,-477.00,       0,  0.00,       0,  0.00,       0,  0.00
  37,-476.00,       0,  0.00,       0,  0.00,       0,  0.00
  38,-475.00,       0,  0.00,       0,  0.00,       0,  0.00
  39,-474.00,       0,  0.00,       0,  0.00,       0,  0.00
  40,-473.00,       0,  0.00,       0,  0.00,       0,  0.00
  41,-472.00,       0,  0.00,       0,  0.00,       0,  0.00
  42,-471.00,       0,  0.00,       0,  0.00,       0,  0.00
  43,-470.00,       0,  0.00,       0,  0.00,       0,  0.00
  44,-469.00,       0,  0.00,       0,  0.00,       0,  0.00
  45,-468.00,       0,  0.00,       0,  0.00,       0,  0.00
  46,-467.00,       0,  0.00,       0,  0.00,       0,  0.00
  47,-466.00,       0,  0.00,       0,  0.00,       0,  0.00
  48,-465.00,       0,  0.00,       0,  0.00,       0,  0.00
  49,-464.00,       0,  0.00,       0,  0.00,       0,  0.00
  50,-463.00,       0,  0.00,       0,  0.00,       0,  0.00
  51,-462.00,       0,  0.00,       0,  0.00,       0,  0.00
  52,-461.00,       0,  0.00,       0,  0.00,       0,  0.00
  53,-460.00,       0,  0.00,       0,  0.00,       0,  0.00
  54,-459.00,       0,  0.00,       0,  0.00,       0,  0.00
  55,-458.00,       0,  0.00,       0,  0.00,       0,  0.00
  56,-457.00,       0,  0.00,       0,  0.00,       0,  0.00
  57,-456.00,       0,  0.00,       0,  0.00,       0,  0.00
  58,-455.00,       0,  0.00,       0,  0.00,       0,  0.00
  59,-454.00,       0,  0.00,       0,  0.00,       0,  0.00
  60,-453.00,       0,  0.00,       0,  0.00,       0,  0.00
  61,-452.00,       0,  0.00,       0,  0.00,       0,  0.00
  62,-451.00,       0,  0.00,       0,  0.00,       0,  0.00
  63,-450.00,       0,  0.00,       0,  0.00,       0,  0.00
  64,-449.00,       0,  0.00,       0,  0.00,       0,  0.00
  65,-448.00,       0,  0.00,       0,  0.00,       0,  0.00
  66,-447.00,       0,  0.00,       0,  0.00,       0,  0.00
  67,-446.00,       0,  0.00,       0,  0.00,       0,  0.00
  68,-445.00,       0,  0.00,       0,  0.00,       0,  0.00
  69,-444.00,       0,  0.00,       0,  0.00,       0,  0.00
  70,-443.00,       0,  0.00,       0,  0.00,       0,  0.00
  71,-442.00,       0,  0.00,       0,  0.00,       0,  0.00
  72,-441.00,       0,  0.00,       0,  0.00,       0,  0.00
  73,-440.00,       0,  0.00,       0,  0.00,       0,  0.00
  74,-439.00,       0,  0.00,       0,  0.00,       0,  0.00
  75,-438.00,       0,  0.00,       0,  0.00,       0,  0.00
  76,-437.00,       0,  0.00,       0,  0.00,       0,  0.00
  77,-436.00,       0,  0.00,       0,  0.00,       0,  0.00
  78,-435.00,       0,  0.00,       0,  0.00,       0,  0.00
  79,-434.00,       0,  0.00,       0,  0.00,       0,  0.00
  80,-433.00,       0,  0.00,       0,  0.00,       0,  0.00
  81,-432.00,       0,  0.00,       0,  0.00,       0,  0.00
  82,-431.00,       0,  0.00,       0,  0.00,       0,  0.00
  83,-430.00,       0,  0.00,       0,  0.00,       0,  0.00
  84,-429.00,       0,  0.00,       0,  0.00,       0,  0.00
  85,-428.00,       0,  0.00,       0,  0.00,       0,  0.00
  86,-427.00,       0,  0.00,       0,  0.00,       0,  0.00
  87,-426.00,       0,  0.00,       0,  0.00,       0,  0.00
  88,-425.00,       0,  0.00,       0,  0.00,       0,  0.00
  89,-424.00,       0,  0.00,       0,  0.00,       0,  0.00
  90,-423.00,       0,  0.00,       0,  0.00,       0,  0.00
  91,-422.00,       0,  0.00,       0,  0.00,       0,  0.00
  92,-421.00,       0,  0.00,       0,  0.00,       0,  0.00
  93,-420.00,       0,  0.00,       0,  0.00,       0,  0.00
  94,-419.00,       0,  0.00,       0,  0.00,       0,  0.00
  95,-418.00,       0,  0.00,       0,  0.00,       0,  0.00
  96,-417.00,       0,  0.00,       0,  0.00,       0,  0.00
  97,-416.00,       0,  0.00,       0,  0.00,       0,  0.00
  98,-415.00,       0,  0.00,       0,  0.00,       0,  0.00
  99,-414.00,       0,  0.00,       0,  0.00,       0,  0.00
 100,-413.00,       0,  0.00,       0,  0.00,       0,  0.00
 101,-412.00,       0,  0.00,       0,  0.00,       0,  0.00
 102,-411.00,       0,  0.00,       0,  0.00,       0,  0.00
 103,-410.00,       0,  0.00,       0,  0.00,       0,  0.00
 104,-409.00,       0,  0.00,       0,  0.00,       0,  0.00
 105,-408.00,       0,  0.00,       0,  0.00,       0,  0.00
 106,-407.00,       0,  0.00,       0,  0.00,       0,  0.00
 107,-406.00,       0,  0.00,       0,  0.00,       0,  0.00
 108,-405.00,       0,  0.00,       0,  0.00,       0,  0.00
 109,-404.00,       0,  0.00,       0,  0.00,       0,  0.00
 110,-403.00,       0,  0.00,       0,  0.00,       0,  0.00
 111,-402.00,       0,  0.00,       0,  0.00,       0,  0.00
 112,-401.00,       0,  0.00,       0,  0.00,       0,  0.00
 113,-400.00,       0,  0.00,       0,  0.00,       0,  0.00
 114,-399.00,       0,  0.00,       0,  0.00,       0,  0.00
 115,-398.00,       0,  0.00,       0,  0.00,       0,  0.00
 116,-397.00,   -9569, -0.97,    5151,  1.05,  -14720, -2.99
 117,-396.00,   -8288, -0.84,    5850,  1.19,  -14138, -2.88
 118,-395.00,   -7498, -0.76,    6279,  1.28,  -13777, -2.80
 119,-394.00,   -7246, -0.74,    6316,  1.29,  -13562, -2.76
 120,-393.00,   -6429, -0.65,    6639,  1.35,  -13068, -2.66
 121,-392.00,   -4952, -0.50,    7236,  1.47,  -12188, -2.48
 122,-391.00,   -3696, -0.38,    7822,  1.59,  -11518, -2.34
 123,-390.00,   -2167, -0.22,    8673,  1.76,  -10840, -2.21
 124,-389.00,   -1361, -0.14,    9076,  1.85,  -10437, -2.12
 125,-388.00,    -550, -0.06,    9357,  1.90,   -9907, -2.02
 126,-387.00,     822,  0.08,    9755,  1.98,   -8933, -1.82
 127,-386.00,    2532,  0.26,   10161,  2.07,   -7629, -1.55
 128,-385.00,    4477,  0.46,   10828,  2.20,   -6351, -1.29
 129,-384.00,    5931,  0.60,   11006,  2.24,   -5075, -1.03
 130,-383.00,    7466,  0.76,   11345,  2.31,   -3879, -0.79
 131,-382.00,    9083,  0.92,   11696,  2.38,   -2613, -0.53
 132,-381.00,   10251,  1.04,   11899,  2.42,   -1648, -0.34
 133,-380.00,   11072,  1.13,   11895,  2.42,    -823, -0.17
 134,-379.00,   12364,  1.26,   12073,  2.46,     291,  0.06
 135,-378.00,   13817,  1.41,   12249,  2.49,    1568,  0.32
 136,-377.00,   15166,  1.54,   12387,  2.52,    2779,  0.57
 137,-376.00,   16535,  1.68,   12477,  2.54,    4058,  0.83
 138,-375.00,   17207,  1.75,   12149,  2.47,    5058,  1.03
 139,-374.00,   17645,  1.79,   11891,  2.42,    5754,  1.17
 140,-373.00,   17851,  1.82,   11542,  2.35,    6309,  1.28
 141,-372.00,   18238,  1.86,   11394,  2.32,    6844,  1.39
 142,-371.00,   18338,  1.87,   11187,  2.28,    7151,  1.45
 143,-370.00,   18210,  1.85,   10954,  2.23,    7256,  1.48
 144,-369.00,   18804,  1.91,   11068,  2.25,    7736,  1.57
 145,-368.00,   19275,  1.96,   11176,  2.27,    8099,  1.65
 146,-367.00,   18986,  1.93,   10988,  2.24,    7998,  1.63
 147,-366.00,   18081,  1.84,   10690,  2.17,    7391,  1.50
 148,-365.00,   17141,  1.74,   10367,  2.11,    6774,  1.38
 149,-364.00,   16500,  1.68,   10475,  2.13,    6025,  1.23
 150,-363.00,   15937,  1.62,   10695,  2.18,    5242,  1.07
 151,-362.00,   16000,  1.63,   11104,  2.26,    4896,  1.00
 152,-361.00,   16573,  1.69,   12172,  2.48,    4401,  0.90
 153,-360.00,   16728,  1.70,   12988,  2.64,    3740,  0.76
 154,-359.00,   16655,  1.69,   13742,  2.80,    2913,  0.59
 155,-358.00,   16580,  1.69,   14366,  2.92,    2214,  0.45
 156,-357.00,   15985,  1.63,   14603,  2.97,    1382,  0.28
 157,-356.00,   15255,  1.55,   14510,  2.95,     745,  0.15
 158,-355.00,   14180,  1.44,   14334,  2.92,    -154, -0.03
 159,-354.00,   13232,  1.35,   14465,  2.94,   -1233, -0.25
 160,-353.00,   12482,  1.27,   14784,  3.01,   -2302, -0.47
 161,-352.00,   11798,  1.20,   14964,  3.04,   -3166, -0.64
 162,-351.00,   11199,  1.14,   15248,  3.10,   -4049, -0.82
 163,-350.00,   10435,  1.06,   15004,  3.05,   -4569, -0.93
 164,-349.00,    9653,  0.98,   14713,  2.99,   -5060, -1.03
 165,-348.00,    9127,  0.93,   14593,  2.97,   -5466, -1.11
 166,-347.00,    8299,  0.84,   14049,  2.86,   -5750, -1.17
 167,-346.00,    6886,  0.70,   13125,  2.67,   -6239, -1.27
 168,-345.00,    5322,  0.54,   12269,  2.50,   -6947, -1.41
 169,-344.00,    3963,  0.40,   11651,  2.37,   -7688, -1.56
 170,-343.00,    2727,  0.28,   11046,  2.25,   -8319, -1.69
 171,-342.00,    1271,  0.13,   10130,  2.06,   -8859, -1.80
 172,-341.00,    -152, -0.02,    9174,  1.87,   -9326, -1.90
 173,-340.00,   -1243, -0.13,    8408,  1.71,   -9651, -1.96
 174,-339.00,   -2629, -0.27,    7420,  1.51,  -10049, -2.04
 175,-338.00,   -4479, -0.46,    6305,  1.28,  -10784, -2.19
 176,-337.00,   -5591, -0.57,    5360,  1.09,  -10951, -2.23
 177,-336.00,   -6940, -0.71,    4372,  0.89,  -11312, -2.30
 178,-335.00,   -7686, -0.78,    3434,  0.70,  -11120, -2.26
 179,-334.00,   -8051, -0.82,    2740,  0.56,  -10791, -2.20
 180,-333.00,   -8524, -0.87,    2074,  0.42,  -10598, -2.16
 181,-332.00,   -9762, -0.99,     870,  0.18,  -10632, -2.16
 182,-331.00,  -10810, -1.10,     -72, -0.01,  -10738, -2.18
 183,-330.00,  -11808, -1.20,   -1116, -0.23,  -10692, -2.18
 184,-329.00,  -12534, -1.28,   -2475, -0.50,  -10059, -2.05
 185,-328.00,  -12848, -1.31,   -3481, -0.71,   -9367, -1.91
 186,-327.00,  -12831, -1.31,   -4491, -0.91,   -8340, -1.70
 187,-326.00,  -13191, -1.34,   -5809, -1.18,   -7382, -1.50
 188,-325.00,  -13459, -1.37,   -6986, -1.42,   -6473, -1.32
 189,-324.00,  -13769, -1.40,   -7922, -1.61,   -5847, -1.19
 190,-323.00,  -13542, -1.38,   -8480, -1.73,   -5062, -1.03
 191,-322.00,  -13209, -1.34,   -8933, -1.82,   -4276, -0.87
 192,-321.00,  -13457, -1.37,   -9614, -1.96,   -3843, -0.78
 193,-320.00,  -13579, -1.38,  -10158, -2.07,   -3421, -0.70
 194,-319.00,  -14370, -1.46,  -10802, -2.20,   -3568, -0.73
 195,-318.00,  -14967, -1.52,  -11269, -2.29,   -3698, -0.75
 196,-317.00,  -15462, -1.57,  -11808, -2.40,   -3654, -0.74
 197,-316.00,  -15717, -1.60,  -12152, -2.47,   -3565, -0.73
 198,-315.00,  -15721, -1.60,  -12700, -2.58,   -3021, -0.61
 199,-314.00,  -15718, -1.60,  -13141, -2.67,   -2577, -0.52
 200,-313.00,  -15521, -1.58,  -13356, -2.72,   -2165, -0.44
 201,-312.00,  -14995, -1.53,  -13261, -2.70,   -1734, -0.35
 202,-311.00,  -14657, -1.49,  -13095, -2.66,   -1562, -0.32
 203,-310.00,  -15070, -1.53,  -13193, -2.68,   -1877, -0.38
 204,-309.00,  -14944, -1.52,  -12958, -2.64,   -1986, -0.40
 205,-308.00,  -14832, -1.51,  -12962, -2.64,   -1870, -0.38
 206,-307.00,  -15347, -1.56,  -13397, -2.73,   -1950, -0.40
 207,-306.00,  -15820, -1.61,  -13695, -2.79,   -2125, -0.43
 208,-305.00,  -16249, -1.65,  -14110, -2.87,   -2139, -0.44
 209,-304.00,  -16240, -1.65,  -14255, -2.90,   -1985, -0.40
 210,-303.00,  -16160, -1.64,  -14442, -2.94,   -1718, -0.35
 211,-302.00,  -16644, -1.69,  -14613, -2.97,   -2031, -0.41
 212,-301.00,  -17448, -1.77,  -15071, -3.07,   -2377, -0.48
 213,-300.00,  -17932, -1.82,  -15338, -3.12,   -2594, -0.53
 214,-299.00,  -18347, -1.87,  -15751, -3.20,   -2596, -0.53
 215,-298.00,  -18705, -1.90,  -16103, -3.28,   -2602, -0.53
 216,-297.00,  -18731, -1.91,  -15908, -3.24,   -2823, -0.57
 217,-296.00,  -18642, -1.90,  -15508, -3.16,   -3134, -0.64
 218,-295.00,  -18574, -1.89,  -15291, -3.11,   -3283, -0.67
 219,-294.00,  -18635, -1.90,  -15339, -3.12,   -3296, -0.67
 220,-293.00,  -18846, -1.92,  -15347, -3.12,   -3499, -0.71
 221,-292.00,  -19170, -1.95,  -15329, -3.12,   -3841, -0.78
 222,-291.00,  -18957, -1.93,  -15001, -3.05,   -3956, -0.80
 223,-290.00,  -18601, -1.89,  -14618, -2.97,   -3983, -0.81
 224,-289.00,  -18261, -1.86,  -14290, -2.91,   -3971, -0.81
 225,-288.00,  -17662, -1.80,  -13912, -2.83,   -3750, -0.76
 226,-287.00,  -16309, -1.66,  -12989, -2.64,   -3320, -0.68
 227,-286.00,  -15347, -1.56,  -12312, -2.50,   -3035, -0.62
 228,-285.00,  -14310, -1.46,  -11662, -2.37,   -2648, -0.54
 229,-284.00,  -13151, -1.34,  -11040, -2.25,   -2111, -0.43
 230,-283.00,  -12417, -1.26,  -10437, -2.12,   -1980, -0.40
 231,-282.00,  -11819, -1.20,   -9797, -1.99,   -2022, -0.41
 232,-281.00,  -11014, -1.12,   -9059, -1.84,   -1955, -0.40
 233,-280.00,  -10113, -1.03,   -8359, -1.70,   -1754, -0.36
 234,-279.00,   -9370, -0.95,   -7595, -1.55,   -1775, -0.36
 235,-278.00,   -8806, -0.90,   -7071, -1.44,   -1735, -0.35
 236,-277.00,   -7784, -0.79,   -6525, -1.33,   -1259, -0.26
 237,-276.00,   -6890, -0.70,   -5921, -1.20,    -969, -0.20
 238,-275.00,   -6198, -0.63,   -5295, -1.08,    -903, -0.18
 239,-274.00,   -5509, -0.56,   -4316, -0.88,   -1193, -0.24
 240,-273.00,   -4228, -0.43,   -3353, -0.68,    -875, -0.18
 241,-272.00,   -2544, -0.26,   -2515, -0.51,     -29, -0.00
 242,-271.00,   -1116, -0.11,   -1863, -0.38,     747,  0.15
 243,-270.00,     694,  0.07,    -811, -0.17,    1505,  0.31
 244,-269.00,    1878,  0.19,    -194, -0.04,    2072,  0.42
 245,-268.00,    2879,  0.29,     554,  0.11,    2325,  0.47
 246,-267.00,    3855,  0.39,    1250,  0.25,    2605,  0.53
 247,-266.00,    4365,  0.44,    1853,  0.38,    2512,  0.51
 248,-265.00,    4751,  0.48,    2543,  0.52,    2208,  0.45
 249,-264.00,    5829,  0.59,    3665,  0.75,    2164,  0.44
 250,-263.00,    6798,  0.69,    4503,  0.92,    2295,  0.47
 251,-262.00,    7749,  0.79,    5281,  1.07,    2468,  0.50
 252,-261.00,    8453,  0.86,    6096,  1.24,    2357,  0.48
 253,-260.00,    8923,  0.91,    6574,  1.34,    2349,  0.48
 254,-259.00,    9491,  0.97,    6939,  1.41,    2552,  0.52
 255,-258.00,    9595,  0.98,    7214,  1.47,    2381,  0.48
 256,-257.00,    9290,  0.95,    7363,  1.50,    1927,  0.39
 257,-256.00,    9140,  0.93,    7695,  1.57,    1445,  0.29
 258,-255.00,    8686,  0.88,    7567,  1.54,    1119,  0.23
 259,-254.00,    8495,  0.86,    7735,  1.57,     760,  0.15
 260,-253.00,    8470,  0.86,    7820,  1.59,     650,  0.13
 261,-252.00,    8096,  0.82,    7452,  1.52,     644,  0.13
 262,-251.00,    7355,  0.75,    6921,  1.41,     434,  0.09
 263,-250.00,    6276,  0.64,    6270,  1.28,       6,  0.00
 264,-249.00,    5064,  0.52,    5816,  1.18,    -752, -0.15
 265,-248.00,    3589,  0.37,    5450,  1.11,   -1861, -0.38
 266,-247.00,    2779,  0.28,    5406,  1.10,   -2627, -0.53
 267,-246.00,    2154,  0.22,    5119,  1.04,   -2965, -0.60
 268,-245.00,    1434,  0.15,    4359,  0.89,   -2925, -0.60
 269,-244.00,     575,  0.06,    3380,  0.69,   -2805, -0.57
 270,-243.00,    -572, -0.06,    2275,  0.46,   -2847, -0.58
 271,-242.00,   -2161, -0.22,    1197,  0.24,   -3358, -0.68
 272,-241.00,   -3723, -0.38,     358,  0.07,   -4081, -0.83
 273,-240.00,   -5165, -0.53,    -545, -0.11,   -4620, -0.94
 274,-239.00,   -6411, -0.65,   -1509, -0.31,   -4902, -1.00
 275,-238.00,   -8013, -0.82,   -2916, -0.59,   -5097, -1.04
 276,-237.00,   -9804, -1.00,   -4220, -0.86,   -5584, -1.14
 277,-236.00,  -11261, -1.15,   -5556, -1.13,   -5705, -1.16
 278,-235.00,  -12718, -1.29,   -7079, -1.44,   -5639, -1.15
 279,-234.00,  -13890, -1.41,   -8391, -1.71,   -5499, -1.12
 280,-233.00,  -15093, -1.54,   -9412, -1.91,   -5681, -1.16
 281,-232.00,  -16675, -1.70,  -10691, -2.18,   -5984, -1.22
 282,-231.00,  -18141, -1.85,  -11736, -2.39,   -6405, -1.30
 283,-230.00,  -19465, -1.98,  -12640, -2.57,   -6825, -1.39
 284,-229.00,  -21035, -2.14,  -13516, -2.75,   -7519, -1.53
 285,-228.00,  -22975, -2.34,  -14656, -2.98,   -8319, -1.69
 286,-227.00,  -24726, -2.52,  -15977, -3.25,   -8749, -1.78
 287,-226.00,  -26467, -2.69,  -17133, -3.49,   -9334, -1.90
 288,-225.00,  -27997, -2.85,  -18043, -3.67,   -9954, -2.03
 289,-224.00,  -29147, -2.97,  -18574, -3.78,  -10573, -2.15
 290,-223.00,  -30267, -3.08,  -19136, -3.89,  -11131, -2.26
 291,-222.00,  -31473, -3.20,  -19712, -4.01,  -11761, -2.39
 292,-221.00,  -31694, -3.22,  -19750, -4.02,  -11944, -2.43
 293,-220.00,  -31784, -3.23,  -19768, -4.02,  -12016, -2.44
 294,-219.00,  -31413, -3.20,  -19734, -4.02,  -11679, -2.38
 295,-218.00,  -31497, -3.20,  -19918, -4.05,  -11579, -2.36
 296,-217.00,  -31179, -3.17,  -19888, -4.05,  -11291, -2.30
 297,-216.00,  -30798, -3.13,  -19744, -4.02,  -11054, -2.25
 298,-215.00,  -30313, -3.08,  -19398, -3.95,  -10915, -2.22
 299,-214.00,  -29482, -3.00,  -18822, -3.83,  -10660, -2.17
 300,-213.00,  -28865, -2.94,  -18538, -3.77,  -10327, -2.10
 301,-212.00,  -28533, -2.90,  -18479, -3.76,  -10054, -2.05
 302,-211.00,  -28136, -2.86,  -18458, -3.76,   -9678, -1.97
 303,-210.00,  -27719, -2.82,  -18425, -3.75,   -9294, -1.89
 304,-209.00,  -27006, -2.75,  -18245, -3.71,   -8761, -1.78
 305,-208.00,  -26182, -2.66,  -18096, -3.68,   -8086, -1.65
 306,-207.00,  -25626, -2.61,  -18122, -3.69,   -7504, -1.53
 307,-206.00,  -24619, -2.50,  -17864, -3.63,   -6755, -1.37
 308,-205.00,  -23615, -2.40,  -17552, -3.57,   -6063, -1.23
 309,-204.00,  -22371, -2.28,  -17161, -3.49,   -5210, -1.06
 310,-203.00,  -21591, -2.20,  -16792, -3.42,   -4799, -0.98
 311,-202.00,  -20104, -2.05,  -16137, -3.28,   -3967, -0.81
 312,-201.00,  -18580, -1.89,  -15577, -3.17,   -3003, -0.61
 313,-200.00,  -16768, -1.71,  -14939, -3.04,   -1829, -0.37
 314,-199.00,  -15362, -1.56,  -14378, -2.93,    -984, -0.20
 315,-198.00,  -14262, -1.45,  -13991, -2.85,    -271, -0.06
 316,-197.00,  -13014, -1.32,  -13473, -2.74,     459,  0.09
 317,-196.00,  -11269, -1.15,  -12474, -2.54,    1205,  0.25
 318,-195.00,   -9457, -0.96,  -11311, -2.30,    1854,  0.38
 319,-194.00,   -7695, -0.78,  -10224, -2.08,    2529,  0.51
 320,-193.00,   -6097, -0.62,   -9185, -1.87,    3088,  0.63
 321,-192.00,   -5194, -0.53,   -8743, -1.78,    3549,  0.72
 322,-191.00,   -4509, -0.46,   -8203, -1.67,    3694,  0.75
 323,-190.00,   -3730, -0.38,   -7541, -1.53,    3811,  0.78
 324,-189.00,   -2836, -0.29,   -6473, -1.32,    3637,  0.74
 325,-188.00,   -2111, -0.21,   -5473, -1.11,    3362,  0.68
 326,-187.00,   -1228, -0.12,   -4468, -0.91,    3240,  0.66
 327,-186.00,     287,  0.03,   -3189, -0.65,    3476,  0.71
 328,-185.00,    1618,  0.16,   -1895, -0.39,    3513,  0.71
 329,-184.00,    2335,  0.24,    -805, -0.16,    3140,  0.64
 330,-183.00,    2212,  0.23,    -442, -0.09,    2654,  0.54
 331,-182.00,    1733,  0.18,    -142, -0.03,    1875,  0.38
 332,-181.00,    1310,  0.13,     363,  0.07,     947,  0.19
 333,-180.00,    1074,  0.11,    1333,  0.27,    -259, -0.05
 334,-179.00,    1082,  0.11,    2306,  0.47,   -1224, -0.25
 335,-178.00,    1392,  0.14,    3256,  0.66,   -1864, -0.38
 336,-177.00,    1619,  0.16,    4261,  0.87,   -2642, -0.54
 337,-176.00,    1879,  0.19,    5170,  1.05,   -3291, -0.67
 338,-175.00,    2284,  0.23,    5841,  1.19,   -3557, -0.72
 339,-174.00,    2674,  0.27,    6677,  1.36,   -4003, -0.81
 340,-173.00,    2612,  0.27,    7349,  1.50,   -4737, -0.96
 341,-172.00,    2636,  0.27,    7969,  1.62,   -5333, -1.09
 342,-171.00,    2707,  0.28,    8351,  1.70,   -5644, -1.15
 343,-170.00,    3426,  0.35,    8925,  1.82,   -5499, -1.12
 344,-169.00,    4380,  0.45,    9582,  1.95,   -5202, -1.06
 345,-168.00,    5048,  0.51,   10229,  2.08,   -5181, -1.05
 346,-167.00,    5669,  0.58,   10736,  2.18,   -5067, -1.03
 347,-166.00,    6361,  0.65,   11301,  2.30,   -4940, -1.01
 348,-165.00,    6112,  0.62,   11457,  2.33,   -5345, -1.09
 349,-164.00,    5543,  0.56,   11698,  2.38,   -6155, -1.25
 350,-163.00,    5167,  0.53,   12012,  2.44,   -6845, -1.39
 351,-162.00,    5297,  0.54,   12350,  2.51,   -7053, -1.43
 352,-161.00,    4690,  0.48,   12345,  2.51,   -7655, -1.56
 353,-160.00,    3936,  0.40,   12262,  2.49,   -8326, -1.69
 354,-159.00,    3035,  0.31,   11977,  2.44,   -8942, -1.82
 355,-158.00,    2473,  0.25,   11750,  2.39,   -9277, -1.89
 356,-157.00,    1712,  0.17,   11580,  2.36,   -9868, -2.01
 357,-156.00,    1175,  0.12,   11594,  2.36,  -10419, -2.12
 358,-155.00,     419,  0.04,   11183,  2.28,  -10764, -2.19
 359,-154.00,    -251, -0.03,   10749,  2.19,  -11000, -2.24
 360,-153.00,   -1144, -0.12,   10447,  2.13,  -11591, -2.36
 361,-152.00,   -1893, -0.19,   10317,  2.10,  -12210, -2.48
 362,-151.00,   -2937, -0.30,   10183,  2.07,  -13120, -2.67
 363,-150.00,   -3432, -0.35,    9999,  2.03,  -13431, -2.73
 364,-149.00,   -3805, -0.39,   10053,  2.05,  -13858, -2.82
 365,-148.00,   -4478, -0.46,    9851,  2.00,  -14329, -2.92
 366,-147.00,   -5244, -0.53,    9729,  1.98,  -14973, -3.05
 367,-146.00,   -5968, -0.61,    9303,  1.89,  -15271, -3.11
 368,-145.00,   -6610, -0.67,    8761,  1.78,  -15371, -3.13
 369,-144.00,   -6842, -0.70,    8730,  1.78,  -15572, -3.17
 370,-143.00,   -7594, -0.77,    8845,  1.80,  -16439, -3.34
 371,-142.00,   -8332, -0.85,    9113,  1.85,  -17445, -3.55
 372,-141.00,   -9017, -0.92,    9008,  1.83,  -18025, -3.67
 373,-140.00,   -9608, -0.98,    8681,  1.77,  -18289, -3.72
 374,-139.00,  -10615, -1.08,    8382,  1.71,  -18997, -3.87
 375,-138.00,  -11866, -1.21,    8257,  1.68,  -20123, -4.09
 376,-137.00,  -12864, -1.31,    8187,  1.67,  -21051, -4.28
 377,-136.00,  -13976, -1.42,    8032,  1.63,  -22008, -4.48
 378,-135.00,  -15122, -1.54,    7768,  1.58,  -22890, -4.66
 379,-134.00,  -16610, -1.69,    7254,  1.48,  -23864, -4.86
 380,-133.00,  -17927, -1.82,    6876,  1.40,  -24803, -5.05
 381,-132.00,  -19012, -1.93,    6496,  1.32,  -25508, -5.19
 382,-131.00,  -19406, -1.97,    6519,  1.33,  -25925, -5.27
 383,-130.00,  -19667, -2.00,    6608,  1.34,  -26275, -5.35
 384,-129.00,  -20039, -2.04,    6584,  1.34,  -26623, -5.42
 385,-128.00,  -20293, -2.06,    6512,  1.32,  -26805, -5.45
 386,-127.00,  -20655, -2.10,    6481,  1.32,  -27136, -5.52
 387,-126.00,  -20998, -2.14,    6319,  1.29,  -27317, -5.56
 388,-125.00,  -21126, -2.15,    6139,  1.25,  -27265, -5.55
 389,-124.00,  -21262, -2.16,    5903,  1.20,  -27165, -5.53
 390,-123.00,  -21486, -2.19,    5733,  1.17,  -27219, -5.54
 391,-122.00,  -21734, -2.21,    5342,  1.09,  -27076, -5.51
 392,-121.00,  -21411, -2.18,    5254,  1.07,  -26665, -5.43
 393,-120.00,  -20900, -2.13,    5312,  1.08,  -26212, -5.33
 394,-119.00,  -20398, -2.08,    5381,  1.09,  -25779, -5.24
 395,-118.00,  -19701, -2.00,    5618,  1.14,  -25319, -5.15
 396,-117.00,  -18573, -1.89,    5968,  1.21,  -24541, -4.99
 397,-116.00,  -17583, -1.79,    5880,  1.20,  -23463, -4.77
 398,-115.00,  -16290, -1.66,    5713,  1.16,  -22003, -4.48
 399,-114.00,  -14870, -1.51,    5614,  1.14,  -20484, -4.17
 400,-113.00,  -13466, -1.37,    5254,  1.07,  -18720, -3.81
 401,-112.00,  -11883, -1.21,    5001,  1.02,  -16884, -3.44
 402,-111.00,  -10884, -1.11,    4376,  0.89,  -15260, -3.10
 403,-110.00,  -10203, -1.04,    3519,  0.72,  -13722, -2.79
 404,-109.00,   -9528, -0.97,    2908,  0.59,  -12436, -2.53
 405,-108.00,   -8657, -0.88,    2390,  0.49,  -11047, -2.25
 406,-107.00,   -7885, -0.80,    1631,  0.33,   -9516, -1.94
 407,-106.00,   -7451, -0.76,     762,  0.16,   -8213, -1.67
 408,-105.00,   -7131, -0.73,    -373, -0.08,   -6758, -1.37
 409,-104.00,   -6023, -0.61,   -1249, -0.25,   -4774, -0.97
 410,-103.00,   -5730, -0.58,   -2584, -0.53,   -3146, -0.64
 411,-102.00,   -5026, -0.51,   -3667, -0.75,   -1359, -0.28
 412,-101.00,   -3923, -0.40,   -4693, -0.95,     770,  0.16
 413,-100.00,   -3150, -0.32,   -5763, -1.17,    2613,  0.53
 414,-99.00,   -2177, -0.22,   -6522, -1.33,    4345,  0.88
 415,-98.00,   -1266, -0.13,   -6907, -1.41,    5641,  1.15
 416,-97.00,    -807, -0.08,   -7452, -1.52,    6645,  1.35
 417,-96.00,    -225, -0.02,   -8089, -1.65,    7864,  1.60
 418,-95.00,     449,  0.05,   -8266, -1.68,    8715,  1.77
 419,-94.00,     870,  0.09,   -8379, -1.70,    9249,  1.88
 420,-93.00,    1335,  0.14,   -8515, -1.73,    9850,  2.00
 421,-92.00,    1482,  0.15,   -8936, -1.82,   10418,  2.12
 422,-91.00,    2290,  0.23,   -8831, -1.80,   11121,  2.26
 423,-90.00,    3368,  0.34,   -8433, -1.72,   11801,  2.40
 424,-89.00,    4289,  0.44,   -8283, -1.69,   12572,  2.56
 425,-88.00,    4716,  0.48,   -8317, -1.69,   13033,  2.65
 426,-87.00,    4871,  0.50,   -8444, -1.72,   13315,  2.71
 427,-86.00,    4978,  0.51,   -8617, -1.75,   13595,  2.77
 428,-85.00,    5277,  0.54,   -8748, -1.78,   14025,  2.85
 429,-84.00,    5406,  0.55,   -8775, -1.79,   14181,  2.89
 430,-83.00,    5276,  0.54,   -9176, -1.87,   14452,  2.94
 431,-82.00,    4757,  0.48,   -9852, -2.00,   14609,  2.97
 432,-81.00,    4573,  0.47,  -10130, -2.06,   14703,  2.99
 433,-80.00,    4323,  0.44,  -10362, -2.11,   14685,  2.99
 434,-79.00,    4160,  0.42,  -10720, -2.18,   14880,  3.03
 435,-78.00,    4180,  0.43,  -10702, -2.18,   14882,  3.03
 436,-77.00,    4176,  0.42,  -10875, -2.21,   15051,  3.06
 437,-76.00,    3748,  0.38,  -11191, -2.28,   14939,  3.04
 438,-75.00,    3540,  0.36,  -11455, -2.33,   14995,  3.05
 439,-74.00,    3476,  0.35,  -11502, -2.34,   14978,  3.05
 440,-73.00,    3409,  0.35,  -11457, -2.33,   14866,  3.02
 441,-72.00,    3175,  0.32,  -11629, -2.37,   14804,  3.01
 442,-71.00,    2417,  0.25,  -11952, -2.43,   14369,  2.92
 443,-70.00,    2353,  0.24,  -11952, -2.43,   14305,  2.91
 444,-69.00,    2839,  0.29,  -11724, -2.39,   14563,  2.96
 445,-68.00,    3021,  0.31,  -11438, -2.33,   14459,  2.94
 446,-67.00,    2891,  0.29,  -11205, -2.28,   14096,  2.87
 447,-66.00,    2871,  0.29,  -10909, -2.22,   13780,  2.80
 448,-65.00,    2690,  0.27,  -10556, -2.15,   13246,  2.69
 449,-64.00,    2481,  0.25,  -10244, -2.08,   12725,  2.59
 450,-63.00,    2139,  0.22,  -10142, -2.06,   12281,  2.50
 451,-62.00,    1506,  0.15,  -10323, -2.10,   11829,  2.41
 452,-61.00,    1030,  0.10,  -10476, -2.13,   11506,  2.34
 453,-60.00,    1141,  0.12,  -10317, -2.10,   11458,  2.33
 454,-59.00,    1102,  0.11,  -10298, -2.10,   11400,  2.32
 455,-58.00,     632,  0.06,  -10391, -2.11,   11023,  2.24
 456,-57.00,     399,  0.04,  -10509, -2.14,   10908,  2.22
 457,-56.00,    -297, -0.03,  -10771, -2.19,   10474,  2.13
 458,-55.00,   -1140, -0.12,  -10980, -2.23,    9840,  2.00
 459,-54.00,   -1622, -0.17,  -10820, -2.20,    9198,  1.87
 460,-53.00,   -1494, -0.15,  -10493, -2.13,    8999,  1.83
 461,-52.00,   -1379, -0.14,  -10435, -2.12,    9056,  1.84
 462,-51.00,   -1149, -0.12,  -10237, -2.08,    9088,  1.85
 463,-50.00,   -1311, -0.13,  -10105, -2.06,    8794,  1.79
 464,-49.00,   -1406, -0.14,  -10036, -2.04,    8630,  1.76
 465,-48.00,   -1676, -0.17,   -9818, -2.00,    8142,  1.66
 466,-47.00,   -2423, -0.25,   -9682, -1.97,    7259,  1.48
 467,-46.00,   -2923, -0.30,   -9724, -1.98,    6801,  1.38
 468,-45.00,   -2838, -0.29,   -9540, -1.94,    6702,  1.36
 469,-44.00,   -2275, -0.23,   -8936, -1.82,    6661,  1.36
 470,-43.00,   -2229, -0.23,   -8621, -1.75,    6392,  1.30
 471,-42.00,   -2080, -0.21,   -8255, -1.68,    6175,  1.26
 472,-41.00,   -2157, -0.22,   -7916, -1.61,    5759,  1.17
 473,-40.00,   -1905, -0.19,   -7465, -1.52,    5560,  1.13
 474,-39.00,   -1546, -0.16,   -7047, -1.43,    5501,  1.12
 475,-38.00,   -1032, -0.10,   -6495, -1.32,    5463,  1.11
 476,-37.00,    -500, -0.05,   -6055, -1.23,    5555,  1.13
 477,-36.00,    -304, -0.03,   -5874, -1.20,    5570,  1.13
 478,-35.00,      50,  0.00,   -5834, -1.19,    5884,  1.20
 479,-34.00,     516,  0.05,   -5550, -1.13,    6066,  1.23
 480,-33.00,     954,  0.10,   -5258, -1.07,    6212,  1.26
 481,-32.00,    1704,  0.17,   -4878, -0.99,    6582,  1.34
 482,-31.00,    2730,  0.28,   -4186, -0.85,    6916,  1.41
 483,-30.00,    3795,  0.39,   -3562, -0.72,    7357,  1.50
 484,-29.00,    4530,  0.46,   -2826, -0.57,    7356,  1.50
 485,-28.00,    5132,  0.52,   -2375, -0.48,    7507,  1.53
 486,-27.00,    5271,  0.54,   -1962, -0.40,    7233,  1.47
 487,-26.00,    5606,  0.57,   -1399, -0.28,    7005,  1.43
 488,-25.00,    6063,  0.62,    -758, -0.15,    6821,  1.39
 489,-24.00,    6281,  0.64,    -373, -0.08,    6654,  1.35
 490,-23.00,    6619,  0.67,      52,  0.01,    6567,  1.34
 491,-22.00,    6725,  0.68,     273,  0.06,    6452,  1.31
 492,-21.00,    6957,  0.71,     711,  0.14,    6246,  1.27
 493,-20.00,    7127,  0.73,    1163,  0.24,    5964,  1.21
 494,-19.00,    7474,  0.76,    1853,  0.38,    5621,  1.14
 495,-18.00,    7899,  0.80,    2685,  0.55,    5214,  1.06
 496,-17.00,    8305,  0.84,    3541,  0.72,    4764,  0.97
 497,-16.00,    8796,  0.89,    4344,  0.88,    4452,  0.91
 498,-15.00,    8805,  0.90,    5038,  1.03,    3767,  0.77
 499,-14.00,    8947,  0.91,    5814,  1.18,    3133,  0.64
 500,-13.00,    9074,  0.92,    6563,  1.34,    2511,  0.51
 501,-12.00,    9163,  0.93,    7459,  1.52,    1704,  0.35
 502,-11.00,    9075,  0.92,    8541,  1.74,     534,  0.11
 503,-10.00,    8100,  0.82,    8954,  1.82,    -854, -0.17
 504,-9.00,    6613,  0.67,    8920,  1.81,   -2307, -0.47
 505,-8.00,    5288,  0.54,    8987,  1.83,   -3699, -0.75
 506,-7.00,    3669,  0.37,    9137,  1.86,   -5468, -1.11
 507,-6.00,    1971,  0.20,    9107,  1.85,   -7136, -1.45
 508,-5.00,     821,  0.08,    8834,  1.80,   -8013, -1.63
 509,-4.00,    -594, -0.06,    8474,  1.72,   -9068, -1.84
 510,-3.00,   -2441, -0.25,    7920,  1.61,  -10361, -2.11
 511,-2.00,   -4513, -0.46,    7210,  1.47,  -11723, -2.39
 512,-1.00,   -6104, -0.62,    6584,  1.34,  -12688, -2.58
 513,0.00,   -7725, -0.79,    5743,  1.17,  -13468, -2.74
 514,1.00,   -8879, -0.90,    5064,  1.03,  -13943, -2.84
 515,2.00,  -10008, -1.02,    4469,  0.91,  -14477, -2.95
 516,3.00,  -10829, -1.10,    3889,  0.79,  -14718, -2.99
 517,4.00,  -11508, -1.17,    2989,  0.61,  -14497, -2.95
 518,5.00,  -12368, -1.26,    2087,  0.42,  -14455, -2.94
 519,6.00,  -12999, -1.32,    1375,  0.28,  -14374, -2.92
 520,7.00,  -13687, -1.39,     751,  0.15,  -14438, -2.94
 521,8.00,  -13517, -1.38,     579,  0.12,  -14096, -2.87
 522,9.00,  -13334, -1.36,     326,  0.07,  -13660, -2.78
 523,10.00,  -12915, -1.31,     432,  0.09,  -13347, -2.72
 524,11.00,  -12514, -1.27,     424,  0.09,  -12938, -2.63
 525,12.00,  -11774, -1.20,     523,  0.11,  -12297, -2.50
 526,13.00,  -11090, -1.13,     932,  0.19,  -12022, -2.45
 527,14.00,  -11046, -1.12,    1012,  0.21,  -12058, -2.45
 528,15.00,  -11300, -1.15,     964,  0.20,  -12264, -2.50
 529,16.00,  -11604, -1.18,    1018,  0.21,  -12622, -2.57
 530,17.00,  -11828, -1.20,     856,  0.17,  -12684, -2.58
 531,18.00,  -12567, -1.28,     585,  0.12,  -13152, -2.68
 532,19.00,  -12532, -1.27,     697,  0.14,  -13229, -2.69
 533,20.00,  -13032, -1.33,     560,  0.11,  -13592, -2.77
 534,21.00,  -13643, -1.39,     482,  0.10,  -14125, -2.87
 535,22.00,  -13815, -1.41,     537,  0.11,  -14352, -2.92
 536,23.00,  -13721, -1.40,     658,  0.13,  -14379, -2.93
 537,24.00,  -13278, -1.35,    1200,  0.24,  -14478, -2.95
 538,25.00,  -12476, -1.27,    1847,  0.38,  -14323, -2.91
 539,26.00,  -10796, -1.10,    2845,  0.58,  -13641, -2.78
 540,27.00,   -9235, -0.94,    3577,  0.73,  -12812, -2.61
 541,28.00,   -7929, -0.81,    4330,  0.88,  -12259, -2.49
 542,29.00,   -6365, -0.65,    5390,  1.10,  -11755, -2.39
 543,30.00,   -4695, -0.48,    6516,  1.33,  -11211, -2.28
 544,31.00,   -3040, -0.31,    7502,  1.53,  -10542, -2.14
 545,32.00,    -956, -0.10,    8750,  1.78,   -9706, -1.97
 546,33.00,     957,  0.10,    9836,  2.00,   -8879, -1.81
 547,34.00,    2280,  0.23,   10657,  2.17,   -8377, -1.70
 548,35.00,    3805,  0.39,   11932,  2.43,   -8127, -1.65
 549,36.00,    5492,  0.56,   13137,  2.67,   -7645, -1.56
 550,37.00,    7162,  0.73,   13977,  2.84,   -6815, -1.39
 551,38.00,    8183,  0.83,   14518,  2.95,   -6335, -1.29
 552,39.00,    8971,  0.91,   14951,  3.04,   -5980, -1.22
 553,40.00,    9563,  0.97,   15276,  3.11,   -5713, -1.16
 554,41.00,    9703,  0.99,   15255,  3.10,   -5552, -1.13
 555,42.00,    9598,  0.98,   15056,  3.06,   -5458, -1.11
 556,43.00,    9095,  0.93,   14776,  3.01,   -5681, -1.16
 557,44.00,    8487,  0.86,   14470,  2.94,   -5983, -1.22
 558,45.00,    8030,  0.82,   14049,  2.86,   -6019, -1.22
 559,46.00,    7385,  0.75,   13362,  2.72,   -5977, -1.22
 560,47.00,    6879,  0.70,   12687,  2.58,   -5808, -1.18
 561,48.00,    6562,  0.67,   12398,  2.52,   -5836, -1.19
 562,49.00,    6605,  0.67,   12016,  2.44,   -5411, -1.10
 563,50.00,    6276,  0.64,   11519,  2.34,   -5243, -1.07
 564,51.00,    5473,  0.56,   11090,  2.26,   -5617, -1.14
 565,52.00,    4651,  0.47,   10875,  2.21,   -6224, -1.27
 566,53.00,    4361,  0.44,   10893,  2.22,   -6532, -1.33
 567,54.00,    4322,  0.44,   10805,  2.20,   -6483, -1.32
 568,55.00,    4021,  0.41,   10514,  2.14,   -6493, -1.32
 569,56.00,    3828,  0.39,   10170,  2.07,   -6342, -1.29
 570,57.00,    3840,  0.39,    9997,  2.03,   -6157, -1.25
 571,58.00,    3968,  0.40,   10132,  2.06,   -6164, -1.25
 572,59.00,    3904,  0.40,   10331,  2.10,   -6427, -1.31
 573,60.00,    3699,  0.38,   10556,  2.15,   -6857, -1.40
 574,61.00,    2967,  0.30,   10402,  2.12,   -7435, -1.51
 575,62.00,    2093,  0.21,    9997,  2.03,   -7904, -1.61
 576,63.00,    1170,  0.12,    9402,  1.91,   -8232, -1.67
 577,64.00,     467,  0.05,    8868,  1.80,   -8401, -1.71
 578,65.00,     391,  0.04,    8691,  1.77,   -8300, -1.69
 579,66.00,     172,  0.02,    8509,  1.73,   -8337, -1.70
 580,67.00,     -28, -0.00,    8242,  1.68,   -8270, -1.68
 581,68.00,      26,  0.00,    8321,  1.69,   -8295, -1.69
 582,69.00,    -524, -0.05,    8194,  1.67,   -8718, -1.77
 583,70.00,    -986, -0.10,    8286,  1.69,   -9272, -1.89
 584,71.00,   -1197, -0.12,    8223,  1.67,   -9420, -1.92
 585,72.00,    -769, -0.08,    8212,  1.67,   -8981, -1.83
 586,73.00,    -739, -0.08,    8001,  1.63,   -8740, -1.78
 587,74.00,    -812, -0.08,    7713,  1.57,   -8525, -1.73
 588,75.00,   -1233, -0.13,    7415,  1.51,   -8648, -1.76
 589,76.00,   -1224, -0.12,    7225,  1.47,   -8449, -1.72
 590,77.00,   -1580, -0.16,    7047,  1.43,   -8627, -1.76
 591,78.00,   -1810, -0.18,    6842,  1.39,   -8652, -1.76
 592,79.00,   -1934, -0.20,    6567,  1.34,   -8501, -1.73
 593,80.00,   -1587, -0.16,    6592,  1.34,   -8179, -1.66
 594,81.00,   -1631, -0.17,    6557,  1.33,   -8188, -1.67
 595,82.00,   -1508, -0.15,    6457,  1.31,   -7965, -1.62
 596,83.00,   -1591, -0.16,    6408,  1.30,   -7999, -1.63
 597,84.00,   -1340, -0.14,    6534,  1.33,   -7874, -1.60
 598,85.00,   -1296, -0.13,    6679,  1.36,   -7975, -1.62
 599,86.00,   -1609, -0.16,    6704,  1.36,   -8313, -1.69
 600,87.00,   -1823, -0.19,    6799,  1.38,   -8622, -1.75
 601,88.00,   -2009, -0.20,    6915,  1.41,   -8924, -1.82
 602,89.00,   -2524, -0.26,    7216,  1.47,   -9740, -1.98
 603,90.00,   -2913, -0.30,    7513,  1.53,  -10426, -2.12
 604,91.00,   -3605, -0.37,    7408,  1.51,  -11013, -2.24
 605,92.00,   -3955, -0.40,    7445,  1.51,  -11400, -2.32
 606,93.00,   -3951, -0.40,    7836,  1.59,  -11787, -2.40
 607,94.00,   -4145, -0.42,    7957,  1.62,  -12102, -2.46
 608,95.00,   -5245, -0.53,    7890,  1.61,  -13135, -2.67
 609,96.00,   -6328, -0.64,    7960,  1.62,  -14288, -2.91
 610,97.00,   -7194, -0.73,    7953,  1.62,  -15147, -3.08
 611,98.00,   -7986, -0.81,    7746,  1.58,  -15732, -3.20
 612,99.00,   -8626, -0.88,    7522,  1.53,  -16148, -3.29
 613,100.00,   -8808, -0.90,    7237,  1.47,  -16045, -3.26
 614,101.00,   -9014, -0.92,    6911,  1.41,  -15925, -3.24
 615,102.00,   -9587, -0.98,    6301,  1.28,  -15888, -3.23
 616,103.00,  -10205, -1.04,    5518,  1.12,  -15723, -3.20
 617,104.00,  -10524, -1.07,    5125,  1.04,  -15649, -3.18
 618,105.00,  -10922, -1.11,    4559,  0.93,  -15481, -3.15
 619,106.00,  -11965, -1.22,    3885,  0.79,  -15850, -3.22
 620,107.00,  -13129, -1.34,    3180,  0.65,  -16309, -3.32
 621,108.00,  -14286, -1.45,    2353,  0.48,  -16639, -3.39
 622,109.00,  -15497, -1.58,    1485,  0.30,  -16982, -3.46
 623,110.00,  -15995, -1.63,    1113,  0.23,  -17108, -3.48
 624,111.00,  -16852, -1.71,     702,  0.14,  -17554, -3.57
 625,112.00,  -17935, -1.82,     -11, -0.00,  -17924, -3.65
 626,113.00,  -19453, -1.98,   -1115, -0.23,  -18338, -3.73
 627,114.00,  -20761, -2.11,   -2081, -0.42,  -18680, -3.80
 628,115.00,  -21410, -2.18,   -2939, -0.60,  -18471, -3.76
 629,116.00,  -21813, -2.22,   -3692, -0.75,  -18121, -3.69
 630,117.00,  -22370, -2.28,   -4202, -0.85,  -18168, -3.70
 631,118.00,  -23545, -2.40,   -5165, -1.05,  -18380, -3.74
 632,119.00,  -25052, -2.55,   -6372, -1.30,  -18680, -3.80
 633,120.00,  -25926, -2.64,   -7371, -1.50,  -18555, -3.78
 634,121.00,  -26192, -2.66,   -7992, -1.63,  -18200, -3.70
 635,122.00,  -26205, -2.67,   -8675, -1.76,  -17530, -3.57
 636,123.00,  -25968, -2.64,   -8905, -1.81,  -17063, -3.47
 637,124.00,  -25966, -2.64,   -9337, -1.90,  -16629, -3.38
 638,125.00,  -26061, -2.65,   -9823, -2.00,  -16238, -3.30
 639,126.00,  -25770, -2.62,  -10049, -2.04,  -15721, -3.20
 640,127.00,  -25232, -2.57,   -9835, -2.00,  -15397, -3.13
 641,128.00,  -24587, -2.50,   -9500, -1.93,  -15087, -3.07
 642,129.00,  -23947, -2.44,   -8781, -1.79,  -15166, -3.09
 643,130.00,  -23494, -2.39,   -8324, -1.69,  -15170, -3.09
 644,131.00,  -22807, -2.32,   -8065, -1.64,  -14742, -3.00
 645,132.00,  -21734, -2.21,   -7525, -1.53,  -14209, -2.89
 646,133.00,  -20602, -2.10,   -7049, -1.43,  -13553, -2.76
 647,134.00,  -18901, -1.92,   -6316, -1.29,  -12585, -2.56
 648,135.00,  -17316, -1.76,   -5557, -1.13,  -11759, -2.39
 649,136.00,  -15971, -1.62,   -4883, -0.99,  -11088, -2.26
 650,137.00,  -14886, -1.51,   -4013, -0.82,  -10873, -2.21
 651,138.00,  -13834, -1.41,   -3181, -0.65,  -10653, -2.17
 652,139.00,  -12396, -1.26,   -2280, -0.46,  -10116, -2.06
 653,140.00,  -10984, -1.12,   -1399, -0.28,   -9585, -1.95
 654,141.00,   -9748, -0.99,    -904, -0.18,   -8844, -1.80
 655,142.00,   -8516, -0.87,    -466, -0.09,   -8050, -1.64
 656,143.00,   -6976, -0.71,     224,  0.05,   -7200, -1.46
 657,144.00,   -4868, -0.50,     952,  0.19,   -5820, -1.18
 658,145.00,   -3036, -0.31,    1520,  0.31,   -4556, -0.93
 659,146.00,   -1262, -0.13,    2253,  0.46,   -3515, -0.72
 660,147.00,     346,  0.04,    3134,  0.64,   -2788, -0.57
 661,148.00,    1339,  0.14,    3738,  0.76,   -2399, -0.49
 662,149.00,    2740,  0.28,    4423,  0.90,   -1683, -0.34
 663,150.00,    4026,  0.41,    5226,  1.06,   -1200, -0.24
 664,151.00,    5263,  0.54,    5807,  1.18,    -544, -0.11
 665,152.00,    5983,  0.61,    6153,  1.25,    -170, -0.03
 666,153.00,    6719,  0.68,    6290,  1.28,     429,  0.09
 667,154.00,    7427,  0.76,    6239,  1.27,    1188,  0.24
 668,155.00,    8189,  0.83,    6278,  1.28,    1911,  0.39
 669,156.00,    9097,  0.93,    6244,  1.27,    2853,  0.58
 670,157.00,    9430,  0.96,    5922,  1.20,    3508,  0.71
 671,158.00,    9428,  0.96,    5694,  1.16,    3734,  0.76
 672,159.00,    8908,  0.91,    4920,  1.00,    3988,  0.81
 673,160.00,    8289,  0.84,    4029,  0.82,    4260,  0.87
 674,161.00,    8107,  0.82,    3409,  0.69,    4698,  0.96
 675,162.00,    8031,  0.82,    2821,  0.57,    5210,  1.06
 676,163.00,    8176,  0.83,    2695,  0.55,    5481,  1.12
 677,164.00,    8432,  0.86,    2448,  0.50,    5984,  1.22
 678,165.00,    8348,  0.85,    1933,  0.39,    6415,  1.31
 679,166.00,    7999,  0.81,    1496,  0.30,    6503,  1.32
 680,167.00,    7438,  0.76,    1010,  0.21,    6428,  1.31
 681,168.00,    6772,  0.69,     181,  0.04,    6591,  1.34
 682,169.00,    6399,  0.65,    -191, -0.04,    6590,  1.34
 683,170.00,    6006,  0.61,    -552, -0.11,    6558,  1.33
 684,171.00,    5866,  0.60,    -744, -0.15,    6610,  1.34
 685,172.00,    5635,  0.57,    -939, -0.19,    6574,  1.34
 686,173.00,    5364,  0.55,   -1477, -0.30,    6841,  1.39
 687,174.00,    5255,  0.53,   -1863, -0.38,    7118,  1.45
 688,175.00,    4830,  0.49,   -2391, -0.49,    7221,  1.47
 689,176.00,    4272,  0.43,   -2902, -0.59,    7174,  1.46
 690,177.00,    3417,  0.35,   -3119, -0.63,    6536,  1.33
 691,178.00,    2422,  0.25,   -3577, -0.73,    5999,  1.22
 692,179.00,    1588,  0.16,   -4022, -0.82,    5610,  1.14
 693,180.00,     797,  0.08,   -4636, -0.94,    5433,  1.11
 694,181.00,    -211, -0.02,   -5270, -1.07,    5059,  1.03
 695,182.00,   -1268, -0.13,   -5930, -1.21,    4662,  0.95
 696,183.00,   -2699, -0.27,   -6711, -1.37,    4012,  0.82
 697,184.00,   -3549, -0.36,   -7535, -1.53,    3986,  0.81
 698,185.00,   -4269, -0.43,   -8406, -1.71,    4137,  0.84
 699,186.00,   -5616, -0.57,   -9542, -1.94,    3926,  0.80
 700,187.00,   -7313, -0.74,  -10834, -2.20,    3521,  0.72
 701,188.00,   -9602, -0.98,  -12463, -2.54,    2861,  0.58
 702,189.00,  -11451, -1.16,  -14048, -2.86,    2597,  0.53
 703,190.00,  -13272, -1.35,  -15600, -3.17,    2328,  0.47
 704,191.00,  -15227, -1.55,  -17260, -3.51,    2033,  0.41
 705,192.00,  -17025, -1.73,  -18755, -3.82,    1730,  0.35
 706,193.00,  -18543, -1.89,  -20046, -4.08,    1503,  0.31
 707,194.00,  -19921, -2.03,  -21419, -4.36,    1498,  0.30
 708,195.00,  -21533, -2.19,  -23243, -4.73,    1710,  0.35
 709,196.00,  -22755, -2.31,  -25181, -5.12,    2426,  0.49
 710,197.00,  -24201, -2.46,  -27034, -5.50,    2833,  0.58
 711,198.00,  -25439, -2.59,  -28449, -5.79,    3010,  0.61
 712,199.00,  -26870, -2.73,  -29871, -6.08,    3001,  0.61
 713,200.00,  -28084, -2.86,  -31097, -6.33,    3013,  0.61
 714,201.00,  -29523, -3.00,  -32494, -6.61,    2971,  0.60
 715,202.00,  -31213, -3.18,  -34001, -6.92,    2788,  0.57
 716,203.00,  -32722, -3.33,  -35223, -7.17,    2501,  0.51
 717,204.00,  -33727, -3.43,  -35869, -7.30,    2142,  0.44
 718,205.00,  -34426, -3.50,  -36419, -7.41,    1993,  0.41
 719,206.00,  -34833, -3.54,  -36677, -7.46,    1844,  0.38
 720,207.00,  -34797, -3.54,  -36608, -7.45,    1811,  0.37
 721,208.00,  -35009, -3.56,  -36933, -7.51,    1924,  0.39
 722,209.00,  -35344, -3.60,  -37219, -7.57,    1875,  0.38
 723,210.00,  -35573, -3.62,  -37363, -7.60,    1790,  0.36
 724,211.00,  -35344, -3.60,  -37249, -7.58,    1905,  0.39
 725,212.00,  -35318, -3.59,  -37288, -7.59,    1970,  0.40
 726,213.00,  -35528, -3.61,  -37318, -7.59,    1790,  0.36
 727,214.00,  -35563, -3.62,  -37094, -7.55,    1531,  0.31
 728,215.00,  -34608, -3.52,  -36537, -7.43,    1929,  0.39
 729,216.00,  -32815, -3.34,  -35421, -7.21,    2606,  0.53
 730,217.00,  -31443, -3.20,  -34789, -7.08,    3346,  0.68
 731,218.00,  -29926, -3.04,  -33786, -6.87,    3860,  0.79
 732,219.00,  -28235, -2.87,  -32620, -6.64,    4385,  0.89
 733,220.00,  -26795, -2.73,  -31582, -6.43,    4787,  0.97
 734,221.00,  -25460, -2.59,  -30475, -6.20,    5015,  1.02
 735,222.00,  -24326, -2.47,  -29468, -6.00,    5142,  1.05
 736,223.00,  -22838, -2.32,  -28042, -5.71,    5204,  1.06
 737,224.00,  -20923, -2.13,  -26473, -5.39,    5550,  1.13
 738,225.00,  -19350, -1.97,  -25387, -5.17,    6037,  1.23
 739,226.00,  -17776, -1.81,  -24354, -4.95,    6578,  1.34
 740,227.00,  -15791, -1.61,  -22877, -4.65,    7086,  1.44
 741,228.00,  -13744, -1.40,  -21387, -4.35,    7643,  1.56
 742,229.00,  -11879, -1.21,  -19973, -4.06,    8094,  1.65
 743,230.00,   -9974, -1.01,  -18405, -3.74,    8431,  1.72
 744,231.00,   -7624, -0.78,  -16866, -3.43,    9242,  1.88
 745,232.00,   -5269, -0.54,  -15105, -3.07,    9836,  2.00
 746,233.00,   -3468, -0.35,  -13607, -2.77,   10139,  2.06
 747,234.00,   -1416, -0.14,  -12290, -2.50,   10874,  2.21
 748,235.00,     217,  0.02,  -11209, -2.28,   11426,  2.32
 749,236.00,    2059,  0.21,  -10161, -2.07,   12220,  2.49
 750,237.00,    4125,  0.42,   -9063, -1.84,   13188,  2.68
 751,238.00,    6200,  0.63,   -7927, -1.61,   14127,  2.87
 752,239.00,    8076,  0.82,   -7102, -1.44,   15178,  3.09
 753,240.00,    9864,  1.00,   -6093, -1.24,   15957,  3.25
 754,241.00,   11796,  1.20,   -4895, -1.00,   16691,  3.40
 755,242.00,   14638,  1.49,   -3243, -0.66,   17881,  3.64
 756,243.00,   16954,  1.72,   -1979, -0.40,   18933,  3.85
 757,244.00,   19048,  1.94,    -667, -0.14,   19715,  4.01
 758,245.00,   20884,  2.12,     655,  0.13,   20229,  4.12
 759,246.00,   22669,  2.31,    1771,  0.36,   20898,  4.25
 760,247.00,   25121,  2.56,    2919,  0.59,   22202,  4.52
 761,248.00,   27462,  2.79,    3679,  0.75,   23783,  4.84
 762,249.00,   29797,  3.03,    4531,  0.92,   25266,  5.14
 763,250.00,   32586,  3.31,    5944,  1.21,   26642,  5.42
 764,251.00,   35447,  3.61,    7541,  1.53,   27906,  5.68
 765,252.00,   37919,  3.86,    8932,  1.82,   28987,  5.90
 766,253.00,   39894,  4.06,    9957,  2.03,   29937,  6.09
 767,254.00,   42331,  4.31,   11112,  2.26,   31219,  6.35
 768,255.00,   44624,  4.54,   12372,  2.52,   32252,  6.56
 769,256.00,   47149,  4.80,   13930,  2.83,   33219,  6.76
 770,257.00,   49568,  5.04,   15410,  3.14,   34158,  6.95
 771,258.00,   51880,  5.28,   16861,  3.43,   35019,  7.12
 772,259.00,   53341,  5.43,   17650,  3.59,   35691,  7.26
 773,260.00,   54661,  5.56,   18236,  3.71,   36425,  7.41
 774,261.00,   55911,  5.69,   18957,  3.86,   36954,  7.52
 775,262.00,   57201,  5.82,   19840,  4.04,   37361,  7.60
 776,263.00,   57973,  5.90,   20486,  4.17,   37487,  7.63
 777,264.00,   58436,  5.94,   21252,  4.32,   37184,  7.57
 778,265.00,   58858,  5.99,   21771,  4.43,   37087,  7.55
 779,266.00,   59971,  6.10,   22848,  4.65,   37123,  7.55
 780,267.00,   60777,  6.18,   24024,  4.89,   36753,  7.48
 781,268.00,   60529,  6.16,   24645,  5.01,   35884,  7.30
 782,269.00,   59441,  6.05,   24583,  5.00,   34858,  7.09
 783,270.00,   58932,  6.00,   24889,  5.06,   34043,  6.93
 784,271.00,   58321,  5.93,   24855,  5.06,   33466,  6.81
 785,272.00,   57088,  5.81,   24301,  4.94,   32787,  6.67
 786,273.00,   55458,  5.64,   23548,  4.79,   31910,  6.49
 787,274.00,   54311,  5.52,   23042,  4.69,   31269,  6.36
 788,275.00,   52979,  5.39,   22393,  4.56,   30586,  6.22
 789,276.00,   51547,  5.24,   21459,  4.37,   30088,  6.12
 790,277.00,   49673,  5.05,   20265,  4.12,   29408,  5.98
 791,278.00,   47948,  4.88,   19079,  3.88,   28869,  5.87
 792,279.00,   46156,  4.70,   17892,  3.64,   28264,  5.75
 793,280.00,   44451,  4.52,   16426,  3.34,   28025,  5.70
 794,281.00,   43015,  4.38,   15090,  3.07,   27925,  5.68
 795,282.00,   41207,  4.19,   13636,  2.77,   27571,  5.61
 796,283.00,   39551,  4.02,   12461,  2.54,   27090,  5.51
 797,284.00,   38013,  3.87,   11556,  2.35,   26457,  5.38
 798,285.00,   36428,  3.71,   10641,  2.16,   25787,  5.25
 799,286.00,   34708,  3.53,    9683,  1.97,   25025,  5.09
 800,287.00,   32680,  3.32,    8810,  1.79,   23870,  4.86
 801,288.00,   31450,  3.20,    8426,  1.71,   23024,  4.68
 802,289.00,   29949,  3.05,    7762,  1.58,   22187,  4.51
 803,290.00,   28668,  2.92,    7158,  1.46,   21510,  4.38
 804,291.00,   26844,  2.73,    6389,  1.30,   20455,  4.16
 805,292.00,   24613,  2.50,    5526,  1.12,   19087,  3.88
 806,293.00,   22141,  2.25,    4682,  0.95,   17459,  3.55
 807,294.00,   19838,  2.02,    4009,  0.82,   15829,  3.22
 808,295.00,   18136,  1.84,    3849,  0.78,   14287,  2.91
 809,296.00,   16052,  1.63,    3311,  0.67,   12741,  2.59
 810,297.00,   14012,  1.43,    2917,  0.59,   11095,  2.26
 811,298.00,   12242,  1.25,    2646,  0.54,    9596,  1.95
 812,299.00,   10476,  1.07,    2217,  0.45,    8259,  1.68
 813,300.00,    8112,  0.83,    1160,  0.24,    6952,  1.41
 814,301.00,    5851,  0.60,     250,  0.05,    5601,  1.14
 815,302.00,    4152,  0.42,    -328, -0.07,    4480,  0.91
 816,303.00,    2562,  0.26,    -921, -0.19,    3483,  0.71
 817,304.00,     162,  0.02,   -1823, -0.37,    1985,  0.40
 818,305.00,   -1522, -0.15,   -2359, -0.48,     837,  0.17
 819,306.00,   -3991, -0.41,   -3564, -0.73,    -427, -0.09
 820,307.00,   -6239, -0.63,   -4879, -0.99,   -1360, -0.28
 821,308.00,   -7664, -0.78,   -5353, -1.09,   -2311, -0.47
 822,309.00,   -9313, -0.95,   -5844, -1.19,   -3469, -0.71
 823,310.00,  -10973, -1.12,   -6410, -1.30,   -4563, -0.93
 824,311.00,  -13495, -1.37,   -7850, -1.60,   -5645, -1.15
 825,312.00,  -16104, -1.64,   -9223, -1.88,   -6881, -1.40
 826,313.00,  -18056, -1.84,  -10346, -2.10,   -7710, -1.57
 827,314.00,  -20029, -2.04,  -11361, -2.31,   -8668, -1.76
 828,315.00,  -22304, -2.27,  -12504, -2.54,   -9800, -1.99
 829,316.00,  -25114, -2.55,  -13659, -2.78,  -11455, -2.33
 830,317.00,  -28144, -2.86,  -14886, -3.03,  -13258, -2.70
 831,318.00,  -30448, -3.10,  -15518, -3.16,  -14930, -3.04
 832,319.00,  -32597, -3.32,  -16223, -3.30,  -16374, -3.33
 833,320.00,  -34610, -3.52,  -16887, -3.44,  -17723, -3.61
 834,321.00,  -37265, -3.79,  -17906, -3.64,  -19359, -3.94
 835,322.00,  -40432, -4.11,  -19304, -3.93,  -21128, -4.30
 836,323.00,  -43590, -4.43,  -20683, -4.21,  -22907, -4.66
 837,324.00,  -46663, -4.75,  -22170, -4.51,  -24493, -4.98
 838,325.00,  -49998, -5.09,  -23577, -4.80,  -26421, -5.38
 839,326.00,  -53763, -5.47,  -25172, -5.12,  -28591, -5.82
 840,327.00,  -57094, -5.81,  -26362, -5.36,  -30732, -6.25
 841,328.00,  -59935, -6.10,  -27588, -5.61,  -32347, -6.58
 842,329.00,  -62751, -6.38,  -29150, -5.93,  -33601, -6.84
 843,330.00,  -65446, -6.66,  -30592, -6.22,  -34854, -7.09
 844,331.00,  -68882, -7.01,  -32075, -6.53,  -36807, -7.49
 845,332.00,  -72158, -7.34,  -33679, -6.85,  -38479, -7.83
 846,333.00,  -74986, -7.63,  -34859, -7.09,  -40127, -8.16
 847,334.00,  -77984, -7.93,  -36362, -7.40,  -41622, -8.47
 848,335.00,  -80549, -8.19,  -38143, -7.76,  -42406, -8.63
 849,336.00,  -83165, -8.46,  -39761, -8.09,  -43404, -8.83
 850,337.00,  -85591, -8.71,  -41034, -8.35,  -44557, -9.07
 851,338.00,  -87525, -8.90,  -41889, -8.52,  -45636, -9.28
 852,339.00,  -90019, -9.16,  -43095, -8.77,  -46924, -9.55
 853,340.00,  -92508, -9.41,  -44232, -9.00,  -48276, -9.82
 854,341.00,  -94288, -9.59,  -44684, -9.09,  -49604,-10.09
 855,342.00,  -95986, -9.76,  -45019, -9.16,  -50967,-10.37
 856,343.00,  -97413, -9.91,  -45192, -9.19,  -52221,-10.62
 857,344.00,  -99581,-10.13,  -45778, -9.31,  -53803,-10.95
 858,345.00, -101064,-10.28,  -46218, -9.40,  -54846,-11.16
 859,346.00, -102135,-10.39,  -46410, -9.44,  -55725,-11.34
 860,347.00, -103044,-10.48,  -46355, -9.43,  -56689,-11.53
 861,348.00, -103455,-10.52,  -45780, -9.31,  -57675,-11.73
 862,349.00, -104031,-10.58,  -45230, -9.20,  -58801,-11.96
 863,350.00, -104709,-10.65,  -44990, -9.15,  -59719,-12.15
 864,351.00, -105801,-10.76,  -44760, -9.11,  -61041,-12.42
 865,352.00, -105793,-10.76,  -43972, -8.95,  -61821,-12.58
 866,353.00, -105590,-10.74,  -43263, -8.80,  -62327,-12.68
 867,354.00, -105370,-10.72,  -42586, -8.66,  -62784,-12.77
 868,355.00, -104934,-10.67,  -41853, -8.52,  -63081,-12.83
 869,356.00, -104611,-10.64,  -41313, -8.41,  -63298,-12.88
 870,357.00, -104362,-10.62,  -40890, -8.32,  -63472,-12.91
 871,358.00, -104390,-10.62,  -40486, -8.24,  -63904,-13.00
 872,359.00, -104008,-10.58,  -40162, -8.17,  -63846,-12.99
 873,360.00, -102987,-10.48,  -39766, -8.09,  -63221,-12.86
 874,361.00, -102284,-10.41,  -39669, -8.07,  -62615,-12.74
 875,362.00, -101934,-10.37,  -39532, -8.04,  -62402,-12.70
 876,363.00, -101895,-10.37,  -39400, -8.02,  -62495,-12.72
 877,364.00, -101534,-10.33,  -39076, -7.95,  -62458,-12.71
 878,365.00, -100727,-10.25,  -38647, -7.86,  -62080,-12.63
 879,366.00,  -99804,-10.15,  -38314, -7.80,  -61490,-12.51
 880,367.00,  -98608,-10.03,  -38168, -7.77,  -60440,-12.30
 881,368.00,  -97179, -9.89,  -37874, -7.71,  -59305,-12.07
 882,369.00,  -96262, -9.79,  -37717, -7.67,  -58545,-11.91
 883,370.00,  -95551, -9.72,  -37451, -7.62,  -58100,-11.82
 884,371.00,  -94558, -9.62,  -37025, -7.53,  -57533,-11.71
 885,372.00,  -92570, -9.42,  -36146, -7.35,  -56424,-11.48
 886,373.00,  -89884, -9.14,  -35032, -7.13,  -54852,-11.16
 887,374.00,  -87865, -8.94,  -34229, -6.96,  -53636,-10.91
 888,375.00,  -86447, -8.79,  -33752, -6.87,  -52695,-10.72
 889,376.00,  -84490, -8.60,  -32970, -6.71,  -51520,-10.48
 890,377.00,  -82254, -8.37,  -31969, -6.50,  -50285,-10.23
 891,378.00,  -80040, -8.14,  -31047, -6.32,  -48993, -9.97
 892,379.00,  -77763, -7.91,  -30036, -6.11,  -47727, -9.71
 893,380.00,  -75512, -7.68,  -29383, -5.98,  -46129, -9.39
 894,381.00,  -73562, -7.48,  -28768, -5.85,  -44794, -9.11
 895,382.00,  -71589, -7.28,  -28026, -5.70,  -43563, -8.86
 896,383.00,  -69300, -7.05,  -27128, -5.52,  -42172, -8.58
 897,384.00,  -66798, -6.80,  -25750, -5.24,  -41048, -8.35
 898,385.00,  -64883, -6.60,  -25107, -5.11,  -39776, -8.09
 899,386.00,  -62849, -6.39,  -24369, -4.96,  -38480, -7.83
 900,387.00,  -60959, -6.20,  -23802, -4.84,  -37157, -7.56
 901,388.00,  -59299, -6.03,  -23273, -4.74,  -36026, -7.33
 902,389.00,  -57491, -5.85,  -22989, -4.68,  -34502, -7.02
 903,390.00,  -55575, -5.65,  -22629, -4.60,  -32946, -6.70
 904,391.00,  -53377, -5.43,  -21695, -4.41,  -31682, -6.45
 905,392.00,  -51451, -5.23,  -21018, -4.28,  -30433, -6.19
 906,393.00,  -49548, -5.04,  -19823, -4.03,  -29725, -6.05
 907,394.00,  -47608, -4.84,  -19124, -3.89,  -28484, -5.80
 908,395.00,  -45791, -4.66,  -18830, -3.83,  -26961, -5.49
 909,396.00,  -43085, -4.38,  -18149, -3.69,  -24936, -5.07
 910,397.00,  -39540, -4.02,  -17052, -3.47,  -22488, -4.58
 911,398.00,  -36269, -3.69,  -16521, -3.36,  -19748, -4.02
 912,399.00,  -33889, -3.45,  -16089, -3.27,  -17800, -3.62
 913,400.00,  -31919, -3.25,  -15805, -3.22,  -16114, -3.28
 914,401.00,  -29694, -3.02,  -15240, -3.10,  -14454, -2.94
 915,402.00,  -28134, -2.86,  -15031, -3.06,  -13103, -2.67
 916,403.00,  -25421, -2.59,  -14161, -2.88,  -11260, -2.29
 917,404.00,  -22245, -2.26,  -13367, -2.72,   -8878, -1.81
 918,405.00,  -18994, -1.93,  -12208, -2.48,   -6786, -1.38
 919,406.00,  -17175, -1.75,  -11790, -2.40,   -5385, -1.10
 920,407.00,  -15835, -1.61,  -11729, -2.39,   -4106, -0.84
 921,408.00,  -14196, -1.44,  -11624, -2.36,   -2572, -0.52
 922,409.00,  -12626, -1.28,  -11226, -2.28,   -1400, -0.28
 923,410.00,  -11609, -1.18,  -11105, -2.26,    -504, -0.10
 924,411.00,   -9605, -0.98,  -10657, -2.17,    1052,  0.21
 925,412.00,   -6900, -0.70,   -9850, -2.00,    2950,  0.60
 926,413.00,   -4564, -0.46,   -8962, -1.82,    4398,  0.89
 927,414.00,   -1696, -0.17,   -8375, -1.70,    6679,  1.36
 928,415.00,    1045,  0.11,   -7903, -1.61,    8948,  1.82
 929,416.00,    2913,  0.30,   -7801, -1.59,   10714,  2.18
 930,417.00,    4811,  0.49,   -7698, -1.57,   12509,  2.55
 931,418.00,    6436,  0.65,   -7209, -1.47,   13645,  2.78
 932,419.00,    8201,  0.83,   -6468, -1.32,   14669,  2.98
 933,420.00,   10086,  1.03,   -5918, -1.20,   16004,  3.26
 934,421.00,   12285,  1.25,   -5364, -1.09,   17649,  3.59
 935,422.00,   14543,  1.48,   -4399, -0.90,   18942,  3.85
 936,423.00,   18304,  1.86,   -2796, -0.57,   21100,  4.29
 937,424.00,   21647,  2.20,   -1079, -0.22,   22726,  4.62
 938,425.00,   24624,  2.50,     196,  0.04,   24428,  4.97
 939,426.00,   27090,  2.76,    1288,  0.26,   25802,  5.25
 940,427.00,   29324,  2.98,    2273,  0.46,   27051,  5.50
 941,428.00,   32476,  3.30,    4255,  0.87,   28221,  5.74
 942,429.00,   34937,  3.55,    5792,  1.18,   29145,  5.93
 943,430.00,   36819,  3.75,    6954,  1.41,   29865,  6.08
 944,431.00,   39625,  4.03,    8924,  1.82,   30701,  6.25
 945,432.00,   42339,  4.31,   10695,  2.18,   31644,  6.44
 946,433.00,   45337,  4.61,   12688,  2.58,   32649,  6.64
 947,434.00,   47970,  4.88,   14485,  2.95,   33485,  6.81
 948,435.00,   49509,  5.04,   15609,  3.18,   33900,  6.90
 949,436.00,   50811,  5.17,   16496,  3.36,   34315,  6.98
 950,437.00,   52443,  5.33,   17672,  3.60,   34771,  7.07
 951,438.00,   53845,  5.48,   18713,  3.81,   35132,  7.15
 952,439.00,   55069,  5.60,   19544,  3.98,   35525,  7.23
 953,440.00,   56427,  5.74,   20541,  4.18,   35886,  7.30
 954,441.00,   57763,  5.88,   21690,  4.41,   36073,  7.34
 955,442.00,   58106,  5.91,   22419,  4.56,   35687,  7.26
 956,443.00,   57989,  5.90,   22667,  4.61,   35322,  7.19
 957,444.00,   57996,  5.90,   22773,  4.63,   35223,  7.17
 958,445.00,   57823,  5.88,   22580,  4.59,   35243,  7.17
 959,446.00,   57131,  5.81,   22317,  4.54,   34814,  7.08
 960,447.00,   57360,  5.84,   22721,  4.62,   34639,  7.05
 961,448.00,   57412,  5.84,   23127,  4.71,   34285,  6.98
 962,449.00,   57815,  5.88,   23331,  4.75,   34484,  7.02
 963,450.00,   57976,  5.90,   23274,  4.74,   34702,  7.06
 964,451.00,   58443,  5.95,   23429,  4.77,   35014,  7.12
 965,452.00,   59087,  6.01,   24056,  4.89,   35031,  7.13
 966,453.00,   58926,  5.99,   24491,  4.98,   34435,  7.01
 967,454.00,   58643,  5.97,   24858,  5.06,   33785,  6.87
 968,455.00,   58481,  5.95,   25193,  5.13,   33288,  6.77
 969,456.00,   58839,  5.99,   25465,  5.18,   33374,  6.79
 970,457.00,   59369,  6.04,   25617,  5.21,   33752,  6.87
 971,458.00,   60848,  6.19,   26252,  5.34,   34596,  7.04
 972,459.00,   62491,  6.36,   27330,  5.56,   35161,  7.15
 973,460.00,   63042,  6.41,   28021,  5.70,   35021,  7.13
 974,461.00,   63394,  6.45,   28693,  5.84,   34701,  7.06
 975,462.00,   64323,  6.54,   29957,  6.09,   34366,  6.99
 976,463.00,   65701,  6.68,   31353,  6.38,   34348,  6.99
 977,464.00,   66631,  6.78,   32284,  6.57,   34347,  6.99
 978,465.00,   67970,  6.91,   33463,  6.81,   34507,  7.02
 979,466.00,   70032,  7.12,   34423,  7.00,   35609,  7.24
 980,467.00,   71875,  7.31,   35603,  7.24,   36272,  7.38
 981,468.00,   73004,  7.43,   36621,  7.45,   36383,  7.40
 982,469.00,   73722,  7.50,   37409,  7.61,   36313,  7.39
 983,470.00,   74181,  7.55,   37916,  7.71,   36265,  7.38
 984,471.00,   74295,  7.56,   38020,  7.74,   36275,  7.38
 985,472.00,   74262,  7.55,   37871,  7.71,   36391,  7.40
 986,473.00,   73620,  7.49,   37298,  7.59,   36322,  7.39
 987,474.00,   73074,  7.43,   36901,  7.51,   36173,  7.36
 988,475.00,   72729,  7.40,   36912,  7.51,   35817,  7.29
 989,476.00,   72286,  7.35,   36959,  7.52,   35327,  7.19
 990,477.00,   71778,  7.30,   37024,  7.53,   34754,  7.07
 991,478.00,   71772,  7.30,   37217,  7.57,   34555,  7.03
 992,479.00,   71784,  7.30,   37295,  7.59,   34489,  7.02
 993,480.00,   71458,  7.27,   37099,  7.55,   34359,  6.99
 994,481.00,   70011,  7.12,   36362,  7.40,   33649,  6.85
 995,482.00,   68266,  6.94,   35751,  7.27,   32515,  6.62
 996,483.00,   67259,  6.84,   35223,  7.17,   32036,  6.52
 997,484.00,   66077,  6.72,   34720,  7.06,   31357,  6.38
 998,485.00,   65071,  6.62,   34397,  7.00,   30674,  6.24
 999,486.00,   63882,  6.50,   34183,  6.95,   29699,  6.04
1000,487.00,   62689,  6.38,   33421,  6.80,   29268,  5.95
1001,488.00,   61461,  6.25,   32674,  6.65,   28787,  5.86
1002,489.00,   60322,  6.14,   32113,  6.53,   28209,  5.74
1003,490.00,   58822,  5.98,   31819,  6.47,   27003,  5.49
1004,491.00,   57517,  5.85,   31623,  6.43,   25894,  5.27
1005,492.00,   55911,  5.69,   30916,  6.29,   24995,  5.09
1006,493.00,   53347,  5.43,   29439,  5.99,   23908,  4.86
1007,494.00,   51085,  5.20,   28111,  5.72,   22974,  4.67
1008,495.00,   48231,  4.91,   26439,  5.38,   21792,  4.43
1009,496.00,   45425,  4.62,   24786,  5.04,   20639,  4.20
1010,497.00,   42537,  4.33,   23327,  4.75,   19210,  3.91
1011,498.00,   40225,  4.09,   22202,  4.52,   18023,  3.67
1012,499.00,   37883,  3.85,   20861,  4.24,   17022,  3.46
1013,500.00,   35305,  3.59,   19082,  3.88,   16223,  3.30
1014,501.00,   33365,  3.39,   17387,  3.54,   15978,  3.25
1015,502.00,   31941,  3.25,   15962,  3.25,   15979,  3.25
1016,503.00,   30074,  3.06,   14293,  2.91,   15781,  3.21
1017,504.00,   28628,  2.91,   13282,  2.70,   15346,  3.12
1018,505.00,   27241,  2.77,   12794,  2.60,   14447,  2.94
1019,506.00,   25336,  2.58,   12083,  2.46,   13253,  2.70
1020,507.00,   23479,  2.39,   11545,  2.35,   11934,  2.43
1021,508.00,   21861,  2.22,   10984,  2.23,   10877,  2.21
1022,509.00,   20268,  2.06,    9831,  2.00,   10437,  2.12
1023,510.00,   19302,  1.96,    8689,  1.77,   10613,  2.16
1024,511.00,   18780,  1.91,    7776,  1.58,   11004,  2.24
