-----------------------------------------------------------------------------------
Identifier:,IHS5922-20196E01
File Name:,MMRP70A.2
Ear:,R
Channel:,1
Intensity:,70 dB HL
Stim. Rate:,  1.10/s
Stim. Mode:,0
Sweeps:,61
Artifacts:,1
Smp. Period:,1000.00 us
Amp. Gain:, 50.00 K
Low Pass:, 30.00 Hz
High Pass:,  1.00 Hz
Notch Filter:,TRUE
Stimulus:,100
Stim. Freq.:,1000 Hz
Stim. Dur.:,2000 pnts
Masking:,0 dB SPL
Stim. Point:,513
-----------------------------------------------------------------------------------
Peak Information:,Label,Peak(+),Peak(+)(ms),Peak(-),Peak(-)(ms)
,21, 863,350.00, 984,471.00,
-----------------------------------------------------------------------------------


Data Pnt:,Data Pnt(ms):,Average:,Average(uV):,Buffer1:,Buffer1(uV):,Buffer2:,Buffer2(uV):
   1,-512.00,       0,  0.00,       0,  0.00,       0,  0.00
   2,-511.00,       0,  0.00,       0,  0.00,       0,  0.00
   3,-510.00,       0,  0.00,       0,  0.00,       0,  0.00
   4,-509.00,       0,  0.00,       0,  0.00,       0,  0.00
   5,-508.00,       0,  0.00,       0,  0.00,       0,  0.00
   6,-507.00,       0,  0.00,       0,  0.00,       0,  0.00
   7,-506.00,       0,  0.00,       0,  0.00,       0,  0.00
   8,-505.00,       0,  0.00,       0,  0.00,       0,  0.00
   9,-504.00,       0,  0.00,       0,  0.00,       0,  0.00
  10,-503.00,       0,  0.00,       0,  0.00,       0,  0.00
  11,-502.00,       0,  0.00,       0,  0.00,       0,  0.00
  12,-501.00,       0,  0.00,       0,  0.00,       0,  0.00
  13,-500.00,       0,  0.00,       0,  0.00,       0,  0.00
  14,-499.00,       0,  0.00,       0,  0.00,       0,  0.00
  15,-498.00,       0,  0.00,       0,  0.00,       0,  0.00
  16,-497.00,       0,  0.00,       0,  0.00,       0,  0.00
  17,-496.00,       0,  0.00,       0,  0.00,       0,  0.00
  18,-495.00,       0,  0.00,       0,  0.00,       0,  0.00
  19,-494.00,       0,  0.00,       0,  0.00,       0,  0.00
  20,-493.00,       0,  0.00,       0,  0.00,       0,  0.00
  21,-492.00,       0,  0.00,       0,  0.00,       0,  0.00
  22,-491.00,       0,  0.00,       0,  0.00,       0,  0.00
  23,-490.00,       0,  0.00,       0,  0.00,       0,  0.00
  24,-489.00,       0,  0.00,       0,  0.00,       0,  0.00
  25,-488.00,       0,  0.00,       0,  0.00,       0,  0.00
  26,-487.00,       0,  0.00,       0,  0.00,       0,  0.00
  27,-486.00,       0,  0.00,       0,  0.00,       0,  0.00
  28,-485.00,       0,  0.00,       0,  0.00,       0,  0.00
  29,-484.00,       0,  0.00,       0,  0.00,       0,  0.00
  30,-483.00,       0,  0.00,       0,  0.00,       0,  0.00
  31,-482.00,       0,  0.00,       0,  0.00,       0,  0.00
  32,-481.00,       0,  0.00,       0,  0.00,       0,  0.00
  33,-480.00,       0,  0.00,       0,  0.00,       0,  0.00
  34,-479.00,       0,  0.00,       0,  0.00,       0,  0.00
  35,-478.00,       0,  0.00,       0,  0.00,       0,  0.00
  36,-477.00,       0,  0.00,       0,  0.00,       0,  0.00
  37,-476.00,       0,  0.00,       0,  0.00,       0,  0.00
  38,-475.00,       0,  0.00,       0,  0.00,       0,  0.00
  39,-474.00,       0,  0.00,       0,  0.00,       0,  0.00
  40,-473.00,       0,  0.00,       0,  0.00,       0,  0.00
  41,-472.00,       0,  0.00,       0,  0.00,       0,  0.00
  42,-471.00,       0,  0.00,       0,  0.00,       0,  0.00
  43,-470.00,       0,  0.00,       0,  0.00,       0,  0.00
  44,-469.00,       0,  0.00,       0,  0.00,       0,  0.00
  45,-468.00,       0,  0.00,       0,  0.00,       0,  0.00
  46,-467.00,       0,  0.00,       0,  0.00,       0,  0.00
  47,-466.00,       0,  0.00,       0,  0.00,       0,  0.00
  48,-465.00,       0,  0.00,       0,  0.00,       0,  0.00
  49,-464.00,       0,  0.00,       0,  0.00,       0,  0.00
  50,-463.00,       0,  0.00,       0,  0.00,       0,  0.00
  51,-462.00,       0,  0.00,       0,  0.00,       0,  0.00
  52,-461.00,       0,  0.00,       0,  0.00,       0,  0.00
  53,-460.00,       0,  0.00,       0,  0.00,       0,  0.00
  54,-459.00,       0,  0.00,       0,  0.00,       0,  0.00
  55,-458.00,       0,  0.00,       0,  0.00,       0,  0.00
  56,-457.00,       0,  0.00,       0,  0.00,       0,  0.00
  57,-456.00,       0,  0.00,       0,  0.00,       0,  0.00
  58,-455.00,       0,  0.00,       0,  0.00,       0,  0.00
  59,-454.00,       0,  0.00,       0,  0.00,       0,  0.00
  60,-453.00,       0,  0.00,       0,  0.00,       0,  0.00
  61,-452.00,       0,  0.00,       0,  0.00,       0,  0.00
  62,-451.00,       0,  0.00,       0,  0.00,       0,  0.00
  63,-450.00,       0,  0.00,       0,  0.00,       0,  0.00
  64,-449.00,       0,  0.00,       0,  0.00,       0,  0.00
  65,-448.00,       0,  0.00,       0,  0.00,       0,  0.00
  66,-447.00,       0,  0.00,       0,  0.00,       0,  0.00
  67,-446.00,       0,  0.00,       0,  0.00,       0,  0.00
  68,-445.00,       0,  0.00,       0,  0.00,       0,  0.00
  69,-444.00,       0,  0.00,       0,  0.00,       0,  0.00
  70,-443.00,       0,  0.00,       0,  0.00,       0,  0.00
  71,-442.00,       0,  0.00,       0,  0.00,       0,  0.00
  72,-441.00,       0,  0.00,       0,  0.00,       0,  0.00
  73,-440.00,       0,  0.00,       0,  0.00,       0,  0.00
  74,-439.00,       0,  0.00,       0,  0.00,       0,  0.00
  75,-438.00,       0,  0.00,       0,  0.00,       0,  0.00
  76,-437.00,       0,  0.00,       0,  0.00,       0,  0.00
  77,-436.00,       0,  0.00,       0,  0.00,       0,  0.00
  78,-435.00,       0,  0.00,       0,  0.00,       0,  0.00
  79,-434.00,       0,  0.00,       0,  0.00,       0,  0.00
  80,-433.00,       0,  0.00,       0,  0.00,       0,  0.00
  81,-432.00,       0,  0.00,       0,  0.00,       0,  0.00
  82,-431.00,       0,  0.00,       0,  0.00,       0,  0.00
  83,-430.00,       0,  0.00,       0,  0.00,       0,  0.00
  84,-429.00,       0,  0.00,       0,  0.00,       0,  0.00
  85,-428.00,       0,  0.00,       0,  0.00,       0,  0.00
  86,-427.00,       0,  0.00,       0,  0.00,       0,  0.00
  87,-426.00,       0,  0.00,       0,  0.00,       0,  0.00
  88,-425.00,       0,  0.00,       0,  0.00,       0,  0.00
  89,-424.00,       0,  0.00,       0,  0.00,       0,  0.00
  90,-423.00,       0,  0.00,       0,  0.00,       0,  0.00
  91,-422.00,       0,  0.00,       0,  0.00,       0,  0.00
  92,-421.00,       0,  0.00,       0,  0.00,       0,  0.00
  93,-420.00,       0,  0.00,       0,  0.00,       0,  0.00
  94,-419.00,       0,  0.00,       0,  0.00,       0,  0.00
  95,-418.00,       0,  0.00,       0,  0.00,       0,  0.00
  96,-417.00,       0,  0.00,       0,  0.00,       0,  0.00
  97,-416.00,       0,  0.00,       0,  0.00,       0,  0.00
  98,-415.00,       0,  0.00,       0,  0.00,       0,  0.00
  99,-414.00,       0,  0.00,       0,  0.00,       0,  0.00
 100,-413.00,       0,  0.00,       0,  0.00,       0,  0.00
 101,-412.00,       0,  0.00,       0,  0.00,       0,  0.00
 102,-411.00,       0,  0.00,       0,  0.00,       0,  0.00
 103,-410.00,       0,  0.00,       0,  0.00,       0,  0.00
 104,-409.00,       0,  0.00,       0,  0.00,       0,  0.00
 105,-408.00,       0,  0.00,       0,  0.00,       0,  0.00
 106,-407.00,       0,  0.00,       0,  0.00,       0,  0.00
 107,-406.00,       0,  0.00,       0,  0.00,       0,  0.00
 108,-405.00,       0,  0.00,       0,  0.00,       0,  0.00
 109,-404.00,       0,  0.00,       0,  0.00,       0,  0.00
 110,-403.00,       0,  0.00,       0,  0.00,       0,  0.00
 111,-402.00,       0,  0.00,       0,  0.00,       0,  0.00
 112,-401.00,       0,  0.00,       0,  0.00,       0,  0.00
 113,-400.00,       0,  0.00,       0,  0.00,       0,  0.00
 114,-399.00,       0,  0.00,       0,  0.00,       0,  0.00
 115,-398.00,       0,  0.00,       0,  0.00,       0,  0.00
 116,-397.00,  -36635, -3.67,   -3278, -0.67,  -33357, -6.79
 117,-396.00,  -37532, -3.76,   -4357, -0.89,  -33175, -6.75
 118,-395.00,  -38694, -3.87,   -5315, -1.08,  -33379, -6.79
 119,-394.00,  -39518, -3.95,   -6221, -1.27,  -33297, -6.77
 120,-393.00,  -39401, -3.94,   -6967, -1.42,  -32434, -6.60
 121,-392.00,  -39440, -3.95,   -7696, -1.57,  -31744, -6.46
 122,-391.00,  -39478, -3.95,   -8505, -1.73,  -30973, -6.30
 123,-390.00,  -39345, -3.94,   -9503, -1.93,  -29842, -6.07
 124,-389.00,  -38444, -3.85,   -9714, -1.98,  -28730, -5.85
 125,-388.00,  -37479, -3.75,   -9467, -1.93,  -28012, -5.70
 126,-387.00,  -36094, -3.61,   -9215, -1.87,  -26879, -5.47
 127,-386.00,  -34498, -3.45,   -9325, -1.90,  -25173, -5.12
 128,-385.00,  -32974, -3.30,   -9325, -1.90,  -23649, -4.81
 129,-384.00,  -31628, -3.16,   -9151, -1.86,  -22477, -4.57
 130,-383.00,  -30128, -3.01,   -8923, -1.82,  -21205, -4.31
 131,-382.00,  -28347, -2.84,   -8403, -1.71,  -19944, -4.06
 132,-381.00,  -26739, -2.68,   -8043, -1.64,  -18696, -3.80
 133,-380.00,  -25795, -2.58,   -8089, -1.65,  -17706, -3.60
 134,-379.00,  -25167, -2.52,   -8149, -1.66,  -17018, -3.46
 135,-378.00,  -24488, -2.45,   -7827, -1.59,  -16661, -3.39
 136,-377.00,  -23656, -2.37,   -7211, -1.47,  -16445, -3.35
 137,-376.00,  -22125, -2.21,   -6669, -1.36,  -15456, -3.14
 138,-375.00,  -20262, -2.03,   -6181, -1.26,  -14081, -2.86
 139,-374.00,  -18058, -1.81,   -5239, -1.07,  -12819, -2.61
 140,-373.00,  -15850, -1.59,   -4025, -0.82,  -11825, -2.41
 141,-372.00,  -14142, -1.42,   -3206, -0.65,  -10936, -2.23
 142,-371.00,  -12470, -1.25,   -2411, -0.49,  -10059, -2.05
 143,-370.00,  -10218, -1.02,   -1259, -0.26,   -8959, -1.82
 144,-369.00,   -7876, -0.79,    -426, -0.09,   -7450, -1.52
 145,-368.00,   -5860, -0.59,     339,  0.07,   -6199, -1.26
 146,-367.00,   -4450, -0.45,    1069,  0.22,   -5519, -1.12
 147,-366.00,   -3359, -0.34,    1625,  0.33,   -4984, -1.01
 148,-365.00,   -2040, -0.20,    2342,  0.48,   -4382, -0.89
 149,-364.00,    -544, -0.05,    3276,  0.67,   -3820, -0.78
 150,-363.00,     730,  0.07,    4101,  0.83,   -3371, -0.69
 151,-362.00,    1484,  0.15,    4611,  0.94,   -3127, -0.64
 152,-361.00,    2167,  0.22,    5115,  1.04,   -2948, -0.60
 153,-360.00,    3149,  0.32,    5731,  1.17,   -2582, -0.53
 154,-359.00,    4137,  0.41,    6213,  1.26,   -2076, -0.42
 155,-358.00,    5066,  0.51,    6352,  1.29,   -1286, -0.26
 156,-357.00,    5161,  0.52,    5986,  1.22,    -825, -0.17
 157,-356.00,    5636,  0.56,    5833,  1.19,    -197, -0.04
 158,-355.00,    6502,  0.65,    6069,  1.23,     433,  0.09
 159,-354.00,    7048,  0.71,    6026,  1.23,    1022,  0.21
 160,-353.00,    7241,  0.72,    5856,  1.19,    1385,  0.28
 161,-352.00,    6961,  0.70,    5784,  1.18,    1177,  0.24
 162,-351.00,    6399,  0.64,    5606,  1.14,     793,  0.16
 163,-350.00,    5616,  0.56,    5330,  1.08,     286,  0.06
 164,-349.00,    4898,  0.49,    5323,  1.08,    -425, -0.09
 165,-348.00,    5557,  0.56,    5936,  1.21,    -379, -0.08
 166,-347.00,    6478,  0.65,    6519,  1.33,     -41, -0.00
 167,-346.00,    7349,  0.74,    7129,  1.45,     220,  0.04
 168,-345.00,    8227,  0.82,    7984,  1.62,     243,  0.05
 169,-344.00,    9131,  0.91,    8833,  1.80,     298,  0.06
 170,-343.00,    9910,  0.99,    9617,  1.96,     293,  0.06
 171,-342.00,   10850,  1.09,   10334,  2.10,     516,  0.10
 172,-341.00,   11464,  1.15,   10584,  2.15,     880,  0.18
 173,-340.00,   12017,  1.20,   11212,  2.28,     805,  0.16
 174,-339.00,   13513,  1.35,   13145,  2.67,     368,  0.07
 175,-338.00,   15218,  1.52,   15283,  3.11,     -65, -0.01
 176,-337.00,   16540,  1.66,   16659,  3.39,    -119, -0.02
 177,-336.00,   17740,  1.78,   17371,  3.53,     369,  0.08
 178,-335.00,   19296,  1.93,   18235,  3.71,    1061,  0.22
 179,-334.00,   21476,  2.15,   19228,  3.91,    2248,  0.46
 180,-333.00,   23269,  2.33,   20125,  4.09,    3144,  0.64
 181,-332.00,   24816,  2.48,   21310,  4.34,    3506,  0.71
 182,-331.00,   26816,  2.68,   22814,  4.64,    4002,  0.81
 183,-330.00,   28863,  2.89,   24589,  5.00,    4274,  0.87
 184,-329.00,   30059,  3.01,   25562,  5.20,    4497,  0.91
 185,-328.00,   31112,  3.11,   26429,  5.38,    4683,  0.95
 186,-327.00,   31704,  3.17,   27392,  5.57,    4312,  0.88
 187,-326.00,   32494,  3.25,   28516,  5.80,    3978,  0.81
 188,-325.00,   33143,  3.32,   29502,  6.00,    3641,  0.74
 189,-324.00,   33758,  3.38,   30427,  6.19,    3331,  0.68
 190,-323.00,   34333,  3.44,   31450,  6.40,    2883,  0.59
 191,-322.00,   34691,  3.47,   31964,  6.50,    2727,  0.55
 192,-321.00,   34858,  3.49,   32123,  6.54,    2735,  0.56
 193,-320.00,   34881,  3.49,   32338,  6.58,    2543,  0.52
 194,-319.00,   34766,  3.48,   32839,  6.68,    1927,  0.39
 195,-318.00,   34291,  3.43,   33089,  6.73,    1202,  0.24
 196,-317.00,   33702,  3.37,   33218,  6.76,     484,  0.10
 197,-316.00,   32769,  3.28,   32881,  6.69,    -112, -0.02
 198,-315.00,   32732,  3.28,   33048,  6.72,    -316, -0.06
 199,-314.00,   32522,  3.25,   33204,  6.76,    -682, -0.14
 200,-313.00,   32500,  3.25,   33239,  6.76,    -739, -0.15
 201,-312.00,   31832,  3.19,   32887,  6.69,   -1055, -0.21
 202,-311.00,   30925,  3.09,   32349,  6.58,   -1424, -0.29
 203,-310.00,   29576,  2.96,   31548,  6.42,   -1972, -0.40
 204,-309.00,   28313,  2.83,   30305,  6.17,   -1992, -0.41
 205,-308.00,   27380,  2.74,   29203,  5.94,   -1823, -0.37
 206,-307.00,   27141,  2.72,   28539,  5.81,   -1398, -0.28
 207,-306.00,   27056,  2.71,   27887,  5.67,    -831, -0.17
 208,-305.00,   26577,  2.66,   27130,  5.52,    -553, -0.11
 209,-304.00,   26035,  2.61,   26042,  5.30,      -7, -0.00
 210,-303.00,   25865,  2.59,   25094,  5.11,     771,  0.16
 211,-302.00,   25424,  2.54,   24187,  4.92,    1237,  0.25
 212,-301.00,   24921,  2.49,   23257,  4.73,    1664,  0.34
 213,-300.00,   24856,  2.49,   22179,  4.51,    2677,  0.54
 214,-299.00,   24521,  2.45,   21035,  4.28,    3486,  0.71
 215,-298.00,   23332,  2.33,   19678,  4.00,    3654,  0.74
 216,-297.00,   22086,  2.21,   18206,  3.70,    3880,  0.79
 217,-296.00,   21255,  2.13,   16646,  3.39,    4609,  0.94
 218,-295.00,   20469,  2.05,   15419,  3.14,    5050,  1.03
 219,-294.00,   19461,  1.95,   14336,  2.92,    5125,  1.04
 220,-293.00,   18567,  1.86,   13720,  2.79,    4847,  0.99
 221,-292.00,   18895,  1.89,   13670,  2.78,    5225,  1.06
 222,-291.00,   18899,  1.89,   13167,  2.68,    5732,  1.17
 223,-290.00,   18511,  1.85,   12654,  2.57,    5857,  1.19
 224,-289.00,   17557,  1.76,   12203,  2.48,    5354,  1.09
 225,-288.00,   16958,  1.70,   12092,  2.46,    4866,  0.99
 226,-287.00,   15989,  1.60,   11922,  2.43,    4067,  0.83
 227,-286.00,   14609,  1.46,   11352,  2.31,    3257,  0.66
 228,-285.00,   13462,  1.35,   10382,  2.11,    3080,  0.63
 229,-284.00,   12337,  1.23,    9789,  1.99,    2548,  0.52
 230,-283.00,   10993,  1.10,    9240,  1.88,    1753,  0.36
 231,-282.00,    9902,  0.99,    8503,  1.73,    1399,  0.28
 232,-281.00,    9104,  0.91,    7725,  1.57,    1379,  0.28
 233,-280.00,    8735,  0.87,    7220,  1.47,    1515,  0.31
 234,-279.00,    7963,  0.80,    6411,  1.30,    1552,  0.32
 235,-278.00,    6581,  0.66,    5542,  1.13,    1039,  0.21
 236,-277.00,    4845,  0.48,    4713,  0.96,     132,  0.03
 237,-276.00,    3632,  0.36,    4259,  0.87,    -627, -0.13
 238,-275.00,    3016,  0.30,    3640,  0.74,    -624, -0.13
 239,-274.00,    2121,  0.21,    2661,  0.54,    -540, -0.11
 240,-273.00,    1159,  0.12,    1544,  0.31,    -385, -0.08
 241,-272.00,     979,  0.10,    1018,  0.21,     -39, -0.00
 242,-271.00,     999,  0.10,     810,  0.16,     189,  0.04
 243,-270.00,    1015,  0.10,     528,  0.11,     487,  0.10
 244,-269.00,    1058,  0.11,     105,  0.02,     953,  0.19
 245,-268.00,     936,  0.09,     -18, -0.00,     954,  0.19
 246,-267.00,     290,  0.03,    -327, -0.07,     617,  0.13
 247,-266.00,      81,  0.00,    -445, -0.09,     526,  0.11
 248,-265.00,     450,  0.05,    -287, -0.06,     737,  0.15
 249,-264.00,      14,  0.00,    -792, -0.16,     806,  0.16
 250,-263.00,    -478, -0.05,   -1280, -0.26,     802,  0.16
 251,-262.00,   -1002, -0.10,   -1658, -0.34,     656,  0.13
 252,-261.00,   -1969, -0.20,   -2449, -0.50,     480,  0.10
 253,-260.00,   -3219, -0.32,   -2968, -0.60,    -251, -0.05
 254,-259.00,   -4230, -0.42,   -3453, -0.70,    -777, -0.16
 255,-258.00,   -4919, -0.49,   -3918, -0.80,   -1001, -0.20
 256,-257.00,   -5386, -0.54,   -4622, -0.94,    -764, -0.16
 257,-256.00,   -5196, -0.52,   -5104, -1.04,     -92, -0.02
 258,-255.00,   -4756, -0.48,   -5610, -1.14,     854,  0.17
 259,-254.00,   -4881, -0.49,   -6371, -1.30,    1490,  0.30
 260,-253.00,   -5986, -0.60,   -7266, -1.48,    1280,  0.26
 261,-252.00,   -7320, -0.73,   -8161, -1.66,     841,  0.17
 262,-251.00,   -7831, -0.78,   -8677, -1.77,     846,  0.17
 263,-250.00,   -8211, -0.82,   -9457, -1.92,    1246,  0.25
 264,-249.00,   -8117, -0.81,   -9850, -2.00,    1733,  0.35
 265,-248.00,   -8187, -0.82,  -10383, -2.11,    2196,  0.45
 266,-247.00,   -8394, -0.84,  -11390, -2.32,    2996,  0.61
 267,-246.00,   -8633, -0.86,  -11929, -2.43,    3296,  0.67
 268,-245.00,   -9071, -0.91,  -12276, -2.50,    3205,  0.65
 269,-244.00,   -9886, -0.99,  -12569, -2.56,    2683,  0.55
 270,-243.00,  -10638, -1.06,  -12919, -2.63,    2281,  0.46
 271,-242.00,  -11450, -1.15,  -13744, -2.80,    2294,  0.47
 272,-241.00,  -12071, -1.21,  -14220, -2.89,    2149,  0.44
 273,-240.00,  -12480, -1.25,  -14319, -2.91,    1839,  0.37
 274,-239.00,  -12591, -1.26,  -14242, -2.90,    1651,  0.34
 275,-238.00,  -13077, -1.31,  -14489, -2.95,    1412,  0.29
 276,-237.00,  -13642, -1.37,  -14837, -3.02,    1195,  0.24
 277,-236.00,  -14372, -1.44,  -15318, -3.12,     946,  0.19
 278,-235.00,  -15250, -1.53,  -15212, -3.09,     -38, -0.00
 279,-234.00,  -16042, -1.61,  -15007, -3.05,   -1035, -0.21
 280,-233.00,  -16361, -1.64,  -14925, -3.04,   -1436, -0.29
 281,-232.00,  -16410, -1.64,  -14892, -3.03,   -1518, -0.31
 282,-231.00,  -16680, -1.67,  -14768, -3.00,   -1912, -0.39
 283,-230.00,  -16632, -1.66,  -14424, -2.93,   -2208, -0.45
 284,-229.00,  -15613, -1.56,  -13732, -2.79,   -1881, -0.38
 285,-228.00,  -15665, -1.57,  -13520, -2.75,   -2145, -0.44
 286,-227.00,  -15751, -1.58,  -13261, -2.70,   -2490, -0.51
 287,-226.00,  -14819, -1.48,  -12847, -2.61,   -1972, -0.40
 288,-225.00,  -14534, -1.45,  -12367, -2.52,   -2167, -0.44
 289,-224.00,  -14319, -1.43,  -11776, -2.40,   -2543, -0.52
 290,-223.00,  -13977, -1.40,  -11528, -2.35,   -2449, -0.50
 291,-222.00,  -13112, -1.31,  -11300, -2.30,   -1812, -0.37
 292,-221.00,  -12063, -1.21,  -11093, -2.26,    -970, -0.20
 293,-220.00,  -11256, -1.13,  -10894, -2.22,    -362, -0.07
 294,-219.00,  -10667, -1.07,  -10607, -2.16,     -60, -0.01
 295,-218.00,   -9743, -0.97,  -10210, -2.08,     467,  0.10
 296,-217.00,   -8643, -0.86,   -9749, -1.98,    1106,  0.23
 297,-216.00,   -7508, -0.75,   -9093, -1.85,    1585,  0.32
 298,-215.00,   -6788, -0.68,   -8822, -1.79,    2034,  0.41
 299,-214.00,   -6354, -0.64,   -8621, -1.75,    2267,  0.46
 300,-213.00,   -6252, -0.63,   -8765, -1.78,    2513,  0.51
 301,-212.00,   -6242, -0.62,   -9024, -1.84,    2782,  0.57
 302,-211.00,   -6558, -0.66,   -9003, -1.83,    2445,  0.50
 303,-210.00,   -7525, -0.75,   -9325, -1.90,    1800,  0.37
 304,-209.00,   -8384, -0.84,  -10107, -2.06,    1723,  0.35
 305,-208.00,   -9189, -0.92,  -10921, -2.22,    1732,  0.35
 306,-207.00,  -10183, -1.02,  -11368, -2.31,    1185,  0.24
 307,-206.00,  -11646, -1.17,  -11606, -2.36,     -40, -0.00
 308,-205.00,  -13242, -1.33,  -11898, -2.42,   -1344, -0.27
 309,-204.00,  -14088, -1.41,  -12185, -2.48,   -1903, -0.39
 310,-203.00,  -14187, -1.42,  -12137, -2.47,   -2050, -0.42
 311,-202.00,  -13821, -1.38,  -11797, -2.40,   -2024, -0.41
 312,-201.00,  -13466, -1.35,  -11278, -2.29,   -2188, -0.45
 313,-200.00,  -13683, -1.37,  -10938, -2.23,   -2745, -0.56
 314,-199.00,  -13977, -1.40,  -10641, -2.16,   -3336, -0.68
 315,-198.00,  -13976, -1.40,  -10283, -2.09,   -3693, -0.75
 316,-197.00,  -14131, -1.41,   -9920, -2.02,   -4211, -0.86
 317,-196.00,  -13927, -1.39,   -9659, -1.97,   -4268, -0.87
 318,-195.00,  -12803, -1.28,   -8438, -1.72,   -4365, -0.89
 319,-194.00,  -12843, -1.29,   -7602, -1.55,   -5241, -1.07
 320,-193.00,  -13464, -1.35,   -7172, -1.46,   -6292, -1.28
 321,-192.00,  -13849, -1.39,   -6603, -1.34,   -7246, -1.47
 322,-191.00,  -14172, -1.42,   -6238, -1.27,   -7934, -1.61
 323,-190.00,  -14502, -1.45,   -6122, -1.25,   -8380, -1.70
 324,-189.00,  -15288, -1.53,   -6052, -1.23,   -9236, -1.88
 325,-188.00,  -16522, -1.65,   -6378, -1.30,  -10144, -2.06
 326,-187.00,  -18203, -1.82,   -6695, -1.36,  -11508, -2.34
 327,-186.00,  -20080, -2.01,   -7292, -1.48,  -12788, -2.60
 328,-185.00,  -21963, -2.20,   -8206, -1.67,  -13757, -2.80
 329,-184.00,  -23479, -2.35,   -9001, -1.83,  -14478, -2.95
 330,-183.00,  -24771, -2.48,   -9823, -2.00,  -14948, -3.04
 331,-182.00,  -26152, -2.62,  -10661, -2.17,  -15491, -3.15
 332,-181.00,  -27684, -2.77,  -11616, -2.36,  -16068, -3.27
 333,-180.00,  -29451, -2.95,  -12555, -2.55,  -16896, -3.44
 334,-179.00,  -30960, -3.10,  -13485, -2.74,  -17475, -3.56
 335,-178.00,  -32480, -3.25,  -14417, -2.93,  -18063, -3.68
 336,-177.00,  -33413, -3.34,  -14856, -3.02,  -18557, -3.78
 337,-176.00,  -34155, -3.42,  -15459, -3.15,  -18696, -3.80
 338,-175.00,  -34985, -3.50,  -16177, -3.29,  -18808, -3.83
 339,-174.00,  -35599, -3.56,  -16633, -3.38,  -18966, -3.86
 340,-173.00,  -35546, -3.56,  -16849, -3.43,  -18697, -3.80
 341,-172.00,  -35430, -3.55,  -17032, -3.47,  -18398, -3.74
 342,-171.00,  -36136, -3.62,  -17452, -3.55,  -18684, -3.80
 343,-170.00,  -36758, -3.68,  -17664, -3.59,  -19094, -3.88
 344,-169.00,  -37302, -3.73,  -18230, -3.71,  -19072, -3.88
 345,-168.00,  -37774, -3.78,  -18466, -3.76,  -19308, -3.93
 346,-167.00,  -38258, -3.83,  -18693, -3.80,  -19565, -3.98
 347,-166.00,  -38875, -3.89,  -19498, -3.97,  -19377, -3.94
 348,-165.00,  -39816, -3.98,  -20141, -4.10,  -19675, -4.00
 349,-164.00,  -39959, -4.00,  -20691, -4.21,  -19268, -3.92
 350,-163.00,  -39995, -4.00,  -21115, -4.30,  -18880, -3.84
 351,-162.00,  -40612, -4.06,  -21533, -4.38,  -19079, -3.88
 352,-161.00,  -40887, -4.09,  -21584, -4.39,  -19303, -3.93
 353,-160.00,  -41021, -4.10,  -21703, -4.42,  -19318, -3.93
 354,-159.00,  -41703, -4.17,  -22340, -4.55,  -19363, -3.94
 355,-158.00,  -42011, -4.20,  -22837, -4.65,  -19174, -3.90
 356,-157.00,  -42055, -4.21,  -23143, -4.71,  -18912, -3.85
 357,-156.00,  -41731, -4.18,  -23095, -4.70,  -18636, -3.79
 358,-155.00,  -40623, -4.06,  -22820, -4.64,  -17803, -3.62
 359,-154.00,  -39641, -3.97,  -22385, -4.55,  -17256, -3.51
 360,-153.00,  -39162, -3.92,  -22234, -4.52,  -16928, -3.44
 361,-152.00,  -39035, -3.91,  -22490, -4.58,  -16545, -3.37
 362,-151.00,  -39170, -3.92,  -22639, -4.61,  -16531, -3.36
 363,-150.00,  -39256, -3.93,  -22853, -4.65,  -16403, -3.34
 364,-149.00,  -38634, -3.87,  -22544, -4.59,  -16090, -3.27
 365,-148.00,  -38274, -3.83,  -22229, -4.52,  -16045, -3.26
 366,-147.00,  -37705, -3.77,  -22003, -4.48,  -15702, -3.19
 367,-146.00,  -37242, -3.73,  -21968, -4.47,  -15274, -3.11
 368,-145.00,  -36930, -3.70,  -21924, -4.46,  -15006, -3.05
 369,-144.00,  -36927, -3.69,  -21960, -4.47,  -14967, -3.05
 370,-143.00,  -37004, -3.70,  -21866, -4.45,  -15138, -3.08
 371,-142.00,  -36632, -3.67,  -21601, -4.39,  -15031, -3.06
 372,-141.00,  -36077, -3.61,  -21459, -4.37,  -14618, -2.97
 373,-140.00,  -35327, -3.53,  -21640, -4.40,  -13687, -2.78
 374,-139.00,  -34705, -3.47,  -21738, -4.42,  -12967, -2.64
 375,-138.00,  -33794, -3.38,  -21299, -4.33,  -12495, -2.54
 376,-137.00,  -32293, -3.23,  -20582, -4.19,  -11711, -2.38
 377,-136.00,  -30553, -3.06,  -19665, -4.00,  -10888, -2.22
 378,-135.00,  -29020, -2.90,  -18730, -3.81,  -10290, -2.09
 379,-134.00,  -27704, -2.77,  -17897, -3.64,   -9807, -2.00
 380,-133.00,  -26718, -2.67,  -17358, -3.53,   -9360, -1.90
 381,-132.00,  -24987, -2.50,  -16374, -3.33,   -8613, -1.75
 382,-131.00,  -23104, -2.31,  -15581, -3.17,   -7523, -1.53
 383,-130.00,  -21416, -2.14,  -14738, -3.00,   -6678, -1.36
 384,-129.00,  -19633, -1.96,  -13679, -2.78,   -5954, -1.21
 385,-128.00,  -18509, -1.85,  -12610, -2.57,   -5899, -1.20
 386,-127.00,  -17774, -1.78,  -11498, -2.34,   -6276, -1.28
 387,-126.00,  -17415, -1.74,  -10920, -2.22,   -6495, -1.32
 388,-125.00,  -16190, -1.62,   -9862, -2.01,   -6328, -1.29
 389,-124.00,  -14639, -1.46,   -8459, -1.72,   -6180, -1.26
 390,-123.00,  -13341, -1.33,   -7152, -1.46,   -6189, -1.26
 391,-122.00,  -12395, -1.24,   -6352, -1.29,   -6043, -1.23
 392,-121.00,  -11400, -1.14,   -5661, -1.15,   -5739, -1.17
 393,-120.00,  -10415, -1.04,   -4952, -1.01,   -5463, -1.11
 394,-119.00,   -9528, -0.95,   -4253, -0.87,   -5275, -1.07
 395,-118.00,   -8578, -0.86,   -3421, -0.70,   -5157, -1.05
 396,-117.00,   -7065, -0.71,   -2584, -0.53,   -4481, -0.91
 397,-116.00,   -5933, -0.59,   -1662, -0.34,   -4271, -0.87
 398,-115.00,   -4355, -0.44,     -70, -0.01,   -4285, -0.87
 399,-114.00,   -2932, -0.29,    1165,  0.24,   -4097, -0.83
 400,-113.00,   -1908, -0.19,    2316,  0.47,   -4224, -0.86
 401,-112.00,    -141, -0.01,    3838,  0.78,   -3979, -0.81
 402,-111.00,    1719,  0.17,    5080,  1.03,   -3361, -0.68
 403,-110.00,    3850,  0.39,    6365,  1.30,   -2515, -0.51
 404,-109.00,    5695,  0.57,    7088,  1.44,   -1393, -0.28
 405,-108.00,    7492,  0.75,    8067,  1.64,    -575, -0.12
 406,-107.00,    8811,  0.88,    8921,  1.82,    -110, -0.02
 407,-106.00,   10184,  1.02,    9925,  2.02,     259,  0.05
 408,-105.00,   11897,  1.19,   11091,  2.26,     806,  0.16
 409,-104.00,   13570,  1.36,   12245,  2.49,    1325,  0.27
 410,-103.00,   15083,  1.51,   13078,  2.66,    2005,  0.41
 411,-102.00,   16290,  1.63,   13528,  2.75,    2762,  0.56
 412,-101.00,   17090,  1.71,   13769,  2.80,    3321,  0.68
 413,-100.00,   17354,  1.74,   13577,  2.76,    3777,  0.77
 414,-99.00,   17764,  1.78,   13414,  2.73,    4350,  0.89
 415,-98.00,   18013,  1.80,   13154,  2.68,    4859,  0.99
 416,-97.00,   18295,  1.83,   13107,  2.67,    5188,  1.06
 417,-96.00,   18274,  1.83,   12839,  2.61,    5435,  1.11
 418,-95.00,   17854,  1.79,   12487,  2.54,    5367,  1.09
 419,-94.00,   17857,  1.79,   12426,  2.53,    5431,  1.10
 420,-93.00,   17801,  1.78,   12164,  2.47,    5637,  1.15
 421,-92.00,   18388,  1.84,   11970,  2.44,    6418,  1.31
 422,-91.00,   18878,  1.89,   11846,  2.41,    7032,  1.43
 423,-90.00,   18569,  1.86,   11323,  2.30,    7246,  1.47
 424,-89.00,   17638,  1.76,   10561,  2.15,    7077,  1.44
 425,-88.00,   16778,  1.68,    9861,  2.01,    6917,  1.41
 426,-87.00,   16064,  1.61,    9133,  1.86,    6931,  1.41
 427,-86.00,   15484,  1.55,    8471,  1.72,    7013,  1.43
 428,-85.00,   14776,  1.48,    7479,  1.52,    7297,  1.48
 429,-84.00,   14117,  1.41,    6499,  1.32,    7618,  1.55
 430,-83.00,   13378,  1.34,    5255,  1.07,    8123,  1.65
 431,-82.00,   12762,  1.28,    4208,  0.86,    8554,  1.74
 432,-81.00,   12039,  1.20,    3033,  0.62,    9006,  1.83
 433,-80.00,   11704,  1.17,    1717,  0.35,    9987,  2.03
 434,-79.00,   11935,  1.19,     754,  0.15,   11181,  2.27
 435,-78.00,   12021,  1.20,    -274, -0.06,   12295,  2.50
 436,-77.00,   11781,  1.18,   -1460, -0.30,   13241,  2.69
 437,-76.00,   11461,  1.15,   -2831, -0.58,   14292,  2.91
 438,-75.00,   10927,  1.09,   -4280, -0.87,   15207,  3.09
 439,-74.00,   10997,  1.10,   -5419, -1.10,   16416,  3.34
 440,-73.00,   11361,  1.14,   -6477, -1.32,   17838,  3.63
 441,-72.00,   11043,  1.10,   -7642, -1.55,   18685,  3.80
 442,-71.00,   10674,  1.07,   -8852, -1.80,   19526,  3.97
 443,-70.00,   10011,  1.00,  -10558, -2.15,   20569,  4.18
 444,-69.00,    9449,  0.95,  -12154, -2.47,   21603,  4.40
 445,-68.00,    8950,  0.90,  -13667, -2.78,   22617,  4.60
 446,-67.00,    8472,  0.85,  -14987, -3.05,   23459,  4.77
 447,-66.00,    8096,  0.81,  -16484, -3.35,   24580,  5.00
 448,-65.00,    7508,  0.75,  -18104, -3.68,   25612,  5.21
 449,-64.00,    6894,  0.69,  -19534, -3.97,   26428,  5.38
 450,-63.00,    5737,  0.57,  -20845, -4.24,   26582,  5.41
 451,-62.00,    4037,  0.40,  -21823, -4.44,   25860,  5.26
 452,-61.00,    2296,  0.23,  -22616, -4.60,   24912,  5.07
 453,-60.00,     500,  0.05,  -23403, -4.76,   23903,  4.86
 454,-59.00,    -910, -0.09,  -23998, -4.88,   23088,  4.70
 455,-58.00,   -2234, -0.22,  -24490, -4.98,   22256,  4.53
 456,-57.00,   -3261, -0.33,  -24518, -4.99,   21257,  4.32
 457,-56.00,   -4278, -0.43,  -24332, -4.95,   20054,  4.08
 458,-55.00,   -5681, -0.57,  -24518, -4.99,   18837,  3.83
 459,-54.00,   -7048, -0.71,  -24548, -4.99,   17500,  3.56
 460,-53.00,   -8758, -0.88,  -24656, -5.02,   15898,  3.23
 461,-52.00,   -9732, -0.97,  -24267, -4.94,   14535,  2.96
 462,-51.00,  -10322, -1.03,  -23554, -4.79,   13232,  2.69
 463,-50.00,  -11378, -1.14,  -22895, -4.66,   11517,  2.34
 464,-49.00,  -12278, -1.23,  -22342, -4.55,   10064,  2.05
 465,-48.00,  -13351, -1.34,  -21963, -4.47,    8612,  1.75
 466,-47.00,  -14409, -1.44,  -21431, -4.36,    7022,  1.43
 467,-46.00,  -14928, -1.49,  -20853, -4.24,    5925,  1.21
 468,-45.00,  -15579, -1.56,  -20271, -4.12,    4692,  0.95
 469,-44.00,  -16637, -1.66,  -19744, -4.02,    3107,  0.63
 470,-43.00,  -17395, -1.74,  -19213, -3.91,    1818,  0.37
 471,-42.00,  -18091, -1.81,  -18803, -3.83,     712,  0.14
 472,-41.00,  -18795, -1.88,  -18389, -3.74,    -406, -0.08
 473,-40.00,  -19339, -1.94,  -17840, -3.63,   -1499, -0.30
 474,-39.00,  -20017, -2.00,  -17545, -3.57,   -2472, -0.50
 475,-38.00,  -20156, -2.02,  -16896, -3.44,   -3260, -0.66
 476,-37.00,  -19522, -1.95,  -16060, -3.27,   -3462, -0.70
 477,-36.00,  -19608, -1.96,  -15430, -3.14,   -4178, -0.85
 478,-35.00,  -19673, -1.97,  -14615, -2.97,   -5058, -1.03
 479,-34.00,  -19005, -1.90,  -13693, -2.79,   -5312, -1.08
 480,-33.00,  -18350, -1.84,  -12954, -2.64,   -5396, -1.10
 481,-32.00,  -17703, -1.77,  -12281, -2.50,   -5422, -1.10
 482,-31.00,  -16807, -1.68,  -11092, -2.26,   -5715, -1.16
 483,-30.00,  -16361, -1.64,  -10295, -2.09,   -6066, -1.23
 484,-29.00,  -16309, -1.63,   -9770, -1.99,   -6539, -1.33
 485,-28.00,  -15853, -1.59,   -9125, -1.86,   -6728, -1.37
 486,-27.00,  -15159, -1.52,   -8703, -1.77,   -6456, -1.31
 487,-26.00,  -14321, -1.43,   -8386, -1.71,   -5935, -1.21
 488,-25.00,  -13150, -1.32,   -7833, -1.59,   -5317, -1.08
 489,-24.00,  -11742, -1.17,   -7157, -1.46,   -4585, -0.93
 490,-23.00,  -10655, -1.07,   -6594, -1.34,   -4061, -0.83
 491,-22.00,   -9175, -0.92,   -5666, -1.15,   -3509, -0.71
 492,-21.00,   -7410, -0.74,   -4570, -0.93,   -2840, -0.58
 493,-20.00,   -5771, -0.58,   -3746, -0.76,   -2025, -0.41
 494,-19.00,   -3833, -0.38,   -2860, -0.58,    -973, -0.20
 495,-18.00,   -2379, -0.24,   -2374, -0.48,      -5, -0.00
 496,-17.00,    -994, -0.10,   -1792, -0.36,     798,  0.16
 497,-16.00,     876,  0.09,    -943, -0.19,    1819,  0.37
 498,-15.00,    2816,  0.28,      11,  0.00,    2805,  0.57
 499,-14.00,    4093,  0.41,     545,  0.11,    3548,  0.72
 500,-13.00,    4968,  0.50,     866,  0.18,    4102,  0.83
 501,-12.00,    5777,  0.58,    1283,  0.26,    4494,  0.91
 502,-11.00,    7306,  0.73,    2287,  0.47,    5019,  1.02
 503,-10.00,    8921,  0.89,    3355,  0.68,    5566,  1.13
 504,-9.00,    9950,  1.00,    4337,  0.88,    5613,  1.14
 505,-8.00,   11111,  1.11,    5583,  1.14,    5528,  1.12
 506,-7.00,   11738,  1.17,    6437,  1.31,    5301,  1.08
 507,-6.00,   11931,  1.19,    6925,  1.41,    5006,  1.02
 508,-5.00,   11820,  1.18,    7267,  1.48,    4553,  0.93
 509,-4.00,   11563,  1.16,    7291,  1.48,    4272,  0.87
 510,-3.00,   12548,  1.26,    7954,  1.62,    4594,  0.93
 511,-2.00,   13770,  1.38,    9013,  1.83,    4757,  0.97
 512,-1.00,   15280,  1.53,   10365,  2.11,    4915,  1.00
 513,0.00,   16165,  1.62,   11232,  2.29,    4933,  1.00
 514,1.00,   16862,  1.69,   11937,  2.43,    4925,  1.00
 515,2.00,   17192,  1.72,   12517,  2.55,    4675,  0.95
 516,3.00,   17680,  1.77,   13015,  2.65,    4665,  0.95
 517,4.00,   18541,  1.86,   13800,  2.81,    4741,  0.96
 518,5.00,   19632,  1.96,   14428,  2.94,    5204,  1.06
 519,6.00,   21188,  2.12,   15212,  3.09,    5976,  1.22
 520,7.00,   22522,  2.25,   16283,  3.31,    6239,  1.27
 521,8.00,   24490,  2.45,   17732,  3.61,    6758,  1.37
 522,9.00,   26828,  2.68,   19351,  3.94,    7477,  1.52
 523,10.00,   29016,  2.90,   20890,  4.25,    8126,  1.65
 524,11.00,   30254,  3.03,   21754,  4.43,    8500,  1.73
 525,12.00,   31091,  3.11,   22283,  4.53,    8808,  1.79
 526,13.00,   31755,  3.18,   22586,  4.60,    9169,  1.87
 527,14.00,   32780,  3.28,   22919,  4.66,    9861,  2.01
 528,15.00,   33468,  3.35,   23267,  4.73,   10201,  2.08
 529,16.00,   34338,  3.44,   23507,  4.78,   10831,  2.20
 530,17.00,   34757,  3.48,   23692,  4.82,   11065,  2.25
 531,18.00,   34444,  3.45,   23516,  4.78,   10928,  2.22
 532,19.00,   34597,  3.46,   23139,  4.71,   11458,  2.33
 533,20.00,   34983,  3.50,   23018,  4.68,   11965,  2.43
 534,21.00,   35044,  3.51,   22911,  4.66,   12133,  2.47
 535,22.00,   35203,  3.52,   23130,  4.71,   12073,  2.46
 536,23.00,   35351,  3.54,   23212,  4.72,   12139,  2.47
 537,24.00,   35782,  3.58,   23336,  4.75,   12446,  2.53
 538,25.00,   35840,  3.59,   23174,  4.71,   12666,  2.58
 539,26.00,   36012,  3.60,   22949,  4.67,   13063,  2.66
 540,27.00,   36405,  3.64,   22985,  4.68,   13420,  2.73
 541,28.00,   36246,  3.63,   22740,  4.63,   13506,  2.75
 542,29.00,   36151,  3.62,   22303,  4.54,   13848,  2.82
 543,30.00,   36390,  3.64,   22205,  4.52,   14185,  2.89
 544,31.00,   36456,  3.65,   22242,  4.53,   14214,  2.89
 545,32.00,   36950,  3.70,   22651,  4.61,   14299,  2.91
 546,33.00,   37549,  3.76,   22843,  4.65,   14706,  2.99
 547,34.00,   37473,  3.75,   22410,  4.56,   15063,  3.06
 548,35.00,   37750,  3.78,   22137,  4.50,   15613,  3.18
 549,36.00,   37689,  3.77,   21795,  4.43,   15894,  3.23
 550,37.00,   37515,  3.75,   21459,  4.37,   16056,  3.27
 551,38.00,   37274,  3.73,   20906,  4.25,   16368,  3.33
 552,39.00,   37362,  3.74,   20358,  4.14,   17004,  3.46
 553,40.00,   37427,  3.74,   19656,  4.00,   17771,  3.62
 554,41.00,   37243,  3.73,   18940,  3.85,   18303,  3.72
 555,42.00,   36512,  3.65,   18138,  3.69,   18374,  3.74
 556,43.00,   34254,  3.43,   16756,  3.41,   17498,  3.56
 557,44.00,   32369,  3.24,   15533,  3.16,   16836,  3.43
 558,45.00,   30963,  3.10,   14387,  2.93,   16576,  3.37
 559,46.00,   30237,  3.03,   13504,  2.75,   16733,  3.40
 560,47.00,   29973,  3.00,   13081,  2.66,   16892,  3.44
 561,48.00,   29095,  2.91,   12464,  2.54,   16631,  3.38
 562,49.00,   28086,  2.81,   11892,  2.42,   16194,  3.29
 563,50.00,   26509,  2.65,   11049,  2.25,   15460,  3.15
 564,51.00,   25367,  2.54,   10243,  2.08,   15124,  3.08
 565,52.00,   24756,  2.48,    9675,  1.97,   15081,  3.07
 566,53.00,   24100,  2.41,    9307,  1.89,   14793,  3.01
 567,54.00,   23376,  2.34,    9115,  1.85,   14261,  2.90
 568,55.00,   22335,  2.23,    8380,  1.70,   13955,  2.84
 569,56.00,   21485,  2.15,    8058,  1.64,   13427,  2.73
 570,57.00,   20075,  2.01,    7571,  1.54,   12504,  2.54
 571,58.00,   19228,  1.92,    7127,  1.45,   12101,  2.46
 572,59.00,   18918,  1.89,    6756,  1.37,   12162,  2.47
 573,60.00,   18556,  1.86,    6011,  1.22,   12545,  2.55
 574,61.00,   18414,  1.84,    5565,  1.13,   12849,  2.61
 575,62.00,   18372,  1.84,    4990,  1.02,   13382,  2.72
 576,63.00,   18950,  1.90,    4906,  1.00,   14044,  2.86
 577,64.00,   19757,  1.98,    5226,  1.06,   14531,  2.96
 578,65.00,   19950,  2.00,    5062,  1.03,   14888,  3.03
 579,66.00,   19991,  2.00,    4874,  0.99,   15117,  3.08
 580,67.00,   20629,  2.06,    5059,  1.03,   15570,  3.17
 581,68.00,   21573,  2.16,    5412,  1.10,   16161,  3.29
 582,69.00,   22332,  2.23,    5594,  1.14,   16738,  3.41
 583,70.00,   23011,  2.30,    5685,  1.16,   17326,  3.53
 584,71.00,   23610,  2.36,    5746,  1.17,   17864,  3.63
 585,72.00,   23752,  2.38,    5927,  1.21,   17825,  3.63
 586,73.00,   23690,  2.37,    5945,  1.21,   17745,  3.61
 587,74.00,   23224,  2.32,    5685,  1.16,   17539,  3.57
 588,75.00,   23106,  2.31,    5642,  1.15,   17464,  3.55
 589,76.00,   22603,  2.26,    5503,  1.12,   17100,  3.48
 590,77.00,   22106,  2.21,    5476,  1.11,   16630,  3.38
 591,78.00,   21372,  2.14,    5517,  1.12,   15855,  3.23
 592,79.00,   20644,  2.07,    5449,  1.11,   15195,  3.09
 593,80.00,   19898,  1.99,    5706,  1.16,   14192,  2.89
 594,81.00,   19373,  1.94,    6212,  1.26,   13161,  2.68
 595,82.00,   17788,  1.78,    5819,  1.18,   11969,  2.44
 596,83.00,   15897,  1.59,    5166,  1.05,   10731,  2.18
 597,84.00,   13490,  1.35,    4227,  0.86,    9263,  1.88
 598,85.00,   10710,  1.07,    3217,  0.65,    7493,  1.52
 599,86.00,    8249,  0.83,    2411,  0.49,    5838,  1.19
 600,87.00,    6638,  0.66,    2189,  0.45,    4449,  0.91
 601,88.00,    5264,  0.53,    2212,  0.45,    3052,  0.62
 602,89.00,    4012,  0.40,    2307,  0.47,    1705,  0.35
 603,90.00,    1976,  0.20,    2033,  0.41,     -57, -0.01
 604,91.00,     363,  0.04,    1963,  0.40,   -1600, -0.33
 605,92.00,    -225, -0.02,    2316,  0.47,   -2541, -0.52
 606,93.00,   -1071, -0.11,    2483,  0.51,   -3554, -0.72
 607,94.00,   -1755, -0.18,    2771,  0.56,   -4526, -0.92
 608,95.00,   -2997, -0.30,    2773,  0.56,   -5770, -1.17
 609,96.00,   -4487, -0.45,    2666,  0.54,   -7153, -1.46
 610,97.00,   -5849, -0.59,    2659,  0.54,   -8508, -1.73
 611,98.00,   -6208, -0.62,    3133,  0.64,   -9341, -1.90
 612,99.00,   -6312, -0.63,    3757,  0.76,  -10069, -2.05
 613,100.00,   -6836, -0.68,    4016,  0.82,  -10852, -2.21
 614,101.00,   -6361, -0.64,    4335,  0.88,  -10696, -2.18
 615,102.00,   -5860, -0.59,    4557,  0.93,  -10417, -2.12
 616,103.00,   -5427, -0.54,    5109,  1.04,  -10536, -2.14
 617,104.00,   -4513, -0.45,    5789,  1.18,  -10302, -2.10
 618,105.00,   -4214, -0.42,    5993,  1.22,  -10207, -2.08
 619,106.00,   -3837, -0.38,    6184,  1.26,  -10021, -2.04
 620,107.00,   -3370, -0.34,    6435,  1.31,   -9805, -1.99
 621,108.00,   -2914, -0.29,    6526,  1.33,   -9440, -1.92
 622,109.00,   -2559, -0.26,    6420,  1.31,   -8979, -1.83
 623,110.00,   -1974, -0.20,    6229,  1.27,   -8203, -1.67
 624,111.00,   -1023, -0.10,    6365,  1.30,   -7388, -1.50
 625,112.00,    -145, -0.01,    6400,  1.30,   -6545, -1.33
 626,113.00,     592,  0.06,    6122,  1.25,   -5530, -1.13
 627,114.00,    1250,  0.13,    5680,  1.16,   -4430, -0.90
 628,115.00,    1370,  0.14,    4835,  0.98,   -3465, -0.70
 629,116.00,    1723,  0.17,    4468,  0.91,   -2745, -0.56
 630,117.00,    2029,  0.20,    4230,  0.86,   -2201, -0.45
 631,118.00,    2906,  0.29,    3934,  0.80,   -1028, -0.21
 632,119.00,    3594,  0.36,    3606,  0.73,     -12, -0.00
 633,120.00,    3874,  0.39,    2912,  0.59,     962,  0.20
 634,121.00,    3800,  0.38,    2026,  0.41,    1774,  0.36
 635,122.00,    3950,  0.40,    1444,  0.29,    2506,  0.51
 636,123.00,    3908,  0.39,     894,  0.18,    3014,  0.61
 637,124.00,    3787,  0.38,     492,  0.10,    3295,  0.67
 638,125.00,    3162,  0.32,    -383, -0.08,    3545,  0.72
 639,126.00,    2132,  0.21,   -1319, -0.27,    3451,  0.70
 640,127.00,    2205,  0.22,   -1748, -0.36,    3953,  0.80
 641,128.00,    2562,  0.26,   -2071, -0.42,    4633,  0.94
 642,129.00,    2770,  0.28,   -2481, -0.50,    5251,  1.07
 643,130.00,    2796,  0.28,   -3295, -0.67,    6091,  1.24
 644,131.00,    3067,  0.31,   -4119, -0.84,    7186,  1.46
 645,132.00,    3741,  0.37,   -4682, -0.95,    8423,  1.71
 646,133.00,    4135,  0.41,   -5171, -1.05,    9306,  1.89
 647,134.00,    5255,  0.53,   -5456, -1.11,   10711,  2.18
 648,135.00,    6483,  0.65,   -5878, -1.20,   12361,  2.51
 649,136.00,    6793,  0.68,   -6543, -1.33,   13336,  2.71
 650,137.00,    6757,  0.68,   -7102, -1.44,   13859,  2.82
 651,138.00,    7501,  0.75,   -7385, -1.50,   14886,  3.03
 652,139.00,    8725,  0.87,   -7250, -1.48,   15975,  3.25
 653,140.00,   10051,  1.01,   -7080, -1.44,   17131,  3.49
 654,141.00,   10674,  1.07,   -7248, -1.47,   17922,  3.65
 655,142.00,   11270,  1.13,   -7096, -1.44,   18366,  3.74
 656,143.00,   11658,  1.17,   -7101, -1.44,   18759,  3.82
 657,144.00,   12203,  1.22,   -7183, -1.46,   19386,  3.94
 658,145.00,   12739,  1.27,   -7044, -1.43,   19783,  4.02
 659,146.00,   13485,  1.35,   -6554, -1.33,   20039,  4.08
 660,147.00,   13628,  1.36,   -6115, -1.24,   19743,  4.02
 661,148.00,   13928,  1.39,   -5844, -1.19,   19772,  4.02
 662,149.00,   13988,  1.40,   -5816, -1.18,   19804,  4.03
 663,150.00,   14122,  1.41,   -5524, -1.12,   19646,  4.00
 664,151.00,   13631,  1.36,   -5583, -1.14,   19214,  3.91
 665,152.00,   12884,  1.29,   -6061, -1.23,   18945,  3.85
 666,153.00,   12165,  1.22,   -6795, -1.38,   18960,  3.86
 667,154.00,   12096,  1.21,   -7045, -1.43,   19141,  3.89
 668,155.00,   12532,  1.25,   -6677, -1.36,   19209,  3.91
 669,156.00,   12147,  1.22,   -6426, -1.31,   18573,  3.78
 670,157.00,   11701,  1.17,   -6030, -1.23,   17731,  3.61
 671,158.00,   11479,  1.15,   -5949, -1.21,   17428,  3.55
 672,159.00,   10485,  1.05,   -6868, -1.40,   17353,  3.53
 673,160.00,    9529,  0.95,   -7768, -1.58,   17297,  3.52
 674,161.00,    9359,  0.94,   -8131, -1.65,   17490,  3.56
 675,162.00,    9309,  0.93,   -8452, -1.72,   17761,  3.61
 676,163.00,    9284,  0.93,   -8790, -1.79,   18074,  3.68
 677,164.00,    8634,  0.86,   -9374, -1.91,   18008,  3.66
 678,165.00,    8380,  0.84,   -9464, -1.93,   17844,  3.63
 679,166.00,    8490,  0.85,   -9443, -1.92,   17933,  3.65
 680,167.00,    8372,  0.84,   -9487, -1.93,   17859,  3.63
 681,168.00,    7821,  0.78,   -9827, -2.00,   17648,  3.59
 682,169.00,    7400,  0.74,  -10179, -2.07,   17579,  3.58
 683,170.00,    7272,  0.73,   -9943, -2.02,   17215,  3.50
 684,171.00,    7269,  0.73,   -9942, -2.02,   17211,  3.50
 685,172.00,    6511,  0.65,  -10440, -2.12,   16951,  3.45
 686,173.00,    6158,  0.62,  -10981, -2.23,   17139,  3.49
 687,174.00,    6494,  0.65,  -10912, -2.22,   17406,  3.54
 688,175.00,    6733,  0.67,  -10493, -2.13,   17226,  3.50
 689,176.00,    6630,  0.66,  -10269, -2.09,   16899,  3.44
 690,177.00,    6274,  0.63,  -10377, -2.11,   16651,  3.39
 691,178.00,    6221,  0.62,  -10363, -2.11,   16584,  3.37
 692,179.00,    5379,  0.54,  -10561, -2.15,   15940,  3.24
 693,180.00,    4515,  0.45,  -10423, -2.12,   14938,  3.04
 694,181.00,    3194,  0.32,  -10402, -2.12,   13596,  2.77
 695,182.00,    2214,  0.22,  -10147, -2.06,   12361,  2.51
 696,183.00,     804,  0.08,  -10387, -2.11,   11191,  2.28
 697,184.00,    -560, -0.06,  -10490, -2.13,    9930,  2.02
 698,185.00,   -1809, -0.18,  -10590, -2.15,    8781,  1.79
 699,186.00,   -2975, -0.30,  -10753, -2.19,    7778,  1.58
 700,187.00,   -3940, -0.39,  -10682, -2.17,    6742,  1.37
 701,188.00,   -4855, -0.49,  -10719, -2.18,    5864,  1.19
 702,189.00,   -6436, -0.64,  -11251, -2.29,    4815,  0.98
 703,190.00,   -7783, -0.78,  -11433, -2.33,    3650,  0.74
 704,191.00,   -9321, -0.93,  -11477, -2.34,    2156,  0.44
 705,192.00,  -10745, -1.08,  -11455, -2.33,     710,  0.14
 706,193.00,  -11491, -1.15,  -11142, -2.27,    -349, -0.07
 707,194.00,  -11884, -1.19,  -10705, -2.18,   -1179, -0.24
 708,195.00,  -12139, -1.21,  -10706, -2.18,   -1433, -0.29
 709,196.00,  -12280, -1.23,  -10749, -2.19,   -1531, -0.31
 710,197.00,  -12396, -1.24,  -10521, -2.14,   -1875, -0.38
 711,198.00,  -13023, -1.30,  -10594, -2.16,   -2429, -0.49
 712,199.00,  -13140, -1.31,  -10235, -2.08,   -2905, -0.59
 713,200.00,  -13284, -1.33,   -9725, -1.98,   -3559, -0.72
 714,201.00,  -13485, -1.35,   -9426, -1.92,   -4059, -0.83
 715,202.00,  -13995, -1.40,   -9114, -1.85,   -4881, -0.99
 716,203.00,  -14049, -1.41,   -8652, -1.76,   -5397, -1.10
 717,204.00,  -13988, -1.40,   -8398, -1.71,   -5590, -1.14
 718,205.00,  -14140, -1.41,   -8169, -1.66,   -5971, -1.21
 719,206.00,  -14384, -1.44,   -8201, -1.67,   -6183, -1.26
 720,207.00,  -14569, -1.46,   -8218, -1.67,   -6351, -1.29
 721,208.00,  -14731, -1.47,   -8640, -1.76,   -6091, -1.24
 722,209.00,  -15336, -1.53,   -9168, -1.87,   -6168, -1.25
 723,210.00,  -16271, -1.63,   -9600, -1.95,   -6671, -1.36
 724,211.00,  -16894, -1.69,   -9961, -2.03,   -6933, -1.41
 725,212.00,  -17113, -1.71,  -10276, -2.09,   -6837, -1.39
 726,213.00,  -16726, -1.67,  -10369, -2.11,   -6357, -1.29
 727,214.00,  -16699, -1.67,  -10702, -2.18,   -5997, -1.22
 728,215.00,  -16746, -1.68,  -11170, -2.27,   -5576, -1.13
 729,216.00,  -17460, -1.75,  -12022, -2.45,   -5438, -1.11
 730,217.00,  -18378, -1.84,  -13042, -2.65,   -5336, -1.09
 731,218.00,  -19754, -1.98,  -14269, -2.90,   -5485, -1.12
 732,219.00,  -20688, -2.07,  -15419, -3.14,   -5269, -1.07
 733,220.00,  -21520, -2.15,  -16571, -3.37,   -4949, -1.01
 734,221.00,  -22239, -2.23,  -17690, -3.60,   -4549, -0.93
 735,222.00,  -23125, -2.31,  -19143, -3.89,   -3982, -0.81
 736,223.00,  -24245, -2.43,  -20619, -4.20,   -3626, -0.74
 737,224.00,  -25017, -2.50,  -21414, -4.36,   -3603, -0.73
 738,225.00,  -25522, -2.55,  -22136, -4.50,   -3386, -0.69
 739,226.00,  -26417, -2.64,  -23035, -4.69,   -3382, -0.69
 740,227.00,  -27236, -2.73,  -23661, -4.81,   -3575, -0.73
 741,228.00,  -28118, -2.81,  -24400, -4.96,   -3718, -0.76
 742,229.00,  -29073, -2.91,  -24953, -5.08,   -4120, -0.84
 743,230.00,  -29685, -2.97,  -25295, -5.15,   -4390, -0.89
 744,231.00,  -30595, -3.06,  -25854, -5.26,   -4741, -0.96
 745,232.00,  -31242, -3.13,  -26413, -5.37,   -4829, -0.98
 746,233.00,  -31757, -3.18,  -26614, -5.41,   -5143, -1.05
 747,234.00,  -32882, -3.29,  -27204, -5.53,   -5678, -1.16
 748,235.00,  -33619, -3.36,  -27981, -5.69,   -5638, -1.15
 749,236.00,  -34153, -3.42,  -28603, -5.82,   -5550, -1.13
 750,237.00,  -34020, -3.40,  -28480, -5.79,   -5540, -1.13
 751,238.00,  -34065, -3.41,  -28407, -5.78,   -5658, -1.15
 752,239.00,  -34299, -3.43,  -28714, -5.84,   -5585, -1.14
 753,240.00,  -34487, -3.45,  -28953, -5.89,   -5534, -1.13
 754,241.00,  -34427, -3.44,  -29270, -5.96,   -5157, -1.05
 755,242.00,  -34054, -3.41,  -29283, -5.96,   -4771, -0.97
 756,243.00,  -33652, -3.37,  -28864, -5.87,   -4788, -0.97
 757,244.00,  -32891, -3.29,  -28000, -5.70,   -4891, -1.00
 758,245.00,  -31962, -3.20,  -27568, -5.61,   -4394, -0.89
 759,246.00,  -31238, -3.13,  -27560, -5.61,   -3678, -0.75
 760,247.00,  -30496, -3.05,  -27299, -5.55,   -3197, -0.65
 761,248.00,  -29808, -2.98,  -26987, -5.49,   -2821, -0.57
 762,249.00,  -28948, -2.90,  -26526, -5.40,   -2422, -0.49
 763,250.00,  -27265, -2.73,  -25548, -5.20,   -1717, -0.35
 764,251.00,  -25940, -2.60,  -24902, -5.07,   -1038, -0.21
 765,252.00,  -25541, -2.56,  -24441, -4.97,   -1100, -0.22
 766,253.00,  -24834, -2.48,  -23743, -4.83,   -1091, -0.22
 767,254.00,  -23513, -2.35,  -22625, -4.60,    -888, -0.18
 768,255.00,  -22355, -2.24,  -21567, -4.39,    -788, -0.16
 769,256.00,  -20949, -2.10,  -20348, -4.14,    -601, -0.12
 770,257.00,  -19889, -1.99,  -19183, -3.90,    -706, -0.14
 771,258.00,  -19306, -1.93,  -18636, -3.79,    -670, -0.14
 772,259.00,  -18053, -1.81,  -17581, -3.58,    -472, -0.10
 773,260.00,  -16963, -1.70,  -16579, -3.37,    -384, -0.08
 774,261.00,  -15464, -1.55,  -15482, -3.15,      18,  0.00
 775,262.00,  -13657, -1.37,  -14279, -2.91,     622,  0.13
 776,263.00,  -12336, -1.23,  -13307, -2.71,     971,  0.20
 777,264.00,  -11209, -1.12,  -12392, -2.52,    1183,  0.24
 778,265.00,  -10308, -1.03,  -11794, -2.40,    1486,  0.30
 779,266.00,   -8644, -0.86,  -10984, -2.23,    2340,  0.48
 780,267.00,   -6100, -0.61,   -9779, -1.99,    3679,  0.75
 781,268.00,   -3546, -0.35,   -8420, -1.71,    4874,  0.99
 782,269.00,    -578, -0.06,   -6586, -1.34,    6008,  1.22
 783,270.00,    1709,  0.17,   -5168, -1.05,    6877,  1.40
 784,271.00,    3447,  0.34,   -4261, -0.87,    7708,  1.57
 785,272.00,    5146,  0.51,   -3155, -0.64,    8301,  1.69
 786,273.00,    7395,  0.74,   -1878, -0.38,    9273,  1.89
 787,274.00,    9178,  0.92,   -1080, -0.22,   10258,  2.09
 788,275.00,   10624,  1.06,    -527, -0.11,   11151,  2.27
 789,276.00,   12171,  1.22,     175,  0.04,   11996,  2.44
 790,277.00,   12976,  1.30,     145,  0.03,   12831,  2.61
 791,278.00,   13073,  1.31,    -279, -0.06,   13352,  2.72
 792,279.00,   13239,  1.32,    -472, -0.10,   13711,  2.79
 793,280.00,   14248,  1.43,     -97, -0.02,   14345,  2.92
 794,281.00,   14752,  1.48,      38,  0.00,   14714,  2.99
 795,282.00,   15030,  1.50,      24,  0.00,   15006,  3.05
 796,283.00,   14908,  1.49,     322,  0.07,   14586,  2.97
 797,284.00,   14502,  1.45,     507,  0.10,   13995,  2.85
 798,285.00,   13814,  1.38,     250,  0.05,   13564,  2.76
 799,286.00,   13366,  1.34,     113,  0.02,   13253,  2.70
 800,287.00,   12910,  1.29,     288,  0.06,   12622,  2.57
 801,288.00,   12383,  1.24,     143,  0.03,   12240,  2.49
 802,289.00,   11949,  1.20,     -80, -0.02,   12029,  2.45
 803,290.00,   11750,  1.18,     -37, -0.00,   11787,  2.40
 804,291.00,   11092,  1.11,     -54, -0.01,   11146,  2.27
 805,292.00,   11098,  1.11,     455,  0.09,   10643,  2.17
 806,293.00,   11304,  1.13,    1212,  0.25,   10092,  2.05
 807,294.00,   11145,  1.12,    1618,  0.33,    9527,  1.94
 808,295.00,   10885,  1.09,    1886,  0.38,    8999,  1.83
 809,296.00,   10104,  1.01,    1825,  0.37,    8279,  1.68
 810,297.00,    9513,  0.95,    1935,  0.39,    7578,  1.54
 811,298.00,    9129,  0.91,    2295,  0.47,    6834,  1.39
 812,299.00,    8902,  0.89,    2863,  0.58,    6039,  1.23
 813,300.00,    9055,  0.91,    3640,  0.74,    5415,  1.10
 814,301.00,    8963,  0.90,    4084,  0.83,    4879,  0.99
 815,302.00,    9012,  0.90,    4495,  0.91,    4517,  0.92
 816,303.00,    8202,  0.82,    4235,  0.86,    3967,  0.81
 817,304.00,    7798,  0.78,    4555,  0.93,    3243,  0.66
 818,305.00,    7566,  0.76,    5133,  1.04,    2433,  0.50
 819,306.00,    7377,  0.74,    5557,  1.13,    1820,  0.37
 820,307.00,    7212,  0.72,    6029,  1.23,    1183,  0.24
 821,308.00,    7386,  0.74,    6642,  1.35,     744,  0.15
 822,309.00,    7936,  0.79,    7438,  1.51,     498,  0.10
 823,310.00,    8535,  0.85,    8211,  1.67,     324,  0.07
 824,311.00,    8867,  0.89,    8899,  1.81,     -32, -0.00
 825,312.00,    8942,  0.89,    9305,  1.89,    -363, -0.07
 826,313.00,    8904,  0.89,    9565,  1.95,    -661, -0.13
 827,314.00,    9506,  0.95,   10291,  2.09,    -785, -0.16
 828,315.00,   10275,  1.03,   11478,  2.34,   -1203, -0.24
 829,316.00,   10664,  1.07,   12456,  2.53,   -1792, -0.36
 830,317.00,   10672,  1.07,   12744,  2.59,   -2072, -0.42
 831,318.00,   10978,  1.10,   13292,  2.70,   -2314, -0.47
 832,319.00,   11099,  1.11,   14156,  2.88,   -3057, -0.62
 833,320.00,   10893,  1.09,   14883,  3.03,   -3990, -0.81
 834,321.00,   10960,  1.10,   15523,  3.16,   -4563, -0.93
 835,322.00,   10602,  1.06,   16015,  3.26,   -5413, -1.10
 836,323.00,   10058,  1.01,   16491,  3.36,   -6433, -1.31
 837,324.00,    9330,  0.93,   16693,  3.40,   -7363, -1.50
 838,325.00,    8862,  0.89,   17549,  3.57,   -8687, -1.77
 839,326.00,    8777,  0.88,   18389,  3.74,   -9612, -1.96
 840,327.00,    9145,  0.92,   19245,  3.92,  -10100, -2.05
 841,328.00,    9557,  0.96,   20109,  4.09,  -10552, -2.15
 842,329.00,    9878,  0.99,   20951,  4.26,  -11073, -2.25
 843,330.00,   10459,  1.05,   21781,  4.43,  -11322, -2.30
 844,331.00,   11209,  1.12,   22529,  4.58,  -11320, -2.30
 845,332.00,   12144,  1.22,   23205,  4.72,  -11061, -2.25
 846,333.00,   12666,  1.27,   23562,  4.79,  -10896, -2.22
 847,334.00,   13462,  1.35,   24323,  4.95,  -10861, -2.21
 848,335.00,   13736,  1.37,   24819,  5.05,  -11083, -2.25
 849,336.00,   13825,  1.38,   25246,  5.14,  -11421, -2.32
 850,337.00,   13821,  1.38,   25493,  5.19,  -11672, -2.37
 851,338.00,   13910,  1.39,   25567,  5.20,  -11657, -2.37
 852,339.00,   13995,  1.40,   25666,  5.22,  -11671, -2.37
 853,340.00,   14620,  1.46,   26007,  5.29,  -11387, -2.32
 854,341.00,   15074,  1.51,   26100,  5.31,  -11026, -2.24
 855,342.00,   15298,  1.53,   26000,  5.29,  -10702, -2.18
 856,343.00,   15634,  1.56,   25831,  5.26,  -10197, -2.07
 857,344.00,   15684,  1.57,   25371,  5.16,   -9687, -1.97
 858,345.00,   15551,  1.56,   24708,  5.03,   -9157, -1.86
 859,346.00,   15320,  1.53,   24173,  4.92,   -8853, -1.80
 860,347.00,   15522,  1.55,   23985,  4.88,   -8463, -1.72
 861,348.00,   16125,  1.61,   23895,  4.86,   -7770, -1.58
 862,349.00,   16319,  1.63,   23375,  4.76,   -7056, -1.44
 863,350.00,   16500,  1.65,   22962,  4.67,   -6462, -1.31
 864,351.00,   16691,  1.67,   22691,  4.62,   -6000, -1.22
 865,352.00,   16364,  1.64,   22392,  4.56,   -6028, -1.23
 866,353.00,   15703,  1.57,   22193,  4.52,   -6490, -1.32
 867,354.00,   15265,  1.53,   21747,  4.42,   -6482, -1.32
 868,355.00,   15670,  1.57,   21397,  4.35,   -5727, -1.17
 869,356.00,   16157,  1.62,   21207,  4.31,   -5050, -1.03
 870,357.00,   16200,  1.62,   20674,  4.21,   -4474, -0.91
 871,358.00,   15527,  1.55,   19701,  4.01,   -4174, -0.85
 872,359.00,   15200,  1.52,   19165,  3.90,   -3965, -0.81
 873,360.00,   14933,  1.49,   18641,  3.79,   -3708, -0.75
 874,361.00,   14480,  1.45,   17795,  3.62,   -3315, -0.67
 875,362.00,   13925,  1.39,   16880,  3.43,   -2955, -0.60
 876,363.00,   13319,  1.33,   16222,  3.30,   -2903, -0.59
 877,364.00,   12975,  1.30,   15775,  3.21,   -2800, -0.57
 878,365.00,   12842,  1.28,   15108,  3.07,   -2266, -0.46
 879,366.00,   13219,  1.32,   14556,  2.96,   -1337, -0.27
 880,367.00,   13765,  1.38,   14258,  2.90,    -493, -0.10
 881,368.00,   13770,  1.38,   13800,  2.81,     -30, -0.00
 882,369.00,   13240,  1.32,   12779,  2.60,     461,  0.09
 883,370.00,   13143,  1.32,   12111,  2.46,    1032,  0.21
 884,371.00,   13324,  1.33,   11749,  2.39,    1575,  0.32
 885,372.00,   13331,  1.33,   11516,  2.34,    1815,  0.37
 886,373.00,   13425,  1.34,   11500,  2.34,    1925,  0.39
 887,374.00,   14066,  1.41,   11592,  2.36,    2474,  0.50
 888,375.00,   14664,  1.47,   11583,  2.36,    3081,  0.63
 889,376.00,   14932,  1.49,   11724,  2.39,    3208,  0.65
 890,377.00,   15044,  1.51,   11686,  2.38,    3358,  0.68
 891,378.00,   15136,  1.51,   11414,  2.32,    3722,  0.76
 892,379.00,   15286,  1.53,   11243,  2.29,    4043,  0.82
 893,380.00,   14982,  1.50,   11135,  2.27,    3847,  0.78
 894,381.00,   14496,  1.45,   11107,  2.26,    3389,  0.69
 895,382.00,   13234,  1.32,   10617,  2.16,    2617,  0.53
 896,383.00,   12132,  1.21,   10114,  2.06,    2018,  0.41
 897,384.00,   11007,  1.10,    9417,  1.92,    1590,  0.32
 898,385.00,   10018,  1.00,    8548,  1.74,    1470,  0.30
 899,386.00,    8789,  0.88,    7534,  1.53,    1255,  0.26
 900,387.00,    7802,  0.78,    6999,  1.42,     803,  0.16
 901,388.00,    6117,  0.61,    6225,  1.27,    -108, -0.02
 902,389.00,    4350,  0.44,    5235,  1.07,    -885, -0.18
 903,390.00,    2784,  0.28,    4333,  0.88,   -1549, -0.32
 904,391.00,    1426,  0.14,    3830,  0.78,   -2404, -0.49
 905,392.00,      -6, -0.00,    3531,  0.72,   -3537, -0.72
 906,393.00,   -1682, -0.17,    3104,  0.63,   -4786, -0.97
 907,394.00,   -3385, -0.34,    2555,  0.52,   -5940, -1.21
 908,395.00,   -5449, -0.55,    1619,  0.33,   -7068, -1.44
 909,396.00,   -7312, -0.73,     786,  0.16,   -8098, -1.65
 910,397.00,   -8586, -0.86,     508,  0.10,   -9094, -1.85
 911,398.00,  -10510, -1.05,    -115, -0.02,  -10395, -2.11
 912,399.00,  -12067, -1.21,    -961, -0.20,  -11106, -2.26
 913,400.00,  -13554, -1.36,   -1567, -0.32,  -11987, -2.44
 914,401.00,  -14798, -1.48,   -2034, -0.41,  -12764, -2.60
 915,402.00,  -15880, -1.59,   -2242, -0.46,  -13638, -2.77
 916,403.00,  -16829, -1.68,   -2675, -0.54,  -14154, -2.88
 917,404.00,  -17807, -1.78,   -3168, -0.64,  -14639, -2.98
 918,405.00,  -19309, -1.93,   -3931, -0.80,  -15378, -3.13
 919,406.00,  -20753, -2.08,   -4331, -0.88,  -16422, -3.34
 920,407.00,  -22718, -2.27,   -5080, -1.03,  -17638, -3.59
 921,408.00,  -24793, -2.48,   -5812, -1.18,  -18981, -3.86
 922,409.00,  -26197, -2.62,   -6327, -1.29,  -19870, -4.04
 923,410.00,  -27195, -2.72,   -6655, -1.35,  -20540, -4.18
 924,411.00,  -28150, -2.82,   -6910, -1.41,  -21240, -4.32
 925,412.00,  -29264, -2.93,   -7449, -1.52,  -21815, -4.44
 926,413.00,  -30721, -3.07,   -7965, -1.62,  -22756, -4.63
 927,414.00,  -31775, -3.18,   -8099, -1.65,  -23676, -4.82
 928,415.00,  -32893, -3.29,   -8408, -1.71,  -24485, -4.98
 929,416.00,  -34114, -3.41,   -8842, -1.80,  -25272, -5.14
 930,417.00,  -35270, -3.53,   -9292, -1.89,  -25978, -5.29
 931,418.00,  -36197, -3.62,   -9468, -1.93,  -26729, -5.44
 932,419.00,  -36933, -3.70,   -9530, -1.94,  -27403, -5.58
 933,420.00,  -38168, -3.82,  -10027, -2.04,  -28141, -5.73
 934,421.00,  -39804, -3.98,  -10598, -2.16,  -29206, -5.94
 935,422.00,  -41395, -4.14,  -11055, -2.25,  -30340, -6.17
 936,423.00,  -43247, -4.33,  -11527, -2.35,  -31720, -6.45
 937,424.00,  -44515, -4.45,  -11866, -2.41,  -32649, -6.64
 938,425.00,  -45593, -4.56,  -12532, -2.55,  -33061, -6.73
 939,426.00,  -46285, -4.63,  -13084, -2.66,  -33201, -6.75
 940,427.00,  -46873, -4.69,  -13697, -2.79,  -33176, -6.75
 941,428.00,  -47496, -4.75,  -13937, -2.84,  -33559, -6.83
 942,429.00,  -48301, -4.83,  -14553, -2.96,  -33748, -6.87
 943,430.00,  -49468, -4.95,  -15380, -3.13,  -34088, -6.94
 944,431.00,  -50974, -5.10,  -16048, -3.27,  -34926, -7.11
 945,432.00,  -52312, -5.23,  -16715, -3.40,  -35597, -7.24
 946,433.00,  -53296, -5.33,  -17445, -3.55,  -35851, -7.29
 947,434.00,  -54201, -5.42,  -18281, -3.72,  -35920, -7.31
 948,435.00,  -54742, -5.48,  -18870, -3.84,  -35872, -7.30
 949,436.00,  -55323, -5.54,  -19304, -3.93,  -36019, -7.33
 950,437.00,  -56030, -5.61,  -19959, -4.06,  -36071, -7.34
 951,438.00,  -56372, -5.64,  -20210, -4.11,  -36162, -7.36
 952,439.00,  -57090, -5.71,  -20704, -4.21,  -36386, -7.40
 953,440.00,  -58391, -5.84,  -21459, -4.37,  -36932, -7.51
 954,441.00,  -59584, -5.96,  -21815, -4.44,  -37769, -7.68
 955,442.00,  -60908, -6.09,  -22365, -4.55,  -38543, -7.84
 956,443.00,  -61835, -6.19,  -22993, -4.68,  -38842, -7.90
 957,444.00,  -62696, -6.27,  -24090, -4.90,  -38606, -7.85
 958,445.00,  -64281, -6.43,  -25511, -5.19,  -38770, -7.89
 959,446.00,  -65598, -6.56,  -26591, -5.41,  -39007, -7.94
 960,447.00,  -67252, -6.73,  -27478, -5.59,  -39774, -8.09
 961,448.00,  -68705, -6.87,  -28323, -5.76,  -40382, -8.22
 962,449.00,  -69692, -6.97,  -29048, -5.91,  -40644, -8.27
 963,450.00,  -70041, -7.01,  -29835, -6.07,  -40206, -8.18
 964,451.00,  -71081, -7.11,  -30592, -6.22,  -40489, -8.24
 965,452.00,  -72811, -7.29,  -31631, -6.44,  -41180, -8.38
 966,453.00,  -74321, -7.44,  -32521, -6.62,  -41800, -8.50
 967,454.00,  -75525, -7.56,  -33122, -6.74,  -42403, -8.63
 968,455.00,  -76427, -7.65,  -33522, -6.82,  -42905, -8.73
 969,456.00,  -77728, -7.78,  -34067, -6.93,  -43661, -8.88
 970,457.00,  -79720, -7.98,  -35184, -7.16,  -44536, -9.06
 971,458.00,  -81963, -8.20,  -36656, -7.46,  -45307, -9.22
 972,459.00,  -83569, -8.36,  -37913, -7.71,  -45656, -9.29
 973,460.00,  -84885, -8.49,  -38920, -7.92,  -45965, -9.35
 974,461.00,  -86221, -8.63,  -39669, -8.07,  -46552, -9.47
 975,462.00,  -87446, -8.75,  -40456, -8.23,  -46990, -9.56
 976,463.00,  -88252, -8.83,  -41322, -8.41,  -46930, -9.55
 977,464.00,  -89074, -8.91,  -42291, -8.60,  -46783, -9.52
 978,465.00,  -89718, -8.98,  -43133, -8.78,  -46585, -9.48
 979,466.00,  -90796, -9.09,  -44104, -8.97,  -46692, -9.50
 980,467.00,  -91540, -9.16,  -45133, -9.18,  -46407, -9.44
 981,468.00,  -92486, -9.25,  -46444, -9.45,  -46042, -9.37
 982,469.00,  -92947, -9.30,  -47768, -9.72,  -45179, -9.19
 983,470.00,  -93448, -9.35,  -49026, -9.97,  -44422, -9.04
 984,471.00,  -93419, -9.35,  -49774,-10.13,  -43645, -8.88
 985,472.00,  -93420, -9.35,  -50232,-10.22,  -43188, -8.79
 986,473.00,  -93422, -9.35,  -51019,-10.38,  -42403, -8.63
 987,474.00,  -93148, -9.32,  -51675,-10.51,  -41473, -8.44
 988,475.00,  -92744, -9.28,  -51754,-10.53,  -40990, -8.34
 989,476.00,  -92145, -9.22,  -51557,-10.49,  -40588, -8.26
 990,477.00,  -91727, -9.18,  -51589,-10.50,  -40138, -8.17
 991,478.00,  -91425, -9.15,  -51827,-10.54,  -39598, -8.06
 992,479.00,  -91219, -9.13,  -52080,-10.60,  -39139, -7.96
 993,480.00,  -91049, -9.11,  -52355,-10.65,  -38694, -7.87
 994,481.00,  -90307, -9.04,  -52281,-10.64,  -38026, -7.74
 995,482.00,  -88436, -8.85,  -51623,-10.50,  -36813, -7.49
 996,483.00,  -87192, -8.72,  -51045,-10.39,  -36147, -7.35
 997,484.00,  -85822, -8.59,  -50498,-10.27,  -35324, -7.19
 998,485.00,  -84244, -8.43,  -49957,-10.16,  -34287, -6.98
 999,486.00,  -81919, -8.20,  -48894, -9.95,  -33025, -6.72
1000,487.00,  -79876, -7.99,  -47909, -9.75,  -31967, -6.50
1001,488.00,  -77755, -7.78,  -47028, -9.57,  -30727, -6.25
1002,489.00,  -75398, -7.54,  -46007, -9.36,  -29391, -5.98
1003,490.00,  -73351, -7.34,  -45087, -9.17,  -28264, -5.75
1004,491.00,  -71353, -7.14,  -44243, -9.00,  -27110, -5.52
1005,492.00,  -69396, -6.94,  -43280, -8.81,  -26116, -5.31
1006,493.00,  -67261, -6.73,  -42411, -8.63,  -24850, -5.06
1007,494.00,  -64628, -6.47,  -41373, -8.42,  -23255, -4.73
1008,495.00,  -62012, -6.20,  -40294, -8.20,  -21718, -4.42
1009,496.00,  -58912, -5.89,  -38981, -7.93,  -19931, -4.06
1010,497.00,  -55851, -5.59,  -37858, -7.70,  -17993, -3.66
1011,498.00,  -52891, -5.29,  -37128, -7.55,  -15763, -3.21
1012,499.00,  -50497, -5.05,  -36565, -7.44,  -13932, -2.83
1013,500.00,  -48504, -4.85,  -35966, -7.32,  -12538, -2.55
1014,501.00,  -47389, -4.74,  -35800, -7.28,  -11589, -2.36
1015,502.00,  -46213, -4.62,  -35406, -7.20,  -10807, -2.20
1016,503.00,  -44640, -4.47,  -34773, -7.07,   -9867, -2.01
1017,504.00,  -42648, -4.27,  -33901, -6.90,   -8747, -1.78
1018,505.00,  -40971, -4.10,  -32621, -6.64,   -8350, -1.70
1019,506.00,  -39363, -3.94,  -31220, -6.35,   -8143, -1.66
1020,507.00,  -37505, -3.75,  -30129, -6.13,   -7376, -1.50
1021,508.00,  -35570, -3.56,  -28899, -5.88,   -6671, -1.36
1022,509.00,  -33814, -3.38,  -27531, -5.60,   -6283, -1.28
1023,510.00,  -32442, -3.25,  -26477, -5.39,   -5965, -1.21
1024,511.00,  -31825, -3.18,  -25610, -5.21,   -6215, -1.26
