-----------------------------------------------------------------------------------
Identifier:,IHS5922-20197202
File Name:,IARP70A.2
Ear:,R
Channel:,1
Intensity:,70 dB HL
Stim. Rate:,  1.10/s
Stim. Mode:,0
Sweeps:,60
Artifacts:,4
Smp. Period:,1000.00 us
Amp. Gain:, 50.00 K
Low Pass:, 30.00 Hz
High Pass:,  1.00 Hz
Notch Filter:,TRUE
Stimulus:,100
Stim. Freq.:,1000 Hz
Stim. Dur.:,2000 pnts
Masking:,0 dB SPL
Stim. Point:,513
-----------------------------------------------------------------------------------
Peak Information:,Label,Peak(+),Peak(+)(ms),Peak(-),Peak(-)(ms)
,21, 804,291.00, 857,344.00,
-----------------------------------------------------------------------------------


Data Pnt:,Data Pnt(ms):,Average:,Average(uV):,Buffer1:,Buffer1(uV):,Buffer2:,Buffer2(uV):
   1,-512.00,       0,  0.00,       0,  0.00,       0,  0.00
   2,-511.00,       0,  0.00,       0,  0.00,       0,  0.00
   3,-510.00,       0,  0.00,       0,  0.00,       0,  0.00
   4,-509.00,       0,  0.00,       0,  0.00,       0,  0.00
   5,-508.00,       0,  0.00,       0,  0.00,       0,  0.00
   6,-507.00,       0,  0.00,       0,  0.00,       0,  0.00
   7,-506.00,       0,  0.00,       0,  0.00,       0,  0.00
   8,-505.00,       0,  0.00,       0,  0.00,       0,  0.00
   9,-504.00,       0,  0.00,       0,  0.00,       0,  0.00
  10,-503.00,       0,  0.00,       0,  0.00,       0,  0.00
  11,-502.00,       0,  0.00,       0,  0.00,       0,  0.00
  12,-501.00,       0,  0.00,       0,  0.00,       0,  0.00
  13,-500.00,       0,  0.00,       0,  0.00,       0,  0.00
  14,-499.00,       0,  0.00,       0,  0.00,       0,  0.00
  15,-498.00,       0,  0.00,       0,  0.00,       0,  0.00
  16,-497.00,       0,  0.00,       0,  0.00,       0,  0.00
  17,-496.00,       0,  0.00,       0,  0.00,       0,  0.00
  18,-495.00,       0,  0.00,       0,  0.00,       0,  0.00
  19,-494.00,       0,  0.00,       0,  0.00,       0,  0.00
  20,-493.00,       0,  0.00,       0,  0.00,       0,  0.00
  21,-492.00,       0,  0.00,       0,  0.00,       0,  0.00
  22,-491.00,       0,  0.00,       0,  0.00,       0,  0.00
  23,-490.00,       0,  0.00,       0,  0.00,       0,  0.00
  24,-489.00,       0,  0.00,       0,  0.00,       0,  0.00
  25,-488.00,       0,  0.00,       0,  0.00,       0,  0.00
  26,-487.00,       0,  0.00,       0,  0.00,       0,  0.00
  27,-486.00,       0,  0.00,       0,  0.00,       0,  0.00
  28,-485.00,       0,  0.00,       0,  0.00,       0,  0.00
  29,-484.00,       0,  0.00,       0,  0.00,       0,  0.00
  30,-483.00,       0,  0.00,       0,  0.00,       0,  0.00
  31,-482.00,       0,  0.00,       0,  0.00,       0,  0.00
  32,-481.00,       0,  0.00,       0,  0.00,       0,  0.00
  33,-480.00,       0,  0.00,       0,  0.00,       0,  0.00
  34,-479.00,       0,  0.00,       0,  0.00,       0,  0.00
  35,-478.00,       0,  0.00,       0,  0.00,       0,  0.00
  36,-477.00,       0,  0.00,       0,  0.00,       0,  0.00
  37,-476.00,       0,  0.00,       0,  0.00,       0,  0.00
  38,-475.00,       0,  0.00,       0,  0.00,       0,  0.00
  39,-474.00,       0,  0.00,       0,  0.00,       0,  0.00
  40,-473.00,       0,  0.00,       0,  0.00,       0,  0.00
  41,-472.00,       0,  0.00,       0,  0.00,       0,  0.00
  42,-471.00,       0,  0.00,       0,  0.00,       0,  0.00
  43,-470.00,       0,  0.00,       0,  0.00,       0,  0.00
  44,-469.00,       0,  0.00,       0,  0.00,       0,  0.00
  45,-468.00,       0,  0.00,       0,  0.00,       0,  0.00
  46,-467.00,       0,  0.00,       0,  0.00,       0,  0.00
  47,-466.00,       0,  0.00,       0,  0.00,       0,  0.00
  48,-465.00,       0,  0.00,       0,  0.00,       0,  0.00
  49,-464.00,       0,  0.00,       0,  0.00,       0,  0.00
  50,-463.00,       0,  0.00,       0,  0.00,       0,  0.00
  51,-462.00,       0,  0.00,       0,  0.00,       0,  0.00
  52,-461.00,       0,  0.00,       0,  0.00,       0,  0.00
  53,-460.00,       0,  0.00,       0,  0.00,       0,  0.00
  54,-459.00,       0,  0.00,       0,  0.00,       0,  0.00
  55,-458.00,       0,  0.00,       0,  0.00,       0,  0.00
  56,-457.00,       0,  0.00,       0,  0.00,       0,  0.00
  57,-456.00,       0,  0.00,       0,  0.00,       0,  0.00
  58,-455.00,       0,  0.00,       0,  0.00,       0,  0.00
  59,-454.00,       0,  0.00,       0,  0.00,       0,  0.00
  60,-453.00,       0,  0.00,       0,  0.00,       0,  0.00
  61,-452.00,       0,  0.00,       0,  0.00,       0,  0.00
  62,-451.00,       0,  0.00,       0,  0.00,       0,  0.00
  63,-450.00,       0,  0.00,       0,  0.00,       0,  0.00
  64,-449.00,       0,  0.00,       0,  0.00,       0,  0.00
  65,-448.00,       0,  0.00,       0,  0.00,       0,  0.00
  66,-447.00,       0,  0.00,       0,  0.00,       0,  0.00
  67,-446.00,       0,  0.00,       0,  0.00,       0,  0.00
  68,-445.00,       0,  0.00,       0,  0.00,       0,  0.00
  69,-444.00,       0,  0.00,       0,  0.00,       0,  0.00
  70,-443.00,       0,  0.00,       0,  0.00,       0,  0.00
  71,-442.00,       0,  0.00,       0,  0.00,       0,  0.00
  72,-441.00,       0,  0.00,       0,  0.00,       0,  0.00
  73,-440.00,       0,  0.00,       0,  0.00,       0,  0.00
  74,-439.00,       0,  0.00,       0,  0.00,       0,  0.00
  75,-438.00,       0,  0.00,       0,  0.00,       0,  0.00
  76,-437.00,       0,  0.00,       0,  0.00,       0,  0.00
  77,-436.00,       0,  0.00,       0,  0.00,       0,  0.00
  78,-435.00,       0,  0.00,       0,  0.00,       0,  0.00
  79,-434.00,       0,  0.00,       0,  0.00,       0,  0.00
  80,-433.00,       0,  0.00,       0,  0.00,       0,  0.00
  81,-432.00,       0,  0.00,       0,  0.00,       0,  0.00
  82,-431.00,       0,  0.00,       0,  0.00,       0,  0.00
  83,-430.00,       0,  0.00,       0,  0.00,       0,  0.00
  84,-429.00,       0,  0.00,       0,  0.00,       0,  0.00
  85,-428.00,       0,  0.00,       0,  0.00,       0,  0.00
  86,-427.00,       0,  0.00,       0,  0.00,       0,  0.00
  87,-426.00,       0,  0.00,       0,  0.00,       0,  0.00
  88,-425.00,       0,  0.00,       0,  0.00,       0,  0.00
  89,-424.00,       0,  0.00,       0,  0.00,       0,  0.00
  90,-423.00,       0,  0.00,       0,  0.00,       0,  0.00
  91,-422.00,       0,  0.00,       0,  0.00,       0,  0.00
  92,-421.00,       0,  0.00,       0,  0.00,       0,  0.00
  93,-420.00,       0,  0.00,       0,  0.00,       0,  0.00
  94,-419.00,       0,  0.00,       0,  0.00,       0,  0.00
  95,-418.00,       0,  0.00,       0,  0.00,       0,  0.00
  96,-417.00,       0,  0.00,       0,  0.00,       0,  0.00
  97,-416.00,       0,  0.00,       0,  0.00,       0,  0.00
  98,-415.00,       0,  0.00,       0,  0.00,       0,  0.00
  99,-414.00,       0,  0.00,       0,  0.00,       0,  0.00
 100,-413.00,       0,  0.00,       0,  0.00,       0,  0.00
 101,-412.00,       0,  0.00,       0,  0.00,       0,  0.00
 102,-411.00,       0,  0.00,       0,  0.00,       0,  0.00
 103,-410.00,       0,  0.00,       0,  0.00,       0,  0.00
 104,-409.00,       0,  0.00,       0,  0.00,       0,  0.00
 105,-408.00,       0,  0.00,       0,  0.00,       0,  0.00
 106,-407.00,       0,  0.00,       0,  0.00,       0,  0.00
 107,-406.00,       0,  0.00,       0,  0.00,       0,  0.00
 108,-405.00,       0,  0.00,       0,  0.00,       0,  0.00
 109,-404.00,       0,  0.00,       0,  0.00,       0,  0.00
 110,-403.00,       0,  0.00,       0,  0.00,       0,  0.00
 111,-402.00,       0,  0.00,       0,  0.00,       0,  0.00
 112,-401.00,       0,  0.00,       0,  0.00,       0,  0.00
 113,-400.00,       0,  0.00,       0,  0.00,       0,  0.00
 114,-399.00,       0,  0.00,       0,  0.00,       0,  0.00
 115,-398.00,       0,  0.00,       0,  0.00,       0,  0.00
 116,-397.00,    2738,  0.28,    6280,  1.28,   -3542, -0.72
 117,-396.00,    1093,  0.11,    4908,  1.00,   -3815, -0.78
 118,-395.00,     610,  0.06,    4226,  0.86,   -3616, -0.74
 119,-394.00,     447,  0.05,    3766,  0.77,   -3319, -0.68
 120,-393.00,    -481, -0.05,    2818,  0.57,   -3299, -0.67
 121,-392.00,   -1177, -0.12,    2119,  0.43,   -3296, -0.67
 122,-391.00,   -2012, -0.20,    1127,  0.23,   -3139, -0.64
 123,-390.00,   -3182, -0.32,      83,  0.02,   -3265, -0.66
 124,-389.00,   -3779, -0.38,    -483, -0.10,   -3296, -0.67
 125,-388.00,   -3526, -0.36,    -159, -0.03,   -3367, -0.69
 126,-387.00,   -4005, -0.41,    -427, -0.09,   -3578, -0.73
 127,-386.00,   -4527, -0.46,    -945, -0.19,   -3582, -0.73
 128,-385.00,   -4192, -0.43,    -868, -0.18,   -3324, -0.68
 129,-384.00,   -3905, -0.40,    -863, -0.18,   -3042, -0.62
 130,-383.00,   -3205, -0.33,    -892, -0.18,   -2313, -0.47
 131,-382.00,   -2361, -0.24,    -576, -0.12,   -1785, -0.36
 132,-381.00,   -1541, -0.16,    -220, -0.04,   -1321, -0.27
 133,-380.00,   -1623, -0.17,    -483, -0.10,   -1140, -0.23
 134,-379.00,   -1213, -0.12,    -667, -0.14,    -546, -0.11
 135,-378.00,    -221, -0.02,    -275, -0.06,      54,  0.01
 136,-377.00,     597,  0.06,      35,  0.00,     562,  0.11
 137,-376.00,    1721,  0.18,     262,  0.05,    1459,  0.30
 138,-375.00,    3132,  0.32,     640,  0.13,    2492,  0.51
 139,-374.00,    3826,  0.39,     473,  0.10,    3353,  0.68
 140,-373.00,    4374,  0.44,     -20, -0.00,    4394,  0.89
 141,-372.00,    5070,  0.52,    -134, -0.03,    5204,  1.06
 142,-371.00,    5961,  0.61,     155,  0.03,    5806,  1.18
 143,-370.00,    6224,  0.63,       5,  0.00,    6219,  1.27
 144,-369.00,    7161,  0.73,    -124, -0.03,    7285,  1.48
 145,-368.00,    8586,  0.87,      52,  0.01,    8534,  1.74
 146,-367.00,    9730,  0.99,    -249, -0.05,    9979,  2.03
 147,-366.00,   11185,  1.14,    -660, -0.13,   11845,  2.41
 148,-365.00,   12361,  1.26,    -688, -0.14,   13049,  2.65
 149,-364.00,   12494,  1.27,    -726, -0.15,   13220,  2.69
 150,-363.00,   12274,  1.25,   -1197, -0.24,   13471,  2.74
 151,-362.00,   13574,  1.38,   -1104, -0.22,   14678,  2.99
 152,-361.00,   14588,  1.48,    -719, -0.15,   15307,  3.11
 153,-360.00,   14881,  1.51,    -749, -0.15,   15630,  3.18
 154,-359.00,   15522,  1.58,    -525, -0.11,   16047,  3.26
 155,-358.00,   16123,  1.64,    -179, -0.04,   16302,  3.32
 156,-357.00,   16514,  1.68,    -239, -0.05,   16753,  3.41
 157,-356.00,   16631,  1.69,    -458, -0.09,   17089,  3.48
 158,-355.00,   17717,  1.80,     -28, -0.00,   17745,  3.61
 159,-354.00,   18012,  1.83,     121,  0.02,   17891,  3.64
 160,-353.00,   17671,  1.80,    -493, -0.10,   18164,  3.70
 161,-352.00,   17163,  1.75,   -1127, -0.23,   18290,  3.72
 162,-351.00,   16423,  1.67,   -1825, -0.37,   18248,  3.71
 163,-350.00,   15351,  1.56,   -2783, -0.57,   18134,  3.69
 164,-349.00,   14465,  1.47,   -3389, -0.69,   17854,  3.63
 165,-348.00,   13830,  1.41,   -3445, -0.70,   17275,  3.51
 166,-347.00,   12183,  1.24,   -4153, -0.84,   16336,  3.32
 167,-346.00,   10208,  1.04,   -5222, -1.06,   15430,  3.14
 168,-345.00,    8812,  0.90,   -5799, -1.18,   14611,  2.97
 169,-344.00,    7041,  0.72,   -6722, -1.37,   13763,  2.80
 170,-343.00,    4549,  0.46,   -8119, -1.65,   12668,  2.58
 171,-342.00,    2364,  0.24,   -8950, -1.82,   11314,  2.30
 172,-341.00,     410,  0.04,   -9545, -1.94,    9955,  2.03
 173,-340.00,   -1567, -0.16,  -10434, -2.12,    8867,  1.80
 174,-339.00,   -3005, -0.31,  -11046, -2.25,    8041,  1.64
 175,-338.00,   -4434, -0.45,  -11304, -2.30,    6870,  1.40
 176,-337.00,   -6385, -0.65,  -11522, -2.34,    5137,  1.05
 177,-336.00,   -8542, -0.87,  -12186, -2.48,    3644,  0.74
 178,-335.00,  -10239, -1.04,  -12428, -2.53,    2189,  0.45
 179,-334.00,  -11723, -1.19,  -12507, -2.54,     784,  0.16
 180,-333.00,  -13503, -1.37,  -12887, -2.62,    -616, -0.13
 181,-332.00,  -14343, -1.46,  -12910, -2.63,   -1433, -0.29
 182,-331.00,  -14537, -1.48,  -12469, -2.54,   -2068, -0.42
 183,-330.00,  -15992, -1.63,  -12768, -2.60,   -3224, -0.66
 184,-329.00,  -17005, -1.73,  -13098, -2.66,   -3907, -0.79
 185,-328.00,  -17722, -1.80,  -13288, -2.70,   -4434, -0.90
 186,-327.00,  -18472, -1.88,  -13496, -2.75,   -4976, -1.01
 187,-326.00,  -19595, -1.99,  -13809, -2.81,   -5786, -1.18
 188,-325.00,  -19972, -2.03,  -13778, -2.80,   -6194, -1.26
 189,-324.00,  -19874, -2.02,  -13512, -2.75,   -6362, -1.29
 190,-323.00,  -20054, -2.04,  -13875, -2.82,   -6179, -1.26
 191,-322.00,  -19940, -2.03,  -13919, -2.83,   -6021, -1.23
 192,-321.00,  -19773, -2.01,  -13706, -2.79,   -6067, -1.23
 193,-320.00,  -20294, -2.06,  -13894, -2.83,   -6400, -1.30
 194,-319.00,  -20318, -2.07,  -14038, -2.86,   -6280, -1.28
 195,-318.00,  -19661, -2.00,  -14006, -2.85,   -5655, -1.15
 196,-317.00,  -19310, -1.96,  -14489, -2.95,   -4821, -0.98
 197,-316.00,  -18700, -1.90,  -14710, -2.99,   -3990, -0.81
 198,-315.00,  -17647, -1.80,  -14306, -2.91,   -3341, -0.68
 199,-314.00,  -16928, -1.72,  -13966, -2.84,   -2962, -0.60
 200,-313.00,  -16223, -1.65,  -13662, -2.78,   -2561, -0.52
 201,-312.00,  -14606, -1.49,  -12899, -2.62,   -1707, -0.35
 202,-311.00,  -13030, -1.33,  -12062, -2.45,    -968, -0.20
 203,-310.00,  -11855, -1.21,  -11764, -2.39,     -91, -0.02
 204,-309.00,  -10697, -1.09,  -11292, -2.30,     595,  0.12
 205,-308.00,   -9436, -0.96,  -10602, -2.16,    1166,  0.24
 206,-307.00,   -7857, -0.80,   -9834, -2.00,    1977,  0.40
 207,-306.00,   -6097, -0.62,   -9367, -1.91,    3270,  0.67
 208,-305.00,   -3795, -0.39,   -8248, -1.68,    4453,  0.91
 209,-304.00,   -1803, -0.18,   -6923, -1.41,    5120,  1.04
 210,-303.00,    -347, -0.04,   -6254, -1.27,    5907,  1.20
 211,-302.00,    1851,  0.19,   -5351, -1.09,    7202,  1.47
 212,-301.00,    4527,  0.46,   -3952, -0.80,    8479,  1.73
 213,-300.00,    7405,  0.75,   -2650, -0.54,   10055,  2.05
 214,-299.00,   10297,  1.05,   -1475, -0.30,   11772,  2.40
 215,-298.00,   12873,  1.31,    -384, -0.08,   13257,  2.70
 216,-297.00,   14905,  1.52,     244,  0.05,   14661,  2.98
 217,-296.00,   16895,  1.72,     665,  0.14,   16230,  3.30
 218,-295.00,   19602,  1.99,    1494,  0.30,   18108,  3.68
 219,-294.00,   22582,  2.30,    2576,  0.52,   20006,  4.07
 220,-293.00,   25247,  2.57,    3667,  0.75,   21580,  4.39
 221,-292.00,   27244,  2.77,    4770,  0.97,   22474,  4.57
 222,-291.00,   29389,  2.99,    5481,  1.12,   23908,  4.86
 223,-290.00,   31448,  3.20,    5628,  1.15,   25820,  5.25
 224,-289.00,   33854,  3.44,    6208,  1.26,   27646,  5.62
 225,-288.00,   36578,  3.72,    7361,  1.50,   29217,  5.94
 226,-287.00,   37771,  3.84,    7827,  1.59,   29944,  6.09
 227,-286.00,   38483,  3.91,    7886,  1.60,   30597,  6.23
 228,-285.00,   39952,  4.06,    8152,  1.66,   31800,  6.47
 229,-284.00,   41150,  4.19,    8523,  1.73,   32627,  6.64
 230,-283.00,   41624,  4.23,    8672,  1.76,   32952,  6.70
 231,-282.00,   42517,  4.33,    9140,  1.86,   33377,  6.79
 232,-281.00,   43289,  4.40,    9745,  1.98,   33544,  6.82
 233,-280.00,   43483,  4.42,    9742,  1.98,   33741,  6.86
 234,-279.00,   44198,  4.50,    9916,  2.02,   34282,  6.97
 235,-278.00,   45423,  4.62,   10262,  2.09,   35161,  7.15
 236,-277.00,   45905,  4.67,   10185,  2.07,   35720,  7.27
 237,-276.00,   45458,  4.62,    9916,  2.02,   35542,  7.23
 238,-275.00,   45479,  4.63,   10307,  2.10,   35172,  7.16
 239,-274.00,   45999,  4.68,   10817,  2.20,   35182,  7.16
 240,-273.00,   45532,  4.63,   10656,  2.17,   34876,  7.10
 241,-272.00,   45834,  4.66,   10958,  2.23,   34876,  7.10
 242,-271.00,   46538,  4.73,   11793,  2.40,   34745,  7.07
 243,-270.00,   45907,  4.67,   12253,  2.49,   33654,  6.85
 244,-269.00,   45102,  4.59,   12569,  2.56,   32533,  6.62
 245,-268.00,   45028,  4.58,   12727,  2.59,   32301,  6.57
 246,-267.00,   44746,  4.55,   12522,  2.55,   32224,  6.56
 247,-266.00,   44000,  4.48,   12192,  2.48,   31808,  6.47
 248,-265.00,   43332,  4.41,   12401,  2.52,   30931,  6.29
 249,-264.00,   42355,  4.31,   12761,  2.60,   29594,  6.02
 250,-263.00,   41007,  4.17,   12807,  2.61,   28200,  5.74
 251,-262.00,   40345,  4.10,   13195,  2.68,   27150,  5.52
 252,-261.00,   40050,  4.07,   14103,  2.87,   25947,  5.28
 253,-260.00,   38719,  3.94,   14798,  3.01,   23921,  4.87
 254,-259.00,   37506,  3.82,   15455,  3.14,   22051,  4.49
 255,-258.00,   36457,  3.71,   16135,  3.28,   20322,  4.13
 256,-257.00,   34985,  3.56,   16111,  3.28,   18874,  3.84
 257,-256.00,   34036,  3.46,   16057,  3.27,   17979,  3.66
 258,-255.00,   34336,  3.49,   16953,  3.45,   17383,  3.54
 259,-254.00,   33645,  3.42,   17575,  3.58,   16070,  3.27
 260,-253.00,   32122,  3.27,   17706,  3.60,   14416,  2.93
 261,-252.00,   30860,  3.14,   17955,  3.65,   12905,  2.63
 262,-251.00,   30013,  3.05,   18272,  3.72,   11741,  2.39
 263,-250.00,   28867,  2.94,   18265,  3.72,   10602,  2.16
 264,-249.00,   27241,  2.77,   17906,  3.64,    9335,  1.90
 265,-248.00,   26649,  2.71,   18108,  3.68,    8541,  1.74
 266,-247.00,   25737,  2.62,   18025,  3.67,    7712,  1.57
 267,-246.00,   23959,  2.44,   17017,  3.46,    6942,  1.41
 268,-245.00,   23084,  2.35,   16503,  3.36,    6581,  1.34
 269,-244.00,   21915,  2.23,   16252,  3.31,    5663,  1.15
 270,-243.00,   19941,  2.03,   15549,  3.16,    4392,  0.89
 271,-242.00,   18018,  1.83,   14674,  2.99,    3344,  0.68
 272,-241.00,   16562,  1.68,   14097,  2.87,    2465,  0.50
 273,-240.00,   14833,  1.51,   13204,  2.69,    1629,  0.33
 274,-239.00,   13162,  1.34,   12389,  2.52,     773,  0.16
 275,-238.00,   12198,  1.24,   12207,  2.48,      -9, -0.00
 276,-237.00,   10668,  1.09,   11723,  2.39,   -1055, -0.21
 277,-236.00,    8767,  0.89,   10580,  2.15,   -1813, -0.37
 278,-235.00,    7914,  0.81,    9761,  1.99,   -1847, -0.38
 279,-234.00,    7083,  0.72,    9043,  1.84,   -1960, -0.40
 280,-233.00,    5584,  0.57,    8028,  1.63,   -2444, -0.50
 281,-232.00,    4219,  0.43,    7257,  1.48,   -3038, -0.62
 282,-231.00,    3175,  0.32,    6944,  1.41,   -3769, -0.77
 283,-230.00,    1648,  0.17,    5913,  1.20,   -4265, -0.87
 284,-229.00,    1666,  0.17,    4990,  1.02,   -3324, -0.68
 285,-228.00,    2163,  0.22,    4923,  1.00,   -2760, -0.56
 286,-227.00,    1956,  0.20,    4903,  1.00,   -2947, -0.60
 287,-226.00,     978,  0.10,    4279,  0.87,   -3301, -0.67
 288,-225.00,     511,  0.05,    3943,  0.80,   -3432, -0.70
 289,-224.00,      70,  0.00,    3667,  0.75,   -3597, -0.73
 290,-223.00,    -968, -0.10,    2813,  0.57,   -3781, -0.77
 291,-222.00,   -1165, -0.12,    2614,  0.53,   -3779, -0.77
 292,-221.00,    -770, -0.08,    3373,  0.69,   -4143, -0.84
 293,-220.00,    -985, -0.10,    3737,  0.76,   -4722, -0.96
 294,-219.00,   -1125, -0.11,    3877,  0.79,   -5002, -1.02
 295,-218.00,    -935, -0.10,    3986,  0.81,   -4921, -1.00
 296,-217.00,   -1051, -0.11,    3762,  0.77,   -4813, -0.98
 297,-216.00,   -1474, -0.15,    3510,  0.71,   -4984, -1.01
 298,-215.00,   -1093, -0.11,    3741,  0.76,   -4834, -0.98
 299,-214.00,    -737, -0.07,    3987,  0.81,   -4724, -0.96
 300,-213.00,    -645, -0.07,    3984,  0.81,   -4629, -0.94
 301,-212.00,     -57, -0.00,    3993,  0.81,   -4050, -0.82
 302,-211.00,     584,  0.06,    4022,  0.82,   -3438, -0.70
 303,-210.00,     574,  0.06,    4040,  0.82,   -3466, -0.71
 304,-209.00,     171,  0.02,    3825,  0.78,   -3654, -0.74
 305,-208.00,    -556, -0.06,    3386,  0.69,   -3942, -0.80
 306,-207.00,   -1429, -0.15,    2658,  0.54,   -4087, -0.83
 307,-206.00,   -2624, -0.27,    1452,  0.30,   -4076, -0.83
 308,-205.00,   -2622, -0.27,    1147,  0.23,   -3769, -0.77
 309,-204.00,   -2560, -0.26,    1371,  0.28,   -3931, -0.80
 310,-203.00,   -3101, -0.32,    1183,  0.24,   -4284, -0.87
 311,-202.00,   -2793, -0.28,    1294,  0.26,   -4087, -0.83
 312,-201.00,   -2437, -0.25,    1794,  0.37,   -4231, -0.86
 313,-200.00,   -2901, -0.30,    1783,  0.36,   -4684, -0.95
 314,-199.00,   -3742, -0.38,    1380,  0.28,   -5122, -1.04
 315,-198.00,   -3558, -0.36,    1626,  0.33,   -5184, -1.05
 316,-197.00,   -4231, -0.43,    1204,  0.24,   -5435, -1.11
 317,-196.00,   -5518, -0.56,    -116, -0.02,   -5402, -1.10
 318,-195.00,   -5670, -0.58,    -981, -0.20,   -4689, -0.95
 319,-194.00,   -5538, -0.56,   -1547, -0.31,   -3991, -0.81
 320,-193.00,   -5720, -0.58,   -2162, -0.44,   -3558, -0.72
 321,-192.00,   -5734, -0.58,   -2389, -0.49,   -3345, -0.68
 322,-191.00,   -5273, -0.54,   -2379, -0.48,   -2894, -0.59
 323,-190.00,   -5139, -0.52,   -2754, -0.56,   -2385, -0.49
 324,-189.00,   -4864, -0.49,   -3444, -0.70,   -1420, -0.29
 325,-188.00,   -4336, -0.44,   -3889, -0.79,    -447, -0.09
 326,-187.00,   -4791, -0.49,   -4881, -0.99,      90,  0.02
 327,-186.00,   -5255, -0.53,   -5965, -1.21,     710,  0.14
 328,-185.00,   -4811, -0.49,   -6747, -1.37,    1936,  0.39
 329,-184.00,   -4578, -0.47,   -7652, -1.56,    3074,  0.63
 330,-183.00,   -4342, -0.44,   -8580, -1.75,    4238,  0.86
 331,-182.00,   -3906, -0.40,   -9110, -1.85,    5204,  1.06
 332,-181.00,   -3471, -0.35,   -9099, -1.85,    5628,  1.15
 333,-180.00,   -3670, -0.37,   -9235, -1.88,    5565,  1.13
 334,-179.00,   -3359, -0.34,   -9450, -1.92,    6091,  1.24
 335,-178.00,   -2078, -0.21,   -9470, -1.93,    7392,  1.50
 336,-177.00,   -1270, -0.13,   -9365, -1.91,    8095,  1.65
 337,-176.00,    -675, -0.07,   -9387, -1.91,    8712,  1.77
 338,-175.00,    -239, -0.02,   -9295, -1.89,    9056,  1.84
 339,-174.00,     258,  0.03,   -9108, -1.85,    9366,  1.91
 340,-173.00,     553,  0.06,   -9131, -1.86,    9684,  1.97
 341,-172.00,    1650,  0.17,   -8506, -1.73,   10156,  2.07
 342,-171.00,    2846,  0.29,   -7514, -1.53,   10360,  2.11
 343,-170.00,    2678,  0.27,   -7175, -1.46,    9853,  2.00
 344,-169.00,    2931,  0.30,   -6850, -1.39,    9781,  1.99
 345,-168.00,    3460,  0.35,   -6305, -1.28,    9765,  1.99
 346,-167.00,    3724,  0.38,   -5827, -1.19,    9551,  1.94
 347,-166.00,    3254,  0.33,   -5742, -1.17,    8996,  1.83
 348,-165.00,    2773,  0.28,   -5479, -1.11,    8252,  1.68
 349,-164.00,    1899,  0.19,   -5243, -1.07,    7142,  1.45
 350,-163.00,     320,  0.03,   -5683, -1.16,    6003,  1.22
 351,-162.00,    -238, -0.02,   -5479, -1.11,    5241,  1.07
 352,-161.00,    -354, -0.04,   -4802, -0.98,    4448,  0.90
 353,-160.00,   -1039, -0.11,   -4374, -0.89,    3335,  0.68
 354,-159.00,   -1642, -0.17,   -3817, -0.78,    2175,  0.44
 355,-158.00,   -1873, -0.19,   -2917, -0.59,    1044,  0.21
 356,-157.00,   -2439, -0.25,   -2441, -0.50,       2,  0.00
 357,-156.00,   -2873, -0.29,   -2179, -0.44,    -694, -0.14
 358,-155.00,   -2677, -0.27,   -1542, -0.31,   -1135, -0.23
 359,-154.00,   -2923, -0.30,    -997, -0.20,   -1926, -0.39
 360,-153.00,   -3593, -0.37,    -914, -0.19,   -2679, -0.55
 361,-152.00,   -4182, -0.43,   -1076, -0.22,   -3106, -0.63
 362,-151.00,   -4696, -0.48,   -1322, -0.27,   -3374, -0.69
 363,-150.00,   -5461, -0.56,   -1818, -0.37,   -3643, -0.74
 364,-149.00,   -6438, -0.65,   -2212, -0.45,   -4226, -0.86
 365,-148.00,   -6561, -0.67,   -2030, -0.41,   -4531, -0.92
 366,-147.00,   -6833, -0.70,   -1986, -0.40,   -4847, -0.99
 367,-146.00,   -7377, -0.75,   -2285, -0.46,   -5092, -1.04
 368,-145.00,   -7185, -0.73,   -1987, -0.40,   -5198, -1.06
 369,-144.00,   -6838, -0.70,   -1558, -0.32,   -5280, -1.07
 370,-143.00,   -7087, -0.72,   -1543, -0.31,   -5544, -1.13
 371,-142.00,   -7289, -0.74,   -1119, -0.23,   -6170, -1.26
 372,-141.00,   -6984, -0.71,    -421, -0.09,   -6563, -1.34
 373,-140.00,   -6965, -0.71,    -154, -0.03,   -6811, -1.39
 374,-139.00,   -6886, -0.70,     351,  0.07,   -7237, -1.47
 375,-138.00,   -6087, -0.62,    1507,  0.31,   -7594, -1.55
 376,-137.00,   -6160, -0.63,    2316,  0.47,   -8476, -1.72
 377,-136.00,   -6427, -0.65,    2889,  0.59,   -9316, -1.90
 378,-135.00,   -5643, -0.57,    3784,  0.77,   -9427, -1.92
 379,-134.00,   -4470, -0.45,    4975,  1.01,   -9445, -1.92
 380,-133.00,   -3506, -0.36,    6012,  1.22,   -9518, -1.94
 381,-132.00,   -2449, -0.25,    7058,  1.44,   -9507, -1.93
 382,-131.00,   -1791, -0.18,    8278,  1.68,  -10069, -2.05
 383,-130.00,   -2147, -0.22,    8613,  1.75,  -10760, -2.19
 384,-129.00,   -2262, -0.23,    8737,  1.78,  -10999, -2.24
 385,-128.00,   -1665, -0.17,    9253,  1.88,  -10918, -2.22
 386,-127.00,   -2002, -0.20,    9444,  1.92,  -11446, -2.33
 387,-126.00,   -2936, -0.30,    9309,  1.89,  -12245, -2.49
 388,-125.00,   -3595, -0.37,    9549,  1.94,  -13144, -2.67
 389,-124.00,   -3934, -0.40,    9863,  2.01,  -13797, -2.81
 390,-123.00,   -4612, -0.47,    9542,  1.94,  -14154, -2.88
 391,-122.00,   -4806, -0.49,    9367,  1.91,  -14173, -2.88
 392,-121.00,   -4583, -0.47,    9637,  1.96,  -14220, -2.89
 393,-120.00,   -5027, -0.51,    9631,  1.96,  -14658, -2.98
 394,-119.00,   -5665, -0.58,    9266,  1.89,  -14931, -3.04
 395,-118.00,   -5554, -0.56,    9384,  1.91,  -14938, -3.04
 396,-117.00,   -4718, -0.48,    9598,  1.95,  -14316, -2.91
 397,-116.00,   -4228, -0.43,    9398,  1.91,  -13626, -2.77
 398,-115.00,   -3260, -0.33,    9787,  1.99,  -13047, -2.65
 399,-114.00,   -2354, -0.24,   10426,  2.12,  -12780, -2.60
 400,-113.00,   -2400, -0.24,   10091,  2.05,  -12491, -2.54
 401,-112.00,   -1553, -0.16,    9876,  2.01,  -11429, -2.33
 402,-111.00,    -378, -0.04,   10158,  2.07,  -10536, -2.14
 403,-110.00,     338,  0.03,   10482,  2.13,  -10144, -2.06
 404,-109.00,     666,  0.07,   10484,  2.13,   -9818, -2.00
 405,-108.00,     937,  0.10,   10584,  2.15,   -9647, -1.96
 406,-107.00,    1339,  0.14,   10525,  2.14,   -9186, -1.87
 407,-106.00,    1290,  0.13,   10060,  2.05,   -8770, -1.78
 408,-105.00,    1755,  0.18,   10305,  2.10,   -8550, -1.74
 409,-104.00,    2249,  0.23,   10762,  2.19,   -8513, -1.73
 410,-103.00,    1829,  0.19,   10825,  2.20,   -8996, -1.83
 411,-102.00,    1369,  0.14,   10960,  2.23,   -9591, -1.95
 412,-101.00,    1145,  0.12,   11426,  2.32,  -10281, -2.09
 413,-100.00,     665,  0.07,   11278,  2.29,  -10613, -2.16
 414,-99.00,     601,  0.06,   11134,  2.27,  -10533, -2.14
 415,-98.00,     880,  0.09,   11581,  2.36,  -10701, -2.18
 416,-97.00,     429,  0.04,   11635,  2.37,  -11206, -2.28
 417,-96.00,    -633, -0.06,   10985,  2.23,  -11618, -2.36
 418,-95.00,   -1112, -0.11,   10831,  2.20,  -11943, -2.43
 419,-94.00,   -1904, -0.19,   10664,  2.17,  -12568, -2.56
 420,-93.00,   -2666, -0.27,   10271,  2.09,  -12937, -2.63
 421,-92.00,   -3640, -0.37,    9810,  2.00,  -13450, -2.74
 422,-91.00,   -4946, -0.50,    9518,  1.94,  -14464, -2.94
 423,-90.00,   -7081, -0.72,    8633,  1.76,  -15714, -3.20
 424,-89.00,   -8954, -0.91,    7560,  1.54,  -16514, -3.36
 425,-88.00,  -10196, -1.04,    6908,  1.41,  -17104, -3.48
 426,-87.00,  -12529, -1.27,    5753,  1.17,  -18282, -3.72
 427,-86.00,  -15302, -1.56,    4242,  0.86,  -19544, -3.98
 428,-85.00,  -17402, -1.77,    2925,  0.60,  -20327, -4.14
 429,-84.00,  -19461, -1.98,    1475,  0.30,  -20936, -4.26
 430,-83.00,  -21803, -2.22,    -338, -0.07,  -21465, -4.37
 431,-82.00,  -23746, -2.42,   -1894, -0.39,  -21852, -4.45
 432,-81.00,  -25639, -2.61,   -3011, -0.61,  -22628, -4.60
 433,-80.00,  -28318, -2.88,   -4745, -0.97,  -23573, -4.80
 434,-79.00,  -30774, -3.13,   -6659, -1.35,  -24115, -4.91
 435,-78.00,  -31956, -3.25,   -7901, -1.61,  -24055, -4.89
 436,-77.00,  -33137, -3.37,   -9064, -1.84,  -24073, -4.90
 437,-76.00,  -34086, -3.47,  -10292, -2.09,  -23794, -4.84
 438,-75.00,  -34667, -3.53,  -11305, -2.30,  -23362, -4.75
 439,-74.00,  -35041, -3.56,  -12173, -2.48,  -22868, -4.65
 440,-73.00,  -35941, -3.66,  -13708, -2.79,  -22233, -4.52
 441,-72.00,  -36180, -3.68,  -14800, -3.01,  -21380, -4.35
 442,-71.00,  -35912, -3.65,  -15106, -3.07,  -20806, -4.23
 443,-70.00,  -36908, -3.75,  -15961, -3.25,  -20947, -4.26
 444,-69.00,  -37745, -3.84,  -16851, -3.43,  -20894, -4.25
 445,-68.00,  -37569, -3.82,  -16968, -3.45,  -20601, -4.19
 446,-67.00,  -37271, -3.79,  -17083, -3.48,  -20188, -4.11
 447,-66.00,  -37474, -3.81,  -17652, -3.59,  -19822, -4.03
 448,-65.00,  -37022, -3.77,  -18013, -3.66,  -19009, -3.87
 449,-64.00,  -36415, -3.70,  -18194, -3.70,  -18221, -3.71
 450,-63.00,  -36928, -3.76,  -19067, -3.88,  -17861, -3.63
 451,-62.00,  -36667, -3.73,  -19762, -4.02,  -16905, -3.44
 452,-61.00,  -36219, -3.68,  -20339, -4.14,  -15880, -3.23
 453,-60.00,  -36568, -3.72,  -21015, -4.28,  -15553, -3.16
 454,-59.00,  -36750, -3.74,  -21317, -4.34,  -15433, -3.14
 455,-58.00,  -36460, -3.71,  -21037, -4.28,  -15423, -3.14
 456,-57.00,  -36176, -3.68,  -20949, -4.26,  -15227, -3.10
 457,-56.00,  -36651, -3.73,  -21615, -4.40,  -15036, -3.06
 458,-55.00,  -36378, -3.70,  -21851, -4.45,  -14527, -2.96
 459,-54.00,  -35777, -3.64,  -21902, -4.46,  -13875, -2.82
 460,-53.00,  -36239, -3.69,  -22524, -4.58,  -13715, -2.79
 461,-52.00,  -36315, -3.69,  -23093, -4.70,  -13222, -2.69
 462,-51.00,  -35772, -3.64,  -23269, -4.73,  -12503, -2.54
 463,-50.00,  -35705, -3.63,  -23703, -4.82,  -12002, -2.44
 464,-49.00,  -36303, -3.69,  -24403, -4.96,  -11900, -2.42
 465,-48.00,  -36288, -3.69,  -24487, -4.98,  -11801, -2.40
 466,-47.00,  -36762, -3.74,  -24780, -5.04,  -11982, -2.44
 467,-46.00,  -37261, -3.79,  -25457, -5.18,  -11804, -2.40
 468,-45.00,  -36955, -3.76,  -25826, -5.25,  -11129, -2.26
 469,-44.00,  -37052, -3.77,  -26418, -5.37,  -10634, -2.16
 470,-43.00,  -37344, -3.80,  -26881, -5.47,  -10463, -2.13
 471,-42.00,  -37386, -3.80,  -27075, -5.51,  -10311, -2.10
 472,-41.00,  -37054, -3.77,  -27135, -5.52,   -9919, -2.02
 473,-40.00,  -36850, -3.75,  -27325, -5.56,   -9525, -1.94
 474,-39.00,  -36572, -3.72,  -27606, -5.62,   -8966, -1.82
 475,-38.00,  -35468, -3.61,  -27306, -5.56,   -8162, -1.66
 476,-37.00,  -34737, -3.53,  -27073, -5.51,   -7664, -1.56
 477,-36.00,  -34967, -3.56,  -27281, -5.55,   -7686, -1.56
 478,-35.00,  -34517, -3.51,  -27122, -5.52,   -7395, -1.50
 479,-34.00,  -34035, -3.46,  -27198, -5.53,   -6837, -1.39
 480,-33.00,  -33718, -3.43,  -27541, -5.60,   -6177, -1.26
 481,-32.00,  -33015, -3.36,  -27595, -5.61,   -5420, -1.10
 482,-31.00,  -31931, -3.25,  -27044, -5.50,   -4887, -0.99
 483,-30.00,  -31684, -3.22,  -27113, -5.52,   -4571, -0.93
 484,-29.00,  -31807, -3.24,  -27668, -5.63,   -4139, -0.84
 485,-28.00,  -31072, -3.16,  -27646, -5.62,   -3426, -0.70
 486,-27.00,  -30601, -3.11,  -27550, -5.61,   -3051, -0.62
 487,-26.00,  -30555, -3.11,  -27721, -5.64,   -2834, -0.58
 488,-25.00,  -29932, -3.04,  -27554, -5.61,   -2378, -0.48
 489,-24.00,  -29644, -3.02,  -27577, -5.61,   -2067, -0.42
 490,-23.00,  -30399, -3.09,  -28333, -5.76,   -2066, -0.42
 491,-22.00,  -31030, -3.16,  -29120, -5.92,   -1910, -0.39
 492,-21.00,  -31308, -3.18,  -29228, -5.95,   -2080, -0.42
 493,-20.00,  -32404, -3.30,  -29618, -6.03,   -2786, -0.57
 494,-19.00,  -32899, -3.35,  -30303, -6.17,   -2596, -0.53
 495,-18.00,  -32481, -3.30,  -30218, -6.15,   -2263, -0.46
 496,-17.00,  -31676, -3.22,  -29792, -6.06,   -1884, -0.38
 497,-16.00,  -31099, -3.16,  -29920, -6.09,   -1179, -0.24
 498,-15.00,  -30522, -3.10,  -29953, -6.09,    -569, -0.12
 499,-14.00,  -30055, -3.06,  -29882, -6.08,    -173, -0.04
 500,-13.00,  -30654, -3.12,  -30365, -6.18,    -289, -0.06
 501,-12.00,  -30445, -3.10,  -30694, -6.24,     249,  0.05
 502,-11.00,  -29103, -2.96,  -30254, -6.16,    1151,  0.23
 503,-10.00,  -28586, -2.91,  -29950, -6.09,    1364,  0.28
 504,-9.00,  -28318, -2.88,  -29586, -6.02,    1268,  0.26
 505,-8.00,  -26903, -2.74,  -28441, -5.79,    1538,  0.31
 506,-7.00,  -25338, -2.58,  -27567, -5.61,    2229,  0.45
 507,-6.00,  -24622, -2.50,  -27303, -5.55,    2681,  0.55
 508,-5.00,  -22952, -2.33,  -26412, -5.37,    3460,  0.70
 509,-4.00,  -21277, -2.16,  -25064, -5.10,    3787,  0.77
 510,-3.00,  -20225, -2.06,  -24057, -4.89,    3832,  0.78
 511,-2.00,  -18657, -1.90,  -23044, -4.69,    4387,  0.89
 512,-1.00,  -16911, -1.72,  -21664, -4.41,    4753,  0.97
 513,0.00,  -15532, -1.58,  -20613, -4.19,    5081,  1.03
 514,1.00,  -14174, -1.44,  -19715, -4.01,    5541,  1.13
 515,2.00,  -12528, -1.27,  -18117, -3.69,    5589,  1.14
 516,3.00,  -10943, -1.11,  -16375, -3.33,    5432,  1.11
 517,4.00,   -9684, -0.99,  -15124, -3.08,    5440,  1.11
 518,5.00,   -7339, -0.75,  -13595, -2.77,    6256,  1.27
 519,6.00,   -4843, -0.49,  -12015, -2.44,    7172,  1.46
 520,7.00,   -2762, -0.28,  -10484, -2.13,    7722,  1.57
 521,8.00,    -757, -0.08,   -8866, -1.80,    8109,  1.65
 522,9.00,    1516,  0.15,   -7177, -1.46,    8693,  1.77
 523,10.00,    3299,  0.34,   -5968, -1.21,    9267,  1.89
 524,11.00,    4847,  0.49,   -4979, -1.01,    9826,  2.00
 525,12.00,    6926,  0.70,   -3422, -0.70,   10348,  2.11
 526,13.00,    8707,  0.89,   -1982, -0.40,   10689,  2.17
 527,14.00,   10043,  1.02,   -1119, -0.23,   11162,  2.27
 528,15.00,   11753,  1.20,     -50, -0.01,   11803,  2.40
 529,16.00,   12866,  1.31,     864,  0.18,   12002,  2.44
 530,17.00,   14061,  1.43,    1709,  0.35,   12352,  2.51
 531,18.00,   15621,  1.59,    2527,  0.51,   13094,  2.66
 532,19.00,   17059,  1.74,    3342,  0.68,   13717,  2.79
 533,20.00,   17063,  1.74,    3279,  0.67,   13784,  2.80
 534,21.00,   16925,  1.72,    2925,  0.60,   14000,  2.85
 535,22.00,   17739,  1.80,    3227,  0.66,   14512,  2.95
 536,23.00,   18592,  1.89,    3505,  0.71,   15087,  3.07
 537,24.00,   19047,  1.94,    3609,  0.73,   15438,  3.14
 538,25.00,   19414,  1.97,    4122,  0.84,   15292,  3.11
 539,26.00,   19804,  2.01,    4412,  0.90,   15392,  3.13
 540,27.00,   19575,  1.99,    3959,  0.81,   15616,  3.18
 541,28.00,   19841,  2.02,    3432,  0.70,   16409,  3.34
 542,29.00,   20367,  2.07,    3308,  0.67,   17059,  3.47
 543,30.00,   20481,  2.08,    3202,  0.65,   17279,  3.52
 544,31.00,   20039,  2.04,    2926,  0.60,   17113,  3.48
 545,32.00,   20178,  2.05,    2892,  0.59,   17286,  3.52
 546,33.00,   20156,  2.05,    2881,  0.59,   17275,  3.51
 547,34.00,   20132,  2.05,    3059,  0.62,   17073,  3.47
 548,35.00,   21153,  2.15,    3841,  0.78,   17312,  3.52
 549,36.00,   21728,  2.21,    4592,  0.93,   17136,  3.49
 550,37.00,   21418,  2.18,    4543,  0.92,   16875,  3.43
 551,38.00,   20761,  2.11,    4144,  0.84,   16617,  3.38
 552,39.00,   20650,  2.10,    4250,  0.86,   16400,  3.34
 553,40.00,   20779,  2.11,    4554,  0.93,   16225,  3.30
 554,41.00,   20599,  2.10,    4966,  1.01,   15633,  3.18
 555,42.00,   20763,  2.11,    5729,  1.17,   15034,  3.06
 556,43.00,   20804,  2.12,    6433,  1.31,   14371,  2.92
 557,44.00,   20744,  2.11,    6861,  1.40,   13883,  2.82
 558,45.00,   21243,  2.16,    7734,  1.57,   13509,  2.75
 559,46.00,   22221,  2.26,    9026,  1.84,   13195,  2.68
 560,47.00,   21544,  2.19,    9393,  1.91,   12151,  2.47
 561,48.00,   21011,  2.14,    9597,  1.95,   11414,  2.32
 562,49.00,   21125,  2.15,   10196,  2.07,   10929,  2.22
 563,50.00,   20588,  2.09,   10347,  2.11,   10241,  2.08
 564,51.00,   19753,  2.01,   10589,  2.15,    9164,  1.86
 565,52.00,   19598,  1.99,   11212,  2.28,    8386,  1.71
 566,53.00,   19098,  1.94,   11844,  2.41,    7254,  1.48
 567,54.00,   18076,  1.84,   12259,  2.49,    5817,  1.18
 568,55.00,   18259,  1.86,   13073,  2.66,    5186,  1.06
 569,56.00,   18637,  1.90,   13903,  2.83,    4734,  0.96
 570,57.00,   17798,  1.81,   14392,  2.93,    3406,  0.69
 571,58.00,   16696,  1.70,   14697,  2.99,    1999,  0.41
 572,59.00,   15567,  1.58,   15230,  3.10,     337,  0.07
 573,60.00,   14337,  1.46,   15708,  3.20,   -1371, -0.28
 574,61.00,   12960,  1.32,   15909,  3.24,   -2949, -0.60
 575,62.00,   12110,  1.23,   16627,  3.38,   -4517, -0.92
 576,63.00,   11314,  1.15,   17467,  3.55,   -6153, -1.25
 577,64.00,    9179,  0.93,   17270,  3.51,   -8091, -1.65
 578,65.00,    7379,  0.75,   17169,  3.49,   -9790, -1.99
 579,66.00,    5946,  0.60,   17201,  3.50,  -11255, -2.29
 580,67.00,    4013,  0.41,   17002,  3.46,  -12989, -2.64
 581,68.00,    2198,  0.22,   16606,  3.38,  -14408, -2.93
 582,69.00,    1341,  0.14,   16591,  3.38,  -15250, -3.10
 583,70.00,     116,  0.01,   16476,  3.35,  -16360, -3.33
 584,71.00,   -1020, -0.10,   16022,  3.26,  -17042, -3.47
 585,72.00,   -1720, -0.17,   15380,  3.13,  -17100, -3.48
 586,73.00,   -3352, -0.34,   14564,  2.96,  -17916, -3.65
 587,74.00,   -5618, -0.57,   13333,  2.71,  -18951, -3.86
 588,75.00,   -7827, -0.80,   12234,  2.49,  -20061, -4.08
 589,76.00,  -10631, -1.08,   11300,  2.30,  -21931, -4.46
 590,77.00,  -13787, -1.40,    9954,  2.03,  -23741, -4.83
 591,78.00,  -16576, -1.69,    8618,  1.75,  -25194, -5.13
 592,79.00,  -18410, -1.87,    7707,  1.57,  -26117, -5.31
 593,80.00,  -21170, -2.15,    6126,  1.25,  -27296, -5.55
 594,81.00,  -24546, -2.50,    3936,  0.80,  -28482, -5.79
 595,82.00,  -27646, -2.81,    2120,  0.43,  -29766, -6.06
 596,83.00,  -30454, -3.10,     354,  0.07,  -30808, -6.27
 597,84.00,  -33377, -3.40,   -1316, -0.27,  -32061, -6.52
 598,85.00,  -36496, -3.71,   -3215, -0.65,  -33281, -6.77
 599,86.00,  -39864, -4.06,   -5006, -1.02,  -34858, -7.09
 600,87.00,  -43584, -4.43,   -7231, -1.47,  -36353, -7.40
 601,88.00,  -46438, -4.72,   -9613, -1.96,  -36825, -7.49
 602,89.00,  -48394, -4.92,  -11371, -2.31,  -37023, -7.53
 603,90.00,  -50630, -5.15,  -13147, -2.67,  -37483, -7.63
 604,91.00,  -53082, -5.40,  -15270, -3.11,  -37812, -7.69
 605,92.00,  -54722, -5.57,  -16711, -3.40,  -38011, -7.73
 606,93.00,  -56554, -5.75,  -18410, -3.75,  -38144, -7.76
 607,94.00,  -58477, -5.95,  -20492, -4.17,  -37985, -7.73
 608,95.00,  -59992, -6.10,  -22330, -4.54,  -37662, -7.66
 609,96.00,  -61096, -6.22,  -23301, -4.74,  -37795, -7.69
 610,97.00,  -63012, -6.41,  -24599, -5.00,  -38413, -7.82
 611,98.00,  -64449, -6.56,  -26375, -5.37,  -38074, -7.75
 612,99.00,  -65048, -6.62,  -27848, -5.67,  -37200, -7.57
 613,100.00,  -65680, -6.68,  -29207, -5.94,  -36473, -7.42
 614,101.00,  -66249, -6.74,  -30563, -6.22,  -35686, -7.26
 615,102.00,  -66498, -6.76,  -31332, -6.37,  -35166, -7.15
 616,103.00,  -67257, -6.84,  -32258, -6.56,  -34999, -7.12
 617,104.00,  -68623, -6.98,  -33758, -6.87,  -34865, -7.09
 618,105.00,  -69526, -7.07,  -34890, -7.10,  -34636, -7.05
 619,106.00,  -69927, -7.11,  -35515, -7.23,  -34412, -7.00
 620,107.00,  -70480, -7.17,  -36052, -7.34,  -34428, -7.00
 621,108.00,  -70680, -7.19,  -36369, -7.40,  -34311, -6.98
 622,109.00,  -70466, -7.17,  -36402, -7.41,  -34064, -6.93
 623,110.00,  -70692, -7.19,  -36801, -7.49,  -33891, -6.90
 624,111.00,  -71335, -7.26,  -37504, -7.63,  -33831, -6.88
 625,112.00,  -71032, -7.23,  -37823, -7.70,  -33209, -6.76
 626,113.00,  -70870, -7.21,  -38019, -7.74,  -32851, -6.68
 627,114.00,  -71951, -7.32,  -38424, -7.82,  -33527, -6.82
 628,115.00,  -72741, -7.40,  -38890, -7.91,  -33851, -6.89
 629,116.00,  -73043, -7.43,  -38800, -7.89,  -34243, -6.97
 630,117.00,  -73967, -7.52,  -39227, -7.98,  -34740, -7.07
 631,118.00,  -74083, -7.54,  -39524, -8.04,  -34559, -7.03
 632,119.00,  -73667, -7.49,  -39081, -7.95,  -34586, -7.04
 633,120.00,  -73555, -7.48,  -38997, -7.93,  -34558, -7.03
 634,121.00,  -73539, -7.48,  -39360, -8.01,  -34179, -6.95
 635,122.00,  -73333, -7.46,  -39598, -8.06,  -33735, -6.86
 636,123.00,  -73191, -7.45,  -39461, -8.03,  -33730, -6.86
 637,124.00,  -74176, -7.55,  -39918, -8.12,  -34258, -6.97
 638,125.00,  -75085, -7.64,  -40372, -8.21,  -34713, -7.06
 639,126.00,  -74632, -7.59,  -40533, -8.25,  -34099, -6.94
 640,127.00,  -74362, -7.56,  -40831, -8.31,  -33531, -6.82
 641,128.00,  -73912, -7.52,  -40911, -8.32,  -33001, -6.71
 642,129.00,  -72313, -7.36,  -40205, -8.18,  -32108, -6.53
 643,130.00,  -71301, -7.25,  -39846, -8.11,  -31455, -6.40
 644,131.00,  -70709, -7.19,  -39890, -8.12,  -30819, -6.27
 645,132.00,  -69471, -7.07,  -39671, -8.07,  -29800, -6.06
 646,133.00,  -68298, -6.95,  -39288, -7.99,  -29010, -5.90
 647,134.00,  -68187, -6.94,  -39772, -8.09,  -28415, -5.78
 648,135.00,  -67995, -6.92,  -39996, -8.14,  -27999, -5.70
 649,136.00,  -67143, -6.83,  -39777, -8.09,  -27366, -5.57
 650,137.00,  -67425, -6.86,  -40408, -8.22,  -27017, -5.50
 651,138.00,  -67404, -6.86,  -41161, -8.37,  -26243, -5.34
 652,139.00,  -66513, -6.77,  -41491, -8.44,  -25022, -5.09
 653,140.00,  -66127, -6.73,  -41902, -8.53,  -24225, -4.93
 654,141.00,  -66312, -6.75,  -42502, -8.65,  -23810, -4.84
 655,142.00,  -66453, -6.76,  -42750, -8.70,  -23703, -4.82
 656,143.00,  -66397, -6.75,  -43041, -8.76,  -23356, -4.75
 657,144.00,  -66768, -6.79,  -43897, -8.93,  -22871, -4.65
 658,145.00,  -66824, -6.80,  -44608, -9.08,  -22216, -4.52
 659,146.00,  -65554, -6.67,  -44433, -9.04,  -21121, -4.30
 660,147.00,  -65032, -6.62,  -44539, -9.06,  -20493, -4.17
 661,148.00,  -64986, -6.61,  -45008, -9.16,  -19978, -4.06
 662,149.00,  -64133, -6.52,  -45159, -9.19,  -18974, -3.86
 663,150.00,  -62968, -6.41,  -44946, -9.14,  -18022, -3.67
 664,151.00,  -62336, -6.34,  -45087, -9.17,  -17249, -3.51
 665,152.00,  -60612, -6.17,  -44888, -9.13,  -15724, -3.20
 666,153.00,  -59453, -6.05,  -44648, -9.08,  -14805, -3.01
 667,154.00,  -59116, -6.01,  -44774, -9.11,  -14342, -2.92
 668,155.00,  -58826, -5.98,  -44857, -9.13,  -13969, -2.84
 669,156.00,  -57566, -5.86,  -44427, -9.04,  -13139, -2.67
 670,157.00,  -56335, -5.73,  -44016, -8.96,  -12319, -2.51
 671,158.00,  -55312, -5.63,  -43725, -8.90,  -11587, -2.36
 672,159.00,  -54125, -5.51,  -43043, -8.76,  -11082, -2.25
 673,160.00,  -53411, -5.43,  -42811, -8.71,  -10600, -2.16
 674,161.00,  -52382, -5.33,  -42522, -8.65,   -9860, -2.01
 675,162.00,  -51181, -5.21,  -41628, -8.47,   -9553, -1.94
 676,163.00,  -50242, -5.11,  -40474, -8.23,   -9768, -1.99
 677,164.00,  -49773, -5.06,  -39823, -8.10,   -9950, -2.02
 678,165.00,  -49560, -5.04,  -39412, -8.02,  -10148, -2.06
 679,166.00,  -48280, -4.91,  -38600, -7.85,   -9680, -1.97
 680,167.00,  -46616, -4.74,  -37518, -7.63,   -9098, -1.85
 681,168.00,  -45183, -4.60,  -36395, -7.40,   -8788, -1.79
 682,169.00,  -43495, -4.42,  -35045, -7.13,   -8450, -1.72
 683,170.00,  -42511, -4.32,  -33960, -6.91,   -8551, -1.74
 684,171.00,  -42188, -4.29,  -33299, -6.77,   -8889, -1.81
 685,172.00,  -40877, -4.16,  -32393, -6.59,   -8484, -1.73
 686,173.00,  -39427, -4.01,  -31392, -6.39,   -8035, -1.63
 687,174.00,  -38815, -3.95,  -30752, -6.26,   -8063, -1.64
 688,175.00,  -37425, -3.81,  -29884, -6.08,   -7541, -1.53
 689,176.00,  -35405, -3.60,  -28730, -5.85,   -6675, -1.36
 690,177.00,  -34687, -3.53,  -28312, -5.76,   -6375, -1.30
 691,178.00,  -34175, -3.48,  -28065, -5.71,   -6110, -1.24
 692,179.00,  -32543, -3.31,  -27028, -5.50,   -5515, -1.12
 693,180.00,  -31424, -3.20,  -25967, -5.28,   -5457, -1.11
 694,181.00,  -31103, -3.16,  -25447, -5.18,   -5656, -1.15
 695,182.00,  -30018, -3.05,  -24382, -4.96,   -5636, -1.15
 696,183.00,  -28939, -2.94,  -23392, -4.76,   -5547, -1.13
 697,184.00,  -28970, -2.95,  -22906, -4.66,   -6064, -1.23
 698,185.00,  -29183, -2.97,  -22274, -4.53,   -6909, -1.41
 699,186.00,  -28873, -2.94,  -21312, -4.34,   -7561, -1.54
 700,187.00,  -29145, -2.96,  -20760, -4.22,   -8385, -1.71
 701,188.00,  -29542, -3.01,  -20398, -4.15,   -9144, -1.86
 702,189.00,  -29806, -3.03,  -19885, -4.05,   -9921, -2.02
 703,190.00,  -29894, -3.04,  -19416, -3.95,  -10478, -2.13
 704,191.00,  -30253, -3.08,  -18907, -3.85,  -11346, -2.31
 705,192.00,  -30380, -3.09,  -18078, -3.68,  -12302, -2.50
 706,193.00,  -30810, -3.13,  -17348, -3.53,  -13462, -2.74
 707,194.00,  -31807, -3.24,  -16969, -3.45,  -14838, -3.02
 708,195.00,  -32816, -3.34,  -16876, -3.43,  -15940, -3.24
 709,196.00,  -33864, -3.44,  -16457, -3.35,  -17407, -3.54
 710,197.00,  -35228, -3.58,  -16319, -3.32,  -18909, -3.85
 711,198.00,  -37031, -3.77,  -16423, -3.34,  -20608, -4.19
 712,199.00,  -38663, -3.93,  -16396, -3.34,  -22267, -4.53
 713,200.00,  -39893, -4.06,  -16432, -3.34,  -23461, -4.77
 714,201.00,  -41469, -4.22,  -16820, -3.42,  -24649, -5.02
 715,202.00,  -43032, -4.38,  -16882, -3.43,  -26150, -5.32
 716,203.00,  -44140, -4.49,  -16603, -3.38,  -27537, -5.60
 717,204.00,  -46353, -4.72,  -17190, -3.50,  -29163, -5.93
 718,205.00,  -48588, -4.94,  -18164, -3.70,  -30424, -6.19
 719,206.00,  -50446, -5.13,  -18577, -3.78,  -31869, -6.48
 720,207.00,  -52508, -5.34,  -18759, -3.82,  -33749, -6.87
 721,208.00,  -54558, -5.55,  -19041, -3.87,  -35517, -7.23
 722,209.00,  -55825, -5.68,  -18597, -3.78,  -37228, -7.57
 723,210.00,  -57018, -5.80,  -18276, -3.72,  -38742, -7.88
 724,211.00,  -59081, -6.01,  -18736, -3.81,  -40345, -8.21
 725,212.00,  -60897, -6.19,  -19118, -3.89,  -41779, -8.50
 726,213.00,  -62210, -6.33,  -19302, -3.93,  -42908, -8.73
 727,214.00,  -64168, -6.53,  -19666, -4.00,  -44502, -9.05
 728,215.00,  -65627, -6.68,  -19949, -4.06,  -45678, -9.29
 729,216.00,  -66704, -6.79,  -20129, -4.10,  -46575, -9.48
 730,217.00,  -67985, -6.92,  -20568, -4.18,  -47417, -9.65
 731,218.00,  -69091, -7.03,  -20992, -4.27,  -48099, -9.79
 732,219.00,  -69475, -7.07,  -20929, -4.26,  -48546, -9.88
 733,220.00,  -69879, -7.11,  -20988, -4.27,  -48891, -9.95
 734,221.00,  -71129, -7.24,  -21727, -4.42,  -49402,-10.05
 735,222.00,  -71974, -7.32,  -22540, -4.59,  -49434,-10.06
 736,223.00,  -72092, -7.33,  -22787, -4.64,  -49305,-10.03
 737,224.00,  -72221, -7.35,  -22999, -4.68,  -49222,-10.01
 738,225.00,  -72274, -7.35,  -23460, -4.77,  -48814, -9.93
 739,226.00,  -72133, -7.34,  -23430, -4.77,  -48703, -9.91
 740,227.00,  -71998, -7.32,  -23401, -4.76,  -48597, -9.89
 741,228.00,  -71480, -7.27,  -23563, -4.79,  -47917, -9.75
 742,229.00,  -70436, -7.17,  -23524, -4.79,  -46912, -9.54
 743,230.00,  -70016, -7.12,  -23704, -4.82,  -46312, -9.42
 744,231.00,  -70078, -7.13,  -24184, -4.92,  -45894, -9.34
 745,232.00,  -69392, -7.06,  -24386, -4.96,  -45006, -9.16
 746,233.00,  -68539, -6.97,  -24503, -4.99,  -44036, -8.96
 747,234.00,  -67751, -6.89,  -24662, -5.02,  -43089, -8.77
 748,235.00,  -66538, -6.77,  -24390, -4.96,  -42148, -8.58
 749,236.00,  -64531, -6.56,  -23574, -4.80,  -40957, -8.33
 750,237.00,  -63018, -6.41,  -23222, -4.72,  -39796, -8.10
 751,238.00,  -61112, -6.22,  -22892, -4.66,  -38220, -7.78
 752,239.00,  -58547, -5.96,  -21939, -4.46,  -36608, -7.45
 753,240.00,  -57045, -5.80,  -21259, -4.33,  -35786, -7.28
 754,241.00,  -55947, -5.69,  -21105, -4.29,  -34842, -7.09
 755,242.00,  -54787, -5.57,  -20884, -4.25,  -33903, -6.90
 756,243.00,  -52978, -5.39,  -20341, -4.14,  -32637, -6.64
 757,244.00,  -51559, -5.25,  -20050, -4.08,  -31509, -6.41
 758,245.00,  -49622, -5.05,  -19436, -3.95,  -30186, -6.14
 759,246.00,  -47307, -4.81,  -18398, -3.74,  -28909, -5.88
 760,247.00,  -45429, -4.62,  -17420, -3.54,  -28009, -5.70
 761,248.00,  -43392, -4.41,  -16598, -3.38,  -26794, -5.45
 762,249.00,  -40677, -4.14,  -15355, -3.12,  -25322, -5.15
 763,250.00,  -37871, -3.85,  -14065, -2.86,  -23806, -4.84
 764,251.00,  -35558, -3.62,  -12993, -2.64,  -22565, -4.59
 765,252.00,  -32783, -3.33,  -11709, -2.38,  -21074, -4.29
 766,253.00,  -29762, -3.03,  -10424, -2.12,  -19338, -3.93
 767,254.00,  -27403, -2.79,   -9622, -1.96,  -17781, -3.62
 768,255.00,  -24720, -2.51,   -8691, -1.77,  -16029, -3.26
 769,256.00,  -21538, -2.19,   -7228, -1.47,  -14310, -2.91
 770,257.00,  -18577, -1.89,   -5771, -1.17,  -12806, -2.61
 771,258.00,  -15997, -1.63,   -4519, -0.92,  -11478, -2.34
 772,259.00,  -13099, -1.33,   -3075, -0.63,  -10024, -2.04
 773,260.00,  -10145, -1.03,   -1640, -0.33,   -8505, -1.73
 774,261.00,   -7164, -0.73,    -190, -0.04,   -6974, -1.42
 775,262.00,   -3798, -0.39,    1408,  0.29,   -5206, -1.06
 776,263.00,    -629, -0.06,    3394,  0.69,   -4023, -0.82
 777,264.00,    1755,  0.18,    4952,  1.01,   -3197, -0.65
 778,265.00,    3951,  0.40,    6080,  1.24,   -2129, -0.43
 779,266.00,    6722,  0.68,    7498,  1.53,    -776, -0.16
 780,267.00,    9165,  0.93,    8925,  1.82,     240,  0.05
 781,268.00,   11850,  1.21,   10490,  2.13,    1360,  0.28
 782,269.00,   15048,  1.53,   12481,  2.54,    2567,  0.52
 783,270.00,   17338,  1.76,   13937,  2.84,    3401,  0.69
 784,271.00,   18971,  1.93,   14806,  3.01,    4165,  0.85
 785,272.00,   21586,  2.20,   16172,  3.29,    5414,  1.10
 786,273.00,   24625,  2.51,   17990,  3.66,    6635,  1.35
 787,274.00,   27089,  2.76,   19616,  3.99,    7473,  1.52
 788,275.00,   29135,  2.96,   20798,  4.23,    8337,  1.70
 789,276.00,   31772,  3.23,   22357,  4.55,    9415,  1.92
 790,277.00,   34398,  3.50,   23676,  4.82,   10722,  2.18
 791,278.00,   36324,  3.70,   24389,  4.96,   11935,  2.43
 792,279.00,   38616,  3.93,   25436,  5.18,   13180,  2.68
 793,280.00,   40306,  4.10,   26439,  5.38,   13867,  2.82
 794,281.00,   41186,  4.19,   27122,  5.52,   14064,  2.86
 795,282.00,   42961,  4.37,   27935,  5.68,   15026,  3.06
 796,283.00,   44632,  4.54,   28437,  5.79,   16195,  3.29
 797,284.00,   46003,  4.68,   28536,  5.81,   17467,  3.55
 798,285.00,   47349,  4.82,   28695,  5.84,   18654,  3.80
 799,286.00,   48437,  4.93,   28839,  5.87,   19598,  3.99
 800,287.00,   48775,  4.96,   28766,  5.85,   20009,  4.07
 801,288.00,   48680,  4.95,   28250,  5.75,   20430,  4.16
 802,289.00,   49587,  5.04,   28344,  5.77,   21243,  4.32
 803,290.00,   50294,  5.12,   28526,  5.80,   21768,  4.43
 804,291.00,   50298,  5.12,   28175,  5.73,   22123,  4.50
 805,292.00,   49966,  5.08,   27684,  5.63,   22282,  4.53
 806,293.00,   49336,  5.02,   27156,  5.53,   22180,  4.51
 807,294.00,   47708,  4.85,   26035,  5.30,   21673,  4.41
 808,295.00,   45998,  4.68,   24595,  5.00,   21403,  4.35
 809,296.00,   45045,  4.58,   23924,  4.87,   21121,  4.30
 810,297.00,   43508,  4.43,   23318,  4.74,   20190,  4.11
 811,298.00,   41465,  4.22,   22152,  4.51,   19313,  3.93
 812,299.00,   39723,  4.04,   21032,  4.28,   18691,  3.80
 813,300.00,   37637,  3.83,   19740,  4.02,   17897,  3.64
 814,301.00,   34573,  3.52,   17934,  3.65,   16639,  3.39
 815,302.00,   31916,  3.25,   16635,  3.38,   15281,  3.11
 816,303.00,   29773,  3.03,   15798,  3.21,   13975,  2.84
 817,304.00,   26812,  2.73,   14468,  2.94,   12344,  2.51
 818,305.00,   24099,  2.45,   12902,  2.62,   11197,  2.28
 819,306.00,   21952,  2.23,   11655,  2.37,   10297,  2.09
 820,307.00,   19703,  2.00,   10375,  2.11,    9328,  1.90
 821,308.00,   17229,  1.75,    8785,  1.79,    8444,  1.72
 822,309.00,   15581,  1.59,    7801,  1.59,    7780,  1.58
 823,310.00,   13988,  1.42,    6814,  1.39,    7174,  1.46
 824,311.00,   11528,  1.17,    5286,  1.08,    6242,  1.27
 825,312.00,    9890,  1.01,    3971,  0.81,    5919,  1.20
 826,313.00,    9201,  0.94,    3466,  0.71,    5735,  1.17
 827,314.00,    7946,  0.81,    2871,  0.58,    5075,  1.03
 828,315.00,    6741,  0.69,    2113,  0.43,    4628,  0.94
 829,316.00,    5793,  0.59,    1301,  0.26,    4492,  0.91
 830,317.00,    4744,  0.48,     232,  0.05,    4512,  0.92
 831,318.00,    3163,  0.32,   -1124, -0.23,    4287,  0.87
 832,319.00,    1706,  0.17,   -2182, -0.44,    3888,  0.79
 833,320.00,     551,  0.06,   -2878, -0.59,    3429,  0.70
 834,321.00,    -946, -0.10,   -3980, -0.81,    3034,  0.62
 835,322.00,   -1927, -0.20,   -4957, -1.01,    3030,  0.62
 836,323.00,   -2574, -0.26,   -5413, -1.10,    2839,  0.58
 837,324.00,   -3581, -0.36,   -5911, -1.20,    2330,  0.47
 838,325.00,   -4948, -0.50,   -6351, -1.29,    1403,  0.29
 839,326.00,   -5580, -0.57,   -6418, -1.31,     838,  0.17
 840,327.00,   -5954, -0.61,   -6472, -1.32,     518,  0.11
 841,328.00,   -6519, -0.66,   -6718, -1.37,     199,  0.04
 842,329.00,   -6580, -0.67,   -6592, -1.34,      12,  0.00
 843,330.00,   -6518, -0.66,   -6120, -1.25,    -398, -0.08
 844,331.00,   -7014, -0.71,   -6068, -1.23,    -946, -0.19
 845,332.00,   -7674, -0.78,   -6423, -1.31,   -1251, -0.25
 846,333.00,   -7894, -0.80,   -6320, -1.29,   -1574, -0.32
 847,334.00,   -8188, -0.83,   -6366, -1.30,   -1822, -0.37
 848,335.00,   -8701, -0.89,   -6225, -1.27,   -2476, -0.50
 849,336.00,   -8253, -0.84,   -5564, -1.13,   -2689, -0.55
 850,337.00,   -8657, -0.88,   -5313, -1.08,   -3344, -0.68
 851,338.00,   -9151, -0.93,   -5535, -1.13,   -3616, -0.74
 852,339.00,   -8251, -0.84,   -4823, -0.98,   -3428, -0.70
 853,340.00,   -7714, -0.78,   -4006, -0.82,   -3708, -0.75
 854,341.00,   -8112, -0.83,   -3431, -0.70,   -4681, -0.95
 855,342.00,   -8484, -0.86,   -2672, -0.54,   -5812, -1.18
 856,343.00,   -8630, -0.88,   -1681, -0.34,   -6949, -1.41
 857,344.00,   -8945, -0.91,   -1015, -0.21,   -7930, -1.61
 858,345.00,   -8683, -0.88,    -426, -0.09,   -8257, -1.68
 859,346.00,   -7662, -0.78,     673,  0.14,   -8335, -1.70
 860,347.00,   -7309, -0.74,    1693,  0.34,   -9002, -1.83
 861,348.00,   -7394, -0.75,    2498,  0.51,   -9892, -2.01
 862,349.00,   -6801, -0.69,    3395,  0.69,  -10196, -2.07
 863,350.00,   -5718, -0.58,    4735,  0.96,  -10453, -2.13
 864,351.00,   -4746, -0.48,    5891,  1.20,  -10637, -2.16
 865,352.00,   -3384, -0.34,    7060,  1.44,  -10444, -2.12
 866,353.00,   -1890, -0.19,    8595,  1.75,  -10485, -2.13
 867,354.00,   -1649, -0.17,    9585,  1.95,  -11234, -2.29
 868,355.00,    -836, -0.09,   10328,  2.10,  -11164, -2.27
 869,356.00,     849,  0.09,   11238,  2.29,  -10389, -2.11
 870,357.00,    2360,  0.24,   12319,  2.51,   -9959, -2.03
 871,358.00,    3491,  0.36,   13116,  2.67,   -9625, -1.96
 872,359.00,    4170,  0.42,   13997,  2.85,   -9827, -2.00
 873,360.00,    4863,  0.49,   14778,  3.01,   -9915, -2.02
 874,361.00,    5290,  0.54,   15206,  3.09,   -9916, -2.02
 875,362.00,    5981,  0.61,   15801,  3.21,   -9820, -2.00
 876,363.00,    7022,  0.71,   16906,  3.44,   -9884, -2.01
 877,364.00,    7071,  0.72,   17781,  3.62,  -10710, -2.18
 878,365.00,    7055,  0.72,   18424,  3.75,  -11369, -2.31
 879,366.00,    7541,  0.77,   19112,  3.89,  -11571, -2.35
 880,367.00,    8336,  0.85,   19974,  4.06,  -11638, -2.37
 881,368.00,    8815,  0.90,   20627,  4.20,  -11812, -2.40
 882,369.00,    9002,  0.92,   21302,  4.33,  -12300, -2.50
 883,370.00,    9088,  0.92,   22110,  4.50,  -13022, -2.65
 884,371.00,    8697,  0.88,   22455,  4.57,  -13758, -2.80
 885,372.00,    8641,  0.88,   22636,  4.61,  -13995, -2.85
 886,373.00,    8922,  0.91,   22980,  4.68,  -14058, -2.86
 887,374.00,    8392,  0.85,   23090,  4.70,  -14698, -2.99
 888,375.00,    7731,  0.79,   23293,  4.74,  -15562, -3.17
 889,376.00,    7490,  0.76,   23875,  4.86,  -16385, -3.33
 890,377.00,    6591,  0.67,   23953,  4.87,  -17362, -3.53
 891,378.00,    6177,  0.63,   24065,  4.90,  -17888, -3.64
 892,379.00,    6789,  0.69,   24764,  5.04,  -17975, -3.66
 893,380.00,    7457,  0.76,   25653,  5.22,  -18196, -3.70
 894,381.00,    7653,  0.78,   26498,  5.39,  -18845, -3.83
 895,382.00,    8271,  0.84,   27601,  5.62,  -19330, -3.93
 896,383.00,    9300,  0.95,   28924,  5.88,  -19624, -3.99
 897,384.00,   10346,  1.05,   30110,  6.13,  -19764, -4.02
 898,385.00,   11778,  1.20,   31606,  6.43,  -19828, -4.03
 899,386.00,   13963,  1.42,   33695,  6.86,  -19732, -4.01
 900,387.00,   15188,  1.55,   35080,  7.14,  -19892, -4.05
 901,388.00,   16579,  1.69,   36278,  7.38,  -19699, -4.01
 902,389.00,   19537,  1.99,   38190,  7.77,  -18653, -3.80
 903,390.00,   22463,  2.29,   40387,  8.22,  -17924, -3.65
 904,391.00,   24807,  2.52,   42622,  8.67,  -17815, -3.62
 905,392.00,   27062,  2.75,   44917,  9.14,  -17855, -3.63
 906,393.00,   29217,  2.97,   46833,  9.53,  -17616, -3.58
 907,394.00,   30657,  3.12,   47861,  9.74,  -17204, -3.50
 908,395.00,   32149,  3.27,   48616,  9.89,  -16467, -3.35
 909,396.00,   34527,  3.51,   50064, 10.19,  -15537, -3.16
 910,397.00,   36394,  3.70,   51377, 10.45,  -14983, -3.05
 911,398.00,   37594,  3.82,   52120, 10.60,  -14526, -2.96
 912,399.00,   38729,  3.94,   52862, 10.76,  -14133, -2.88
 913,400.00,   39570,  4.03,   53478, 10.88,  -13908, -2.83
 914,401.00,   39585,  4.03,   53242, 10.83,  -13657, -2.78
 915,402.00,   40112,  4.08,   52989, 10.78,  -12877, -2.62
 916,403.00,   41669,  4.24,   53259, 10.84,  -11590, -2.36
 917,404.00,   42655,  4.34,   52967, 10.78,  -10312, -2.10
 918,405.00,   43292,  4.40,   52187, 10.62,   -8895, -1.81
 919,406.00,   44296,  4.51,   51896, 10.56,   -7600, -1.55
 920,407.00,   45308,  4.61,   51635, 10.51,   -6327, -1.29
 921,408.00,   45665,  4.65,   51017, 10.38,   -5352, -1.09
 922,409.00,   46123,  4.69,   50408, 10.26,   -4285, -0.87
 923,410.00,   46686,  4.75,   49414, 10.05,   -2728, -0.56
 924,411.00,   46861,  4.77,   47974,  9.76,   -1113, -0.23
 925,412.00,   47992,  4.88,   47071,  9.58,     921,  0.19
 926,413.00,   49309,  5.02,   46474,  9.46,    2835,  0.58
 927,414.00,   49832,  5.07,   45485,  9.25,    4347,  0.88
 928,415.00,   50428,  5.13,   44515,  9.06,    5913,  1.20
 929,416.00,   51432,  5.23,   43585,  8.87,    7847,  1.60
 930,417.00,   52178,  5.31,   42154,  8.58,   10024,  2.04
 931,418.00,   52495,  5.34,   40501,  8.24,   11994,  2.44
 932,419.00,   53218,  5.41,   39430,  8.02,   13788,  2.81
 933,420.00,   54059,  5.50,   38603,  7.85,   15456,  3.14
 934,421.00,   54009,  5.49,   37147,  7.56,   16862,  3.43
 935,422.00,   54934,  5.59,   35972,  7.32,   18962,  3.86
 936,423.00,   56550,  5.75,   35371,  7.20,   21179,  4.31
 937,424.00,   57666,  5.87,   34791,  7.08,   22875,  4.65
 938,425.00,   58396,  5.94,   33841,  6.89,   24555,  5.00
 939,426.00,   59207,  6.02,   33148,  6.74,   26059,  5.30
 940,427.00,   59350,  6.04,   31939,  6.50,   27411,  5.58
 941,428.00,   59251,  6.03,   30418,  6.19,   28833,  5.87
 942,429.00,   60238,  6.13,   29715,  6.05,   30523,  6.21
 943,430.00,   61929,  6.30,   29830,  6.07,   32099,  6.53
 944,431.00,   62630,  6.37,   29244,  5.95,   33386,  6.79
 945,432.00,   62533,  6.36,   28247,  5.75,   34286,  6.98
 946,433.00,   62993,  6.41,   27602,  5.62,   35391,  7.20
 947,434.00,   63158,  6.42,   26891,  5.47,   36267,  7.38
 948,435.00,   62855,  6.39,   26052,  5.30,   36803,  7.49
 949,436.00,   62692,  6.38,   25293,  5.15,   37399,  7.61
 950,437.00,   61890,  6.30,   23836,  4.85,   38054,  7.74
 951,438.00,   60610,  6.17,   21942,  4.46,   38668,  7.87
 952,439.00,   59763,  6.08,   20158,  4.10,   39605,  8.06
 953,440.00,   59500,  6.05,   18940,  3.85,   40560,  8.25
 954,441.00,   58593,  5.96,   17758,  3.61,   40835,  8.31
 955,442.00,   57670,  5.87,   16719,  3.40,   40951,  8.33
 956,443.00,   56806,  5.78,   15615,  3.18,   41191,  8.38
 957,444.00,   55310,  5.63,   14190,  2.89,   41120,  8.37
 958,445.00,   53417,  5.43,   12480,  2.54,   40937,  8.33
 959,446.00,   52081,  5.30,   11120,  2.26,   40961,  8.33
 960,447.00,   50430,  5.13,    9867,  2.01,   40563,  8.25
 961,448.00,   48631,  4.95,    8620,  1.75,   40011,  8.14
 962,449.00,   48184,  4.90,    7925,  1.61,   40259,  8.19
 963,450.00,   47884,  4.87,    7588,  1.54,   40296,  8.20
 964,451.00,   47333,  4.82,    7072,  1.44,   40261,  8.19
 965,452.00,   46788,  4.76,    6769,  1.38,   40019,  8.14
 966,453.00,   46249,  4.70,    6523,  1.33,   39726,  8.08
 967,454.00,   45334,  4.61,    6095,  1.24,   39239,  7.98
 968,455.00,   44231,  4.50,    5473,  1.11,   38758,  7.89
 969,456.00,   43606,  4.44,    5113,  1.04,   38493,  7.83
 970,457.00,   43245,  4.40,    5141,  1.05,   38104,  7.75
 971,458.00,   42453,  4.32,    4861,  0.99,   37592,  7.65
 972,459.00,   41952,  4.27,    4660,  0.95,   37292,  7.59
 973,460.00,   42157,  4.29,    5029,  1.02,   37128,  7.55
 974,461.00,   42179,  4.29,    5031,  1.02,   37148,  7.56
 975,462.00,   42193,  4.29,    4939,  1.00,   37254,  7.58
 976,463.00,   41758,  4.25,    4922,  1.00,   36836,  7.49
 977,464.00,   40631,  4.13,    4751,  0.97,   35880,  7.30
 978,465.00,   39283,  4.00,    4176,  0.85,   35107,  7.14
 979,466.00,   38222,  3.89,    3619,  0.74,   34603,  7.04
 980,467.00,   37434,  3.81,    3194,  0.65,   34240,  6.97
 981,468.00,   36770,  3.74,    2680,  0.55,   34090,  6.94
 982,469.00,   36948,  3.76,    2837,  0.58,   34111,  6.94
 983,470.00,   37257,  3.79,    3169,  0.64,   34088,  6.94
 984,471.00,   36506,  3.71,    2871,  0.58,   33635,  6.84
 985,472.00,   35504,  3.61,    2302,  0.47,   33202,  6.76
 986,473.00,   35183,  3.58,    2305,  0.47,   32878,  6.69
 987,474.00,   34602,  3.52,    2389,  0.49,   32213,  6.55
 988,475.00,   33311,  3.39,    2110,  0.43,   31201,  6.35
 989,476.00,   32271,  3.28,    2160,  0.44,   30111,  6.13
 990,477.00,   31249,  3.18,    2424,  0.49,   28825,  5.86
 991,478.00,   30051,  3.06,    2472,  0.50,   27579,  5.61
 992,479.00,   29635,  3.01,    2736,  0.56,   26899,  5.47
 993,480.00,   29566,  3.01,    3293,  0.67,   26273,  5.35
 994,481.00,   28297,  2.88,    3350,  0.68,   24947,  5.08
 995,482.00,   26688,  2.71,    3057,  0.62,   23631,  4.81
 996,483.00,   24986,  2.54,    2769,  0.56,   22217,  4.52
 997,484.00,   22640,  2.30,    2110,  0.43,   20530,  4.18
 998,485.00,   20651,  2.10,    1552,  0.32,   19099,  3.89
 999,486.00,   19236,  1.96,    1602,  0.33,   17634,  3.59
1000,487.00,   18307,  1.86,    1806,  0.37,   16501,  3.36
1001,488.00,   17316,  1.76,    1631,  0.33,   15685,  3.19
1002,489.00,   16502,  1.68,    1511,  0.31,   14991,  3.05
1003,490.00,   16255,  1.65,    1983,  0.40,   14272,  2.90
1004,491.00,   15102,  1.54,    1797,  0.37,   13305,  2.71
1005,492.00,   13596,  1.38,    1063,  0.22,   12533,  2.55
1006,493.00,   13038,  1.33,     823,  0.17,   12215,  2.49
1007,494.00,   12267,  1.25,     375,  0.08,   11892,  2.42
1008,495.00,   11395,  1.16,     147,  0.03,   11248,  2.29
1009,496.00,   11869,  1.21,     813,  0.17,   11056,  2.25
1010,497.00,   11704,  1.19,    1168,  0.24,   10536,  2.14
1011,498.00,   10708,  1.09,     887,  0.18,    9821,  2.00
1012,499.00,   10425,  1.06,     674,  0.14,    9751,  1.98
1013,500.00,   11133,  1.13,     917,  0.19,   10216,  2.08
1014,501.00,   11013,  1.12,     572,  0.12,   10441,  2.12
1015,502.00,   10570,  1.08,     -30, -0.00,   10600,  2.16
1016,503.00,   11427,  1.16,     492,  0.10,   10935,  2.22
1017,504.00,   11632,  1.18,     603,  0.12,   11029,  2.24
1018,505.00,   11065,  1.13,    -392, -0.08,   11457,  2.33
1019,506.00,   11281,  1.15,   -1030, -0.21,   12311,  2.50
1020,507.00,   11172,  1.14,   -1479, -0.30,   12651,  2.57
1021,508.00,   11638,  1.18,   -1297, -0.26,   12935,  2.63
1022,509.00,   12531,  1.27,    -850, -0.17,   13381,  2.72
1023,510.00,   13003,  1.32,   -1046, -0.21,   14049,  2.86
1024,511.00,   13758,  1.40,   -1026, -0.21,   14784,  3.01
