-----------------------------------------------------------------------------------
Identifier:,IHS5922-20178V01
File Name:,SSLP70B.8
Ear:,L
Channel:,2
Intensity:,70 dB HL
Stim. Rate:,  1.10/s
Stim. Mode:,0
Sweeps:,60
Artifacts:,0
Smp. Period:,1000.00 us
Amp. Gain:, 50.00 K
Low Pass:, 30.00 Hz
High Pass:,  1.00 Hz
Notch Filter:,TRUE
Stimulus:,100
Stim. Freq.:,1000 Hz
Stim. Dur.:,2000 pnts
Masking:,0 dB SPL
Stim. Point:,513
-----------------------------------------------------------------------------------
Peak Information:,Label,Peak(+),Peak(+)(ms),Peak(-),Peak(-)(ms)
,21, 796,283.00, 893,380.00,
-----------------------------------------------------------------------------------


Data Pnt:,Data Pnt(ms):,Average:,Average(uV):,Buffer1:,Buffer1(uV):,Buffer2:,Buffer2(uV):
   1,-512.00,       0,  0.00,       0,  0.00,       0,  0.00
   2,-511.00,       0,  0.00,       0,  0.00,       0,  0.00
   3,-510.00,       0,  0.00,       0,  0.00,       0,  0.00
   4,-509.00,       0,  0.00,       0,  0.00,       0,  0.00
   5,-508.00,       0,  0.00,       0,  0.00,       0,  0.00
   6,-507.00,       0,  0.00,       0,  0.00,       0,  0.00
   7,-506.00,       0,  0.00,       0,  0.00,       0,  0.00
   8,-505.00,       0,  0.00,       0,  0.00,       0,  0.00
   9,-504.00,       0,  0.00,       0,  0.00,       0,  0.00
  10,-503.00,       0,  0.00,       0,  0.00,       0,  0.00
  11,-502.00,       0,  0.00,       0,  0.00,       0,  0.00
  12,-501.00,       0,  0.00,       0,  0.00,       0,  0.00
  13,-500.00,       0,  0.00,       0,  0.00,       0,  0.00
  14,-499.00,       0,  0.00,       0,  0.00,       0,  0.00
  15,-498.00,       0,  0.00,       0,  0.00,       0,  0.00
  16,-497.00,       0,  0.00,       0,  0.00,       0,  0.00
  17,-496.00,       0,  0.00,       0,  0.00,       0,  0.00
  18,-495.00,       0,  0.00,       0,  0.00,       0,  0.00
  19,-494.00,       0,  0.00,       0,  0.00,       0,  0.00
  20,-493.00,       0,  0.00,       0,  0.00,       0,  0.00
  21,-492.00,       0,  0.00,       0,  0.00,       0,  0.00
  22,-491.00,       0,  0.00,       0,  0.00,       0,  0.00
  23,-490.00,       0,  0.00,       0,  0.00,       0,  0.00
  24,-489.00,       0,  0.00,       0,  0.00,       0,  0.00
  25,-488.00,       0,  0.00,       0,  0.00,       0,  0.00
  26,-487.00,       0,  0.00,       0,  0.00,       0,  0.00
  27,-486.00,       0,  0.00,       0,  0.00,       0,  0.00
  28,-485.00,       0,  0.00,       0,  0.00,       0,  0.00
  29,-484.00,       0,  0.00,       0,  0.00,       0,  0.00
  30,-483.00,       0,  0.00,       0,  0.00,       0,  0.00
  31,-482.00,       0,  0.00,       0,  0.00,       0,  0.00
  32,-481.00,       0,  0.00,       0,  0.00,       0,  0.00
  33,-480.00,       0,  0.00,       0,  0.00,       0,  0.00
  34,-479.00,       0,  0.00,       0,  0.00,       0,  0.00
  35,-478.00,       0,  0.00,       0,  0.00,       0,  0.00
  36,-477.00,       0,  0.00,       0,  0.00,       0,  0.00
  37,-476.00,       0,  0.00,       0,  0.00,       0,  0.00
  38,-475.00,       0,  0.00,       0,  0.00,       0,  0.00
  39,-474.00,       0,  0.00,       0,  0.00,       0,  0.00
  40,-473.00,       0,  0.00,       0,  0.00,       0,  0.00
  41,-472.00,       0,  0.00,       0,  0.00,       0,  0.00
  42,-471.00,       0,  0.00,       0,  0.00,       0,  0.00
  43,-470.00,       0,  0.00,       0,  0.00,       0,  0.00
  44,-469.00,       0,  0.00,       0,  0.00,       0,  0.00
  45,-468.00,       0,  0.00,       0,  0.00,       0,  0.00
  46,-467.00,       0,  0.00,       0,  0.00,       0,  0.00
  47,-466.00,       0,  0.00,       0,  0.00,       0,  0.00
  48,-465.00,       0,  0.00,       0,  0.00,       0,  0.00
  49,-464.00,       0,  0.00,       0,  0.00,       0,  0.00
  50,-463.00,       0,  0.00,       0,  0.00,       0,  0.00
  51,-462.00,       0,  0.00,       0,  0.00,       0,  0.00
  52,-461.00,       0,  0.00,       0,  0.00,       0,  0.00
  53,-460.00,       0,  0.00,       0,  0.00,       0,  0.00
  54,-459.00,       0,  0.00,       0,  0.00,       0,  0.00
  55,-458.00,       0,  0.00,       0,  0.00,       0,  0.00
  56,-457.00,       0,  0.00,       0,  0.00,       0,  0.00
  57,-456.00,       0,  0.00,       0,  0.00,       0,  0.00
  58,-455.00,       0,  0.00,       0,  0.00,       0,  0.00
  59,-454.00,       0,  0.00,       0,  0.00,       0,  0.00
  60,-453.00,       0,  0.00,       0,  0.00,       0,  0.00
  61,-452.00,       0,  0.00,       0,  0.00,       0,  0.00
  62,-451.00,       0,  0.00,       0,  0.00,       0,  0.00
  63,-450.00,       0,  0.00,       0,  0.00,       0,  0.00
  64,-449.00,       0,  0.00,       0,  0.00,       0,  0.00
  65,-448.00,       0,  0.00,       0,  0.00,       0,  0.00
  66,-447.00,       0,  0.00,       0,  0.00,       0,  0.00
  67,-446.00,       0,  0.00,       0,  0.00,       0,  0.00
  68,-445.00,       0,  0.00,       0,  0.00,       0,  0.00
  69,-444.00,       0,  0.00,       0,  0.00,       0,  0.00
  70,-443.00,       0,  0.00,       0,  0.00,       0,  0.00
  71,-442.00,       0,  0.00,       0,  0.00,       0,  0.00
  72,-441.00,       0,  0.00,       0,  0.00,       0,  0.00
  73,-440.00,       0,  0.00,       0,  0.00,       0,  0.00
  74,-439.00,       0,  0.00,       0,  0.00,       0,  0.00
  75,-438.00,       0,  0.00,       0,  0.00,       0,  0.00
  76,-437.00,       0,  0.00,       0,  0.00,       0,  0.00
  77,-436.00,       0,  0.00,       0,  0.00,       0,  0.00
  78,-435.00,       0,  0.00,       0,  0.00,       0,  0.00
  79,-434.00,       0,  0.00,       0,  0.00,       0,  0.00
  80,-433.00,       0,  0.00,       0,  0.00,       0,  0.00
  81,-432.00,       0,  0.00,       0,  0.00,       0,  0.00
  82,-431.00,       0,  0.00,       0,  0.00,       0,  0.00
  83,-430.00,       0,  0.00,       0,  0.00,       0,  0.00
  84,-429.00,       0,  0.00,       0,  0.00,       0,  0.00
  85,-428.00,       0,  0.00,       0,  0.00,       0,  0.00
  86,-427.00,       0,  0.00,       0,  0.00,       0,  0.00
  87,-426.00,       0,  0.00,       0,  0.00,       0,  0.00
  88,-425.00,       0,  0.00,       0,  0.00,       0,  0.00
  89,-424.00,       0,  0.00,       0,  0.00,       0,  0.00
  90,-423.00,       0,  0.00,       0,  0.00,       0,  0.00
  91,-422.00,       0,  0.00,       0,  0.00,       0,  0.00
  92,-421.00,       0,  0.00,       0,  0.00,       0,  0.00
  93,-420.00,       0,  0.00,       0,  0.00,       0,  0.00
  94,-419.00,       0,  0.00,       0,  0.00,       0,  0.00
  95,-418.00,       0,  0.00,       0,  0.00,       0,  0.00
  96,-417.00,       0,  0.00,       0,  0.00,       0,  0.00
  97,-416.00,       0,  0.00,       0,  0.00,       0,  0.00
  98,-415.00,       0,  0.00,       0,  0.00,       0,  0.00
  99,-414.00,       0,  0.00,       0,  0.00,       0,  0.00
 100,-413.00,       0,  0.00,       0,  0.00,       0,  0.00
 101,-412.00,       0,  0.00,       0,  0.00,       0,  0.00
 102,-411.00,       0,  0.00,       0,  0.00,       0,  0.00
 103,-410.00,       0,  0.00,       0,  0.00,       0,  0.00
 104,-409.00,       0,  0.00,       0,  0.00,       0,  0.00
 105,-408.00,       0,  0.00,       0,  0.00,       0,  0.00
 106,-407.00,       0,  0.00,       0,  0.00,       0,  0.00
 107,-406.00,       0,  0.00,       0,  0.00,       0,  0.00
 108,-405.00,       0,  0.00,       0,  0.00,       0,  0.00
 109,-404.00,       0,  0.00,       0,  0.00,       0,  0.00
 110,-403.00,       0,  0.00,       0,  0.00,       0,  0.00
 111,-402.00,       0,  0.00,       0,  0.00,       0,  0.00
 112,-401.00,       0,  0.00,       0,  0.00,       0,  0.00
 113,-400.00,       0,  0.00,       0,  0.00,       0,  0.00
 114,-399.00,       0,  0.00,       0,  0.00,       0,  0.00
 115,-398.00,       0,  0.00,       0,  0.00,       0,  0.00
 116,-397.00,   55428,  5.64,   21380,  4.35,   34048,  6.93
 117,-396.00,   54913,  5.59,   20763,  4.22,   34150,  6.95
 118,-395.00,   53679,  5.46,   19890,  4.05,   33789,  6.87
 119,-394.00,   52512,  5.34,   19447,  3.96,   33065,  6.73
 120,-393.00,   52079,  5.30,   19562,  3.98,   32517,  6.62
 121,-392.00,   52240,  5.31,   19434,  3.95,   32806,  6.67
 122,-391.00,   51440,  5.23,   19039,  3.87,   32401,  6.59
 123,-390.00,   49246,  5.01,   18510,  3.77,   30736,  6.25
 124,-389.00,   46315,  4.71,   17886,  3.64,   28429,  5.78
 125,-388.00,   44408,  4.52,   17914,  3.64,   26494,  5.39
 126,-387.00,   43508,  4.43,   18596,  3.78,   24912,  5.07
 127,-386.00,   41731,  4.25,   18184,  3.70,   23547,  4.79
 128,-385.00,   39836,  4.05,   17516,  3.56,   22320,  4.54
 129,-384.00,   37228,  3.79,   16411,  3.34,   20817,  4.24
 130,-383.00,   34577,  3.52,   15416,  3.14,   19161,  3.90
 131,-382.00,   32228,  3.28,   14434,  2.94,   17794,  3.62
 132,-381.00,   30483,  3.10,   14149,  2.88,   16334,  3.32
 133,-380.00,   28554,  2.90,   13654,  2.78,   14900,  3.03
 134,-379.00,   26759,  2.72,   12928,  2.63,   13831,  2.81
 135,-378.00,   24644,  2.51,   12059,  2.45,   12585,  2.56
 136,-377.00,   22438,  2.28,   11243,  2.29,   11195,  2.28
 137,-376.00,   19896,  2.02,   10329,  2.10,    9567,  1.95
 138,-375.00,   18215,  1.85,    9600,  1.95,    8615,  1.75
 139,-374.00,   18440,  1.88,    8687,  1.77,    9753,  1.98
 140,-373.00,   18625,  1.89,    8190,  1.67,   10435,  2.12
 141,-372.00,   18380,  1.87,    7638,  1.55,   10742,  2.19
 142,-371.00,   17027,  1.73,    6487,  1.32,   10540,  2.14
 143,-370.00,   16100,  1.64,    6013,  1.22,   10087,  2.05
 144,-369.00,   15407,  1.57,    5724,  1.16,    9683,  1.97
 145,-368.00,   15118,  1.54,    5002,  1.02,   10116,  2.06
 146,-367.00,   14922,  1.52,    4374,  0.89,   10548,  2.15
 147,-366.00,   14250,  1.45,    4180,  0.85,   10070,  2.05
 148,-365.00,   13948,  1.42,    4132,  0.84,    9816,  2.00
 149,-364.00,   14078,  1.43,    3794,  0.77,   10284,  2.09
 150,-363.00,   14894,  1.52,    4268,  0.87,   10626,  2.16
 151,-362.00,   14524,  1.48,    4066,  0.83,   10458,  2.13
 152,-361.00,   13835,  1.41,    3859,  0.79,    9976,  2.03
 153,-360.00,   13416,  1.36,    3944,  0.80,    9472,  1.93
 154,-359.00,   13263,  1.35,    4135,  0.84,    9128,  1.86
 155,-358.00,   14107,  1.44,    4275,  0.87,    9832,  2.00
 156,-357.00,   14999,  1.53,    4380,  0.89,   10619,  2.16
 157,-356.00,   16109,  1.64,    5255,  1.07,   10854,  2.21
 158,-355.00,   17015,  1.73,    6440,  1.31,   10575,  2.15
 159,-354.00,   17491,  1.78,    7169,  1.46,   10322,  2.10
 160,-353.00,   18386,  1.87,    7668,  1.56,   10718,  2.18
 161,-352.00,   18370,  1.87,    7764,  1.58,   10606,  2.16
 162,-351.00,   18761,  1.91,    8314,  1.69,   10447,  2.13
 163,-350.00,   19125,  1.95,    8627,  1.76,   10498,  2.14
 164,-349.00,   19303,  1.96,    8748,  1.78,   10555,  2.15
 165,-348.00,   19713,  2.01,    8725,  1.78,   10988,  2.24
 166,-347.00,   20663,  2.10,    9559,  1.94,   11104,  2.26
 167,-346.00,   21774,  2.22,   10647,  2.17,   11127,  2.26
 168,-345.00,   21809,  2.22,   11348,  2.31,   10461,  2.13
 169,-344.00,   21594,  2.20,   12004,  2.44,    9590,  1.95
 170,-343.00,   21763,  2.21,   12992,  2.64,    8771,  1.78
 171,-342.00,   21478,  2.18,   13746,  2.80,    7732,  1.57
 172,-341.00,   20575,  2.09,   13766,  2.80,    6809,  1.39
 173,-340.00,   19632,  2.00,   13478,  2.74,    6154,  1.25
 174,-339.00,   18773,  1.91,   13257,  2.70,    5516,  1.12
 175,-338.00,   18655,  1.90,   12947,  2.63,    5708,  1.16
 176,-337.00,   18012,  1.83,   12993,  2.64,    5019,  1.02
 177,-336.00,   16056,  1.63,   12434,  2.53,    3622,  0.74
 178,-335.00,   13938,  1.42,   11342,  2.31,    2596,  0.53
 179,-334.00,   12510,  1.27,   10655,  2.17,    1855,  0.38
 180,-333.00,   12905,  1.31,   10884,  2.21,    2021,  0.41
 181,-332.00,   12757,  1.30,   11097,  2.26,    1660,  0.34
 182,-331.00,   11202,  1.14,   10728,  2.18,     474,  0.10
 183,-330.00,    9318,  0.95,    9575,  1.95,    -257, -0.05
 184,-329.00,    7692,  0.78,    7850,  1.60,    -158, -0.03
 185,-328.00,    5980,  0.61,    5859,  1.19,     121,  0.02
 186,-327.00,    4867,  0.50,    5042,  1.03,    -175, -0.04
 187,-326.00,    2761,  0.28,    3223,  0.66,    -462, -0.09
 188,-325.00,    1171,  0.12,    2148,  0.44,    -977, -0.20
 189,-324.00,     806,  0.08,    2297,  0.47,   -1491, -0.30
 190,-323.00,     759,  0.08,    2677,  0.54,   -1918, -0.39
 191,-322.00,     310,  0.03,    2771,  0.56,   -2461, -0.50
 192,-321.00,      53,  0.00,    2599,  0.53,   -2546, -0.52
 193,-320.00,    -248, -0.03,    2709,  0.55,   -2957, -0.60
 194,-319.00,    -537, -0.05,    2812,  0.57,   -3349, -0.68
 195,-318.00,    -402, -0.04,    3416,  0.70,   -3818, -0.78
 196,-317.00,     328,  0.03,    4164,  0.85,   -3836, -0.78
 197,-316.00,     466,  0.05,    4376,  0.89,   -3910, -0.80
 198,-315.00,     396,  0.04,    4198,  0.85,   -3802, -0.77
 199,-314.00,     453,  0.05,    4154,  0.85,   -3701, -0.75
 200,-313.00,    1016,  0.10,    4663,  0.95,   -3647, -0.74
 201,-312.00,    1048,  0.11,    4217,  0.86,   -3169, -0.64
 202,-311.00,     361,  0.04,    3311,  0.67,   -2950, -0.60
 203,-310.00,     893,  0.09,    3561,  0.72,   -2668, -0.54
 204,-309.00,    1905,  0.19,    4509,  0.92,   -2604, -0.53
 205,-308.00,    1774,  0.18,    4231,  0.86,   -2457, -0.50
 206,-307.00,     527,  0.05,    3302,  0.67,   -2775, -0.56
 207,-306.00,     -22, -0.00,    2483,  0.51,   -2505, -0.51
 208,-305.00,    -413, -0.04,    1920,  0.39,   -2333, -0.47
 209,-304.00,   -1269, -0.13,    1349,  0.27,   -2618, -0.53
 210,-303.00,   -2466, -0.25,     323,  0.07,   -2789, -0.57
 211,-302.00,   -3421, -0.35,    -528, -0.11,   -2893, -0.59
 212,-301.00,   -4113, -0.42,   -1179, -0.24,   -2934, -0.60
 213,-300.00,   -5768, -0.59,   -2527, -0.51,   -3241, -0.66
 214,-299.00,   -6530, -0.66,   -3149, -0.64,   -3381, -0.69
 215,-298.00,   -7487, -0.76,   -3759, -0.76,   -3728, -0.76
 216,-297.00,   -8686, -0.88,   -4538, -0.92,   -4148, -0.84
 217,-296.00,  -10239, -1.04,   -5430, -1.10,   -4809, -0.98
 218,-295.00,  -11792, -1.20,   -6339, -1.29,   -5453, -1.11
 219,-294.00,  -12928, -1.32,   -6451, -1.31,   -6477, -1.32
 220,-293.00,  -13192, -1.34,   -6339, -1.29,   -6853, -1.39
 221,-292.00,  -13612, -1.38,   -6866, -1.40,   -6746, -1.37
 222,-291.00,  -14789, -1.50,   -7687, -1.56,   -7102, -1.44
 223,-290.00,  -15706, -1.60,   -8159, -1.66,   -7547, -1.54
 224,-289.00,  -15973, -1.62,   -8538, -1.74,   -7435, -1.51
 225,-288.00,  -16545, -1.68,   -8831, -1.80,   -7714, -1.57
 226,-287.00,  -17355, -1.77,   -8968, -1.82,   -8387, -1.71
 227,-286.00,  -18041, -1.84,   -9253, -1.88,   -8788, -1.79
 228,-285.00,  -18112, -1.84,   -9215, -1.87,   -8897, -1.81
 229,-284.00,  -18924, -1.93,   -9954, -2.03,   -8970, -1.83
 230,-283.00,  -20461, -2.08,  -10925, -2.22,   -9536, -1.94
 231,-282.00,  -21004, -2.14,  -10715, -2.18,  -10289, -2.09
 232,-281.00,  -21624, -2.20,  -10562, -2.15,  -11062, -2.25
 233,-280.00,  -21495, -2.19,   -9838, -2.00,  -11657, -2.37
 234,-279.00,  -20618, -2.10,   -8605, -1.75,  -12013, -2.44
 235,-278.00,  -20457, -2.08,   -8383, -1.71,  -12074, -2.46
 236,-277.00,  -20705, -2.11,   -8467, -1.72,  -12238, -2.49
 237,-276.00,  -21108, -2.15,   -8331, -1.69,  -12777, -2.60
 238,-275.00,  -21026, -2.14,   -8120, -1.65,  -12906, -2.63
 239,-274.00,  -20596, -2.10,   -7875, -1.60,  -12721, -2.59
 240,-273.00,  -20111, -2.05,   -7754, -1.58,  -12357, -2.51
 241,-272.00,  -19723, -2.01,   -7598, -1.55,  -12125, -2.47
 242,-271.00,  -19668, -2.00,   -7501, -1.53,  -12167, -2.48
 243,-270.00,  -19246, -1.96,   -7193, -1.46,  -12053, -2.45
 244,-269.00,  -18876, -1.92,   -7005, -1.43,  -11871, -2.42
 245,-268.00,  -18696, -1.90,   -6779, -1.38,  -11917, -2.42
 246,-267.00,  -19140, -1.95,   -6990, -1.42,  -12150, -2.47
 247,-266.00,  -18702, -1.90,   -6877, -1.40,  -11825, -2.41
 248,-265.00,  -17446, -1.77,   -6929, -1.41,  -10517, -2.14
 249,-264.00,  -16421, -1.67,   -6745, -1.37,   -9676, -1.97
 250,-263.00,  -15800, -1.61,   -6164, -1.25,   -9636, -1.96
 251,-262.00,  -16010, -1.63,   -6005, -1.22,  -10005, -2.04
 252,-261.00,  -15772, -1.60,   -6178, -1.26,   -9594, -1.95
 253,-260.00,  -15154, -1.54,   -6335, -1.29,   -8819, -1.79
 254,-259.00,  -15496, -1.58,   -6794, -1.38,   -8702, -1.77
 255,-258.00,  -16090, -1.64,   -7172, -1.46,   -8918, -1.81
 256,-257.00,  -16380, -1.67,   -7446, -1.51,   -8934, -1.82
 257,-256.00,  -15632, -1.59,   -7061, -1.44,   -8571, -1.74
 258,-255.00,  -15335, -1.56,   -6433, -1.31,   -8902, -1.81
 259,-254.00,  -15578, -1.58,   -6438, -1.31,   -9140, -1.86
 260,-253.00,  -16039, -1.63,   -6796, -1.38,   -9243, -1.88
 261,-252.00,  -16166, -1.64,   -7150, -1.45,   -9016, -1.83
 262,-251.00,  -16306, -1.66,   -7782, -1.58,   -8524, -1.73
 263,-250.00,  -16835, -1.71,   -8850, -1.80,   -7985, -1.62
 264,-249.00,  -16656, -1.69,   -9232, -1.88,   -7424, -1.51
 265,-248.00,  -15451, -1.57,   -8516, -1.73,   -6935, -1.41
 266,-247.00,  -14848, -1.51,   -8386, -1.71,   -6462, -1.31
 267,-246.00,  -14935, -1.52,   -9045, -1.84,   -5890, -1.20
 268,-245.00,  -15323, -1.56,   -9774, -1.99,   -5549, -1.13
 269,-244.00,  -15298, -1.56,  -10588, -2.15,   -4710, -0.96
 270,-243.00,  -14892, -1.51,  -11043, -2.25,   -3849, -0.78
 271,-242.00,  -15125, -1.54,  -11371, -2.31,   -3754, -0.76
 272,-241.00,  -15838, -1.61,  -12139, -2.47,   -3699, -0.75
 273,-240.00,  -16155, -1.64,  -12753, -2.59,   -3402, -0.69
 274,-239.00,  -15210, -1.55,  -12644, -2.57,   -2566, -0.52
 275,-238.00,  -13722, -1.40,  -12233, -2.49,   -1489, -0.30
 276,-237.00,  -12844, -1.31,  -11790, -2.40,   -1054, -0.21
 277,-236.00,  -12038, -1.22,  -11251, -2.29,    -787, -0.16
 278,-235.00,  -11076, -1.13,  -11097, -2.26,      21,  0.00
 279,-234.00,  -10612, -1.08,  -10763, -2.19,     151,  0.03
 280,-233.00,  -11104, -1.13,  -11081, -2.25,     -23, -0.00
 281,-232.00,  -11770, -1.20,  -11942, -2.43,     172,  0.03
 282,-231.00,  -12486, -1.27,  -12713, -2.59,     227,  0.05
 283,-230.00,  -13525, -1.38,  -13392, -2.72,    -133, -0.03
 284,-229.00,  -13757, -1.40,  -13288, -2.70,    -469, -0.10
 285,-228.00,  -13716, -1.40,  -13167, -2.68,    -549, -0.11
 286,-227.00,  -13400, -1.36,  -13305, -2.71,     -95, -0.02
 287,-226.00,  -12926, -1.31,  -13083, -2.66,     157,  0.03
 288,-225.00,  -11686, -1.19,  -12215, -2.49,     529,  0.11
 289,-224.00,  -10209, -1.04,  -11472, -2.33,    1263,  0.26
 290,-223.00,   -8807, -0.90,  -11041, -2.25,    2234,  0.45
 291,-222.00,   -8176, -0.83,  -11107, -2.26,    2931,  0.60
 292,-221.00,   -7481, -0.76,  -11596, -2.36,    4115,  0.84
 293,-220.00,   -7562, -0.77,  -12092, -2.46,    4530,  0.92
 294,-219.00,   -8174, -0.83,  -12807, -2.61,    4633,  0.94
 295,-218.00,   -8541, -0.87,  -12881, -2.62,    4340,  0.88
 296,-217.00,   -8850, -0.90,  -12606, -2.56,    3756,  0.76
 297,-216.00,   -8877, -0.90,  -12227, -2.49,    3350,  0.68
 298,-215.00,   -7806, -0.79,  -11792, -2.40,    3986,  0.81
 299,-214.00,   -7494, -0.76,  -12055, -2.45,    4561,  0.93
 300,-213.00,   -8320, -0.85,  -12729, -2.59,    4409,  0.90
 301,-212.00,   -9051, -0.92,  -12673, -2.58,    3622,  0.74
 302,-211.00,   -8444, -0.86,  -12018, -2.45,    3574,  0.73
 303,-210.00,   -8080, -0.82,  -12041, -2.45,    3961,  0.81
 304,-209.00,   -8455, -0.86,  -12474, -2.54,    4019,  0.82
 305,-208.00,   -9130, -0.93,  -13101, -2.67,    3971,  0.81
 306,-207.00,  -10579, -1.08,  -13961, -2.84,    3382,  0.69
 307,-206.00,  -12329, -1.25,  -14872, -3.03,    2543,  0.52
 308,-205.00,  -12756, -1.30,  -14914, -3.03,    2158,  0.44
 309,-204.00,  -13133, -1.34,  -14956, -3.04,    1823,  0.37
 310,-203.00,  -12950, -1.32,  -14743, -3.00,    1793,  0.36
 311,-202.00,  -13434, -1.37,  -14830, -3.02,    1396,  0.28
 312,-201.00,  -14529, -1.48,  -14978, -3.05,     449,  0.09
 313,-200.00,  -15789, -1.61,  -15631, -3.18,    -158, -0.03
 314,-199.00,  -17414, -1.77,  -16397, -3.34,   -1017, -0.21
 315,-198.00,  -18636, -1.90,  -16979, -3.45,   -1657, -0.34
 316,-197.00,  -19376, -1.97,  -17014, -3.46,   -2362, -0.48
 317,-196.00,  -20878, -2.12,  -17279, -3.52,   -3599, -0.73
 318,-195.00,  -21842, -2.22,  -17661, -3.59,   -4181, -0.85
 319,-194.00,  -22146, -2.25,  -17848, -3.63,   -4298, -0.87
 320,-193.00,  -22329, -2.27,  -17823, -3.63,   -4506, -0.92
 321,-192.00,  -22468, -2.29,  -17824, -3.63,   -4644, -0.94
 322,-191.00,  -23047, -2.34,  -18006, -3.66,   -5041, -1.03
 323,-190.00,  -23769, -2.42,  -18133, -3.69,   -5636, -1.15
 324,-189.00,  -23866, -2.43,  -18188, -3.70,   -5678, -1.16
 325,-188.00,  -23650, -2.41,  -17944, -3.65,   -5706, -1.16
 326,-187.00,  -23222, -2.36,  -17049, -3.47,   -6173, -1.26
 327,-186.00,  -22186, -2.26,  -15743, -3.20,   -6443, -1.31
 328,-185.00,  -21563, -2.19,  -15388, -3.13,   -6175, -1.26
 329,-184.00,  -21242, -2.16,  -15162, -3.08,   -6080, -1.24
 330,-183.00,  -21188, -2.16,  -14701, -2.99,   -6487, -1.32
 331,-182.00,  -21225, -2.16,  -14668, -2.98,   -6557, -1.33
 332,-181.00,  -21611, -2.20,  -15108, -3.07,   -6503, -1.32
 333,-180.00,  -22997, -2.34,  -15983, -3.25,   -7014, -1.43
 334,-179.00,  -24162, -2.46,  -16146, -3.29,   -8016, -1.63
 335,-178.00,  -25528, -2.60,  -16843, -3.43,   -8685, -1.77
 336,-177.00,  -26047, -2.65,  -17771, -3.62,   -8276, -1.68
 337,-176.00,  -26710, -2.72,  -18886, -3.84,   -7824, -1.59
 338,-175.00,  -27365, -2.78,  -19224, -3.91,   -8141, -1.66
 339,-174.00,  -28590, -2.91,  -19973, -4.06,   -8617, -1.75
 340,-173.00,  -30357, -3.09,  -21451, -4.36,   -8906, -1.81
 341,-172.00,  -32129, -3.27,  -22751, -4.63,   -9378, -1.91
 342,-171.00,  -32133, -3.27,  -23337, -4.75,   -8796, -1.79
 343,-170.00,  -30921, -3.15,  -22706, -4.62,   -8215, -1.67
 344,-169.00,  -29794, -3.03,  -21925, -4.46,   -7869, -1.60
 345,-168.00,  -29156, -2.97,  -21825, -4.44,   -7331, -1.49
 346,-167.00,  -28549, -2.90,  -22117, -4.50,   -6432, -1.31
 347,-166.00,  -27078, -2.75,  -21635, -4.40,   -5443, -1.11
 348,-165.00,  -25779, -2.62,  -20767, -4.23,   -5012, -1.02
 349,-164.00,  -24202, -2.46,  -19117, -3.89,   -5085, -1.03
 350,-163.00,  -22337, -2.27,  -18024, -3.67,   -4313, -0.88
 351,-162.00,  -20181, -2.05,  -17433, -3.55,   -2748, -0.56
 352,-161.00,  -18624, -1.89,  -16541, -3.37,   -2083, -0.42
 353,-160.00,  -16925, -1.72,  -15716, -3.20,   -1209, -0.25
 354,-159.00,  -15186, -1.54,  -14636, -2.98,    -550, -0.11
 355,-158.00,  -14935, -1.52,  -14063, -2.86,    -872, -0.18
 356,-157.00,  -14742, -1.50,  -14011, -2.85,    -731, -0.15
 357,-156.00,  -14138, -1.44,  -14389, -2.93,     251,  0.05
 358,-155.00,  -13892, -1.41,  -15151, -3.08,    1259,  0.26
 359,-154.00,  -13230, -1.35,  -15478, -3.15,    2248,  0.46
 360,-153.00,  -13023, -1.32,  -15589, -3.17,    2566,  0.52
 361,-152.00,  -13182, -1.34,  -15876, -3.23,    2694,  0.55
 362,-151.00,  -12919, -1.31,  -15777, -3.21,    2858,  0.58
 363,-150.00,  -12821, -1.30,  -15828, -3.22,    3007,  0.61
 364,-149.00,  -11942, -1.21,  -15319, -3.12,    3377,  0.69
 365,-148.00,  -11100, -1.13,  -14653, -2.98,    3553,  0.72
 366,-147.00,  -10567, -1.07,  -14098, -2.87,    3531,  0.72
 367,-146.00,  -10676, -1.09,  -14330, -2.92,    3654,  0.74
 368,-145.00,  -11448, -1.16,  -15188, -3.09,    3740,  0.76
 369,-144.00,  -12339, -1.26,  -15622, -3.18,    3283,  0.67
 370,-143.00,  -12224, -1.24,  -15312, -3.12,    3088,  0.63
 371,-142.00,  -12322, -1.25,  -15584, -3.17,    3262,  0.66
 372,-141.00,  -12601, -1.28,  -16099, -3.28,    3498,  0.71
 373,-140.00,  -12786, -1.30,  -16167, -3.29,    3381,  0.69
 374,-139.00,  -12495, -1.27,  -15616, -3.18,    3121,  0.63
 375,-138.00,  -11968, -1.22,  -15007, -3.05,    3039,  0.62
 376,-137.00,  -11943, -1.21,  -14464, -2.94,    2521,  0.51
 377,-136.00,  -13499, -1.37,  -14765, -3.00,    1266,  0.26
 378,-135.00,  -16041, -1.63,  -15902, -3.24,    -139, -0.03
 379,-134.00,  -18552, -1.89,  -16987, -3.46,   -1565, -0.32
 380,-133.00,  -20770, -2.11,  -18066, -3.68,   -2704, -0.55
 381,-132.00,  -22135, -2.25,  -18961, -3.86,   -3174, -0.65
 382,-131.00,  -22955, -2.34,  -19159, -3.90,   -3796, -0.77
 383,-130.00,  -24369, -2.48,  -19224, -3.91,   -5145, -1.05
 384,-129.00,  -26830, -2.73,  -19706, -4.01,   -7124, -1.45
 385,-128.00,  -28793, -2.93,  -20347, -4.14,   -8446, -1.72
 386,-127.00,  -29414, -2.99,  -20312, -4.13,   -9102, -1.85
 387,-126.00,  -29640, -3.02,  -20074, -4.08,   -9566, -1.95
 388,-125.00,  -30739, -3.13,  -20067, -4.08,  -10672, -2.17
 389,-124.00,  -31868, -3.24,  -19895, -4.05,  -11973, -2.44
 390,-123.00,  -33039, -3.36,  -20018, -4.07,  -13021, -2.65
 391,-122.00,  -34981, -3.56,  -20810, -4.23,  -14171, -2.88
 392,-121.00,  -36483, -3.71,  -21640, -4.40,  -14843, -3.02
 393,-120.00,  -38229, -3.89,  -22593, -4.60,  -15636, -3.18
 394,-119.00,  -40046, -4.07,  -23935, -4.87,  -16111, -3.28
 395,-118.00,  -40230, -4.09,  -24766, -5.04,  -15464, -3.15
 396,-117.00,  -40978, -4.17,  -25200, -5.13,  -15778, -3.21
 397,-116.00,  -41884, -4.26,  -25188, -5.12,  -16696, -3.40
 398,-115.00,  -42359, -4.31,  -25244, -5.14,  -17115, -3.48
 399,-114.00,  -43506, -4.43,  -25855, -5.26,  -17651, -3.59
 400,-113.00,  -45102, -4.59,  -26966, -5.49,  -18136, -3.69
 401,-112.00,  -46277, -4.71,  -27686, -5.63,  -18591, -3.78
 402,-111.00,  -46688, -4.75,  -27324, -5.56,  -19364, -3.94
 403,-110.00,  -47414, -4.82,  -26891, -5.47,  -20523, -4.18
 404,-109.00,  -48666, -4.95,  -27231, -5.54,  -21435, -4.36
 405,-108.00,  -49487, -5.03,  -27165, -5.53,  -22322, -4.54
 406,-107.00,  -49854, -5.07,  -27065, -5.51,  -22789, -4.64
 407,-106.00,  -50466, -5.13,  -27445, -5.58,  -23021, -4.68
 408,-105.00,  -51586, -5.25,  -28280, -5.75,  -23306, -4.74
 409,-104.00,  -52447, -5.34,  -28667, -5.83,  -23780, -4.84
 410,-103.00,  -52828, -5.37,  -29067, -5.91,  -23761, -4.83
 411,-102.00,  -52776, -5.37,  -29100, -5.92,  -23676, -4.82
 412,-101.00,  -52865, -5.38,  -28945, -5.89,  -23920, -4.87
 413,-100.00,  -53389, -5.43,  -29347, -5.97,  -24042, -4.89
 414,-99.00,  -53981, -5.49,  -30268, -6.16,  -23713, -4.82
 415,-98.00,  -53477, -5.44,  -30174, -6.14,  -23303, -4.74
 416,-97.00,  -52810, -5.37,  -29995, -6.10,  -22815, -4.64
 417,-96.00,  -52472, -5.34,  -29864, -6.08,  -22608, -4.60
 418,-95.00,  -52495, -5.34,  -30016, -6.11,  -22479, -4.57
 419,-94.00,  -52773, -5.37,  -30527, -6.21,  -22246, -4.53
 420,-93.00,  -51637, -5.25,  -29883, -6.08,  -21754, -4.43
 421,-92.00,  -50534, -5.14,  -29290, -5.96,  -21244, -4.32
 422,-91.00,  -49968, -5.08,  -29152, -5.93,  -20816, -4.24
 423,-90.00,  -48564, -4.94,  -28386, -5.78,  -20178, -4.11
 424,-89.00,  -46288, -4.71,  -27347, -5.56,  -18941, -3.85
 425,-88.00,  -44470, -4.52,  -26913, -5.48,  -17557, -3.57
 426,-87.00,  -42861, -4.36,  -26575, -5.41,  -16286, -3.31
 427,-86.00,  -40817, -4.15,  -25764, -5.24,  -15053, -3.06
 428,-85.00,  -39639, -4.03,  -25125, -5.11,  -14514, -2.95
 429,-84.00,  -39525, -4.02,  -25277, -5.14,  -14248, -2.90
 430,-83.00,  -39423, -4.01,  -25467, -5.18,  -13956, -2.84
 431,-82.00,  -37851, -3.85,  -24713, -5.03,  -13138, -2.67
 432,-81.00,  -36102, -3.67,  -23549, -4.79,  -12553, -2.55
 433,-80.00,  -35106, -3.57,  -22990, -4.68,  -12116, -2.47
 434,-79.00,  -34948, -3.56,  -23137, -4.71,  -11811, -2.40
 435,-78.00,  -35553, -3.62,  -23359, -4.75,  -12194, -2.48
 436,-77.00,  -35216, -3.58,  -22962, -4.67,  -12254, -2.49
 437,-76.00,  -34008, -3.46,  -21785, -4.43,  -12223, -2.49
 438,-75.00,  -33188, -3.38,  -21231, -4.32,  -11957, -2.43
 439,-74.00,  -32924, -3.35,  -21001, -4.27,  -11923, -2.43
 440,-73.00,  -33817, -3.44,  -21071, -4.29,  -12746, -2.59
 441,-72.00,  -34445, -3.50,  -21371, -4.35,  -13074, -2.66
 442,-71.00,  -34470, -3.51,  -21379, -4.35,  -13091, -2.66
 443,-70.00,  -33849, -3.44,  -20606, -4.19,  -13243, -2.69
 444,-69.00,  -34533, -3.51,  -20442, -4.16,  -14091, -2.87
 445,-68.00,  -34801, -3.54,  -19936, -4.06,  -14865, -3.02
 446,-67.00,  -34018, -3.46,  -19128, -3.89,  -14890, -3.03
 447,-66.00,  -34007, -3.46,  -18717, -3.81,  -15290, -3.11
 448,-65.00,  -34489, -3.51,  -18772, -3.82,  -15717, -3.20
 449,-64.00,  -35256, -3.59,  -19148, -3.90,  -16108, -3.28
 450,-63.00,  -35763, -3.64,  -19529, -3.97,  -16234, -3.30
 451,-62.00,  -35077, -3.57,  -19847, -4.04,  -15230, -3.10
 452,-61.00,  -34594, -3.52,  -19789, -4.03,  -14805, -3.01
 453,-60.00,  -33598, -3.42,  -19367, -3.94,  -14231, -2.90
 454,-59.00,  -32908, -3.35,  -18948, -3.86,  -13960, -2.84
 455,-58.00,  -33213, -3.38,  -19170, -3.90,  -14043, -2.86
 456,-57.00,  -32847, -3.34,  -18759, -3.82,  -14088, -2.87
 457,-56.00,  -32615, -3.32,  -18342, -3.73,  -14273, -2.90
 458,-55.00,  -31537, -3.21,  -18104, -3.68,  -13433, -2.73
 459,-54.00,  -30158, -3.07,  -17754, -3.61,  -12404, -2.52
 460,-53.00,  -29085, -2.96,  -17421, -3.54,  -11664, -2.37
 461,-52.00,  -27719, -2.82,  -16453, -3.35,  -11266, -2.29
 462,-51.00,  -26642, -2.71,  -15550, -3.16,  -11092, -2.26
 463,-50.00,  -25818, -2.63,  -15139, -3.08,  -10679, -2.17
 464,-49.00,  -25783, -2.62,  -15121, -3.08,  -10662, -2.17
 465,-48.00,  -25162, -2.56,  -15377, -3.13,   -9785, -1.99
 466,-47.00,  -23131, -2.35,  -14676, -2.99,   -8455, -1.72
 467,-46.00,  -20520, -2.09,  -13379, -2.72,   -7141, -1.45
 468,-45.00,  -19264, -1.96,  -12665, -2.58,   -6599, -1.34
 469,-44.00,  -18610, -1.89,  -12751, -2.59,   -5859, -1.19
 470,-43.00,  -17624, -1.79,  -12503, -2.54,   -5121, -1.04
 471,-42.00,  -15609, -1.59,  -11050, -2.25,   -4559, -0.93
 472,-41.00,  -13592, -1.38,   -9479, -1.93,   -4113, -0.84
 473,-40.00,  -10957, -1.11,   -7940, -1.62,   -3017, -0.61
 474,-39.00,   -8624, -0.88,   -6551, -1.33,   -2073, -0.42
 475,-38.00,   -7528, -0.77,   -5256, -1.07,   -2272, -0.46
 476,-37.00,   -6976, -0.71,   -4533, -0.92,   -2443, -0.50
 477,-36.00,   -6239, -0.63,   -4178, -0.85,   -2061, -0.42
 478,-35.00,   -4754, -0.48,   -3804, -0.77,    -950, -0.19
 479,-34.00,   -1590, -0.16,   -1711, -0.35,     121,  0.02
 480,-33.00,    1003,  0.10,      94,  0.02,     909,  0.18
 481,-32.00,    2068,  0.21,    1195,  0.24,     873,  0.18
 482,-31.00,    3203,  0.33,    2027,  0.41,    1176,  0.24
 483,-30.00,    3448,  0.35,    2243,  0.46,    1205,  0.25
 484,-29.00,    2976,  0.30,    1992,  0.41,     984,  0.20
 485,-28.00,    2799,  0.28,    1872,  0.38,     927,  0.19
 486,-27.00,    2461,  0.25,    1785,  0.36,     676,  0.14
 487,-26.00,    2793,  0.28,    2213,  0.45,     580,  0.12
 488,-25.00,    3301,  0.34,    2639,  0.54,     662,  0.13
 489,-24.00,    3197,  0.33,    2691,  0.55,     506,  0.10
 490,-23.00,    4382,  0.45,    3766,  0.77,     616,  0.13
 491,-22.00,    5333,  0.54,    4580,  0.93,     753,  0.15
 492,-21.00,    5221,  0.53,    4323,  0.88,     898,  0.18
 493,-20.00,    4342,  0.44,    3603,  0.73,     739,  0.15
 494,-19.00,    3956,  0.40,    3198,  0.65,     758,  0.15
 495,-18.00,    3821,  0.39,    2494,  0.51,    1327,  0.27
 496,-17.00,    2846,  0.29,    1354,  0.28,    1492,  0.30
 497,-16.00,    1998,  0.20,     411,  0.08,    1587,  0.32
 498,-15.00,    1514,  0.15,     360,  0.07,    1154,  0.23
 499,-14.00,     646,  0.07,      81,  0.02,     565,  0.11
 500,-13.00,     677,  0.07,    -553, -0.11,    1230,  0.25
 501,-12.00,     935,  0.10,    -738, -0.15,    1673,  0.34
 502,-11.00,    1048,  0.11,   -1096, -0.22,    2144,  0.44
 503,-10.00,    1896,  0.19,   -1469, -0.30,    3365,  0.68
 504,-9.00,    1298,  0.13,   -2305, -0.47,    3603,  0.73
 505,-8.00,    -370, -0.04,   -3496, -0.71,    3126,  0.64
 506,-7.00,   -2062, -0.21,   -4685, -0.95,    2623,  0.53
 507,-6.00,   -3205, -0.33,   -5678, -1.16,    2473,  0.50
 508,-5.00,   -3862, -0.39,   -6029, -1.23,    2167,  0.44
 509,-4.00,   -4523, -0.46,   -6549, -1.33,    2026,  0.41
 510,-3.00,   -5341, -0.54,   -7149, -1.45,    1808,  0.37
 511,-2.00,   -5750, -0.58,   -7320, -1.49,    1570,  0.32
 512,-1.00,   -6662, -0.68,   -7620, -1.55,     958,  0.19
 513,0.00,   -7393, -0.75,   -7679, -1.56,     286,  0.06
 514,1.00,   -8726, -0.89,   -8164, -1.66,    -562, -0.11
 515,2.00,  -10481, -1.07,   -8581, -1.75,   -1900, -0.39
 516,3.00,  -11575, -1.18,   -8318, -1.69,   -3257, -0.66
 517,4.00,  -12537, -1.28,   -7807, -1.59,   -4730, -0.96
 518,5.00,  -13528, -1.38,   -7813, -1.59,   -5715, -1.16
 519,6.00,  -14677, -1.49,   -8401, -1.71,   -6276, -1.28
 520,7.00,  -15585, -1.59,   -9135, -1.86,   -6450, -1.31
 521,8.00,  -15792, -1.61,   -8534, -1.74,   -7258, -1.48
 522,9.00,  -15643, -1.59,   -7784, -1.58,   -7859, -1.60
 523,10.00,  -14726, -1.50,   -6788, -1.38,   -7938, -1.62
 524,11.00,  -14399, -1.46,   -6021, -1.23,   -8378, -1.70
 525,12.00,  -15259, -1.55,   -5944, -1.21,   -9315, -1.90
 526,13.00,  -16680, -1.70,   -6003, -1.22,  -10677, -2.17
 527,14.00,  -16623, -1.69,   -5535, -1.13,  -11088, -2.26
 528,15.00,  -17057, -1.74,   -5288, -1.08,  -11769, -2.39
 529,16.00,  -16891, -1.72,   -5228, -1.06,  -11663, -2.37
 530,17.00,  -16612, -1.69,   -5018, -1.02,  -11594, -2.36
 531,18.00,  -16893, -1.72,   -4646, -0.95,  -12247, -2.49
 532,19.00,  -17438, -1.77,   -4768, -0.97,  -12670, -2.58
 533,20.00,  -19005, -1.93,   -5345, -1.09,  -13660, -2.78
 534,21.00,  -18517, -1.88,   -5024, -1.02,  -13493, -2.75
 535,22.00,  -17886, -1.82,   -4769, -0.97,  -13117, -2.67
 536,23.00,  -17029, -1.73,   -4921, -1.00,  -12108, -2.46
 537,24.00,  -16381, -1.67,   -5150, -1.05,  -11231, -2.29
 538,25.00,  -15807, -1.61,   -5382, -1.10,  -10425, -2.12
 539,26.00,  -14859, -1.51,   -4933, -1.00,   -9926, -2.02
 540,27.00,  -14432, -1.47,   -4556, -0.93,   -9876, -2.01
 541,28.00,  -14733, -1.50,   -4794, -0.98,   -9939, -2.02
 542,29.00,  -15174, -1.54,   -5534, -1.13,   -9640, -1.96
 543,30.00,  -14188, -1.44,   -5242, -1.07,   -8946, -1.82
 544,31.00,  -13579, -1.38,   -5413, -1.10,   -8166, -1.66
 545,32.00,  -12680, -1.29,   -5435, -1.11,   -7245, -1.47
 546,33.00,  -10117, -1.03,   -4415, -0.90,   -5702, -1.16
 547,34.00,   -7483, -0.76,   -3433, -0.70,   -4050, -0.82
 548,35.00,   -5800, -0.59,   -2685, -0.55,   -3115, -0.63
 549,36.00,   -4965, -0.51,   -2679, -0.55,   -2286, -0.47
 550,37.00,   -4445, -0.45,   -2969, -0.60,   -1476, -0.30
 551,38.00,   -3466, -0.35,   -2147, -0.44,   -1319, -0.27
 552,39.00,   -3904, -0.40,   -1961, -0.40,   -1943, -0.40
 553,40.00,   -4413, -0.45,   -2236, -0.45,   -2177, -0.44
 554,41.00,   -4074, -0.41,   -2450, -0.50,   -1624, -0.33
 555,42.00,   -3677, -0.37,   -2507, -0.51,   -1170, -0.24
 556,43.00,   -3011, -0.31,   -2360, -0.48,    -651, -0.13
 557,44.00,   -2704, -0.28,   -2182, -0.44,    -522, -0.11
 558,45.00,   -3387, -0.34,   -2061, -0.42,   -1326, -0.27
 559,46.00,   -3776, -0.38,   -2077, -0.42,   -1699, -0.35
 560,47.00,   -4124, -0.42,   -1992, -0.41,   -2132, -0.43
 561,48.00,   -3836, -0.39,   -1717, -0.35,   -2119, -0.43
 562,49.00,   -3633, -0.37,   -1830, -0.37,   -1803, -0.37
 563,50.00,   -4046, -0.41,   -1875, -0.38,   -2171, -0.44
 564,51.00,   -4382, -0.45,   -1400, -0.28,   -2982, -0.61
 565,52.00,   -4836, -0.49,   -1106, -0.23,   -3730, -0.76
 566,53.00,   -5536, -0.56,   -1235, -0.25,   -4301, -0.88
 567,54.00,   -5603, -0.57,    -929, -0.19,   -4674, -0.95
 568,55.00,   -5273, -0.54,    -412, -0.08,   -4861, -0.99
 569,56.00,   -4879, -0.50,     -70, -0.01,   -4809, -0.98
 570,57.00,   -4889, -0.50,     235,  0.05,   -5124, -1.04
 571,58.00,   -3942, -0.40,    1373,  0.28,   -5315, -1.08
 572,59.00,   -2997, -0.30,    2376,  0.48,   -5373, -1.09
 573,60.00,    -913, -0.09,    4614,  0.94,   -5527, -1.12
 574,61.00,    1109,  0.11,    7049,  1.43,   -5940, -1.21
 575,62.00,    2230,  0.23,    8800,  1.79,   -6570, -1.34
 576,63.00,    3978,  0.40,   10075,  2.05,   -6097, -1.24
 577,64.00,    5587,  0.57,   11295,  2.30,   -5708, -1.16
 578,65.00,    6685,  0.68,   12645,  2.57,   -5960, -1.21
 579,66.00,    6813,  0.69,   13934,  2.83,   -7121, -1.45
 580,67.00,    6934,  0.71,   14737,  3.00,   -7803, -1.59
 581,68.00,    7102,  0.72,   15203,  3.09,   -8101, -1.65
 582,69.00,    7932,  0.81,   16204,  3.30,   -8272, -1.68
 583,70.00,    9041,  0.92,   17387,  3.54,   -8346, -1.70
 584,71.00,    9599,  0.98,   18176,  3.70,   -8577, -1.75
 585,72.00,    9492,  0.97,   18833,  3.83,   -9341, -1.90
 586,73.00,   10124,  1.03,   19927,  4.05,   -9803, -1.99
 587,74.00,    9546,  0.97,   20160,  4.10,  -10614, -2.16
 588,75.00,    9354,  0.95,   20556,  4.18,  -11202, -2.28
 589,76.00,    9553,  0.97,   20484,  4.17,  -10931, -2.22
 590,77.00,    9185,  0.93,   20237,  4.12,  -11052, -2.25
 591,78.00,    8590,  0.87,   20321,  4.13,  -11731, -2.39
 592,79.00,    8224,  0.84,   20289,  4.13,  -12065, -2.45
 593,80.00,    8516,  0.87,   19700,  4.01,  -11184, -2.28
 594,81.00,    9385,  0.95,   18918,  3.85,   -9533, -1.94
 595,82.00,    9283,  0.94,   17991,  3.66,   -8708, -1.77
 596,83.00,    8203,  0.83,   16872,  3.43,   -8669, -1.76
 597,84.00,    6095,  0.62,   15850,  3.22,   -9755, -1.98
 598,85.00,    3470,  0.35,   14272,  2.90,  -10802, -2.20
 599,86.00,    1466,  0.15,   12635,  2.57,  -11169, -2.27
 600,87.00,     -72, -0.00,   11484,  2.34,  -11556, -2.35
 601,88.00,   -1762, -0.18,    9616,  1.96,  -11378, -2.31
 602,89.00,   -4147, -0.42,    7521,  1.53,  -11668, -2.37
 603,90.00,   -5724, -0.58,    6006,  1.22,  -11730, -2.39
 604,91.00,   -7039, -0.72,    4151,  0.84,  -11190, -2.28
 605,92.00,   -8594, -0.87,    2623,  0.53,  -11217, -2.28
 606,93.00,  -11239, -1.14,     700,  0.14,  -11939, -2.43
 607,94.00,  -14856, -1.51,   -1036, -0.21,  -13820, -2.81
 608,95.00,  -18928, -1.93,   -3171, -0.65,  -15757, -3.21
 609,96.00,  -21507, -2.19,   -5014, -1.02,  -16493, -3.36
 610,97.00,  -23831, -2.42,   -6749, -1.37,  -17082, -3.48
 611,98.00,  -25661, -2.61,   -8370, -1.70,  -17291, -3.52
 612,99.00,  -27221, -2.77,   -9974, -2.03,  -17247, -3.51
 613,100.00,  -29966, -3.05,  -11774, -2.40,  -18192, -3.70
 614,101.00,  -30881, -3.14,  -12183, -2.48,  -18698, -3.80
 615,102.00,  -30882, -3.14,  -11875, -2.42,  -19007, -3.87
 616,103.00,  -31777, -3.23,  -12316, -2.51,  -19461, -3.96
 617,104.00,  -34133, -3.47,  -13766, -2.80,  -20367, -4.14
 618,105.00,  -37233, -3.79,  -15674, -3.19,  -21559, -4.39
 619,106.00,  -39206, -3.99,  -16460, -3.35,  -22746, -4.63
 620,107.00,  -41338, -4.21,  -17059, -3.47,  -24279, -4.94
 621,108.00,  -43618, -4.44,  -18196, -3.70,  -25422, -5.17
 622,109.00,  -45475, -4.63,  -19794, -4.03,  -25681, -5.22
 623,110.00,  -46259, -4.71,  -20701, -4.21,  -25558, -5.20
 624,111.00,  -46727, -4.75,  -20922, -4.26,  -25805, -5.25
 625,112.00,  -47806, -4.86,  -21313, -4.34,  -26493, -5.39
 626,113.00,  -48695, -4.95,  -22212, -4.52,  -26483, -5.39
 627,114.00,  -48433, -4.93,  -22741, -4.63,  -25692, -5.23
 628,115.00,  -49935, -5.08,  -23743, -4.83,  -26192, -5.33
 629,116.00,  -52469, -5.34,  -25092, -5.11,  -27377, -5.57
 630,117.00,  -53947, -5.49,  -25923, -5.27,  -28024, -5.70
 631,118.00,  -53925, -5.49,  -25954, -5.28,  -27971, -5.69
 632,119.00,  -54169, -5.51,  -26387, -5.37,  -27782, -5.65
 633,120.00,  -54807, -5.58,  -27334, -5.56,  -27473, -5.59
 634,121.00,  -55230, -5.62,  -27727, -5.64,  -27503, -5.60
 635,122.00,  -54517, -5.55,  -27756, -5.65,  -26761, -5.44
 636,123.00,  -53214, -5.41,  -27890, -5.67,  -25324, -5.15
 637,124.00,  -52429, -5.33,  -28457, -5.79,  -23972, -4.88
 638,125.00,  -51918, -5.28,  -28754, -5.85,  -23164, -4.71
 639,126.00,  -51630, -5.25,  -28846, -5.87,  -22784, -4.64
 640,127.00,  -51020, -5.19,  -28745, -5.85,  -22275, -4.53
 641,128.00,  -49622, -5.05,  -28128, -5.72,  -21494, -4.37
 642,129.00,  -48391, -4.92,  -27325, -5.56,  -21066, -4.29
 643,130.00,  -47682, -4.85,  -27167, -5.53,  -20515, -4.17
 644,131.00,  -46265, -4.71,  -26924, -5.48,  -19341, -3.94
 645,132.00,  -45265, -4.60,  -27019, -5.50,  -18246, -3.71
 646,133.00,  -43713, -4.45,  -26934, -5.48,  -16779, -3.41
 647,134.00,  -42667, -4.34,  -26814, -5.46,  -15853, -3.23
 648,135.00,  -42190, -4.29,  -26893, -5.47,  -15297, -3.11
 649,136.00,  -39737, -4.04,  -26105, -5.31,  -13632, -2.77
 650,137.00,  -37030, -3.77,  -24968, -5.08,  -12062, -2.45
 651,138.00,  -34953, -3.56,  -23866, -4.86,  -11087, -2.26
 652,139.00,  -33341, -3.39,  -22920, -4.66,  -10421, -2.12
 653,140.00,  -32799, -3.34,  -22135, -4.50,  -10664, -2.17
 654,141.00,  -32348, -3.29,  -21585, -4.39,  -10763, -2.19
 655,142.00,  -31883, -3.24,  -21602, -4.40,  -10281, -2.09
 656,143.00,  -31073, -3.16,  -21466, -4.37,   -9607, -1.95
 657,144.00,  -31272, -3.18,  -21369, -4.35,   -9903, -2.01
 658,145.00,  -31437, -3.20,  -20543, -4.18,  -10894, -2.22
 659,146.00,  -31329, -3.19,  -19791, -4.03,  -11538, -2.35
 660,147.00,  -31192, -3.17,  -19110, -3.89,  -12082, -2.46
 661,148.00,  -30857, -3.14,  -18383, -3.74,  -12474, -2.54
 662,149.00,  -30314, -3.08,  -17700, -3.60,  -12614, -2.57
 663,150.00,  -30131, -3.07,  -17364, -3.53,  -12767, -2.60
 664,151.00,  -30817, -3.13,  -17342, -3.53,  -13475, -2.74
 665,152.00,  -32023, -3.26,  -17590, -3.58,  -14433, -2.94
 666,153.00,  -32494, -3.31,  -17539, -3.57,  -14955, -3.04
 667,154.00,  -32978, -3.35,  -17076, -3.47,  -15902, -3.24
 668,155.00,  -33627, -3.42,  -16531, -3.36,  -17096, -3.48
 669,156.00,  -34294, -3.49,  -15808, -3.22,  -18486, -3.76
 670,157.00,  -35289, -3.59,  -15721, -3.20,  -19568, -3.98
 671,158.00,  -36066, -3.67,  -15902, -3.24,  -20164, -4.10
 672,159.00,  -36006, -3.66,  -16103, -3.28,  -19903, -4.05
 673,160.00,  -35865, -3.65,  -16227, -3.30,  -19638, -4.00
 674,161.00,  -35380, -3.60,  -15896, -3.23,  -19484, -3.96
 675,162.00,  -34195, -3.48,  -14640, -2.98,  -19555, -3.98
 676,163.00,  -33444, -3.40,  -13871, -2.82,  -19573, -3.98
 677,164.00,  -32636, -3.32,  -13325, -2.71,  -19311, -3.93
 678,165.00,  -33015, -3.36,  -13636, -2.77,  -19379, -3.94
 679,166.00,  -33984, -3.46,  -14247, -2.90,  -19737, -4.02
 680,167.00,  -35806, -3.64,  -15309, -3.11,  -20497, -4.17
 681,168.00,  -36722, -3.74,  -15485, -3.15,  -21237, -4.32
 682,169.00,  -35903, -3.65,  -14707, -2.99,  -21196, -4.31
 683,170.00,  -35650, -3.63,  -14333, -2.92,  -21317, -4.34
 684,171.00,  -36040, -3.67,  -14602, -2.97,  -21438, -4.36
 685,172.00,  -36468, -3.71,  -15619, -3.18,  -20849, -4.24
 686,173.00,  -36589, -3.72,  -16386, -3.33,  -20203, -4.11
 687,174.00,  -36628, -3.73,  -16866, -3.43,  -19762, -4.02
 688,175.00,  -37162, -3.78,  -17461, -3.55,  -19701, -4.01
 689,176.00,  -37734, -3.84,  -17749, -3.61,  -19985, -4.07
 690,177.00,  -37803, -3.85,  -17652, -3.59,  -20151, -4.10
 691,178.00,  -37799, -3.85,  -17189, -3.50,  -20610, -4.19
 692,179.00,  -37954, -3.86,  -17482, -3.56,  -20472, -4.17
 693,180.00,  -38471, -3.91,  -18029, -3.67,  -20442, -4.16
 694,181.00,  -39927, -4.06,  -18890, -3.84,  -21037, -4.28
 695,182.00,  -42331, -4.31,  -20007, -4.07,  -22324, -4.54
 696,183.00,  -42998, -4.37,  -19732, -4.01,  -23266, -4.73
 697,184.00,  -44009, -4.48,  -19610, -3.99,  -24399, -4.96
 698,185.00,  -45384, -4.62,  -20092, -4.09,  -25292, -5.15
 699,186.00,  -45838, -4.66,  -20130, -4.10,  -25708, -5.23
 700,187.00,  -46503, -4.73,  -20415, -4.15,  -26088, -5.31
 701,188.00,  -47291, -4.81,  -20965, -4.27,  -26326, -5.36
 702,189.00,  -48925, -4.98,  -21897, -4.46,  -27028, -5.50
 703,190.00,  -50668, -5.15,  -22601, -4.60,  -28067, -5.71
 704,191.00,  -51682, -5.26,  -22763, -4.63,  -28919, -5.88
 705,192.00,  -52415, -5.33,  -22800, -4.64,  -29615, -6.03
 706,193.00,  -53078, -5.40,  -22680, -4.61,  -30398, -6.18
 707,194.00,  -54571, -5.55,  -22781, -4.63,  -31790, -6.47
 708,195.00,  -54880, -5.58,  -22866, -4.65,  -32014, -6.51
 709,196.00,  -53200, -5.41,  -22039, -4.48,  -31161, -6.34
 710,197.00,  -51283, -5.22,  -20826, -4.24,  -30457, -6.20
 711,198.00,  -49839, -5.07,  -19710, -4.01,  -30129, -6.13
 712,199.00,  -49426, -5.03,  -19306, -3.93,  -30120, -6.13
 713,200.00,  -48992, -4.98,  -19311, -3.93,  -29681, -6.04
 714,201.00,  -48971, -4.98,  -19378, -3.94,  -29593, -6.02
 715,202.00,  -48394, -4.92,  -19260, -3.92,  -29134, -5.93
 716,203.00,  -47904, -4.87,  -19615, -3.99,  -28289, -5.76
 717,204.00,  -46858, -4.77,  -19507, -3.97,  -27351, -5.56
 718,205.00,  -45260, -4.60,  -19118, -3.89,  -26142, -5.32
 719,206.00,  -43460, -4.42,  -17750, -3.61,  -25710, -5.23
 720,207.00,  -42212, -4.29,  -16194, -3.29,  -26018, -5.29
 721,208.00,  -41499, -4.22,  -15253, -3.10,  -26246, -5.34
 722,209.00,  -41068, -4.18,  -15250, -3.10,  -25818, -5.25
 723,210.00,  -40313, -4.10,  -15448, -3.14,  -24865, -5.06
 724,211.00,  -38846, -3.95,  -15147, -3.08,  -23699, -4.82
 725,212.00,  -37646, -3.83,  -14842, -3.02,  -22804, -4.64
 726,213.00,  -36610, -3.72,  -14346, -2.92,  -22264, -4.53
 727,214.00,  -35887, -3.65,  -13534, -2.75,  -22353, -4.55
 728,215.00,  -34088, -3.47,  -12034, -2.45,  -22054, -4.49
 729,216.00,  -32161, -3.27,  -10787, -2.19,  -21374, -4.35
 730,217.00,  -30810, -3.13,   -9816, -2.00,  -20994, -4.27
 731,218.00,  -28950, -2.95,   -8356, -1.70,  -20594, -4.19
 732,219.00,  -27714, -2.82,   -7479, -1.52,  -20235, -4.12
 733,220.00,  -26877, -2.73,   -6648, -1.35,  -20229, -4.12
 734,221.00,  -26053, -2.65,   -5403, -1.10,  -20650, -4.20
 735,222.00,  -25253, -2.57,   -4296, -0.87,  -20957, -4.26
 736,223.00,  -24274, -2.47,   -3044, -0.62,  -21230, -4.32
 737,224.00,  -22630, -2.30,   -1757, -0.36,  -20873, -4.25
 738,225.00,  -20521, -2.09,    -570, -0.12,  -19951, -4.06
 739,226.00,  -18677, -1.90,     861,  0.18,  -19538, -3.98
 740,227.00,  -17444, -1.77,    1735,  0.35,  -19179, -3.90
 741,228.00,  -16043, -1.63,    2292,  0.47,  -18335, -3.73
 742,229.00,  -14555, -1.48,    3065,  0.62,  -17620, -3.58
 743,230.00,  -13931, -1.42,    3283,  0.67,  -17214, -3.50
 744,231.00,  -13583, -1.38,    3102,  0.63,  -16685, -3.39
 745,232.00,  -13048, -1.33,    2770,  0.56,  -15818, -3.22
 746,233.00,  -10644, -1.08,    4155,  0.85,  -14799, -3.01
 747,234.00,   -8558, -0.87,    5872,  1.19,  -14430, -2.94
 748,235.00,   -6300, -0.64,    7121,  1.45,  -13421, -2.73
 749,236.00,   -3262, -0.33,    8074,  1.64,  -11336, -2.31
 750,237.00,   -1536, -0.16,    8443,  1.72,   -9979, -2.03
 751,238.00,    -703, -0.07,    8989,  1.83,   -9692, -1.97
 752,239.00,     504,  0.05,    9750,  1.98,   -9246, -1.88
 753,240.00,    1237,  0.13,   10448,  2.13,   -9211, -1.87
 754,241.00,    2678,  0.27,   11477,  2.34,   -8799, -1.79
 755,242.00,    4434,  0.45,   12484,  2.54,   -8050, -1.64
 756,243.00,    6489,  0.66,   13662,  2.78,   -7173, -1.46
 757,244.00,    8286,  0.84,   14792,  3.01,   -6506, -1.32
 758,245.00,    8583,  0.87,   15188,  3.09,   -6605, -1.34
 759,246.00,    8455,  0.86,   15501,  3.15,   -7046, -1.43
 760,247.00,    8270,  0.84,   15848,  3.22,   -7578, -1.54
 761,248.00,    9025,  0.92,   16536,  3.36,   -7511, -1.53
 762,249.00,   10556,  1.07,   17420,  3.54,   -6864, -1.40
 763,250.00,   12172,  1.24,   18436,  3.75,   -6264, -1.27
 764,251.00,   13773,  1.40,   18708,  3.81,   -4935, -1.00
 765,252.00,   14939,  1.52,   18654,  3.80,   -3715, -0.76
 766,253.00,   15761,  1.60,   19189,  3.90,   -3428, -0.70
 767,254.00,   16726,  1.70,   20420,  4.15,   -3694, -0.75
 768,255.00,   17679,  1.80,   21292,  4.33,   -3613, -0.74
 769,256.00,   18302,  1.86,   21388,  4.35,   -3086, -0.63
 770,257.00,   17551,  1.79,   20647,  4.20,   -3096, -0.63
 771,258.00,   17525,  1.78,   20251,  4.12,   -2726, -0.55
 772,259.00,   19086,  1.94,   21016,  4.28,   -1930, -0.39
 773,260.00,   21924,  2.23,   22267,  4.53,    -343, -0.07
 774,261.00,   23812,  2.42,   22820,  4.64,     992,  0.20
 775,262.00,   25473,  2.59,   23661,  4.81,    1812,  0.37
 776,263.00,   27483,  2.80,   24828,  5.05,    2655,  0.54
 777,264.00,   29268,  2.98,   25932,  5.28,    3336,  0.68
 778,265.00,   30495,  3.10,   26375,  5.37,    4120,  0.84
 779,266.00,   31454,  3.20,   26378,  5.37,    5076,  1.03
 780,267.00,   32745,  3.33,   26641,  5.42,    6104,  1.24
 781,268.00,   33258,  3.38,   26762,  5.44,    6496,  1.32
 782,269.00,   33654,  3.42,   26882,  5.47,    6772,  1.38
 783,270.00,   34289,  3.49,   26615,  5.42,    7674,  1.56
 784,271.00,   35855,  3.65,   26735,  5.44,    9120,  1.86
 785,272.00,   37277,  3.79,   26915,  5.48,   10362,  2.11
 786,273.00,   38470,  3.91,   27437,  5.58,   11033,  2.24
 787,274.00,   39603,  4.03,   28107,  5.72,   11496,  2.34
 788,275.00,   41111,  4.18,   28412,  5.78,   12699,  2.58
 789,276.00,   43051,  4.38,   28796,  5.86,   14255,  2.90
 790,277.00,   44564,  4.53,   29381,  5.98,   15183,  3.09
 791,278.00,   46120,  4.69,   30245,  6.15,   15875,  3.23
 792,279.00,   46549,  4.74,   30371,  6.18,   16178,  3.29
 793,280.00,   46305,  4.71,   30472,  6.20,   15833,  3.22
 794,281.00,   45848,  4.66,   30716,  6.25,   15132,  3.08
 795,282.00,   46714,  4.75,   31356,  6.38,   15358,  3.12
 796,283.00,   47824,  4.87,   31730,  6.46,   16094,  3.27
 797,284.00,   48064,  4.89,   31759,  6.46,   16305,  3.32
 798,285.00,   47620,  4.84,   31354,  6.38,   16266,  3.31
 799,286.00,   47628,  4.85,   31441,  6.40,   16187,  3.29
 800,287.00,   48146,  4.90,   32219,  6.56,   15927,  3.24
 801,288.00,   47774,  4.86,   32377,  6.59,   15397,  3.13
 802,289.00,   47476,  4.83,   32099,  6.53,   15377,  3.13
 803,290.00,   46844,  4.77,   31409,  6.39,   15435,  3.14
 804,291.00,   45682,  4.65,   30599,  6.23,   15083,  3.07
 805,292.00,   44249,  4.50,   29867,  6.08,   14382,  2.93
 806,293.00,   43018,  4.38,   28988,  5.90,   14030,  2.85
 807,294.00,   43419,  4.42,   29549,  6.01,   13870,  2.82
 808,295.00,   43186,  4.39,   29478,  6.00,   13708,  2.79
 809,296.00,   42210,  4.29,   28785,  5.86,   13425,  2.73
 810,297.00,   41063,  4.18,   28127,  5.72,   12936,  2.63
 811,298.00,   39936,  4.06,   27646,  5.62,   12290,  2.50
 812,299.00,   39078,  3.98,   27617,  5.62,   11461,  2.33
 813,300.00,   38303,  3.90,   27690,  5.63,   10613,  2.16
 814,301.00,   37278,  3.79,   27294,  5.55,    9984,  2.03
 815,302.00,   36565,  3.72,   26987,  5.49,    9578,  1.95
 816,303.00,   36305,  3.69,   26564,  5.40,    9741,  1.98
 817,304.00,   36156,  3.68,   26492,  5.39,    9664,  1.97
 818,305.00,   35720,  3.63,   26233,  5.34,    9487,  1.93
 819,306.00,   34044,  3.46,   25386,  5.16,    8658,  1.76
 820,307.00,   32751,  3.33,   25006,  5.09,    7745,  1.58
 821,308.00,   31148,  3.17,   24327,  4.95,    6821,  1.39
 822,309.00,   29852,  3.04,   23457,  4.77,    6395,  1.30
 823,310.00,   29747,  3.03,   23187,  4.72,    6560,  1.33
 824,311.00,   28431,  2.89,   22472,  4.57,    5959,  1.21
 825,312.00,   28134,  2.86,   21858,  4.45,    6276,  1.28
 826,313.00,   27919,  2.84,   20994,  4.27,    6925,  1.41
 827,314.00,   26810,  2.73,   19870,  4.04,    6940,  1.41
 828,315.00,   25723,  2.62,   18924,  3.85,    6799,  1.38
 829,316.00,   24596,  2.50,   17570,  3.57,    7026,  1.43
 830,317.00,   23486,  2.39,   16157,  3.29,    7329,  1.49
 831,318.00,   21483,  2.19,   14423,  2.93,    7060,  1.44
 832,319.00,   19152,  1.95,   13211,  2.69,    5941,  1.21
 833,320.00,   17912,  1.82,   12867,  2.62,    5045,  1.03
 834,321.00,   17762,  1.81,   13196,  2.68,    4566,  0.93
 835,322.00,   17548,  1.79,   12903,  2.63,    4645,  0.95
 836,323.00,   16894,  1.72,   11938,  2.43,    4956,  1.01
 837,324.00,   15248,  1.55,   10100,  2.05,    5148,  1.05
 838,325.00,   13270,  1.35,    8565,  1.74,    4705,  0.96
 839,326.00,   12192,  1.24,    7766,  1.58,    4426,  0.90
 840,327.00,   11988,  1.22,    6996,  1.42,    4992,  1.02
 841,328.00,   11001,  1.12,    5726,  1.16,    5275,  1.07
 842,329.00,    9759,  0.99,    4616,  0.94,    5143,  1.05
 843,330.00,    8977,  0.91,    3973,  0.81,    5004,  1.02
 844,331.00,    8412,  0.86,    3411,  0.69,    5001,  1.02
 845,332.00,    7646,  0.78,    3008,  0.61,    4638,  0.94
 846,333.00,    7443,  0.76,    2533,  0.52,    4910,  1.00
 847,334.00,    8778,  0.89,    2856,  0.58,    5922,  1.20
 848,335.00,    9801,  1.00,    2435,  0.50,    7366,  1.50
 849,336.00,   10055,  1.02,    2066,  0.42,    7989,  1.63
 850,337.00,   10428,  1.06,    2321,  0.47,    8107,  1.65
 851,338.00,   10492,  1.07,    2474,  0.50,    8018,  1.63
 852,339.00,   10113,  1.03,    2137,  0.43,    7976,  1.62
 853,340.00,    9277,  0.94,    1626,  0.33,    7651,  1.56
 854,341.00,    8737,  0.89,    1375,  0.28,    7362,  1.50
 855,342.00,    8806,  0.90,    1920,  0.39,    6886,  1.40
 856,343.00,    8733,  0.89,    2581,  0.53,    6152,  1.25
 857,344.00,    8253,  0.84,    2956,  0.60,    5297,  1.08
 858,345.00,    7199,  0.73,    2882,  0.59,    4317,  0.88
 859,346.00,    6224,  0.63,    2752,  0.56,    3472,  0.71
 860,347.00,    5850,  0.60,    3047,  0.62,    2803,  0.57
 861,348.00,    5062,  0.51,    2303,  0.47,    2759,  0.56
 862,349.00,    4637,  0.47,    2251,  0.46,    2386,  0.49
 863,350.00,    5356,  0.54,    2983,  0.61,    2373,  0.48
 864,351.00,    5085,  0.52,    2856,  0.58,    2229,  0.45
 865,352.00,    4100,  0.42,    2548,  0.52,    1552,  0.32
 866,353.00,    2716,  0.28,    2086,  0.42,     630,  0.13
 867,354.00,    1611,  0.16,    1195,  0.24,     416,  0.08
 868,355.00,     565,  0.06,     662,  0.13,     -97, -0.02
 869,356.00,    -104, -0.01,     228,  0.05,    -332, -0.07
 870,357.00,     -77, -0.00,     -44, -0.00,     -33, -0.00
 871,358.00,     720,  0.07,     464,  0.09,     256,  0.05
 872,359.00,    1103,  0.11,    1111,  0.23,      -8, -0.00
 873,360.00,    1115,  0.11,    1122,  0.23,      -7, -0.00
 874,361.00,    1245,  0.13,     626,  0.13,     619,  0.13
 875,362.00,    1798,  0.18,     641,  0.13,    1157,  0.24
 876,363.00,    1880,  0.19,     230,  0.05,    1650,  0.34
 877,364.00,    2499,  0.25,      95,  0.02,    2404,  0.49
 878,365.00,    2620,  0.27,    -129, -0.03,    2749,  0.56
 879,366.00,    1990,  0.20,    -643, -0.13,    2633,  0.54
 880,367.00,    1991,  0.20,    -939, -0.19,    2930,  0.60
 881,368.00,    2228,  0.23,    -989, -0.20,    3217,  0.65
 882,369.00,    1073,  0.11,   -1753, -0.36,    2826,  0.57
 883,370.00,     705,  0.07,   -2282, -0.46,    2987,  0.61
 884,371.00,     148,  0.02,   -3191, -0.65,    3339,  0.68
 885,372.00,    -432, -0.04,   -4241, -0.86,    3809,  0.77
 886,373.00,    -807, -0.08,   -4830, -0.98,    4023,  0.82
 887,374.00,    -984, -0.10,   -5252, -1.07,    4268,  0.87
 888,375.00,   -1072, -0.11,   -5953, -1.21,    4881,  0.99
 889,376.00,   -1006, -0.10,   -6346, -1.29,    5340,  1.09
 890,377.00,   -1202, -0.12,   -6857, -1.40,    5655,  1.15
 891,378.00,   -1785, -0.18,   -7485, -1.52,    5700,  1.16
 892,379.00,   -2677, -0.27,   -7840, -1.60,    5163,  1.05
 893,380.00,   -3438, -0.35,   -8419, -1.71,    4981,  1.01
 894,381.00,   -2290, -0.23,   -8097, -1.65,    5807,  1.18
 895,382.00,   -1284, -0.13,   -7762, -1.58,    6478,  1.32
 896,383.00,    -484, -0.05,   -7519, -1.53,    7035,  1.43
 897,384.00,     343,  0.03,   -7342, -1.49,    7685,  1.56
 898,385.00,     488,  0.05,   -7259, -1.48,    7747,  1.58
 899,386.00,     723,  0.07,   -7062, -1.44,    7785,  1.58
 900,387.00,    1232,  0.13,   -6932, -1.41,    8164,  1.66
 901,388.00,    2562,  0.26,   -6035, -1.23,    8597,  1.75
 902,389.00,    4138,  0.42,   -5083, -1.03,    9221,  1.88
 903,390.00,    4874,  0.50,   -4760, -0.97,    9634,  1.96
 904,391.00,    6092,  0.62,   -4310, -0.88,   10402,  2.12
 905,392.00,    7674,  0.78,   -3679, -0.75,   11353,  2.31
 906,393.00,    8751,  0.89,   -3318, -0.68,   12069,  2.46
 907,394.00,    7988,  0.81,   -3665, -0.75,   11653,  2.37
 908,395.00,    7126,  0.72,   -3633, -0.74,   10759,  2.19
 909,396.00,    8102,  0.82,   -2879, -0.59,   10981,  2.23
 910,397.00,   10723,  1.09,   -1676, -0.34,   12399,  2.52
 911,398.00,   12380,  1.26,   -1467, -0.30,   13847,  2.82
 912,399.00,   11884,  1.21,   -2476, -0.50,   14360,  2.92
 913,400.00,   11343,  1.15,   -3249, -0.66,   14592,  2.97
 914,401.00,   10563,  1.07,   -3638, -0.74,   14201,  2.89
 915,402.00,   10742,  1.09,   -3549, -0.72,   14291,  2.91
 916,403.00,   12728,  1.29,   -2566, -0.52,   15294,  3.11
 917,404.00,   14064,  1.43,   -1632, -0.33,   15696,  3.19
 918,405.00,   14872,  1.51,    -850, -0.17,   15722,  3.20
 919,406.00,   15097,  1.54,    -523, -0.11,   15620,  3.18
 920,407.00,   16227,  1.65,     533,  0.11,   15694,  3.19
 921,408.00,   17453,  1.78,    1420,  0.29,   16033,  3.26
 922,409.00,   18676,  1.90,    2024,  0.41,   16652,  3.39
 923,410.00,   19070,  1.94,    2561,  0.52,   16509,  3.36
 924,411.00,   18739,  1.91,    2628,  0.53,   16111,  3.28
 925,412.00,   18628,  1.89,    2636,  0.54,   15992,  3.25
 926,413.00,   18842,  1.92,    2794,  0.57,   16048,  3.27
 927,414.00,   18988,  1.93,    3173,  0.65,   15815,  3.22
 928,415.00,   19386,  1.97,    3632,  0.74,   15754,  3.21
 929,416.00,   19377,  1.97,    3481,  0.71,   15896,  3.23
 930,417.00,   19410,  1.97,    3619,  0.74,   15791,  3.21
 931,418.00,   19668,  2.00,    4362,  0.89,   15306,  3.11
 932,419.00,   19600,  1.99,    5135,  1.04,   14465,  2.94
 933,420.00,   19511,  1.98,    5274,  1.07,   14237,  2.90
 934,421.00,   19193,  1.95,    4792,  0.97,   14401,  2.93
 935,422.00,   18379,  1.87,    3891,  0.79,   14488,  2.95
 936,423.00,   17262,  1.76,    3208,  0.65,   14054,  2.86
 937,424.00,   17439,  1.77,    3836,  0.78,   13603,  2.77
 938,425.00,   17016,  1.73,    4227,  0.86,   12789,  2.60
 939,426.00,   17818,  1.81,    5254,  1.07,   12564,  2.56
 940,427.00,   18256,  1.86,    5689,  1.16,   12567,  2.56
 941,428.00,   18358,  1.87,    6059,  1.23,   12299,  2.50
 942,429.00,   17975,  1.83,    6547,  1.33,   11428,  2.33
 943,430.00,   16993,  1.73,    6522,  1.33,   10471,  2.13
 944,431.00,   18019,  1.83,    8117,  1.65,    9902,  2.01
 945,432.00,   19138,  1.95,    9512,  1.94,    9626,  1.96
 946,433.00,   20052,  2.04,   10514,  2.14,    9538,  1.94
 947,434.00,   21122,  2.15,   11395,  2.32,    9727,  1.98
 948,435.00,   22011,  2.24,   12441,  2.53,    9570,  1.95
 949,436.00,   22876,  2.33,   13382,  2.72,    9494,  1.93
 950,437.00,   24012,  2.44,   14443,  2.94,    9569,  1.95
 951,438.00,   25380,  2.58,   15263,  3.11,   10117,  2.06
 952,439.00,   27077,  2.75,   16517,  3.36,   10560,  2.15
 953,440.00,   29101,  2.96,   17750,  3.61,   11351,  2.31
 954,441.00,   30552,  3.11,   18642,  3.79,   11910,  2.42
 955,442.00,   31727,  3.23,   19331,  3.93,   12396,  2.52
 956,443.00,   33353,  3.39,   20162,  4.10,   13191,  2.68
 957,444.00,   35053,  3.57,   21528,  4.38,   13525,  2.75
 958,445.00,   36873,  3.75,   22721,  4.62,   14152,  2.88
 959,446.00,   38124,  3.88,   23835,  4.85,   14289,  2.91
 960,447.00,   39467,  4.01,   24933,  5.07,   14534,  2.96
 961,448.00,   41867,  4.26,   26141,  5.32,   15726,  3.20
 962,449.00,   43295,  4.40,   26945,  5.48,   16350,  3.33
 963,450.00,   44348,  4.51,   27520,  5.60,   16828,  3.42
 964,451.00,   46559,  4.74,   29283,  5.96,   17276,  3.51
 965,452.00,   48362,  4.92,   31012,  6.31,   17350,  3.53
 966,453.00,   49272,  5.01,   32072,  6.53,   17200,  3.50
 967,454.00,   49925,  5.08,   32682,  6.65,   17243,  3.51
 968,455.00,   49951,  5.08,   32611,  6.63,   17340,  3.53
 969,456.00,   49280,  5.01,   32256,  6.56,   17024,  3.46
 970,457.00,   49402,  5.03,   32801,  6.67,   16601,  3.38
 971,458.00,   50410,  5.13,   33929,  6.90,   16481,  3.35
 972,459.00,   51325,  5.22,   34718,  7.06,   16607,  3.38
 973,460.00,   52145,  5.30,   35369,  7.20,   16776,  3.41
 974,461.00,   51956,  5.29,   35251,  7.17,   16705,  3.40
 975,462.00,   51616,  5.25,   35105,  7.14,   16511,  3.36
 976,463.00,   52883,  5.38,   35307,  7.18,   17576,  3.58
 977,464.00,   53577,  5.45,   35281,  7.18,   18296,  3.72
 978,465.00,   52782,  5.37,   34410,  7.00,   18372,  3.74
 979,466.00,   50889,  5.18,   32979,  6.71,   17910,  3.64
 980,467.00,   49550,  5.04,   31884,  6.49,   17666,  3.59
 981,468.00,   49583,  5.04,   31652,  6.44,   17931,  3.65
 982,469.00,   49758,  5.06,   31542,  6.42,   18216,  3.71
 983,470.00,   49372,  5.02,   31120,  6.33,   18252,  3.71
 984,471.00,   48464,  4.93,   30407,  6.19,   18057,  3.67
 985,472.00,   47252,  4.81,   29376,  5.98,   17876,  3.64
 986,473.00,   46130,  4.69,   29057,  5.91,   17073,  3.47
 987,474.00,   44269,  4.50,   28486,  5.80,   15783,  3.21
 988,475.00,   42858,  4.36,   27793,  5.65,   15065,  3.07
 989,476.00,   42975,  4.37,   27602,  5.62,   15373,  3.13
 990,477.00,   42546,  4.33,   27516,  5.60,   15030,  3.06
 991,478.00,   41938,  4.27,   27662,  5.63,   14276,  2.90
 992,479.00,   42004,  4.27,   27764,  5.65,   14240,  2.90
 993,480.00,   41397,  4.21,   27195,  5.53,   14202,  2.89
 994,481.00,   39947,  4.06,   26487,  5.39,   13460,  2.74
 995,482.00,   38853,  3.95,   26544,  5.40,   12309,  2.50
 996,483.00,   38481,  3.91,   26911,  5.48,   11570,  2.35
 997,484.00,   37851,  3.85,   27396,  5.57,   10455,  2.13
 998,485.00,   37226,  3.79,   27971,  5.69,    9255,  1.88
 999,486.00,   36977,  3.76,   27910,  5.68,    9067,  1.84
1000,487.00,   37451,  3.81,   28036,  5.70,    9415,  1.92
1001,488.00,   37547,  3.82,   27869,  5.67,    9678,  1.97
1002,489.00,   36937,  3.76,   27359,  5.57,    9578,  1.95
1003,490.00,   36294,  3.69,   27023,  5.50,    9271,  1.89
1004,491.00,   35043,  3.56,   26366,  5.36,    8677,  1.77
1005,492.00,   34443,  3.50,   25855,  5.26,    8588,  1.75
1006,493.00,   33757,  3.43,   24658,  5.02,    9099,  1.85
1007,494.00,   33014,  3.36,   23859,  4.85,    9155,  1.86
1008,495.00,   33317,  3.39,   24181,  4.92,    9136,  1.86
1009,496.00,   33795,  3.44,   24627,  5.01,    9168,  1.87
1010,497.00,   34164,  3.48,   24907,  5.07,    9257,  1.88
1011,498.00,   34203,  3.48,   24842,  5.05,    9361,  1.90
1012,499.00,   34341,  3.49,   24649,  5.02,    9692,  1.97
1013,500.00,   34387,  3.50,   24494,  4.98,    9893,  2.01
1014,501.00,   35485,  3.61,   25223,  5.13,   10262,  2.09
1015,502.00,   36936,  3.76,   25867,  5.26,   11069,  2.25
1016,503.00,   37844,  3.85,   25995,  5.29,   11849,  2.41
1017,504.00,   37774,  3.84,   25569,  5.20,   12205,  2.48
1018,505.00,   38297,  3.90,   25687,  5.23,   12610,  2.57
1019,506.00,   40303,  4.10,   26371,  5.37,   13932,  2.83
1020,507.00,   41815,  4.25,   26620,  5.42,   15195,  3.09
1021,508.00,   42819,  4.36,   26332,  5.36,   16487,  3.35
1022,509.00,   43253,  4.40,   26270,  5.34,   16983,  3.46
1023,510.00,   43739,  4.45,   26624,  5.42,   17115,  3.48
1024,511.00,   43817,  4.46,   26946,  5.48,   16871,  3.43
