-----------------------------------------------------------------------------------
Identifier:,IHS5922-20186F01
File Name:,JSRP70A.8
Ear:,R
Channel:,1
Intensity:,70 dB HL
Stim. Rate:,  1.10/s
Stim. Mode:,0
Sweeps:,62
Artifacts:,1
Smp. Period:,1000.00 us
Amp. Gain:, 50.00 K
Low Pass:, 30.00 Hz
High Pass:,  1.00 Hz
Notch Filter:,TRUE
Stimulus:,100
Stim. Freq.:,1000 Hz
Stim. Dur.:,2000 pnts
Masking:,0 dB SPL
Stim. Point:,513
-----------------------------------------------------------------------------------
Peak Information:,Label,Peak(+),Peak(+)(ms),Peak(-),Peak(-)(ms)
,21, 805,292.00, 926,413.00,
-----------------------------------------------------------------------------------


Data Pnt:,Data Pnt(ms):,Average:,Average(uV):,Buffer1:,Buffer1(uV):,Buffer2:,Buffer2(uV):
   1,-512.00,       0,  0.00,       0,  0.00,       0,  0.00
   2,-511.00,       0,  0.00,       0,  0.00,       0,  0.00
   3,-510.00,       0,  0.00,       0,  0.00,       0,  0.00
   4,-509.00,       0,  0.00,       0,  0.00,       0,  0.00
   5,-508.00,       0,  0.00,       0,  0.00,       0,  0.00
   6,-507.00,       0,  0.00,       0,  0.00,       0,  0.00
   7,-506.00,       0,  0.00,       0,  0.00,       0,  0.00
   8,-505.00,       0,  0.00,       0,  0.00,       0,  0.00
   9,-504.00,       0,  0.00,       0,  0.00,       0,  0.00
  10,-503.00,       0,  0.00,       0,  0.00,       0,  0.00
  11,-502.00,       0,  0.00,       0,  0.00,       0,  0.00
  12,-501.00,       0,  0.00,       0,  0.00,       0,  0.00
  13,-500.00,       0,  0.00,       0,  0.00,       0,  0.00
  14,-499.00,       0,  0.00,       0,  0.00,       0,  0.00
  15,-498.00,       0,  0.00,       0,  0.00,       0,  0.00
  16,-497.00,       0,  0.00,       0,  0.00,       0,  0.00
  17,-496.00,       0,  0.00,       0,  0.00,       0,  0.00
  18,-495.00,       0,  0.00,       0,  0.00,       0,  0.00
  19,-494.00,       0,  0.00,       0,  0.00,       0,  0.00
  20,-493.00,       0,  0.00,       0,  0.00,       0,  0.00
  21,-492.00,       0,  0.00,       0,  0.00,       0,  0.00
  22,-491.00,       0,  0.00,       0,  0.00,       0,  0.00
  23,-490.00,       0,  0.00,       0,  0.00,       0,  0.00
  24,-489.00,       0,  0.00,       0,  0.00,       0,  0.00
  25,-488.00,       0,  0.00,       0,  0.00,       0,  0.00
  26,-487.00,       0,  0.00,       0,  0.00,       0,  0.00
  27,-486.00,       0,  0.00,       0,  0.00,       0,  0.00
  28,-485.00,       0,  0.00,       0,  0.00,       0,  0.00
  29,-484.00,       0,  0.00,       0,  0.00,       0,  0.00
  30,-483.00,       0,  0.00,       0,  0.00,       0,  0.00
  31,-482.00,       0,  0.00,       0,  0.00,       0,  0.00
  32,-481.00,       0,  0.00,       0,  0.00,       0,  0.00
  33,-480.00,       0,  0.00,       0,  0.00,       0,  0.00
  34,-479.00,       0,  0.00,       0,  0.00,       0,  0.00
  35,-478.00,       0,  0.00,       0,  0.00,       0,  0.00
  36,-477.00,       0,  0.00,       0,  0.00,       0,  0.00
  37,-476.00,       0,  0.00,       0,  0.00,       0,  0.00
  38,-475.00,       0,  0.00,       0,  0.00,       0,  0.00
  39,-474.00,       0,  0.00,       0,  0.00,       0,  0.00
  40,-473.00,       0,  0.00,       0,  0.00,       0,  0.00
  41,-472.00,       0,  0.00,       0,  0.00,       0,  0.00
  42,-471.00,       0,  0.00,       0,  0.00,       0,  0.00
  43,-470.00,       0,  0.00,       0,  0.00,       0,  0.00
  44,-469.00,       0,  0.00,       0,  0.00,       0,  0.00
  45,-468.00,       0,  0.00,       0,  0.00,       0,  0.00
  46,-467.00,       0,  0.00,       0,  0.00,       0,  0.00
  47,-466.00,       0,  0.00,       0,  0.00,       0,  0.00
  48,-465.00,       0,  0.00,       0,  0.00,       0,  0.00
  49,-464.00,       0,  0.00,       0,  0.00,       0,  0.00
  50,-463.00,       0,  0.00,       0,  0.00,       0,  0.00
  51,-462.00,       0,  0.00,       0,  0.00,       0,  0.00
  52,-461.00,       0,  0.00,       0,  0.00,       0,  0.00
  53,-460.00,       0,  0.00,       0,  0.00,       0,  0.00
  54,-459.00,       0,  0.00,       0,  0.00,       0,  0.00
  55,-458.00,       0,  0.00,       0,  0.00,       0,  0.00
  56,-457.00,       0,  0.00,       0,  0.00,       0,  0.00
  57,-456.00,       0,  0.00,       0,  0.00,       0,  0.00
  58,-455.00,       0,  0.00,       0,  0.00,       0,  0.00
  59,-454.00,       0,  0.00,       0,  0.00,       0,  0.00
  60,-453.00,       0,  0.00,       0,  0.00,       0,  0.00
  61,-452.00,       0,  0.00,       0,  0.00,       0,  0.00
  62,-451.00,       0,  0.00,       0,  0.00,       0,  0.00
  63,-450.00,       0,  0.00,       0,  0.00,       0,  0.00
  64,-449.00,       0,  0.00,       0,  0.00,       0,  0.00
  65,-448.00,       0,  0.00,       0,  0.00,       0,  0.00
  66,-447.00,       0,  0.00,       0,  0.00,       0,  0.00
  67,-446.00,       0,  0.00,       0,  0.00,       0,  0.00
  68,-445.00,       0,  0.00,       0,  0.00,       0,  0.00
  69,-444.00,       0,  0.00,       0,  0.00,       0,  0.00
  70,-443.00,       0,  0.00,       0,  0.00,       0,  0.00
  71,-442.00,       0,  0.00,       0,  0.00,       0,  0.00
  72,-441.00,       0,  0.00,       0,  0.00,       0,  0.00
  73,-440.00,       0,  0.00,       0,  0.00,       0,  0.00
  74,-439.00,       0,  0.00,       0,  0.00,       0,  0.00
  75,-438.00,       0,  0.00,       0,  0.00,       0,  0.00
  76,-437.00,       0,  0.00,       0,  0.00,       0,  0.00
  77,-436.00,       0,  0.00,       0,  0.00,       0,  0.00
  78,-435.00,       0,  0.00,       0,  0.00,       0,  0.00
  79,-434.00,       0,  0.00,       0,  0.00,       0,  0.00
  80,-433.00,       0,  0.00,       0,  0.00,       0,  0.00
  81,-432.00,       0,  0.00,       0,  0.00,       0,  0.00
  82,-431.00,       0,  0.00,       0,  0.00,       0,  0.00
  83,-430.00,       0,  0.00,       0,  0.00,       0,  0.00
  84,-429.00,       0,  0.00,       0,  0.00,       0,  0.00
  85,-428.00,       0,  0.00,       0,  0.00,       0,  0.00
  86,-427.00,       0,  0.00,       0,  0.00,       0,  0.00
  87,-426.00,       0,  0.00,       0,  0.00,       0,  0.00
  88,-425.00,       0,  0.00,       0,  0.00,       0,  0.00
  89,-424.00,       0,  0.00,       0,  0.00,       0,  0.00
  90,-423.00,       0,  0.00,       0,  0.00,       0,  0.00
  91,-422.00,       0,  0.00,       0,  0.00,       0,  0.00
  92,-421.00,       0,  0.00,       0,  0.00,       0,  0.00
  93,-420.00,       0,  0.00,       0,  0.00,       0,  0.00
  94,-419.00,       0,  0.00,       0,  0.00,       0,  0.00
  95,-418.00,       0,  0.00,       0,  0.00,       0,  0.00
  96,-417.00,       0,  0.00,       0,  0.00,       0,  0.00
  97,-416.00,       0,  0.00,       0,  0.00,       0,  0.00
  98,-415.00,       0,  0.00,       0,  0.00,       0,  0.00
  99,-414.00,       0,  0.00,       0,  0.00,       0,  0.00
 100,-413.00,       0,  0.00,       0,  0.00,       0,  0.00
 101,-412.00,       0,  0.00,       0,  0.00,       0,  0.00
 102,-411.00,       0,  0.00,       0,  0.00,       0,  0.00
 103,-410.00,       0,  0.00,       0,  0.00,       0,  0.00
 104,-409.00,       0,  0.00,       0,  0.00,       0,  0.00
 105,-408.00,       0,  0.00,       0,  0.00,       0,  0.00
 106,-407.00,       0,  0.00,       0,  0.00,       0,  0.00
 107,-406.00,       0,  0.00,       0,  0.00,       0,  0.00
 108,-405.00,       0,  0.00,       0,  0.00,       0,  0.00
 109,-404.00,       0,  0.00,       0,  0.00,       0,  0.00
 110,-403.00,       0,  0.00,       0,  0.00,       0,  0.00
 111,-402.00,       0,  0.00,       0,  0.00,       0,  0.00
 112,-401.00,       0,  0.00,       0,  0.00,       0,  0.00
 113,-400.00,       0,  0.00,       0,  0.00,       0,  0.00
 114,-399.00,       0,  0.00,       0,  0.00,       0,  0.00
 115,-398.00,       0,  0.00,       0,  0.00,       0,  0.00
 116,-397.00,   -3243, -0.32,   -6872, -1.35,    3629,  0.71
 117,-396.00,   -3981, -0.39,   -7793, -1.53,    3812,  0.75
 118,-395.00,   -3449, -0.34,   -8042, -1.58,    4593,  0.90
 119,-394.00,   -2260, -0.22,   -7932, -1.56,    5672,  1.12
 120,-393.00,   -1855, -0.18,   -7204, -1.42,    5349,  1.05
 121,-392.00,   -1983, -0.20,   -7058, -1.39,    5075,  1.00
 122,-391.00,   -2228, -0.22,   -7115, -1.40,    4887,  0.96
 123,-390.00,   -1532, -0.15,   -6070, -1.20,    4538,  0.89
 124,-389.00,   -1225, -0.12,   -5380, -1.06,    4155,  0.82
 125,-388.00,   -1041, -0.10,   -5088, -1.00,    4047,  0.80
 126,-387.00,    -804, -0.08,   -5066, -1.00,    4262,  0.84
 127,-386.00,     -89, -0.00,   -4336, -0.85,    4247,  0.84
 128,-385.00,     824,  0.08,   -3346, -0.66,    4170,  0.82
 129,-384.00,    1441,  0.14,   -3018, -0.59,    4459,  0.88
 130,-383.00,    1184,  0.12,   -3168, -0.62,    4352,  0.86
 131,-382.00,    1068,  0.11,   -3031, -0.60,    4099,  0.81
 132,-381.00,    1482,  0.15,   -2504, -0.49,    3986,  0.78
 133,-380.00,    2366,  0.23,   -1661, -0.33,    4027,  0.79
 134,-379.00,    3439,  0.34,    -858, -0.17,    4297,  0.85
 135,-378.00,    4534,  0.45,      90,  0.02,    4444,  0.87
 136,-377.00,    4847,  0.48,     272,  0.05,    4575,  0.90
 137,-376.00,    5310,  0.52,     242,  0.05,    5068,  1.00
 138,-375.00,    5309,  0.52,     194,  0.04,    5115,  1.01
 139,-374.00,    6437,  0.63,    1018,  0.20,    5419,  1.07
 140,-373.00,    7544,  0.74,    2134,  0.42,    5410,  1.07
 141,-372.00,    8823,  0.87,    3251,  0.64,    5572,  1.10
 142,-371.00,   10930,  1.08,    4746,  0.93,    6184,  1.22
 143,-370.00,   12359,  1.22,    5622,  1.11,    6737,  1.33
 144,-369.00,   12370,  1.22,    6073,  1.20,    6297,  1.24
 145,-368.00,   11549,  1.14,    5806,  1.14,    5743,  1.13
 146,-367.00,   10407,  1.02,    5438,  1.07,    4969,  0.98
 147,-366.00,    9189,  0.90,    5277,  1.04,    3912,  0.77
 148,-365.00,    9076,  0.89,    6000,  1.18,    3076,  0.61
 149,-364.00,    9540,  0.94,    7178,  1.41,    2362,  0.47
 150,-363.00,    9996,  0.98,    8039,  1.58,    1957,  0.39
 151,-362.00,   11126,  1.10,    9303,  1.83,    1823,  0.36
 152,-361.00,   12107,  1.19,   10110,  1.99,    1997,  0.39
 153,-360.00,   12840,  1.26,   10754,  2.12,    2086,  0.41
 154,-359.00,   13455,  1.32,   11324,  2.23,    2131,  0.42
 155,-358.00,   13072,  1.29,   11161,  2.20,    1911,  0.38
 156,-357.00,   12738,  1.25,   11114,  2.19,    1624,  0.32
 157,-356.00,   13492,  1.33,   11889,  2.34,    1603,  0.32
 158,-355.00,   14071,  1.39,   12284,  2.42,    1787,  0.35
 159,-354.00,   14754,  1.45,   12612,  2.48,    2142,  0.42
 160,-353.00,   14618,  1.44,   12291,  2.42,    2327,  0.46
 161,-352.00,   14410,  1.42,   12105,  2.38,    2305,  0.45
 162,-351.00,   15174,  1.49,   12483,  2.46,    2691,  0.53
 163,-350.00,   15992,  1.57,   12375,  2.44,    3617,  0.71
 164,-349.00,   16400,  1.61,   12113,  2.38,    4287,  0.84
 165,-348.00,   17098,  1.68,   11936,  2.35,    5162,  1.02
 166,-347.00,   16707,  1.64,   11727,  2.31,    4980,  0.98
 167,-346.00,   16873,  1.66,   12406,  2.44,    4467,  0.88
 168,-345.00,   17052,  1.68,   12574,  2.48,    4478,  0.88
 169,-344.00,   16577,  1.63,   11925,  2.35,    4652,  0.92
 170,-343.00,   17097,  1.68,   11909,  2.34,    5188,  1.02
 171,-342.00,   17752,  1.75,   12142,  2.39,    5610,  1.10
 172,-341.00,   17851,  1.76,   12464,  2.45,    5387,  1.06
 173,-340.00,   16499,  1.62,   12062,  2.37,    4437,  0.87
 174,-339.00,   16421,  1.62,   11965,  2.36,    4456,  0.88
 175,-338.00,   17074,  1.68,   12453,  2.45,    4621,  0.91
 176,-337.00,   17884,  1.76,   12975,  2.55,    4909,  0.97
 177,-336.00,   17929,  1.77,   13129,  2.59,    4800,  0.95
 178,-335.00,   18044,  1.78,   13519,  2.66,    4525,  0.89
 179,-334.00,   17118,  1.69,   13277,  2.61,    3841,  0.76
 180,-333.00,   16334,  1.61,   13213,  2.60,    3121,  0.61
 181,-332.00,   17233,  1.70,   14437,  2.84,    2796,  0.55
 182,-331.00,   19054,  1.88,   16431,  3.24,    2623,  0.52
 183,-330.00,   19968,  1.97,   17491,  3.44,    2477,  0.49
 184,-329.00,   19674,  1.94,   17398,  3.43,    2276,  0.45
 185,-328.00,   19436,  1.91,   17094,  3.37,    2342,  0.46
 186,-327.00,   19592,  1.93,   16751,  3.30,    2841,  0.56
 187,-326.00,   19996,  1.97,   17068,  3.36,    2928,  0.58
 188,-325.00,   20353,  2.00,   17788,  3.50,    2565,  0.51
 189,-324.00,   20747,  2.04,   18366,  3.62,    2381,  0.47
 190,-323.00,   20854,  2.05,   18032,  3.55,    2822,  0.56
 191,-322.00,   20442,  2.01,   17467,  3.44,    2975,  0.59
 192,-321.00,   19696,  1.94,   16533,  3.26,    3163,  0.62
 193,-320.00,   19040,  1.87,   16021,  3.15,    3019,  0.59
 194,-319.00,   18073,  1.78,   15072,  2.97,    3001,  0.59
 195,-318.00,   16940,  1.67,   14079,  2.77,    2861,  0.56
 196,-317.00,   15238,  1.50,   13001,  2.56,    2237,  0.44
 197,-316.00,   13439,  1.32,   11787,  2.32,    1652,  0.33
 198,-315.00,   12598,  1.24,   11064,  2.18,    1534,  0.30
 199,-314.00,   11795,  1.16,   10535,  2.07,    1260,  0.25
 200,-313.00,   10070,  0.99,   10257,  2.02,    -187, -0.04
 201,-312.00,    8014,  0.79,    9635,  1.90,   -1621, -0.32
 202,-311.00,    6109,  0.60,    8875,  1.75,   -2766, -0.54
 203,-310.00,    5094,  0.50,    8868,  1.75,   -3774, -0.74
 204,-309.00,    3663,  0.36,    8043,  1.58,   -4380, -0.86
 205,-308.00,    1616,  0.16,    6650,  1.31,   -5034, -0.99
 206,-307.00,     700,  0.07,    6423,  1.26,   -5723, -1.13
 207,-306.00,    -657, -0.06,    6098,  1.20,   -6755, -1.33
 208,-305.00,   -2042, -0.20,    5470,  1.08,   -7512, -1.48
 209,-304.00,   -2932, -0.29,    5222,  1.03,   -8154, -1.61
 210,-303.00,   -3659, -0.36,    5404,  1.06,   -9063, -1.78
 211,-302.00,   -4770, -0.47,    5191,  1.02,   -9961, -1.96
 212,-301.00,   -5926, -0.58,    4628,  0.91,  -10554, -2.08
 213,-300.00,   -5959, -0.59,    4771,  0.94,  -10730, -2.11
 214,-299.00,   -6541, -0.64,    4510,  0.89,  -11051, -2.18
 215,-298.00,   -6916, -0.68,    4458,  0.88,  -11374, -2.24
 216,-297.00,   -6727, -0.66,    4911,  0.97,  -11638, -2.29
 217,-296.00,   -7028, -0.69,    4864,  0.96,  -11892, -2.34
 218,-295.00,   -8376, -0.82,    3726,  0.73,  -12102, -2.38
 219,-294.00,   -9817, -0.97,    2765,  0.54,  -12582, -2.48
 220,-293.00,  -10620, -1.05,    2066,  0.41,  -12686, -2.50
 221,-292.00,  -10470, -1.03,    2319,  0.46,  -12789, -2.52
 222,-291.00,  -10554, -1.04,    2149,  0.42,  -12703, -2.50
 223,-290.00,  -11049, -1.09,    2034,  0.40,  -13083, -2.58
 224,-289.00,  -11383, -1.12,    2034,  0.40,  -13417, -2.64
 225,-288.00,  -11587, -1.14,    2034,  0.40,  -13621, -2.68
 226,-287.00,  -11608, -1.14,    2090,  0.41,  -13698, -2.70
 227,-286.00,  -12025, -1.18,    1922,  0.38,  -13947, -2.75
 228,-285.00,  -12854, -1.27,    1271,  0.25,  -14125, -2.78
 229,-284.00,  -13772, -1.36,     340,  0.07,  -14112, -2.78
 230,-283.00,  -14511, -1.43,    -220, -0.04,  -14291, -2.81
 231,-282.00,  -14684, -1.45,     123,  0.02,  -14807, -2.92
 232,-281.00,  -13555, -1.33,     948,  0.19,  -14503, -2.86
 233,-280.00,  -13530, -1.33,     862,  0.17,  -14392, -2.83
 234,-279.00,  -14459, -1.42,     375,  0.07,  -14834, -2.92
 235,-278.00,  -14696, -1.45,    -174, -0.03,  -14522, -2.86
 236,-277.00,  -14078, -1.39,    -433, -0.09,  -13645, -2.69
 237,-276.00,  -13854, -1.36,    -369, -0.07,  -13485, -2.66
 238,-275.00,  -13567, -1.34,    -236, -0.05,  -13331, -2.62
 239,-274.00,  -12390, -1.22,     493,  0.10,  -12883, -2.54
 240,-273.00,  -11685, -1.15,     892,  0.18,  -12577, -2.48
 241,-272.00,  -10510, -1.03,    1533,  0.30,  -12043, -2.37
 242,-271.00,   -9360, -0.92,    1715,  0.34,  -11075, -2.18
 243,-270.00,   -8884, -0.87,     903,  0.18,   -9787, -1.93
 244,-269.00,   -8247, -0.81,     829,  0.16,   -9076, -1.79
 245,-268.00,   -7679, -0.76,    1131,  0.22,   -8810, -1.73
 246,-267.00,   -6610, -0.65,    1956,  0.39,   -8566, -1.69
 247,-266.00,   -5109, -0.50,    2602,  0.51,   -7711, -1.52
 248,-265.00,   -4411, -0.43,    2350,  0.46,   -6761, -1.33
 249,-264.00,   -4416, -0.43,    1686,  0.33,   -6102, -1.20
 250,-263.00,   -3760, -0.37,    1800,  0.35,   -5560, -1.09
 251,-262.00,   -2272, -0.22,    2237,  0.44,   -4509, -0.89
 252,-261.00,    -494, -0.05,    2432,  0.48,   -2926, -0.58
 253,-260.00,     621,  0.06,    3008,  0.59,   -2387, -0.47
 254,-259.00,    1581,  0.16,    3654,  0.72,   -2073, -0.41
 255,-258.00,    1699,  0.17,    3386,  0.67,   -1687, -0.33
 256,-257.00,    2408,  0.24,    3372,  0.66,    -964, -0.19
 257,-256.00,    2064,  0.20,    2621,  0.52,    -557, -0.11
 258,-255.00,    1101,  0.11,    2140,  0.42,   -1039, -0.20
 259,-254.00,     644,  0.06,    2295,  0.45,   -1651, -0.33
 260,-253.00,    1111,  0.11,    3071,  0.60,   -1960, -0.39
 261,-252.00,    2043,  0.20,    3773,  0.74,   -1730, -0.34
 262,-251.00,    1363,  0.13,    3275,  0.64,   -1912, -0.38
 263,-250.00,     595,  0.06,    2623,  0.52,   -2028, -0.40
 264,-249.00,     790,  0.08,    2752,  0.54,   -1962, -0.39
 265,-248.00,     491,  0.05,    2865,  0.56,   -2374, -0.47
 266,-247.00,      94,  0.00,    3116,  0.61,   -3022, -0.60
 267,-246.00,     -64, -0.00,    3332,  0.66,   -3396, -0.67
 268,-245.00,     574,  0.06,    4065,  0.80,   -3491, -0.69
 269,-244.00,     -43, -0.00,    3800,  0.75,   -3843, -0.76
 270,-243.00,    -513, -0.05,    3992,  0.79,   -4505, -0.89
 271,-242.00,    -368, -0.04,    4514,  0.89,   -4882, -0.96
 272,-241.00,    -626, -0.06,    4633,  0.91,   -5259, -1.04
 273,-240.00,    -343, -0.03,    5119,  1.01,   -5462, -1.08
 274,-239.00,    -384, -0.04,    5308,  1.05,   -5692, -1.12
 275,-238.00,   -1457, -0.14,    5074,  1.00,   -6531, -1.29
 276,-237.00,   -3360, -0.33,    3997,  0.79,   -7357, -1.45
 277,-236.00,   -4545, -0.45,    3388,  0.67,   -7933, -1.56
 278,-235.00,   -4682, -0.46,    3223,  0.63,   -7905, -1.56
 279,-234.00,   -4023, -0.40,    3610,  0.71,   -7633, -1.50
 280,-233.00,   -3599, -0.35,    4540,  0.89,   -8139, -1.60
 281,-232.00,   -3158, -0.31,    5036,  0.99,   -8194, -1.61
 282,-231.00,   -2976, -0.29,    4573,  0.90,   -7549, -1.49
 283,-230.00,   -2463, -0.24,    4336,  0.85,   -6799, -1.34
 284,-229.00,   -1765, -0.17,    4524,  0.89,   -6289, -1.24
 285,-228.00,   -1070, -0.11,    4476,  0.88,   -5546, -1.09
 286,-227.00,    -273, -0.03,    4860,  0.96,   -5133, -1.01
 287,-226.00,    -109, -0.01,    5405,  1.06,   -5514, -1.09
 288,-225.00,     467,  0.05,    6331,  1.25,   -5864, -1.15
 289,-224.00,     848,  0.08,    6593,  1.30,   -5745, -1.13
 290,-223.00,     555,  0.05,    6485,  1.28,   -5930, -1.17
 291,-222.00,     993,  0.10,    6783,  1.34,   -5790, -1.14
 292,-221.00,    1164,  0.11,    7051,  1.39,   -5887, -1.16
 293,-220.00,    1461,  0.14,    7226,  1.42,   -5765, -1.14
 294,-219.00,    1447,  0.14,    6946,  1.37,   -5499, -1.08
 295,-218.00,     182,  0.02,    6000,  1.18,   -5818, -1.15
 296,-217.00,    -832, -0.08,    4746,  0.93,   -5578, -1.10
 297,-216.00,   -1144, -0.11,    3478,  0.68,   -4622, -0.91
 298,-215.00,   -1805, -0.18,    2212,  0.44,   -4017, -0.79
 299,-214.00,   -1854, -0.18,    1930,  0.38,   -3784, -0.75
 300,-213.00,   -1697, -0.17,    2136,  0.42,   -3833, -0.75
 301,-212.00,   -2183, -0.21,    1811,  0.36,   -3994, -0.79
 302,-211.00,   -2414, -0.24,    1556,  0.31,   -3970, -0.78
 303,-210.00,   -2783, -0.27,    1268,  0.25,   -4051, -0.80
 304,-209.00,   -2229, -0.22,    1058,  0.21,   -3287, -0.65
 305,-208.00,   -1141, -0.11,     786,  0.15,   -1927, -0.38
 306,-207.00,    1028,  0.10,    1335,  0.26,    -307, -0.06
 307,-206.00,    1749,  0.17,     707,  0.14,    1042,  0.21
 308,-205.00,    1518,  0.15,      70,  0.01,    1448,  0.29
 309,-204.00,     478,  0.05,    -649, -0.13,    1127,  0.22
 310,-203.00,     534,  0.05,    -412, -0.08,     946,  0.19
 311,-202.00,     696,  0.07,    -124, -0.02,     820,  0.16
 312,-201.00,     544,  0.05,     101,  0.02,     443,  0.09
 313,-200.00,    -271, -0.03,     425,  0.08,    -696, -0.14
 314,-199.00,    -781, -0.08,     627,  0.12,   -1408, -0.28
 315,-198.00,   -1309, -0.13,     370,  0.07,   -1679, -0.33
 316,-197.00,   -2500, -0.25,    -523, -0.10,   -1977, -0.39
 317,-196.00,   -3706, -0.36,   -1595, -0.31,   -2111, -0.42
 318,-195.00,   -3363, -0.33,   -1367, -0.27,   -1996, -0.39
 319,-194.00,   -3083, -0.30,   -1262, -0.25,   -1821, -0.36
 320,-193.00,   -3176, -0.31,   -1230, -0.24,   -1946, -0.38
 321,-192.00,   -2981, -0.29,   -1140, -0.22,   -1841, -0.36
 322,-191.00,   -2922, -0.29,    -606, -0.12,   -2316, -0.46
 323,-190.00,   -2909, -0.29,     119,  0.02,   -3028, -0.60
 324,-189.00,   -2953, -0.29,       1,  0.00,   -2954, -0.58
 325,-188.00,   -2612, -0.26,    -323, -0.06,   -2289, -0.45
 326,-187.00,   -1765, -0.17,     344,  0.07,   -2109, -0.42
 327,-186.00,    -156, -0.02,    1502,  0.30,   -1658, -0.33
 328,-185.00,     419,  0.04,    1502,  0.30,   -1083, -0.21
 329,-184.00,    -284, -0.03,     801,  0.16,   -1085, -0.21
 330,-183.00,    -682, -0.07,     569,  0.11,   -1251, -0.25
 331,-182.00,    -780, -0.08,     745,  0.15,   -1525, -0.30
 332,-181.00,    -240, -0.02,    1210,  0.24,   -1450, -0.29
 333,-180.00,    -505, -0.05,    1155,  0.23,   -1660, -0.33
 334,-179.00,   -1370, -0.13,     587,  0.12,   -1957, -0.39
 335,-178.00,   -2209, -0.22,    -309, -0.06,   -1900, -0.37
 336,-177.00,   -2744, -0.27,   -1138, -0.22,   -1606, -0.32
 337,-176.00,   -2258, -0.22,    -669, -0.13,   -1589, -0.31
 338,-175.00,   -2553, -0.25,    -897, -0.18,   -1656, -0.33
 339,-174.00,   -4409, -0.43,   -2473, -0.49,   -1936, -0.38
 340,-173.00,   -5243, -0.52,   -3280, -0.65,   -1963, -0.39
 341,-172.00,   -5243, -0.52,   -3348, -0.66,   -1895, -0.37
 342,-171.00,   -5476, -0.54,   -3573, -0.70,   -1903, -0.37
 343,-170.00,   -5321, -0.52,   -2896, -0.57,   -2425, -0.48
 344,-169.00,   -5386, -0.53,   -2240, -0.44,   -3146, -0.62
 345,-168.00,   -5335, -0.53,   -1439, -0.28,   -3896, -0.77
 346,-167.00,   -5453, -0.54,   -1382, -0.27,   -4071, -0.80
 347,-166.00,   -5327, -0.52,   -1667, -0.33,   -3660, -0.72
 348,-165.00,   -5802, -0.57,   -2229, -0.44,   -3573, -0.70
 349,-164.00,   -5817, -0.57,   -2802, -0.55,   -3015, -0.59
 350,-163.00,   -4389, -0.43,   -2116, -0.42,   -2273, -0.45
 351,-162.00,   -3716, -0.37,   -2072, -0.41,   -1644, -0.32
 352,-161.00,   -3796, -0.37,   -2414, -0.48,   -1382, -0.27
 353,-160.00,   -3630, -0.36,   -2344, -0.46,   -1286, -0.25
 354,-159.00,   -3998, -0.39,   -2212, -0.44,   -1786, -0.35
 355,-158.00,   -4404, -0.43,   -1924, -0.38,   -2480, -0.49
 356,-157.00,   -4528, -0.45,   -1950, -0.38,   -2578, -0.51
 357,-156.00,   -4537, -0.45,   -2126, -0.42,   -2411, -0.47
 358,-155.00,   -4957, -0.49,   -2393, -0.47,   -2564, -0.50
 359,-154.00,   -5188, -0.51,   -2744, -0.54,   -2444, -0.48
 360,-153.00,   -5550, -0.55,   -3189, -0.63,   -2361, -0.46
 361,-152.00,   -6668, -0.66,   -3499, -0.69,   -3169, -0.62
 362,-151.00,   -7355, -0.72,   -3184, -0.63,   -4171, -0.82
 363,-150.00,   -8291, -0.82,   -2870, -0.57,   -5421, -1.07
 364,-149.00,   -8880, -0.87,   -2497, -0.49,   -6383, -1.26
 365,-148.00,  -10620, -1.05,   -2862, -0.56,   -7758, -1.53
 366,-147.00,  -11771, -1.16,   -3042, -0.60,   -8729, -1.72
 367,-146.00,  -11548, -1.14,   -2414, -0.48,   -9134, -1.80
 368,-145.00,  -11216, -1.10,   -1712, -0.34,   -9504, -1.87
 369,-144.00,  -10969, -1.08,   -1348, -0.27,   -9621, -1.89
 370,-143.00,  -11300, -1.11,    -964, -0.19,  -10336, -2.04
 371,-142.00,  -12470, -1.23,   -1284, -0.25,  -11186, -2.20
 372,-141.00,  -13071, -1.29,   -1674, -0.33,  -11397, -2.24
 373,-140.00,  -12637, -1.24,   -1265, -0.25,  -11372, -2.24
 374,-139.00,  -12731, -1.25,   -1253, -0.25,  -11478, -2.26
 375,-138.00,  -12752, -1.26,   -1659, -0.33,  -11093, -2.18
 376,-137.00,  -13447, -1.32,   -2688, -0.53,  -10759, -2.12
 377,-136.00,  -14422, -1.42,   -3442, -0.68,  -10980, -2.16
 378,-135.00,  -14590, -1.44,   -3463, -0.68,  -11127, -2.19
 379,-134.00,  -14484, -1.43,   -3401, -0.67,  -11083, -2.18
 380,-133.00,  -15144, -1.49,   -4242, -0.84,  -10902, -2.15
 381,-132.00,  -15963, -1.57,   -4880, -0.96,  -11083, -2.18
 382,-131.00,  -16561, -1.63,   -5286, -1.04,  -11275, -2.22
 383,-130.00,  -17538, -1.73,   -5948, -1.17,  -11590, -2.28
 384,-129.00,  -19011, -1.87,   -7164, -1.41,  -11847, -2.33
 385,-128.00,  -21016, -2.07,   -8689, -1.71,  -12327, -2.43
 386,-127.00,  -22597, -2.22,   -9537, -1.88,  -13060, -2.57
 387,-126.00,  -23426, -2.31,   -9902, -1.95,  -13524, -2.66
 388,-125.00,  -22803, -2.24,   -8827, -1.74,  -13976, -2.75
 389,-124.00,  -22593, -2.22,   -7759, -1.53,  -14834, -2.92
 390,-123.00,  -23113, -2.28,   -7726, -1.52,  -15387, -3.03
 391,-122.00,  -23003, -2.26,   -6685, -1.32,  -16318, -3.21
 392,-121.00,  -23367, -2.30,   -5768, -1.14,  -17599, -3.47
 393,-120.00,  -23640, -2.33,   -5701, -1.12,  -17939, -3.53
 394,-119.00,  -23104, -2.27,   -5172, -1.02,  -17932, -3.53
 395,-118.00,  -22651, -2.23,   -4597, -0.91,  -18054, -3.55
 396,-117.00,  -22257, -2.19,   -3744, -0.74,  -18513, -3.65
 397,-116.00,  -21899, -2.16,   -3258, -0.64,  -18641, -3.67
 398,-115.00,  -21850, -2.15,   -2878, -0.57,  -18972, -3.74
 399,-114.00,  -21907, -2.16,   -2747, -0.54,  -19160, -3.77
 400,-113.00,  -21893, -2.16,   -2449, -0.48,  -19444, -3.83
 401,-112.00,  -21583, -2.12,   -1892, -0.37,  -19691, -3.88
 402,-111.00,  -21272, -2.09,   -1432, -0.28,  -19840, -3.91
 403,-110.00,  -20609, -2.03,   -1146, -0.23,  -19463, -3.83
 404,-109.00,  -20151, -1.98,    -989, -0.19,  -19162, -3.77
 405,-108.00,  -20924, -2.06,   -1528, -0.30,  -19396, -3.82
 406,-107.00,  -21659, -2.13,   -2215, -0.44,  -19444, -3.83
 407,-106.00,  -22759, -2.24,   -2846, -0.56,  -19913, -3.92
 408,-105.00,  -22527, -2.22,   -2410, -0.47,  -20117, -3.96
 409,-104.00,  -23058, -2.27,   -2714, -0.53,  -20344, -4.01
 410,-103.00,  -23379, -2.30,   -2962, -0.58,  -20417, -4.02
 411,-102.00,  -23214, -2.29,   -3097, -0.61,  -20117, -3.96
 412,-101.00,  -24095, -2.37,   -3531, -0.70,  -20564, -4.05
 413,-100.00,  -24632, -2.42,   -3306, -0.65,  -21326, -4.20
 414,-99.00,  -24665, -2.43,   -3187, -0.63,  -21478, -4.23
 415,-98.00,  -24439, -2.41,   -3739, -0.74,  -20700, -4.08
 416,-97.00,  -22687, -2.23,   -3054, -0.60,  -19633, -3.87
 417,-96.00,  -20363, -2.00,   -1916, -0.38,  -18447, -3.63
 418,-95.00,  -18639, -1.83,    -545, -0.11,  -18094, -3.56
 419,-94.00,  -17369, -1.71,     418,  0.08,  -17787, -3.50
 420,-93.00,  -17604, -1.73,     194,  0.04,  -17798, -3.50
 421,-92.00,  -19185, -1.89,   -1301, -0.26,  -17884, -3.52
 422,-91.00,  -19290, -1.90,   -1579, -0.31,  -17711, -3.49
 423,-90.00,  -18910, -1.86,   -1583, -0.31,  -17327, -3.41
 424,-89.00,  -18309, -1.80,   -1740, -0.34,  -16569, -3.26
 425,-88.00,  -17689, -1.74,   -1937, -0.38,  -15752, -3.10
 426,-87.00,  -17791, -1.75,   -2424, -0.48,  -15367, -3.03
 427,-86.00,  -17370, -1.71,   -2116, -0.42,  -15254, -3.00
 428,-85.00,  -16213, -1.60,    -844, -0.17,  -15369, -3.03
 429,-84.00,  -15704, -1.55,    -300, -0.06,  -15404, -3.03
 430,-83.00,  -15128, -1.49,     -81, -0.02,  -15047, -2.96
 431,-82.00,  -14743, -1.45,     100,  0.02,  -14843, -2.92
 432,-81.00,  -14666, -1.44,    -298, -0.06,  -14368, -2.83
 433,-80.00,  -14142, -1.39,    -569, -0.11,  -13573, -2.67
 434,-79.00,  -13047, -1.28,     -99, -0.02,  -12948, -2.55
 435,-78.00,  -11571, -1.14,     894,  0.18,  -12465, -2.45
 436,-77.00,  -10358, -1.02,    1592,  0.31,  -11950, -2.35
 437,-76.00,   -9282, -0.91,    2448,  0.48,  -11730, -2.31
 438,-75.00,   -8641, -0.85,    2819,  0.56,  -11460, -2.26
 439,-74.00,   -8978, -0.88,    2419,  0.48,  -11397, -2.24
 440,-73.00,   -9397, -0.93,    1993,  0.39,  -11390, -2.24
 441,-72.00,   -8998, -0.89,    1600,  0.32,  -10598, -2.09
 442,-71.00,   -8200, -0.81,    1635,  0.32,   -9835, -1.94
 443,-70.00,   -8727, -0.86,    1274,  0.25,  -10001, -1.97
 444,-69.00,   -9351, -0.92,     832,  0.16,  -10183, -2.00
 445,-68.00,  -10135, -1.00,    -130, -0.03,  -10005, -1.97
 446,-67.00,  -11232, -1.11,   -1299, -0.26,   -9933, -1.96
 447,-66.00,  -12053, -1.19,   -1994, -0.39,  -10059, -1.98
 448,-65.00,  -12981, -1.28,   -2491, -0.49,  -10490, -2.07
 449,-64.00,  -13432, -1.32,   -2635, -0.52,  -10797, -2.13
 450,-63.00,  -13010, -1.28,   -2365, -0.47,  -10645, -2.10
 451,-62.00,  -12417, -1.22,   -2233, -0.44,  -10184, -2.01
 452,-61.00,  -12080, -1.19,   -2088, -0.41,   -9992, -1.97
 453,-60.00,  -11663, -1.15,   -1808, -0.36,   -9855, -1.94
 454,-59.00,  -11190, -1.10,   -1387, -0.27,   -9803, -1.93
 455,-58.00,  -10544, -1.04,    -547, -0.11,   -9997, -1.97
 456,-57.00,  -10068, -0.99,    -122, -0.02,   -9946, -1.96
 457,-56.00,   -9174, -0.90,     292,  0.06,   -9466, -1.86
 458,-55.00,   -7611, -0.75,     849,  0.17,   -8460, -1.67
 459,-54.00,   -6967, -0.69,     766,  0.15,   -7733, -1.52
 460,-53.00,   -6624, -0.65,     614,  0.12,   -7238, -1.43
 461,-52.00,   -6051, -0.60,    1021,  0.20,   -7072, -1.39
 462,-51.00,   -5411, -0.53,    1273,  0.25,   -6684, -1.32
 463,-50.00,   -5055, -0.50,    1182,  0.23,   -6237, -1.23
 464,-49.00,   -5335, -0.53,     960,  0.19,   -6295, -1.24
 465,-48.00,   -5429, -0.53,     992,  0.20,   -6421, -1.26
 466,-47.00,   -5578, -0.55,     784,  0.15,   -6362, -1.25
 467,-46.00,   -5309, -0.52,     768,  0.15,   -6077, -1.20
 468,-45.00,   -5774, -0.57,     393,  0.08,   -6167, -1.21
 469,-44.00,   -5719, -0.56,     227,  0.04,   -5946, -1.17
 470,-43.00,   -5475, -0.54,      32,  0.00,   -5507, -1.08
 471,-42.00,   -5557, -0.55,    -169, -0.03,   -5388, -1.06
 472,-41.00,   -5509, -0.54,    -502, -0.10,   -5007, -0.99
 473,-40.00,   -5878, -0.58,    -782, -0.15,   -5096, -1.00
 474,-39.00,   -5759, -0.57,    -514, -0.10,   -5245, -1.03
 475,-38.00,   -7300, -0.72,   -1069, -0.21,   -6231, -1.23
 476,-37.00,   -8229, -0.81,   -1021, -0.20,   -7208, -1.42
 477,-36.00,   -8492, -0.84,    -748, -0.15,   -7744, -1.52
 478,-35.00,   -8865, -0.87,    -505, -0.10,   -8360, -1.65
 479,-34.00,  -10460, -1.03,    -763, -0.15,   -9697, -1.91
 480,-33.00,  -11995, -1.18,    -964, -0.19,  -11031, -2.17
 481,-32.00,  -12708, -1.25,   -1053, -0.21,  -11655, -2.29
 482,-31.00,  -13284, -1.31,   -1381, -0.27,  -11903, -2.34
 483,-30.00,  -13740, -1.35,   -1505, -0.30,  -12235, -2.41
 484,-29.00,  -14231, -1.40,   -1933, -0.38,  -12298, -2.42
 485,-28.00,  -15511, -1.53,   -2898, -0.57,  -12613, -2.48
 486,-27.00,  -16211, -1.60,   -3094, -0.61,  -13117, -2.58
 487,-26.00,  -17165, -1.69,   -3619, -0.71,  -13546, -2.67
 488,-25.00,  -17662, -1.74,   -4009, -0.79,  -13653, -2.69
 489,-24.00,  -17607, -1.73,   -3857, -0.76,  -13750, -2.71
 490,-23.00,  -16937, -1.67,   -3224, -0.63,  -13713, -2.70
 491,-22.00,  -16669, -1.64,   -2946, -0.58,  -13723, -2.70
 492,-21.00,  -16776, -1.65,   -3438, -0.68,  -13338, -2.63
 493,-20.00,  -16623, -1.64,   -3688, -0.73,  -12935, -2.55
 494,-19.00,  -16367, -1.61,   -3744, -0.74,  -12623, -2.49
 495,-18.00,  -15880, -1.56,   -3779, -0.74,  -12101, -2.38
 496,-17.00,  -14967, -1.47,   -3731, -0.73,  -11236, -2.21
 497,-16.00,  -13568, -1.34,   -3014, -0.59,  -10554, -2.08
 498,-15.00,  -13109, -1.29,   -2628, -0.52,  -10481, -2.06
 499,-14.00,  -12795, -1.26,   -2353, -0.46,  -10442, -2.06
 500,-13.00,  -13120, -1.29,   -2321, -0.46,  -10799, -2.13
 501,-12.00,  -13180, -1.30,   -2056, -0.40,  -11124, -2.19
 502,-11.00,  -12257, -1.21,   -1383, -0.27,  -10874, -2.14
 503,-10.00,  -11332, -1.12,    -781, -0.15,  -10551, -2.08
 504,-9.00,  -11128, -1.10,    -349, -0.07,  -10779, -2.12
 505,-8.00,  -11758, -1.16,    -804, -0.16,  -10954, -2.16
 506,-7.00,  -11736, -1.16,    -635, -0.13,  -11101, -2.19
 507,-6.00,  -11182, -1.10,     589,  0.12,  -11771, -2.32
 508,-5.00,  -10397, -1.02,    1716,  0.34,  -12113, -2.38
 509,-4.00,   -9099, -0.90,    2650,  0.52,  -11749, -2.31
 510,-3.00,   -9463, -0.93,    2596,  0.51,  -12059, -2.37
 511,-2.00,  -10505, -1.03,    2060,  0.41,  -12565, -2.47
 512,-1.00,  -11924, -1.17,     774,  0.15,  -12698, -2.50
 513,0.00,  -12684, -1.25,     326,  0.06,  -13010, -2.56
 514,1.00,  -12137, -1.19,    1055,  0.21,  -13192, -2.60
 515,2.00,  -10968, -1.08,    2381,  0.47,  -13349, -2.63
 516,3.00,  -10491, -1.03,    3117,  0.61,  -13608, -2.68
 517,4.00,  -10817, -1.06,    2657,  0.52,  -13474, -2.65
 518,5.00,  -11503, -1.13,    2028,  0.40,  -13531, -2.66
 519,6.00,  -11745, -1.16,    1783,  0.35,  -13528, -2.66
 520,7.00,  -11762, -1.16,    1951,  0.38,  -13713, -2.70
 521,8.00,  -11656, -1.15,    1973,  0.39,  -13629, -2.68
 522,9.00,  -10757, -1.06,    2261,  0.45,  -13018, -2.56
 523,10.00,   -9996, -0.98,    2691,  0.53,  -12687, -2.50
 524,11.00,   -8662, -0.85,    3643,  0.72,  -12305, -2.42
 525,12.00,   -6906, -0.68,    4933,  0.97,  -11839, -2.33
 526,13.00,   -5683, -0.56,    5825,  1.15,  -11508, -2.27
 527,14.00,   -5444, -0.54,    6092,  1.20,  -11536, -2.27
 528,15.00,   -5834, -0.57,    5759,  1.13,  -11593, -2.28
 529,16.00,   -6078, -0.60,    5143,  1.01,  -11221, -2.21
 530,17.00,   -5465, -0.54,    5165,  1.02,  -10630, -2.09
 531,18.00,   -4706, -0.46,    5036,  0.99,   -9742, -1.92
 532,19.00,   -4490, -0.44,    4540,  0.89,   -9030, -1.78
 533,20.00,   -4718, -0.46,    4193,  0.83,   -8911, -1.75
 534,21.00,   -4010, -0.39,    4474,  0.88,   -8484, -1.67
 535,22.00,   -3279, -0.32,    4822,  0.95,   -8101, -1.60
 536,23.00,   -2986, -0.29,    4954,  0.98,   -7940, -1.56
 537,24.00,   -2915, -0.29,    5082,  1.00,   -7997, -1.57
 538,25.00,   -3212, -0.32,    4726,  0.93,   -7938, -1.56
 539,26.00,   -4086, -0.40,    3555,  0.70,   -7641, -1.50
 540,27.00,   -4312, -0.42,    2859,  0.56,   -7171, -1.41
 541,28.00,   -4260, -0.42,    2674,  0.53,   -6934, -1.37
 542,29.00,   -3553, -0.35,    2829,  0.56,   -6382, -1.26
 543,30.00,   -2701, -0.27,    3434,  0.68,   -6135, -1.21
 544,31.00,   -2710, -0.27,    3667,  0.72,   -6377, -1.26
 545,32.00,   -3363, -0.33,    3694,  0.73,   -7057, -1.39
 546,33.00,   -3601, -0.35,    3937,  0.78,   -7538, -1.48
 547,34.00,   -3979, -0.39,    4110,  0.81,   -8089, -1.59
 548,35.00,   -3969, -0.39,    4906,  0.97,   -8875, -1.75
 549,36.00,   -4099, -0.40,    5701,  1.12,   -9800, -1.93
 550,37.00,   -5290, -0.52,    5155,  1.01,  -10445, -2.06
 551,38.00,   -6022, -0.59,    4486,  0.88,  -10508, -2.07
 552,39.00,   -6470, -0.64,    4116,  0.81,  -10586, -2.08
 553,40.00,   -7086, -0.70,    3558,  0.70,  -10644, -2.10
 554,41.00,   -8189, -0.81,    2884,  0.57,  -11073, -2.18
 555,42.00,   -8834, -0.87,    2554,  0.50,  -11388, -2.24
 556,43.00,   -8692, -0.86,    3230,  0.64,  -11922, -2.35
 557,44.00,   -8889, -0.88,    3738,  0.74,  -12627, -2.49
 558,45.00,   -9684, -0.95,    3891,  0.77,  -13575, -2.67
 559,46.00,  -10555, -1.04,    3961,  0.78,  -14516, -2.86
 560,47.00,  -11031, -1.09,    4417,  0.87,  -15448, -3.04
 561,48.00,  -11062, -1.09,    5636,  1.11,  -16698, -3.29
 562,49.00,  -11829, -1.16,    6008,  1.18,  -17837, -3.51
 563,50.00,  -12476, -1.23,    6533,  1.29,  -19009, -3.74
 564,51.00,  -13245, -1.30,    6541,  1.29,  -19786, -3.90
 565,52.00,  -14096, -1.39,    6176,  1.22,  -20272, -3.99
 566,53.00,  -14473, -1.42,    6398,  1.26,  -20871, -4.11
 567,54.00,  -14645, -1.44,    6880,  1.35,  -21525, -4.24
 568,55.00,  -14563, -1.43,    7649,  1.51,  -22212, -4.37
 569,56.00,  -13627, -1.34,    8758,  1.72,  -22385, -4.41
 570,57.00,  -12357, -1.22,    9683,  1.91,  -22040, -4.34
 571,58.00,  -11313, -1.11,   10585,  2.08,  -21898, -4.31
 572,59.00,  -11746, -1.16,   10130,  1.99,  -21876, -4.31
 573,60.00,  -12075, -1.19,    9643,  1.90,  -21718, -4.28
 574,61.00,  -11901, -1.17,    9327,  1.84,  -21228, -4.18
 575,62.00,  -12101, -1.19,    9148,  1.80,  -21249, -4.18
 576,63.00,  -11972, -1.18,    8974,  1.77,  -20946, -4.12
 577,64.00,  -11221, -1.10,    8930,  1.76,  -20151, -3.97
 578,65.00,  -10309, -1.01,    8822,  1.74,  -19131, -3.77
 579,66.00,   -8695, -0.86,    9080,  1.79,  -17775, -3.50
 580,67.00,   -7044, -0.69,    9567,  1.88,  -16611, -3.27
 581,68.00,   -5858, -0.58,   10179,  2.00,  -16037, -3.16
 582,69.00,   -5656, -0.56,   10530,  2.07,  -16186, -3.19
 583,70.00,   -5591, -0.55,   10614,  2.09,  -16205, -3.19
 584,71.00,   -5176, -0.51,   10870,  2.14,  -16046, -3.16
 585,72.00,   -4816, -0.47,   10841,  2.13,  -15657, -3.08
 586,73.00,   -5051, -0.50,   10594,  2.09,  -15645, -3.08
 587,74.00,   -5383, -0.53,   10683,  2.10,  -16066, -3.16
 588,75.00,   -5524, -0.54,   10854,  2.14,  -16378, -3.22
 589,76.00,   -5595, -0.55,   11241,  2.21,  -16836, -3.31
 590,77.00,   -6455, -0.64,   10777,  2.12,  -17232, -3.39
 591,78.00,   -7643, -0.75,    9959,  1.96,  -17602, -3.47
 592,79.00,   -8542, -0.84,    9336,  1.84,  -17878, -3.52
 593,80.00,   -9208, -0.91,    8959,  1.76,  -18167, -3.58
 594,81.00,   -9535, -0.94,    8927,  1.76,  -18462, -3.64
 595,82.00,   -9769, -0.96,    8695,  1.71,  -18464, -3.64
 596,83.00,  -11610, -1.14,    7310,  1.44,  -18920, -3.73
 597,84.00,  -12821, -1.26,    6714,  1.32,  -19535, -3.85
 598,85.00,  -13243, -1.30,    6574,  1.29,  -19817, -3.90
 599,86.00,  -14428, -1.42,    5745,  1.13,  -20173, -3.97
 600,87.00,  -15373, -1.51,    4967,  0.98,  -20340, -4.00
 601,88.00,  -15331, -1.51,    4981,  0.98,  -20312, -4.00
 602,89.00,  -15634, -1.54,    5368,  1.06,  -21002, -4.14
 603,90.00,  -16306, -1.61,    5488,  1.08,  -21794, -4.29
 604,91.00,  -16987, -1.67,    5012,  0.99,  -21999, -4.33
 605,92.00,  -17814, -1.75,    4140,  0.82,  -21954, -4.32
 606,93.00,  -19089, -1.88,    3343,  0.66,  -22432, -4.42
 607,94.00,  -20710, -2.04,    2164,  0.43,  -22874, -4.50
 608,95.00,  -23386, -2.30,     271,  0.05,  -23657, -4.66
 609,96.00,  -26118, -2.57,   -1544, -0.30,  -24574, -4.84
 610,97.00,  -27087, -2.67,   -2207, -0.43,  -24880, -4.90
 611,98.00,  -27567, -2.71,   -2259, -0.44,  -25308, -4.98
 612,99.00,  -28473, -2.80,   -2447, -0.48,  -26026, -5.12
 613,100.00,  -30139, -2.97,   -3660, -0.72,  -26479, -5.21
 614,101.00,  -31964, -3.15,   -4863, -0.96,  -27101, -5.34
 615,102.00,  -33446, -3.29,   -6206, -1.22,  -27240, -5.36
 616,103.00,  -34152, -3.36,   -7141, -1.41,  -27011, -5.32
 617,104.00,  -35494, -3.49,   -8561, -1.69,  -26933, -5.30
 618,105.00,  -36677, -3.61,  -10007, -1.97,  -26670, -5.25
 619,106.00,  -37495, -3.69,  -10862, -2.14,  -26633, -5.24
 620,107.00,  -37705, -3.71,  -11337, -2.23,  -26368, -5.19
 621,108.00,  -38515, -3.79,  -11753, -2.31,  -26762, -5.27
 622,109.00,  -38626, -3.80,  -11927, -2.35,  -26699, -5.26
 623,110.00,  -37980, -3.74,  -11857, -2.33,  -26123, -5.14
 624,111.00,  -37895, -3.73,  -12267, -2.42,  -25628, -5.05
 625,112.00,  -38461, -3.79,  -12864, -2.53,  -25597, -5.04
 626,113.00,  -39269, -3.87,  -13790, -2.72,  -25479, -5.02
 627,114.00,  -39767, -3.91,  -14803, -2.91,  -24964, -4.92
 628,115.00,  -40697, -4.01,  -16043, -3.16,  -24654, -4.85
 629,116.00,  -42527, -4.19,  -17677, -3.48,  -24850, -4.89
 630,117.00,  -43176, -4.25,  -18320, -3.61,  -24856, -4.89
 631,118.00,  -42573, -4.19,  -18055, -3.55,  -24518, -4.83
 632,119.00,  -42607, -4.19,  -18258, -3.59,  -24349, -4.79
 633,120.00,  -44244, -4.36,  -19979, -3.93,  -24265, -4.78
 634,121.00,  -45629, -4.49,  -21506, -4.23,  -24123, -4.75
 635,122.00,  -46446, -4.57,  -22065, -4.34,  -24381, -4.80
 636,123.00,  -45505, -4.48,  -21257, -4.19,  -24248, -4.77
 637,124.00,  -44318, -4.36,  -20796, -4.09,  -23522, -4.63
 638,125.00,  -43961, -4.33,  -20860, -4.11,  -23101, -4.55
 639,126.00,  -44557, -4.39,  -21525, -4.24,  -23032, -4.53
 640,127.00,  -44810, -4.41,  -22173, -4.37,  -22637, -4.46
 641,128.00,  -44695, -4.40,  -22715, -4.47,  -21980, -4.33
 642,129.00,  -44388, -4.37,  -23116, -4.55,  -21272, -4.19
 643,130.00,  -44210, -4.35,  -23686, -4.66,  -20524, -4.04
 644,131.00,  -43819, -4.31,  -23880, -4.70,  -19939, -3.93
 645,132.00,  -42152, -4.15,  -23123, -4.55,  -19029, -3.75
 646,133.00,  -40910, -4.03,  -22600, -4.45,  -18310, -3.61
 647,134.00,  -39635, -3.90,  -22403, -4.41,  -17232, -3.39
 648,135.00,  -38037, -3.74,  -22091, -4.35,  -15946, -3.14
 649,136.00,  -37206, -3.66,  -22342, -4.40,  -14864, -2.93
 650,137.00,  -37283, -3.67,  -23158, -4.56,  -14125, -2.78
 651,138.00,  -37276, -3.67,  -23947, -4.72,  -13329, -2.62
 652,139.00,  -37341, -3.68,  -24929, -4.91,  -12412, -2.44
 653,140.00,  -37155, -3.66,  -25447, -5.01,  -11708, -2.31
 654,141.00,  -36710, -3.61,  -25743, -5.07,  -10967, -2.16
 655,142.00,  -36299, -3.57,  -25792, -5.08,  -10507, -2.07
 656,143.00,  -35664, -3.51,  -25066, -4.94,  -10598, -2.09
 657,144.00,  -35531, -3.50,  -24732, -4.87,  -10799, -2.13
 658,145.00,  -35497, -3.49,  -24524, -4.83,  -10973, -2.16
 659,146.00,  -35181, -3.46,  -24365, -4.80,  -10816, -2.13
 660,147.00,  -34634, -3.41,  -24026, -4.73,  -10608, -2.09
 661,148.00,  -34289, -3.38,  -23840, -4.69,  -10449, -2.06
 662,149.00,  -33455, -3.29,  -23059, -4.54,  -10396, -2.05
 663,150.00,  -33470, -3.30,  -22660, -4.46,  -10810, -2.13
 664,151.00,  -33311, -3.28,  -22290, -4.39,  -11021, -2.17
 665,152.00,  -32544, -3.20,  -21789, -4.29,  -10755, -2.12
 666,153.00,  -32230, -3.17,  -21277, -4.19,  -10953, -2.16
 667,154.00,  -31425, -3.09,  -20746, -4.08,  -10679, -2.10
 668,155.00,  -30159, -2.97,  -20246, -3.99,   -9913, -1.95
 669,156.00,  -29382, -2.89,  -19915, -3.92,   -9467, -1.86
 670,157.00,  -28242, -2.78,  -19082, -3.76,   -9160, -1.80
 671,158.00,  -27591, -2.72,  -18788, -3.70,   -8803, -1.73
 672,159.00,  -28021, -2.76,  -19086, -3.76,   -8935, -1.76
 673,160.00,  -28821, -2.84,  -19162, -3.77,   -9659, -1.90
 674,161.00,  -29313, -2.89,  -19258, -3.79,  -10055, -1.98
 675,162.00,  -30030, -2.96,  -19506, -3.84,  -10524, -2.07
 676,163.00,  -30484, -3.00,  -20026, -3.94,  -10458, -2.06
 677,164.00,  -30525, -3.01,  -20019, -3.94,  -10506, -2.07
 678,165.00,  -30267, -2.98,  -19865, -3.91,  -10402, -2.05
 679,166.00,  -30245, -2.98,  -19381, -3.82,  -10864, -2.14
 680,167.00,  -30970, -3.05,  -19447, -3.83,  -11523, -2.27
 681,168.00,  -31832, -3.13,  -19888, -3.92,  -11944, -2.35
 682,169.00,  -32579, -3.21,  -20313, -4.00,  -12266, -2.42
 683,170.00,  -33300, -3.28,  -20587, -4.05,  -12713, -2.50
 684,171.00,  -34052, -3.35,  -20766, -4.09,  -13286, -2.62
 685,172.00,  -34848, -3.43,  -21029, -4.14,  -13819, -2.72
 686,173.00,  -35836, -3.53,  -21690, -4.27,  -14146, -2.79
 687,174.00,  -36412, -3.58,  -22224, -4.38,  -14188, -2.79
 688,175.00,  -36535, -3.60,  -22335, -4.40,  -14200, -2.80
 689,176.00,  -36648, -3.61,  -22327, -4.40,  -14321, -2.82
 690,177.00,  -36028, -3.55,  -21695, -4.27,  -14333, -2.82
 691,178.00,  -34678, -3.41,  -20545, -4.05,  -14133, -2.78
 692,179.00,  -33443, -3.29,  -19514, -3.84,  -13929, -2.74
 693,180.00,  -32341, -3.18,  -18415, -3.63,  -13926, -2.74
 694,181.00,  -31529, -3.10,  -17617, -3.47,  -13912, -2.74
 695,182.00,  -30291, -2.98,  -16540, -3.26,  -13751, -2.71
 696,183.00,  -29334, -2.89,  -15455, -3.04,  -13879, -2.73
 697,184.00,  -28363, -2.79,  -14355, -2.83,  -14008, -2.76
 698,185.00,  -27444, -2.70,  -13345, -2.63,  -14099, -2.78
 699,186.00,  -26493, -2.61,  -12159, -2.39,  -14334, -2.82
 700,187.00,  -25751, -2.54,  -11199, -2.21,  -14552, -2.87
 701,188.00,  -25060, -2.47,  -10936, -2.15,  -14124, -2.78
 702,189.00,  -24033, -2.37,  -10784, -2.12,  -13249, -2.61
 703,190.00,  -23680, -2.33,  -11172, -2.20,  -12508, -2.46
 704,191.00,  -23467, -2.31,  -11537, -2.27,  -11930, -2.35
 705,192.00,  -23708, -2.33,  -11827, -2.33,  -11881, -2.34
 706,193.00,  -24841, -2.45,  -12872, -2.53,  -11969, -2.36
 707,194.00,  -25336, -2.49,  -13444, -2.65,  -11892, -2.34
 708,195.00,  -25483, -2.51,  -13998, -2.76,  -11485, -2.26
 709,196.00,  -25623, -2.52,  -14196, -2.80,  -11427, -2.25
 710,197.00,  -25467, -2.51,  -13881, -2.73,  -11586, -2.28
 711,198.00,  -26007, -2.56,  -14389, -2.83,  -11618, -2.29
 712,199.00,  -26485, -2.61,  -14814, -2.92,  -11671, -2.30
 713,200.00,  -26272, -2.59,  -14691, -2.89,  -11581, -2.28
 714,201.00,  -25412, -2.50,  -14042, -2.76,  -11370, -2.24
 715,202.00,  -25135, -2.47,  -13676, -2.69,  -11459, -2.26
 716,203.00,  -24339, -2.40,  -12835, -2.53,  -11504, -2.27
 717,204.00,  -23241, -2.29,  -11647, -2.29,  -11594, -2.28
 718,205.00,  -22152, -2.18,  -10631, -2.09,  -11521, -2.27
 719,206.00,  -20714, -2.04,   -9759, -1.92,  -10955, -2.16
 720,207.00,  -19721, -1.94,   -9407, -1.85,  -10314, -2.03
 721,208.00,  -18722, -1.84,   -9242, -1.82,   -9480, -1.87
 722,209.00,  -18438, -1.82,   -9838, -1.94,   -8600, -1.69
 723,210.00,  -16878, -1.66,   -9639, -1.90,   -7239, -1.43
 724,211.00,  -14876, -1.46,   -9275, -1.83,   -5601, -1.10
 725,212.00,  -13314, -1.31,   -8876, -1.75,   -4438, -0.87
 726,213.00,  -11847, -1.17,   -8567, -1.69,   -3280, -0.65
 727,214.00,  -11288, -1.11,   -9215, -1.81,   -2073, -0.41
 728,215.00,  -10875, -1.07,   -9694, -1.91,   -1181, -0.23
 729,216.00,  -10773, -1.06,  -10184, -2.01,    -589, -0.12
 730,217.00,  -10819, -1.07,  -10810, -2.13,      -9, -0.00
 731,218.00,   -9711, -0.96,  -10930, -2.15,    1219,  0.24
 732,219.00,   -7868, -0.77,  -10492, -2.07,    2624,  0.52
 733,220.00,   -6499, -0.64,  -10490, -2.07,    3991,  0.79
 734,221.00,   -5291, -0.52,  -10458, -2.06,    5167,  1.02
 735,222.00,   -3799, -0.37,   -9972, -1.96,    6173,  1.22
 736,223.00,   -2509, -0.25,   -9590, -1.89,    7081,  1.39
 737,224.00,   -1498, -0.15,   -8917, -1.76,    7419,  1.46
 738,225.00,    -456, -0.04,   -8017, -1.58,    7561,  1.49
 739,226.00,    1489,  0.15,   -6577, -1.29,    8066,  1.59
 740,227.00,    2840,  0.28,   -5753, -1.13,    8593,  1.69
 741,228.00,    3923,  0.39,   -5483, -1.08,    9406,  1.85
 742,229.00,    5561,  0.55,   -4665, -0.92,   10226,  2.01
 743,230.00,    6342,  0.62,   -4343, -0.86,   10685,  2.10
 744,231.00,    6775,  0.67,   -4130, -0.81,   10905,  2.15
 745,232.00,    7899,  0.78,   -3159, -0.62,   11058,  2.18
 746,233.00,    9304,  0.92,   -1897, -0.37,   11201,  2.21
 747,234.00,   10656,  1.05,    -961, -0.19,   11617,  2.29
 748,235.00,   12076,  1.19,    -204, -0.04,   12280,  2.42
 749,236.00,   13531,  1.33,     332,  0.07,   13199,  2.60
 750,237.00,   14921,  1.47,     828,  0.16,   14093,  2.77
 751,238.00,   15823,  1.56,    1570,  0.31,   14253,  2.81
 752,239.00,   16816,  1.66,    2296,  0.45,   14520,  2.86
 753,240.00,   17815,  1.75,    2928,  0.58,   14887,  2.93
 754,241.00,   18880,  1.86,    3452,  0.68,   15428,  3.04
 755,242.00,   19901,  1.96,    4077,  0.80,   15824,  3.12
 756,243.00,   20083,  1.98,    4111,  0.81,   15972,  3.14
 757,244.00,   20217,  1.99,    4328,  0.85,   15889,  3.13
 758,245.00,   19570,  1.93,    4047,  0.80,   15523,  3.06
 759,246.00,   19353,  1.91,    3899,  0.77,   15454,  3.04
 760,247.00,   19206,  1.89,    4045,  0.80,   15161,  2.99
 761,248.00,   19564,  1.93,    4532,  0.89,   15032,  2.96
 762,249.00,   19846,  1.95,    5018,  0.99,   14828,  2.92
 763,250.00,   19861,  1.96,    5385,  1.06,   14476,  2.85
 764,251.00,   19972,  1.97,    5748,  1.13,   14224,  2.80
 765,252.00,   20609,  2.03,    6563,  1.29,   14046,  2.77
 766,253.00,   20932,  2.06,    6907,  1.36,   14025,  2.76
 767,254.00,   21136,  2.08,    6990,  1.38,   14146,  2.79
 768,255.00,   21520,  2.12,    7401,  1.46,   14119,  2.78
 769,256.00,   22301,  2.20,    8046,  1.58,   14255,  2.81
 770,257.00,   23058,  2.27,    8234,  1.62,   14824,  2.92
 771,258.00,   24211,  2.38,    8290,  1.63,   15921,  3.13
 772,259.00,   25040,  2.47,    8036,  1.58,   17004,  3.35
 773,260.00,   25838,  2.54,    7807,  1.54,   18031,  3.55
 774,261.00,   26964,  2.65,    7515,  1.48,   19449,  3.83
 775,262.00,   28686,  2.82,    7536,  1.48,   21150,  4.16
 776,263.00,   30773,  3.03,    8094,  1.59,   22679,  4.47
 777,264.00,   32133,  3.16,    8328,  1.64,   23805,  4.69
 778,265.00,   33479,  3.30,    8506,  1.67,   24973,  4.92
 779,266.00,   35034,  3.45,    8636,  1.70,   26398,  5.20
 780,267.00,   35768,  3.52,    8660,  1.71,   27108,  5.34
 781,268.00,   36668,  3.61,    9089,  1.79,   27579,  5.43
 782,269.00,   37793,  3.72,    9135,  1.80,   28658,  5.64
 783,270.00,   39145,  3.85,    9499,  1.87,   29646,  5.84
 784,271.00,   40962,  4.03,   10682,  2.10,   30280,  5.96
 785,272.00,   42112,  4.15,   11793,  2.32,   30319,  5.97
 786,273.00,   42431,  4.18,   12266,  2.42,   30165,  5.94
 787,274.00,   43079,  4.24,   12893,  2.54,   30186,  5.94
 788,275.00,   44418,  4.37,   14044,  2.77,   30374,  5.98
 789,276.00,   44795,  4.41,   14557,  2.87,   30238,  5.95
 790,277.00,   44415,  4.37,   14562,  2.87,   29853,  5.88
 791,278.00,   45274,  4.46,   15279,  3.01,   29995,  5.91
 792,279.00,   47034,  4.63,   16747,  3.30,   30287,  5.96
 793,280.00,   48381,  4.76,   17921,  3.53,   30460,  6.00
 794,281.00,   49186,  4.84,   18492,  3.64,   30694,  6.04
 795,282.00,   49740,  4.90,   19015,  3.74,   30725,  6.05
 796,283.00,   49699,  4.89,   19203,  3.78,   30496,  6.00
 797,284.00,   50319,  4.95,   20036,  3.94,   30283,  5.96
 798,285.00,   51248,  5.05,   20830,  4.10,   30418,  5.99
 799,286.00,   52479,  5.17,   21586,  4.25,   30893,  6.08
 800,287.00,   52913,  5.21,   21449,  4.22,   31464,  6.20
 801,288.00,   53621,  5.28,   21514,  4.24,   32107,  6.32
 802,289.00,   53598,  5.28,   21280,  4.19,   32318,  6.36
 803,290.00,   53860,  5.30,   21579,  4.25,   32281,  6.36
 804,291.00,   54739,  5.39,   22436,  4.42,   32303,  6.36
 805,292.00,   54895,  5.40,   22677,  4.46,   32218,  6.34
 806,293.00,   54944,  5.41,   22755,  4.48,   32189,  6.34
 807,294.00,   53564,  5.27,   21654,  4.26,   31910,  6.28
 808,295.00,   51593,  5.08,   20174,  3.97,   31419,  6.19
 809,296.00,   50019,  4.92,   19135,  3.77,   30884,  6.08
 810,297.00,   48484,  4.77,   18255,  3.59,   30229,  5.95
 811,298.00,   46364,  4.56,   17068,  3.36,   29296,  5.77
 812,299.00,   44405,  4.37,   15771,  3.11,   28634,  5.64
 813,300.00,   42989,  4.23,   15276,  3.01,   27713,  5.46
 814,301.00,   42045,  4.14,   15414,  3.03,   26631,  5.24
 815,302.00,   41505,  4.09,   15678,  3.09,   25827,  5.09
 816,303.00,   40837,  4.02,   15829,  3.12,   25008,  4.92
 817,304.00,   40468,  3.98,   15924,  3.14,   24544,  4.83
 818,305.00,   39794,  3.92,   15624,  3.08,   24170,  4.76
 819,306.00,   38896,  3.83,   15293,  3.01,   23603,  4.65
 820,307.00,   37511,  3.69,   14392,  2.83,   23119,  4.55
 821,308.00,   36150,  3.56,   13149,  2.59,   23001,  4.53
 822,309.00,   35283,  3.47,   12484,  2.46,   22799,  4.49
 823,310.00,   34857,  3.43,   12343,  2.43,   22514,  4.43
 824,311.00,   33848,  3.33,   11915,  2.35,   21933,  4.32
 825,312.00,   31949,  3.15,   10860,  2.14,   21089,  4.15
 826,313.00,   30626,  3.02,   10428,  2.05,   20198,  3.98
 827,314.00,   28934,  2.85,    9383,  1.85,   19551,  3.85
 828,315.00,   26383,  2.60,    7609,  1.50,   18774,  3.70
 829,316.00,   23818,  2.34,    5682,  1.12,   18136,  3.57
 830,317.00,   22363,  2.20,    4458,  0.88,   17905,  3.53
 831,318.00,   20282,  2.00,    3046,  0.60,   17236,  3.39
 832,319.00,   18161,  1.79,    1785,  0.35,   16376,  3.22
 833,320.00,   16694,  1.64,    1090,  0.21,   15604,  3.07
 834,321.00,   15454,  1.52,     683,  0.13,   14771,  2.91
 835,322.00,   14987,  1.48,     757,  0.15,   14230,  2.80
 836,323.00,   14765,  1.45,     693,  0.14,   14072,  2.77
 837,324.00,   14450,  1.42,     831,  0.16,   13619,  2.68
 838,325.00,   13781,  1.36,     828,  0.16,   12953,  2.55
 839,326.00,   13700,  1.35,     787,  0.15,   12913,  2.54
 840,327.00,   13892,  1.37,     979,  0.19,   12913,  2.54
 841,328.00,   15068,  1.48,    2057,  0.41,   13011,  2.56
 842,329.00,   16536,  1.63,    3520,  0.69,   13016,  2.56
 843,330.00,   17428,  1.72,    4331,  0.85,   13097,  2.58
 844,331.00,   17334,  1.71,    4239,  0.83,   13095,  2.58
 845,332.00,   17481,  1.72,    4716,  0.93,   12765,  2.51
 846,333.00,   16919,  1.67,    4398,  0.87,   12521,  2.47
 847,334.00,   15922,  1.57,    3905,  0.77,   12017,  2.37
 848,335.00,   15161,  1.49,    3472,  0.68,   11689,  2.30
 849,336.00,   15126,  1.49,    2990,  0.59,   12136,  2.39
 850,337.00,   15594,  1.54,    2599,  0.51,   12995,  2.56
 851,338.00,   15758,  1.55,    2330,  0.46,   13428,  2.64
 852,339.00,   15671,  1.54,    2676,  0.53,   12995,  2.56
 853,340.00,   15762,  1.55,    2980,  0.59,   12782,  2.52
 854,341.00,   16168,  1.59,    3279,  0.65,   12889,  2.54
 855,342.00,   16325,  1.61,    3544,  0.70,   12781,  2.52
 856,343.00,   16163,  1.59,    3563,  0.70,   12600,  2.48
 857,344.00,   14722,  1.45,    2597,  0.51,   12125,  2.39
 858,345.00,   12830,  1.26,    1464,  0.29,   11366,  2.24
 859,346.00,   11543,  1.14,     746,  0.15,   10797,  2.13
 860,347.00,   10739,  1.06,     629,  0.12,   10110,  1.99
 861,348.00,    9793,  0.96,     597,  0.12,    9196,  1.81
 862,349.00,    9206,  0.91,     682,  0.13,    8524,  1.68
 863,350.00,   10296,  1.01,    1847,  0.36,    8449,  1.66
 864,351.00,   10848,  1.07,    2541,  0.50,    8307,  1.64
 865,352.00,   10561,  1.04,    2625,  0.52,    7936,  1.56
 866,353.00,    9947,  0.98,    2619,  0.52,    7328,  1.44
 867,354.00,    9481,  0.93,    2932,  0.58,    6549,  1.29
 868,355.00,    9549,  0.94,    3361,  0.66,    6188,  1.22
 869,356.00,   10239,  1.01,    4447,  0.88,    5792,  1.14
 870,357.00,   10612,  1.04,    5474,  1.08,    5138,  1.01
 871,358.00,   10301,  1.01,    5645,  1.11,    4656,  0.92
 872,359.00,    9819,  0.97,    5400,  1.06,    4419,  0.87
 873,360.00,    8425,  0.83,    4709,  0.93,    3716,  0.73
 874,361.00,    7044,  0.69,    3880,  0.76,    3164,  0.62
 875,362.00,    5861,  0.58,    3498,  0.69,    2363,  0.47
 876,363.00,    4945,  0.49,    3363,  0.66,    1582,  0.31
 877,364.00,    4435,  0.44,    3560,  0.70,     875,  0.17
 878,365.00,    3650,  0.36,    3356,  0.66,     294,  0.06
 879,366.00,    2987,  0.29,    3414,  0.67,    -427, -0.08
 880,367.00,    3103,  0.31,    3821,  0.75,    -718, -0.14
 881,368.00,    2681,  0.26,    3739,  0.74,   -1058, -0.21
 882,369.00,    1526,  0.15,    3304,  0.65,   -1778, -0.35
 883,370.00,    1075,  0.11,    3182,  0.63,   -2107, -0.41
 884,371.00,     274,  0.03,    2895,  0.57,   -2621, -0.52
 885,372.00,   -1282, -0.13,    2125,  0.42,   -3407, -0.67
 886,373.00,   -3112, -0.31,    1108,  0.22,   -4220, -0.83
 887,374.00,   -4426, -0.44,     676,  0.13,   -5102, -1.00
 888,375.00,   -4880, -0.48,     612,  0.12,   -5492, -1.08
 889,376.00,   -5074, -0.50,     579,  0.11,   -5653, -1.11
 890,377.00,   -5159, -0.51,     434,  0.09,   -5593, -1.10
 891,378.00,   -5403, -0.53,     154,  0.03,   -5557, -1.09
 892,379.00,   -5749, -0.57,     115,  0.02,   -5864, -1.15
 893,380.00,   -5558, -0.55,     475,  0.09,   -6033, -1.19
 894,381.00,   -5582, -0.55,     264,  0.05,   -5846, -1.15
 895,382.00,   -5423, -0.53,     266,  0.05,   -5689, -1.12
 896,383.00,   -5551, -0.55,       8,  0.00,   -5559, -1.09
 897,384.00,   -6302, -0.62,    -693, -0.14,   -5609, -1.10
 898,385.00,   -7279, -0.72,   -1807, -0.36,   -5472, -1.08
 899,386.00,   -7556, -0.74,   -1872, -0.37,   -5684, -1.12
 900,387.00,   -7688, -0.76,   -1852, -0.36,   -5836, -1.15
 901,388.00,   -7444, -0.73,   -1677, -0.33,   -5767, -1.14
 902,389.00,   -6199, -0.61,    -789, -0.16,   -5410, -1.07
 903,390.00,   -5077, -0.50,      81,  0.02,   -5158, -1.02
 904,391.00,   -4909, -0.48,    -236, -0.05,   -4673, -0.92
 905,392.00,   -5801, -0.57,   -1523, -0.30,   -4278, -0.84
 906,393.00,   -6195, -0.61,   -1997, -0.39,   -4198, -0.83
 907,394.00,   -5645, -0.56,   -1473, -0.29,   -4172, -0.82
 908,395.00,   -4329, -0.43,    -161, -0.03,   -4168, -0.82
 909,396.00,   -3560, -0.35,     484,  0.10,   -4044, -0.80
 910,397.00,   -3635, -0.36,     288,  0.06,   -3923, -0.77
 911,398.00,   -4252, -0.42,    -230, -0.05,   -4022, -0.79
 912,399.00,   -4317, -0.42,    -231, -0.05,   -4086, -0.80
 913,400.00,   -5043, -0.50,    -832, -0.16,   -4211, -0.83
 914,401.00,   -6749, -0.66,   -2254, -0.44,   -4495, -0.89
 915,402.00,   -8197, -0.81,   -3303, -0.65,   -4894, -0.96
 916,403.00,   -9387, -0.92,   -4153, -0.82,   -5234, -1.03
 917,404.00,  -10278, -1.01,   -4620, -0.91,   -5658, -1.11
 918,405.00,  -11670, -1.15,   -5498, -1.08,   -6172, -1.22
 919,406.00,  -12016, -1.18,   -5738, -1.13,   -6278, -1.24
 920,407.00,  -11530, -1.14,   -5527, -1.09,   -6003, -1.18
 921,408.00,  -11153, -1.10,   -5484, -1.08,   -5669, -1.12
 922,409.00,  -10254, -1.01,   -5571, -1.10,   -4683, -0.92
 923,410.00,  -10369, -1.02,   -6042, -1.19,   -4327, -0.85
 924,411.00,  -11212, -1.10,   -7079, -1.39,   -4133, -0.81
 925,412.00,  -12433, -1.22,   -8102, -1.60,   -4331, -0.85
 926,413.00,  -12859, -1.27,   -8315, -1.64,   -4544, -0.89
 927,414.00,  -12667, -1.25,   -8045, -1.58,   -4622, -0.91
 928,415.00,  -12459, -1.23,   -8028, -1.58,   -4431, -0.87
 929,416.00,  -11879, -1.17,   -7769, -1.53,   -4110, -0.81
 930,417.00,  -10436, -1.03,   -6910, -1.36,   -3526, -0.69
 931,418.00,   -8267, -0.81,   -5519, -1.09,   -2748, -0.54
 932,419.00,   -7392, -0.73,   -5256, -1.03,   -2136, -0.42
 933,420.00,   -7446, -0.73,   -5591, -1.10,   -1855, -0.37
 934,421.00,   -7142, -0.70,   -5472, -1.08,   -1670, -0.33
 935,422.00,   -7074, -0.70,   -5745, -1.13,   -1329, -0.26
 936,423.00,   -7742, -0.76,   -6341, -1.25,   -1401, -0.28
 937,424.00,   -7918, -0.78,   -6645, -1.31,   -1273, -0.25
 938,425.00,   -6810, -0.67,   -6437, -1.27,    -373, -0.07
 939,426.00,   -5697, -0.56,   -6211, -1.22,     514,  0.10
 940,427.00,   -5430, -0.53,   -6293, -1.24,     863,  0.17
 941,428.00,   -5738, -0.56,   -6485, -1.28,     747,  0.15
 942,429.00,   -6499, -0.64,   -6901, -1.36,     402,  0.08
 943,430.00,   -6949, -0.68,   -7336, -1.44,     387,  0.08
 944,431.00,   -7379, -0.73,   -7662, -1.51,     283,  0.06
 945,432.00,   -7693, -0.76,   -8185, -1.61,     492,  0.10
 946,433.00,   -8283, -0.82,   -8973, -1.77,     690,  0.14
 947,434.00,   -8348, -0.82,   -9036, -1.78,     688,  0.14
 948,435.00,   -8937, -0.88,   -9602, -1.89,     665,  0.13
 949,436.00,   -9000, -0.89,   -9294, -1.83,     294,  0.06
 950,437.00,   -7581, -0.75,   -7871, -1.55,     290,  0.06
 951,438.00,   -6087, -0.60,   -6636, -1.31,     549,  0.11
 952,439.00,   -5182, -0.51,   -5824, -1.15,     642,  0.13
 953,440.00,   -3806, -0.37,   -4462, -0.88,     656,  0.13
 954,441.00,   -3212, -0.32,   -4126, -0.81,     914,  0.18
 955,442.00,   -2477, -0.24,   -3714, -0.73,    1237,  0.24
 956,443.00,   -2645, -0.26,   -3721, -0.73,    1076,  0.21
 957,444.00,   -3475, -0.34,   -4236, -0.83,     761,  0.15
 958,445.00,   -4261, -0.42,   -4359, -0.86,      98,  0.02
 959,446.00,   -5335, -0.53,   -4672, -0.92,    -663, -0.13
 960,447.00,   -5488, -0.54,   -4199, -0.83,   -1289, -0.25
 961,448.00,   -5405, -0.53,   -3964, -0.78,   -1441, -0.28
 962,449.00,   -5380, -0.53,   -3843, -0.76,   -1537, -0.30
 963,450.00,   -5396, -0.53,   -3531, -0.70,   -1865, -0.37
 964,451.00,   -5791, -0.57,   -3330, -0.66,   -2461, -0.48
 965,452.00,   -6266, -0.62,   -3407, -0.67,   -2859, -0.56
 966,453.00,   -6955, -0.68,   -4064, -0.80,   -2891, -0.57
 967,454.00,   -6781, -0.67,   -4113, -0.81,   -2668, -0.53
 968,455.00,   -6355, -0.63,   -4185, -0.82,   -2170, -0.43
 969,456.00,   -6170, -0.61,   -4332, -0.85,   -1838, -0.36
 970,457.00,   -5653, -0.56,   -3921, -0.77,   -1732, -0.34
 971,458.00,   -4886, -0.48,   -3058, -0.60,   -1828, -0.36
 972,459.00,   -2916, -0.29,   -1307, -0.26,   -1609, -0.32
 973,460.00,    -983, -0.10,     374,  0.07,   -1357, -0.27
 974,461.00,     549,  0.05,    1629,  0.32,   -1080, -0.21
 975,462.00,    2326,  0.23,    2957,  0.58,    -631, -0.12
 976,463.00,    3092,  0.30,    3256,  0.64,    -164, -0.03
 977,464.00,    2965,  0.29,    3172,  0.62,    -207, -0.04
 978,465.00,    3919,  0.39,    4005,  0.79,     -86, -0.02
 979,466.00,    5302,  0.52,    5011,  0.99,     291,  0.06
 980,467.00,    6088,  0.60,    5718,  1.13,     370,  0.07
 981,468.00,    6789,  0.67,    6100,  1.20,     689,  0.14
 982,469.00,    7312,  0.72,    6630,  1.31,     682,  0.13
 983,470.00,    7727,  0.76,    6807,  1.34,     920,  0.18
 984,471.00,    8263,  0.81,    6912,  1.36,    1351,  0.27
 985,472.00,    8545,  0.84,    7078,  1.39,    1467,  0.29
 986,473.00,    8726,  0.86,    7074,  1.39,    1652,  0.33
 987,474.00,    9064,  0.89,    6871,  1.35,    2193,  0.43
 988,475.00,    9515,  0.94,    6692,  1.32,    2823,  0.56
 989,476.00,    9885,  0.97,    6933,  1.37,    2952,  0.58
 990,477.00,    9872,  0.97,    7363,  1.45,    2509,  0.49
 991,478.00,   10257,  1.01,    7268,  1.43,    2989,  0.59
 992,479.00,   11390,  1.12,    7437,  1.46,    3953,  0.78
 993,480.00,   12984,  1.28,    8194,  1.61,    4790,  0.94
 994,481.00,   13142,  1.29,    7907,  1.56,    5235,  1.03
 995,482.00,   13458,  1.32,    8212,  1.62,    5246,  1.03
 996,483.00,   13985,  1.38,    8909,  1.75,    5076,  1.00
 997,484.00,   14808,  1.46,    9662,  1.90,    5146,  1.01
 998,485.00,   16119,  1.59,   10463,  2.06,    5656,  1.11
 999,486.00,   16783,  1.65,   10769,  2.12,    6014,  1.18
1000,487.00,   15916,  1.57,   10191,  2.01,    5725,  1.13
1001,488.00,   15646,  1.54,    9644,  1.90,    6002,  1.18
1002,489.00,   16312,  1.61,    9900,  1.95,    6412,  1.26
1003,490.00,   17396,  1.71,   10758,  2.12,    6638,  1.31
1004,491.00,   18367,  1.81,   11524,  2.27,    6843,  1.35
1005,492.00,   18670,  1.84,   11535,  2.27,    7135,  1.40
1006,493.00,   18973,  1.87,   11001,  2.17,    7972,  1.57
1007,494.00,   19794,  1.95,   10969,  2.16,    8825,  1.74
1008,495.00,   20483,  2.02,   10973,  2.16,    9510,  1.87
1009,496.00,   20996,  2.07,   10858,  2.14,   10138,  2.00
1010,497.00,   22345,  2.20,   11238,  2.21,   11107,  2.19
1011,498.00,   23481,  2.31,   11750,  2.31,   11731,  2.31
1012,499.00,   24862,  2.45,   12253,  2.41,   12609,  2.48
1013,500.00,   26230,  2.58,   12768,  2.51,   13462,  2.65
1014,501.00,   27413,  2.70,   13323,  2.62,   14090,  2.77
1015,502.00,   28630,  2.82,   13844,  2.73,   14786,  2.91
1016,503.00,   29574,  2.91,   13979,  2.75,   15595,  3.07
1017,504.00,   29615,  2.92,   13582,  2.67,   16033,  3.16
1018,505.00,   29602,  2.91,   13151,  2.59,   16451,  3.24
1019,506.00,   29275,  2.88,   12256,  2.41,   17019,  3.35
1020,507.00,   29696,  2.92,   11993,  2.36,   17703,  3.49
1021,508.00,   30514,  3.00,   12225,  2.41,   18289,  3.60
1022,509.00,   30789,  3.03,   12303,  2.42,   18486,  3.64
1023,510.00,   30835,  3.04,   12087,  2.38,   18748,  3.69
1024,511.00,   31258,  3.08,   12216,  2.41,   19042,  3.75
