-----------------------------------------------------------------------------------
Identifier:,IHS5922-20187201
File Name:,RRRP70A.8
Ear:,R
Channel:,1
Intensity:,70 dB HL
Stim. Rate:,  1.10/s
Stim. Mode:,0
Sweeps:,61
Artifacts:,4
Smp. Period:,1000.00 us
Amp. Gain:, 50.00 K
Low Pass:, 30.00 Hz
High Pass:,  1.00 Hz
Notch Filter:,TRUE
Stimulus:,100
Stim. Freq.:,1000 Hz
Stim. Dur.:,2000 pnts
Masking:,0 dB SPL
Stim. Point:,513
-----------------------------------------------------------------------------------
Peak Information:,Label,Peak(+),Peak(+)(ms),Peak(-),Peak(-)(ms)
,21, 808,295.00, 876,363.00,
-----------------------------------------------------------------------------------


Data Pnt:,Data Pnt(ms):,Average:,Average(uV):,Buffer1:,Buffer1(uV):,Buffer2:,Buffer2(uV):
   1,-512.00,       0,  0.00,       0,  0.00,       0,  0.00
   2,-511.00,       0,  0.00,       0,  0.00,       0,  0.00
   3,-510.00,       0,  0.00,       0,  0.00,       0,  0.00
   4,-509.00,       0,  0.00,       0,  0.00,       0,  0.00
   5,-508.00,       0,  0.00,       0,  0.00,       0,  0.00
   6,-507.00,       0,  0.00,       0,  0.00,       0,  0.00
   7,-506.00,       0,  0.00,       0,  0.00,       0,  0.00
   8,-505.00,       0,  0.00,       0,  0.00,       0,  0.00
   9,-504.00,       0,  0.00,       0,  0.00,       0,  0.00
  10,-503.00,       0,  0.00,       0,  0.00,       0,  0.00
  11,-502.00,       0,  0.00,       0,  0.00,       0,  0.00
  12,-501.00,       0,  0.00,       0,  0.00,       0,  0.00
  13,-500.00,       0,  0.00,       0,  0.00,       0,  0.00
  14,-499.00,       0,  0.00,       0,  0.00,       0,  0.00
  15,-498.00,       0,  0.00,       0,  0.00,       0,  0.00
  16,-497.00,       0,  0.00,       0,  0.00,       0,  0.00
  17,-496.00,       0,  0.00,       0,  0.00,       0,  0.00
  18,-495.00,       0,  0.00,       0,  0.00,       0,  0.00
  19,-494.00,       0,  0.00,       0,  0.00,       0,  0.00
  20,-493.00,       0,  0.00,       0,  0.00,       0,  0.00
  21,-492.00,       0,  0.00,       0,  0.00,       0,  0.00
  22,-491.00,       0,  0.00,       0,  0.00,       0,  0.00
  23,-490.00,       0,  0.00,       0,  0.00,       0,  0.00
  24,-489.00,       0,  0.00,       0,  0.00,       0,  0.00
  25,-488.00,       0,  0.00,       0,  0.00,       0,  0.00
  26,-487.00,       0,  0.00,       0,  0.00,       0,  0.00
  27,-486.00,       0,  0.00,       0,  0.00,       0,  0.00
  28,-485.00,       0,  0.00,       0,  0.00,       0,  0.00
  29,-484.00,       0,  0.00,       0,  0.00,       0,  0.00
  30,-483.00,       0,  0.00,       0,  0.00,       0,  0.00
  31,-482.00,       0,  0.00,       0,  0.00,       0,  0.00
  32,-481.00,       0,  0.00,       0,  0.00,       0,  0.00
  33,-480.00,       0,  0.00,       0,  0.00,       0,  0.00
  34,-479.00,       0,  0.00,       0,  0.00,       0,  0.00
  35,-478.00,       0,  0.00,       0,  0.00,       0,  0.00
  36,-477.00,       0,  0.00,       0,  0.00,       0,  0.00
  37,-476.00,       0,  0.00,       0,  0.00,       0,  0.00
  38,-475.00,       0,  0.00,       0,  0.00,       0,  0.00
  39,-474.00,       0,  0.00,       0,  0.00,       0,  0.00
  40,-473.00,       0,  0.00,       0,  0.00,       0,  0.00
  41,-472.00,       0,  0.00,       0,  0.00,       0,  0.00
  42,-471.00,       0,  0.00,       0,  0.00,       0,  0.00
  43,-470.00,       0,  0.00,       0,  0.00,       0,  0.00
  44,-469.00,       0,  0.00,       0,  0.00,       0,  0.00
  45,-468.00,       0,  0.00,       0,  0.00,       0,  0.00
  46,-467.00,       0,  0.00,       0,  0.00,       0,  0.00
  47,-466.00,       0,  0.00,       0,  0.00,       0,  0.00
  48,-465.00,       0,  0.00,       0,  0.00,       0,  0.00
  49,-464.00,       0,  0.00,       0,  0.00,       0,  0.00
  50,-463.00,       0,  0.00,       0,  0.00,       0,  0.00
  51,-462.00,       0,  0.00,       0,  0.00,       0,  0.00
  52,-461.00,       0,  0.00,       0,  0.00,       0,  0.00
  53,-460.00,       0,  0.00,       0,  0.00,       0,  0.00
  54,-459.00,       0,  0.00,       0,  0.00,       0,  0.00
  55,-458.00,       0,  0.00,       0,  0.00,       0,  0.00
  56,-457.00,       0,  0.00,       0,  0.00,       0,  0.00
  57,-456.00,       0,  0.00,       0,  0.00,       0,  0.00
  58,-455.00,       0,  0.00,       0,  0.00,       0,  0.00
  59,-454.00,       0,  0.00,       0,  0.00,       0,  0.00
  60,-453.00,       0,  0.00,       0,  0.00,       0,  0.00
  61,-452.00,       0,  0.00,       0,  0.00,       0,  0.00
  62,-451.00,       0,  0.00,       0,  0.00,       0,  0.00
  63,-450.00,       0,  0.00,       0,  0.00,       0,  0.00
  64,-449.00,       0,  0.00,       0,  0.00,       0,  0.00
  65,-448.00,       0,  0.00,       0,  0.00,       0,  0.00
  66,-447.00,       0,  0.00,       0,  0.00,       0,  0.00
  67,-446.00,       0,  0.00,       0,  0.00,       0,  0.00
  68,-445.00,       0,  0.00,       0,  0.00,       0,  0.00
  69,-444.00,       0,  0.00,       0,  0.00,       0,  0.00
  70,-443.00,       0,  0.00,       0,  0.00,       0,  0.00
  71,-442.00,       0,  0.00,       0,  0.00,       0,  0.00
  72,-441.00,       0,  0.00,       0,  0.00,       0,  0.00
  73,-440.00,       0,  0.00,       0,  0.00,       0,  0.00
  74,-439.00,       0,  0.00,       0,  0.00,       0,  0.00
  75,-438.00,       0,  0.00,       0,  0.00,       0,  0.00
  76,-437.00,       0,  0.00,       0,  0.00,       0,  0.00
  77,-436.00,       0,  0.00,       0,  0.00,       0,  0.00
  78,-435.00,       0,  0.00,       0,  0.00,       0,  0.00
  79,-434.00,       0,  0.00,       0,  0.00,       0,  0.00
  80,-433.00,       0,  0.00,       0,  0.00,       0,  0.00
  81,-432.00,       0,  0.00,       0,  0.00,       0,  0.00
  82,-431.00,       0,  0.00,       0,  0.00,       0,  0.00
  83,-430.00,       0,  0.00,       0,  0.00,       0,  0.00
  84,-429.00,       0,  0.00,       0,  0.00,       0,  0.00
  85,-428.00,       0,  0.00,       0,  0.00,       0,  0.00
  86,-427.00,       0,  0.00,       0,  0.00,       0,  0.00
  87,-426.00,       0,  0.00,       0,  0.00,       0,  0.00
  88,-425.00,       0,  0.00,       0,  0.00,       0,  0.00
  89,-424.00,       0,  0.00,       0,  0.00,       0,  0.00
  90,-423.00,       0,  0.00,       0,  0.00,       0,  0.00
  91,-422.00,       0,  0.00,       0,  0.00,       0,  0.00
  92,-421.00,       0,  0.00,       0,  0.00,       0,  0.00
  93,-420.00,       0,  0.00,       0,  0.00,       0,  0.00
  94,-419.00,       0,  0.00,       0,  0.00,       0,  0.00
  95,-418.00,       0,  0.00,       0,  0.00,       0,  0.00
  96,-417.00,       0,  0.00,       0,  0.00,       0,  0.00
  97,-416.00,       0,  0.00,       0,  0.00,       0,  0.00
  98,-415.00,       0,  0.00,       0,  0.00,       0,  0.00
  99,-414.00,       0,  0.00,       0,  0.00,       0,  0.00
 100,-413.00,       0,  0.00,       0,  0.00,       0,  0.00
 101,-412.00,       0,  0.00,       0,  0.00,       0,  0.00
 102,-411.00,       0,  0.00,       0,  0.00,       0,  0.00
 103,-410.00,       0,  0.00,       0,  0.00,       0,  0.00
 104,-409.00,       0,  0.00,       0,  0.00,       0,  0.00
 105,-408.00,       0,  0.00,       0,  0.00,       0,  0.00
 106,-407.00,       0,  0.00,       0,  0.00,       0,  0.00
 107,-406.00,       0,  0.00,       0,  0.00,       0,  0.00
 108,-405.00,       0,  0.00,       0,  0.00,       0,  0.00
 109,-404.00,       0,  0.00,       0,  0.00,       0,  0.00
 110,-403.00,       0,  0.00,       0,  0.00,       0,  0.00
 111,-402.00,       0,  0.00,       0,  0.00,       0,  0.00
 112,-401.00,       0,  0.00,       0,  0.00,       0,  0.00
 113,-400.00,       0,  0.00,       0,  0.00,       0,  0.00
 114,-399.00,       0,  0.00,       0,  0.00,       0,  0.00
 115,-398.00,       0,  0.00,       0,  0.00,       0,  0.00
 116,-397.00,   37778,  3.78,   36499,  7.43,    1279,  0.26
 117,-396.00,   37788,  3.78,   37604,  7.65,     184,  0.04
 118,-395.00,   38646,  3.87,   39660,  8.07,   -1014, -0.21
 119,-394.00,   39571,  3.96,   41365,  8.42,   -1794, -0.37
 120,-393.00,   39484,  3.95,   42507,  8.65,   -3023, -0.62
 121,-392.00,   40246,  4.03,   43837,  8.92,   -3591, -0.73
 122,-391.00,   41627,  4.17,   44785,  9.11,   -3158, -0.64
 123,-390.00,   43481,  4.35,   46008,  9.36,   -2527, -0.51
 124,-389.00,   45773,  4.58,   47352,  9.63,   -1579, -0.32
 125,-388.00,   47882,  4.79,   49243, 10.02,   -1361, -0.28
 126,-387.00,   48823,  4.89,   50617, 10.30,   -1794, -0.37
 127,-386.00,   48669,  4.87,   50564, 10.29,   -1895, -0.39
 128,-385.00,   48295,  4.83,   49608, 10.09,   -1313, -0.27
 129,-384.00,   48184,  4.82,   49541, 10.08,   -1357, -0.28
 130,-383.00,   49894,  4.99,   51004, 10.38,   -1110, -0.23
 131,-382.00,   52024,  5.21,   52310, 10.64,    -286, -0.06
 132,-381.00,   51313,  5.13,   51745, 10.53,    -432, -0.09
 133,-380.00,   50571,  5.06,   51301, 10.44,    -730, -0.15
 134,-379.00,   49905,  4.99,   50585, 10.29,    -680, -0.14
 135,-378.00,   51249,  5.13,   50925, 10.36,     324,  0.07
 136,-377.00,   52545,  5.26,   50969, 10.37,    1576,  0.32
 137,-376.00,   51457,  5.15,   49474, 10.07,    1983,  0.40
 138,-375.00,   50545,  5.06,   48763,  9.92,    1782,  0.36
 139,-374.00,   49610,  4.96,   47911,  9.75,    1699,  0.35
 140,-373.00,   51423,  5.15,   48170,  9.80,    3253,  0.66
 141,-372.00,   52245,  5.23,   47954,  9.76,    4291,  0.87
 142,-371.00,   52094,  5.21,   47199,  9.60,    4895,  1.00
 143,-370.00,   50589,  5.06,   45315,  9.22,    5274,  1.07
 144,-369.00,   49410,  4.94,   44356,  9.02,    5054,  1.03
 145,-368.00,   47339,  4.74,   42535,  8.65,    4804,  0.98
 146,-367.00,   45527,  4.56,   40847,  8.31,    4680,  0.95
 147,-366.00,   44056,  4.41,   39510,  8.04,    4546,  0.92
 148,-365.00,   43095,  4.31,   37518,  7.63,    5577,  1.13
 149,-364.00,   42171,  4.22,   35834,  7.29,    6337,  1.29
 150,-363.00,   41681,  4.17,   34253,  6.97,    7428,  1.51
 151,-362.00,   41368,  4.14,   32753,  6.66,    8615,  1.75
 152,-361.00,   38234,  3.83,   29918,  6.09,    8316,  1.69
 153,-360.00,   35978,  3.60,   27712,  5.64,    8266,  1.68
 154,-359.00,   34770,  3.48,   26377,  5.37,    8393,  1.71
 155,-358.00,   34384,  3.44,   25389,  5.17,    8995,  1.83
 156,-357.00,   34890,  3.49,   24739,  5.03,   10151,  2.07
 157,-356.00,   35675,  3.57,   23996,  4.88,   11679,  2.38
 158,-355.00,   35358,  3.54,   22295,  4.54,   13063,  2.66
 159,-354.00,   33164,  3.32,   20137,  4.10,   13027,  2.65
 160,-353.00,   32498,  3.25,   18674,  3.80,   13824,  2.81
 161,-352.00,   31870,  3.19,   17576,  3.58,   14294,  2.91
 162,-351.00,   29945,  3.00,   16610,  3.38,   13335,  2.71
 163,-350.00,   29427,  2.94,   16977,  3.45,   12450,  2.53
 164,-349.00,   30083,  3.01,   17525,  3.57,   12558,  2.56
 165,-348.00,   29890,  2.99,   16341,  3.32,   13549,  2.76
 166,-347.00,   28396,  2.84,   14426,  2.94,   13970,  2.84
 167,-346.00,   26818,  2.68,   12126,  2.47,   14692,  2.99
 168,-345.00,   25024,  2.50,    9956,  2.03,   15068,  3.07
 169,-344.00,   22875,  2.29,    8036,  1.63,   14839,  3.02
 170,-343.00,   20819,  2.08,    6436,  1.31,   14383,  2.93
 171,-342.00,   18874,  1.89,    5269,  1.07,   13605,  2.77
 172,-341.00,   17813,  1.78,    4470,  0.91,   13343,  2.71
 173,-340.00,   15087,  1.51,    2659,  0.54,   12428,  2.53
 174,-339.00,   12164,  1.22,     302,  0.06,   11862,  2.41
 175,-338.00,    9223,  0.92,   -1983, -0.40,   11206,  2.28
 176,-337.00,    6827,  0.68,   -3268, -0.66,   10095,  2.05
 177,-336.00,    5682,  0.57,   -4164, -0.85,    9846,  2.00
 178,-335.00,    4344,  0.43,   -5694, -1.16,   10038,  2.04
 179,-334.00,    2802,  0.28,   -7276, -1.48,   10078,  2.05
 180,-333.00,     390,  0.04,   -8342, -1.70,    8732,  1.78
 181,-332.00,   -1835, -0.18,  -10026, -2.04,    8191,  1.67
 182,-331.00,   -5271, -0.53,  -12910, -2.63,    7639,  1.55
 183,-330.00,   -8425, -0.84,  -14651, -2.98,    6226,  1.27
 184,-329.00,  -10412, -1.04,  -15982, -3.25,    5570,  1.13
 185,-328.00,  -11743, -1.18,  -17055, -3.47,    5312,  1.08
 186,-327.00,  -12498, -1.25,  -17651, -3.59,    5153,  1.05
 187,-326.00,  -12877, -1.29,  -18141, -3.69,    5264,  1.07
 188,-325.00,  -13062, -1.31,  -17957, -3.65,    4895,  1.00
 189,-324.00,  -14339, -1.43,  -19302, -3.93,    4963,  1.01
 190,-323.00,  -15634, -1.56,  -20677, -4.21,    5043,  1.03
 191,-322.00,  -17227, -1.72,  -22318, -4.54,    5091,  1.04
 192,-321.00,  -19265, -1.93,  -23304, -4.74,    4039,  0.82
 193,-320.00,  -20317, -2.03,  -23365, -4.75,    3048,  0.62
 194,-319.00,  -22381, -2.24,  -24217, -4.93,    1836,  0.37
 195,-318.00,  -23811, -2.38,  -24893, -5.06,    1082,  0.22
 196,-317.00,  -25244, -2.53,  -25256, -5.14,      12,  0.00
 197,-316.00,  -25143, -2.52,  -24999, -5.09,    -144, -0.03
 198,-315.00,  -24819, -2.48,  -24981, -5.08,     162,  0.03
 199,-314.00,  -25177, -2.52,  -25670, -5.22,     493,  0.10
 200,-313.00,  -26981, -2.70,  -27296, -5.55,     315,  0.06
 201,-312.00,  -28545, -2.86,  -28327, -5.76,    -218, -0.04
 202,-311.00,  -29803, -2.98,  -28951, -5.89,    -852, -0.17
 203,-310.00,  -31260, -3.13,  -29363, -5.97,   -1897, -0.39
 204,-309.00,  -29941, -3.00,  -27924, -5.68,   -2017, -0.41
 205,-308.00,  -27993, -2.80,  -25941, -5.28,   -2052, -0.42
 206,-307.00,  -24692, -2.47,  -23216, -4.72,   -1476, -0.30
 207,-306.00,  -22869, -2.29,  -21500, -4.37,   -1369, -0.28
 208,-305.00,  -22476, -2.25,  -21022, -4.28,   -1454, -0.30
 209,-304.00,  -23288, -2.33,  -22149, -4.51,   -1139, -0.23
 210,-303.00,  -24517, -2.45,  -23925, -4.87,    -592, -0.12
 211,-302.00,  -24865, -2.49,  -24804, -5.05,     -61, -0.01
 212,-301.00,  -25163, -2.52,  -24667, -5.02,    -496, -0.10
 213,-300.00,  -25641, -2.57,  -23722, -4.83,   -1919, -0.39
 214,-299.00,  -25125, -2.51,  -22705, -4.62,   -2420, -0.49
 215,-298.00,  -23658, -2.37,  -21677, -4.41,   -1981, -0.40
 216,-297.00,  -22379, -2.24,  -20683, -4.21,   -1696, -0.35
 217,-296.00,  -21750, -2.18,  -19394, -3.95,   -2356, -0.48
 218,-295.00,  -21906, -2.19,  -18631, -3.79,   -3275, -0.67
 219,-294.00,  -21568, -2.16,  -18169, -3.70,   -3399, -0.69
 220,-293.00,  -22444, -2.25,  -18485, -3.76,   -3959, -0.81
 221,-292.00,  -22341, -2.24,  -17694, -3.60,   -4647, -0.95
 222,-291.00,  -21599, -2.16,  -16431, -3.34,   -5168, -1.05
 223,-290.00,  -21733, -2.17,  -15510, -3.16,   -6223, -1.27
 224,-289.00,  -22130, -2.21,  -14900, -3.03,   -7230, -1.47
 225,-288.00,  -21702, -2.17,  -14061, -2.86,   -7641, -1.55
 226,-287.00,  -19598, -1.96,  -12756, -2.60,   -6842, -1.39
 227,-286.00,  -17736, -1.77,  -11621, -2.36,   -6115, -1.24
 228,-285.00,  -16600, -1.66,  -10440, -2.12,   -6160, -1.25
 229,-284.00,  -14694, -1.47,   -8587, -1.75,   -6107, -1.24
 230,-283.00,  -12546, -1.26,   -6335, -1.29,   -6211, -1.26
 231,-282.00,  -12879, -1.29,   -6218, -1.27,   -6661, -1.36
 232,-281.00,  -12534, -1.25,   -5785, -1.18,   -6749, -1.37
 233,-280.00,  -12622, -1.26,   -5835, -1.19,   -6787, -1.38
 234,-279.00,  -12881, -1.29,   -5768, -1.17,   -7113, -1.45
 235,-278.00,  -11740, -1.17,   -4469, -0.91,   -7271, -1.48
 236,-277.00,  -11609, -1.16,   -4510, -0.92,   -7099, -1.44
 237,-276.00,  -11664, -1.17,   -4995, -1.02,   -6669, -1.36
 238,-275.00,  -12035, -1.20,   -6041, -1.23,   -5994, -1.22
 239,-274.00,  -11973, -1.20,   -6728, -1.37,   -5245, -1.07
 240,-273.00,  -12246, -1.23,   -6821, -1.39,   -5425, -1.10
 241,-272.00,  -13621, -1.36,   -7421, -1.51,   -6200, -1.26
 242,-271.00,  -14715, -1.47,   -7942, -1.62,   -6773, -1.38
 243,-270.00,  -13202, -1.32,   -7922, -1.61,   -5280, -1.07
 244,-269.00,  -11062, -1.11,   -7121, -1.45,   -3941, -0.80
 245,-268.00,   -9345, -0.94,   -6363, -1.29,   -2982, -0.61
 246,-267.00,   -7843, -0.78,   -6307, -1.28,   -1536, -0.31
 247,-266.00,   -7131, -0.71,   -6551, -1.33,    -580, -0.12
 248,-265.00,   -6361, -0.64,   -6476, -1.32,     115,  0.02
 249,-264.00,   -4738, -0.47,   -5069, -1.03,     331,  0.07
 250,-263.00,   -2890, -0.29,   -3570, -0.73,     680,  0.14
 251,-262.00,   -1483, -0.15,   -2416, -0.49,     933,  0.19
 252,-261.00,   -1323, -0.13,   -1304, -0.27,     -19, -0.00
 253,-260.00,    -895, -0.09,    -716, -0.15,    -179, -0.04
 254,-259.00,    1010,  0.10,     -66, -0.01,    1076,  0.22
 255,-258.00,    2323,  0.23,     -59, -0.01,    2382,  0.48
 256,-257.00,    2903,  0.29,     631,  0.13,    2272,  0.46
 257,-256.00,    3271,  0.33,    2013,  0.41,    1258,  0.26
 258,-255.00,    4096,  0.41,    3498,  0.71,     598,  0.12
 259,-254.00,    4306,  0.43,    4161,  0.85,     145,  0.03
 260,-253.00,    3458,  0.35,    4603,  0.94,   -1145, -0.23
 261,-252.00,    1629,  0.16,    3905,  0.79,   -2276, -0.46
 262,-251.00,     -20, -0.00,    3169,  0.64,   -3189, -0.65
 263,-250.00,   -1463, -0.15,    2836,  0.58,   -4299, -0.87
 264,-249.00,   -2432, -0.24,    2806,  0.57,   -5238, -1.07
 265,-248.00,   -2920, -0.29,    3145,  0.64,   -6065, -1.23
 266,-247.00,   -4452, -0.45,    2720,  0.55,   -7172, -1.46
 267,-246.00,   -7489, -0.75,    1444,  0.29,   -8933, -1.82
 268,-245.00,   -9628, -0.96,     -43, -0.00,   -9585, -1.95
 269,-244.00,  -10614, -1.06,    -951, -0.19,   -9663, -1.97
 270,-243.00,   -9959, -1.00,   -1118, -0.23,   -8841, -1.80
 271,-242.00,  -10118, -1.01,    -399, -0.08,   -9719, -1.98
 272,-241.00,  -11091, -1.11,     -83, -0.02,  -11008, -2.24
 273,-240.00,  -11936, -1.19,    -180, -0.04,  -11756, -2.39
 274,-239.00,  -12945, -1.30,    -699, -0.14,  -12246, -2.49
 275,-238.00,  -15187, -1.52,   -1303, -0.27,  -13884, -2.82
 276,-237.00,  -17478, -1.75,   -2279, -0.46,  -15199, -3.09
 277,-236.00,  -17692, -1.77,   -1605, -0.33,  -16087, -3.27
 278,-235.00,  -17060, -1.71,    -876, -0.18,  -16184, -3.29
 279,-234.00,  -15503, -1.55,     675,  0.14,  -16178, -3.29
 280,-233.00,  -15302, -1.53,    2224,  0.45,  -17526, -3.57
 281,-232.00,  -14503, -1.45,    3688,  0.75,  -18191, -3.70
 282,-231.00,  -13211, -1.32,    4285,  0.87,  -17496, -3.56
 283,-230.00,  -12857, -1.29,    4533,  0.92,  -17390, -3.54
 284,-229.00,  -13383, -1.34,    3882,  0.79,  -17265, -3.51
 285,-228.00,  -15562, -1.56,    1788,  0.36,  -17350, -3.53
 286,-227.00,  -15994, -1.60,     313,  0.06,  -16307, -3.32
 287,-226.00,  -14067, -1.41,    1866,  0.38,  -15933, -3.24
 288,-225.00,  -12687, -1.27,    4439,  0.90,  -17126, -3.48
 289,-224.00,  -10647, -1.07,    6868,  1.40,  -17515, -3.56
 290,-223.00,   -9664, -0.97,    7743,  1.58,  -17407, -3.54
 291,-222.00,  -10959, -1.10,    6896,  1.40,  -17855, -3.63
 292,-221.00,  -11566, -1.16,    5640,  1.15,  -17206, -3.50
 293,-220.00,  -11030, -1.10,    4429,  0.90,  -15459, -3.15
 294,-219.00,  -10784, -1.08,    4022,  0.82,  -14806, -3.01
 295,-218.00,  -12795, -1.28,    3422,  0.70,  -16217, -3.30
 296,-217.00,  -15359, -1.54,    1567,  0.32,  -16926, -3.44
 297,-216.00,  -16128, -1.61,      64,  0.01,  -16192, -3.29
 298,-215.00,  -15095, -1.51,    -398, -0.08,  -14697, -2.99
 299,-214.00,  -14735, -1.47,    -498, -0.10,  -14237, -2.90
 300,-213.00,  -15252, -1.53,    -520, -0.11,  -14732, -3.00
 301,-212.00,  -16525, -1.65,   -1677, -0.34,  -14848, -3.02
 302,-211.00,  -17605, -1.76,   -2754, -0.56,  -14851, -3.02
 303,-210.00,  -18460, -1.85,   -4274, -0.87,  -14186, -2.89
 304,-209.00,  -19461, -1.95,   -5442, -1.11,  -14019, -2.85
 305,-208.00,  -20692, -2.07,   -6547, -1.33,  -14145, -2.88
 306,-207.00,  -20768, -2.08,   -7834, -1.59,  -12934, -2.63
 307,-206.00,  -21676, -2.17,   -9345, -1.90,  -12331, -2.51
 308,-205.00,  -20009, -2.00,   -8976, -1.83,  -11033, -2.24
 309,-204.00,  -18234, -1.82,   -8125, -1.65,  -10109, -2.06
 310,-203.00,  -19604, -1.96,   -9119, -1.86,  -10485, -2.13
 311,-202.00,  -20563, -2.06,  -10973, -2.23,   -9590, -1.95
 312,-201.00,  -20693, -2.07,  -12130, -2.47,   -8563, -1.74
 313,-200.00,  -19748, -1.98,  -12309, -2.50,   -7439, -1.51
 314,-199.00,  -19305, -1.93,  -13262, -2.70,   -6043, -1.23
 315,-198.00,  -19941, -2.00,  -14927, -3.04,   -5014, -1.02
 316,-197.00,  -20215, -2.02,  -15980, -3.25,   -4235, -0.86
 317,-196.00,  -20431, -2.04,  -16735, -3.40,   -3696, -0.75
 318,-195.00,  -21199, -2.12,  -17949, -3.65,   -3250, -0.66
 319,-194.00,  -22206, -2.22,  -18912, -3.85,   -3294, -0.67
 320,-193.00,  -22895, -2.29,  -20052, -4.08,   -2843, -0.58
 321,-192.00,  -22717, -2.27,  -20988, -4.27,   -1729, -0.35
 322,-191.00,  -22554, -2.26,  -22008, -4.48,    -546, -0.11
 323,-190.00,  -21746, -2.18,  -22293, -4.54,     547,  0.11
 324,-189.00,  -21868, -2.19,  -22818, -4.64,     950,  0.19
 325,-188.00,  -23754, -2.38,  -23019, -4.68,    -735, -0.15
 326,-187.00,  -26051, -2.61,  -24521, -4.99,   -1530, -0.31
 327,-186.00,  -27065, -2.71,  -25222, -5.13,   -1843, -0.37
 328,-185.00,  -25912, -2.59,  -24531, -4.99,   -1381, -0.28
 329,-184.00,  -23206, -2.32,  -23232, -4.73,      26,  0.00
 330,-183.00,  -23873, -2.39,  -22741, -4.63,   -1132, -0.23
 331,-182.00,  -26109, -2.61,  -23327, -4.75,   -2782, -0.57
 332,-181.00,  -25758, -2.58,  -23226, -4.73,   -2532, -0.52
 333,-180.00,  -25141, -2.52,  -22628, -4.60,   -2513, -0.51
 334,-179.00,  -24992, -2.50,  -22692, -4.62,   -2300, -0.47
 335,-178.00,  -23089, -2.31,  -20963, -4.27,   -2126, -0.43
 336,-177.00,  -20687, -2.07,  -18689, -3.80,   -1998, -0.41
 337,-176.00,  -17611, -1.76,  -16210, -3.30,   -1401, -0.29
 338,-175.00,  -14693, -1.47,  -13986, -2.85,    -707, -0.14
 339,-174.00,  -13171, -1.32,  -12995, -2.64,    -176, -0.04
 340,-173.00,  -12684, -1.27,  -13205, -2.69,     521,  0.11
 341,-172.00,  -11978, -1.20,  -13385, -2.72,    1407,  0.29
 342,-171.00,  -10280, -1.03,  -12877, -2.62,    2597,  0.53
 343,-170.00,   -7707, -0.77,  -11537, -2.35,    3830,  0.78
 344,-169.00,   -3130, -0.31,   -8745, -1.78,    5615,  1.14
 345,-168.00,    -531, -0.05,   -7252, -1.48,    6721,  1.37
 346,-167.00,     394,  0.04,   -7423, -1.51,    7817,  1.59
 347,-166.00,    1718,  0.17,   -6658, -1.35,    8376,  1.70
 348,-165.00,    2774,  0.28,   -6390, -1.30,    9164,  1.86
 349,-164.00,    2555,  0.26,   -7474, -1.52,   10029,  2.04
 350,-163.00,    4385,  0.44,   -6666, -1.36,   11051,  2.25
 351,-162.00,    8594,  0.86,   -4941, -1.01,   13535,  2.75
 352,-161.00,   10336,  1.03,   -5245, -1.07,   15581,  3.17
 353,-160.00,    9330,  0.93,   -7650, -1.56,   16980,  3.45
 354,-159.00,    7285,  0.73,  -10041, -2.04,   17326,  3.53
 355,-158.00,    7274,  0.73,  -11031, -2.24,   18305,  3.72
 356,-157.00,    9650,  0.97,  -10761, -2.19,   20411,  4.15
 357,-156.00,   11010,  1.10,  -10562, -2.15,   21572,  4.39
 358,-155.00,   12256,  1.23,  -10307, -2.10,   22563,  4.59
 359,-154.00,   13981,  1.40,  -10425, -2.12,   24406,  4.97
 360,-153.00,   15157,  1.52,  -10301, -2.10,   25458,  5.18
 361,-152.00,   14618,  1.46,  -11085, -2.26,   25703,  5.23
 362,-151.00,   14322,  1.43,  -11456, -2.33,   25778,  5.24
 363,-150.00,   13277,  1.33,  -12543, -2.55,   25820,  5.25
 364,-149.00,   12252,  1.23,  -13369, -2.72,   25621,  5.21
 365,-148.00,   10604,  1.06,  -14501, -2.95,   25105,  5.11
 366,-147.00,   10538,  1.05,  -14731, -3.00,   25269,  5.14
 367,-146.00,   10461,  1.05,  -15613, -3.18,   26074,  5.30
 368,-145.00,    9821,  0.98,  -16668, -3.39,   26489,  5.39
 369,-144.00,    9103,  0.91,  -16947, -3.45,   26050,  5.30
 370,-143.00,    8896,  0.89,  -17429, -3.55,   26325,  5.36
 371,-142.00,    8276,  0.83,  -18065, -3.68,   26341,  5.36
 372,-141.00,    5858,  0.59,  -18189, -3.70,   24047,  4.89
 373,-140.00,    4658,  0.47,  -17923, -3.65,   22581,  4.59
 374,-139.00,    4947,  0.50,  -17273, -3.51,   22220,  4.52
 375,-138.00,    5300,  0.53,  -17241, -3.51,   22541,  4.59
 376,-137.00,    6199,  0.62,  -16170, -3.29,   22369,  4.55
 377,-136.00,    4528,  0.45,  -16600, -3.38,   21128,  4.30
 378,-135.00,    2688,  0.27,  -16547, -3.37,   19235,  3.91
 379,-134.00,    3237,  0.32,  -14730, -3.00,   17967,  3.66
 380,-133.00,    6111,  0.61,  -11284, -2.30,   17395,  3.54
 381,-132.00,    9687,  0.97,   -6644, -1.35,   16331,  3.32
 382,-131.00,   10727,  1.07,   -4320, -0.88,   15047,  3.06
 383,-130.00,   10895,  1.09,   -3632, -0.74,   14527,  2.96
 384,-129.00,    9650,  0.97,   -4266, -0.87,   13916,  2.83
 385,-128.00,    8678,  0.87,   -4185, -0.85,   12863,  2.62
 386,-127.00,    8782,  0.88,   -2144, -0.44,   10926,  2.22
 387,-126.00,    5385,  0.54,   -2887, -0.59,    8272,  1.68
 388,-125.00,    2430,  0.24,   -4563, -0.93,    6993,  1.42
 389,-124.00,    2253,  0.23,   -3654, -0.74,    5907,  1.20
 390,-123.00,    3669,  0.37,    -455, -0.09,    4124,  0.84
 391,-122.00,    2967,  0.30,    1036,  0.21,    1931,  0.39
 392,-121.00,    3068,  0.31,    2419,  0.49,     649,  0.13
 393,-120.00,    1971,  0.20,    2547,  0.52,    -576, -0.12
 394,-119.00,    -456, -0.05,    1783,  0.36,   -2239, -0.46
 395,-118.00,   -3789, -0.38,    -256, -0.05,   -3533, -0.72
 396,-117.00,   -4822, -0.48,     321,  0.07,   -5143, -1.05
 397,-116.00,   -5334, -0.53,    1000,  0.20,   -6334, -1.29
 398,-115.00,   -5666, -0.57,    2230,  0.45,   -7896, -1.61
 399,-114.00,   -7016, -0.70,    3502,  0.71,  -10518, -2.14
 400,-113.00,   -7839, -0.78,    4991,  1.02,  -12830, -2.61
 401,-112.00,   -6857, -0.69,    7424,  1.51,  -14281, -2.91
 402,-111.00,   -5451, -0.55,    9710,  1.98,  -15161, -3.08
 403,-110.00,   -4450, -0.45,   11570,  2.35,  -16020, -3.26
 404,-109.00,   -4339, -0.43,   13350,  2.72,  -17689, -3.60
 405,-108.00,   -3551, -0.36,   15130,  3.08,  -18681, -3.80
 406,-107.00,   -4161, -0.42,   15192,  3.09,  -19353, -3.94
 407,-106.00,   -5020, -0.50,   14925,  3.04,  -19945, -4.06
 408,-105.00,   -5115, -0.51,   15735,  3.20,  -20850, -4.24
 409,-104.00,   -5535, -0.55,   16265,  3.31,  -21800, -4.44
 410,-103.00,   -6720, -0.67,   17328,  3.53,  -24048, -4.89
 411,-102.00,   -6596, -0.66,   18566,  3.78,  -25162, -5.12
 412,-101.00,   -5396, -0.54,   20023,  4.07,  -25419, -5.17
 413,-100.00,   -3983, -0.40,   21612,  4.40,  -25595, -5.21
 414,-99.00,   -2967, -0.30,   22329,  4.54,  -25296, -5.15
 415,-98.00,   -2892, -0.29,   22920,  4.66,  -25812, -5.25
 416,-97.00,   -3487, -0.35,   23415,  4.76,  -26902, -5.47
 417,-96.00,   -3949, -0.40,   24242,  4.93,  -28191, -5.74
 418,-95.00,   -2990, -0.30,   25655,  5.22,  -28645, -5.83
 419,-94.00,   -2198, -0.22,   26152,  5.32,  -28350, -5.77
 420,-93.00,   -1299, -0.13,   27022,  5.50,  -28321, -5.76
 421,-92.00,    -434, -0.04,   28220,  5.74,  -28654, -5.83
 422,-91.00,     836,  0.08,   29118,  5.92,  -28282, -5.75
 423,-90.00,     572,  0.06,   28968,  5.89,  -28396, -5.78
 424,-89.00,    -810, -0.08,   28270,  5.75,  -29080, -5.92
 425,-88.00,     665,  0.07,   29011,  5.90,  -28346, -5.77
 426,-87.00,    2800,  0.28,   30625,  6.23,  -27825, -5.66
 427,-86.00,    2347,  0.23,   30182,  6.14,  -27835, -5.66
 428,-85.00,     431,  0.04,   28722,  5.84,  -28291, -5.76
 429,-84.00,      31,  0.00,   28656,  5.83,  -28625, -5.82
 430,-83.00,      97,  0.00,   28407,  5.78,  -28310, -5.76
 431,-82.00,    1052,  0.11,   28421,  5.78,  -27369, -5.57
 432,-81.00,    1650,  0.17,   28592,  5.82,  -26942, -5.48
 433,-80.00,    1597,  0.16,   28131,  5.72,  -26534, -5.40
 434,-79.00,    2242,  0.22,   28160,  5.73,  -25918, -5.27
 435,-78.00,    2722,  0.27,   28045,  5.71,  -25323, -5.15
 436,-77.00,    3367,  0.34,   28031,  5.70,  -24664, -5.02
 437,-76.00,    4503,  0.45,   27770,  5.65,  -23267, -4.73
 438,-75.00,    3901,  0.39,   25282,  5.14,  -21381, -4.35
 439,-74.00,    3441,  0.34,   23462,  4.77,  -20021, -4.07
 440,-73.00,    4266,  0.43,   23362,  4.75,  -19096, -3.89
 441,-72.00,    5690,  0.57,   24075,  4.90,  -18385, -3.74
 442,-71.00,    8061,  0.81,   25288,  5.15,  -17227, -3.50
 443,-70.00,   10253,  1.03,   25305,  5.15,  -15052, -3.06
 444,-69.00,    9829,  0.98,   23516,  4.78,  -13687, -2.78
 445,-68.00,    6675,  0.67,   20198,  4.11,  -13523, -2.75
 446,-67.00,    5501,  0.55,   18187,  3.70,  -12686, -2.58
 447,-66.00,    5703,  0.57,   17354,  3.53,  -11651, -2.37
 448,-65.00,    5038,  0.50,   16197,  3.30,  -11159, -2.27
 449,-64.00,    5229,  0.52,   15474,  3.15,  -10245, -2.08
 450,-63.00,    4700,  0.47,   13810,  2.81,   -9110, -1.85
 451,-62.00,    4272,  0.43,   11982,  2.44,   -7710, -1.57
 452,-61.00,    2188,  0.22,    9275,  1.89,   -7087, -1.44
 453,-60.00,     592,  0.06,    6719,  1.37,   -6127, -1.25
 454,-59.00,    -292, -0.03,    4937,  1.00,   -5229, -1.06
 455,-58.00,    -551, -0.06,    3935,  0.80,   -4486, -0.91
 456,-57.00,    -744, -0.07,    3170,  0.64,   -3914, -0.80
 457,-56.00,   -1749, -0.18,    1879,  0.38,   -3628, -0.74
 458,-55.00,   -2959, -0.30,    1015,  0.21,   -3974, -0.81
 459,-54.00,   -3448, -0.35,     371,  0.08,   -3819, -0.78
 460,-53.00,   -3563, -0.36,     -93, -0.02,   -3470, -0.71
 461,-52.00,   -3596, -0.36,     513,  0.10,   -4109, -0.84
 462,-51.00,   -2930, -0.29,    1385,  0.28,   -4315, -0.88
 463,-50.00,   -1795, -0.18,    1703,  0.35,   -3498, -0.71
 464,-49.00,   -3206, -0.32,     261,  0.05,   -3467, -0.71
 465,-48.00,   -3311, -0.33,    -953, -0.19,   -2358, -0.48
 466,-47.00,   -3924, -0.39,   -2064, -0.42,   -1860, -0.38
 467,-46.00,   -3827, -0.38,   -2057, -0.42,   -1770, -0.36
 468,-45.00,   -4360, -0.44,   -2486, -0.51,   -1874, -0.38
 469,-44.00,   -4526, -0.45,   -2571, -0.52,   -1955, -0.40
 470,-43.00,   -5381, -0.54,   -3001, -0.61,   -2380, -0.48
 471,-42.00,   -5546, -0.55,   -3416, -0.70,   -2130, -0.43
 472,-41.00,   -5210, -0.52,   -3674, -0.75,   -1536, -0.31
 473,-40.00,   -4377, -0.44,   -3132, -0.64,   -1245, -0.25
 474,-39.00,   -3388, -0.34,   -2506, -0.51,    -882, -0.18
 475,-38.00,   -2901, -0.29,   -2466, -0.50,    -435, -0.09
 476,-37.00,   -3112, -0.31,   -2557, -0.52,    -555, -0.11
 477,-36.00,   -2355, -0.24,   -1423, -0.29,    -932, -0.19
 478,-35.00,   -2098, -0.21,   -1218, -0.25,    -880, -0.18
 479,-34.00,   -1582, -0.16,   -1175, -0.24,    -407, -0.08
 480,-33.00,     -61, -0.00,     179,  0.04,    -240, -0.05
 481,-32.00,     624,  0.06,     942,  0.19,    -318, -0.06
 482,-31.00,     727,  0.07,    1009,  0.21,    -282, -0.06
 483,-30.00,      78,  0.00,     776,  0.16,    -698, -0.14
 484,-29.00,     -17, -0.00,    1047,  0.21,   -1064, -0.22
 485,-28.00,    -357, -0.04,    2197,  0.45,   -2554, -0.52
 486,-27.00,    -507, -0.05,    2767,  0.56,   -3274, -0.67
 487,-26.00,    -253, -0.03,    3155,  0.64,   -3408, -0.69
 488,-25.00,      41,  0.00,    3749,  0.76,   -3708, -0.75
 489,-24.00,     162,  0.02,    3989,  0.81,   -3827, -0.78
 490,-23.00,     384,  0.04,    3992,  0.81,   -3608, -0.73
 491,-22.00,     966,  0.10,    4659,  0.95,   -3693, -0.75
 492,-21.00,    2564,  0.26,    6569,  1.34,   -4005, -0.81
 493,-20.00,    3264,  0.33,    7794,  1.59,   -4530, -0.92
 494,-19.00,    3111,  0.31,    8337,  1.70,   -5226, -1.06
 495,-18.00,    3202,  0.32,    9043,  1.84,   -5841, -1.19
 496,-17.00,    4016,  0.40,    9929,  2.02,   -5913, -1.20
 497,-16.00,    5448,  0.55,   11276,  2.29,   -5828, -1.19
 498,-15.00,    6937,  0.69,   12727,  2.59,   -5790, -1.18
 499,-14.00,    7079,  0.71,   13668,  2.78,   -6589, -1.34
 500,-13.00,    6617,  0.66,   14799,  3.01,   -8182, -1.66
 501,-12.00,    6881,  0.69,   16642,  3.39,   -9761, -1.99
 502,-11.00,    6938,  0.69,   17510,  3.56,  -10572, -2.15
 503,-10.00,    7659,  0.77,   18335,  3.73,  -10676, -2.17
 504,-9.00,    7949,  0.80,   19156,  3.90,  -11207, -2.28
 505,-8.00,    7936,  0.79,   19630,  3.99,  -11694, -2.38
 506,-7.00,    7923,  0.79,   19692,  4.01,  -11769, -2.39
 507,-6.00,    7439,  0.74,   19967,  4.06,  -12528, -2.55
 508,-5.00,    7165,  0.72,   20026,  4.07,  -12861, -2.62
 509,-4.00,    7268,  0.73,   20073,  4.08,  -12805, -2.61
 510,-3.00,    8341,  0.83,   21289,  4.33,  -12948, -2.63
 511,-2.00,    8962,  0.90,   22437,  4.56,  -13475, -2.74
 512,-1.00,    9402,  0.94,   23022,  4.68,  -13620, -2.77
 513,0.00,    9077,  0.91,   23278,  4.74,  -14201, -2.89
 514,1.00,    9962,  1.00,   24488,  4.98,  -14526, -2.96
 515,2.00,   10479,  1.05,   25446,  5.18,  -14967, -3.05
 516,3.00,    9266,  0.93,   24603,  5.01,  -15337, -3.12
 517,4.00,   10171,  1.02,   25365,  5.16,  -15194, -3.09
 518,5.00,   11054,  1.11,   26588,  5.41,  -15534, -3.16
 519,6.00,   10521,  1.05,   26503,  5.39,  -15982, -3.25
 520,7.00,   10689,  1.07,   26305,  5.35,  -15616, -3.18
 521,8.00,   10765,  1.08,   26106,  5.31,  -15341, -3.12
 522,9.00,   10089,  1.01,   25342,  5.16,  -15253, -3.10
 523,10.00,    8672,  0.87,   24330,  4.95,  -15658, -3.19
 524,11.00,    7313,  0.73,   23184,  4.72,  -15871, -3.23
 525,12.00,    5873,  0.59,   22390,  4.56,  -16517, -3.36
 526,13.00,    4936,  0.49,   21867,  4.45,  -16931, -3.44
 527,14.00,    3943,  0.39,   21092,  4.29,  -17149, -3.49
 528,15.00,    2777,  0.28,   20518,  4.17,  -17741, -3.61
 529,16.00,    1399,  0.14,   18924,  3.85,  -17525, -3.57
 530,17.00,    -834, -0.08,   16699,  3.40,  -17533, -3.57
 531,18.00,   -3553, -0.36,   14378,  2.93,  -17931, -3.65
 532,19.00,   -5342, -0.53,   13212,  2.69,  -18554, -3.77
 533,20.00,   -6441, -0.64,   12618,  2.57,  -19059, -3.88
 534,21.00,   -6499, -0.65,   12938,  2.63,  -19437, -3.95
 535,22.00,   -6380, -0.64,   13117,  2.67,  -19497, -3.97
 536,23.00,   -6394, -0.64,   12631,  2.57,  -19025, -3.87
 537,24.00,   -6711, -0.67,   12087,  2.46,  -18798, -3.82
 538,25.00,   -6668, -0.67,   12433,  2.53,  -19101, -3.89
 539,26.00,   -6234, -0.62,   13766,  2.80,  -20000, -4.07
 540,27.00,   -7773, -0.78,   13407,  2.73,  -21180, -4.31
 541,28.00,   -9412, -0.94,   12228,  2.49,  -21640, -4.40
 542,29.00,  -10025, -1.00,   10903,  2.22,  -20928, -4.26
 543,30.00,  -10453, -1.05,    9280,  1.89,  -19733, -4.01
 544,31.00,   -9954, -1.00,    9060,  1.84,  -19014, -3.87
 545,32.00,  -10243, -1.02,    8352,  1.70,  -18595, -3.78
 546,33.00,   -8853, -0.89,    9009,  1.83,  -17862, -3.63
 547,34.00,   -8042, -0.80,    9834,  2.00,  -17876, -3.64
 548,35.00,   -8726, -0.87,    9195,  1.87,  -17921, -3.65
 549,36.00,   -9343, -0.93,    8230,  1.67,  -17573, -3.58
 550,37.00,  -10118, -1.01,    7120,  1.45,  -17238, -3.51
 551,38.00,   -8302, -0.83,    8337,  1.70,  -16639, -3.39
 552,39.00,   -6646, -0.67,    9112,  1.85,  -15758, -3.21
 553,40.00,   -5170, -0.52,    9459,  1.92,  -14629, -2.98
 554,41.00,   -3334, -0.33,   10086,  2.05,  -13420, -2.73
 555,42.00,   -3588, -0.36,    8327,  1.69,  -11915, -2.42
 556,43.00,   -4416, -0.44,    6383,  1.30,  -10799, -2.20
 557,44.00,   -3063, -0.31,    7051,  1.43,  -10114, -2.06
 558,45.00,   -1037, -0.10,    8093,  1.65,   -9130, -1.86
 559,46.00,    -299, -0.03,    7731,  1.57,   -8030, -1.63
 560,47.00,     150,  0.02,    6946,  1.41,   -6796, -1.38
 561,48.00,     240,  0.02,    6472,  1.32,   -6232, -1.27
 562,49.00,    -349, -0.03,    5329,  1.08,   -5678, -1.16
 563,50.00,     205,  0.02,    5508,  1.12,   -5303, -1.08
 564,51.00,    1533,  0.15,    5564,  1.13,   -4031, -0.82
 565,52.00,    4332,  0.43,    6200,  1.26,   -1868, -0.38
 566,53.00,    4836,  0.48,    4833,  0.98,       3,  0.00
 567,54.00,    4880,  0.49,    3354,  0.68,    1526,  0.31
 568,55.00,    6542,  0.65,    3515,  0.72,    3027,  0.62
 569,56.00,    9386,  0.94,    5224,  1.06,    4162,  0.85
 570,57.00,   11177,  1.12,    6790,  1.38,    4387,  0.89
 571,58.00,   13456,  1.35,    8833,  1.80,    4623,  0.94
 572,59.00,   14928,  1.49,   10240,  2.08,    4688,  0.95
 573,60.00,   13440,  1.34,    8261,  1.68,    5179,  1.05
 574,61.00,   11808,  1.18,    6296,  1.28,    5512,  1.12
 575,62.00,   13320,  1.33,    7325,  1.49,    5995,  1.22
 576,63.00,   14203,  1.42,    8421,  1.71,    5782,  1.18
 577,64.00,   15203,  1.52,    9380,  1.91,    5823,  1.18
 578,65.00,   16195,  1.62,   10794,  2.20,    5401,  1.10
 579,66.00,   16428,  1.64,   11825,  2.41,    4603,  0.94
 580,67.00,   16087,  1.61,   12175,  2.48,    3912,  0.80
 581,68.00,   14262,  1.43,   11035,  2.25,    3227,  0.66
 582,69.00,   12468,  1.25,    9770,  1.99,    2698,  0.55
 583,70.00,   10273,  1.03,    7913,  1.61,    2360,  0.48
 584,71.00,    8510,  0.85,    6611,  1.35,    1899,  0.39
 585,72.00,    5486,  0.55,    4585,  0.93,     901,  0.18
 586,73.00,    2415,  0.24,    2264,  0.46,     151,  0.03
 587,74.00,      41,  0.00,     322,  0.07,    -281, -0.06
 588,75.00,    -510, -0.05,     -31, -0.00,    -479, -0.10
 589,76.00,    1252,  0.13,     912,  0.19,     340,  0.07
 590,77.00,    2752,  0.28,    1508,  0.31,    1244,  0.25
 591,78.00,    3325,  0.33,    2046,  0.42,    1279,  0.26
 592,79.00,    2726,  0.27,     864,  0.18,    1862,  0.38
 593,80.00,    1360,  0.14,    -787, -0.16,    2147,  0.44
 594,81.00,     103,  0.01,   -2139, -0.44,    2242,  0.46
 595,82.00,     437,  0.04,   -1634, -0.33,    2071,  0.42
 596,83.00,    2527,  0.25,    -320, -0.07,    2847,  0.58
 597,84.00,    3743,  0.37,    -527, -0.11,    4270,  0.87
 598,85.00,    3752,  0.38,   -1543, -0.31,    5295,  1.08
 599,86.00,    3581,  0.36,   -2617, -0.53,    6198,  1.26
 600,87.00,    5453,  0.55,   -1779, -0.36,    7232,  1.47
 601,88.00,    5060,  0.51,   -2477, -0.50,    7537,  1.53
 602,89.00,    3086,  0.31,   -4545, -0.92,    7631,  1.55
 603,90.00,    2268,  0.23,   -6131, -1.25,    8399,  1.71
 604,91.00,    3406,  0.34,   -6126, -1.25,    9532,  1.94
 605,92.00,    3085,  0.31,   -6908, -1.41,    9993,  2.03
 606,93.00,    3099,  0.31,   -7453, -1.52,   10552,  2.15
 607,94.00,    2647,  0.26,   -9161, -1.86,   11808,  2.40
 608,95.00,    2122,  0.21,  -10224, -2.08,   12346,  2.51
 609,96.00,    2282,  0.23,  -10744, -2.19,   13026,  2.65
 610,97.00,    3042,  0.30,  -10444, -2.12,   13486,  2.74
 611,98.00,    1087,  0.11,  -12319, -2.51,   13406,  2.73
 612,99.00,   -2296, -0.23,  -15862, -3.23,   13566,  2.76
 613,100.00,   -4305, -0.43,  -18068, -3.68,   13763,  2.80
 614,101.00,   -5375, -0.54,  -18938, -3.85,   13563,  2.76
 615,102.00,   -4985, -0.50,  -18495, -3.76,   13510,  2.75
 616,103.00,   -4083, -0.41,  -17677, -3.60,   13594,  2.77
 617,104.00,   -4730, -0.47,  -18368, -3.74,   13638,  2.77
 618,105.00,   -4037, -0.40,  -17297, -3.52,   13260,  2.70
 619,106.00,   -3088, -0.31,  -15841, -3.22,   12753,  2.59
 620,107.00,   -3810, -0.38,  -15805, -3.22,   11995,  2.44
 621,108.00,   -3614, -0.36,  -15670, -3.19,   12056,  2.45
 622,109.00,   -5865, -0.59,  -18390, -3.74,   12525,  2.55
 623,110.00,   -7051, -0.71,  -20121, -4.09,   13070,  2.66
 624,111.00,   -7031, -0.70,  -20541, -4.18,   13510,  2.75
 625,112.00,   -6967, -0.70,  -20584, -4.19,   13617,  2.77
 626,113.00,   -6189, -0.62,  -20279, -4.13,   14090,  2.87
 627,114.00,   -5812, -0.58,  -20243, -4.12,   14431,  2.94
 628,115.00,   -4535, -0.45,  -19346, -3.94,   14811,  3.01
 629,116.00,   -4525, -0.45,  -19738, -4.02,   15213,  3.10
 630,117.00,   -5213, -0.52,  -20648, -4.20,   15435,  3.14
 631,118.00,   -6128, -0.61,  -21013, -4.28,   14885,  3.03
 632,119.00,   -7157, -0.72,  -21674, -4.41,   14517,  2.95
 633,120.00,   -6290, -0.63,  -20983, -4.27,   14693,  2.99
 634,121.00,   -6193, -0.62,  -20902, -4.25,   14709,  2.99
 635,122.00,   -6080, -0.61,  -20757, -4.22,   14677,  2.99
 636,123.00,   -6522, -0.65,  -21858, -4.45,   15336,  3.12
 637,124.00,   -6850, -0.69,  -22368, -4.55,   15518,  3.16
 638,125.00,   -6235, -0.62,  -21942, -4.46,   15707,  3.20
 639,126.00,   -6343, -0.63,  -21675, -4.41,   15332,  3.12
 640,127.00,   -6194, -0.62,  -21134, -4.30,   14940,  3.04
 641,128.00,   -6225, -0.62,  -21246, -4.32,   15021,  3.06
 642,129.00,   -5415, -0.54,  -20418, -4.15,   15003,  3.05
 643,130.00,   -3301, -0.33,  -18491, -3.76,   15190,  3.09
 644,131.00,   -2520, -0.25,  -18608, -3.79,   16088,  3.27
 645,132.00,   -3211, -0.32,  -19594, -3.99,   16383,  3.33
 646,133.00,   -2893, -0.29,  -19131, -3.89,   16238,  3.30
 647,134.00,   -2877, -0.29,  -18680, -3.80,   15803,  3.22
 648,135.00,   -1647, -0.16,  -17559, -3.57,   15912,  3.24
 649,136.00,   -1297, -0.13,  -17590, -3.58,   16293,  3.31
 650,137.00,   -1968, -0.20,  -18589, -3.78,   16621,  3.38
 651,138.00,   -1581, -0.16,  -18910, -3.85,   17329,  3.53
 652,139.00,   -3289, -0.33,  -20593, -4.19,   17304,  3.52
 653,140.00,   -5652, -0.57,  -22430, -4.56,   16778,  3.41
 654,141.00,   -6861, -0.69,  -23263, -4.73,   16402,  3.34
 655,142.00,   -5870, -0.59,  -21592, -4.39,   15722,  3.20
 656,143.00,   -4972, -0.50,  -20003, -4.07,   15031,  3.06
 657,144.00,   -5906, -0.59,  -20791, -4.23,   14885,  3.03
 658,145.00,   -7022, -0.70,  -21776, -4.43,   14754,  3.00
 659,146.00,   -7149, -0.72,  -21181, -4.31,   14032,  2.85
 660,147.00,   -7461, -0.75,  -21413, -4.36,   13952,  2.84
 661,148.00,  -11021, -1.10,  -24441, -4.97,   13420,  2.73
 662,149.00,  -14112, -1.41,  -26979, -5.49,   12867,  2.62
 663,150.00,  -16550, -1.66,  -28898, -5.88,   12348,  2.51
 664,151.00,  -15995, -1.60,  -27341, -5.56,   11346,  2.31
 665,152.00,  -16476, -1.65,  -26083, -5.31,    9607,  1.95
 666,153.00,  -16278, -1.63,  -23740, -4.83,    7462,  1.52
 667,154.00,  -18510, -1.85,  -24779, -5.04,    6269,  1.28
 668,155.00,  -23173, -2.32,  -29077, -5.92,    5904,  1.20
 669,156.00,  -25380, -2.54,  -30637, -6.23,    5257,  1.07
 670,157.00,  -28645, -2.87,  -33086, -6.73,    4441,  0.90
 671,158.00,  -31987, -3.20,  -35274, -7.18,    3287,  0.67
 672,159.00,  -33726, -3.37,  -36235, -7.37,    2509,  0.51
 673,160.00,  -36055, -3.61,  -37182, -7.56,    1127,  0.23
 674,161.00,  -37772, -3.78,  -37326, -7.59,    -446, -0.09
 675,162.00,  -37575, -3.76,  -36151, -7.36,   -1424, -0.29
 676,163.00,  -35783, -3.58,  -33558, -6.83,   -2225, -0.45
 677,164.00,  -34872, -3.49,  -31649, -6.44,   -3223, -0.66
 678,165.00,  -35564, -3.56,  -31539, -6.42,   -4025, -0.82
 679,166.00,  -35467, -3.55,  -31180, -6.34,   -4287, -0.87
 680,167.00,  -35921, -3.59,  -31302, -6.37,   -4619, -0.94
 681,168.00,  -36553, -3.66,  -30485, -6.20,   -6068, -1.23
 682,169.00,  -36861, -3.69,  -29553, -6.01,   -7308, -1.49
 683,170.00,  -36841, -3.69,  -28272, -5.75,   -8569, -1.74
 684,171.00,  -35395, -3.54,  -25713, -5.23,   -9682, -1.97
 685,172.00,  -34793, -3.48,  -24018, -4.89,  -10775, -2.19
 686,173.00,  -33911, -3.39,  -22479, -4.57,  -11432, -2.33
 687,174.00,  -33889, -3.39,  -21530, -4.38,  -12359, -2.51
 688,175.00,  -34215, -3.42,  -20819, -4.24,  -13396, -2.73
 689,176.00,  -35251, -3.53,  -20024, -4.07,  -15227, -3.10
 690,177.00,  -35414, -3.54,  -19151, -3.90,  -16263, -3.31
 691,178.00,  -35399, -3.54,  -18863, -3.84,  -16536, -3.36
 692,179.00,  -35455, -3.55,  -18126, -3.69,  -17329, -3.53
 693,180.00,  -34132, -3.42,  -16004, -3.26,  -18128, -3.69
 694,181.00,  -32147, -3.22,  -13093, -2.66,  -19054, -3.88
 695,182.00,  -31175, -3.12,  -11338, -2.31,  -19837, -4.04
 696,183.00,  -32102, -3.21,  -11477, -2.34,  -20625, -4.20
 697,184.00,  -32488, -3.25,  -11367, -2.31,  -21121, -4.30
 698,185.00,  -31284, -3.13,  -10597, -2.16,  -20687, -4.21
 699,186.00,  -30257, -3.03,   -9357, -1.90,  -20900, -4.25
 700,187.00,  -29444, -2.95,   -7810, -1.59,  -21634, -4.40
 701,188.00,  -27687, -2.77,   -5808, -1.18,  -21879, -4.45
 702,189.00,  -27275, -2.73,   -4350, -0.89,  -22925, -4.66
 703,190.00,  -26268, -2.63,   -2636, -0.54,  -23632, -4.81
 704,191.00,  -26022, -2.60,   -1969, -0.40,  -24053, -4.89
 705,192.00,  -25428, -2.54,    -936, -0.19,  -24492, -4.98
 706,193.00,  -24957, -2.50,      75,  0.02,  -25032, -5.09
 707,194.00,  -25643, -2.57,     854,  0.17,  -26497, -5.39
 708,195.00,  -26301, -2.63,    1427,  0.29,  -27728, -5.64
 709,196.00,  -26170, -2.62,    2075,  0.42,  -28245, -5.75
 710,197.00,  -26671, -2.67,    2373,  0.48,  -29044, -5.91
 711,198.00,  -27225, -2.72,    3037,  0.62,  -30262, -6.16
 712,199.00,  -29625, -2.96,    1927,  0.39,  -31552, -6.42
 713,200.00,  -31061, -3.11,    1587,  0.32,  -32648, -6.64
 714,201.00,  -32846, -3.29,    1075,  0.22,  -33921, -6.90
 715,202.00,  -34404, -3.44,     630,  0.13,  -35034, -7.13
 716,203.00,  -32747, -3.28,    2874,  0.58,  -35621, -7.25
 717,204.00,  -31234, -3.13,    4829,  0.98,  -36063, -7.34
 718,205.00,  -30142, -3.02,    6061,  1.23,  -36203, -7.37
 719,206.00,  -30072, -3.01,    6635,  1.35,  -36707, -7.47
 720,207.00,  -31209, -3.12,    5944,  1.21,  -37153, -7.56
 721,208.00,  -33748, -3.38,    3174,  0.65,  -36922, -7.51
 722,209.00,  -34824, -3.48,    1667,  0.34,  -36491, -7.42
 723,210.00,  -35910, -3.59,     351,  0.07,  -36261, -7.38
 724,211.00,  -37448, -3.75,   -1110, -0.23,  -36338, -7.39
 725,212.00,  -38965, -3.90,   -2803, -0.57,  -36162, -7.36
 726,213.00,  -39273, -3.93,   -3757, -0.76,  -35516, -7.23
 727,214.00,  -39352, -3.94,   -4324, -0.88,  -35028, -7.13
 728,215.00,  -39455, -3.95,   -5030, -1.02,  -34425, -7.00
 729,216.00,  -40349, -4.04,   -5911, -1.20,  -34438, -7.01
 730,217.00,  -42131, -4.22,   -7348, -1.50,  -34783, -7.08
 731,218.00,  -43598, -4.36,   -8729, -1.78,  -34869, -7.09
 732,219.00,  -45052, -4.51,  -11114, -2.26,  -33938, -6.90
 733,220.00,  -45548, -4.56,  -12736, -2.59,  -32812, -6.68
 734,221.00,  -45490, -4.55,  -13737, -2.79,  -31753, -6.46
 735,222.00,  -46451, -4.65,  -15641, -3.18,  -30810, -6.27
 736,223.00,  -47892, -4.79,  -17442, -3.55,  -30450, -6.20
 737,224.00,  -48653, -4.87,  -18830, -3.83,  -29823, -6.07
 738,225.00,  -48888, -4.89,  -20115, -4.09,  -28773, -5.85
 739,226.00,  -48000, -4.80,  -20179, -4.11,  -27821, -5.66
 740,227.00,  -46052, -4.61,  -19595, -3.99,  -26457, -5.38
 741,228.00,  -44195, -4.42,  -19826, -4.03,  -24369, -4.96
 742,229.00,  -45180, -4.52,  -22076, -4.49,  -23104, -4.70
 743,230.00,  -44792, -4.48,  -23326, -4.75,  -21466, -4.37
 744,231.00,  -42647, -4.27,  -23037, -4.69,  -19610, -3.99
 745,232.00,  -40967, -4.10,  -22821, -4.64,  -18146, -3.69
 746,233.00,  -40270, -4.03,  -23203, -4.72,  -17067, -3.47
 747,234.00,  -39222, -3.92,  -23226, -4.73,  -15996, -3.25
 748,235.00,  -38243, -3.83,  -24202, -4.92,  -14041, -2.86
 749,236.00,  -35759, -3.58,  -23631, -4.81,  -12128, -2.47
 750,237.00,  -33279, -3.33,  -22961, -4.67,  -10318, -2.10
 751,238.00,  -32064, -3.21,  -23521, -4.79,   -8543, -1.74
 752,239.00,  -30369, -3.04,  -23237, -4.73,   -7132, -1.45
 753,240.00,  -27635, -2.77,  -21264, -4.33,   -6371, -1.30
 754,241.00,  -25584, -2.56,  -20103, -4.09,   -5481, -1.12
 755,242.00,  -23209, -2.32,  -18915, -3.85,   -4294, -0.87
 756,243.00,  -20491, -2.05,  -17774, -3.62,   -2717, -0.55
 757,244.00,  -18951, -1.90,  -18045, -3.67,    -906, -0.18
 758,245.00,  -17238, -1.72,  -18215, -3.71,     977,  0.20
 759,246.00,  -15464, -1.55,  -17971, -3.66,    2507,  0.51
 760,247.00,  -12087, -1.21,  -16199, -3.30,    4112,  0.84
 761,248.00,   -8457, -0.85,  -14006, -2.85,    5549,  1.13
 762,249.00,   -5510, -0.55,  -12669, -2.58,    7159,  1.46
 763,250.00,   -1412, -0.14,  -10169, -2.07,    8757,  1.78
 764,251.00,    1625,  0.16,   -8658, -1.76,   10283,  2.09
 765,252.00,    2510,  0.25,   -9231, -1.88,   11741,  2.39
 766,253.00,    3481,  0.35,   -9933, -2.02,   13414,  2.73
 767,254.00,    5616,  0.56,   -9432, -1.92,   15048,  3.06
 768,255.00,    8619,  0.86,   -7831, -1.59,   16450,  3.35
 769,256.00,   11941,  1.19,   -5440, -1.11,   17381,  3.54
 770,257.00,   13034,  1.30,   -5373, -1.09,   18407,  3.75
 771,258.00,   14618,  1.46,   -4133, -0.84,   18751,  3.82
 772,259.00,   18549,  1.86,    -984, -0.20,   19533,  3.97
 773,260.00,   20890,  2.09,     831,  0.17,   20059,  4.08
 774,261.00,   22200,  2.22,    1683,  0.34,   20517,  4.17
 775,262.00,   24533,  2.45,    2365,  0.48,   22168,  4.51
 776,263.00,   27255,  2.73,    3551,  0.72,   23704,  4.82
 777,264.00,   29802,  2.98,    5315,  1.08,   24487,  4.98
 778,265.00,   31752,  3.18,    6418,  1.31,   25334,  5.15
 779,266.00,   33921,  3.39,    8045,  1.64,   25876,  5.26
 780,267.00,   37211,  3.72,   10301,  2.10,   26910,  5.48
 781,268.00,   39118,  3.91,   11652,  2.37,   27466,  5.59
 782,269.00,   41700,  4.17,   13405,  2.73,   28295,  5.76
 783,270.00,   43821,  4.38,   14678,  2.99,   29143,  5.93
 784,271.00,   46294,  4.63,   16310,  3.32,   29984,  6.10
 785,272.00,   50274,  5.03,   19005,  3.87,   31269,  6.36
 786,273.00,   54978,  5.50,   22103,  4.50,   32875,  6.69
 787,274.00,   57278,  5.73,   23512,  4.78,   33766,  6.87
 788,275.00,   59180,  5.92,   24603,  5.01,   34577,  7.03
 789,276.00,   60610,  6.06,   24734,  5.03,   35876,  7.30
 790,277.00,   62225,  6.23,   25270,  5.14,   36955,  7.52
 791,278.00,   64722,  6.48,   27363,  5.57,   37359,  7.60
 792,279.00,   68380,  6.84,   30688,  6.24,   37692,  7.67
 793,280.00,   70515,  7.06,   32392,  6.59,   38123,  7.76
 794,281.00,   72465,  7.25,   33864,  6.89,   38601,  7.85
 795,282.00,   73237,  7.33,   34103,  6.94,   39134,  7.96
 796,283.00,   74466,  7.45,   34721,  7.06,   39745,  8.09
 797,284.00,   76286,  7.63,   35793,  7.28,   40493,  8.24
 798,285.00,   78824,  7.89,   37631,  7.66,   41193,  8.38
 799,286.00,   81830,  8.19,   39774,  8.09,   42056,  8.56
 800,287.00,   83498,  8.35,   41024,  8.35,   42474,  8.64
 801,288.00,   83994,  8.40,   41361,  8.42,   42633,  8.67
 802,289.00,   84876,  8.49,   42575,  8.66,   42301,  8.61
 803,290.00,   86885,  8.69,   44656,  9.09,   42229,  8.59
 804,291.00,   88401,  8.85,   46097,  9.38,   42304,  8.61
 805,292.00,   89935,  9.00,   47950,  9.76,   41985,  8.54
 806,293.00,   90700,  9.08,   49338, 10.04,   41362,  8.42
 807,294.00,   90885,  9.09,   50518, 10.28,   40367,  8.21
 808,295.00,   91109,  9.12,   51929, 10.57,   39180,  7.97
 809,296.00,   90757,  9.08,   52570, 10.70,   38187,  7.77
 810,297.00,   90018,  9.01,   52456, 10.67,   37562,  7.64
 811,298.00,   89317,  8.94,   52899, 10.76,   36418,  7.41
 812,299.00,   88374,  8.84,   52891, 10.76,   35483,  7.22
 813,300.00,   86897,  8.69,   52337, 10.65,   34560,  7.03
 814,301.00,   85271,  8.53,   52045, 10.59,   33226,  6.76
 815,302.00,   83894,  8.39,   51803, 10.54,   32091,  6.53
 816,303.00,   83499,  8.35,   51697, 10.52,   31802,  6.47
 817,304.00,   81672,  8.17,   50619, 10.30,   31053,  6.32
 818,305.00,   79700,  7.97,   49662, 10.10,   30038,  6.11
 819,306.00,   77920,  7.80,   48599,  9.89,   29321,  5.97
 820,307.00,   76054,  7.61,   48221,  9.81,   27833,  5.66
 821,308.00,   73729,  7.38,   47483,  9.66,   26246,  5.34
 822,309.00,   70299,  7.03,   45441,  9.25,   24858,  5.06
 823,310.00,   67977,  6.80,   43898,  8.93,   24079,  4.90
 824,311.00,   65629,  6.57,   42414,  8.63,   23215,  4.72
 825,312.00,   62597,  6.26,   40728,  8.29,   21869,  4.45
 826,313.00,   60444,  6.05,   39876,  8.11,   20568,  4.18
 827,314.00,   58197,  5.82,   39187,  7.97,   19010,  3.87
 828,315.00,   56337,  5.64,   38529,  7.84,   17808,  3.62
 829,316.00,   54363,  5.44,   37969,  7.73,   16394,  3.34
 830,317.00,   52032,  5.21,   37394,  7.61,   14638,  2.98
 831,318.00,   49985,  5.00,   36858,  7.50,   13127,  2.67
 832,319.00,   45827,  4.59,   34676,  7.06,   11151,  2.27
 833,320.00,   42252,  4.23,   32975,  6.71,    9277,  1.89
 834,321.00,   39386,  3.94,   31508,  6.41,    7878,  1.60
 835,322.00,   36259,  3.63,   29528,  6.01,    6731,  1.37
 836,323.00,   32040,  3.21,   26498,  5.39,    5542,  1.13
 837,324.00,   29557,  2.96,   24817,  5.05,    4740,  0.96
 838,325.00,   26299,  2.63,   22576,  4.59,    3723,  0.76
 839,326.00,   23540,  2.36,   20991,  4.27,    2549,  0.52
 840,327.00,   20525,  2.05,   19053,  3.88,    1472,  0.30
 841,328.00,   19528,  1.95,   18299,  3.72,    1229,  0.25
 842,329.00,   18955,  1.90,   17455,  3.55,    1500,  0.31
 843,330.00,   17361,  1.74,   16318,  3.32,    1043,  0.21
 844,331.00,   14561,  1.46,   14609,  2.97,     -48, -0.00
 845,332.00,   10469,  1.05,   11364,  2.31,    -895, -0.18
 846,333.00,    5527,  0.55,    7633,  1.55,   -2106, -0.43
 847,334.00,    2458,  0.25,    5051,  1.03,   -2593, -0.53
 848,335.00,    1159,  0.12,    4270,  0.87,   -3111, -0.63
 849,336.00,      52,  0.00,    4099,  0.83,   -4047, -0.82
 850,337.00,   -2277, -0.23,    2794,  0.57,   -5071, -1.03
 851,338.00,   -5121, -0.51,      31,  0.00,   -5152, -1.05
 852,339.00,   -7010, -0.70,   -2029, -0.41,   -4981, -1.01
 853,340.00,   -7535, -0.75,   -2938, -0.60,   -4597, -0.94
 854,341.00,   -8746, -0.88,   -5056, -1.03,   -3690, -0.75
 855,342.00,   -9063, -0.91,   -6673, -1.36,   -2390, -0.49
 856,343.00,   -8439, -0.84,   -6843, -1.39,   -1596, -0.32
 857,344.00,  -10088, -1.01,   -9107, -1.85,    -981, -0.20
 858,345.00,  -11867, -1.19,  -11387, -2.32,    -480, -0.10
 859,346.00,  -15122, -1.51,  -15070, -3.07,     -52, -0.01
 860,347.00,  -19607, -1.96,  -20050, -4.08,     443,  0.09
 861,348.00,  -21457, -2.15,  -22171, -4.51,     714,  0.15
 862,349.00,  -21753, -2.18,  -22498, -4.58,     745,  0.15
 863,350.00,  -22861, -2.29,  -24221, -4.93,    1360,  0.28
 864,351.00,  -26283, -2.63,  -27386, -5.57,    1103,  0.22
 865,352.00,  -28418, -2.84,  -29577, -6.02,    1159,  0.24
 866,353.00,  -28809, -2.88,  -30207, -6.15,    1398,  0.28
 867,354.00,  -30260, -3.03,  -31677, -6.44,    1417,  0.29
 868,355.00,  -31851, -3.19,  -32547, -6.62,     696,  0.14
 869,356.00,  -32827, -3.28,  -32972, -6.71,     145,  0.03
 870,357.00,  -34064, -3.41,  -33484, -6.81,    -580, -0.12
 871,358.00,  -35220, -3.52,  -34301, -6.98,    -919, -0.19
 872,359.00,  -37061, -3.71,  -35220, -7.17,   -1841, -0.37
 873,360.00,  -38087, -3.81,  -35503, -7.22,   -2584, -0.53
 874,361.00,  -40337, -4.04,  -36701, -7.47,   -3636, -0.74
 875,362.00,  -41398, -4.14,  -37600, -7.65,   -3798, -0.77
 876,363.00,  -42431, -4.25,  -38465, -7.83,   -3966, -0.81
 877,364.00,  -42096, -4.21,  -38338, -7.80,   -3758, -0.76
 878,365.00,  -40152, -4.02,  -36796, -7.49,   -3356, -0.68
 879,366.00,  -37749, -3.78,  -34576, -7.03,   -3173, -0.65
 880,367.00,  -37067, -3.71,  -33273, -6.77,   -3794, -0.77
 881,368.00,  -36357, -3.64,  -32137, -6.54,   -4220, -0.86
 882,369.00,  -36192, -3.62,  -31398, -6.39,   -4794, -0.98
 883,370.00,  -36089, -3.61,  -31045, -6.32,   -5044, -1.03
 884,371.00,  -36066, -3.61,  -31279, -6.36,   -4787, -0.97
 885,372.00,  -34599, -3.46,  -29764, -6.06,   -4835, -0.98
 886,373.00,  -33252, -3.33,  -28840, -5.87,   -4412, -0.90
 887,374.00,  -32809, -3.28,  -28545, -5.81,   -4264, -0.87
 888,375.00,  -32910, -3.29,  -27950, -5.69,   -4960, -1.01
 889,376.00,  -33129, -3.31,  -27094, -5.51,   -6035, -1.23
 890,377.00,  -32555, -3.26,  -26061, -5.30,   -6494, -1.32
 891,378.00,  -30988, -3.10,  -24353, -4.95,   -6635, -1.35
 892,379.00,  -27884, -2.79,  -21319, -4.34,   -6565, -1.34
 893,380.00,  -26054, -2.61,  -19075, -3.88,   -6979, -1.42
 894,381.00,  -27820, -2.78,  -19920, -4.05,   -7900, -1.61
 895,382.00,  -27644, -2.77,  -19802, -4.03,   -7842, -1.60
 896,383.00,  -25390, -2.54,  -17882, -3.64,   -7508, -1.53
 897,384.00,  -23853, -2.39,  -15922, -3.24,   -7931, -1.61
 898,385.00,  -24375, -2.44,  -15660, -3.19,   -8715, -1.77
 899,386.00,  -23867, -2.39,  -14780, -3.01,   -9087, -1.85
 900,387.00,  -23707, -2.37,  -14102, -2.87,   -9605, -1.95
 901,388.00,  -23577, -2.36,  -13476, -2.74,  -10101, -2.06
 902,389.00,  -21999, -2.20,  -11572, -2.35,  -10427, -2.12
 903,390.00,  -20474, -2.05,   -9772, -1.99,  -10702, -2.18
 904,391.00,  -20827, -2.08,   -8889, -1.81,  -11938, -2.43
 905,392.00,  -20598, -2.06,   -7674, -1.56,  -12924, -2.63
 906,393.00,  -19965, -2.00,   -5703, -1.16,  -14262, -2.90
 907,394.00,  -19673, -1.97,   -4072, -0.83,  -15601, -3.17
 908,395.00,  -19518, -1.95,   -2416, -0.49,  -17102, -3.48
 909,396.00,  -20040, -2.01,    -887, -0.18,  -19153, -3.90
 910,397.00,  -20868, -2.09,     434,  0.09,  -21302, -4.33
 911,398.00,  -21158, -2.12,    1851,  0.38,  -23009, -4.68
 912,399.00,  -20318, -2.03,    4011,  0.82,  -24329, -4.95
 913,400.00,  -20904, -2.09,    5739,  1.17,  -26643, -5.42
 914,401.00,  -23297, -2.33,    5096,  1.04,  -28393, -5.78
 915,402.00,  -24957, -2.50,    4816,  0.98,  -29773, -6.06
 916,403.00,  -26856, -2.69,    4523,  0.92,  -31379, -6.38
 917,404.00,  -28355, -2.84,    4719,  0.96,  -33074, -6.73
 918,405.00,  -27481, -2.75,    7266,  1.48,  -34747, -7.07
 919,406.00,  -26280, -2.63,    9528,  1.94,  -35808, -7.29
 920,407.00,  -26653, -2.67,   10238,  2.08,  -36891, -7.51
 921,408.00,  -26989, -2.70,   10842,  2.21,  -37831, -7.70
 922,409.00,  -26345, -2.64,   11682,  2.38,  -38027, -7.74
 923,410.00,  -26085, -2.61,   11955,  2.43,  -38040, -7.74
 924,411.00,  -26820, -2.68,   11367,  2.31,  -38187, -7.77
 925,412.00,  -29326, -2.93,    9482,  1.93,  -38808, -7.90
 926,413.00,  -29893, -2.99,    8671,  1.76,  -38564, -7.85
 927,414.00,  -29317, -2.93,    9091,  1.85,  -38408, -7.81
 928,415.00,  -27925, -2.79,   10649,  2.17,  -38574, -7.85
 929,416.00,  -28695, -2.87,   10313,  2.10,  -39008, -7.94
 930,417.00,  -29308, -2.93,    9740,  1.98,  -39048, -7.94
 931,418.00,  -28255, -2.83,   10055,  2.05,  -38310, -7.79
 932,419.00,  -27553, -2.76,   10327,  2.10,  -37880, -7.71
 933,420.00,  -27284, -2.73,   10014,  2.04,  -37298, -7.59
 934,421.00,  -27730, -2.77,    9280,  1.89,  -37010, -7.53
 935,422.00,  -27954, -2.80,    9566,  1.95,  -37520, -7.63
 936,423.00,  -28083, -2.81,    9331,  1.90,  -37414, -7.61
 937,424.00,  -30707, -3.07,    6194,  1.26,  -36901, -7.51
 938,425.00,  -34694, -3.47,    2175,  0.44,  -36869, -7.50
 939,426.00,  -37644, -3.77,    -483, -0.10,  -37161, -7.56
 940,427.00,  -40785, -4.08,   -3052, -0.62,  -37733, -7.68
 941,428.00,  -43325, -4.34,   -5959, -1.21,  -37366, -7.60
 942,429.00,  -45732, -4.58,   -8939, -1.82,  -36793, -7.49
 943,430.00,  -47983, -4.80,  -11703, -2.38,  -36280, -7.38
 944,431.00,  -49064, -4.91,  -12626, -2.57,  -36438, -7.41
 945,432.00,  -50188, -5.02,  -14050, -2.86,  -36138, -7.35
 946,433.00,  -53378, -5.34,  -16595, -3.38,  -36783, -7.48
 947,434.00,  -55760, -5.58,  -18995, -3.86,  -36765, -7.48
 948,435.00,  -57652, -5.77,  -21547, -4.38,  -36105, -7.35
 949,436.00,  -60857, -6.09,  -24331, -4.95,  -36526, -7.43
 950,437.00,  -63781, -6.38,  -27114, -5.52,  -36667, -7.46
 951,438.00,  -65840, -6.59,  -29819, -6.07,  -36021, -7.33
 952,439.00,  -69204, -6.92,  -33115, -6.74,  -36089, -7.34
 953,440.00,  -72849, -7.29,  -36501, -7.43,  -36348, -7.40
 954,441.00,  -75413, -7.55,  -39505, -8.04,  -35908, -7.31
 955,442.00,  -77014, -7.71,  -41584, -8.46,  -35430, -7.21
 956,443.00,  -77356, -7.74,  -43200, -8.79,  -34156, -6.95
 957,444.00,  -77433, -7.75,  -44433, -9.04,  -33000, -6.71
 958,445.00,  -77586, -7.76,  -45395, -9.24,  -32191, -6.55
 959,446.00,  -78283, -7.83,  -46705, -9.50,  -31578, -6.42
 960,447.00,  -78502, -7.85,  -48055, -9.78,  -30447, -6.19
 961,448.00,  -79232, -7.93,  -49980,-10.17,  -29252, -5.95
 962,449.00,  -81124, -8.12,  -51805,-10.54,  -29319, -5.97
 963,450.00,  -81916, -8.20,  -52357,-10.65,  -29559, -6.01
 964,451.00,  -83774, -8.38,  -54471,-11.08,  -29303, -5.96
 965,452.00,  -84129, -8.42,  -56422,-11.48,  -27707, -5.64
 966,453.00,  -83962, -8.40,  -57163,-11.63,  -26799, -5.45
 967,454.00,  -84549, -8.46,  -57247,-11.65,  -27302, -5.55
 968,455.00,  -83798, -8.38,  -56592,-11.51,  -27206, -5.54
 969,456.00,  -80732, -8.08,  -54803,-11.15,  -25929, -5.28
 970,457.00,  -77900, -7.79,  -53221,-10.83,  -24679, -5.02
 971,458.00,  -76464, -7.65,  -52606,-10.70,  -23858, -4.85
 972,459.00,  -76626, -7.67,  -52779,-10.74,  -23847, -4.85
 973,460.00,  -75263, -7.53,  -51706,-10.52,  -23557, -4.79
 974,461.00,  -73030, -7.31,  -49503,-10.07,  -23527, -4.79
 975,462.00,  -71341, -7.14,  -47764, -9.72,  -23577, -4.80
 976,463.00,  -70288, -7.03,  -47597, -9.68,  -22691, -4.62
 977,464.00,  -68766, -6.88,  -46644, -9.49,  -22122, -4.50
 978,465.00,  -68385, -6.84,  -46522, -9.47,  -21863, -4.45
 979,466.00,  -66981, -6.70,  -45960, -9.35,  -21021, -4.28
 980,467.00,  -65049, -6.51,  -44389, -9.03,  -20660, -4.20
 981,468.00,  -62383, -6.24,  -43101, -8.77,  -19282, -3.92
 982,469.00,  -60316, -6.04,  -41951, -8.54,  -18365, -3.74
 983,470.00,  -57230, -5.73,  -39570, -8.05,  -17660, -3.59
 984,471.00,  -53074, -5.31,  -35780, -7.28,  -17294, -3.52
 985,472.00,  -49224, -4.93,  -32650, -6.64,  -16574, -3.37
 986,473.00,  -46516, -4.65,  -30751, -6.26,  -15765, -3.21
 987,474.00,  -46104, -4.61,  -30281, -6.16,  -15823, -3.22
 988,475.00,  -43973, -4.40,  -28688, -5.84,  -15285, -3.11
 989,476.00,  -40836, -4.09,  -26203, -5.33,  -14633, -2.98
 990,477.00,  -37892, -3.79,  -24512, -4.99,  -13380, -2.72
 991,478.00,  -35799, -3.58,  -23416, -4.76,  -12383, -2.52
 992,479.00,  -34159, -3.42,  -22498, -4.58,  -11661, -2.37
 993,480.00,  -32462, -3.25,  -21373, -4.35,  -11089, -2.26
 994,481.00,  -30183, -3.02,  -20400, -4.15,   -9783, -1.99
 995,482.00,  -26002, -2.60,  -19040, -3.87,   -6962, -1.42
 996,483.00,  -22019, -2.20,  -17161, -3.49,   -4858, -0.99
 997,484.00,  -19133, -1.91,  -14968, -3.05,   -4165, -0.85
 998,485.00,  -16774, -1.68,  -12960, -2.64,   -3814, -0.78
 999,486.00,  -14024, -1.40,  -11093, -2.26,   -2931, -0.60
1000,487.00,  -11156, -1.12,   -9341, -1.90,   -1815, -0.37
1001,488.00,   -8503, -0.85,   -7704, -1.57,    -799, -0.16
1002,489.00,   -6153, -0.62,   -6352, -1.29,     199,  0.04
1003,490.00,   -3215, -0.32,   -4967, -1.01,    1752,  0.36
1004,491.00,    -211, -0.02,   -3816, -0.78,    3605,  0.73
1005,492.00,    1857,  0.19,   -2069, -0.42,    3926,  0.80
1006,493.00,    3610,  0.36,     -91, -0.02,    3701,  0.75
1007,494.00,    6397,  0.64,    2417,  0.49,    3980,  0.81
1008,495.00,   10841,  1.08,    6670,  1.36,    4171,  0.85
1009,496.00,   14383,  1.44,   10383,  2.11,    4000,  0.81
1010,497.00,   16811,  1.68,   13084,  2.66,    3727,  0.76
1011,498.00,   18332,  1.83,   14146,  2.88,    4186,  0.85
1012,499.00,   19702,  1.97,   14974,  3.05,    4728,  0.96
1013,500.00,   21243,  2.13,   16440,  3.34,    4803,  0.98
1014,501.00,   23102,  2.31,   18046,  3.67,    5056,  1.03
1015,502.00,   24945,  2.50,   19932,  4.06,    5013,  1.02
1016,503.00,   24905,  2.49,   20289,  4.13,    4616,  0.94
1017,504.00,   25463,  2.55,   21797,  4.43,    3666,  0.75
1018,505.00,   26588,  2.66,   23151,  4.71,    3437,  0.70
1019,506.00,   27665,  2.77,   24851,  5.06,    2814,  0.57
1020,507.00,   28273,  2.83,   25919,  5.27,    2354,  0.48
1021,508.00,   28817,  2.88,   26358,  5.36,    2459,  0.50
1022,509.00,   30091,  3.01,   27456,  5.59,    2635,  0.54
1023,510.00,   31160,  3.12,   28767,  5.85,    2393,  0.49
1024,511.00,   33026,  3.30,   30436,  6.19,    2590,  0.53
