-----------------------------------------------------------------------------------
Identifier:,IHS5922-20197C02
File Name:,EMLP70B.15
Ear:,L
Channel:,2
Intensity:,70 dB HL
Stim. Rate:,  1.10/s
Stim. Mode:,0
Sweeps:,61
Artifacts:,1
Smp. Period:,1000.00 us
Amp. Gain:, 50.00 K
Low Pass:, 30.00 Hz
High Pass:,  1.00 Hz
Notch Filter:,TRUE
Stimulus:,100
Stim. Freq.:,1000 Hz
Stim. Dur.:,2000 pnts
Masking:,0 dB SPL
Stim. Point:,513
-----------------------------------------------------------------------------------
Peak Information:,Label,Peak(+),Peak(+)(ms),Peak(-),Peak(-)(ms)
,21, 793,280.00, 852,339.00,
-----------------------------------------------------------------------------------


Data Pnt:,Data Pnt(ms):,Average:,Average(uV):,Buffer1:,Buffer1(uV):,Buffer2:,Buffer2(uV):
   1,-512.00,       0,  0.00,       0,  0.00,       0,  0.00
   2,-511.00,       0,  0.00,       0,  0.00,       0,  0.00
   3,-510.00,       0,  0.00,       0,  0.00,       0,  0.00
   4,-509.00,       0,  0.00,       0,  0.00,       0,  0.00
   5,-508.00,       0,  0.00,       0,  0.00,       0,  0.00
   6,-507.00,       0,  0.00,       0,  0.00,       0,  0.00
   7,-506.00,       0,  0.00,       0,  0.00,       0,  0.00
   8,-505.00,       0,  0.00,       0,  0.00,       0,  0.00
   9,-504.00,       0,  0.00,       0,  0.00,       0,  0.00
  10,-503.00,       0,  0.00,       0,  0.00,       0,  0.00
  11,-502.00,       0,  0.00,       0,  0.00,       0,  0.00
  12,-501.00,       0,  0.00,       0,  0.00,       0,  0.00
  13,-500.00,       0,  0.00,       0,  0.00,       0,  0.00
  14,-499.00,       0,  0.00,       0,  0.00,       0,  0.00
  15,-498.00,       0,  0.00,       0,  0.00,       0,  0.00
  16,-497.00,       0,  0.00,       0,  0.00,       0,  0.00
  17,-496.00,       0,  0.00,       0,  0.00,       0,  0.00
  18,-495.00,       0,  0.00,       0,  0.00,       0,  0.00
  19,-494.00,       0,  0.00,       0,  0.00,       0,  0.00
  20,-493.00,       0,  0.00,       0,  0.00,       0,  0.00
  21,-492.00,       0,  0.00,       0,  0.00,       0,  0.00
  22,-491.00,       0,  0.00,       0,  0.00,       0,  0.00
  23,-490.00,       0,  0.00,       0,  0.00,       0,  0.00
  24,-489.00,       0,  0.00,       0,  0.00,       0,  0.00
  25,-488.00,       0,  0.00,       0,  0.00,       0,  0.00
  26,-487.00,       0,  0.00,       0,  0.00,       0,  0.00
  27,-486.00,       0,  0.00,       0,  0.00,       0,  0.00
  28,-485.00,       0,  0.00,       0,  0.00,       0,  0.00
  29,-484.00,       0,  0.00,       0,  0.00,       0,  0.00
  30,-483.00,       0,  0.00,       0,  0.00,       0,  0.00
  31,-482.00,       0,  0.00,       0,  0.00,       0,  0.00
  32,-481.00,       0,  0.00,       0,  0.00,       0,  0.00
  33,-480.00,       0,  0.00,       0,  0.00,       0,  0.00
  34,-479.00,       0,  0.00,       0,  0.00,       0,  0.00
  35,-478.00,       0,  0.00,       0,  0.00,       0,  0.00
  36,-477.00,       0,  0.00,       0,  0.00,       0,  0.00
  37,-476.00,       0,  0.00,       0,  0.00,       0,  0.00
  38,-475.00,       0,  0.00,       0,  0.00,       0,  0.00
  39,-474.00,       0,  0.00,       0,  0.00,       0,  0.00
  40,-473.00,       0,  0.00,       0,  0.00,       0,  0.00
  41,-472.00,       0,  0.00,       0,  0.00,       0,  0.00
  42,-471.00,       0,  0.00,       0,  0.00,       0,  0.00
  43,-470.00,       0,  0.00,       0,  0.00,       0,  0.00
  44,-469.00,       0,  0.00,       0,  0.00,       0,  0.00
  45,-468.00,       0,  0.00,       0,  0.00,       0,  0.00
  46,-467.00,       0,  0.00,       0,  0.00,       0,  0.00
  47,-466.00,       0,  0.00,       0,  0.00,       0,  0.00
  48,-465.00,       0,  0.00,       0,  0.00,       0,  0.00
  49,-464.00,       0,  0.00,       0,  0.00,       0,  0.00
  50,-463.00,       0,  0.00,       0,  0.00,       0,  0.00
  51,-462.00,       0,  0.00,       0,  0.00,       0,  0.00
  52,-461.00,       0,  0.00,       0,  0.00,       0,  0.00
  53,-460.00,       0,  0.00,       0,  0.00,       0,  0.00
  54,-459.00,       0,  0.00,       0,  0.00,       0,  0.00
  55,-458.00,       0,  0.00,       0,  0.00,       0,  0.00
  56,-457.00,       0,  0.00,       0,  0.00,       0,  0.00
  57,-456.00,       0,  0.00,       0,  0.00,       0,  0.00
  58,-455.00,       0,  0.00,       0,  0.00,       0,  0.00
  59,-454.00,       0,  0.00,       0,  0.00,       0,  0.00
  60,-453.00,       0,  0.00,       0,  0.00,       0,  0.00
  61,-452.00,       0,  0.00,       0,  0.00,       0,  0.00
  62,-451.00,       0,  0.00,       0,  0.00,       0,  0.00
  63,-450.00,       0,  0.00,       0,  0.00,       0,  0.00
  64,-449.00,       0,  0.00,       0,  0.00,       0,  0.00
  65,-448.00,       0,  0.00,       0,  0.00,       0,  0.00
  66,-447.00,       0,  0.00,       0,  0.00,       0,  0.00
  67,-446.00,       0,  0.00,       0,  0.00,       0,  0.00
  68,-445.00,       0,  0.00,       0,  0.00,       0,  0.00
  69,-444.00,       0,  0.00,       0,  0.00,       0,  0.00
  70,-443.00,       0,  0.00,       0,  0.00,       0,  0.00
  71,-442.00,       0,  0.00,       0,  0.00,       0,  0.00
  72,-441.00,       0,  0.00,       0,  0.00,       0,  0.00
  73,-440.00,       0,  0.00,       0,  0.00,       0,  0.00
  74,-439.00,       0,  0.00,       0,  0.00,       0,  0.00
  75,-438.00,       0,  0.00,       0,  0.00,       0,  0.00
  76,-437.00,       0,  0.00,       0,  0.00,       0,  0.00
  77,-436.00,       0,  0.00,       0,  0.00,       0,  0.00
  78,-435.00,       0,  0.00,       0,  0.00,       0,  0.00
  79,-434.00,       0,  0.00,       0,  0.00,       0,  0.00
  80,-433.00,       0,  0.00,       0,  0.00,       0,  0.00
  81,-432.00,       0,  0.00,       0,  0.00,       0,  0.00
  82,-431.00,       0,  0.00,       0,  0.00,       0,  0.00
  83,-430.00,       0,  0.00,       0,  0.00,       0,  0.00
  84,-429.00,       0,  0.00,       0,  0.00,       0,  0.00
  85,-428.00,       0,  0.00,       0,  0.00,       0,  0.00
  86,-427.00,       0,  0.00,       0,  0.00,       0,  0.00
  87,-426.00,       0,  0.00,       0,  0.00,       0,  0.00
  88,-425.00,       0,  0.00,       0,  0.00,       0,  0.00
  89,-424.00,       0,  0.00,       0,  0.00,       0,  0.00
  90,-423.00,       0,  0.00,       0,  0.00,       0,  0.00
  91,-422.00,       0,  0.00,       0,  0.00,       0,  0.00
  92,-421.00,       0,  0.00,       0,  0.00,       0,  0.00
  93,-420.00,       0,  0.00,       0,  0.00,       0,  0.00
  94,-419.00,       0,  0.00,       0,  0.00,       0,  0.00
  95,-418.00,       0,  0.00,       0,  0.00,       0,  0.00
  96,-417.00,       0,  0.00,       0,  0.00,       0,  0.00
  97,-416.00,       0,  0.00,       0,  0.00,       0,  0.00
  98,-415.00,       0,  0.00,       0,  0.00,       0,  0.00
  99,-414.00,       0,  0.00,       0,  0.00,       0,  0.00
 100,-413.00,       0,  0.00,       0,  0.00,       0,  0.00
 101,-412.00,       0,  0.00,       0,  0.00,       0,  0.00
 102,-411.00,       0,  0.00,       0,  0.00,       0,  0.00
 103,-410.00,       0,  0.00,       0,  0.00,       0,  0.00
 104,-409.00,       0,  0.00,       0,  0.00,       0,  0.00
 105,-408.00,       0,  0.00,       0,  0.00,       0,  0.00
 106,-407.00,       0,  0.00,       0,  0.00,       0,  0.00
 107,-406.00,       0,  0.00,       0,  0.00,       0,  0.00
 108,-405.00,       0,  0.00,       0,  0.00,       0,  0.00
 109,-404.00,       0,  0.00,       0,  0.00,       0,  0.00
 110,-403.00,     264,  0.03,     244,  0.05,      20,  0.00
 111,-402.00,    -501, -0.05,    -478, -0.10,     -23, -0.00
 112,-401.00,   -1549, -0.15,   -1418, -0.29,    -131, -0.03
 113,-400.00,   -1169, -0.12,    -972, -0.20,    -197, -0.04
 114,-399.00,    2373,  0.24,    2344,  0.48,      29,  0.00
 115,-398.00,    9862,  0.99,    9069,  1.85,     793,  0.16
 116,-397.00,   20473,  2.05,   18270,  3.72,    2203,  0.45
 117,-396.00,   29023,  2.90,   25153,  5.12,    3870,  0.79
 118,-395.00,   33891,  3.39,   28579,  5.81,    5312,  1.08
 119,-394.00,   35080,  3.51,   28894,  5.88,    6186,  1.26
 120,-393.00,   34069,  3.41,   27438,  5.58,    6631,  1.35
 121,-392.00,   32786,  3.28,   25748,  5.24,    7038,  1.43
 122,-391.00,   32412,  3.24,   24681,  5.02,    7731,  1.57
 123,-390.00,   31940,  3.20,   23307,  4.74,    8633,  1.76
 124,-389.00,   31575,  3.16,   22140,  4.50,    9435,  1.92
 125,-388.00,   31223,  3.12,   21416,  4.36,    9807,  2.00
 126,-387.00,   30933,  3.10,   21168,  4.31,    9765,  1.99
 127,-386.00,   30636,  3.07,   21156,  4.30,    9480,  1.93
 128,-385.00,   30276,  3.03,   21163,  4.31,    9113,  1.85
 129,-384.00,   29954,  3.00,   21118,  4.30,    8836,  1.80
 130,-383.00,   29829,  2.98,   21050,  4.28,    8779,  1.79
 131,-382.00,   30026,  3.00,   21024,  4.28,    9002,  1.83
 132,-381.00,   30477,  3.05,   20986,  4.27,    9491,  1.93
 133,-380.00,   30904,  3.09,   20829,  4.24,   10075,  2.05
 134,-379.00,   31112,  3.11,   20636,  4.20,   10476,  2.13
 135,-378.00,   31182,  3.12,   20580,  4.19,   10602,  2.16
 136,-377.00,   31336,  3.14,   20825,  4.24,   10511,  2.14
 137,-376.00,   31675,  3.17,   21346,  4.34,   10329,  2.10
 138,-375.00,   32014,  3.20,   21843,  4.44,   10171,  2.07
 139,-374.00,   32048,  3.21,   22008,  4.48,   10040,  2.04
 140,-373.00,   31610,  3.16,   21747,  4.42,    9863,  2.01
 141,-372.00,   30891,  3.09,   21178,  4.31,    9713,  1.98
 142,-371.00,   30189,  3.02,   20481,  4.17,    9708,  1.98
 143,-370.00,   29651,  2.97,   19728,  4.01,    9923,  2.02
 144,-369.00,   29294,  2.93,   18891,  3.84,   10403,  2.12
 145,-368.00,   29011,  2.90,   17950,  3.65,   11061,  2.25
 146,-367.00,   28740,  2.88,   16953,  3.45,   11787,  2.40
 147,-366.00,   28623,  2.86,   16041,  3.26,   12582,  2.56
 148,-365.00,   28774,  2.88,   15285,  3.11,   13489,  2.74
 149,-364.00,   29248,  2.93,   14717,  2.99,   14531,  2.96
 150,-363.00,   30121,  3.01,   14439,  2.94,   15682,  3.19
 151,-362.00,   31249,  3.13,   14487,  2.95,   16762,  3.41
 152,-361.00,   32455,  3.25,   14822,  3.02,   17633,  3.59
 153,-360.00,   33562,  3.36,   15315,  3.12,   18247,  3.71
 154,-359.00,   34390,  3.44,   15788,  3.21,   18602,  3.78
 155,-358.00,   34864,  3.49,   16144,  3.28,   18720,  3.81
 156,-357.00,   35059,  3.51,   16476,  3.35,   18583,  3.78
 157,-356.00,   34978,  3.50,   16855,  3.43,   18123,  3.69
 158,-355.00,   34683,  3.47,   17265,  3.51,   17418,  3.54
 159,-354.00,   34251,  3.43,   17602,  3.58,   16649,  3.39
 160,-353.00,   33727,  3.37,   17775,  3.62,   15952,  3.25
 161,-352.00,   33030,  3.31,   17671,  3.60,   15359,  3.12
 162,-351.00,   32117,  3.21,   17352,  3.53,   14765,  3.00
 163,-350.00,   30995,  3.10,   16917,  3.44,   14078,  2.86
 164,-349.00,   29793,  2.98,   16455,  3.35,   13338,  2.71
 165,-348.00,   28758,  2.88,   16114,  3.28,   12644,  2.57
 166,-347.00,   28040,  2.81,   15986,  3.25,   12054,  2.45
 167,-346.00,   27596,  2.76,   15986,  3.25,   11610,  2.36
 168,-345.00,   27348,  2.74,   16021,  3.26,   11327,  2.30
 169,-344.00,   27209,  2.72,   15966,  3.25,   11243,  2.29
 170,-343.00,   27180,  2.72,   15799,  3.21,   11381,  2.32
 171,-342.00,   27391,  2.74,   15691,  3.19,   11700,  2.38
 172,-341.00,   27793,  2.78,   15773,  3.21,   12020,  2.45
 173,-340.00,   28273,  2.83,   16040,  3.26,   12233,  2.49
 174,-339.00,   28680,  2.87,   16336,  3.32,   12344,  2.51
 175,-338.00,   28799,  2.88,   16386,  3.33,   12413,  2.53
 176,-337.00,   28541,  2.86,   16044,  3.26,   12497,  2.54
 177,-336.00,   27957,  2.80,   15339,  3.12,   12618,  2.57
 178,-335.00,   27075,  2.71,   14367,  2.92,   12708,  2.59
 179,-334.00,   26167,  2.62,   13352,  2.72,   12815,  2.61
 180,-333.00,   25667,  2.57,   12557,  2.55,   13110,  2.67
 181,-332.00,   25819,  2.58,   12112,  2.46,   13707,  2.79
 182,-331.00,   26569,  2.66,   11966,  2.43,   14603,  2.97
 183,-330.00,   27505,  2.75,   11860,  2.41,   15645,  3.18
 184,-329.00,   28022,  2.80,   11457,  2.33,   16565,  3.37
 185,-328.00,   27856,  2.79,   10655,  2.17,   17201,  3.50
 186,-327.00,   27178,  2.72,    9601,  1.95,   17577,  3.58
 187,-326.00,   26387,  2.64,    8578,  1.75,   17809,  3.62
 188,-325.00,   25889,  2.59,    7778,  1.58,   18111,  3.68
 189,-324.00,   25854,  2.59,    7210,  1.47,   18644,  3.79
 190,-323.00,   26170,  2.62,    6797,  1.38,   19373,  3.94
 191,-322.00,   26570,  2.66,    6409,  1.30,   20161,  4.10
 192,-321.00,   26910,  2.69,    5993,  1.22,   20917,  4.26
 193,-320.00,   27218,  2.72,    5566,  1.13,   21652,  4.41
 194,-319.00,   27600,  2.76,    5109,  1.04,   22491,  4.58
 195,-318.00,   28147,  2.82,    4577,  0.93,   23570,  4.80
 196,-317.00,   28862,  2.89,    3994,  0.81,   24868,  5.06
 197,-316.00,   29552,  2.96,    3348,  0.68,   26204,  5.33
 198,-315.00,   30156,  3.02,    2746,  0.56,   27410,  5.58
 199,-314.00,   30701,  3.07,    2245,  0.46,   28456,  5.79
 200,-313.00,   31125,  3.11,    1713,  0.35,   29412,  5.98
 201,-312.00,   31449,  3.15,     971,  0.20,   30478,  6.20
 202,-311.00,   31778,  3.18,      -6, -0.00,   31784,  6.47
 203,-310.00,   32134,  3.22,   -1112, -0.23,   33246,  6.76
 204,-309.00,   32493,  3.25,   -2127, -0.43,   34620,  7.04
 205,-308.00,   32671,  3.27,   -2905, -0.59,   35576,  7.24
 206,-307.00,   32326,  3.23,   -3545, -0.72,   35871,  7.30
 207,-306.00,   31337,  3.14,   -4207, -0.86,   35544,  7.23
 208,-305.00,   29922,  2.99,   -4899, -1.00,   34821,  7.08
 209,-304.00,   28476,  2.85,   -5524, -1.12,   34000,  6.92
 210,-303.00,   27357,  2.74,   -5969, -1.21,   33326,  6.78
 211,-302.00,   26641,  2.67,   -6216, -1.26,   32857,  6.68
 212,-301.00,   26093,  2.61,   -6450, -1.31,   32543,  6.62
 213,-300.00,   25323,  2.53,   -6932, -1.41,   32255,  6.56
 214,-299.00,   24037,  2.41,   -7788, -1.58,   31825,  6.48
 215,-298.00,   22191,  2.22,   -8980, -1.83,   31171,  6.34
 216,-297.00,   20029,  2.00,  -10318, -2.10,   30347,  6.17
 217,-296.00,   17916,  1.79,  -11572, -2.35,   29488,  6.00
 218,-295.00,   16223,  1.62,  -12562, -2.56,   28785,  5.86
 219,-294.00,   15090,  1.51,  -13197, -2.69,   28287,  5.76
 220,-293.00,   14504,  1.45,  -13444, -2.74,   27948,  5.69
 221,-292.00,   14340,  1.43,  -13378, -2.72,   27718,  5.64
 222,-291.00,   14388,  1.44,  -13134, -2.67,   27522,  5.60
 223,-290.00,   14353,  1.44,  -12899, -2.62,   27252,  5.54
 224,-289.00,   14084,  1.41,  -12770, -2.60,   26854,  5.46
 225,-288.00,   13644,  1.37,  -12669, -2.58,   26313,  5.35
 226,-287.00,   13271,  1.33,  -12484, -2.54,   25755,  5.24
 227,-286.00,   13175,  1.32,  -12137, -2.47,   25312,  5.15
 228,-285.00,   13377,  1.34,  -11617, -2.36,   24994,  5.09
 229,-284.00,   13650,  1.37,  -11049, -2.25,   24699,  5.03
 230,-283.00,   13722,  1.37,  -10544, -2.15,   24266,  4.94
 231,-282.00,   13418,  1.34,  -10200, -2.08,   23618,  4.81
 232,-281.00,   12784,  1.28,  -10085, -2.05,   22869,  4.65
 233,-280.00,   12042,  1.20,  -10094, -2.05,   22136,  4.50
 234,-279.00,   11420,  1.14,  -10089, -2.05,   21509,  4.38
 235,-278.00,   11067,  1.11,  -10006, -2.04,   21073,  4.29
 236,-277.00,   11012,  1.10,   -9864, -2.01,   20876,  4.25
 237,-276.00,   10964,  1.10,   -9917, -2.02,   20881,  4.25
 238,-275.00,   10777,  1.08,  -10272, -2.09,   21049,  4.28
 239,-274.00,   10492,  1.05,  -10778, -2.19,   21270,  4.33
 240,-273.00,   10207,  1.02,  -11130, -2.26,   21337,  4.34
 241,-272.00,   10074,  1.01,  -11042, -2.25,   21116,  4.30
 242,-271.00,   10202,  1.02,  -10482, -2.13,   20684,  4.21
 243,-270.00,   10351,  1.04,   -9814, -2.00,   20165,  4.10
 244,-269.00,   10351,  1.04,   -9363, -1.90,   19714,  4.01
 245,-268.00,   10117,  1.01,   -9314, -1.89,   19431,  3.95
 246,-267.00,    9669,  0.97,   -9540, -1.94,   19209,  3.91
 247,-266.00,    9147,  0.92,   -9791, -1.99,   18938,  3.85
 248,-265.00,    8724,  0.87,   -9890, -2.01,   18614,  3.79
 249,-264.00,    8490,  0.85,   -9756, -1.98,   18246,  3.71
 250,-263.00,    8604,  0.86,   -9295, -1.89,   17899,  3.64
 251,-262.00,    9136,  0.91,   -8484, -1.73,   17620,  3.58
 252,-261.00,    9952,  1.00,   -7428, -1.51,   17380,  3.54
 253,-260.00,   10728,  1.07,   -6475, -1.32,   17203,  3.50
 254,-259.00,   11089,  1.11,   -6016, -1.22,   17105,  3.48
 255,-258.00,   10790,  1.08,   -6271, -1.28,   17061,  3.47
 256,-257.00,    9806,  0.98,   -7214, -1.47,   17020,  3.46
 257,-256.00,    8276,  0.83,   -8583, -1.75,   16859,  3.43
 258,-255.00,    6420,  0.64,  -10020, -2.04,   16440,  3.34
 259,-254.00,    4620,  0.46,  -11184, -2.28,   15804,  3.22
 260,-253.00,    3257,  0.33,  -11856, -2.41,   15113,  3.07
 261,-252.00,    2481,  0.25,  -12105, -2.46,   14586,  2.97
 262,-251.00,    2132,  0.21,  -12214, -2.49,   14346,  2.92
 263,-250.00,    1738,  0.17,  -12551, -2.55,   14289,  2.91
 264,-249.00,     875,  0.09,  -13318, -2.71,   14193,  2.89
 265,-248.00,    -478, -0.05,  -14390, -2.93,   13912,  2.83
 266,-247.00,   -2051, -0.21,  -15424, -3.14,   13373,  2.72
 267,-246.00,   -3495, -0.35,  -16113, -3.28,   12618,  2.57
 268,-245.00,   -4521, -0.45,  -16227, -3.30,   11706,  2.38
 269,-244.00,   -5155, -0.52,  -15836, -3.22,   10681,  2.17
 270,-243.00,   -5552, -0.56,  -15245, -3.10,    9693,  1.97
 271,-242.00,   -5759, -0.58,  -14704, -2.99,    8945,  1.82
 272,-241.00,   -5770, -0.58,  -14292, -2.91,    8522,  1.73
 273,-240.00,   -5616, -0.56,  -13939, -2.84,    8323,  1.69
 274,-239.00,   -5371, -0.54,  -13454, -2.74,    8083,  1.64
 275,-238.00,   -5330, -0.53,  -12845, -2.61,    7515,  1.53
 276,-237.00,   -5780, -0.58,  -12284, -2.50,    6504,  1.32
 277,-236.00,   -6640, -0.66,  -11833, -2.41,    5193,  1.06
 278,-235.00,   -7644, -0.76,  -11484, -2.34,    3840,  0.78
 279,-234.00,   -8445, -0.85,  -11083, -2.25,    2638,  0.54
 280,-233.00,   -8743, -0.87,  -10432, -2.12,    1689,  0.34
 281,-232.00,   -8713, -0.87,   -9589, -1.95,     876,  0.18
 282,-231.00,   -8808, -0.88,   -8792, -1.79,     -16, -0.00
 283,-230.00,   -9313, -0.93,   -8235, -1.68,   -1078, -0.22
 284,-229.00,  -10307, -1.03,   -8063, -1.64,   -2244, -0.46
 285,-228.00,  -11565, -1.16,   -8171, -1.66,   -3394, -0.69
 286,-227.00,  -12658, -1.27,   -8217, -1.67,   -4441, -0.90
 287,-226.00,  -13486, -1.35,   -7925, -1.61,   -5561, -1.13
 288,-225.00,  -14218, -1.42,   -7272, -1.48,   -6946, -1.41
 289,-224.00,  -15116, -1.51,   -6469, -1.32,   -8647, -1.76
 290,-223.00,  -16238, -1.62,   -5766, -1.17,  -10472, -2.13
 291,-222.00,  -17371, -1.74,   -5266, -1.07,  -12105, -2.46
 292,-221.00,  -18213, -1.82,   -4869, -0.99,  -13344, -2.71
 293,-220.00,  -18743, -1.88,   -4460, -0.91,  -14283, -2.91
 294,-219.00,  -19241, -1.93,   -4142, -0.84,  -15099, -3.07
 295,-218.00,  -20212, -2.02,   -4199, -0.85,  -16013, -3.26
 296,-217.00,  -21807, -2.18,   -4696, -0.96,  -17111, -3.48
 297,-216.00,  -23775, -2.38,   -5489, -1.12,  -18286, -3.72
 298,-215.00,  -25765, -2.58,   -6394, -1.30,  -19371, -3.94
 299,-214.00,  -27423, -2.74,   -7229, -1.47,  -20194, -4.11
 300,-213.00,  -28607, -2.86,   -7960, -1.62,  -20647, -4.20
 301,-212.00,  -29508, -2.95,   -8708, -1.77,  -20800, -4.23
 302,-211.00,  -30232, -3.03,   -9398, -1.91,  -20834, -4.24
 303,-210.00,  -30713, -3.07,   -9876, -2.01,  -20837, -4.24
 304,-209.00,  -30982, -3.10,  -10147, -2.06,  -20835, -4.24
 305,-208.00,  -31013, -3.10,  -10262, -2.09,  -20751, -4.22
 306,-207.00,  -30863, -3.09,  -10337, -2.10,  -20526, -4.18
 307,-206.00,  -30822, -3.08,  -10600, -2.16,  -20222, -4.11
 308,-205.00,  -31072, -3.11,  -11094, -2.26,  -19978, -4.06
 309,-204.00,  -31501, -3.15,  -11662, -2.37,  -19839, -4.04
 310,-203.00,  -32024, -3.20,  -12146, -2.47,  -19878, -4.04
 311,-202.00,  -32547, -3.26,  -12434, -2.53,  -20113, -4.09
 312,-201.00,  -33013, -3.30,  -12491, -2.54,  -20522, -4.18
 313,-200.00,  -33483, -3.35,  -12412, -2.53,  -21071, -4.29
 314,-199.00,  -33829, -3.38,  -12239, -2.49,  -21590, -4.39
 315,-198.00,  -33722, -3.37,  -11953, -2.43,  -21769, -4.43
 316,-197.00,  -32948, -3.30,  -11540, -2.35,  -21408, -4.36
 317,-196.00,  -31484, -3.15,  -11063, -2.25,  -20421, -4.15
 318,-195.00,  -29617, -2.96,  -10570, -2.15,  -19047, -3.88
 319,-194.00,  -27881, -2.79,  -10091, -2.05,  -17790, -3.62
 320,-193.00,  -26647, -2.67,   -9618, -1.96,  -17029, -3.46
 321,-192.00,  -25987, -2.60,   -9165, -1.86,  -16822, -3.42
 322,-191.00,  -25548, -2.56,   -8727, -1.78,  -16821, -3.42
 323,-190.00,  -24803, -2.48,   -8367, -1.70,  -16436, -3.34
 324,-189.00,  -23411, -2.34,   -8008, -1.63,  -15403, -3.13
 325,-188.00,  -21447, -2.15,   -7562, -1.54,  -13885, -2.82
 326,-187.00,  -19282, -1.93,   -7054, -1.44,  -12228, -2.49
 327,-186.00,  -17416, -1.74,   -6578, -1.34,  -10838, -2.21
 328,-185.00,  -16023, -1.60,   -6236, -1.27,   -9787, -1.99
 329,-184.00,  -14954, -1.50,   -6104, -1.24,   -8850, -1.80
 330,-183.00,  -13804, -1.38,   -5962, -1.21,   -7842, -1.60
 331,-182.00,  -12264, -1.23,   -5589, -1.14,   -6675, -1.36
 332,-181.00,  -10342, -1.03,   -4959, -1.01,   -5383, -1.10
 333,-180.00,   -8375, -0.84,   -4136, -0.84,   -4239, -0.86
 334,-179.00,   -6752, -0.68,   -3288, -0.67,   -3464, -0.70
 335,-178.00,   -5669, -0.57,   -2519, -0.51,   -3150, -0.64
 336,-177.00,   -5021, -0.50,   -1762, -0.36,   -3259, -0.66
 337,-176.00,   -4641, -0.46,   -1023, -0.21,   -3618, -0.74
 338,-175.00,   -4487, -0.45,    -477, -0.10,   -4010, -0.82
 339,-174.00,   -4558, -0.46,    -242, -0.05,   -4316, -0.88
 340,-173.00,   -4780, -0.48,    -296, -0.06,   -4484, -0.91
 341,-172.00,   -4998, -0.50,    -435, -0.09,   -4563, -0.93
 342,-171.00,   -5021, -0.50,    -440, -0.09,   -4581, -0.93
 343,-170.00,   -4724, -0.47,    -231, -0.05,   -4493, -0.91
 344,-169.00,   -4150, -0.42,     101,  0.02,   -4251, -0.86
 345,-168.00,   -3366, -0.34,     483,  0.10,   -3849, -0.78
 346,-167.00,   -2520, -0.25,     872,  0.18,   -3392, -0.69
 347,-166.00,   -1887, -0.19,    1231,  0.25,   -3118, -0.63
 348,-165.00,   -1673, -0.17,    1523,  0.31,   -3196, -0.65
 349,-164.00,   -1789, -0.18,    1814,  0.37,   -3603, -0.73
 350,-163.00,   -1939, -0.19,    2249,  0.46,   -4188, -0.85
 351,-162.00,   -1788, -0.18,    2934,  0.60,   -4722, -0.96
 352,-161.00,   -1280, -0.13,    3731,  0.76,   -5011, -1.02
 353,-160.00,    -760, -0.08,    4241,  0.86,   -5001, -1.02
 354,-159.00,    -633, -0.06,    4134,  0.84,   -4767, -0.97
 355,-158.00,   -1016, -0.10,    3495,  0.71,   -4511, -0.92
 356,-157.00,   -1823, -0.18,    2701,  0.55,   -4524, -0.92
 357,-156.00,   -2876, -0.29,    2160,  0.44,   -5036, -1.02
 358,-155.00,   -4028, -0.40,    2035,  0.41,   -6063, -1.23
 359,-154.00,   -5307, -0.53,    2092,  0.43,   -7399, -1.51
 360,-153.00,   -6736, -0.67,    1982,  0.40,   -8718, -1.77
 361,-152.00,   -8291, -0.83,    1513,  0.31,   -9804, -1.99
 362,-151.00,   -9964, -1.00,     679,  0.14,  -10643, -2.17
 363,-150.00,  -11752, -1.18,    -398, -0.08,  -11354, -2.31
 364,-149.00,  -13747, -1.38,   -1647, -0.34,  -12100, -2.46
 365,-148.00,  -16026, -1.60,   -3061, -0.62,  -12965, -2.64
 366,-147.00,  -18412, -1.84,   -4522, -0.92,  -13890, -2.83
 367,-146.00,  -20662, -2.07,   -5855, -1.19,  -14807, -3.01
 368,-145.00,  -22475, -2.25,   -6832, -1.39,  -15643, -3.18
 369,-144.00,  -23599, -2.36,   -7288, -1.48,  -16311, -3.32
 370,-143.00,  -24211, -2.42,   -7323, -1.49,  -16888, -3.44
 371,-142.00,  -24530, -2.45,   -7138, -1.45,  -17392, -3.54
 372,-141.00,  -24621, -2.46,   -6807, -1.38,  -17814, -3.62
 373,-140.00,  -24624, -2.46,   -6399, -1.30,  -18225, -3.71
 374,-139.00,  -24642, -2.47,   -5960, -1.21,  -18682, -3.80
 375,-138.00,  -24745, -2.48,   -5550, -1.13,  -19195, -3.91
 376,-137.00,  -25156, -2.52,   -5275, -1.07,  -19881, -4.04
 377,-136.00,  -25961, -2.60,   -5250, -1.07,  -20711, -4.21
 378,-135.00,  -27058, -2.71,   -5393, -1.10,  -21665, -4.41
 379,-134.00,  -28229, -2.82,   -5486, -1.12,  -22743, -4.63
 380,-133.00,  -29259, -2.93,   -5417, -1.10,  -23842, -4.85
 381,-132.00,  -29985, -3.00,   -5208, -1.06,  -24777, -5.04
 382,-131.00,  -30443, -3.05,   -5027, -1.02,  -25416, -5.17
 383,-130.00,  -30968, -3.10,   -5241, -1.07,  -25727, -5.23
 384,-129.00,  -31804, -3.18,   -5963, -1.21,  -25841, -5.26
 385,-128.00,  -32947, -3.30,   -6965, -1.42,  -25982, -5.29
 386,-127.00,  -34322, -3.43,   -8032, -1.63,  -26290, -5.35
 387,-126.00,  -35677, -3.57,   -8949, -1.82,  -26728, -5.44
 388,-125.00,  -36757, -3.68,   -9574, -1.95,  -27183, -5.53
 389,-124.00,  -37505, -3.75,   -9963, -2.03,  -27542, -5.60
 390,-123.00,  -37791, -3.78,  -10061, -2.05,  -27730, -5.64
 391,-122.00,  -37683, -3.77,   -9842, -2.00,  -27841, -5.66
 392,-121.00,  -37437, -3.75,   -9451, -1.92,  -27986, -5.69
 393,-120.00,  -37121, -3.71,   -9037, -1.84,  -28084, -5.71
 394,-119.00,  -36730, -3.68,   -8716, -1.77,  -28014, -5.70
 395,-118.00,  -36234, -3.63,   -8545, -1.74,  -27689, -5.63
 396,-117.00,  -35522, -3.55,   -8434, -1.72,  -27088, -5.51
 397,-116.00,  -34810, -3.48,   -8392, -1.71,  -26418, -5.37
 398,-115.00,  -34307, -3.43,   -8456, -1.72,  -25851, -5.26
 399,-114.00,  -33867, -3.39,   -8542, -1.74,  -25325, -5.15
 400,-113.00,  -33297, -3.33,   -8543, -1.74,  -24754, -5.04
 401,-112.00,  -32430, -3.24,   -8355, -1.70,  -24075, -4.90
 402,-111.00,  -31235, -3.13,   -7942, -1.62,  -23293, -4.74
 403,-110.00,  -30150, -3.02,   -7580, -1.54,  -22570, -4.59
 404,-109.00,  -29598, -2.96,   -7593, -1.54,  -22005, -4.48
 405,-108.00,  -29632, -2.96,   -8064, -1.64,  -21568, -4.39
 406,-107.00,  -30062, -3.01,   -8871, -1.80,  -21191, -4.31
 407,-106.00,  -30507, -3.05,   -9775, -1.99,  -20732, -4.22
 408,-105.00,  -30610, -3.06,  -10555, -2.15,  -20055, -4.08
 409,-104.00,  -30379, -3.04,  -11248, -2.29,  -19131, -3.89
 410,-103.00,  -29909, -2.99,  -11903, -2.42,  -18006, -3.66
 411,-102.00,  -29361, -2.94,  -12523, -2.55,  -16838, -3.43
 412,-101.00,  -28890, -2.89,  -13012, -2.65,  -15878, -3.23
 413,-100.00,  -28562, -2.86,  -13287, -2.70,  -15275, -3.11
 414,-99.00,  -28215, -2.82,  -13258, -2.70,  -14957, -3.04
 415,-98.00,  -27641, -2.77,  -12970, -2.64,  -14671, -2.98
 416,-97.00,  -26725, -2.67,  -12558, -2.56,  -14167, -2.88
 417,-96.00,  -25685, -2.57,  -12256, -2.49,  -13429, -2.73
 418,-95.00,  -24810, -2.48,  -12203, -2.48,  -12607, -2.56
 419,-94.00,  -24273, -2.43,  -12415, -2.53,  -11858, -2.41
 420,-93.00,  -23838, -2.39,  -12665, -2.58,  -11173, -2.27
 421,-92.00,  -23069, -2.31,  -12692, -2.58,  -10377, -2.11
 422,-91.00,  -21732, -2.17,  -12359, -2.51,   -9373, -1.91
 423,-90.00,  -19871, -1.99,  -11637, -2.37,   -8234, -1.68
 424,-89.00,  -17655, -1.77,  -10567, -2.15,   -7088, -1.44
 425,-88.00,  -15418, -1.54,   -9266, -1.89,   -6152, -1.25
 426,-87.00,  -13492, -1.35,   -7952, -1.62,   -5540, -1.13
 427,-86.00,  -12056, -1.21,   -6863, -1.40,   -5193, -1.06
 428,-85.00,  -11081, -1.11,   -6126, -1.25,   -4955, -1.01
 429,-84.00,  -10321, -1.03,   -5704, -1.16,   -4617, -0.94
 430,-83.00,   -9484, -0.95,   -5409, -1.10,   -4075, -0.83
 431,-82.00,   -8458, -0.85,   -4965, -1.01,   -3493, -0.71
 432,-81.00,   -7364, -0.74,   -4264, -0.87,   -3100, -0.63
 433,-80.00,   -6396, -0.64,   -3355, -0.68,   -3041, -0.62
 434,-79.00,   -5615, -0.56,   -2331, -0.47,   -3284, -0.67
 435,-78.00,   -4944, -0.49,   -1352, -0.28,   -3592, -0.73
 436,-77.00,   -4259, -0.43,    -492, -0.10,   -3767, -0.77
 437,-76.00,   -3396, -0.34,     324,  0.07,   -3720, -0.76
 438,-75.00,   -2252, -0.23,    1184,  0.24,   -3436, -0.70
 439,-74.00,   -1045, -0.10,    2034,  0.41,   -3079, -0.63
 440,-73.00,     -72, -0.00,    2803,  0.57,   -2875, -0.58
 441,-72.00,     551,  0.06,    3422,  0.70,   -2871, -0.58
 442,-71.00,     972,  0.10,    3932,  0.80,   -2960, -0.60
 443,-70.00,    1552,  0.16,    4385,  0.89,   -2833, -0.58
 444,-69.00,    2699,  0.27,    4835,  0.98,   -2136, -0.43
 445,-68.00,    4322,  0.43,    5235,  1.07,    -913, -0.19
 446,-67.00,    6052,  0.61,    5585,  1.14,     467,  0.10
 447,-66.00,    7522,  0.75,    5924,  1.21,    1598,  0.33
 448,-65.00,    8513,  0.85,    6306,  1.28,    2207,  0.45
 449,-64.00,    8980,  0.90,    6651,  1.35,    2329,  0.47
 450,-63.00,    9095,  0.91,    6899,  1.40,    2196,  0.45
 451,-62.00,    8952,  0.90,    7052,  1.43,    1900,  0.39
 452,-61.00,    8617,  0.86,    7194,  1.46,    1423,  0.29
 453,-60.00,    8168,  0.82,    7425,  1.51,     743,  0.15
 454,-59.00,    7564,  0.76,    7714,  1.57,    -150, -0.03
 455,-58.00,    6696,  0.67,    7875,  1.60,   -1179, -0.24
 456,-57.00,    5464,  0.55,    7783,  1.58,   -2319, -0.47
 457,-56.00,    3819,  0.38,    7405,  1.51,   -3586, -0.73
 458,-55.00,    1799,  0.18,    6754,  1.37,   -4955, -1.01
 459,-54.00,    -389, -0.04,    5938,  1.21,   -6327, -1.29
 460,-53.00,   -2494, -0.25,    5029,  1.02,   -7523, -1.53
 461,-52.00,   -4239, -0.42,    4057,  0.83,   -8296, -1.69
 462,-51.00,   -5486, -0.55,    3151,  0.64,   -8637, -1.76
 463,-50.00,   -6281, -0.63,    2380,  0.48,   -8661, -1.76
 464,-49.00,   -6859, -0.69,    1682,  0.34,   -8541, -1.74
 465,-48.00,   -7409, -0.74,    1091,  0.22,   -8500, -1.73
 466,-47.00,   -7969, -0.80,     635,  0.13,   -8604, -1.75
 467,-46.00,   -8477, -0.85,     269,  0.05,   -8746, -1.78
 468,-45.00,   -8864, -0.89,       2,  0.00,   -8866, -1.80
 469,-44.00,   -9152, -0.92,    -251, -0.05,   -8901, -1.81
 470,-43.00,   -9466, -0.95,    -647, -0.13,   -8819, -1.79
 471,-42.00,   -9859, -0.99,   -1191, -0.24,   -8668, -1.76
 472,-41.00,  -10364, -1.04,   -1866, -0.38,   -8498, -1.73
 473,-40.00,  -11026, -1.10,   -2663, -0.54,   -8363, -1.70
 474,-39.00,  -11822, -1.18,   -3450, -0.70,   -8372, -1.70
 475,-38.00,  -12804, -1.28,   -4120, -0.84,   -8684, -1.77
 476,-37.00,  -14051, -1.41,   -4666, -0.95,   -9385, -1.91
 477,-36.00,  -15610, -1.56,   -5185, -1.05,  -10425, -2.12
 478,-35.00,  -17593, -1.76,   -5925, -1.21,  -11668, -2.37
 479,-34.00,  -20082, -2.01,   -7208, -1.47,  -12874, -2.62
 480,-33.00,  -22911, -2.29,   -9102, -1.85,  -13809, -2.81
 481,-32.00,  -25860, -2.59,  -11435, -2.33,  -14425, -2.93
 482,-31.00,  -28704, -2.87,  -13932, -2.83,  -14772, -3.01
 483,-30.00,  -31234, -3.13,  -16318, -3.32,  -14916, -3.03
 484,-29.00,  -33325, -3.33,  -18374, -3.74,  -14951, -3.04
 485,-28.00,  -34954, -3.50,  -20087, -4.09,  -14867, -3.02
 486,-27.00,  -36045, -3.61,  -21481, -4.37,  -14564, -2.96
 487,-26.00,  -36635, -3.67,  -22597, -4.60,  -14038, -2.86
 488,-25.00,  -36948, -3.70,  -23551, -4.79,  -13397, -2.73
 489,-24.00,  -37193, -3.72,  -24444, -4.97,  -12749, -2.59
 490,-23.00,  -37377, -3.74,  -25183, -5.12,  -12194, -2.48
 491,-22.00,  -37343, -3.74,  -25654, -5.22,  -11689, -2.38
 492,-21.00,  -36902, -3.69,  -25770, -5.24,  -11132, -2.26
 493,-20.00,  -36100, -3.61,  -25585, -5.21,  -10515, -2.14
 494,-19.00,  -35256, -3.53,  -25294, -5.15,   -9962, -2.03
 495,-18.00,  -34728, -3.47,  -25132, -5.11,   -9596, -1.95
 496,-17.00,  -34646, -3.47,  -25171, -5.12,   -9475, -1.93
 497,-16.00,  -34729, -3.48,  -25295, -5.15,   -9434, -1.92
 498,-15.00,  -34482, -3.45,  -25249, -5.14,   -9233, -1.88
 499,-14.00,  -33611, -3.36,  -24866, -5.06,   -8745, -1.78
 500,-13.00,  -32188, -3.22,  -24174, -4.92,   -8014, -1.63
 501,-12.00,  -30678, -3.07,  -23444, -4.77,   -7234, -1.47
 502,-11.00,  -29666, -2.97,  -22985, -4.68,   -6681, -1.36
 503,-10.00,  -29299, -2.93,  -22911, -4.66,   -6388, -1.30
 504,-9.00,  -29264, -2.93,  -23013, -4.68,   -6251, -1.27
 505,-8.00,  -29051, -2.91,  -22924, -4.66,   -6127, -1.25
 506,-7.00,  -28392, -2.84,  -22447, -4.57,   -5945, -1.21
 507,-6.00,  -27405, -2.74,  -21674, -4.41,   -5731, -1.17
 508,-5.00,  -26480, -2.65,  -20842, -4.24,   -5638, -1.15
 509,-4.00,  -25840, -2.59,  -20162, -4.10,   -5678, -1.16
 510,-3.00,  -25526, -2.55,  -19675, -4.00,   -5851, -1.19
 511,-2.00,  -25233, -2.52,  -19196, -3.91,   -6037, -1.23
 512,-1.00,  -24668, -2.47,  -18547, -3.77,   -6121, -1.25
 513,0.00,  -23615, -2.36,  -17624, -3.59,   -5991, -1.22
 514,1.00,  -22130, -2.21,  -16406, -3.34,   -5724, -1.16
 515,2.00,  -20478, -2.05,  -15011, -3.05,   -5467, -1.11
 516,3.00,  -19073, -1.91,  -13655, -2.78,   -5418, -1.10
 517,4.00,  -18109, -1.81,  -12480, -2.54,   -5629, -1.15
 518,5.00,  -17513, -1.75,  -11488, -2.34,   -6025, -1.23
 519,6.00,  -17009, -1.70,  -10545, -2.15,   -6464, -1.32
 520,7.00,  -16397, -1.64,   -9477, -1.93,   -6920, -1.41
 521,8.00,  -15640, -1.56,   -8242, -1.68,   -7398, -1.51
 522,9.00,  -14893, -1.49,   -6977, -1.42,   -7916, -1.61
 523,10.00,  -14342, -1.44,   -5866, -1.19,   -8476, -1.72
 524,11.00,  -13944, -1.40,   -4911, -1.00,   -9033, -1.84
 525,12.00,  -13486, -1.35,   -3942, -0.80,   -9544, -1.94
 526,13.00,  -12783, -1.28,   -2783, -0.57,  -10000, -2.03
 527,14.00,  -11748, -1.18,   -1367, -0.28,  -10381, -2.11
 528,15.00,  -10612, -1.06,     158,  0.03,  -10770, -2.19
 529,16.00,   -9829, -0.98,    1480,  0.30,  -11309, -2.30
 530,17.00,   -9706, -0.97,    2408,  0.49,  -12114, -2.46
 531,18.00,  -10279, -1.03,    2900,  0.59,  -13179, -2.68
 532,19.00,  -11295, -1.13,    3095,  0.63,  -14390, -2.93
 533,20.00,  -12342, -1.23,    3239,  0.66,  -15581, -3.17
 534,21.00,  -13248, -1.33,    3463,  0.70,  -16711, -3.40
 535,22.00,  -14076, -1.41,    3741,  0.76,  -17817, -3.62
 536,23.00,  -14993, -1.50,    3962,  0.81,  -18955, -3.86
 537,24.00,  -16118, -1.61,    3976,  0.81,  -20094, -4.09
 538,25.00,  -17447, -1.75,    3780,  0.77,  -21227, -4.32
 539,26.00,  -18873, -1.89,    3437,  0.70,  -22310, -4.54
 540,27.00,  -20332, -2.03,    2941,  0.60,  -23273, -4.74
 541,28.00,  -21786, -2.18,    2293,  0.47,  -24079, -4.90
 542,29.00,  -23131, -2.31,    1523,  0.31,  -24654, -5.02
 543,30.00,  -24217, -2.42,     733,  0.15,  -24950, -5.08
 544,31.00,  -25016, -2.50,      99,  0.02,  -25115, -5.11
 545,32.00,  -25528, -2.55,    -249, -0.05,  -25279, -5.14
 546,33.00,  -25706, -2.57,    -336, -0.07,  -25370, -5.16
 547,34.00,  -25578, -2.56,    -272, -0.06,  -25306, -5.15
 548,35.00,  -25147, -2.52,    -146, -0.03,  -25001, -5.09
 549,36.00,  -24535, -2.45,      -3, -0.00,  -24532, -4.99
 550,37.00,  -24033, -2.40,     129,  0.03,  -24162, -4.92
 551,38.00,  -23767, -2.38,     234,  0.05,  -24001, -4.88
 552,39.00,  -23506, -2.35,     318,  0.06,  -23824, -4.85
 553,40.00,  -22911, -2.29,     468,  0.10,  -23379, -4.76
 554,41.00,  -21821, -2.18,     788,  0.16,  -22609, -4.60
 555,42.00,  -20423, -2.04,    1293,  0.26,  -21716, -4.42
 556,43.00,  -19073, -1.91,    1955,  0.40,  -21028, -4.28
 557,44.00,  -17954, -1.80,    2730,  0.56,  -20684, -4.21
 558,45.00,  -16880, -1.69,    3641,  0.74,  -20521, -4.18
 559,46.00,  -15580, -1.56,    4758,  0.97,  -20338, -4.14
 560,47.00,  -14050, -1.41,    5978,  1.22,  -20028, -4.07
 561,48.00,  -12493, -1.25,    7070,  1.44,  -19563, -3.98
 562,49.00,  -11079, -1.11,    7925,  1.61,  -19004, -3.87
 563,50.00,   -9826, -0.98,    8575,  1.74,  -18401, -3.74
 564,51.00,   -8397, -0.84,    9264,  1.88,  -17661, -3.59
 565,52.00,   -6340, -0.63,   10301,  2.10,  -16641, -3.39
 566,53.00,   -3491, -0.35,   11753,  2.39,  -15244, -3.10
 567,54.00,     -37, -0.00,   13434,  2.73,  -13471, -2.74
 568,55.00,    3508,  0.35,   15107,  3.07,  -11599, -2.36
 569,56.00,    6463,  0.65,   16559,  3.37,  -10096, -2.05
 570,57.00,    8616,  0.86,   17798,  3.62,   -9182, -1.87
 571,58.00,   10345,  1.04,   19032,  3.87,   -8687, -1.77
 572,59.00,   12111,  1.21,   20370,  4.14,   -8259, -1.68
 573,60.00,   14123,  1.41,   21661,  4.41,   -7538, -1.53
 574,61.00,   16252,  1.63,   22703,  4.62,   -6451, -1.31
 575,62.00,   18074,  1.81,   23371,  4.75,   -5297, -1.08
 576,63.00,   19417,  1.94,   23701,  4.82,   -4284, -0.87
 577,64.00,   20517,  2.05,   23935,  4.87,   -3418, -0.70
 578,65.00,   21654,  2.17,   24269,  4.94,   -2615, -0.53
 579,66.00,   22969,  2.30,   24738,  5.03,   -1769, -0.36
 580,67.00,   24457,  2.45,   25347,  5.16,    -890, -0.18
 581,68.00,   25840,  2.59,   25999,  5.29,    -159, -0.03
 582,69.00,   26866,  2.69,   26471,  5.39,     395,  0.08
 583,70.00,   27525,  2.75,   26683,  5.43,     842,  0.17
 584,71.00,   27966,  2.80,   26683,  5.43,    1283,  0.26
 585,72.00,   28376,  2.84,   26627,  5.42,    1749,  0.36
 586,73.00,   28807,  2.88,   26667,  5.43,    2140,  0.44
 587,74.00,   29113,  2.91,   26808,  5.45,    2305,  0.47
 588,75.00,   29193,  2.92,   26918,  5.48,    2275,  0.46
 589,76.00,   29060,  2.91,   26855,  5.46,    2205,  0.45
 590,77.00,   28861,  2.89,   26552,  5.40,    2309,  0.47
 591,78.00,   28742,  2.88,   26046,  5.30,    2696,  0.55
 592,79.00,   28689,  2.87,   25399,  5.17,    3290,  0.67
 593,80.00,   28663,  2.87,   24758,  5.04,    3905,  0.79
 594,81.00,   28628,  2.86,   24228,  4.93,    4400,  0.90
 595,82.00,   28384,  2.84,   23679,  4.82,    4705,  0.96
 596,83.00,   27807,  2.78,   22938,  4.67,    4869,  0.99
 597,84.00,   26891,  2.69,   21931,  4.46,    4960,  1.01
 598,85.00,   25644,  2.57,   20662,  4.20,    4982,  1.01
 599,86.00,   24244,  2.43,   19320,  3.93,    4924,  1.00
 600,87.00,   22877,  2.29,   18099,  3.68,    4778,  0.97
 601,88.00,   21650,  2.17,   17007,  3.46,    4643,  0.94
 602,89.00,   20603,  2.06,   15972,  3.25,    4631,  0.94
 603,90.00,   19749,  1.98,   14977,  3.05,    4772,  0.97
 604,91.00,   18931,  1.89,   13955,  2.84,    4976,  1.01
 605,92.00,   17994,  1.80,   12934,  2.63,    5060,  1.03
 606,93.00,   16858,  1.69,   11990,  2.44,    4868,  0.99
 607,94.00,   15633,  1.56,   11154,  2.27,    4479,  0.91
 608,95.00,   14381,  1.44,   10366,  2.11,    4015,  0.82
 609,96.00,   13188,  1.32,    9598,  1.95,    3590,  0.73
 610,97.00,   12051,  1.21,    8758,  1.78,    3293,  0.67
 611,98.00,   10823,  1.08,    7721,  1.57,    3102,  0.63
 612,99.00,    9367,  0.94,    6395,  1.30,    2972,  0.60
 613,100.00,    7733,  0.77,    4812,  0.98,    2921,  0.59
 614,101.00,    6009,  0.60,    3062,  0.62,    2947,  0.60
 615,102.00,    4470,  0.45,    1407,  0.29,    3063,  0.62
 616,103.00,    3381,  0.34,      47,  0.00,    3334,  0.68
 617,104.00,    2718,  0.27,   -1069, -0.22,    3787,  0.77
 618,105.00,    2215,  0.22,   -2111, -0.43,    4326,  0.88
 619,106.00,    1637,  0.16,   -3145, -0.64,    4782,  0.97
 620,107.00,     728,  0.07,   -4234, -0.86,    4962,  1.01
 621,108.00,    -511, -0.05,   -5247, -1.07,    4736,  0.96
 622,109.00,   -1999, -0.20,   -6145, -1.25,    4146,  0.84
 623,110.00,   -3700, -0.37,   -7050, -1.43,    3350,  0.68
 624,111.00,   -5652, -0.57,   -8129, -1.65,    2477,  0.50
 625,112.00,   -7872, -0.79,   -9452, -1.92,    1580,  0.32
 626,113.00,  -10313, -1.03,  -10962, -2.23,     649,  0.13
 627,114.00,  -12738, -1.27,  -12361, -2.51,    -377, -0.08
 628,115.00,  -15033, -1.50,  -13431, -2.73,   -1602, -0.33
 629,116.00,  -17245, -1.73,  -14159, -2.88,   -3086, -0.63
 630,117.00,  -19511, -1.95,  -14697, -2.99,   -4814, -0.98
 631,118.00,  -22025, -2.20,  -15262, -3.11,   -6763, -1.38
 632,119.00,  -24756, -2.48,  -15904, -3.24,   -8852, -1.80
 633,120.00,  -27362, -2.74,  -16492, -3.36,  -10870, -2.21
 634,121.00,  -29690, -2.97,  -16983, -3.46,  -12707, -2.59
 635,122.00,  -31844, -3.19,  -17483, -3.56,  -14361, -2.92
 636,123.00,  -33852, -3.39,  -18075, -3.68,  -15777, -3.21
 637,124.00,  -35706, -3.57,  -18718, -3.81,  -16988, -3.46
 638,125.00,  -37321, -3.73,  -19199, -3.91,  -18122, -3.69
 639,126.00,  -38444, -3.85,  -19220, -3.91,  -19224, -3.91
 640,127.00,  -38999, -3.90,  -18649, -3.79,  -20350, -4.14
 641,128.00,  -39205, -3.92,  -17634, -3.59,  -21571, -4.39
 642,129.00,  -39148, -3.92,  -16444, -3.35,  -22704, -4.62
 643,130.00,  -38765, -3.88,  -15354, -3.12,  -23411, -4.76
 644,131.00,  -38064, -3.81,  -14589, -2.97,  -23475, -4.78
 645,132.00,  -36998, -3.70,  -14159, -2.88,  -22839, -4.65
 646,133.00,  -35494, -3.55,  -13872, -2.82,  -21622, -4.40
 647,134.00,  -33793, -3.38,  -13557, -2.76,  -20236, -4.12
 648,135.00,  -32222, -3.22,  -13140, -2.67,  -19082, -3.88
 649,136.00,  -30926, -3.09,  -12636, -2.57,  -18290, -3.72
 650,137.00,  -29976, -3.00,  -12150, -2.47,  -17826, -3.63
 651,138.00,  -29163, -2.92,  -11713, -2.38,  -17450, -3.55
 652,139.00,  -28057, -2.81,  -11230, -2.28,  -16827, -3.42
 653,140.00,  -26565, -2.66,  -10623, -2.16,  -15942, -3.24
 654,141.00,  -24979, -2.50,   -9966, -2.03,  -15013, -3.05
 655,142.00,  -23594, -2.36,   -9362, -1.90,  -14232, -2.90
 656,143.00,  -22603, -2.26,   -8862, -1.80,  -13741, -2.80
 657,144.00,  -21840, -2.19,   -8385, -1.71,  -13455, -2.74
 658,145.00,  -20838, -2.09,   -7755, -1.58,  -13083, -2.66
 659,146.00,  -19241, -1.93,   -6766, -1.38,  -12475, -2.54
 660,147.00,  -17113, -1.71,   -5444, -1.11,  -11669, -2.37
 661,148.00,  -14700, -1.47,   -3908, -0.80,  -10792, -2.20
 662,149.00,  -12311, -1.23,   -2255, -0.46,  -10056, -2.05
 663,150.00,  -10060, -1.01,    -557, -0.11,   -9503, -1.93
 664,151.00,   -7765, -0.78,    1160,  0.24,   -8925, -1.82
 665,152.00,   -5192, -0.52,    2924,  0.59,   -8116, -1.65
 666,153.00,   -2417, -0.24,    4660,  0.95,   -7077, -1.44
 667,154.00,     242,  0.02,    6248,  1.27,   -6006, -1.22
 668,155.00,    2398,  0.24,    7607,  1.55,   -5209, -1.06
 669,156.00,    3963,  0.40,    8742,  1.78,   -4779, -0.97
 670,157.00,    5157,  0.52,    9719,  1.98,   -4562, -0.93
 671,158.00,    6250,  0.63,   10605,  2.16,   -4355, -0.89
 672,159.00,    7374,  0.74,   11458,  2.33,   -4084, -0.83
 673,160.00,    8512,  0.85,   12299,  2.50,   -3787, -0.77
 674,161.00,    9543,  0.95,   13107,  2.67,   -3564, -0.73
 675,162.00,   10490,  1.05,   13923,  2.83,   -3433, -0.70
 676,163.00,   11271,  1.13,   14630,  2.98,   -3359, -0.68
 677,164.00,   11590,  1.16,   14937,  3.04,   -3347, -0.68
 678,165.00,   11216,  1.12,   14637,  2.98,   -3421, -0.70
 679,166.00,   10192,  1.02,   13775,  2.80,   -3583, -0.73
 680,167.00,    8796,  0.88,   12652,  2.57,   -3856, -0.78
 681,168.00,    7558,  0.76,   11719,  2.38,   -4161, -0.85
 682,169.00,    6716,  0.67,   11149,  2.27,   -4433, -0.90
 683,170.00,    6084,  0.61,   10725,  2.18,   -4641, -0.94
 684,171.00,    5379,  0.54,   10108,  2.06,   -4729, -0.96
 685,172.00,    4412,  0.44,    9113,  1.85,   -4701, -0.96
 686,173.00,    3187,  0.32,    7805,  1.59,   -4618, -0.94
 687,174.00,    1819,  0.18,    6386,  1.30,   -4567, -0.93
 688,175.00,     203,  0.02,    4960,  1.01,   -4757, -0.97
 689,176.00,   -1910, -0.19,    3490,  0.71,   -5400, -1.10
 690,177.00,   -4629, -0.46,    1942,  0.40,   -6571, -1.34
 691,178.00,   -7867, -0.79,     341,  0.07,   -8208, -1.67
 692,179.00,  -11166, -1.12,   -1147, -0.23,  -10019, -2.04
 693,180.00,  -14117, -1.41,   -2418, -0.49,  -11699, -2.38
 694,181.00,  -16579, -1.66,   -3528, -0.72,  -13051, -2.66
 695,182.00,  -18664, -1.87,   -4636, -0.94,  -14028, -2.85
 696,183.00,  -20748, -2.08,   -5912, -1.20,  -14836, -3.02
 697,184.00,  -23240, -2.33,   -7463, -1.52,  -15777, -3.21
 698,185.00,  -26103, -2.61,   -9105, -1.85,  -16998, -3.46
 699,186.00,  -29055, -2.91,  -10588, -2.15,  -18467, -3.76
 700,187.00,  -31622, -3.16,  -11805, -2.40,  -19817, -4.03
 701,188.00,  -33385, -3.34,  -12776, -2.60,  -20609, -4.19
 702,189.00,  -34436, -3.45,  -13656, -2.78,  -20780, -4.23
 703,190.00,  -35335, -3.54,  -14714, -2.99,  -20621, -4.20
 704,191.00,  -36728, -3.68,  -16108, -3.28,  -20620, -4.20
 705,192.00,  -39069, -3.91,  -17920, -3.65,  -21149, -4.30
 706,193.00,  -42341, -4.24,  -20192, -4.11,  -22149, -4.51
 707,194.00,  -46153, -4.62,  -22849, -4.65,  -23304, -4.74
 708,195.00,  -49885, -4.99,  -25554, -5.20,  -24331, -4.95
 709,196.00,  -53036, -5.31,  -27890, -5.67,  -25146, -5.12
 710,197.00,  -55455, -5.55,  -29603, -6.02,  -25852, -5.26
 711,198.00,  -57286, -5.73,  -30731, -6.25,  -26555, -5.40
 712,199.00,  -58784, -5.88,  -31529, -6.41,  -27255, -5.55
 713,200.00,  -60256, -6.03,  -32382, -6.59,  -27874, -5.67
 714,201.00,  -61660, -6.17,  -33323, -6.78,  -28337, -5.77
 715,202.00,  -62872, -6.29,  -34122, -6.94,  -28750, -5.85
 716,203.00,  -63954, -6.40,  -34632, -7.05,  -29322, -5.97
 717,204.00,  -65065, -6.51,  -34895, -7.10,  -30170, -6.14
 718,205.00,  -66201, -6.62,  -35002, -7.12,  -31199, -6.35
 719,206.00,  -67270, -6.73,  -35130, -7.15,  -32140, -6.54
 720,207.00,  -68037, -6.81,  -35298, -7.18,  -32739, -6.66
 721,208.00,  -68408, -6.84,  -35399, -7.20,  -33009, -6.72
 722,209.00,  -68628, -6.87,  -35419, -7.21,  -33209, -6.76
 723,210.00,  -69005, -6.90,  -35380, -7.20,  -33625, -6.84
 724,211.00,  -69440, -6.95,  -35123, -7.15,  -34317, -6.98
 725,212.00,  -69657, -6.97,  -34579, -7.04,  -35078, -7.14
 726,213.00,  -69426, -6.95,  -33784, -6.87,  -35642, -7.25
 727,214.00,  -68829, -6.89,  -32937, -6.70,  -35892, -7.30
 728,215.00,  -68392, -6.84,  -32446, -6.60,  -35946, -7.31
 729,216.00,  -68756, -6.88,  -32640, -6.64,  -36116, -7.35
 730,217.00,  -69983, -7.00,  -33379, -6.79,  -36604, -7.45
 731,218.00,  -71660, -7.17,  -34299, -6.98,  -37361, -7.60
 732,219.00,  -73013, -7.31,  -34874, -7.10,  -38139, -7.76
 733,220.00,  -73286, -7.33,  -34733, -7.07,  -38553, -7.84
 734,221.00,  -72358, -7.24,  -33931, -6.90,  -38427, -7.82
 735,222.00,  -70688, -7.07,  -32769, -6.67,  -37919, -7.71
 736,223.00,  -68946, -6.90,  -31542, -6.42,  -37404, -7.61
 737,224.00,  -67860, -6.79,  -30622, -6.23,  -37238, -7.58
 738,225.00,  -67742, -6.78,  -30183, -6.14,  -37559, -7.64
 739,226.00,  -68366, -6.84,  -30180, -6.14,  -38186, -7.77
 740,227.00,  -69200, -6.92,  -30417, -6.19,  -38783, -7.89
 741,228.00,  -69520, -6.96,  -30530, -6.21,  -38990, -7.93
 742,229.00,  -68959, -6.90,  -30227, -6.15,  -38732, -7.88
 743,230.00,  -67719, -6.78,  -29552, -6.01,  -38167, -7.77
 744,231.00,  -66316, -6.64,  -28733, -5.85,  -37583, -7.65
 745,232.00,  -65292, -6.53,  -27987, -5.69,  -37305, -7.59
 746,233.00,  -64869, -6.49,  -27453, -5.59,  -37416, -7.61
 747,234.00,  -64826, -6.49,  -27110, -5.52,  -37716, -7.67
 748,235.00,  -64868, -6.49,  -26893, -5.47,  -37975, -7.73
 749,236.00,  -64792, -6.48,  -26831, -5.46,  -37961, -7.72
 750,237.00,  -64347, -6.44,  -26847, -5.46,  -37500, -7.63
 751,238.00,  -63363, -6.34,  -26772, -5.45,  -36591, -7.44
 752,239.00,  -61809, -6.18,  -26429, -5.38,  -35380, -7.20
 753,240.00,  -59600, -5.96,  -25548, -5.20,  -34052, -6.93
 754,241.00,  -56833, -5.69,  -24017, -4.89,  -32816, -6.68
 755,242.00,  -53832, -5.39,  -22079, -4.49,  -31753, -6.46
 756,243.00,  -50826, -5.09,  -20030, -4.08,  -30796, -6.27
 757,244.00,  -48080, -4.81,  -18173, -3.70,  -29907, -6.08
 758,245.00,  -45777, -4.58,  -16647, -3.39,  -29130, -5.93
 759,246.00,  -43660, -4.37,  -15235, -3.10,  -28425, -5.78
 760,247.00,  -41387, -4.14,  -13650, -2.78,  -27737, -5.64
 761,248.00,  -38665, -3.87,  -11781, -2.40,  -26884, -5.47
 762,249.00,  -35358, -3.54,   -9661, -1.97,  -25697, -5.23
 763,250.00,  -31721, -3.17,   -7413, -1.51,  -24308, -4.95
 764,251.00,  -28019, -2.80,   -5129, -1.04,  -22890, -4.66
 765,252.00,  -24251, -2.43,   -2763, -0.56,  -21488, -4.37
 766,253.00,  -20385, -2.04,    -280, -0.06,  -20105, -4.09
 767,254.00,  -16363, -1.64,    2231,  0.45,  -18594, -3.78
 768,255.00,  -12215, -1.22,    4571,  0.93,  -16786, -3.42
 769,256.00,   -8209, -0.82,    6608,  1.34,  -14817, -3.01
 770,257.00,   -4532, -0.45,    8345,  1.70,  -12877, -2.62
 771,258.00,   -1179, -0.12,    9916,  2.02,  -11095, -2.26
 772,259.00,    1858,  0.19,   11392,  2.32,   -9534, -1.94
 773,260.00,    4700,  0.47,   12756,  2.60,   -8056, -1.64
 774,261.00,    7637,  0.76,   14026,  2.85,   -6389, -1.30
 775,262.00,   10898,  1.09,   15340,  3.12,   -4442, -0.90
 776,263.00,   14542,  1.46,   16856,  3.43,   -2314, -0.47
 777,264.00,   18419,  1.84,   18582,  3.78,    -163, -0.03
 778,265.00,   22188,  2.22,   20314,  4.13,    1874,  0.38
 779,266.00,   25520,  2.55,   21759,  4.43,    3761,  0.77
 780,267.00,   28354,  2.84,   22783,  4.64,    5571,  1.13
 781,268.00,   30877,  3.09,   23527,  4.79,    7350,  1.50
 782,269.00,   33340,  3.34,   24308,  4.95,    9032,  1.84
 783,270.00,   35867,  3.59,   25262,  5.14,   10605,  2.16
 784,271.00,   38493,  3.85,   26395,  5.37,   12098,  2.46
 785,272.00,   41117,  4.11,   27553,  5.61,   13564,  2.76
 786,273.00,   43583,  4.36,   28580,  5.81,   15003,  3.05
 787,274.00,   45708,  4.57,   29372,  5.98,   16336,  3.32
 788,275.00,   47370,  4.74,   29970,  6.10,   17400,  3.54
 789,276.00,   48474,  4.85,   30315,  6.17,   18159,  3.69
 790,277.00,   49125,  4.92,   30379,  6.18,   18746,  3.81
 791,278.00,   49599,  4.96,   30192,  6.14,   19407,  3.95
 792,279.00,   50103,  5.01,   29806,  6.06,   20297,  4.13
 793,280.00,   50533,  5.06,   29185,  5.94,   21348,  4.34
 794,281.00,   50614,  5.06,   28340,  5.77,   22274,  4.53
 795,282.00,   50062,  5.01,   27267,  5.55,   22795,  4.64
 796,283.00,   48770,  4.88,   25986,  5.29,   22784,  4.64
 797,284.00,   47142,  4.72,   24699,  5.03,   22443,  4.57
 798,285.00,   45739,  4.58,   23516,  4.78,   22223,  4.52
 799,286.00,   44889,  4.49,   22364,  4.55,   22525,  4.58
 800,287.00,   44472,  4.45,   21053,  4.28,   23419,  4.76
 801,288.00,   44198,  4.42,   19498,  3.97,   24700,  5.03
 802,289.00,   43755,  4.38,   17814,  3.62,   25941,  5.28
 803,290.00,   43281,  4.33,   16492,  3.36,   26789,  5.45
 804,291.00,   43071,  4.31,   15918,  3.24,   27153,  5.52
 805,292.00,   43222,  4.32,   16131,  3.28,   27091,  5.51
 806,293.00,   43362,  4.34,   16770,  3.41,   26592,  5.41
 807,294.00,   43086,  4.31,   17390,  3.54,   25696,  5.23
 808,295.00,   42192,  4.22,   17693,  3.60,   24499,  4.98
 809,296.00,   40831,  4.09,   17650,  3.59,   23181,  4.72
 810,297.00,   39273,  3.93,   17298,  3.52,   21975,  4.47
 811,298.00,   37654,  3.77,   16606,  3.38,   21048,  4.28
 812,299.00,   35898,  3.59,   15533,  3.16,   20365,  4.14
 813,300.00,   34026,  3.40,   14203,  2.89,   19823,  4.03
 814,301.00,   32242,  3.23,   12936,  2.63,   19306,  3.93
 815,302.00,   30629,  3.06,   11990,  2.44,   18639,  3.79
 816,303.00,   28990,  2.90,   11362,  2.31,   17628,  3.59
 817,304.00,   27011,  2.70,   10778,  2.19,   16233,  3.30
 818,305.00,   24604,  2.46,    9949,  2.02,   14655,  2.98
 819,306.00,   22036,  2.20,    8722,  1.77,   13314,  2.71
 820,307.00,   19835,  1.98,    7212,  1.47,   12623,  2.57
 821,308.00,   18108,  1.81,    5543,  1.13,   12565,  2.56
 822,309.00,   16486,  1.65,    3718,  0.76,   12768,  2.60
 823,310.00,   14537,  1.45,    1775,  0.36,   12762,  2.60
 824,311.00,   12168,  1.22,    -108, -0.02,   12276,  2.50
 825,312.00,    9570,  0.96,   -1745, -0.36,   11315,  2.30
 826,313.00,    7124,  0.71,   -2980, -0.61,   10104,  2.06
 827,314.00,    4882,  0.49,   -3962, -0.81,    8844,  1.80
 828,315.00,    2700,  0.27,   -4982, -1.01,    7682,  1.56
 829,316.00,     518,  0.05,   -6194, -1.26,    6712,  1.37
 830,317.00,   -1559, -0.16,   -7561, -1.54,    6002,  1.22
 831,318.00,   -3486, -0.35,   -8913, -1.81,    5427,  1.10
 832,319.00,   -5221, -0.52,  -10018, -2.04,    4797,  0.98
 833,320.00,   -6902, -0.69,  -10841, -2.21,    3939,  0.80
 834,321.00,   -8577, -0.86,  -11344, -2.31,    2767,  0.56
 835,322.00,  -10144, -1.02,  -11511, -2.34,    1367,  0.28
 836,323.00,  -11459, -1.15,  -11422, -2.32,     -37, -0.00
 837,324.00,  -12549, -1.26,  -11189, -2.28,   -1360, -0.28
 838,325.00,  -13670, -1.37,  -10981, -2.23,   -2689, -0.55
 839,326.00,  -15221, -1.52,  -11040, -2.25,   -4181, -0.85
 840,327.00,  -17312, -1.73,  -11421, -2.32,   -5891, -1.20
 841,328.00,  -19617, -1.96,  -11975, -2.44,   -7642, -1.55
 842,329.00,  -21533, -2.15,  -12458, -2.53,   -9075, -1.85
 843,330.00,  -22567, -2.26,  -12592, -2.56,   -9975, -2.03
 844,331.00,  -22782, -2.28,  -12311, -2.50,  -10471, -2.13
 845,332.00,  -22667, -2.27,  -11827, -2.41,  -10840, -2.21
 846,333.00,  -22738, -2.28,  -11452, -2.33,  -11286, -2.30
 847,334.00,  -23196, -2.32,  -11378, -2.31,  -11818, -2.40
 848,335.00,  -23998, -2.40,  -11679, -2.38,  -12319, -2.51
 849,336.00,  -24941, -2.50,  -12224, -2.49,  -12717, -2.59
 850,337.00,  -25819, -2.58,  -12779, -2.60,  -13040, -2.65
 851,338.00,  -26343, -2.64,  -13138, -2.67,  -13205, -2.69
 852,339.00,  -26142, -2.62,  -13098, -2.66,  -13044, -2.65
 853,340.00,  -24996, -2.50,  -12487, -2.54,  -12509, -2.55
 854,341.00,  -23060, -2.31,  -11370, -2.31,  -11690, -2.38
 855,342.00,  -20754, -2.08,   -9984, -2.03,  -10770, -2.19
 856,343.00,  -18611, -1.86,   -8631, -1.76,   -9980, -2.03
 857,344.00,  -16923, -1.69,   -7564, -1.54,   -9359, -1.90
 858,345.00,  -15533, -1.55,   -6713, -1.37,   -8820, -1.79
 859,346.00,  -13991, -1.40,   -5710, -1.16,   -8281, -1.68
 860,347.00,  -11852, -1.19,   -4280, -0.87,   -7572, -1.54
 861,348.00,   -8981, -0.90,   -2438, -0.50,   -6543, -1.33
 862,349.00,   -5815, -0.58,    -518, -0.11,   -5297, -1.08
 863,350.00,   -2989, -0.30,    1011,  0.21,   -4000, -0.81
 864,351.00,    -884, -0.09,    1952,  0.40,   -2836, -0.58
 865,352.00,     595,  0.06,    2519,  0.51,   -1924, -0.39
 866,353.00,    1784,  0.18,    2931,  0.60,   -1147, -0.23
 867,354.00,    2947,  0.29,    3205,  0.65,    -258, -0.05
 868,355.00,    4098,  0.41,    3203,  0.65,     895,  0.18
 869,356.00,    5245,  0.52,    2832,  0.58,    2413,  0.49
 870,357.00,    6459,  0.65,    2193,  0.45,    4266,  0.87
 871,358.00,    7822,  0.78,    1620,  0.33,    6202,  1.26
 872,359.00,    9182,  0.92,    1215,  0.25,    7967,  1.62
 873,360.00,   10265,  1.03,     876,  0.18,    9389,  1.91
 874,361.00,   11025,  1.10,     599,  0.12,   10426,  2.12
 875,362.00,   11610,  1.16,     486,  0.10,   11124,  2.26
 876,363.00,   12082,  1.21,     569,  0.12,   11513,  2.34
 877,364.00,   12441,  1.24,     820,  0.17,   11621,  2.36
 878,365.00,   12532,  1.25,     918,  0.19,   11614,  2.36
 879,366.00,   12390,  1.24,     641,  0.13,   11749,  2.39
 880,367.00,   12393,  1.24,     118,  0.02,   12275,  2.50
 881,368.00,   12858,  1.29,    -366, -0.07,   13224,  2.69
 882,369.00,   13780,  1.38,    -550, -0.11,   14330,  2.92
 883,370.00,   14947,  1.50,    -341, -0.07,   15288,  3.11
 884,371.00,   16024,  1.60,       7,  0.00,   16017,  3.26
 885,372.00,   16829,  1.68,     177,  0.04,   16652,  3.39
 886,373.00,   17319,  1.73,     -57, -0.01,   17376,  3.54
 887,374.00,   17499,  1.75,    -702, -0.14,   18201,  3.70
 888,375.00,   17448,  1.75,   -1479, -0.30,   18927,  3.85
 889,376.00,   17278,  1.73,   -2088, -0.42,   19366,  3.94
 890,377.00,   17173,  1.72,   -2351, -0.48,   19524,  3.97
 891,378.00,   17347,  1.74,   -2244, -0.46,   19591,  3.99
 892,379.00,   17835,  1.78,   -1925, -0.39,   19760,  4.02
 893,380.00,   18397,  1.84,   -1627, -0.33,   20024,  4.07
 894,381.00,   18594,  1.86,   -1567, -0.32,   20161,  4.10
 895,382.00,   18085,  1.81,   -1854, -0.38,   19939,  4.06
 896,383.00,   16849,  1.69,   -2370, -0.48,   19219,  3.91
 897,384.00,   15262,  1.53,   -2773, -0.56,   18035,  3.67
 898,385.00,   13879,  1.39,   -2715, -0.55,   16594,  3.38
 899,386.00,   12958,  1.30,   -2134, -0.43,   15092,  3.07
 900,387.00,   12374,  1.24,   -1271, -0.26,   13645,  2.78
 901,388.00,   11802,  1.18,    -553, -0.11,   12355,  2.51
 902,389.00,   10817,  1.08,    -457, -0.09,   11274,  2.29
 903,390.00,    9366,  0.94,   -1080, -0.22,   10446,  2.13
 904,391.00,    7802,  0.78,   -2133, -0.43,    9935,  2.02
 905,392.00,    6512,  0.65,   -3218, -0.65,    9730,  1.98
 906,393.00,    5788,  0.58,   -3971, -0.81,    9759,  1.99
 907,394.00,    5589,  0.56,   -4346, -0.88,    9935,  2.02
 908,395.00,    5474,  0.55,   -4685, -0.95,   10159,  2.07
 909,396.00,    5138,  0.51,   -5259, -1.07,   10397,  2.12
 910,397.00,    4513,  0.45,   -6178, -1.26,   10691,  2.18
 911,398.00,    3646,  0.36,   -7369, -1.50,   11015,  2.24
 912,399.00,    2669,  0.27,   -8596, -1.75,   11265,  2.29
 913,400.00,    1839,  0.18,   -9562, -1.95,   11401,  2.32
 914,401.00,    1412,  0.14,  -10022, -2.04,   11434,  2.33
 915,402.00,    1689,  0.17,   -9817, -2.00,   11506,  2.34
 916,403.00,    2793,  0.28,   -8983, -1.83,   11776,  2.40
 917,404.00,    4455,  0.45,   -7816, -1.59,   12271,  2.50
 918,405.00,    5953,  0.60,   -6814, -1.39,   12767,  2.60
 919,406.00,    6759,  0.68,   -6340, -1.29,   13099,  2.67
 920,407.00,    6697,  0.67,   -6451, -1.31,   13148,  2.68
 921,408.00,    5979,  0.60,   -6992, -1.42,   12971,  2.64
 922,409.00,    5035,  0.50,   -7694, -1.57,   12729,  2.59
 923,410.00,    4292,  0.43,   -8360, -1.70,   12652,  2.57
 924,411.00,    3817,  0.38,   -8929, -1.82,   12746,  2.59
 925,412.00,    3570,  0.36,   -9343, -1.90,   12913,  2.63
 926,413.00,    3420,  0.34,   -9524, -1.94,   12944,  2.63
 927,414.00,    3191,  0.32,   -9506, -1.93,   12697,  2.58
 928,415.00,    2731,  0.27,   -9449, -1.92,   12180,  2.48
 929,416.00,    2065,  0.21,   -9531, -1.94,   11596,  2.36
 930,417.00,    1303,  0.13,   -9811, -2.00,   11114,  2.26
 931,418.00,     598,  0.06,  -10149, -2.06,   10747,  2.19
 932,419.00,      93,  0.00,  -10342, -2.10,   10435,  2.12
 933,420.00,    -226, -0.02,  -10312, -2.10,   10086,  2.05
 934,421.00,    -437, -0.04,  -10098, -2.05,    9661,  1.97
 935,422.00,    -567, -0.06,   -9767, -1.99,    9200,  1.87
 936,423.00,    -599, -0.06,   -9385, -1.91,    8786,  1.79
 937,424.00,    -374, -0.04,   -8838, -1.80,    8464,  1.72
 938,425.00,     199,  0.02,   -8021, -1.63,    8220,  1.67
 939,426.00,     949,  0.09,   -7027, -1.43,    7976,  1.62
 940,427.00,    1608,  0.16,   -6054, -1.23,    7662,  1.56
 941,428.00,    1939,  0.19,   -5317, -1.08,    7256,  1.48
 942,429.00,    1857,  0.19,   -5036, -1.02,    6893,  1.40
 943,430.00,    1657,  0.17,   -5126, -1.04,    6783,  1.38
 944,431.00,    1751,  0.18,   -5314, -1.08,    7065,  1.44
 945,432.00,    2382,  0.24,   -5368, -1.09,    7750,  1.58
 946,433.00,    3556,  0.36,   -5174, -1.05,    8730,  1.78
 947,434.00,    5022,  0.50,   -4751, -0.97,    9773,  1.99
 948,435.00,    6434,  0.64,   -4254, -0.87,   10688,  2.17
 949,436.00,    7567,  0.76,   -3797, -0.77,   11364,  2.31
 950,437.00,    8381,  0.84,   -3411, -0.69,   11792,  2.40
 951,438.00,    9030,  0.90,   -3039, -0.62,   12069,  2.46
 952,439.00,    9744,  0.97,   -2609, -0.53,   12353,  2.51
 953,440.00,   10621,  1.06,   -2080, -0.42,   12701,  2.58
 954,441.00,   11659,  1.17,   -1389, -0.28,   13048,  2.65
 955,442.00,   12834,  1.28,    -458, -0.09,   13292,  2.70
 956,443.00,   14065,  1.41,     762,  0.16,   13303,  2.71
 957,444.00,   15316,  1.53,    2290,  0.47,   13026,  2.65
 958,445.00,   16528,  1.65,    4044,  0.82,   12484,  2.54
 959,446.00,   17542,  1.76,    5781,  1.18,   11761,  2.39
 960,447.00,   18306,  1.83,    7279,  1.48,   11027,  2.24
 961,448.00,   19042,  1.91,    8499,  1.73,   10543,  2.15
 962,449.00,   19938,  2.00,    9526,  1.94,   10412,  2.12
 963,450.00,   20989,  2.10,   10430,  2.12,   10559,  2.15
 964,451.00,   21927,  2.19,   11208,  2.28,   10719,  2.18
 965,452.00,   22386,  2.24,   11746,  2.39,   10640,  2.16
 966,453.00,   22209,  2.22,   11959,  2.43,   10250,  2.09
 967,454.00,   21672,  2.17,   11988,  2.44,    9684,  1.97
 968,455.00,   21138,  2.12,   12057,  2.45,    9081,  1.85
 969,456.00,   20950,  2.10,   12371,  2.52,    8579,  1.75
 970,457.00,   21247,  2.13,   12987,  2.64,    8260,  1.68
 971,458.00,   22076,  2.21,   13816,  2.81,    8260,  1.68
 972,459.00,   23379,  2.34,   14721,  3.00,    8658,  1.76
 973,460.00,   24951,  2.50,   15535,  3.16,    9416,  1.92
 974,461.00,   26333,  2.63,   16058,  3.27,   10275,  2.09
 975,462.00,   27235,  2.73,   16312,  3.32,   10923,  2.22
 976,463.00,   27505,  2.75,   16332,  3.32,   11173,  2.27
 977,464.00,   27306,  2.73,   16161,  3.29,   11145,  2.27
 978,465.00,   27006,  2.70,   15874,  3.23,   11132,  2.26
 979,466.00,   26800,  2.68,   15438,  3.14,   11362,  2.31
 980,467.00,   26551,  2.66,   14794,  3.01,   11757,  2.39
 981,468.00,   26202,  2.62,   14075,  2.86,   12127,  2.47
 982,469.00,   25675,  2.57,   13368,  2.72,   12307,  2.50
 983,470.00,   25069,  2.51,   12731,  2.59,   12338,  2.51
 984,471.00,   24628,  2.46,   12213,  2.48,   12415,  2.53
 985,472.00,   24563,  2.46,   11819,  2.40,   12744,  2.59
 986,473.00,   24904,  2.49,   11492,  2.34,   13412,  2.73
 987,474.00,   25619,  2.56,   11223,  2.28,   14396,  2.93
 988,475.00,   26486,  2.65,   11014,  2.24,   15472,  3.15
 989,476.00,   27208,  2.72,   10830,  2.20,   16378,  3.33
 990,477.00,   27544,  2.76,   10668,  2.17,   16876,  3.43
 991,478.00,   27427,  2.74,   10531,  2.14,   16896,  3.44
 992,479.00,   27011,  2.70,   10394,  2.11,   16617,  3.38
 993,480.00,   26601,  2.66,   10274,  2.09,   16327,  3.32
 994,481.00,   26465,  2.65,   10213,  2.08,   16252,  3.31
 995,482.00,   26793,  2.68,   10179,  2.07,   16614,  3.38
 996,483.00,   27529,  2.75,   10130,  2.06,   17399,  3.54
 997,484.00,   28483,  2.85,   10086,  2.05,   18397,  3.74
 998,485.00,   29440,  2.95,   10129,  2.06,   19311,  3.93
 999,486.00,   30323,  3.03,   10379,  2.11,   19944,  4.06
1000,487.00,   31023,  3.10,   10747,  2.19,   20276,  4.13
1001,488.00,   31571,  3.16,   11074,  2.25,   20497,  4.17
1002,489.00,   31900,  3.19,   11179,  2.27,   20721,  4.22
1003,490.00,   31977,  3.20,   11093,  2.26,   20884,  4.25
1004,491.00,   31832,  3.19,   11024,  2.24,   20808,  4.23
1005,492.00,   31732,  3.18,   11285,  2.30,   20447,  4.16
1006,493.00,   31699,  3.17,   11858,  2.41,   19841,  4.04
1007,494.00,   31575,  3.16,   12530,  2.55,   19045,  3.87
1008,495.00,   31137,  3.12,   12999,  2.64,   18138,  3.69
1009,496.00,   30297,  3.03,   13130,  2.67,   17167,  3.49
1010,497.00,   29154,  2.92,   12957,  2.64,   16197,  3.30
1011,498.00,   28082,  2.81,   12744,  2.59,   15338,  3.12
1012,499.00,   27317,  2.73,   12676,  2.58,   14641,  2.98
1013,500.00,   26787,  2.68,   12745,  2.59,   14042,  2.86
1014,501.00,   26374,  2.64,   12860,  2.62,   13514,  2.75
1015,502.00,   25935,  2.60,   12921,  2.63,   13014,  2.65
1016,503.00,   25301,  2.53,   12788,  2.60,   12513,  2.55
1017,504.00,   24322,  2.43,   12400,  2.52,   11922,  2.43
1018,505.00,   22985,  2.30,   11805,  2.40,   11180,  2.27
1019,506.00,   21068,  2.11,   11001,  2.24,   10067,  2.05
1020,507.00,   19644,  1.97,   10402,  2.12,    9242,  1.88
1021,508.00,   18935,  1.89,   10116,  2.06,    8819,  1.79
1022,509.00,   19644,  1.97,   10402,  2.12,    9242,  1.88
1023,510.00,   19644,  1.97,   10402,  2.12,    9242,  1.88
1024,511.00,   19644,  1.97,   10402,  2.12,    9242,  1.88
