-----------------------------------------------------------------------------------
Identifier:,IHS5922-20198901
File Name:,JNRP70A.1
Ear:,R
Channel:,1
Intensity:,70 dB HL
Stim. Rate:,  1.10/s
Stim. Mode:,0
Sweeps:,190
Artifacts:,69
Smp. Period:,1000.00 us
Amp. Gain:, 50.00 K
Low Pass:, 30.00 Hz
High Pass:,  1.00 Hz
Notch Filter:,TRUE
Stimulus:,100
Stim. Freq.:,1000 Hz
Stim. Dur.:,2000 pnts
Masking:,0 dB SPL
Stim. Point:,513
-----------------------------------------------------------------------------------
Peak Information:,Label,Peak(+),Peak(+)(ms),Peak(-),Peak(-)(ms)
,20, 710,197.00, 772,259.00,
,17, 593,80.00, 638,125.00,
-----------------------------------------------------------------------------------


Data Pnt:,Data Pnt(ms):,Average:,Average(uV):,Buffer1:,Buffer1(uV):,Buffer2:,Buffer2(uV):
   1,-512.00,       0,  0.00,       0,  0.00,       0,  0.00
   2,-511.00,       0,  0.00,       0,  0.00,       0,  0.00
   3,-510.00,       0,  0.00,       0,  0.00,       0,  0.00
   4,-509.00,       0,  0.00,       0,  0.00,       0,  0.00
   5,-508.00,       0,  0.00,       0,  0.00,       0,  0.00
   6,-507.00,       0,  0.00,       0,  0.00,       0,  0.00
   7,-506.00,       0,  0.00,       0,  0.00,       0,  0.00
   8,-505.00,       0,  0.00,       0,  0.00,       0,  0.00
   9,-504.00,       0,  0.00,       0,  0.00,       0,  0.00
  10,-503.00,       0,  0.00,       0,  0.00,       0,  0.00
  11,-502.00,       0,  0.00,       0,  0.00,       0,  0.00
  12,-501.00,       0,  0.00,       0,  0.00,       0,  0.00
  13,-500.00,       0,  0.00,       0,  0.00,       0,  0.00
  14,-499.00,       0,  0.00,       0,  0.00,       0,  0.00
  15,-498.00,       0,  0.00,       0,  0.00,       0,  0.00
  16,-497.00,       0,  0.00,       0,  0.00,       0,  0.00
  17,-496.00,       0,  0.00,       0,  0.00,       0,  0.00
  18,-495.00,       0,  0.00,       0,  0.00,       0,  0.00
  19,-494.00,       0,  0.00,       0,  0.00,       0,  0.00
  20,-493.00,       0,  0.00,       0,  0.00,       0,  0.00
  21,-492.00,       0,  0.00,       0,  0.00,       0,  0.00
  22,-491.00,       0,  0.00,       0,  0.00,       0,  0.00
  23,-490.00,       0,  0.00,       0,  0.00,       0,  0.00
  24,-489.00,       0,  0.00,       0,  0.00,       0,  0.00
  25,-488.00,       0,  0.00,       0,  0.00,       0,  0.00
  26,-487.00,       0,  0.00,       0,  0.00,       0,  0.00
  27,-486.00,       0,  0.00,       0,  0.00,       0,  0.00
  28,-485.00,       0,  0.00,       0,  0.00,       0,  0.00
  29,-484.00,       0,  0.00,       0,  0.00,       0,  0.00
  30,-483.00,       0,  0.00,       0,  0.00,       0,  0.00
  31,-482.00,       0,  0.00,       0,  0.00,       0,  0.00
  32,-481.00,       0,  0.00,       0,  0.00,       0,  0.00
  33,-480.00,       0,  0.00,       0,  0.00,       0,  0.00
  34,-479.00,       0,  0.00,       0,  0.00,       0,  0.00
  35,-478.00,       0,  0.00,       0,  0.00,       0,  0.00
  36,-477.00,       0,  0.00,       0,  0.00,       0,  0.00
  37,-476.00,       0,  0.00,       0,  0.00,       0,  0.00
  38,-475.00,       0,  0.00,       0,  0.00,       0,  0.00
  39,-474.00,       0,  0.00,       0,  0.00,       0,  0.00
  40,-473.00,       0,  0.00,       0,  0.00,       0,  0.00
  41,-472.00,       0,  0.00,       0,  0.00,       0,  0.00
  42,-471.00,       0,  0.00,       0,  0.00,       0,  0.00
  43,-470.00,       0,  0.00,       0,  0.00,       0,  0.00
  44,-469.00,       0,  0.00,       0,  0.00,       0,  0.00
  45,-468.00,       0,  0.00,       0,  0.00,       0,  0.00
  46,-467.00,       0,  0.00,       0,  0.00,       0,  0.00
  47,-466.00,       0,  0.00,       0,  0.00,       0,  0.00
  48,-465.00,       0,  0.00,       0,  0.00,       0,  0.00
  49,-464.00,       0,  0.00,       0,  0.00,       0,  0.00
  50,-463.00,       0,  0.00,       0,  0.00,       0,  0.00
  51,-462.00,       0,  0.00,       0,  0.00,       0,  0.00
  52,-461.00,       0,  0.00,       0,  0.00,       0,  0.00
  53,-460.00,       0,  0.00,       0,  0.00,       0,  0.00
  54,-459.00,       0,  0.00,       0,  0.00,       0,  0.00
  55,-458.00,       0,  0.00,       0,  0.00,       0,  0.00
  56,-457.00,       0,  0.00,       0,  0.00,       0,  0.00
  57,-456.00,       0,  0.00,       0,  0.00,       0,  0.00
  58,-455.00,       0,  0.00,       0,  0.00,       0,  0.00
  59,-454.00,       0,  0.00,       0,  0.00,       0,  0.00
  60,-453.00,       0,  0.00,       0,  0.00,       0,  0.00
  61,-452.00,       0,  0.00,       0,  0.00,       0,  0.00
  62,-451.00,       0,  0.00,       0,  0.00,       0,  0.00
  63,-450.00,       0,  0.00,       0,  0.00,       0,  0.00
  64,-449.00,       0,  0.00,       0,  0.00,       0,  0.00
  65,-448.00,       0,  0.00,       0,  0.00,       0,  0.00
  66,-447.00,       0,  0.00,       0,  0.00,       0,  0.00
  67,-446.00,       0,  0.00,       0,  0.00,       0,  0.00
  68,-445.00,       0,  0.00,       0,  0.00,       0,  0.00
  69,-444.00,       0,  0.00,       0,  0.00,       0,  0.00
  70,-443.00,       0,  0.00,       0,  0.00,       0,  0.00
  71,-442.00,       0,  0.00,       0,  0.00,       0,  0.00
  72,-441.00,       0,  0.00,       0,  0.00,       0,  0.00
  73,-440.00,       0,  0.00,       0,  0.00,       0,  0.00
  74,-439.00,       0,  0.00,       0,  0.00,       0,  0.00
  75,-438.00,       0,  0.00,       0,  0.00,       0,  0.00
  76,-437.00,       0,  0.00,       0,  0.00,       0,  0.00
  77,-436.00,       0,  0.00,       0,  0.00,       0,  0.00
  78,-435.00,       0,  0.00,       0,  0.00,       0,  0.00
  79,-434.00,       0,  0.00,       0,  0.00,       0,  0.00
  80,-433.00,       0,  0.00,       0,  0.00,       0,  0.00
  81,-432.00,       0,  0.00,       0,  0.00,       0,  0.00
  82,-431.00,       0,  0.00,       0,  0.00,       0,  0.00
  83,-430.00,       0,  0.00,       0,  0.00,       0,  0.00
  84,-429.00,       0,  0.00,       0,  0.00,       0,  0.00
  85,-428.00,       0,  0.00,       0,  0.00,       0,  0.00
  86,-427.00,       0,  0.00,       0,  0.00,       0,  0.00
  87,-426.00,       0,  0.00,       0,  0.00,       0,  0.00
  88,-425.00,       0,  0.00,       0,  0.00,       0,  0.00
  89,-424.00,       0,  0.00,       0,  0.00,       0,  0.00
  90,-423.00,       0,  0.00,       0,  0.00,       0,  0.00
  91,-422.00,       0,  0.00,       0,  0.00,       0,  0.00
  92,-421.00,       0,  0.00,       0,  0.00,       0,  0.00
  93,-420.00,       0,  0.00,       0,  0.00,       0,  0.00
  94,-419.00,       0,  0.00,       0,  0.00,       0,  0.00
  95,-418.00,       0,  0.00,       0,  0.00,       0,  0.00
  96,-417.00,       0,  0.00,       0,  0.00,       0,  0.00
  97,-416.00,       0,  0.00,       0,  0.00,       0,  0.00
  98,-415.00,       0,  0.00,       0,  0.00,       0,  0.00
  99,-414.00,       0,  0.00,       0,  0.00,       0,  0.00
 100,-413.00,       0,  0.00,       0,  0.00,       0,  0.00
 101,-412.00,       0,  0.00,       0,  0.00,       0,  0.00
 102,-411.00,       0,  0.00,       0,  0.00,       0,  0.00
 103,-410.00,       0,  0.00,       0,  0.00,       0,  0.00
 104,-409.00,       0,  0.00,       0,  0.00,       0,  0.00
 105,-408.00,       0,  0.00,       0,  0.00,       0,  0.00
 106,-407.00,       0,  0.00,       0,  0.00,       0,  0.00
 107,-406.00,       0,  0.00,       0,  0.00,       0,  0.00
 108,-405.00,       0,  0.00,       0,  0.00,       0,  0.00
 109,-404.00,       0,  0.00,       0,  0.00,       0,  0.00
 110,-403.00,       0,  0.00,       0,  0.00,       0,  0.00
 111,-402.00,       0,  0.00,       0,  0.00,       0,  0.00
 112,-401.00,       0,  0.00,       0,  0.00,       0,  0.00
 113,-400.00,       0,  0.00,       0,  0.00,       0,  0.00
 114,-399.00,       0,  0.00,       0,  0.00,       0,  0.00
 115,-398.00,       0,  0.00,       0,  0.00,       0,  0.00
 116,-397.00,  104502,  3.36,   76278,  4.90,   28224,  1.81
 117,-396.00,  105494,  3.39,   76826,  4.94,   28668,  1.84
 118,-395.00,  104930,  3.37,   76523,  4.92,   28407,  1.83
 119,-394.00,  104628,  3.36,   76774,  4.93,   27854,  1.79
 120,-393.00,  105575,  3.39,   77819,  5.00,   27756,  1.78
 121,-392.00,  107843,  3.46,   79465,  5.11,   28378,  1.82
 122,-391.00,  109315,  3.51,   80940,  5.20,   28375,  1.82
 123,-390.00,  110935,  3.56,   82287,  5.29,   28648,  1.84
 124,-389.00,  111500,  3.58,   83205,  5.35,   28295,  1.82
 125,-388.00,  111418,  3.58,   82847,  5.32,   28571,  1.84
 126,-387.00,  109429,  3.52,   81931,  5.26,   27498,  1.77
 127,-386.00,  106770,  3.43,   80235,  5.16,   26535,  1.70
 128,-385.00,  104435,  3.35,   78346,  5.03,   26089,  1.68
 129,-384.00,  103152,  3.31,   77318,  4.97,   25834,  1.66
 130,-383.00,  100075,  3.21,   75566,  4.86,   24509,  1.57
 131,-382.00,   98015,  3.15,   74176,  4.77,   23839,  1.53
 132,-381.00,   96576,  3.10,   72406,  4.65,   24170,  1.55
 133,-380.00,   96112,  3.09,   71144,  4.57,   24968,  1.60
 134,-379.00,   95145,  3.06,   68836,  4.42,   26309,  1.69
 135,-378.00,   93470,  3.00,   66489,  4.27,   26981,  1.73
 136,-377.00,   92602,  2.97,   64193,  4.12,   28409,  1.83
 137,-376.00,   92442,  2.97,   63147,  4.06,   29295,  1.88
 138,-375.00,   91964,  2.95,   62697,  4.03,   29267,  1.88
 139,-374.00,   88808,  2.85,   61456,  3.95,   27352,  1.76
 140,-373.00,   87023,  2.80,   60575,  3.89,   26448,  1.70
 141,-372.00,   86345,  2.77,   60838,  3.91,   25507,  1.64
 142,-371.00,   84700,  2.72,   59646,  3.83,   25054,  1.61
 143,-370.00,   82727,  2.66,   57143,  3.67,   25584,  1.64
 144,-369.00,   79745,  2.56,   54231,  3.48,   25514,  1.64
 145,-368.00,   76430,  2.46,   50725,  3.26,   25705,  1.65
 146,-367.00,   72607,  2.33,   47656,  3.06,   24951,  1.60
 147,-366.00,   70110,  2.25,   46095,  2.96,   24015,  1.54
 148,-365.00,   66340,  2.13,   43852,  2.82,   22488,  1.44
 149,-364.00,   61077,  1.96,   41174,  2.65,   19903,  1.28
 150,-363.00,   56641,  1.82,   37933,  2.44,   18708,  1.20
 151,-362.00,   53064,  1.70,   34937,  2.24,   18127,  1.16
 152,-361.00,   51521,  1.66,   32744,  2.10,   18777,  1.21
 153,-360.00,   49119,  1.58,   29701,  1.91,   19418,  1.25
 154,-359.00,   45172,  1.45,   25924,  1.67,   19248,  1.24
 155,-358.00,   42505,  1.37,   22537,  1.45,   19968,  1.28
 156,-357.00,   40518,  1.30,   19964,  1.28,   20554,  1.32
 157,-356.00,   36880,  1.18,   17529,  1.13,   19351,  1.24
 158,-355.00,   34928,  1.12,   16353,  1.05,   18575,  1.19
 159,-354.00,   33327,  1.07,   15483,  0.99,   17844,  1.15
 160,-353.00,   31461,  1.01,   13994,  0.90,   17467,  1.12
 161,-352.00,   28491,  0.92,   11330,  0.73,   17161,  1.10
 162,-351.00,   24914,  0.80,    7832,  0.50,   17082,  1.10
 163,-350.00,   22118,  0.71,    6411,  0.41,   15707,  1.01
 164,-349.00,   20794,  0.67,    5998,  0.39,   14796,  0.95
 165,-348.00,   20911,  0.67,    5566,  0.36,   15345,  0.99
 166,-347.00,   19205,  0.62,    4055,  0.26,   15150,  0.97
 167,-346.00,   17086,  0.55,    2212,  0.14,   14874,  0.96
 168,-345.00,   15237,  0.49,     552,  0.04,   14685,  0.94
 169,-344.00,   12816,  0.41,    -858, -0.06,   13674,  0.88
 170,-343.00,   11251,  0.36,    -677, -0.04,   11928,  0.77
 171,-342.00,    8835,  0.28,   -1551, -0.10,   10386,  0.67
 172,-341.00,    6724,  0.22,   -2521, -0.16,    9245,  0.59
 173,-340.00,    5233,  0.17,   -3820, -0.25,    9053,  0.58
 174,-339.00,    2908,  0.09,   -5442, -0.35,    8350,  0.54
 175,-338.00,   -1102, -0.04,   -7254, -0.47,    6152,  0.40
 176,-337.00,   -6366, -0.20,  -10021, -0.64,    3655,  0.23
 177,-336.00,  -10794, -0.35,  -12901, -0.83,    2107,  0.14
 178,-335.00,  -15765, -0.51,  -15490, -1.00,    -275, -0.02
 179,-334.00,  -20193, -0.65,  -18934, -1.22,   -1259, -0.08
 180,-333.00,  -23675, -0.76,  -21867, -1.40,   -1808, -0.12
 181,-332.00,  -26384, -0.85,  -24016, -1.54,   -2368, -0.15
 182,-331.00,  -29472, -0.95,  -26295, -1.69,   -3177, -0.20
 183,-330.00,  -32294, -1.04,  -28133, -1.81,   -4161, -0.27
 184,-329.00,  -36050, -1.16,  -30198, -1.94,   -5852, -0.38
 185,-328.00,  -40849, -1.31,  -33485, -2.15,   -7364, -0.47
 186,-327.00,  -42288, -1.36,  -35114, -2.26,   -7174, -0.46
 187,-326.00,  -41749, -1.34,  -35720, -2.29,   -6029, -0.39
 188,-325.00,  -42763, -1.37,  -36733, -2.36,   -6030, -0.39
 189,-324.00,  -41971, -1.35,  -35832, -2.30,   -6139, -0.39
 190,-323.00,  -40130, -1.29,  -34809, -2.24,   -5321, -0.34
 191,-322.00,  -39410, -1.27,  -34066, -2.19,   -5344, -0.34
 192,-321.00,  -37666, -1.21,  -32521, -2.09,   -5145, -0.33
 193,-320.00,  -32917, -1.06,  -28531, -1.83,   -4386, -0.28
 194,-319.00,  -28610, -0.92,  -24527, -1.58,   -4083, -0.26
 195,-318.00,  -25719, -0.83,  -21377, -1.37,   -4342, -0.28
 196,-317.00,  -23272, -0.75,  -19487, -1.25,   -3785, -0.24
 197,-316.00,  -22304, -0.72,  -18530, -1.19,   -3774, -0.24
 198,-315.00,  -21562, -0.69,  -18247, -1.17,   -3315, -0.21
 199,-314.00,  -19835, -0.64,  -16438, -1.06,   -3397, -0.22
 200,-313.00,  -17060, -0.55,  -13662, -0.88,   -3398, -0.22
 201,-312.00,  -14027, -0.45,  -12253, -0.79,   -1774, -0.11
 202,-311.00,  -11829, -0.38,  -10801, -0.69,   -1028, -0.07
 203,-310.00,  -10566, -0.34,   -9015, -0.58,   -1551, -0.10
 204,-309.00,   -8479, -0.27,   -7211, -0.46,   -1268, -0.08
 205,-308.00,   -8343, -0.27,   -7508, -0.48,    -835, -0.05
 206,-307.00,   -9196, -0.30,   -8571, -0.55,    -625, -0.04
 207,-306.00,  -10445, -0.34,   -8999, -0.58,   -1446, -0.09
 208,-305.00,  -10418, -0.33,   -7628, -0.49,   -2790, -0.18
 209,-304.00,   -8701, -0.28,   -5140, -0.33,   -3561, -0.23
 210,-303.00,   -4941, -0.16,   -2254, -0.14,   -2687, -0.17
 211,-302.00,   -3598, -0.12,    -821, -0.05,   -2777, -0.18
 212,-301.00,   -2949, -0.09,     136,  0.00,   -3085, -0.20
 213,-300.00,   -2407, -0.08,     945,  0.06,   -3352, -0.22
 214,-299.00,   -2385, -0.08,    2150,  0.14,   -4535, -0.29
 215,-298.00,   -2196, -0.07,    3626,  0.23,   -5822, -0.37
 216,-297.00,   -1749, -0.06,    4860,  0.31,   -6609, -0.42
 217,-296.00,    -813, -0.03,    6574,  0.42,   -7387, -0.47
 218,-295.00,     908,  0.03,    8542,  0.55,   -7634, -0.49
 219,-294.00,    2544,  0.08,   10610,  0.68,   -8066, -0.52
 220,-293.00,    4478,  0.14,   12738,  0.82,   -8260, -0.53
 221,-292.00,    6846,  0.22,   14399,  0.93,   -7553, -0.49
 222,-291.00,   10983,  0.35,   17363,  1.12,   -6380, -0.41
 223,-290.00,   16402,  0.53,   21099,  1.36,   -4697, -0.30
 224,-289.00,   21506,  0.69,   24564,  1.58,   -3058, -0.20
 225,-288.00,   25062,  0.81,   26734,  1.72,   -1672, -0.11
 226,-287.00,   27246,  0.88,   28004,  1.80,    -758, -0.05
 227,-286.00,   29239,  0.94,   29459,  1.89,    -220, -0.01
 228,-285.00,   32956,  1.06,   30709,  1.97,    2247,  0.14
 229,-284.00,   35885,  1.15,   31214,  2.01,    4671,  0.30
 230,-283.00,   38014,  1.22,   32720,  2.10,    5294,  0.34
 231,-282.00,   40113,  1.29,   34846,  2.24,    5267,  0.34
 232,-281.00,   41785,  1.34,   35949,  2.31,    5836,  0.37
 233,-280.00,   43024,  1.38,   36761,  2.36,    6263,  0.40
 234,-279.00,   42251,  1.36,   35657,  2.29,    6594,  0.42
 235,-278.00,   42025,  1.35,   34568,  2.22,    7457,  0.48
 236,-277.00,   41683,  1.34,   33952,  2.18,    7731,  0.50
 237,-276.00,   38318,  1.23,   31473,  2.02,    6845,  0.44
 238,-275.00,   34738,  1.12,   29209,  1.88,    5529,  0.36
 239,-274.00,   31787,  1.02,   27424,  1.76,    4363,  0.28
 240,-273.00,   31126,  1.00,   26844,  1.72,    4282,  0.28
 241,-272.00,   30185,  0.97,   25857,  1.66,    4328,  0.28
 242,-271.00,   27734,  0.89,   25312,  1.63,    2422,  0.16
 243,-270.00,   25551,  0.82,   25476,  1.64,      75,  0.00
 244,-269.00,   24326,  0.78,   25516,  1.64,   -1190, -0.08
 245,-268.00,   24016,  0.77,   26487,  1.70,   -2471, -0.16
 246,-267.00,   22257,  0.72,   25766,  1.66,   -3509, -0.23
 247,-266.00,   20097,  0.65,   23184,  1.49,   -3087, -0.20
 248,-265.00,   19164,  0.62,   21139,  1.36,   -1975, -0.13
 249,-264.00,   19613,  0.63,   21310,  1.37,   -1697, -0.11
 250,-263.00,   19478,  0.63,   21644,  1.39,   -2166, -0.14
 251,-262.00,   18230,  0.59,   21757,  1.40,   -3527, -0.23
 252,-261.00,   19396,  0.62,   22545,  1.45,   -3149, -0.20
 253,-260.00,   18698,  0.60,   21442,  1.38,   -2744, -0.18
 254,-259.00,   16110,  0.52,   18704,  1.20,   -2594, -0.17
 255,-258.00,   15074,  0.48,   16525,  1.06,   -1451, -0.09
 256,-257.00,   13392,  0.43,   13853,  0.89,    -461, -0.03
 257,-256.00,   10883,  0.35,   10902,  0.70,     -19, -0.00
 258,-255.00,    8035,  0.26,    7634,  0.49,     401,  0.03
 259,-254.00,    5023,  0.16,    4454,  0.29,     569,  0.04
 260,-253.00,    3157,  0.10,    1554,  0.10,    1603,  0.10
 261,-252.00,    1359,  0.04,   -1771, -0.11,    3130,  0.20
 262,-251.00,   -1338, -0.04,   -6096, -0.39,    4758,  0.31
 263,-250.00,   -3980, -0.13,   -9541, -0.61,    5561,  0.36
 264,-249.00,   -7521, -0.24,  -12450, -0.80,    4929,  0.32
 265,-248.00,  -10125, -0.33,  -15214, -0.98,    5089,  0.33
 266,-247.00,  -14224, -0.46,  -19033, -1.22,    4809,  0.31
 267,-246.00,  -17023, -0.55,  -22694, -1.46,    5671,  0.36
 268,-245.00,  -19526, -0.63,  -25984, -1.67,    6458,  0.41
 269,-244.00,  -22790, -0.73,  -29704, -1.91,    6914,  0.44
 270,-243.00,  -23764, -0.76,  -31985, -2.06,    8221,  0.53
 271,-242.00,  -24969, -0.80,  -34632, -2.23,    9663,  0.62
 272,-241.00,  -26534, -0.85,  -37765, -2.43,   11231,  0.72
 273,-240.00,  -26758, -0.86,  -39779, -2.56,   13021,  0.84
 274,-239.00,  -25603, -0.82,  -39872, -2.56,   14269,  0.92
 275,-238.00,  -27716, -0.89,  -41532, -2.67,   13816,  0.89
 276,-237.00,  -31136, -1.00,  -44571, -2.86,   13435,  0.86
 277,-236.00,  -34409, -1.11,  -48128, -3.09,   13719,  0.88
 278,-235.00,  -36684, -1.18,  -51039, -3.28,   14355,  0.92
 279,-234.00,  -38753, -1.24,  -53707, -3.45,   14954,  0.96
 280,-233.00,  -39992, -1.28,  -55381, -3.56,   15389,  0.99
 281,-232.00,  -40989, -1.32,  -56443, -3.63,   15454,  0.99
 282,-231.00,  -41598, -1.34,  -57267, -3.68,   15669,  1.01
 283,-230.00,  -42411, -1.36,  -58249, -3.74,   15838,  1.02
 284,-229.00,  -43226, -1.39,  -59139, -3.80,   15913,  1.02
 285,-228.00,  -45631, -1.47,  -60287, -3.87,   14656,  0.94
 286,-227.00,  -47236, -1.52,  -61545, -3.95,   14309,  0.92
 287,-226.00,  -48700, -1.56,  -63920, -4.11,   15220,  0.98
 288,-225.00,  -51253, -1.65,  -67232, -4.32,   15979,  1.03
 289,-224.00,  -53231, -1.71,  -69029, -4.44,   15798,  1.02
 290,-223.00,  -56328, -1.81,  -70757, -4.55,   14429,  0.93
 291,-222.00,  -59243, -1.90,  -72929, -4.69,   13686,  0.88
 292,-221.00,  -61872, -1.99,  -74891, -4.81,   13019,  0.84
 293,-220.00,  -63928, -2.05,  -76168, -4.89,   12240,  0.79
 294,-219.00,  -66206, -2.13,  -78378, -5.04,   12172,  0.78
 295,-218.00,  -67901, -2.18,  -79919, -5.13,   12018,  0.77
 296,-217.00,  -69365, -2.23,  -81847, -5.26,   12482,  0.80
 297,-216.00,  -68987, -2.22,  -83336, -5.35,   14349,  0.92
 298,-215.00,  -68157, -2.19,  -82974, -5.33,   14817,  0.95
 299,-214.00,  -68550, -2.20,  -83252, -5.35,   14702,  0.94
 300,-213.00,  -69652, -2.24,  -83613, -5.37,   13961,  0.90
 301,-212.00,  -69700, -2.24,  -82431, -5.30,   12731,  0.82
 302,-211.00,  -68832, -2.21,  -81261, -5.22,   12429,  0.80
 303,-210.00,  -66798, -2.15,  -80589, -5.18,   13791,  0.89
 304,-209.00,  -63402, -2.04,  -78975, -5.07,   15573,  1.00
 305,-208.00,  -60133, -1.93,  -76484, -4.91,   16351,  1.05
 306,-207.00,  -58082, -1.87,  -73804, -4.74,   15722,  1.01
 307,-206.00,  -56171, -1.80,  -70920, -4.56,   14749,  0.95
 308,-205.00,  -54546, -1.75,  -68628, -4.41,   14082,  0.90
 309,-204.00,  -53134, -1.71,  -65910, -4.23,   12776,  0.82
 310,-203.00,  -53011, -1.70,  -63710, -4.09,   10699,  0.69
 311,-202.00,  -53728, -1.73,  -62305, -4.00,    8577,  0.55
 312,-201.00,  -52731, -1.69,  -60191, -3.87,    7460,  0.48
 313,-200.00,  -49169, -1.58,  -56405, -3.62,    7236,  0.46
 314,-199.00,  -47252, -1.52,  -53982, -3.47,    6730,  0.43
 315,-198.00,  -46446, -1.49,  -51699, -3.32,    5253,  0.34
 316,-197.00,  -47679, -1.53,  -51313, -3.30,    3634,  0.23
 317,-196.00,  -50302, -1.62,  -52230, -3.36,    1928,  0.12
 318,-195.00,  -52628, -1.69,  -53154, -3.42,     526,  0.03
 319,-194.00,  -53833, -1.73,  -53417, -3.43,    -416, -0.03
 320,-193.00,  -53245, -1.71,  -52481, -3.37,    -764, -0.05
 321,-192.00,  -51216, -1.65,  -50716, -3.26,    -500, -0.03
 322,-191.00,  -50623, -1.63,  -49181, -3.16,   -1442, -0.09
 323,-190.00,  -51204, -1.64,  -49325, -3.17,   -1879, -0.12
 324,-189.00,  -49308, -1.58,  -48580, -3.12,    -728, -0.05
 325,-188.00,  -47961, -1.54,  -47877, -3.08,     -84, -0.00
 326,-187.00,  -45413, -1.46,  -46881, -3.01,    1468,  0.09
 327,-186.00,  -43702, -1.40,  -45981, -2.95,    2279,  0.15
 328,-185.00,  -43917, -1.41,  -44916, -2.89,     999,  0.06
 329,-184.00,  -42733, -1.37,  -43381, -2.79,     648,  0.04
 330,-183.00,  -40587, -1.30,  -41747, -2.68,    1160,  0.07
 331,-182.00,  -38810, -1.25,  -40356, -2.59,    1546,  0.10
 332,-181.00,  -34781, -1.12,  -37652, -2.42,    2871,  0.18
 333,-180.00,  -32783, -1.05,  -36755, -2.36,    3972,  0.26
 334,-179.00,  -30198, -0.97,  -36076, -2.32,    5878,  0.38
 335,-178.00,  -28536, -0.92,  -35414, -2.28,    6878,  0.44
 336,-177.00,  -28198, -0.91,  -33702, -2.17,    5504,  0.35
 337,-176.00,  -28019, -0.90,  -32201, -2.07,    4182,  0.27
 338,-175.00,  -26590, -0.85,  -30622, -1.97,    4032,  0.26
 339,-174.00,  -24955, -0.80,  -28875, -1.86,    3920,  0.25
 340,-173.00,  -22889, -0.74,  -25547, -1.64,    2658,  0.17
 341,-172.00,  -18009, -0.58,  -20774, -1.33,    2765,  0.18
 342,-171.00,  -13204, -0.42,  -16335, -1.05,    3131,  0.20
 343,-170.00,   -9707, -0.31,  -13135, -0.84,    3428,  0.22
 344,-169.00,   -6628, -0.21,  -11753, -0.76,    5125,  0.33
 345,-168.00,   -6335, -0.20,  -11427, -0.73,    5092,  0.33
 346,-167.00,   -7267, -0.23,  -10365, -0.67,    3098,  0.20
 347,-166.00,   -8739, -0.28,   -9767, -0.63,    1028,  0.07
 348,-165.00,   -9842, -0.32,   -9119, -0.59,    -723, -0.05
 349,-164.00,  -10756, -0.35,   -8203, -0.53,   -2553, -0.16
 350,-163.00,  -10841, -0.35,   -6602, -0.42,   -4239, -0.27
 351,-162.00,  -10131, -0.33,   -5040, -0.32,   -5091, -0.33
 352,-161.00,  -11059, -0.36,   -5213, -0.33,   -5846, -0.38
 353,-160.00,  -13245, -0.43,   -6854, -0.44,   -6391, -0.41
 354,-159.00,  -16269, -0.52,   -9070, -0.58,   -7199, -0.46
 355,-158.00,  -19105, -0.61,  -10822, -0.70,   -8283, -0.53
 356,-157.00,  -22754, -0.73,  -13191, -0.85,   -9563, -0.61
 357,-156.00,  -25252, -0.81,  -15191, -0.98,  -10061, -0.65
 358,-155.00,  -28322, -0.91,  -17640, -1.13,  -10682, -0.69
 359,-154.00,  -32057, -1.03,  -20338, -1.31,  -11719, -0.75
 360,-153.00,  -36000, -1.16,  -22974, -1.48,  -13026, -0.84
 361,-152.00,  -41195, -1.32,  -26569, -1.71,  -14626, -0.94
 362,-151.00,  -47461, -1.52,  -30679, -1.97,  -16782, -1.08
 363,-150.00,  -54348, -1.75,  -34654, -2.23,  -19694, -1.27
 364,-149.00,  -60193, -1.93,  -36777, -2.36,  -23416, -1.50
 365,-148.00,  -65014, -2.09,  -38904, -2.50,  -26110, -1.68
 366,-147.00,  -68597, -2.20,  -39973, -2.57,  -28624, -1.84
 367,-146.00,  -72267, -2.32,  -41603, -2.67,  -30664, -1.97
 368,-145.00,  -76537, -2.46,  -43996, -2.83,  -32541, -2.09
 369,-144.00,  -78001, -2.51,  -45128, -2.90,  -32873, -2.11
 370,-143.00,  -78245, -2.51,  -46739, -3.00,  -31506, -2.02
 371,-142.00,  -80361, -2.58,  -48446, -3.11,  -31915, -2.05
 372,-141.00,  -82934, -2.66,  -50517, -3.25,  -32417, -2.08
 373,-140.00,  -85731, -2.75,  -53440, -3.43,  -32291, -2.07
 374,-139.00,  -89213, -2.87,  -56925, -3.66,  -32288, -2.07
 375,-138.00,  -94057, -3.02,  -61377, -3.94,  -32680, -2.10
 376,-137.00,  -98538, -3.17,  -65287, -4.19,  -33251, -2.14
 377,-136.00,  -98811, -3.17,  -67283, -4.32,  -31528, -2.03
 378,-135.00,  -98563, -3.17,  -68466, -4.40,  -30097, -1.93
 379,-134.00,  -98918, -3.18,  -70156, -4.51,  -28762, -1.85
 380,-133.00, -100395, -3.23,  -73681, -4.73,  -26714, -1.72
 381,-132.00, -102981, -3.31,  -77717, -4.99,  -25264, -1.62
 382,-131.00, -105813, -3.40,  -80794, -5.19,  -25019, -1.61
 383,-130.00, -108725, -3.49,  -83285, -5.35,  -25440, -1.63
 384,-129.00, -112239, -3.61,  -85419, -5.49,  -26820, -1.72
 385,-128.00, -115375, -3.71,  -86858, -5.58,  -28517, -1.83
 386,-127.00, -116143, -3.73,  -87999, -5.65,  -28144, -1.81
 387,-126.00, -115340, -3.71,  -88069, -5.66,  -27271, -1.75
 388,-125.00, -115730, -3.72,  -88276, -5.67,  -27454, -1.76
 389,-124.00, -116242, -3.73,  -88889, -5.71,  -27353, -1.76
 390,-123.00, -116772, -3.75,  -88633, -5.69,  -28139, -1.81
 391,-122.00, -116871, -3.75,  -87952, -5.65,  -28919, -1.86
 392,-121.00, -115859, -3.72,  -87133, -5.60,  -28726, -1.85
 393,-120.00, -113012, -3.63,  -85377, -5.49,  -27635, -1.78
 394,-119.00, -111036, -3.57,  -84300, -5.42,  -26736, -1.72
 395,-118.00, -109147, -3.51,  -83285, -5.35,  -25862, -1.66
 396,-117.00, -107949, -3.47,  -83084, -5.34,  -24865, -1.60
 397,-116.00, -105304, -3.38,  -81752, -5.25,  -23552, -1.51
 398,-115.00, -103001, -3.31,  -80698, -5.18,  -22303, -1.43
 399,-114.00, -101328, -3.26,  -79855, -5.13,  -21473, -1.38
 400,-113.00,  -99446, -3.19,  -78984, -5.07,  -20462, -1.31
 401,-112.00,  -98184, -3.15,  -77961, -5.01,  -20223, -1.30
 402,-111.00,  -96310, -3.09,  -76171, -4.89,  -20139, -1.29
 403,-110.00,  -93966, -3.02,  -73804, -4.74,  -20162, -1.30
 404,-109.00,  -91063, -2.93,  -71770, -4.61,  -19293, -1.24
 405,-108.00,  -89744, -2.88,  -70531, -4.53,  -19213, -1.23
 406,-107.00,  -89490, -2.87,  -69230, -4.45,  -20260, -1.30
 407,-106.00,  -87657, -2.82,  -66776, -4.29,  -20881, -1.34
 408,-105.00,  -85510, -2.75,  -63938, -4.11,  -21572, -1.39
 409,-104.00,  -84689, -2.72,  -61049, -3.92,  -23640, -1.52
 410,-103.00,  -85319, -2.74,  -59344, -3.81,  -25975, -1.67
 411,-102.00,  -87026, -2.80,  -57741, -3.71,  -29285, -1.88
 412,-101.00,  -88930, -2.86,  -55382, -3.56,  -33548, -2.16
 413,-100.00,  -88227, -2.83,  -53038, -3.41,  -35189, -2.26
 414,-99.00,  -89012, -2.86,  -52547, -3.38,  -36465, -2.34
 415,-98.00,  -90601, -2.91,  -52471, -3.37,  -38130, -2.45
 416,-97.00,  -90071, -2.89,  -51538, -3.31,  -38533, -2.48
 417,-96.00,  -88881, -2.86,  -49955, -3.21,  -38926, -2.50
 418,-95.00,  -87228, -2.80,  -47089, -3.03,  -40139, -2.58
 419,-94.00,  -83931, -2.70,  -44103, -2.83,  -39828, -2.56
 420,-93.00,  -79498, -2.55,  -40949, -2.63,  -38549, -2.48
 421,-92.00,  -73128, -2.35,  -38582, -2.48,  -34546, -2.22
 422,-91.00,  -65219, -2.10,  -35847, -2.30,  -29372, -1.89
 423,-90.00,  -59240, -1.90,  -32794, -2.11,  -26446, -1.70
 424,-89.00,  -54135, -1.74,  -28287, -1.82,  -25848, -1.66
 425,-88.00,  -47934, -1.54,  -22710, -1.46,  -25224, -1.62
 426,-87.00,  -41053, -1.32,  -15987, -1.03,  -25066, -1.61
 427,-86.00,  -33879, -1.09,   -8743, -0.56,  -25136, -1.61
 428,-85.00,  -25279, -0.81,   -1553, -0.10,  -23726, -1.52
 429,-84.00,  -17726, -0.57,    3552,  0.23,  -21278, -1.37
 430,-83.00,  -11524, -0.37,    7675,  0.49,  -19199, -1.23
 431,-82.00,   -4604, -0.15,   12568,  0.81,  -17172, -1.10
 432,-81.00,    1590,  0.05,   16902,  1.09,  -15312, -0.98
 433,-80.00,    5867,  0.19,   20521,  1.32,  -14654, -0.94
 434,-79.00,    7969,  0.26,   23883,  1.53,  -15914, -1.02
 435,-78.00,    8378,  0.27,   25329,  1.63,  -16951, -1.09
 436,-77.00,   10006,  0.32,   26075,  1.68,  -16069, -1.03
 437,-76.00,    9431,  0.30,   25066,  1.61,  -15635, -1.00
 438,-75.00,   10289,  0.33,   24749,  1.59,  -14460, -0.93
 439,-74.00,   11706,  0.38,   24924,  1.60,  -13218, -0.85
 440,-73.00,   13602,  0.44,   26037,  1.67,  -12435, -0.80
 441,-72.00,   15177,  0.49,   26480,  1.70,  -11303, -0.73
 442,-71.00,   16913,  0.54,   26214,  1.68,   -9301, -0.60
 443,-70.00,   20052,  0.64,   26277,  1.69,   -6225, -0.40
 444,-69.00,   22579,  0.73,   25850,  1.66,   -3271, -0.21
 445,-68.00,   24335,  0.78,   26419,  1.70,   -2084, -0.13
 446,-67.00,   26435,  0.85,   27054,  1.74,    -619, -0.04
 447,-66.00,   29118,  0.94,   27296,  1.75,    1822,  0.12
 448,-65.00,   31092,  1.00,   27372,  1.76,    3720,  0.24
 449,-64.00,   33127,  1.06,   27689,  1.78,    5438,  0.35
 450,-63.00,   34674,  1.11,   28922,  1.86,    5752,  0.37
 451,-62.00,   34853,  1.12,   29336,  1.88,    5517,  0.35
 452,-61.00,   33914,  1.09,   29394,  1.89,    4520,  0.29
 453,-60.00,   32448,  1.04,   28576,  1.84,    3872,  0.25
 454,-59.00,   31724,  1.02,   28828,  1.85,    2896,  0.19
 455,-58.00,   31843,  1.02,   29007,  1.86,    2836,  0.18
 456,-57.00,   31871,  1.02,   28502,  1.83,    3369,  0.22
 457,-56.00,   30461,  0.98,   27171,  1.75,    3290,  0.21
 458,-55.00,   28426,  0.91,   24338,  1.56,    4088,  0.26
 459,-54.00,   28007,  0.90,   22462,  1.44,    5545,  0.36
 460,-53.00,   27725,  0.89,   20441,  1.31,    7284,  0.47
 461,-52.00,   27356,  0.88,   17981,  1.16,    9375,  0.60
 462,-51.00,   26185,  0.84,   15263,  0.98,   10922,  0.70
 463,-50.00,   23958,  0.77,   12525,  0.80,   11433,  0.73
 464,-49.00,   20066,  0.64,    9461,  0.61,   10605,  0.68
 465,-48.00,   16605,  0.53,    6568,  0.42,   10037,  0.64
 466,-47.00,   13306,  0.43,    3985,  0.26,    9321,  0.60
 467,-46.00,   11068,  0.36,    2799,  0.18,    8269,  0.53
 468,-45.00,    8157,  0.26,    1547,  0.10,    6610,  0.42
 469,-44.00,    5174,  0.17,    -479, -0.03,    5653,  0.36
 470,-43.00,    2566,  0.08,   -2671, -0.17,    5237,  0.34
 471,-42.00,     914,  0.03,   -4409, -0.28,    5323,  0.34
 472,-41.00,    -781, -0.03,   -5369, -0.34,    4588,  0.29
 473,-40.00,   -3330, -0.11,   -6696, -0.43,    3366,  0.22
 474,-39.00,   -3833, -0.12,   -6143, -0.39,    2310,  0.15
 475,-38.00,   -5315, -0.17,   -6150, -0.40,     835,  0.05
 476,-37.00,   -8276, -0.27,   -6768, -0.43,   -1508, -0.10
 477,-36.00,  -12356, -0.40,   -8621, -0.55,   -3735, -0.24
 478,-35.00,  -17106, -0.55,  -11421, -0.73,   -5685, -0.37
 479,-34.00,  -21563, -0.69,  -14726, -0.95,   -6837, -0.44
 480,-33.00,  -24809, -0.80,  -18321, -1.18,   -6488, -0.42
 481,-32.00,  -27156, -0.87,  -21539, -1.38,   -5617, -0.36
 482,-31.00,  -30921, -0.99,  -24911, -1.60,   -6010, -0.39
 483,-30.00,  -36288, -1.17,  -28430, -1.83,   -7858, -0.50
 484,-29.00,  -40311, -1.29,  -31413, -2.02,   -8898, -0.57
 485,-28.00,  -43768, -1.41,  -34270, -2.20,   -9498, -0.61
 486,-27.00,  -46144, -1.48,  -35568, -2.29,  -10576, -0.68
 487,-26.00,  -49174, -1.58,  -37340, -2.40,  -11834, -0.76
 488,-25.00,  -53249, -1.71,  -40292, -2.59,  -12957, -0.83
 489,-24.00,  -58696, -1.89,  -43018, -2.76,  -15678, -1.01
 490,-23.00,  -63986, -2.06,  -45861, -2.95,  -18125, -1.16
 491,-22.00,  -67331, -2.16,  -48645, -3.13,  -18686, -1.20
 492,-21.00,  -70329, -2.26,  -51197, -3.29,  -19132, -1.23
 493,-20.00,  -72828, -2.34,  -52785, -3.39,  -20043, -1.29
 494,-19.00,  -73340, -2.36,  -53258, -3.42,  -20082, -1.29
 495,-18.00,  -72952, -2.34,  -53253, -3.42,  -19699, -1.27
 496,-17.00,  -73277, -2.35,  -54373, -3.49,  -18904, -1.21
 497,-16.00,  -73184, -2.35,  -54822, -3.52,  -18362, -1.18
 498,-15.00,  -70639, -2.27,  -53567, -3.44,  -17072, -1.10
 499,-14.00,  -68069, -2.19,  -52693, -3.39,  -15376, -0.99
 500,-13.00,  -67110, -2.16,  -52256, -3.36,  -14854, -0.95
 501,-12.00,  -65269, -2.10,  -51772, -3.33,  -13497, -0.87
 502,-11.00,  -63370, -2.04,  -51390, -3.30,  -11980, -0.77
 503,-10.00,  -63026, -2.02,  -51247, -3.29,  -11779, -0.76
 504,-9.00,  -61271, -1.97,  -49921, -3.21,  -11350, -0.73
 505,-8.00,  -58709, -1.89,  -48555, -3.12,  -10154, -0.65
 506,-7.00,  -56877, -1.83,  -47479, -3.05,   -9398, -0.60
 507,-6.00,  -55889, -1.80,  -45987, -2.95,   -9902, -0.64
 508,-5.00,  -55518, -1.78,  -44663, -2.87,  -10855, -0.70
 509,-4.00,  -55181, -1.77,  -43395, -2.79,  -11786, -0.76
 510,-3.00,  -54712, -1.76,  -41857, -2.69,  -12855, -0.83
 511,-2.00,  -54798, -1.76,  -39991, -2.57,  -14807, -0.95
 512,-1.00,  -53590, -1.72,  -37229, -2.39,  -16361, -1.05
 513,0.00,  -51239, -1.65,  -33187, -2.13,  -18052, -1.16
 514,1.00,  -47487, -1.53,  -29227, -1.88,  -18260, -1.17
 515,2.00,  -45462, -1.46,  -26222, -1.68,  -19240, -1.24
 516,3.00,  -44168, -1.42,  -22831, -1.47,  -21337, -1.37
 517,4.00,  -40871, -1.31,  -18364, -1.18,  -22507, -1.45
 518,5.00,  -37715, -1.21,  -14914, -0.96,  -22801, -1.46
 519,6.00,  -34317, -1.10,  -11187, -0.72,  -23130, -1.49
 520,7.00,  -32823, -1.05,   -8678, -0.56,  -24145, -1.55
 521,8.00,  -31507, -1.01,   -6289, -0.40,  -25218, -1.62
 522,9.00,  -29730, -0.96,   -3534, -0.23,  -26196, -1.68
 523,10.00,  -28395, -0.91,   -1682, -0.11,  -26713, -1.72
 524,11.00,  -27400, -0.88,    -117, -0.00,  -27283, -1.75
 525,12.00,  -26164, -0.84,    1406,  0.09,  -27570, -1.77
 526,13.00,  -23272, -0.75,    3877,  0.25,  -27149, -1.74
 527,14.00,  -20397, -0.66,    7478,  0.48,  -27875, -1.79
 528,15.00,  -18648, -0.60,   10805,  0.69,  -29453, -1.89
 529,16.00,  -17506, -0.56,   13540,  0.87,  -31046, -1.99
 530,17.00,  -16199, -0.52,   16036,  1.03,  -32235, -2.07
 531,18.00,  -14574, -0.47,   17968,  1.15,  -32542, -2.09
 532,19.00,  -13292, -0.43,   19496,  1.25,  -32788, -2.11
 533,20.00,  -12893, -0.41,   20901,  1.34,  -33794, -2.17
 534,21.00,  -12784, -0.41,   21811,  1.40,  -34595, -2.22
 535,22.00,  -13561, -0.44,   22555,  1.45,  -36116, -2.32
 536,23.00,  -13450, -0.43,   23766,  1.53,  -37216, -2.39
 537,24.00,  -12899, -0.41,   24824,  1.59,  -37723, -2.42
 538,25.00,  -14416, -0.46,   24316,  1.56,  -38732, -2.49
 539,26.00,  -15212, -0.49,   24413,  1.57,  -39625, -2.55
 540,27.00,  -16492, -0.53,   24242,  1.56,  -40734, -2.62
 541,28.00,  -16343, -0.53,   24800,  1.59,  -41143, -2.64
 542,29.00,  -16497, -0.53,   24976,  1.60,  -41473, -2.66
 543,30.00,  -15436, -0.50,   25793,  1.66,  -41229, -2.65
 544,31.00,  -14744, -0.47,   25910,  1.66,  -40654, -2.61
 545,32.00,  -15267, -0.49,   25935,  1.67,  -41202, -2.65
 546,33.00,  -15400, -0.49,   25780,  1.66,  -41180, -2.65
 547,34.00,  -16177, -0.52,   25260,  1.62,  -41437, -2.66
 548,35.00,  -16246, -0.52,   25093,  1.61,  -41339, -2.66
 549,36.00,  -16176, -0.52,   24223,  1.56,  -40399, -2.60
 550,37.00,  -15930, -0.51,   23308,  1.50,  -39238, -2.52
 551,38.00,  -15747, -0.51,   22756,  1.46,  -38503, -2.47
 552,39.00,  -14134, -0.45,   23565,  1.51,  -37699, -2.42
 553,40.00,  -12150, -0.39,   24878,  1.60,  -37028, -2.38
 554,41.00,  -10948, -0.35,   25151,  1.62,  -36099, -2.32
 555,42.00,   -9681, -0.31,   25201,  1.62,  -34882, -2.24
 556,43.00,   -9476, -0.30,   24597,  1.58,  -34073, -2.19
 557,44.00,   -8947, -0.29,   24759,  1.59,  -33706, -2.17
 558,45.00,   -9777, -0.31,   24828,  1.60,  -34605, -2.22
 559,46.00,  -12469, -0.40,   24172,  1.55,  -36641, -2.35
 560,47.00,  -15031, -0.48,   22734,  1.46,  -37765, -2.43
 561,48.00,  -15903, -0.51,   22136,  1.42,  -38039, -2.44
 562,49.00,  -15157, -0.49,   22413,  1.44,  -37570, -2.41
 563,50.00,  -14220, -0.46,   22573,  1.45,  -36793, -2.36
 564,51.00,  -14963, -0.48,   22319,  1.43,  -37282, -2.40
 565,52.00,  -17810, -0.57,   20833,  1.34,  -38643, -2.48
 566,53.00,  -20446, -0.66,   19676,  1.26,  -40122, -2.58
 567,54.00,  -21274, -0.68,   20256,  1.30,  -41530, -2.67
 568,55.00,  -21766, -0.70,   21297,  1.37,  -43063, -2.77
 569,56.00,  -21697, -0.70,   22751,  1.46,  -44448, -2.86
 570,57.00,  -19323, -0.62,   24930,  1.60,  -44253, -2.84
 571,58.00,  -16786, -0.54,   25437,  1.63,  -42223, -2.71
 572,59.00,  -13517, -0.43,   25650,  1.65,  -39167, -2.52
 573,60.00,  -11744, -0.38,   26116,  1.68,  -37860, -2.43
 574,61.00,  -10236, -0.33,   26500,  1.70,  -36736, -2.36
 575,62.00,   -6358, -0.20,   27520,  1.77,  -33878, -2.18
 576,63.00,   -2034, -0.07,   29589,  1.90,  -31623, -2.03
 577,64.00,    -277, -0.00,   30358,  1.95,  -30635, -1.97
 578,65.00,    1291,  0.04,   30643,  1.97,  -29352, -1.89
 579,66.00,    2944,  0.09,   30155,  1.94,  -27211, -1.75
 580,67.00,    3918,  0.13,   28778,  1.85,  -24860, -1.60
 581,68.00,    4134,  0.13,   27110,  1.74,  -22976, -1.48
 582,69.00,    3372,  0.11,   25807,  1.66,  -22435, -1.44
 583,70.00,    2089,  0.07,   23644,  1.52,  -21555, -1.38
 584,71.00,     677,  0.02,   20494,  1.32,  -19817, -1.27
 585,72.00,      67,  0.00,   17829,  1.15,  -17762, -1.14
 586,73.00,    -568, -0.02,   15624,  1.00,  -16192, -1.04
 587,74.00,    -848, -0.03,   13666,  0.88,  -14514, -0.93
 588,75.00,     579,  0.02,   12982,  0.83,  -12403, -0.80
 589,76.00,    2926,  0.09,   12794,  0.82,   -9868, -0.63
 590,77.00,    4291,  0.14,   11589,  0.74,   -7298, -0.47
 591,78.00,    4875,  0.16,    9518,  0.61,   -4643, -0.30
 592,79.00,    5550,  0.18,    8124,  0.52,   -2574, -0.17
 593,80.00,    5139,  0.17,    6633,  0.43,   -1494, -0.10
 594,81.00,    5695,  0.18,    6273,  0.40,    -578, -0.04
 595,82.00,    5743,  0.18,    5404,  0.35,     339,  0.02
 596,83.00,    4990,  0.16,    3242,  0.21,    1748,  0.11
 597,84.00,    3591,  0.12,     414,  0.03,    3177,  0.20
 598,85.00,    1757,  0.06,   -2555, -0.16,    4312,  0.28
 599,86.00,     285,  0.00,   -5471, -0.35,    5756,  0.37
 600,87.00,     382,  0.01,   -6884, -0.44,    7266,  0.47
 601,88.00,   -1258, -0.04,   -9171, -0.59,    7913,  0.51
 602,89.00,   -3656, -0.12,  -10679, -0.69,    7023,  0.45
 603,90.00,   -6177, -0.20,  -12621, -0.81,    6444,  0.41
 604,91.00,   -9748, -0.31,  -15815, -1.02,    6067,  0.39
 605,92.00,  -12657, -0.41,  -18113, -1.16,    5456,  0.35
 606,93.00,  -15380, -0.49,  -19448, -1.25,    4068,  0.26
 607,94.00,  -18283, -0.59,  -21279, -1.37,    2996,  0.19
 608,95.00,  -21244, -0.68,  -22720, -1.46,    1476,  0.09
 609,96.00,  -25270, -0.81,  -25173, -1.62,     -97, -0.00
 610,97.00,  -29394, -0.94,  -27873, -1.79,   -1521, -0.10
 611,98.00,  -32958, -1.06,  -30177, -1.94,   -2781, -0.18
 612,99.00,  -35992, -1.16,  -31757, -2.04,   -4235, -0.27
 613,100.00,  -37204, -1.20,  -32456, -2.09,   -4748, -0.31
 614,101.00,  -39125, -1.26,  -32634, -2.10,   -6491, -0.42
 615,102.00,  -41036, -1.32,  -33050, -2.12,   -7986, -0.51
 616,103.00,  -42300, -1.36,  -33114, -2.13,   -9186, -0.59
 617,104.00,  -46331, -1.49,  -34607, -2.22,  -11724, -0.75
 618,105.00,  -50582, -1.62,  -36642, -2.35,  -13940, -0.90
 619,106.00,  -54611, -1.75,  -38828, -2.49,  -15783, -1.01
 620,107.00,  -59376, -1.91,  -41588, -2.67,  -17788, -1.14
 621,108.00,  -63826, -2.05,  -44090, -2.83,  -19736, -1.27
 622,109.00,  -67731, -2.18,  -45244, -2.91,  -22487, -1.44
 623,110.00,  -70102, -2.25,  -44969, -2.89,  -25133, -1.61
 624,111.00,  -71722, -2.30,  -44221, -2.84,  -27501, -1.77
 625,112.00,  -71965, -2.31,  -43413, -2.79,  -28552, -1.83
 626,113.00,  -72903, -2.34,  -43487, -2.79,  -29416, -1.89
 627,114.00,  -73968, -2.38,  -43526, -2.80,  -30442, -1.96
 628,115.00,  -75041, -2.41,  -42833, -2.75,  -32208, -2.07
 629,116.00,  -77054, -2.48,  -42135, -2.71,  -34919, -2.24
 630,117.00,  -79116, -2.54,  -41493, -2.67,  -37623, -2.42
 631,118.00,  -82342, -2.65,  -41395, -2.66,  -40947, -2.63
 632,119.00,  -84437, -2.71,  -40526, -2.60,  -43911, -2.82
 633,120.00,  -85462, -2.75,  -39837, -2.56,  -45625, -2.93
 634,121.00,  -86047, -2.76,  -39889, -2.56,  -46158, -2.97
 635,122.00,  -88382, -2.84,  -41302, -2.65,  -47080, -3.02
 636,123.00,  -91018, -2.92,  -43174, -2.77,  -47844, -3.07
 637,124.00,  -92612, -2.98,  -44100, -2.83,  -48512, -3.12
 638,125.00,  -94089, -3.02,  -44140, -2.84,  -49949, -3.21
 639,126.00,  -94278, -3.03,  -43275, -2.78,  -51003, -3.28
 640,127.00,  -92566, -2.97,  -41967, -2.70,  -50599, -3.25
 641,128.00,  -92798, -2.98,  -41777, -2.68,  -51021, -3.28
 642,129.00,  -93414, -3.00,  -42349, -2.72,  -51065, -3.28
 643,130.00,  -93984, -3.02,  -41937, -2.69,  -52047, -3.34
 644,131.00,  -94985, -3.05,  -40713, -2.62,  -54272, -3.49
 645,132.00,  -93904, -3.02,  -39044, -2.51,  -54860, -3.52
 646,133.00,  -92136, -2.96,  -36913, -2.37,  -55223, -3.55
 647,134.00,  -90707, -2.91,  -34691, -2.23,  -56016, -3.60
 648,135.00,  -90435, -2.91,  -32134, -2.06,  -58301, -3.75
 649,136.00,  -90380, -2.90,  -29211, -1.88,  -61169, -3.93
 650,137.00,  -89833, -2.89,  -26351, -1.69,  -63482, -4.08
 651,138.00,  -89822, -2.89,  -24447, -1.57,  -65375, -4.20
 652,139.00,  -89506, -2.88,  -22412, -1.44,  -67094, -4.31
 653,140.00,  -88650, -2.85,  -20298, -1.30,  -68352, -4.39
 654,141.00,  -86593, -2.78,  -17677, -1.14,  -68916, -4.43
 655,142.00,  -85352, -2.74,  -15801, -1.02,  -69551, -4.47
 656,143.00,  -83563, -2.68,  -13245, -0.85,  -70318, -4.52
 657,144.00,  -82354, -2.65,  -11359, -0.73,  -70995, -4.56
 658,145.00,  -81484, -2.62,   -9786, -0.63,  -71698, -4.61
 659,146.00,  -79317, -2.55,   -7240, -0.47,  -72077, -4.63
 660,147.00,  -76691, -2.46,   -4543, -0.29,  -72148, -4.64
 661,148.00,  -74831, -2.40,   -2190, -0.14,  -72641, -4.67
 662,149.00,  -74805, -2.40,    -990, -0.06,  -73815, -4.74
 663,150.00,  -73705, -2.37,    -219, -0.01,  -73486, -4.72
 664,151.00,  -73429, -2.36,     698,  0.04,  -74127, -4.76
 665,152.00,  -73008, -2.35,    1847,  0.12,  -74855, -4.81
 666,153.00,  -73160, -2.35,    2857,  0.18,  -76017, -4.88
 667,154.00,  -73439, -2.36,    3296,  0.21,  -76735, -4.93
 668,155.00,  -73264, -2.35,    4042,  0.26,  -77306, -4.97
 669,156.00,  -73764, -2.37,    4655,  0.30,  -78419, -5.04
 670,157.00,  -74308, -2.39,    4838,  0.31,  -79146, -5.09
 671,158.00,  -75360, -2.42,    5004,  0.32,  -80364, -5.16
 672,159.00,  -76502, -2.46,    5123,  0.33,  -81625, -5.24
 673,160.00,  -76599, -2.46,    6390,  0.41,  -82989, -5.33
 674,161.00,  -76024, -2.44,    7377,  0.47,  -83401, -5.36
 675,162.00,  -75494, -2.43,    7886,  0.51,  -83380, -5.36
 676,163.00,  -76240, -2.45,    7162,  0.46,  -83402, -5.36
 677,164.00,  -77362, -2.49,    5861,  0.38,  -83223, -5.35
 678,165.00,  -79200, -2.54,    4495,  0.29,  -83695, -5.38
 679,166.00,  -78118, -2.51,    4863,  0.31,  -82981, -5.33
 680,167.00,  -75374, -2.42,    5653,  0.36,  -81027, -5.21
 681,168.00,  -73770, -2.37,    4416,  0.28,  -78186, -5.02
 682,169.00,  -73742, -2.37,    2494,  0.16,  -76236, -4.90
 683,170.00,  -73327, -2.36,    1777,  0.11,  -75104, -4.83
 684,171.00,  -72615, -2.33,     910,  0.06,  -73525, -4.72
 685,172.00,  -72586, -2.33,     -42, -0.00,  -72544, -4.66
 686,173.00,  -73442, -2.36,   -1131, -0.07,  -72311, -4.65
 687,174.00,  -75091, -2.41,   -2901, -0.19,  -72190, -4.64
 688,175.00,  -76857, -2.47,   -5385, -0.35,  -71472, -4.59
 689,176.00,  -76662, -2.46,   -6924, -0.44,  -69738, -4.48
 690,177.00,  -77156, -2.48,   -8371, -0.54,  -68785, -4.42
 691,178.00,  -77525, -2.49,  -10059, -0.65,  -67466, -4.33
 692,179.00,  -76269, -2.45,  -10590, -0.68,  -65679, -4.22
 693,180.00,  -74173, -2.38,  -11167, -0.72,  -63006, -4.05
 694,181.00,  -73894, -2.37,  -12146, -0.78,  -61748, -3.97
 695,182.00,  -73254, -2.35,  -11991, -0.77,  -61263, -3.94
 696,183.00,  -71804, -2.31,  -11871, -0.76,  -59933, -3.85
 697,184.00,  -69746, -2.24,  -11659, -0.75,  -58087, -3.73
 698,185.00,  -68640, -2.21,  -11202, -0.72,  -57438, -3.69
 699,186.00,  -68322, -2.19,  -11242, -0.72,  -57080, -3.67
 700,187.00,  -67634, -2.17,  -11968, -0.77,  -55666, -3.58
 701,188.00,  -68638, -2.20,  -13346, -0.86,  -55292, -3.55
 702,189.00,  -71393, -2.29,  -15117, -0.97,  -56276, -3.62
 703,190.00,  -72086, -2.32,  -15252, -0.98,  -56834, -3.65
 704,191.00,  -70815, -2.27,  -14782, -0.95,  -56033, -3.60
 705,192.00,  -70355, -2.26,  -15478, -0.99,  -54877, -3.53
 706,193.00,  -70500, -2.26,  -17089, -1.10,  -53411, -3.43
 707,194.00,  -72361, -2.32,  -19458, -1.25,  -52903, -3.40
 708,195.00,  -75097, -2.41,  -21668, -1.39,  -53429, -3.43
 709,196.00,  -76491, -2.46,  -23541, -1.51,  -52950, -3.40
 710,197.00,  -75909, -2.44,  -24331, -1.56,  -51578, -3.31
 711,198.00,  -73324, -2.36,  -23605, -1.52,  -49719, -3.19
 712,199.00,  -71432, -2.29,  -23390, -1.50,  -48042, -3.09
 713,200.00,  -69272, -2.23,  -23750, -1.53,  -45522, -2.92
 714,201.00,  -68121, -2.19,  -24136, -1.55,  -43985, -2.83
 715,202.00,  -68180, -2.19,  -24809, -1.59,  -43371, -2.79
 716,203.00,  -67925, -2.18,  -25726, -1.65,  -42199, -2.71
 717,204.00,  -65583, -2.11,  -25719, -1.65,  -39864, -2.56
 718,205.00,  -62428, -2.01,  -24984, -1.61,  -37444, -2.41
 719,206.00,  -60594, -1.95,  -24371, -1.57,  -36223, -2.33
 720,207.00,  -58994, -1.90,  -23868, -1.53,  -35126, -2.26
 721,208.00,  -56238, -1.81,  -23158, -1.49,  -33080, -2.13
 722,209.00,  -51133, -1.64,  -22116, -1.42,  -29017, -1.86
 723,210.00,  -47927, -1.54,  -22250, -1.43,  -25677, -1.65
 724,211.00,  -46219, -1.48,  -23202, -1.49,  -23017, -1.48
 725,212.00,  -43537, -1.40,  -23467, -1.51,  -20070, -1.29
 726,213.00,  -40271, -1.29,  -23063, -1.48,  -17208, -1.11
 727,214.00,  -36626, -1.18,  -21902, -1.41,  -14724, -0.95
 728,215.00,  -32321, -1.04,  -21247, -1.37,  -11074, -0.71
 729,216.00,  -30281, -0.97,  -22230, -1.43,   -8051, -0.52
 730,217.00,  -27120, -0.87,  -22419, -1.44,   -4701, -0.30
 731,218.00,  -23549, -0.76,  -22144, -1.42,   -1405, -0.09
 732,219.00,  -20430, -0.66,  -21619, -1.39,    1189,  0.08
 733,220.00,  -17758, -0.57,  -21467, -1.38,    3709,  0.24
 734,221.00,  -16229, -0.52,  -22098, -1.42,    5869,  0.38
 735,222.00,  -15344, -0.49,  -23339, -1.50,    7995,  0.51
 736,223.00,  -14171, -0.46,  -24254, -1.56,   10083,  0.65
 737,224.00,  -10832, -0.35,  -23263, -1.49,   12431,  0.80
 738,225.00,   -7159, -0.23,  -21344, -1.37,   14185,  0.91
 739,226.00,   -2522, -0.08,  -18922, -1.22,   16400,  1.05
 740,227.00,    2198,  0.07,  -17284, -1.11,   19482,  1.25
 741,228.00,    6218,  0.20,  -15862, -1.02,   22080,  1.42
 742,229.00,    9048,  0.29,  -14571, -0.94,   23619,  1.52
 743,230.00,   12868,  0.41,  -11872, -0.76,   24740,  1.59
 744,231.00,   17139,  0.55,   -9154, -0.59,   26293,  1.69
 745,232.00,   22476,  0.72,   -5633, -0.36,   28109,  1.81
 746,233.00,   28430,  0.91,   -1161, -0.07,   29591,  1.90
 747,234.00,   32440,  1.04,    1316,  0.08,   31124,  2.00
 748,235.00,   36892,  1.19,    3014,  0.19,   33878,  2.18
 749,236.00,   41861,  1.34,    5958,  0.38,   35903,  2.31
 750,237.00,   47465,  1.52,    9153,  0.59,   38312,  2.46
 751,238.00,   52377,  1.68,   11135,  0.72,   41242,  2.65
 752,239.00,   56616,  1.82,   12566,  0.81,   44050,  2.83
 753,240.00,   59480,  1.91,   13373,  0.86,   46107,  2.96
 754,241.00,   60877,  1.96,   13593,  0.87,   47284,  3.04
 755,242.00,   62670,  2.01,   14721,  0.95,   47949,  3.08
 756,243.00,   65966,  2.12,   16766,  1.08,   49200,  3.16
 757,244.00,   68320,  2.19,   18235,  1.17,   50085,  3.22
 758,245.00,   70058,  2.25,   20091,  1.29,   49967,  3.21
 759,246.00,   70381,  2.26,   20484,  1.32,   49897,  3.21
 760,247.00,   70018,  2.25,   20034,  1.29,   49984,  3.21
 761,248.00,   69421,  2.23,   19398,  1.25,   50023,  3.21
 762,249.00,   68542,  2.20,   18791,  1.21,   49751,  3.20
 763,250.00,   68291,  2.19,   18866,  1.21,   49425,  3.18
 764,251.00,   70099,  2.25,   20129,  1.29,   49970,  3.21
 765,252.00,   72385,  2.33,   22129,  1.42,   50256,  3.23
 766,253.00,   76230,  2.45,   24410,  1.57,   51820,  3.33
 767,254.00,   81012,  2.60,   26974,  1.73,   54038,  3.47
 768,255.00,   85955,  2.76,   30021,  1.93,   55934,  3.59
 769,256.00,   89417,  2.87,   32555,  2.09,   56862,  3.65
 770,257.00,   90293,  2.90,   32577,  2.09,   57716,  3.71
 771,258.00,   92061,  2.96,   32991,  2.12,   59070,  3.80
 772,259.00,   92791,  2.98,   32596,  2.09,   60195,  3.87
 773,260.00,   91917,  2.95,   31259,  2.01,   60658,  3.90
 774,261.00,   91830,  2.95,   30691,  1.97,   61139,  3.93
 775,262.00,   91785,  2.95,   30531,  1.96,   61254,  3.94
 776,263.00,   91091,  2.93,   29997,  1.93,   61094,  3.93
 777,264.00,   92511,  2.97,   30208,  1.94,   62303,  4.00
 778,265.00,   94776,  3.04,   31691,  2.04,   63085,  4.05
 779,266.00,   97095,  3.12,   32923,  2.12,   64172,  4.12
 780,267.00,   98664,  3.17,   33777,  2.17,   64887,  4.17
 781,268.00,   97748,  3.14,   33260,  2.14,   64488,  4.14
 782,269.00,   96292,  3.09,   32807,  2.11,   63485,  4.08
 783,270.00,   97624,  3.14,   34022,  2.19,   63602,  4.09
 784,271.00,   99083,  3.18,   35860,  2.30,   63223,  4.06
 785,272.00,  100335,  3.22,   37949,  2.44,   62386,  4.01
 786,273.00,  100035,  3.21,   37654,  2.42,   62381,  4.01
 787,274.00,   98458,  3.16,   37165,  2.39,   61293,  3.94
 788,275.00,   95808,  3.08,   36380,  2.34,   59428,  3.82
 789,276.00,   93837,  3.01,   35348,  2.27,   58489,  3.76
 790,277.00,   93637,  3.01,   34977,  2.25,   58660,  3.77
 791,278.00,   93607,  3.01,   34410,  2.21,   59197,  3.80
 792,279.00,   93515,  3.00,   33496,  2.15,   60019,  3.86
 793,280.00,   91947,  2.95,   32824,  2.11,   59123,  3.80
 794,281.00,   89989,  2.89,   32214,  2.07,   57775,  3.71
 795,282.00,   87721,  2.82,   31091,  2.00,   56630,  3.64
 796,283.00,   85104,  2.73,   30111,  1.93,   54993,  3.53
 797,284.00,   81812,  2.63,   28549,  1.83,   53263,  3.42
 798,285.00,   79377,  2.55,   27745,  1.78,   51632,  3.32
 799,286.00,   78367,  2.52,   27213,  1.75,   51154,  3.29
 800,287.00,   75833,  2.44,   25624,  1.65,   50209,  3.23
 801,288.00,   73382,  2.36,   24476,  1.57,   48906,  3.14
 802,289.00,   72224,  2.32,   24130,  1.55,   48094,  3.09
 803,290.00,   71074,  2.28,   22832,  1.47,   48242,  3.10
 804,291.00,   70932,  2.28,   22340,  1.44,   48592,  3.12
 805,292.00,   68661,  2.21,   21503,  1.38,   47158,  3.03
 806,293.00,   64540,  2.07,   19299,  1.24,   45241,  2.91
 807,294.00,   59912,  1.92,   17194,  1.10,   42718,  2.74
 808,295.00,   57173,  1.84,   15847,  1.02,   41326,  2.66
 809,296.00,   55892,  1.80,   15636,  1.00,   40256,  2.59
 810,297.00,   53293,  1.71,   15023,  0.97,   38270,  2.46
 811,298.00,   50620,  1.63,   13994,  0.90,   36626,  2.35
 812,299.00,   49186,  1.58,   13009,  0.84,   36177,  2.32
 813,300.00,   47817,  1.54,   11874,  0.76,   35943,  2.31
 814,301.00,   47907,  1.54,   12245,  0.79,   35662,  2.29
 815,302.00,   46832,  1.50,   12741,  0.82,   34091,  2.19
 816,303.00,   45336,  1.46,   13115,  0.84,   32221,  2.07
 817,304.00,   41963,  1.35,   12283,  0.79,   29680,  1.91
 818,305.00,   39390,  1.27,   11838,  0.76,   27552,  1.77
 819,306.00,   35990,  1.16,   10718,  0.69,   25272,  1.62
 820,307.00,   33096,  1.06,    9461,  0.61,   23635,  1.52
 821,308.00,   31120,  1.00,    7449,  0.48,   23671,  1.52
 822,309.00,   30403,  0.98,    5349,  0.34,   25054,  1.61
 823,310.00,   28807,  0.93,    1895,  0.12,   26912,  1.73
 824,311.00,   26110,  0.84,   -1619, -0.10,   27729,  1.78
 825,312.00,   23217,  0.75,   -4739, -0.30,   27956,  1.80
 826,313.00,   20757,  0.67,   -7458, -0.48,   28215,  1.81
 827,314.00,   20084,  0.65,   -9870, -0.63,   29954,  1.92
 828,315.00,   17973,  0.58,  -14366, -0.92,   32339,  2.08
 829,316.00,   14976,  0.48,  -19014, -1.22,   33990,  2.18
 830,317.00,   11417,  0.37,  -22721, -1.46,   34138,  2.19
 831,318.00,    9757,  0.31,  -24532, -1.58,   34289,  2.20
 832,319.00,    9443,  0.30,  -25456, -1.64,   34899,  2.24
 833,320.00,    9630,  0.31,  -26148, -1.68,   35778,  2.30
 834,321.00,   11774,  0.38,  -25462, -1.64,   37236,  2.39
 835,322.00,   13752,  0.44,  -24560, -1.58,   38312,  2.46
 836,323.00,   16578,  0.53,  -23031, -1.48,   39609,  2.54
 837,324.00,   19534,  0.63,  -22066, -1.42,   41600,  2.67
 838,325.00,   20622,  0.66,  -21870, -1.41,   42492,  2.73
 839,326.00,   21850,  0.70,  -21311, -1.37,   43161,  2.77
 840,327.00,   22754,  0.73,  -20963, -1.35,   43717,  2.81
 841,328.00,   24187,  0.78,  -19733, -1.27,   43920,  2.82
 842,329.00,   26642,  0.86,  -17381, -1.12,   44023,  2.83
 843,330.00,   29482,  0.95,  -13843, -0.89,   43325,  2.78
 844,331.00,   30961,  0.99,  -11259, -0.72,   42220,  2.71
 845,332.00,   32138,  1.03,   -9991, -0.64,   42129,  2.71
 846,333.00,   32268,  1.04,  -10007, -0.64,   42275,  2.72
 847,334.00,   31743,  1.02,  -10558, -0.68,   42301,  2.72
 848,335.00,   28861,  0.93,  -12091, -0.78,   40952,  2.63
 849,336.00,   26634,  0.86,  -13041, -0.84,   39675,  2.55
 850,337.00,   25236,  0.81,  -14068, -0.90,   39304,  2.53
 851,338.00,   23450,  0.75,  -14819, -0.95,   38269,  2.46
 852,339.00,   20995,  0.67,  -15824, -1.02,   36819,  2.37
 853,340.00,   18592,  0.60,  -17649, -1.13,   36241,  2.33
 854,341.00,   16813,  0.54,  -19209, -1.23,   36022,  2.31
 855,342.00,   16542,  0.53,  -18837, -1.21,   35379,  2.27
 856,343.00,   17153,  0.55,  -17358, -1.12,   34511,  2.22
 857,344.00,   17367,  0.56,  -15826, -1.02,   33193,  2.13
 858,345.00,   17251,  0.55,  -15033, -0.97,   32284,  2.07
 859,346.00,   17431,  0.56,  -14328, -0.92,   31759,  2.04
 860,347.00,   19351,  0.62,  -12689, -0.82,   32040,  2.06
 861,348.00,   22071,  0.71,  -10853, -0.70,   32924,  2.12
 862,349.00,   24590,  0.79,  -10007, -0.64,   34597,  2.22
 863,350.00,   26615,  0.86,   -9359, -0.60,   35974,  2.31
 864,351.00,   28064,  0.90,   -8865, -0.57,   36929,  2.37
 865,352.00,   27749,  0.89,   -9064, -0.58,   36813,  2.37
 866,353.00,   28709,  0.92,   -7656, -0.49,   36365,  2.34
 867,354.00,   30351,  0.98,   -5767, -0.37,   36118,  2.32
 868,355.00,   32524,  1.04,   -4968, -0.32,   37492,  2.41
 869,356.00,   35102,  1.13,   -3749, -0.24,   38851,  2.50
 870,357.00,   37705,  1.21,   -2823, -0.18,   40528,  2.60
 871,358.00,   38858,  1.25,   -3070, -0.20,   41928,  2.69
 872,359.00,   39217,  1.26,   -3128, -0.20,   42345,  2.72
 873,360.00,   41152,  1.32,   -2333, -0.15,   43485,  2.79
 874,361.00,   41356,  1.33,   -2589, -0.17,   43945,  2.82
 875,362.00,   40970,  1.32,   -2983, -0.19,   43953,  2.82
 876,363.00,   40077,  1.29,   -3953, -0.25,   44030,  2.83
 877,364.00,   40961,  1.32,   -3849, -0.25,   44810,  2.88
 878,365.00,   42310,  1.36,   -3312, -0.21,   45622,  2.93
 879,366.00,   42876,  1.38,   -3213, -0.21,   46089,  2.96
 880,367.00,   42320,  1.36,   -4069, -0.26,   46389,  2.98
 881,368.00,   42299,  1.36,   -4484, -0.29,   46783,  3.01
 882,369.00,   42420,  1.36,   -3394, -0.22,   45814,  2.94
 883,370.00,   41577,  1.34,   -2260, -0.15,   43837,  2.82
 884,371.00,   40461,  1.30,   -1819, -0.12,   42280,  2.72
 885,372.00,   40058,  1.29,   -1513, -0.10,   41571,  2.67
 886,373.00,   39712,  1.28,   -1000, -0.06,   40712,  2.62
 887,374.00,   39415,  1.27,     161,  0.01,   39254,  2.52
 888,375.00,   38361,  1.23,    1068,  0.07,   37293,  2.40
 889,376.00,   36837,  1.18,    1690,  0.11,   35147,  2.26
 890,377.00,   35622,  1.14,    2061,  0.13,   33561,  2.16
 891,378.00,   33668,  1.08,    1851,  0.12,   31817,  2.04
 892,379.00,   31089,  1.00,    1317,  0.08,   29772,  1.91
 893,380.00,   30009,  0.96,    1444,  0.09,   28565,  1.84
 894,381.00,   27789,  0.89,     585,  0.04,   27204,  1.75
 895,382.00,   25849,  0.83,    -608, -0.04,   26457,  1.70
 896,383.00,   22585,  0.73,   -1786, -0.11,   24371,  1.57
 897,384.00,   20059,  0.64,   -2238, -0.14,   22297,  1.43
 898,385.00,   18122,  0.58,   -3144, -0.20,   21266,  1.37
 899,386.00,   17267,  0.55,   -3689, -0.24,   20956,  1.35
 900,387.00,   14815,  0.48,   -4560, -0.29,   19375,  1.24
 901,388.00,   12794,  0.41,   -5193, -0.33,   17987,  1.16
 902,389.00,    9378,  0.30,   -6433, -0.41,   15811,  1.02
 903,390.00,    5312,  0.17,   -6910, -0.44,   12222,  0.79
 904,391.00,     781,  0.03,   -6497, -0.42,    7278,  0.47
 905,392.00,   -2433, -0.08,   -5415, -0.35,    2982,  0.19
 906,393.00,   -3667, -0.12,   -4809, -0.31,    1142,  0.07
 907,394.00,   -2816, -0.09,   -2878, -0.18,      62,  0.00
 908,395.00,   -3501, -0.11,   -2708, -0.17,    -793, -0.05
 909,396.00,   -5196, -0.17,   -4201, -0.27,    -995, -0.06
 910,397.00,   -5339, -0.17,   -3885, -0.25,   -1454, -0.09
 911,398.00,   -5823, -0.19,   -3119, -0.20,   -2704, -0.17
 912,399.00,   -6333, -0.20,   -2495, -0.16,   -3838, -0.25
 913,400.00,   -6694, -0.22,   -2290, -0.15,   -4404, -0.28
 914,401.00,   -6520, -0.21,   -2108, -0.14,   -4412, -0.28
 915,402.00,   -6362, -0.20,   -1834, -0.12,   -4528, -0.29
 916,403.00,   -7841, -0.25,   -2300, -0.15,   -5541, -0.36
 917,404.00,   -9858, -0.32,   -2633, -0.17,   -7225, -0.46
 918,405.00,  -12175, -0.39,   -3666, -0.24,   -8509, -0.55
 919,406.00,  -14180, -0.46,   -4406, -0.28,   -9774, -0.63
 920,407.00,  -15702, -0.50,   -4465, -0.29,  -11237, -0.72
 921,408.00,  -17918, -0.58,   -5154, -0.33,  -12764, -0.82
 922,409.00,  -21517, -0.69,   -6678, -0.43,  -14839, -0.95
 923,410.00,  -23724, -0.76,   -7104, -0.46,  -16620, -1.07
 924,411.00,  -24539, -0.79,   -6307, -0.41,  -18232, -1.17
 925,412.00,  -28184, -0.91,   -7186, -0.46,  -20998, -1.35
 926,413.00,  -32284, -1.04,   -8520, -0.55,  -23764, -1.53
 927,414.00,  -36349, -1.17,  -10621, -0.68,  -25728, -1.65
 928,415.00,  -39127, -1.26,  -11737, -0.75,  -27390, -1.76
 929,416.00,  -41005, -1.32,  -12235, -0.79,  -28770, -1.85
 930,417.00,  -42395, -1.36,  -12344, -0.79,  -30051, -1.93
 931,418.00,  -41621, -1.34,  -10886, -0.70,  -30735, -1.97
 932,419.00,  -40437, -1.30,   -9083, -0.58,  -31354, -2.01
 933,420.00,  -39876, -1.28,   -8939, -0.57,  -30937, -1.99
 934,421.00,  -39232, -1.26,  -10006, -0.64,  -29226, -1.88
 935,422.00,  -36544, -1.17,  -10324, -0.66,  -26220, -1.68
 936,423.00,  -35303, -1.13,  -10710, -0.69,  -24593, -1.58
 937,424.00,  -36232, -1.16,  -11722, -0.75,  -24510, -1.57
 938,425.00,  -35997, -1.16,  -12105, -0.78,  -23892, -1.54
 939,426.00,  -35107, -1.13,  -12147, -0.78,  -22960, -1.48
 940,427.00,  -32884, -1.06,  -10989, -0.71,  -21895, -1.41
 941,428.00,  -30305, -0.97,   -9760, -0.63,  -20545, -1.32
 942,429.00,  -27420, -0.88,   -8271, -0.53,  -19149, -1.23
 943,430.00,  -24203, -0.78,   -6362, -0.41,  -17841, -1.15
 944,431.00,  -19338, -0.62,   -2966, -0.19,  -16372, -1.05
 945,432.00,  -15514, -0.50,   -1030, -0.07,  -14484, -0.93
 946,433.00,  -10797, -0.35,     887,  0.06,  -11684, -0.75
 947,434.00,   -5900, -0.19,    4090,  0.26,   -9990, -0.64
 948,435.00,    -798, -0.03,    7228,  0.46,   -8026, -0.52
 949,436.00,    2728,  0.09,    8789,  0.56,   -6061, -0.39
 950,437.00,    6299,  0.20,   10091,  0.65,   -3792, -0.24
 951,438.00,   11072,  0.36,   12933,  0.83,   -1861, -0.12
 952,439.00,   16539,  0.53,   16035,  1.03,     504,  0.03
 953,440.00,   22974,  0.74,   19102,  1.23,    3872,  0.25
 954,441.00,   27599,  0.89,   20854,  1.34,    6745,  0.43
 955,442.00,   32116,  1.03,   23045,  1.48,    9071,  0.58
 956,443.00,   35574,  1.14,   25005,  1.61,   10569,  0.68
 957,444.00,   36538,  1.17,   25616,  1.65,   10922,  0.70
 958,445.00,   37402,  1.20,   25976,  1.67,   11426,  0.73
 959,446.00,   38071,  1.22,   25104,  1.61,   12967,  0.83
 960,447.00,   40606,  1.30,   24874,  1.60,   15732,  1.01
 961,448.00,   42769,  1.37,   24630,  1.58,   18139,  1.17
 962,449.00,   44240,  1.42,   24577,  1.58,   19663,  1.26
 963,450.00,   46838,  1.50,   25562,  1.64,   21276,  1.37
 964,451.00,   49401,  1.59,   26725,  1.72,   22676,  1.46
 965,452.00,   51149,  1.64,   26713,  1.72,   24436,  1.57
 966,453.00,   53164,  1.71,   27043,  1.74,   26121,  1.68
 967,454.00,   56066,  1.80,   28393,  1.82,   27673,  1.78
 968,455.00,   60048,  1.93,   29835,  1.92,   30213,  1.94
 969,456.00,   64793,  2.08,   31055,  2.00,   33738,  2.17
 970,457.00,   67871,  2.18,   31611,  2.03,   36260,  2.33
 971,458.00,   70332,  2.26,   31321,  2.01,   39011,  2.51
 972,459.00,   72124,  2.32,   31328,  2.01,   40796,  2.62
 973,460.00,   73447,  2.36,   30377,  1.95,   43070,  2.77
 974,461.00,   75880,  2.44,   29901,  1.92,   45979,  2.95
 975,462.00,   76692,  2.46,   29589,  1.90,   47103,  3.03
 976,463.00,   76421,  2.46,   29325,  1.88,   47096,  3.03
 977,464.00,   77191,  2.48,   29708,  1.91,   47483,  3.05
 978,465.00,   77779,  2.50,   30588,  1.97,   47191,  3.03
 979,466.00,   77309,  2.48,   31311,  2.01,   45998,  2.96
 980,467.00,   77429,  2.49,   31642,  2.03,   45787,  2.94
 981,468.00,   78224,  2.51,   32061,  2.06,   46163,  2.97
 982,469.00,   80918,  2.60,   34004,  2.18,   46914,  3.01
 983,470.00,   79791,  2.56,   33502,  2.15,   46289,  2.97
 984,471.00,   77472,  2.49,   31196,  2.00,   46276,  2.97
 985,472.00,   77121,  2.48,   30259,  1.94,   46862,  3.01
 986,473.00,   77719,  2.50,   29682,  1.91,   48037,  3.09
 987,474.00,   78817,  2.53,   30245,  1.94,   48572,  3.12
 988,475.00,   79097,  2.54,   31353,  2.01,   47744,  3.07
 989,476.00,   79117,  2.54,   32370,  2.08,   46747,  3.00
 990,477.00,   78599,  2.52,   32323,  2.08,   46276,  2.97
 991,478.00,   77766,  2.50,   32681,  2.10,   45085,  2.90
 992,479.00,   76854,  2.47,   32248,  2.07,   44606,  2.87
 993,480.00,   74801,  2.40,   31164,  2.00,   43637,  2.80
 994,481.00,   73314,  2.36,   30760,  1.98,   42554,  2.73
 995,482.00,   71611,  2.30,   30768,  1.98,   40843,  2.62
 996,483.00,   71238,  2.29,   30813,  1.98,   40425,  2.60
 997,484.00,   71583,  2.30,   29933,  1.92,   41650,  2.68
 998,485.00,   70524,  2.27,   27958,  1.80,   42566,  2.73
 999,486.00,   68382,  2.20,   26402,  1.70,   41980,  2.70
1000,487.00,   65156,  2.09,   25150,  1.62,   40006,  2.57
1001,488.00,   61039,  1.96,   23778,  1.53,   37261,  2.39
1002,489.00,   57621,  1.85,   22185,  1.43,   35436,  2.28
1003,490.00,   56452,  1.81,   22326,  1.43,   34126,  2.19
1004,491.00,   56410,  1.81,   22917,  1.47,   33493,  2.15
1005,492.00,   55985,  1.80,   22567,  1.45,   33418,  2.15
1006,493.00,   54547,  1.75,   20724,  1.33,   33823,  2.17
1007,494.00,   51579,  1.66,   17346,  1.11,   34233,  2.20
1008,495.00,   48662,  1.56,   14541,  0.93,   34121,  2.19
1009,496.00,   49108,  1.58,   13239,  0.85,   35869,  2.30
1010,497.00,   49370,  1.59,   12484,  0.80,   36886,  2.37
1011,498.00,   51111,  1.64,   12961,  0.83,   38150,  2.45
1012,499.00,   52521,  1.69,   13161,  0.85,   39360,  2.53
1013,500.00,   52128,  1.67,   12590,  0.81,   39538,  2.54
1014,501.00,   50839,  1.63,   12500,  0.80,   38339,  2.46
1015,502.00,   49200,  1.58,   11246,  0.72,   37954,  2.44
1016,503.00,   46726,  1.50,    9528,  0.61,   37198,  2.39
1017,504.00,   44083,  1.42,    8492,  0.55,   35591,  2.29
1018,505.00,   43536,  1.40,    8092,  0.52,   35444,  2.28
1019,506.00,   43849,  1.41,    8384,  0.54,   35465,  2.28
1020,507.00,   43377,  1.39,    8434,  0.54,   34943,  2.25
1021,508.00,   45345,  1.46,    9877,  0.63,   35468,  2.28
1022,509.00,   47098,  1.51,   11951,  0.77,   35147,  2.26
1023,510.00,   46948,  1.51,   12819,  0.82,   34129,  2.19
1024,511.00,   47630,  1.53,   14000,  0.90,   33630,  2.16
