-----------------------------------------------------------------------------------
Identifier:,IHS5922-20199501
File Name:,ASRP70A.5
Ear:,R
Channel:,1
Intensity:,70 dB HL
Stim. Rate:,  1.10/s
Stim. Mode:,0
Sweeps:,176
Artifacts:,61
Smp. Period:,1000.00 us
Amp. Gain:, 50.00 K
Low Pass:, 30.00 Hz
High Pass:,  1.00 Hz
Notch Filter:,TRUE
Stimulus:,100
Stim. Freq.:,1000 Hz
Stim. Dur.:,2000 pnts
Masking:,0 dB SPL
Stim. Point:,513
-----------------------------------------------------------------------------------
Peak Information:,Label,Peak(+),Peak(+)(ms),Peak(-),Peak(-)(ms)
,20, 843,330.00, 909,396.00,
,19, 773,260.00, 843,330.00,
,18, 718,205.00, 773,260.00,
,17, 640,127.00, 719,206.00,
-----------------------------------------------------------------------------------


Data Pnt:,Data Pnt(ms):,Average:,Average(uV):,Buffer1:,Buffer1(uV):,Buffer2:,Buffer2(uV):
   1,-512.00,       0,  0.00,       0,  0.00,       0,  0.00
   2,-511.00,       0,  0.00,       0,  0.00,       0,  0.00
   3,-510.00,       0,  0.00,       0,  0.00,       0,  0.00
   4,-509.00,       0,  0.00,       0,  0.00,       0,  0.00
   5,-508.00,       0,  0.00,       0,  0.00,       0,  0.00
   6,-507.00,       0,  0.00,       0,  0.00,       0,  0.00
   7,-506.00,       0,  0.00,       0,  0.00,       0,  0.00
   8,-505.00,       0,  0.00,       0,  0.00,       0,  0.00
   9,-504.00,       0,  0.00,       0,  0.00,       0,  0.00
  10,-503.00,       0,  0.00,       0,  0.00,       0,  0.00
  11,-502.00,       0,  0.00,       0,  0.00,       0,  0.00
  12,-501.00,       0,  0.00,       0,  0.00,       0,  0.00
  13,-500.00,       0,  0.00,       0,  0.00,       0,  0.00
  14,-499.00,       0,  0.00,       0,  0.00,       0,  0.00
  15,-498.00,       0,  0.00,       0,  0.00,       0,  0.00
  16,-497.00,       0,  0.00,       0,  0.00,       0,  0.00
  17,-496.00,       0,  0.00,       0,  0.00,       0,  0.00
  18,-495.00,       0,  0.00,       0,  0.00,       0,  0.00
  19,-494.00,       0,  0.00,       0,  0.00,       0,  0.00
  20,-493.00,       0,  0.00,       0,  0.00,       0,  0.00
  21,-492.00,       0,  0.00,       0,  0.00,       0,  0.00
  22,-491.00,       0,  0.00,       0,  0.00,       0,  0.00
  23,-490.00,       0,  0.00,       0,  0.00,       0,  0.00
  24,-489.00,       0,  0.00,       0,  0.00,       0,  0.00
  25,-488.00,       0,  0.00,       0,  0.00,       0,  0.00
  26,-487.00,       0,  0.00,       0,  0.00,       0,  0.00
  27,-486.00,       0,  0.00,       0,  0.00,       0,  0.00
  28,-485.00,       0,  0.00,       0,  0.00,       0,  0.00
  29,-484.00,       0,  0.00,       0,  0.00,       0,  0.00
  30,-483.00,       0,  0.00,       0,  0.00,       0,  0.00
  31,-482.00,       0,  0.00,       0,  0.00,       0,  0.00
  32,-481.00,       0,  0.00,       0,  0.00,       0,  0.00
  33,-480.00,       0,  0.00,       0,  0.00,       0,  0.00
  34,-479.00,       0,  0.00,       0,  0.00,       0,  0.00
  35,-478.00,       0,  0.00,       0,  0.00,       0,  0.00
  36,-477.00,       0,  0.00,       0,  0.00,       0,  0.00
  37,-476.00,       0,  0.00,       0,  0.00,       0,  0.00
  38,-475.00,       0,  0.00,       0,  0.00,       0,  0.00
  39,-474.00,       0,  0.00,       0,  0.00,       0,  0.00
  40,-473.00,       0,  0.00,       0,  0.00,       0,  0.00
  41,-472.00,       0,  0.00,       0,  0.00,       0,  0.00
  42,-471.00,       0,  0.00,       0,  0.00,       0,  0.00
  43,-470.00,       0,  0.00,       0,  0.00,       0,  0.00
  44,-469.00,       0,  0.00,       0,  0.00,       0,  0.00
  45,-468.00,       0,  0.00,       0,  0.00,       0,  0.00
  46,-467.00,       0,  0.00,       0,  0.00,       0,  0.00
  47,-466.00,       0,  0.00,       0,  0.00,       0,  0.00
  48,-465.00,       0,  0.00,       0,  0.00,       0,  0.00
  49,-464.00,       0,  0.00,       0,  0.00,       0,  0.00
  50,-463.00,       0,  0.00,       0,  0.00,       0,  0.00
  51,-462.00,       0,  0.00,       0,  0.00,       0,  0.00
  52,-461.00,       0,  0.00,       0,  0.00,       0,  0.00
  53,-460.00,       0,  0.00,       0,  0.00,       0,  0.00
  54,-459.00,       0,  0.00,       0,  0.00,       0,  0.00
  55,-458.00,       0,  0.00,       0,  0.00,       0,  0.00
  56,-457.00,       0,  0.00,       0,  0.00,       0,  0.00
  57,-456.00,       0,  0.00,       0,  0.00,       0,  0.00
  58,-455.00,       0,  0.00,       0,  0.00,       0,  0.00
  59,-454.00,       0,  0.00,       0,  0.00,       0,  0.00
  60,-453.00,       0,  0.00,       0,  0.00,       0,  0.00
  61,-452.00,       0,  0.00,       0,  0.00,       0,  0.00
  62,-451.00,       0,  0.00,       0,  0.00,       0,  0.00
  63,-450.00,       0,  0.00,       0,  0.00,       0,  0.00
  64,-449.00,       0,  0.00,       0,  0.00,       0,  0.00
  65,-448.00,       0,  0.00,       0,  0.00,       0,  0.00
  66,-447.00,       0,  0.00,       0,  0.00,       0,  0.00
  67,-446.00,       0,  0.00,       0,  0.00,       0,  0.00
  68,-445.00,       0,  0.00,       0,  0.00,       0,  0.00
  69,-444.00,       0,  0.00,       0,  0.00,       0,  0.00
  70,-443.00,       0,  0.00,       0,  0.00,       0,  0.00
  71,-442.00,       0,  0.00,       0,  0.00,       0,  0.00
  72,-441.00,       0,  0.00,       0,  0.00,       0,  0.00
  73,-440.00,       0,  0.00,       0,  0.00,       0,  0.00
  74,-439.00,       0,  0.00,       0,  0.00,       0,  0.00
  75,-438.00,       0,  0.00,       0,  0.00,       0,  0.00
  76,-437.00,       0,  0.00,       0,  0.00,       0,  0.00
  77,-436.00,       0,  0.00,       0,  0.00,       0,  0.00
  78,-435.00,       0,  0.00,       0,  0.00,       0,  0.00
  79,-434.00,       0,  0.00,       0,  0.00,       0,  0.00
  80,-433.00,       0,  0.00,       0,  0.00,       0,  0.00
  81,-432.00,       0,  0.00,       0,  0.00,       0,  0.00
  82,-431.00,       0,  0.00,       0,  0.00,       0,  0.00
  83,-430.00,       0,  0.00,       0,  0.00,       0,  0.00
  84,-429.00,       0,  0.00,       0,  0.00,       0,  0.00
  85,-428.00,       0,  0.00,       0,  0.00,       0,  0.00
  86,-427.00,       0,  0.00,       0,  0.00,       0,  0.00
  87,-426.00,       0,  0.00,       0,  0.00,       0,  0.00
  88,-425.00,       0,  0.00,       0,  0.00,       0,  0.00
  89,-424.00,       0,  0.00,       0,  0.00,       0,  0.00
  90,-423.00,       0,  0.00,       0,  0.00,       0,  0.00
  91,-422.00,       0,  0.00,       0,  0.00,       0,  0.00
  92,-421.00,       0,  0.00,       0,  0.00,       0,  0.00
  93,-420.00,       0,  0.00,       0,  0.00,       0,  0.00
  94,-419.00,       0,  0.00,       0,  0.00,       0,  0.00
  95,-418.00,       0,  0.00,       0,  0.00,       0,  0.00
  96,-417.00,       0,  0.00,       0,  0.00,       0,  0.00
  97,-416.00,       0,  0.00,       0,  0.00,       0,  0.00
  98,-415.00,       0,  0.00,       0,  0.00,       0,  0.00
  99,-414.00,       0,  0.00,       0,  0.00,       0,  0.00
 100,-413.00,       0,  0.00,       0,  0.00,       0,  0.00
 101,-412.00,       0,  0.00,       0,  0.00,       0,  0.00
 102,-411.00,       0,  0.00,       0,  0.00,       0,  0.00
 103,-410.00,       0,  0.00,       0,  0.00,       0,  0.00
 104,-409.00,       0,  0.00,       0,  0.00,       0,  0.00
 105,-408.00,       0,  0.00,       0,  0.00,       0,  0.00
 106,-407.00,       0,  0.00,       0,  0.00,       0,  0.00
 107,-406.00,       0,  0.00,       0,  0.00,       0,  0.00
 108,-405.00,       0,  0.00,       0,  0.00,       0,  0.00
 109,-404.00,       0,  0.00,       0,  0.00,       0,  0.00
 110,-403.00,       0,  0.00,       0,  0.00,       0,  0.00
 111,-402.00,       0,  0.00,       0,  0.00,       0,  0.00
 112,-401.00,       0,  0.00,       0,  0.00,       0,  0.00
 113,-400.00,       0,  0.00,       0,  0.00,       0,  0.00
 114,-399.00,       0,  0.00,       0,  0.00,       0,  0.00
 115,-398.00,       0,  0.00,       0,  0.00,       0,  0.00
 116,-397.00,   94386,  3.27,   48329,  3.35,   46057,  3.19
 117,-396.00,   95029,  3.30,   49614,  3.44,   45415,  3.15
 118,-395.00,   96540,  3.35,   51037,  3.54,   45503,  3.16
 119,-394.00,   96871,  3.36,   52116,  3.61,   44755,  3.10
 120,-393.00,   96327,  3.34,   53057,  3.68,   43270,  3.00
 121,-392.00,   96083,  3.33,   54008,  3.75,   42075,  2.92
 122,-391.00,   98517,  3.42,   57151,  3.96,   41366,  2.87
 123,-390.00,   98548,  3.42,   59434,  4.12,   39114,  2.71
 124,-389.00,   99382,  3.45,   62326,  4.32,   37056,  2.57
 125,-388.00,  101679,  3.53,   65163,  4.52,   36516,  2.53
 126,-387.00,  103083,  3.57,   66907,  4.64,   36176,  2.51
 127,-386.00,  103819,  3.60,   68488,  4.75,   35331,  2.45
 128,-385.00,  103767,  3.60,   70026,  4.86,   33741,  2.34
 129,-384.00,  104586,  3.63,   71898,  4.99,   32688,  2.27
 130,-383.00,  105262,  3.65,   73493,  5.10,   31769,  2.20
 131,-382.00,  107736,  3.74,   76533,  5.31,   31203,  2.16
 132,-381.00,  109342,  3.79,   78766,  5.46,   30576,  2.12
 133,-380.00,  108938,  3.78,   78813,  5.47,   30125,  2.09
 134,-379.00,  107541,  3.73,   78337,  5.43,   29204,  2.03
 135,-378.00,  108678,  3.77,   78327,  5.43,   30351,  2.11
 136,-377.00,  108067,  3.75,   76617,  5.31,   31450,  2.18
 137,-376.00,  106949,  3.71,   75047,  5.21,   31902,  2.21
 138,-375.00,  105516,  3.66,   74279,  5.15,   31237,  2.17
 139,-374.00,  106023,  3.68,   74897,  5.19,   31126,  2.16
 140,-373.00,  105613,  3.66,   73241,  5.08,   32372,  2.25
 141,-372.00,  103687,  3.60,   70573,  4.89,   33114,  2.30
 142,-371.00,  102516,  3.56,   68560,  4.76,   33956,  2.36
 143,-370.00,  100202,  3.48,   66120,  4.59,   34082,  2.36
 144,-369.00,   99807,  3.46,   64243,  4.46,   35564,  2.47
 145,-368.00,   98947,  3.43,   62016,  4.30,   36931,  2.56
 146,-367.00,   98354,  3.41,   60890,  4.22,   37464,  2.60
 147,-366.00,   98855,  3.43,   59641,  4.14,   39214,  2.72
 148,-365.00,   97390,  3.38,   57749,  4.01,   39641,  2.75
 149,-364.00,   97109,  3.37,   56021,  3.89,   41088,  2.85
 150,-363.00,   98038,  3.40,   55750,  3.87,   42288,  2.93
 151,-362.00,   95692,  3.32,   53286,  3.70,   42406,  2.94
 152,-361.00,   93808,  3.25,   51602,  3.58,   42206,  2.93
 153,-360.00,   95192,  3.30,   50824,  3.53,   44368,  3.08
 154,-359.00,   93880,  3.26,   49514,  3.43,   44366,  3.08
 155,-358.00,   93860,  3.26,   48896,  3.39,   44964,  3.12
 156,-357.00,   94925,  3.29,   49079,  3.40,   45846,  3.18
 157,-356.00,   94194,  3.27,   48288,  3.35,   45906,  3.18
 158,-355.00,   92498,  3.21,   47210,  3.27,   45288,  3.14
 159,-354.00,   91603,  3.18,   46153,  3.20,   45450,  3.15
 160,-353.00,   89179,  3.09,   44185,  3.06,   44994,  3.12
 161,-352.00,   86215,  2.99,   42512,  2.95,   43703,  3.03
 162,-351.00,   84055,  2.92,   41939,  2.91,   42116,  2.92
 163,-350.00,   83528,  2.90,   42960,  2.98,   40568,  2.81
 164,-349.00,   81179,  2.82,   42390,  2.94,   38789,  2.69
 165,-348.00,   78107,  2.71,   42293,  2.93,   35814,  2.48
 166,-347.00,   75871,  2.63,   42703,  2.96,   33168,  2.30
 167,-346.00,   74291,  2.58,   42734,  2.96,   31557,  2.19
 168,-345.00,   72609,  2.52,   41807,  2.90,   30802,  2.14
 169,-344.00,   71136,  2.47,   41535,  2.88,   29601,  2.05
 170,-343.00,   69608,  2.41,   41239,  2.86,   28369,  1.97
 171,-342.00,   68182,  2.36,   40748,  2.83,   27434,  1.90
 172,-341.00,   67028,  2.32,   40759,  2.83,   26269,  1.82
 173,-340.00,   65230,  2.26,   40335,  2.80,   24895,  1.73
 174,-339.00,   61138,  2.12,   38811,  2.69,   22327,  1.55
 175,-338.00,   58933,  2.04,   38370,  2.66,   20563,  1.43
 176,-337.00,   59219,  2.05,   39549,  2.74,   19670,  1.36
 177,-336.00,   59275,  2.06,   40098,  2.78,   19177,  1.33
 178,-335.00,   57931,  2.01,   39888,  2.77,   18043,  1.25
 179,-334.00,   57319,  1.99,   39421,  2.73,   17898,  1.24
 180,-333.00,   55875,  1.94,   38035,  2.64,   17840,  1.24
 181,-332.00,   54221,  1.88,   36785,  2.55,   17436,  1.21
 182,-331.00,   53097,  1.84,   35758,  2.48,   17339,  1.20
 183,-330.00,   52191,  1.81,   35352,  2.45,   16839,  1.17
 184,-329.00,   50752,  1.76,   34295,  2.38,   16457,  1.14
 185,-328.00,   48554,  1.68,   32911,  2.28,   15643,  1.09
 186,-327.00,   47602,  1.65,   31748,  2.20,   15854,  1.10
 187,-326.00,   48185,  1.67,   31969,  2.22,   16216,  1.12
 188,-325.00,   48392,  1.68,   32179,  2.23,   16213,  1.12
 189,-324.00,   48625,  1.69,   32289,  2.24,   16336,  1.13
 190,-323.00,   47033,  1.63,   31052,  2.15,   15981,  1.11
 191,-322.00,   48123,  1.67,   31685,  2.20,   16438,  1.14
 192,-321.00,   49121,  1.70,   32580,  2.26,   16541,  1.15
 193,-320.00,   49643,  1.72,   33688,  2.34,   15955,  1.11
 194,-319.00,   50366,  1.75,   34075,  2.36,   16291,  1.13
 195,-318.00,   50901,  1.77,   34096,  2.36,   16805,  1.17
 196,-317.00,   52464,  1.82,   35495,  2.46,   16969,  1.18
 197,-316.00,   54616,  1.89,   37477,  2.60,   17139,  1.19
 198,-315.00,   56502,  1.96,   37526,  2.60,   18976,  1.32
 199,-314.00,   56681,  1.97,   36426,  2.53,   20255,  1.40
 200,-313.00,   54402,  1.89,   34027,  2.36,   20375,  1.41
 201,-312.00,   53262,  1.85,   32737,  2.27,   20525,  1.42
 202,-311.00,   51945,  1.80,   31737,  2.20,   20208,  1.40
 203,-310.00,   51303,  1.78,   30642,  2.13,   20661,  1.43
 204,-309.00,   51170,  1.77,   30040,  2.08,   21130,  1.47
 205,-308.00,   50566,  1.75,   28447,  1.97,   22119,  1.53
 206,-307.00,   49766,  1.73,   26963,  1.87,   22803,  1.58
 207,-306.00,   47800,  1.66,   25539,  1.77,   22261,  1.54
 208,-305.00,   46278,  1.60,   24213,  1.68,   22065,  1.53
 209,-304.00,   47600,  1.65,   25469,  1.77,   22131,  1.54
 210,-303.00,   48218,  1.67,   25884,  1.80,   22334,  1.55
 211,-302.00,   47845,  1.66,   25216,  1.75,   22629,  1.57
 212,-301.00,   47303,  1.64,   24439,  1.70,   22864,  1.59
 213,-300.00,   47295,  1.64,   24270,  1.68,   23025,  1.60
 214,-299.00,   47025,  1.63,   23950,  1.66,   23075,  1.60
 215,-298.00,   47015,  1.63,   24187,  1.68,   22828,  1.58
 216,-297.00,   48214,  1.67,   25137,  1.74,   23077,  1.60
 217,-296.00,   46386,  1.61,   22799,  1.58,   23587,  1.64
 218,-295.00,   46514,  1.61,   21754,  1.51,   24760,  1.72
 219,-294.00,   45464,  1.58,   19970,  1.39,   25494,  1.77
 220,-293.00,   45180,  1.57,   18755,  1.30,   26425,  1.83
 221,-292.00,   43573,  1.51,   16939,  1.17,   26634,  1.85
 222,-291.00,   42904,  1.49,   15298,  1.06,   27606,  1.91
 223,-290.00,   40259,  1.40,   12182,  0.84,   28077,  1.95
 224,-289.00,   37714,  1.31,    9655,  0.67,   28059,  1.95
 225,-288.00,   35459,  1.23,    7980,  0.55,   27479,  1.91
 226,-287.00,   33863,  1.17,    5340,  0.37,   28523,  1.98
 227,-286.00,   31992,  1.11,    2721,  0.19,   29271,  2.03
 228,-285.00,   28878,  1.00,     -26, -0.00,   28904,  2.00
 229,-284.00,   26134,  0.91,   -2793, -0.19,   28927,  2.01
 230,-283.00,   23341,  0.81,   -4511, -0.31,   27852,  1.93
 231,-282.00,   21230,  0.74,   -6324, -0.44,   27554,  1.91
 232,-281.00,   18899,  0.66,   -8664, -0.60,   27563,  1.91
 233,-280.00,   15435,  0.54,  -10618, -0.74,   26053,  1.81
 234,-279.00,   11022,  0.38,  -13174, -0.91,   24196,  1.68
 235,-278.00,    9843,  0.34,  -14131, -0.98,   23974,  1.66
 236,-277.00,    8564,  0.30,  -13848, -0.96,   22412,  1.55
 237,-276.00,    7357,  0.26,  -13573, -0.94,   20930,  1.45
 238,-275.00,    4204,  0.15,  -15269, -1.06,   19473,  1.35
 239,-274.00,     758,  0.03,  -17833, -1.24,   18591,  1.29
 240,-273.00,   -3415, -0.12,  -21131, -1.47,   17716,  1.23
 241,-272.00,   -8120, -0.28,  -23895, -1.66,   15775,  1.09
 242,-271.00,  -10663, -0.37,  -25354, -1.76,   14691,  1.02
 243,-270.00,  -12866, -0.45,  -26098, -1.81,   13232,  0.92
 244,-269.00,  -15054, -0.52,  -26459, -1.84,   11405,  0.79
 245,-268.00,  -17311, -0.60,  -27429, -1.90,   10118,  0.70
 246,-267.00,  -19112, -0.66,  -27806, -1.93,    8694,  0.60
 247,-266.00,  -19984, -0.69,  -27502, -1.91,    7518,  0.52
 248,-265.00,  -22821, -0.79,  -29233, -2.03,    6412,  0.44
 249,-264.00,  -24311, -0.84,  -30062, -2.09,    5751,  0.40
 250,-263.00,  -24991, -0.87,  -30873, -2.14,    5882,  0.41
 251,-262.00,  -29056, -1.01,  -34065, -2.36,    5009,  0.35
 252,-261.00,  -32275, -1.12,  -36286, -2.52,    4011,  0.28
 253,-260.00,  -34914, -1.21,  -36932, -2.56,    2018,  0.14
 254,-259.00,  -38578, -1.34,  -37819, -2.62,    -759, -0.05
 255,-258.00,  -42625, -1.48,  -39176, -2.72,   -3449, -0.24
 256,-257.00,  -45703, -1.58,  -41521, -2.88,   -4182, -0.29
 257,-256.00,  -47580, -1.65,  -43160, -2.99,   -4420, -0.31
 258,-255.00,  -48735, -1.69,  -44532, -3.09,   -4203, -0.29
 259,-254.00,  -47829, -1.66,  -44279, -3.07,   -3550, -0.25
 260,-253.00,  -49556, -1.72,  -44524, -3.09,   -5032, -0.35
 261,-252.00,  -49806, -1.73,  -43464, -3.01,   -6342, -0.44
 262,-251.00,  -49040, -1.70,  -42502, -2.95,   -6538, -0.45
 263,-250.00,  -50190, -1.74,  -43663, -3.03,   -6527, -0.45
 264,-249.00,  -49848, -1.73,  -42588, -2.95,   -7260, -0.50
 265,-248.00,  -47788, -1.66,  -40538, -2.81,   -7250, -0.50
 266,-247.00,  -46837, -1.62,  -39860, -2.76,   -6977, -0.48
 267,-246.00,  -46050, -1.60,  -39611, -2.75,   -6439, -0.45
 268,-245.00,  -45448, -1.58,  -39107, -2.71,   -6341, -0.44
 269,-244.00,  -45873, -1.59,  -39136, -2.71,   -6737, -0.47
 270,-243.00,  -44811, -1.55,  -37645, -2.61,   -7166, -0.50
 271,-242.00,  -43087, -1.49,  -35736, -2.48,   -7351, -0.51
 272,-241.00,  -41975, -1.46,  -34304, -2.38,   -7671, -0.53
 273,-240.00,  -39558, -1.37,  -31883, -2.21,   -7675, -0.53
 274,-239.00,  -36831, -1.28,  -29963, -2.08,   -6868, -0.48
 275,-238.00,  -35925, -1.25,  -29321, -2.03,   -6604, -0.46
 276,-237.00,  -35063, -1.22,  -28834, -2.00,   -6229, -0.43
 277,-236.00,  -32934, -1.14,  -28303, -1.96,   -4631, -0.32
 278,-235.00,  -31134, -1.08,  -28474, -1.97,   -2660, -0.18
 279,-234.00,  -30194, -1.05,  -29373, -2.04,    -821, -0.06
 280,-233.00,  -29068, -1.01,  -29018, -2.01,     -50, -0.00
 281,-232.00,  -26129, -0.91,  -27597, -1.91,    1468,  0.10
 282,-231.00,  -22295, -0.77,  -26033, -1.81,    3738,  0.26
 283,-230.00,  -21801, -0.76,  -27628, -1.92,    5827,  0.40
 284,-229.00,  -21976, -0.76,  -28989, -2.01,    7013,  0.49
 285,-228.00,  -20583, -0.71,  -28277, -1.96,    7694,  0.53
 286,-227.00,  -19098, -0.66,  -27334, -1.90,    8236,  0.57
 287,-226.00,  -18973, -0.66,  -27282, -1.89,    8309,  0.58
 288,-225.00,  -18815, -0.65,  -27220, -1.89,    8405,  0.58
 289,-224.00,  -17726, -0.61,  -26602, -1.85,    8876,  0.62
 290,-223.00,  -17015, -0.59,  -26491, -1.84,    9476,  0.66
 291,-222.00,  -16849, -0.58,  -27085, -1.88,   10236,  0.71
 292,-221.00,  -17792, -0.62,  -28029, -1.94,   10237,  0.71
 293,-220.00,  -19325, -0.67,  -28160, -1.95,    8835,  0.61
 294,-219.00,  -20961, -0.73,  -28264, -1.96,    7303,  0.51
 295,-218.00,  -21200, -0.74,  -27443, -1.90,    6243,  0.43
 296,-217.00,  -21640, -0.75,  -26375, -1.83,    4735,  0.33
 297,-216.00,  -22164, -0.77,  -26225, -1.82,    4061,  0.28
 298,-215.00,  -21717, -0.75,  -25030, -1.74,    3313,  0.23
 299,-214.00,  -20001, -0.69,  -23237, -1.61,    3236,  0.22
 300,-213.00,  -18197, -0.63,  -21930, -1.52,    3733,  0.26
 301,-212.00,  -16309, -0.57,  -20829, -1.44,    4520,  0.31
 302,-211.00,  -16429, -0.57,  -21380, -1.48,    4951,  0.34
 303,-210.00,  -16111, -0.56,  -21998, -1.53,    5887,  0.41
 304,-209.00,  -14949, -0.52,  -22194, -1.54,    7245,  0.50
 305,-208.00,  -13647, -0.47,  -21858, -1.52,    8211,  0.57
 306,-207.00,   -9127, -0.32,  -18854, -1.31,    9727,  0.67
 307,-206.00,   -6334, -0.22,  -18012, -1.25,   11678,  0.81
 308,-205.00,   -5226, -0.18,  -18841, -1.31,   13615,  0.94
 309,-204.00,   -5767, -0.20,  -19924, -1.38,   14157,  0.98
 310,-203.00,   -4847, -0.17,  -20324, -1.41,   15477,  1.07
 311,-202.00,   -2592, -0.09,  -19713, -1.37,   17121,  1.19
 312,-201.00,    -276, -0.00,  -19045, -1.32,   18769,  1.30
 313,-200.00,    2557,  0.09,  -18148, -1.26,   20705,  1.44
 314,-199.00,    3034,  0.11,  -18343, -1.27,   21377,  1.48
 315,-198.00,    4334,  0.15,  -17511, -1.21,   21845,  1.52
 316,-197.00,    6719,  0.23,  -16146, -1.12,   22865,  1.59
 317,-196.00,    8762,  0.30,  -14432, -1.00,   23194,  1.61
 318,-195.00,    9113,  0.32,  -14431, -1.00,   23544,  1.63
 319,-194.00,    9916,  0.34,  -13967, -0.97,   23883,  1.66
 320,-193.00,   11098,  0.38,  -13185, -0.91,   24283,  1.68
 321,-192.00,   12660,  0.44,  -12744, -0.88,   25404,  1.76
 322,-191.00,   13977,  0.48,  -11280, -0.78,   25257,  1.75
 323,-190.00,   13575,  0.47,  -11343, -0.79,   24918,  1.73
 324,-189.00,   14944,  0.52,  -10041, -0.70,   24985,  1.73
 325,-188.00,   17065,  0.59,   -7618, -0.53,   24683,  1.71
 326,-187.00,   17597,  0.61,   -6104, -0.42,   23701,  1.64
 327,-186.00,   19103,  0.66,   -4623, -0.32,   23726,  1.65
 328,-185.00,   19282,  0.67,   -4387, -0.30,   23669,  1.64
 329,-184.00,   19150,  0.66,   -3759, -0.26,   22909,  1.59
 330,-183.00,   19099,  0.66,   -2674, -0.19,   21773,  1.51
 331,-182.00,   17719,  0.61,   -2428, -0.17,   20147,  1.40
 332,-181.00,   17534,  0.61,   -1530, -0.11,   19064,  1.32
 333,-180.00,   15510,  0.54,   -1946, -0.13,   17456,  1.21
 334,-179.00,   15918,  0.55,    -649, -0.05,   16567,  1.15
 335,-178.00,   16816,  0.58,    1061,  0.07,   15755,  1.09
 336,-177.00,   14611,  0.51,     981,  0.07,   13630,  0.95
 337,-176.00,   12156,  0.42,     839,  0.06,   11317,  0.78
 338,-175.00,    9962,  0.35,    1372,  0.10,    8590,  0.60
 339,-174.00,    8569,  0.30,    3061,  0.21,    5508,  0.38
 340,-173.00,    6531,  0.23,    3706,  0.26,    2825,  0.20
 341,-172.00,    4837,  0.17,    4712,  0.33,     125,  0.00
 342,-171.00,     411,  0.01,    3026,  0.21,   -2615, -0.18
 343,-170.00,   -4089, -0.14,     769,  0.05,   -4858, -0.34
 344,-169.00,   -8700, -0.30,   -1159, -0.08,   -7541, -0.52
 345,-168.00,  -13721, -0.48,   -2590, -0.18,  -11131, -0.77
 346,-167.00,  -18350, -0.64,   -4027, -0.28,  -14323, -0.99
 347,-166.00,  -21187, -0.73,   -4291, -0.30,  -16896, -1.17
 348,-165.00,  -22972, -0.80,   -3395, -0.24,  -19577, -1.36
 349,-164.00,  -25257, -0.88,   -3799, -0.26,  -21458, -1.49
 350,-163.00,  -27851, -0.97,   -4691, -0.33,  -23160, -1.61
 351,-162.00,  -30845, -1.07,   -6639, -0.46,  -24206, -1.68
 352,-161.00,  -32829, -1.14,   -7510, -0.52,  -25319, -1.76
 353,-160.00,  -34730, -1.20,   -7836, -0.54,  -26894, -1.87
 354,-159.00,  -36625, -1.27,   -7731, -0.54,  -28894, -2.00
 355,-158.00,  -36886, -1.28,   -6859, -0.48,  -30027, -2.08
 356,-157.00,  -38616, -1.34,   -7622, -0.53,  -30994, -2.15
 357,-156.00,  -40973, -1.42,   -8594, -0.60,  -32379, -2.25
 358,-155.00,  -43438, -1.51,   -9310, -0.65,  -34128, -2.37
 359,-154.00,  -45819, -1.59,  -10184, -0.71,  -35635, -2.47
 360,-153.00,  -46214, -1.60,   -9030, -0.63,  -37184, -2.58
 361,-152.00,  -46474, -1.61,   -8115, -0.56,  -38359, -2.66
 362,-151.00,  -47232, -1.64,   -8052, -0.56,  -39180, -2.72
 363,-150.00,  -48131, -1.67,   -7833, -0.54,  -40298, -2.80
 364,-149.00,  -48243, -1.67,   -7292, -0.51,  -40951, -2.84
 365,-148.00,  -47800, -1.66,   -6863, -0.48,  -40937, -2.84
 366,-147.00,  -46741, -1.62,   -6778, -0.47,  -39963, -2.77
 367,-146.00,  -46556, -1.61,   -7198, -0.50,  -39358, -2.73
 368,-145.00,  -46705, -1.62,   -7840, -0.54,  -38865, -2.70
 369,-144.00,  -48202, -1.67,   -9506, -0.66,  -38696, -2.68
 370,-143.00,  -48348, -1.68,  -10350, -0.72,  -37998, -2.64
 371,-142.00,  -48764, -1.69,  -10197, -0.71,  -38567, -2.68
 372,-141.00,  -50270, -1.74,  -11645, -0.81,  -38625, -2.68
 373,-140.00,  -49660, -1.72,  -11678, -0.81,  -37982, -2.63
 374,-139.00,  -46131, -1.60,  -10798, -0.75,  -35333, -2.45
 375,-138.00,  -43677, -1.51,  -10584, -0.73,  -33093, -2.30
 376,-137.00,  -42571, -1.48,   -9849, -0.68,  -32722, -2.27
 377,-136.00,  -41455, -1.44,   -9474, -0.66,  -31981, -2.22
 378,-135.00,  -41234, -1.43,   -9706, -0.67,  -31528, -2.19
 379,-134.00,  -41597, -1.44,   -9663, -0.67,  -31934, -2.21
 380,-133.00,  -42293, -1.47,  -10066, -0.70,  -32227, -2.24
 381,-132.00,  -41414, -1.44,   -9990, -0.69,  -31424, -2.18
 382,-131.00,  -41575, -1.44,  -10898, -0.76,  -30677, -2.13
 383,-130.00,  -40315, -1.40,  -11273, -0.78,  -29042, -2.01
 384,-129.00,  -39594, -1.37,  -11719, -0.81,  -27875, -1.93
 385,-128.00,  -39030, -1.35,  -12203, -0.85,  -26827, -1.86
 386,-127.00,  -37963, -1.32,  -12550, -0.87,  -25413, -1.76
 387,-126.00,  -37481, -1.30,  -13716, -0.95,  -23765, -1.65
 388,-125.00,  -35639, -1.24,  -13562, -0.94,  -22077, -1.53
 389,-124.00,  -34653, -1.20,  -13930, -0.97,  -20723, -1.44
 390,-123.00,  -33157, -1.15,  -14322, -0.99,  -18835, -1.31
 391,-122.00,  -31906, -1.11,  -14722, -1.02,  -17184, -1.19
 392,-121.00,  -31099, -1.08,  -14713, -1.02,  -16386, -1.14
 393,-120.00,  -29212, -1.01,  -14063, -0.98,  -15149, -1.05
 394,-119.00,  -26707, -0.93,  -13929, -0.97,  -12778, -0.89
 395,-118.00,  -24376, -0.85,  -14496, -1.01,   -9880, -0.69
 396,-117.00,  -20970, -0.73,  -13758, -0.95,   -7212, -0.50
 397,-116.00,  -17269, -0.60,  -11886, -0.82,   -5383, -0.37
 398,-115.00,  -13850, -0.48,  -10793, -0.75,   -3057, -0.21
 399,-114.00,  -13828, -0.48,  -11726, -0.81,   -2102, -0.15
 400,-113.00,  -14235, -0.49,  -13001, -0.90,   -1234, -0.09
 401,-112.00,  -12389, -0.43,  -12249, -0.85,    -140, -0.00
 402,-111.00,  -11782, -0.41,  -12895, -0.89,    1113,  0.08
 403,-110.00,  -10356, -0.36,  -12378, -0.86,    2022,  0.14
 404,-109.00,   -8597, -0.30,  -11705, -0.81,    3108,  0.22
 405,-108.00,   -6717, -0.23,  -11637, -0.81,    4920,  0.34
 406,-107.00,   -3545, -0.12,  -10369, -0.72,    6824,  0.47
 407,-106.00,    -420, -0.01,   -8601, -0.60,    8181,  0.57
 408,-105.00,    2978,  0.10,   -7016, -0.49,    9994,  0.69
 409,-104.00,    4101,  0.14,   -7333, -0.51,   11434,  0.79
 410,-103.00,    5072,  0.18,   -8030, -0.56,   13102,  0.91
 411,-102.00,    5973,  0.21,   -8454, -0.59,   14427,  1.00
 412,-101.00,    7431,  0.26,   -7780, -0.54,   15211,  1.06
 413,-100.00,    9915,  0.34,   -6163, -0.43,   16078,  1.12
 414,-99.00,   10082,  0.35,   -6058, -0.42,   16140,  1.12
 415,-98.00,   10581,  0.37,   -6489, -0.45,   17070,  1.18
 416,-97.00,   12134,  0.42,   -6872, -0.48,   19006,  1.32
 417,-96.00,   14179,  0.49,   -6126, -0.42,   20305,  1.41
 418,-95.00,   15346,  0.53,   -5516, -0.38,   20862,  1.45
 419,-94.00,   14736,  0.51,   -5661, -0.39,   20397,  1.41
 420,-93.00,   15300,  0.53,   -4601, -0.32,   19901,  1.38
 421,-92.00,   15819,  0.55,   -3946, -0.27,   19765,  1.37
 422,-91.00,   16968,  0.59,   -3055, -0.21,   20023,  1.39
 423,-90.00,   18347,  0.64,   -2153, -0.15,   20500,  1.42
 424,-89.00,   20620,  0.72,    -272, -0.02,   20892,  1.45
 425,-88.00,   23035,  0.80,    1798,  0.12,   21237,  1.47
 426,-87.00,   24657,  0.86,    3132,  0.22,   21525,  1.49
 427,-86.00,   25567,  0.89,    4461,  0.31,   21106,  1.46
 428,-85.00,   27314,  0.95,    6071,  0.42,   21243,  1.47
 429,-84.00,   28445,  0.99,    7527,  0.52,   20918,  1.45
 430,-83.00,   29713,  1.03,    8324,  0.58,   21389,  1.48
 431,-82.00,   30959,  1.07,    9292,  0.64,   21667,  1.50
 432,-81.00,   33200,  1.15,   11249,  0.78,   21951,  1.52
 433,-80.00,   34588,  1.20,   12139,  0.84,   22449,  1.56
 434,-79.00,   34695,  1.20,   12342,  0.86,   22353,  1.55
 435,-78.00,   34846,  1.21,   12458,  0.86,   22388,  1.55
 436,-77.00,   34159,  1.18,   12016,  0.83,   22143,  1.54
 437,-76.00,   32755,  1.14,   11391,  0.79,   21364,  1.48
 438,-75.00,   31403,  1.09,   11099,  0.77,   20304,  1.41
 439,-74.00,   30640,  1.06,   10596,  0.73,   20044,  1.39
 440,-73.00,   29317,  1.02,    9005,  0.62,   20312,  1.41
 441,-72.00,   28286,  0.98,    8143,  0.56,   20143,  1.40
 442,-71.00,   27586,  0.96,    7949,  0.55,   19637,  1.36
 443,-70.00,   26833,  0.93,    8009,  0.56,   18824,  1.31
 444,-69.00,   26288,  0.91,    8790,  0.61,   17498,  1.21
 445,-68.00,   26161,  0.91,    9322,  0.65,   16839,  1.17
 446,-67.00,   27924,  0.97,   11080,  0.77,   16844,  1.17
 447,-66.00,   27396,  0.95,   11442,  0.79,   15954,  1.11
 448,-65.00,   27327,  0.95,   12053,  0.84,   15274,  1.06
 449,-64.00,   27721,  0.96,   12601,  0.87,   15120,  1.05
 450,-63.00,   28551,  0.99,   13637,  0.95,   14914,  1.03
 451,-62.00,   28719,  1.00,   14405,  1.00,   14314,  0.99
 452,-61.00,   29155,  1.01,   16017,  1.11,   13138,  0.91
 453,-60.00,   29236,  1.01,   17117,  1.19,   12119,  0.84
 454,-59.00,   29247,  1.01,   17575,  1.22,   11672,  0.81
 455,-58.00,   29329,  1.02,   18287,  1.27,   11042,  0.77
 456,-57.00,   29087,  1.01,   19619,  1.36,    9468,  0.66
 457,-56.00,   28277,  0.98,   20707,  1.44,    7570,  0.53
 458,-55.00,   27364,  0.95,   21453,  1.49,    5911,  0.41
 459,-54.00,   25346,  0.88,   21167,  1.47,    4179,  0.29
 460,-53.00,   24395,  0.85,   21497,  1.49,    2898,  0.20
 461,-52.00,   23787,  0.82,   21811,  1.51,    1976,  0.14
 462,-51.00,   23148,  0.80,   22769,  1.58,     379,  0.03
 463,-50.00,   21262,  0.74,   23259,  1.61,   -1997, -0.14
 464,-49.00,   19627,  0.68,   24008,  1.67,   -4381, -0.30
 465,-48.00,   19819,  0.69,   25773,  1.79,   -5954, -0.41
 466,-47.00,   19417,  0.67,   27179,  1.89,   -7762, -0.54
 467,-46.00,   16056,  0.56,   26609,  1.85,  -10553, -0.73
 468,-45.00,   12868,  0.45,   26514,  1.84,  -13646, -0.95
 469,-44.00,   11174,  0.39,   27434,  1.90,  -16260, -1.13
 470,-43.00,    7418,  0.26,   26734,  1.85,  -19316, -1.34
 471,-42.00,    4675,  0.16,   26060,  1.81,  -21385, -1.48
 472,-41.00,    2070,  0.07,   25504,  1.77,  -23434, -1.63
 473,-40.00,    -351, -0.01,   25336,  1.76,  -25687, -1.78
 474,-39.00,   -3755, -0.13,   23431,  1.63,  -27186, -1.89
 475,-38.00,   -8404, -0.29,   20798,  1.44,  -29202, -2.03
 476,-37.00,  -11333, -0.39,   19771,  1.37,  -31104, -2.16
 477,-36.00,  -12687, -0.44,   19855,  1.38,  -32542, -2.26
 478,-35.00,  -14584, -0.51,   19428,  1.35,  -34012, -2.36
 479,-34.00,  -17539, -0.61,   18762,  1.30,  -36301, -2.52
 480,-33.00,  -21685, -0.75,   16555,  1.15,  -38240, -2.65
 481,-32.00,  -24536, -0.85,   15357,  1.07,  -39893, -2.77
 482,-31.00,  -27288, -0.95,   14415,  1.00,  -41703, -2.89
 483,-30.00,  -30074, -1.04,   12568,  0.87,  -42642, -2.96
 484,-29.00,  -32722, -1.13,   10378,  0.72,  -43100, -2.99
 485,-28.00,  -35241, -1.22,    9020,  0.63,  -44261, -3.07
 486,-27.00,  -37721, -1.31,    7288,  0.51,  -45009, -3.12
 487,-26.00,  -40362, -1.40,    5494,  0.38,  -45856, -3.18
 488,-25.00,  -42803, -1.48,    4948,  0.34,  -47751, -3.31
 489,-24.00,  -47011, -1.63,    3551,  0.25,  -50562, -3.51
 490,-23.00,  -48377, -1.68,    3599,  0.25,  -51976, -3.61
 491,-22.00,  -49629, -1.72,    3343,  0.23,  -52972, -3.67
 492,-21.00,  -50650, -1.76,    3475,  0.24,  -54125, -3.75
 493,-20.00,  -51781, -1.80,    3562,  0.25,  -55343, -3.84
 494,-19.00,  -52637, -1.83,    2954,  0.20,  -55591, -3.86
 495,-18.00,  -54493, -1.89,    1545,  0.11,  -56038, -3.89
 496,-17.00,  -54751, -1.90,    1393,  0.10,  -56144, -3.89
 497,-16.00,  -54477, -1.89,    2164,  0.15,  -56641, -3.93
 498,-15.00,  -53410, -1.85,    3361,  0.23,  -56771, -3.94
 499,-14.00,  -52860, -1.83,    3801,  0.26,  -56661, -3.93
 500,-13.00,  -52385, -1.82,    5064,  0.35,  -57449, -3.98
 501,-12.00,  -52398, -1.82,    5235,  0.36,  -57633, -4.00
 502,-11.00,  -51497, -1.79,    5493,  0.38,  -56990, -3.95
 503,-10.00,  -51569, -1.79,    5827,  0.40,  -57396, -3.98
 504,-9.00,  -51817, -1.80,    5906,  0.41,  -57723, -4.00
 505,-8.00,  -51064, -1.77,    5444,  0.38,  -56508, -3.92
 506,-7.00,  -50040, -1.74,    5702,  0.40,  -55742, -3.87
 507,-6.00,  -52093, -1.81,    5079,  0.35,  -57172, -3.97
 508,-5.00,  -54071, -1.88,    4693,  0.33,  -58764, -4.08
 509,-4.00,  -54052, -1.87,    5264,  0.37,  -59316, -4.11
 510,-3.00,  -55545, -1.93,    4805,  0.33,  -60350, -4.19
 511,-2.00,  -55620, -1.93,    4665,  0.32,  -60285, -4.18
 512,-1.00,  -55198, -1.91,    5133,  0.36,  -60331, -4.18
 513,0.00,  -54033, -1.87,    5367,  0.37,  -59400, -4.12
 514,1.00,  -53001, -1.84,    5152,  0.36,  -58153, -4.03
 515,2.00,  -51618, -1.79,    5490,  0.38,  -57108, -3.96
 516,3.00,  -50814, -1.76,    7069,  0.49,  -57883, -4.01
 517,4.00,  -52066, -1.81,    6259,  0.43,  -58325, -4.05
 518,5.00,  -53480, -1.85,    4981,  0.35,  -58461, -4.05
 519,6.00,  -53138, -1.84,    4875,  0.34,  -58013, -4.02
 520,7.00,  -51050, -1.77,    5889,  0.41,  -56939, -3.95
 521,8.00,  -49282, -1.71,    6593,  0.46,  -55875, -3.88
 522,9.00,  -47728, -1.66,    7383,  0.51,  -55111, -3.82
 523,10.00,  -45475, -1.58,    8525,  0.59,  -54000, -3.75
 524,11.00,  -44285, -1.54,    9117,  0.63,  -53402, -3.70
 525,12.00,  -43899, -1.52,    9241,  0.64,  -53140, -3.69
 526,13.00,  -42458, -1.47,    9320,  0.65,  -51778, -3.59
 527,14.00,  -40397, -1.40,    9893,  0.69,  -50290, -3.49
 528,15.00,  -39484, -1.37,   10201,  0.71,  -49685, -3.45
 529,16.00,  -38776, -1.34,    9950,  0.69,  -48726, -3.38
 530,17.00,  -37308, -1.29,   11159,  0.77,  -48467, -3.36
 531,18.00,  -32845, -1.14,   13912,  0.96,  -46757, -3.24
 532,19.00,  -27758, -0.96,   16455,  1.14,  -44213, -3.07
 533,20.00,  -24307, -0.84,   17943,  1.24,  -42250, -2.93
 534,21.00,  -22117, -0.77,   17407,  1.21,  -39524, -2.74
 535,22.00,  -18335, -0.64,   17105,  1.19,  -35440, -2.46
 536,23.00,  -12955, -0.45,   17146,  1.19,  -30101, -2.09
 537,24.00,   -7484, -0.26,   17771,  1.23,  -25255, -1.75
 538,25.00,   -4294, -0.15,   17257,  1.20,  -21551, -1.49
 539,26.00,      81,  0.00,   17114,  1.19,  -17033, -1.18
 540,27.00,    3430,  0.12,   17231,  1.20,  -13801, -0.96
 541,28.00,    5675,  0.20,   17762,  1.23,  -12087, -0.84
 542,29.00,    7819,  0.27,   17033,  1.18,   -9214, -0.64
 543,30.00,   10271,  0.36,   16554,  1.15,   -6283, -0.44
 544,31.00,   13909,  0.48,   16725,  1.16,   -2816, -0.20
 545,32.00,   17240,  0.60,   16832,  1.17,     408,  0.03
 546,33.00,   20045,  0.70,   16329,  1.13,    3716,  0.26
 547,34.00,   21177,  0.73,   15732,  1.09,    5445,  0.38
 548,35.00,   20447,  0.71,   14700,  1.02,    5747,  0.40
 549,36.00,   20041,  0.70,   14101,  0.98,    5940,  0.41
 550,37.00,   18770,  0.65,   13273,  0.92,    5497,  0.38
 551,38.00,   18953,  0.66,   13136,  0.91,    5817,  0.40
 552,39.00,   19825,  0.69,   13460,  0.93,    6365,  0.44
 553,40.00,   21052,  0.73,   14567,  1.01,    6485,  0.45
 554,41.00,   21889,  0.76,   14982,  1.04,    6907,  0.48
 555,42.00,   22898,  0.79,   15177,  1.05,    7721,  0.54
 556,43.00,   22529,  0.78,   14458,  1.00,    8071,  0.56
 557,44.00,   20569,  0.71,   13006,  0.90,    7563,  0.52
 558,45.00,   19901,  0.69,   13201,  0.92,    6700,  0.46
 559,46.00,   19848,  0.69,   13745,  0.95,    6103,  0.42
 560,47.00,   20795,  0.72,   14483,  1.00,    6312,  0.44
 561,48.00,   21097,  0.73,   13670,  0.95,    7427,  0.52
 562,49.00,   20084,  0.70,   12886,  0.89,    7198,  0.50
 563,50.00,   18407,  0.64,   11277,  0.78,    7130,  0.49
 564,51.00,   17985,  0.62,   10724,  0.74,    7261,  0.50
 565,52.00,   18868,  0.65,   10397,  0.72,    8471,  0.59
 566,53.00,   21280,  0.74,   10888,  0.76,   10392,  0.72
 567,54.00,   20192,  0.70,    9293,  0.64,   10899,  0.76
 568,55.00,   19204,  0.67,    8469,  0.59,   10735,  0.74
 569,56.00,   20700,  0.72,    9480,  0.66,   11220,  0.78
 570,57.00,   19918,  0.69,    8438,  0.59,   11480,  0.80
 571,58.00,   17860,  0.62,    6764,  0.47,   11096,  0.77
 572,59.00,   17048,  0.59,    6030,  0.42,   11018,  0.76
 573,60.00,   16602,  0.58,    6060,  0.42,   10542,  0.73
 574,61.00,   17381,  0.60,    6711,  0.47,   10670,  0.74
 575,62.00,   16759,  0.58,    5397,  0.37,   11362,  0.79
 576,63.00,   17363,  0.60,    5921,  0.41,   11442,  0.79
 577,64.00,   18023,  0.63,    5879,  0.41,   12144,  0.84
 578,65.00,   17975,  0.62,    5455,  0.38,   12520,  0.87
 579,66.00,   18148,  0.63,    4944,  0.34,   13204,  0.92
 580,67.00,   17235,  0.60,    4843,  0.34,   12392,  0.86
 581,68.00,   17171,  0.60,    5366,  0.37,   11805,  0.82
 582,69.00,   16804,  0.58,    6186,  0.43,   10618,  0.74
 583,70.00,   15719,  0.55,    6170,  0.43,    9549,  0.66
 584,71.00,   13977,  0.48,    5728,  0.40,    8249,  0.57
 585,72.00,   13532,  0.47,    6674,  0.46,    6858,  0.48
 586,73.00,   13474,  0.47,    7650,  0.53,    5824,  0.40
 587,74.00,   11700,  0.41,    7209,  0.50,    4491,  0.31
 588,75.00,    9156,  0.32,    5666,  0.39,    3490,  0.24
 589,76.00,    7090,  0.25,    4591,  0.32,    2499,  0.17
 590,77.00,    5767,  0.20,    4581,  0.32,    1186,  0.08
 591,78.00,    4973,  0.17,    5341,  0.37,    -368, -0.03
 592,79.00,    5800,  0.20,    7134,  0.49,   -1334, -0.09
 593,80.00,    6923,  0.24,    8955,  0.62,   -2032, -0.14
 594,81.00,    6470,  0.22,   10146,  0.70,   -3676, -0.25
 595,82.00,    5515,  0.19,   10562,  0.73,   -5047, -0.35
 596,83.00,    6065,  0.21,   11134,  0.77,   -5069, -0.35
 597,84.00,    4695,  0.16,   10603,  0.74,   -5908, -0.41
 598,85.00,    3631,  0.13,   10765,  0.75,   -7134, -0.49
 599,86.00,    2863,  0.10,   10871,  0.75,   -8008, -0.56
 600,87.00,    1664,  0.06,   10727,  0.74,   -9063, -0.63
 601,88.00,     379,  0.01,   10672,  0.74,  -10293, -0.71
 602,89.00,       0,  0.00,   11014,  0.76,  -11014, -0.76
 603,90.00,    -990, -0.03,   11114,  0.77,  -12104, -0.84
 604,91.00,    -230, -0.00,   12452,  0.86,  -12682, -0.88
 605,92.00,     263,  0.00,   13200,  0.92,  -12937, -0.90
 606,93.00,     945,  0.03,   14146,  0.98,  -13201, -0.92
 607,94.00,    1641,  0.06,   14243,  0.99,  -12602, -0.87
 608,95.00,    1476,  0.05,   14034,  0.97,  -12558, -0.87
 609,96.00,    1831,  0.06,   14637,  1.02,  -12806, -0.89
 610,97.00,    2449,  0.08,   15165,  1.05,  -12716, -0.88
 611,98.00,    3235,  0.11,   16117,  1.12,  -12882, -0.89
 612,99.00,    3637,  0.13,   16143,  1.12,  -12506, -0.87
 613,100.00,    5157,  0.18,   15935,  1.11,  -10778, -0.75
 614,101.00,    8420,  0.29,   17922,  1.24,   -9502, -0.66
 615,102.00,   11591,  0.40,   20172,  1.40,   -8581, -0.60
 616,103.00,   16274,  0.56,   23140,  1.60,   -6866, -0.48
 617,104.00,   19591,  0.68,   25295,  1.75,   -5704, -0.40
 618,105.00,   22643,  0.79,   26857,  1.86,   -4214, -0.29
 619,106.00,   26319,  0.91,   28571,  1.98,   -2252, -0.16
 620,107.00,   29599,  1.03,   31111,  2.16,   -1512, -0.10
 621,108.00,   31217,  1.08,   32633,  2.26,   -1416, -0.10
 622,109.00,   34055,  1.18,   34523,  2.39,    -468, -0.03
 623,110.00,   35943,  1.25,   35558,  2.47,     385,  0.03
 624,111.00,   38278,  1.33,   37507,  2.60,     771,  0.05
 625,112.00,   40073,  1.39,   39255,  2.72,     818,  0.06
 626,113.00,   42242,  1.46,   40569,  2.81,    1673,  0.12
 627,114.00,   45351,  1.57,   42318,  2.94,    3033,  0.21
 628,115.00,   48747,  1.69,   44401,  3.08,    4346,  0.30
 629,116.00,   51765,  1.80,   46569,  3.23,    5196,  0.36
 630,117.00,   54584,  1.89,   48387,  3.36,    6197,  0.43
 631,118.00,   56506,  1.96,   49784,  3.45,    6722,  0.47
 632,119.00,   59367,  2.06,   51273,  3.56,    8094,  0.56
 633,120.00,   63073,  2.19,   52295,  3.63,   10778,  0.75
 634,121.00,   66891,  2.32,   53263,  3.69,   13628,  0.95
 635,122.00,   68544,  2.38,   52967,  3.67,   15577,  1.08
 636,123.00,   70835,  2.46,   52974,  3.67,   17861,  1.24
 637,124.00,   73985,  2.57,   53940,  3.74,   20045,  1.39
 638,125.00,   76657,  2.66,   54624,  3.79,   22033,  1.53
 639,126.00,   78870,  2.74,   55298,  3.84,   23572,  1.63
 640,127.00,   79666,  2.76,   55438,  3.85,   24228,  1.68
 641,128.00,   79233,  2.75,   55158,  3.83,   24075,  1.67
 642,129.00,   78541,  2.72,   54792,  3.80,   23749,  1.65
 643,130.00,   78168,  2.71,   54023,  3.75,   24145,  1.67
 644,131.00,   77004,  2.67,   52433,  3.64,   24571,  1.70
 645,132.00,   76225,  2.64,   51444,  3.57,   24781,  1.72
 646,133.00,   76168,  2.64,   50965,  3.53,   25203,  1.75
 647,134.00,   75211,  2.61,   50037,  3.47,   25174,  1.75
 648,135.00,   75055,  2.60,   49146,  3.41,   25909,  1.80
 649,136.00,   73140,  2.54,   47278,  3.28,   25862,  1.79
 650,137.00,   72218,  2.50,   46152,  3.20,   26066,  1.81
 651,138.00,   72631,  2.52,   45337,  3.14,   27294,  1.89
 652,139.00,   72204,  2.50,   43658,  3.03,   28546,  1.98
 653,140.00,   71946,  2.50,   42544,  2.95,   29402,  2.04
 654,141.00,   71101,  2.47,   40783,  2.83,   30318,  2.10
 655,142.00,   72266,  2.51,   40410,  2.80,   31856,  2.21
 656,143.00,   73257,  2.54,   39135,  2.71,   34122,  2.37
 657,144.00,   73368,  2.54,   36918,  2.56,   36450,  2.53
 658,145.00,   73755,  2.56,   35362,  2.45,   38393,  2.66
 659,146.00,   72907,  2.53,   33143,  2.30,   39764,  2.76
 660,147.00,   72442,  2.51,   31292,  2.17,   41150,  2.85
 661,148.00,   70320,  2.44,   29085,  2.02,   41235,  2.86
 662,149.00,   67920,  2.36,   26927,  1.87,   40993,  2.84
 663,150.00,   65073,  2.26,   24921,  1.73,   40152,  2.78
 664,151.00,   63672,  2.21,   23244,  1.61,   40428,  2.80
 665,152.00,   60561,  2.10,   20181,  1.40,   40380,  2.80
 666,153.00,   56396,  1.96,   16838,  1.17,   39558,  2.74
 667,154.00,   51559,  1.79,   13116,  0.91,   38443,  2.67
 668,155.00,   47626,  1.65,    9496,  0.66,   38130,  2.64
 669,156.00,   43250,  1.50,    5019,  0.35,   38231,  2.65
 670,157.00,   38714,  1.34,     317,  0.02,   38397,  2.66
 671,158.00,   35706,  1.24,   -2955, -0.20,   38661,  2.68
 672,159.00,   31010,  1.08,   -6067, -0.42,   37077,  2.57
 673,160.00,   25621,  0.89,   -9448, -0.66,   35069,  2.43
 674,161.00,   19808,  0.69,  -13468, -0.93,   33276,  2.31
 675,162.00,   15531,  0.54,  -16452, -1.14,   31983,  2.22
 676,163.00,   13172,  0.46,  -18617, -1.29,   31789,  2.20
 677,164.00,   10110,  0.35,  -20596, -1.43,   30706,  2.13
 678,165.00,    5993,  0.21,  -23178, -1.61,   29171,  2.02
 679,166.00,    -533, -0.02,  -27661, -1.92,   27128,  1.88
 680,167.00,   -6185, -0.21,  -31431, -2.18,   25246,  1.75
 681,168.00,  -10182, -0.35,  -33850, -2.35,   23668,  1.64
 682,169.00,  -13977, -0.48,  -35900, -2.49,   21923,  1.52
 683,170.00,  -18857, -0.65,  -38539, -2.67,   19682,  1.37
 684,171.00,  -24675, -0.86,  -41437, -2.87,   16762,  1.16
 685,172.00,  -31040, -1.08,  -44752, -3.10,   13712,  0.95
 686,173.00,  -36746, -1.27,  -47771, -3.31,   11025,  0.76
 687,174.00,  -42529, -1.47,  -51048, -3.54,    8519,  0.59
 688,175.00,  -48446, -1.68,  -53364, -3.70,    4918,  0.34
 689,176.00,  -54173, -1.88,  -56018, -3.89,    1845,  0.13
 690,177.00,  -58710, -2.04,  -58245, -4.04,    -465, -0.03
 691,178.00,  -63820, -2.21,  -60790, -4.22,   -3030, -0.21
 692,179.00,  -67565, -2.34,  -63073, -4.37,   -4492, -0.31
 693,180.00,  -72411, -2.51,  -66137, -4.59,   -6274, -0.44
 694,181.00,  -78525, -2.72,  -69710, -4.84,   -8815, -0.61
 695,182.00,  -84526, -2.93,  -73714, -5.11,  -10812, -0.75
 696,183.00,  -89844, -3.12,  -75778, -5.26,  -14066, -0.98
 697,184.00,  -95509, -3.31,  -78679, -5.46,  -16830, -1.17
 698,185.00,  -99656, -3.46,  -80058, -5.55,  -19598, -1.36
 699,186.00, -103133, -3.58,  -80868, -5.61,  -22265, -1.54
 700,187.00, -106209, -3.68,  -81296, -5.64,  -24913, -1.73
 701,188.00, -109715, -3.80,  -81771, -5.67,  -27944, -1.94
 702,189.00, -112692, -3.91,  -82484, -5.72,  -30208, -2.10
 703,190.00, -115741, -4.01,  -82963, -5.75,  -32778, -2.27
 704,191.00, -120227, -4.17,  -84881, -5.89,  -35346, -2.45
 705,192.00, -123926, -4.30,  -86182, -5.98,  -37744, -2.62
 706,193.00, -127228, -4.41,  -87049, -6.04,  -40179, -2.79
 707,194.00, -130140, -4.51,  -86985, -6.03,  -43155, -2.99
 708,195.00, -130777, -4.54,  -85773, -5.95,  -45004, -3.12
 709,196.00, -130860, -4.54,  -83721, -5.81,  -47139, -3.27
 710,197.00, -131398, -4.56,  -81575, -5.66,  -49823, -3.46
 711,198.00, -132334, -4.59,  -80409, -5.58,  -51925, -3.60
 712,199.00, -133234, -4.62,  -80379, -5.58,  -52855, -3.67
 713,200.00, -132784, -4.60,  -79621, -5.52,  -53163, -3.69
 714,201.00, -131905, -4.57,  -78391, -5.44,  -53514, -3.71
 715,202.00, -134479, -4.66,  -77917, -5.40,  -56562, -3.92
 716,203.00, -136596, -4.74,  -77718, -5.39,  -58878, -4.08
 717,204.00, -135886, -4.71,  -76020, -5.27,  -59866, -4.15
 718,205.00, -136127, -4.72,  -74786, -5.19,  -61341, -4.25
 719,206.00, -137185, -4.76,  -74713, -5.18,  -62472, -4.33
 720,207.00, -136530, -4.73,  -72979, -5.06,  -63551, -4.41
 721,208.00, -135662, -4.70,  -71533, -4.96,  -64129, -4.45
 722,209.00, -134103, -4.65,  -69131, -4.79,  -64972, -4.51
 723,210.00, -134733, -4.67,  -67949, -4.71,  -66784, -4.63
 724,211.00, -133300, -4.62,  -65415, -4.54,  -67885, -4.71
 725,212.00, -131855, -4.57,  -62552, -4.34,  -69303, -4.81
 726,213.00, -130005, -4.51,  -60765, -4.21,  -69240, -4.80
 727,214.00, -125913, -4.37,  -58207, -4.04,  -67706, -4.70
 728,215.00, -122589, -4.25,  -56167, -3.90,  -66422, -4.61
 729,216.00, -119185, -4.13,  -53899, -3.74,  -65286, -4.53
 730,217.00, -113399, -3.93,  -50568, -3.51,  -62831, -4.36
 731,218.00, -108143, -3.75,  -47070, -3.26,  -61073, -4.24
 732,219.00, -102600, -3.56,  -42538, -2.95,  -60062, -4.17
 733,220.00,  -96721, -3.35,  -37506, -2.60,  -59215, -4.11
 734,221.00,  -92008, -3.19,  -33557, -2.33,  -58451, -4.05
 735,222.00,  -86141, -2.99,  -29823, -2.07,  -56318, -3.91
 736,223.00,  -81151, -2.81,  -25506, -1.77,  -55645, -3.86
 737,224.00,  -76563, -2.66,  -21454, -1.49,  -55109, -3.82
 738,225.00,  -73158, -2.54,  -19090, -1.32,  -54068, -3.75
 739,226.00,  -71661, -2.49,  -17988, -1.25,  -53673, -3.72
 740,227.00,  -69676, -2.42,  -16008, -1.11,  -53668, -3.72
 741,228.00,  -66501, -2.31,  -13149, -0.91,  -53352, -3.70
 742,229.00,  -62829, -2.18,  -10176, -0.71,  -52653, -3.65
 743,230.00,  -57918, -2.01,   -5871, -0.41,  -52047, -3.61
 744,231.00,  -52465, -1.82,   -2712, -0.19,  -49753, -3.45
 745,232.00,  -49143, -1.70,   -1604, -0.11,  -47539, -3.30
 746,233.00,  -46266, -1.60,     204,  0.01,  -46470, -3.22
 747,234.00,  -42315, -1.47,    2207,  0.15,  -44522, -3.09
 748,235.00,  -38804, -1.35,    3875,  0.27,  -42679, -2.96
 749,236.00,  -33104, -1.15,    5893,  0.41,  -38997, -2.70
 750,237.00,  -29486, -1.02,    5600,  0.39,  -35086, -2.43
 751,238.00,  -24854, -0.86,    6073,  0.42,  -30927, -2.15
 752,239.00,  -21061, -0.73,    7434,  0.52,  -28495, -1.98
 753,240.00,  -18102, -0.63,    8384,  0.58,  -26486, -1.84
 754,241.00,  -13386, -0.46,    9754,  0.68,  -23140, -1.60
 755,242.00,   -8515, -0.30,   10941,  0.76,  -19456, -1.35
 756,243.00,   -3915, -0.14,   11662,  0.81,  -15577, -1.08
 757,244.00,     381,  0.01,   12437,  0.86,  -12056, -0.84
 758,245.00,     403,  0.01,   10828,  0.75,  -10425, -0.72
 759,246.00,    1384,  0.05,   10342,  0.72,   -8958, -0.62
 760,247.00,    2835,  0.10,   10134,  0.70,   -7299, -0.51
 761,248.00,    4889,  0.17,   11377,  0.79,   -6488, -0.45
 762,249.00,    6986,  0.24,   12761,  0.89,   -5775, -0.40
 763,250.00,    8974,  0.31,   15191,  1.05,   -6217, -0.43
 764,251.00,   10720,  0.37,   16195,  1.12,   -5475, -0.38
 765,252.00,   11149,  0.39,   15393,  1.07,   -4244, -0.29
 766,253.00,   12271,  0.43,   15032,  1.04,   -2761, -0.19
 767,254.00,   13256,  0.46,   15202,  1.05,   -1946, -0.13
 768,255.00,   14720,  0.51,   15523,  1.08,    -803, -0.06
 769,256.00,   15449,  0.54,   15725,  1.09,    -276, -0.02
 770,257.00,   15412,  0.53,   15700,  1.09,    -288, -0.02
 771,258.00,   16229,  0.56,   15885,  1.10,     344,  0.02
 772,259.00,   18318,  0.64,   15812,  1.10,    2506,  0.17
 773,260.00,   19146,  0.66,   14929,  1.04,    4217,  0.29
 774,261.00,   18163,  0.63,   14991,  1.04,    3172,  0.22
 775,262.00,   17879,  0.62,   14969,  1.04,    2910,  0.20
 776,263.00,   16574,  0.57,   14169,  0.98,    2405,  0.17
 777,264.00,   16993,  0.59,   13540,  0.94,    3453,  0.24
 778,265.00,   18434,  0.64,   13887,  0.96,    4547,  0.32
 779,266.00,   17255,  0.60,   12762,  0.89,    4493,  0.31
 780,267.00,   16182,  0.56,   12889,  0.89,    3293,  0.23
 781,268.00,   15224,  0.53,   12596,  0.87,    2628,  0.18
 782,269.00,   11775,  0.41,    9816,  0.68,    1959,  0.14
 783,270.00,    9240,  0.32,    8370,  0.58,     870,  0.06
 784,271.00,    5748,  0.20,    6934,  0.48,   -1186, -0.08
 785,272.00,    2334,  0.08,    4342,  0.30,   -2008, -0.14
 786,273.00,    -717, -0.02,    2422,  0.17,   -3139, -0.22
 787,274.00,   -2416, -0.08,    1233,  0.09,   -3649, -0.25
 788,275.00,   -4081, -0.14,    -188, -0.01,   -3893, -0.27
 789,276.00,   -7957, -0.28,   -1952, -0.14,   -6005, -0.42
 790,277.00,  -11783, -0.41,   -3585, -0.25,   -8198, -0.57
 791,278.00,  -16054, -0.56,   -5327, -0.37,  -10727, -0.74
 792,279.00,  -20429, -0.71,   -7736, -0.54,  -12693, -0.88
 793,280.00,  -25847, -0.90,  -11034, -0.77,  -14813, -1.03
 794,281.00,  -29035, -1.01,  -12705, -0.88,  -16330, -1.13
 795,282.00,  -33399, -1.16,  -15587, -1.08,  -17812, -1.24
 796,283.00,  -37764, -1.31,  -17957, -1.25,  -19807, -1.37
 797,284.00,  -41991, -1.46,  -20216, -1.40,  -21775, -1.51
 798,285.00,  -44887, -1.56,  -22323, -1.55,  -22564, -1.57
 799,286.00,  -47450, -1.65,  -24384, -1.69,  -23066, -1.60
 800,287.00,  -50144, -1.74,  -26296, -1.82,  -23848, -1.65
 801,288.00,  -52414, -1.82,  -27947, -1.94,  -24467, -1.70
 802,289.00,  -56046, -1.94,  -30008, -2.08,  -26038, -1.81
 803,290.00,  -61275, -2.13,  -33894, -2.35,  -27381, -1.90
 804,291.00,  -65471, -2.27,  -37152, -2.58,  -28319, -1.96
 805,292.00,  -70995, -2.46,  -40130, -2.78,  -30865, -2.14
 806,293.00,  -75166, -2.61,  -42867, -2.97,  -32299, -2.24
 807,294.00,  -79408, -2.75,  -45141, -3.13,  -34267, -2.38
 808,295.00,  -83048, -2.88,  -47389, -3.29,  -35659, -2.47
 809,296.00,  -86531, -3.00,  -51116, -3.55,  -35415, -2.46
 810,297.00,  -91816, -3.18,  -55083, -3.82,  -36733, -2.55
 811,298.00,  -96525, -3.35,  -58935, -4.09,  -37590, -2.61
 812,299.00, -100372, -3.48,  -62586, -4.34,  -37786, -2.62
 813,300.00, -103930, -3.60,  -65461, -4.54,  -38469, -2.67
 814,301.00, -107742, -3.74,  -68702, -4.77,  -39040, -2.71
 815,302.00, -111100, -3.85,  -70951, -4.92,  -40149, -2.78
 816,303.00, -115215, -4.00,  -74050, -5.14,  -41165, -2.86
 817,304.00, -118263, -4.10,  -76762, -5.32,  -41501, -2.88
 818,305.00, -121586, -4.22,  -79212, -5.49,  -42374, -2.94
 819,306.00, -125005, -4.34,  -81776, -5.67,  -43229, -3.00
 820,307.00, -129814, -4.50,  -85426, -5.93,  -44388, -3.08
 821,308.00, -133239, -4.62,  -88697, -6.15,  -44542, -3.09
 822,309.00, -133686, -4.64,  -89869, -6.23,  -43817, -3.04
 823,310.00, -135456, -4.70,  -90287, -6.26,  -45169, -3.13
 824,311.00, -134822, -4.68,  -88269, -6.12,  -46553, -3.23
 825,312.00, -134331, -4.66,  -86346, -5.99,  -47985, -3.33
 826,313.00, -134949, -4.68,  -85746, -5.95,  -49203, -3.41
 827,314.00, -136302, -4.73,  -86244, -5.98,  -50058, -3.47
 828,315.00, -137542, -4.77,  -87248, -6.05,  -50294, -3.49
 829,316.00, -139800, -4.85,  -88051, -6.11,  -51749, -3.59
 830,317.00, -141744, -4.92,  -87515, -6.07,  -54229, -3.76
 831,318.00, -142629, -4.95,  -86853, -6.02,  -55776, -3.87
 832,319.00, -143463, -4.98,  -86640, -6.01,  -56823, -3.94
 833,320.00, -144893, -5.02,  -86231, -5.98,  -58662, -4.07
 834,321.00, -148189, -5.14,  -85590, -5.94,  -62599, -4.34
 835,322.00, -147127, -5.10,  -83265, -5.78,  -63862, -4.43
 836,323.00, -146557, -5.08,  -82288, -5.71,  -64269, -4.46
 837,324.00, -147401, -5.11,  -81695, -5.67,  -65706, -4.56
 838,325.00, -148781, -5.16,  -81213, -5.63,  -67568, -4.69
 839,326.00, -148004, -5.13,  -80420, -5.58,  -67584, -4.69
 840,327.00, -145520, -5.05,  -78778, -5.46,  -66742, -4.63
 841,328.00, -147137, -5.10,  -78619, -5.45,  -68518, -4.75
 842,329.00, -149089, -5.17,  -78377, -5.44,  -70712, -4.90
 843,330.00, -150140, -5.21,  -78337, -5.43,  -71803, -4.98
 844,331.00, -151212, -5.24,  -77113, -5.35,  -74099, -5.14
 845,332.00, -150345, -5.21,  -75317, -5.22,  -75028, -5.20
 846,333.00, -146314, -5.07,  -71972, -4.99,  -74342, -5.16
 847,334.00, -143754, -4.99,  -69397, -4.81,  -74357, -5.16
 848,335.00, -141340, -4.90,  -66724, -4.63,  -74616, -5.18
 849,336.00, -138456, -4.80,  -63427, -4.40,  -75029, -5.20
 850,337.00, -134293, -4.66,  -59539, -4.13,  -74754, -5.18
 851,338.00, -130699, -4.53,  -56982, -3.95,  -73717, -5.11
 852,339.00, -129083, -4.48,  -55746, -3.87,  -73337, -5.09
 853,340.00, -126921, -4.40,  -53857, -3.74,  -73064, -5.07
 854,341.00, -125421, -4.35,  -52035, -3.61,  -73386, -5.09
 855,342.00, -123561, -4.29,  -50417, -3.50,  -73144, -5.07
 856,343.00, -120639, -4.18,  -49012, -3.40,  -71627, -4.97
 857,344.00, -116085, -4.03,  -47200, -3.27,  -68885, -4.78
 858,345.00, -111727, -3.87,  -45962, -3.19,  -65765, -4.56
 859,346.00, -107161, -3.72,  -43897, -3.04,  -63264, -4.39
 860,347.00, -103152, -3.58,  -41147, -2.85,  -62005, -4.30
 861,348.00, -100099, -3.47,  -38790, -2.69,  -61309, -4.25
 862,349.00,  -97522, -3.38,  -37494, -2.60,  -60028, -4.16
 863,350.00,  -93457, -3.24,  -35364, -2.45,  -58093, -4.03
 864,351.00,  -88735, -3.08,  -33421, -2.32,  -55314, -3.84
 865,352.00,  -84524, -2.93,  -30784, -2.14,  -53740, -3.73
 866,353.00,  -78771, -2.73,  -27644, -1.92,  -51127, -3.55
 867,354.00,  -72477, -2.51,  -24752, -1.72,  -47725, -3.31
 868,355.00,  -66967, -2.32,  -22316, -1.55,  -44651, -3.10
 869,356.00,  -60183, -2.09,  -20250, -1.40,  -39933, -2.77
 870,357.00,  -54456, -1.89,  -17616, -1.22,  -36840, -2.56
 871,358.00,  -51299, -1.78,  -15217, -1.06,  -36082, -2.50
 872,359.00,  -46560, -1.61,  -13040, -0.90,  -33520, -2.32
 873,360.00,  -44008, -1.53,  -12057, -0.84,  -31951, -2.22
 874,361.00,  -39214, -1.36,   -9744, -0.68,  -29470, -2.04
 875,362.00,  -32173, -1.12,   -5702, -0.40,  -26471, -1.84
 876,363.00,  -26516, -0.92,   -2888, -0.20,  -23628, -1.64
 877,364.00,  -19926, -0.69,     570,  0.04,  -20496, -1.42
 878,365.00,  -13820, -0.48,    3107,  0.22,  -16927, -1.17
 879,366.00,   -5942, -0.21,    5098,  0.35,  -11040, -0.77
 880,367.00,    2351,  0.08,    7939,  0.55,   -5588, -0.39
 881,368.00,    8201,  0.28,    9599,  0.67,   -1398, -0.10
 882,369.00,   12184,  0.42,   11143,  0.77,    1041,  0.07
 883,370.00,   16413,  0.57,   12906,  0.90,    3507,  0.24
 884,371.00,   21806,  0.76,   15286,  1.06,    6520,  0.45
 885,372.00,   26093,  0.90,   16015,  1.11,   10078,  0.70
 886,373.00,   30295,  1.05,   17531,  1.22,   12764,  0.89
 887,374.00,   37466,  1.30,   20625,  1.43,   16841,  1.17
 888,375.00,   43604,  1.51,   22962,  1.59,   20642,  1.43
 889,376.00,   49148,  1.70,   24497,  1.70,   24651,  1.71
 890,377.00,   52553,  1.82,   25654,  1.78,   26899,  1.87
 891,378.00,   56702,  1.97,   26516,  1.84,   30186,  2.09
 892,379.00,   60437,  2.10,   27518,  1.91,   32919,  2.28
 893,380.00,   61467,  2.13,   26653,  1.85,   34814,  2.41
 894,381.00,   64136,  2.22,   27171,  1.88,   36965,  2.56
 895,382.00,   66436,  2.30,   29082,  2.02,   37354,  2.59
 896,383.00,   67462,  2.34,   28514,  1.98,   38948,  2.70
 897,384.00,   70317,  2.44,   28976,  2.01,   41341,  2.87
 898,385.00,   73051,  2.53,   29363,  2.04,   43688,  3.03
 899,386.00,   75818,  2.63,   29773,  2.07,   46045,  3.19
 900,387.00,   79735,  2.77,   29914,  2.07,   49821,  3.46
 901,388.00,   82968,  2.88,   30364,  2.11,   52604,  3.65
 902,389.00,   82523,  2.86,   30489,  2.11,   52034,  3.61
 903,390.00,   82332,  2.86,   29356,  2.04,   52976,  3.67
 904,391.00,   80913,  2.81,   27117,  1.88,   53796,  3.73
 905,392.00,   82595,  2.86,   26685,  1.85,   55910,  3.88
 906,393.00,   82770,  2.87,   26001,  1.80,   56769,  3.94
 907,394.00,   84352,  2.93,   25856,  1.79,   58496,  4.06
 908,395.00,   85352,  2.96,   25513,  1.77,   59839,  4.15
 909,396.00,   85500,  2.97,   25017,  1.74,   60483,  4.20
 910,397.00,   83242,  2.89,   23715,  1.64,   59527,  4.13
 911,398.00,   81952,  2.84,   22890,  1.59,   59062,  4.10
 912,399.00,   82106,  2.85,   22586,  1.57,   59520,  4.13
 913,400.00,   81606,  2.83,   21386,  1.48,   60220,  4.18
 914,401.00,   79331,  2.75,   18740,  1.30,   60591,  4.20
 915,402.00,   77089,  2.67,   16149,  1.12,   60940,  4.23
 916,403.00,   75708,  2.63,   14802,  1.03,   60906,  4.22
 917,404.00,   76705,  2.66,   14841,  1.03,   61864,  4.29
 918,405.00,   75437,  2.62,   14740,  1.02,   60697,  4.21
 919,406.00,   75538,  2.62,   14718,  1.02,   60820,  4.22
 920,407.00,   75915,  2.63,   14800,  1.03,   61115,  4.24
 921,408.00,   75394,  2.61,   15108,  1.05,   60286,  4.18
 922,409.00,   74474,  2.58,   15510,  1.08,   58964,  4.09
 923,410.00,   73205,  2.54,   15526,  1.08,   57679,  4.00
 924,411.00,   71312,  2.47,   14907,  1.03,   56405,  3.91
 925,412.00,   70681,  2.45,   13811,  0.96,   56870,  3.94
 926,413.00,   68326,  2.37,   12285,  0.85,   56041,  3.89
 927,414.00,   67076,  2.33,   12668,  0.88,   54408,  3.77
 928,415.00,   65468,  2.27,   12744,  0.88,   52724,  3.66
 929,416.00,   64331,  2.23,   12866,  0.89,   51465,  3.57
 930,417.00,   64100,  2.22,   13192,  0.92,   50908,  3.53
 931,418.00,   62759,  2.18,   12866,  0.89,   49893,  3.46
 932,419.00,   60515,  2.10,   11564,  0.80,   48951,  3.40
 933,420.00,   57981,  2.01,   10489,  0.73,   47492,  3.29
 934,421.00,   56342,  1.95,    9756,  0.68,   46586,  3.23
 935,422.00,   54479,  1.89,    8274,  0.57,   46205,  3.20
 936,423.00,   51635,  1.79,    6715,  0.47,   44920,  3.12
 937,424.00,   49206,  1.71,    5577,  0.39,   43629,  3.03
 938,425.00,   46659,  1.62,    5291,  0.37,   41368,  2.87
 939,426.00,   45234,  1.57,    5227,  0.36,   40007,  2.77
 940,427.00,   43452,  1.51,    4593,  0.32,   38859,  2.70
 941,428.00,   40922,  1.42,    4217,  0.29,   36705,  2.55
 942,429.00,   37560,  1.30,    3624,  0.25,   33936,  2.35
 943,430.00,   36468,  1.26,    4137,  0.29,   32331,  2.24
 944,431.00,   31378,  1.09,    2935,  0.20,   28443,  1.97
 945,432.00,   26947,  0.93,    2153,  0.15,   24794,  1.72
 946,433.00,   23902,  0.83,    2090,  0.14,   21812,  1.51
 947,434.00,   21370,  0.74,    1755,  0.12,   19615,  1.36
 948,435.00,   19747,  0.68,    2409,  0.17,   17338,  1.20
 949,436.00,   18269,  0.63,    2290,  0.16,   15979,  1.11
 950,437.00,   15094,  0.52,    1591,  0.11,   13503,  0.94
 951,438.00,   12492,  0.43,     122,  0.00,   12370,  0.86
 952,439.00,   12544,  0.44,     821,  0.06,   11723,  0.81
 953,440.00,   11033,  0.38,    1573,  0.11,    9460,  0.66
 954,441.00,    9693,  0.34,    1424,  0.10,    8269,  0.57
 955,442.00,    7778,  0.27,    1474,  0.10,    6304,  0.44
 956,443.00,    4507,  0.16,     526,  0.04,    3981,  0.28
 957,444.00,    2280,  0.08,    1033,  0.07,    1247,  0.09
 958,445.00,    -544, -0.02,     808,  0.06,   -1352, -0.09
 959,446.00,    -118, -0.00,    1850,  0.13,   -1968, -0.14
 960,447.00,     898,  0.03,    2185,  0.15,   -1287, -0.09
 961,448.00,    -589, -0.02,    1025,  0.07,   -1614, -0.11
 962,449.00,   -1663, -0.06,    1284,  0.09,   -2947, -0.20
 963,450.00,   -2323, -0.08,    1603,  0.11,   -3926, -0.27
 964,451.00,   -4041, -0.14,    1861,  0.13,   -5902, -0.41
 965,452.00,   -6399, -0.22,    1663,  0.12,   -8062, -0.56
 966,453.00,   -7866, -0.27,    1016,  0.07,   -8882, -0.62
 967,454.00,   -8597, -0.30,    1940,  0.13,  -10537, -0.73
 968,455.00,   -8961, -0.31,    3403,  0.24,  -12364, -0.86
 969,456.00,  -10980, -0.38,    2629,  0.18,  -13609, -0.94
 970,457.00,  -13057, -0.45,    1949,  0.14,  -15006, -1.04
 971,458.00,  -12046, -0.42,    3017,  0.21,  -15063, -1.04
 972,459.00,  -13785, -0.48,    3116,  0.22,  -16901, -1.17
 973,460.00,  -14074, -0.49,    2621,  0.18,  -16695, -1.16
 974,461.00,  -14690, -0.51,    1531,  0.11,  -16221, -1.13
 975,462.00,  -14872, -0.52,    2053,  0.14,  -16925, -1.17
 976,463.00,  -14033, -0.49,    2909,  0.20,  -16942, -1.18
 977,464.00,  -13494, -0.47,    4110,  0.29,  -17604, -1.22
 978,465.00,  -12948, -0.45,    5091,  0.35,  -18039, -1.25
 979,466.00,  -11386, -0.39,    6350,  0.44,  -17736, -1.23
 980,467.00,  -10302, -0.36,    7777,  0.54,  -18079, -1.25
 981,468.00,  -10412, -0.36,    7585,  0.53,  -17997, -1.25
 982,469.00,   -9377, -0.33,    7789,  0.54,  -17166, -1.19
 983,470.00,   -8603, -0.30,    7919,  0.55,  -16522, -1.15
 984,471.00,   -8075, -0.28,    7630,  0.53,  -15705, -1.09
 985,472.00,   -5724, -0.20,    8809,  0.61,  -14533, -1.01
 986,473.00,   -3580, -0.12,   10130,  0.70,  -13710, -0.95
 987,474.00,   -2497, -0.09,   10792,  0.75,  -13289, -0.92
 988,475.00,   -2861, -0.10,   10727,  0.74,  -13588, -0.94
 989,476.00,    -475, -0.02,   12166,  0.84,  -12641, -0.88
 990,477.00,    2564,  0.09,   13200,  0.92,  -10636, -0.74
 991,478.00,    4527,  0.16,   14079,  0.98,   -9552, -0.66
 992,479.00,    6384,  0.22,   14743,  1.02,   -8359, -0.58
 993,480.00,    9329,  0.32,   15907,  1.10,   -6578, -0.46
 994,481.00,   14279,  0.50,   17672,  1.23,   -3393, -0.24
 995,482.00,   17696,  0.61,   18175,  1.26,    -479, -0.03
 996,483.00,   21543,  0.75,   19260,  1.34,    2283,  0.16
 997,484.00,   23612,  0.82,   20223,  1.40,    3389,  0.24
 998,485.00,   24661,  0.86,   21575,  1.50,    3086,  0.21
 999,486.00,   28224,  0.98,   23865,  1.66,    4359,  0.30
1000,487.00,   32571,  1.13,   26678,  1.85,    5893,  0.41
1001,488.00,   37995,  1.32,   30223,  2.10,    7772,  0.54
1002,489.00,   41890,  1.45,   31758,  2.20,   10132,  0.70
1003,490.00,   44949,  1.56,   32865,  2.28,   12084,  0.84
1004,491.00,   45910,  1.59,   32789,  2.27,   13121,  0.91
1005,492.00,   49307,  1.71,   34461,  2.39,   14846,  1.03
1006,493.00,   52780,  1.83,   35825,  2.48,   16955,  1.18
1007,494.00,   54510,  1.89,   35998,  2.50,   18512,  1.28
1008,495.00,   54079,  1.88,   36296,  2.52,   17783,  1.23
1009,496.00,   55503,  1.92,   36903,  2.56,   18600,  1.29
1010,497.00,   56921,  1.97,   36728,  2.55,   20193,  1.40
1011,498.00,   58741,  2.04,   37326,  2.59,   21415,  1.49
1012,499.00,   60522,  2.10,   37824,  2.62,   22698,  1.57
1013,500.00,   63023,  2.19,   39288,  2.73,   23735,  1.65
1014,501.00,   62483,  2.17,   39391,  2.73,   23092,  1.60
1015,502.00,   64176,  2.23,   40344,  2.80,   23832,  1.65
1016,503.00,   66559,  2.31,   41282,  2.86,   25277,  1.75
1017,504.00,   67357,  2.34,   41889,  2.91,   25468,  1.77
1018,505.00,   66157,  2.29,   41394,  2.87,   24763,  1.72
1019,506.00,   68415,  2.37,   42151,  2.92,   26264,  1.82
1020,507.00,   72671,  2.52,   43003,  2.98,   29668,  2.06
1021,508.00,   76459,  2.65,   43515,  3.02,   32944,  2.29
1022,509.00,   80563,  2.79,   44776,  3.11,   35787,  2.48
1023,510.00,   81164,  2.81,   45380,  3.15,   35784,  2.48
1024,511.00,   80464,  2.79,   46056,  3.19,   34408,  2.39
