-----------------------------------------------------------------------------------
Identifier:,IHS5922-20199602
File Name:,GRRP70A.6
Ear:,R
Channel:,1
Intensity:,70 dB HL
Stim. Rate:,  1.10/s
Stim. Mode:,0
Sweeps:,61
Artifacts:,1
Smp. Period:,1000.00 us
Amp. Gain:, 50.00 K
Low Pass:, 30.00 Hz
High Pass:,  1.00 Hz
Notch Filter:,TRUE
Stimulus:,100
Stim. Freq.:,1000 Hz
Stim. Dur.:,2000 pnts
Masking:,0 dB SPL
Stim. Point:,513
-----------------------------------------------------------------------------------
Peak Information:,Label,Peak(+),Peak(+)(ms),Peak(-),Peak(-)(ms)
,21, 838,325.00, 891,378.00,
-----------------------------------------------------------------------------------


Data Pnt:,Data Pnt(ms):,Average:,Average(uV):,Buffer1:,Buffer1(uV):,Buffer2:,Buffer2(uV):
   1,-512.00,       0,  0.00,       0,  0.00,       0,  0.00
   2,-511.00,       0,  0.00,       0,  0.00,       0,  0.00
   3,-510.00,       0,  0.00,       0,  0.00,       0,  0.00
   4,-509.00,       0,  0.00,       0,  0.00,       0,  0.00
   5,-508.00,       0,  0.00,       0,  0.00,       0,  0.00
   6,-507.00,       0,  0.00,       0,  0.00,       0,  0.00
   7,-506.00,       0,  0.00,       0,  0.00,       0,  0.00
   8,-505.00,       0,  0.00,       0,  0.00,       0,  0.00
   9,-504.00,       0,  0.00,       0,  0.00,       0,  0.00
  10,-503.00,       0,  0.00,       0,  0.00,       0,  0.00
  11,-502.00,       0,  0.00,       0,  0.00,       0,  0.00
  12,-501.00,       0,  0.00,       0,  0.00,       0,  0.00
  13,-500.00,       0,  0.00,       0,  0.00,       0,  0.00
  14,-499.00,       0,  0.00,       0,  0.00,       0,  0.00
  15,-498.00,       0,  0.00,       0,  0.00,       0,  0.00
  16,-497.00,       0,  0.00,       0,  0.00,       0,  0.00
  17,-496.00,       0,  0.00,       0,  0.00,       0,  0.00
  18,-495.00,       0,  0.00,       0,  0.00,       0,  0.00
  19,-494.00,       0,  0.00,       0,  0.00,       0,  0.00
  20,-493.00,       0,  0.00,       0,  0.00,       0,  0.00
  21,-492.00,       0,  0.00,       0,  0.00,       0,  0.00
  22,-491.00,       0,  0.00,       0,  0.00,       0,  0.00
  23,-490.00,       0,  0.00,       0,  0.00,       0,  0.00
  24,-489.00,       0,  0.00,       0,  0.00,       0,  0.00
  25,-488.00,       0,  0.00,       0,  0.00,       0,  0.00
  26,-487.00,       0,  0.00,       0,  0.00,       0,  0.00
  27,-486.00,       0,  0.00,       0,  0.00,       0,  0.00
  28,-485.00,       0,  0.00,       0,  0.00,       0,  0.00
  29,-484.00,       0,  0.00,       0,  0.00,       0,  0.00
  30,-483.00,       0,  0.00,       0,  0.00,       0,  0.00
  31,-482.00,       0,  0.00,       0,  0.00,       0,  0.00
  32,-481.00,       0,  0.00,       0,  0.00,       0,  0.00
  33,-480.00,       0,  0.00,       0,  0.00,       0,  0.00
  34,-479.00,       0,  0.00,       0,  0.00,       0,  0.00
  35,-478.00,       0,  0.00,       0,  0.00,       0,  0.00
  36,-477.00,       0,  0.00,       0,  0.00,       0,  0.00
  37,-476.00,       0,  0.00,       0,  0.00,       0,  0.00
  38,-475.00,       0,  0.00,       0,  0.00,       0,  0.00
  39,-474.00,       0,  0.00,       0,  0.00,       0,  0.00
  40,-473.00,       0,  0.00,       0,  0.00,       0,  0.00
  41,-472.00,       0,  0.00,       0,  0.00,       0,  0.00
  42,-471.00,       0,  0.00,       0,  0.00,       0,  0.00
  43,-470.00,       0,  0.00,       0,  0.00,       0,  0.00
  44,-469.00,       0,  0.00,       0,  0.00,       0,  0.00
  45,-468.00,       0,  0.00,       0,  0.00,       0,  0.00
  46,-467.00,       0,  0.00,       0,  0.00,       0,  0.00
  47,-466.00,       0,  0.00,       0,  0.00,       0,  0.00
  48,-465.00,       0,  0.00,       0,  0.00,       0,  0.00
  49,-464.00,       0,  0.00,       0,  0.00,       0,  0.00
  50,-463.00,       0,  0.00,       0,  0.00,       0,  0.00
  51,-462.00,       0,  0.00,       0,  0.00,       0,  0.00
  52,-461.00,       0,  0.00,       0,  0.00,       0,  0.00
  53,-460.00,       0,  0.00,       0,  0.00,       0,  0.00
  54,-459.00,       0,  0.00,       0,  0.00,       0,  0.00
  55,-458.00,       0,  0.00,       0,  0.00,       0,  0.00
  56,-457.00,       0,  0.00,       0,  0.00,       0,  0.00
  57,-456.00,       0,  0.00,       0,  0.00,       0,  0.00
  58,-455.00,       0,  0.00,       0,  0.00,       0,  0.00
  59,-454.00,       0,  0.00,       0,  0.00,       0,  0.00
  60,-453.00,       0,  0.00,       0,  0.00,       0,  0.00
  61,-452.00,       0,  0.00,       0,  0.00,       0,  0.00
  62,-451.00,       0,  0.00,       0,  0.00,       0,  0.00
  63,-450.00,       0,  0.00,       0,  0.00,       0,  0.00
  64,-449.00,       0,  0.00,       0,  0.00,       0,  0.00
  65,-448.00,       0,  0.00,       0,  0.00,       0,  0.00
  66,-447.00,       0,  0.00,       0,  0.00,       0,  0.00
  67,-446.00,       0,  0.00,       0,  0.00,       0,  0.00
  68,-445.00,       0,  0.00,       0,  0.00,       0,  0.00
  69,-444.00,       0,  0.00,       0,  0.00,       0,  0.00
  70,-443.00,       0,  0.00,       0,  0.00,       0,  0.00
  71,-442.00,       0,  0.00,       0,  0.00,       0,  0.00
  72,-441.00,       0,  0.00,       0,  0.00,       0,  0.00
  73,-440.00,       0,  0.00,       0,  0.00,       0,  0.00
  74,-439.00,       0,  0.00,       0,  0.00,       0,  0.00
  75,-438.00,       0,  0.00,       0,  0.00,       0,  0.00
  76,-437.00,       0,  0.00,       0,  0.00,       0,  0.00
  77,-436.00,       0,  0.00,       0,  0.00,       0,  0.00
  78,-435.00,       0,  0.00,       0,  0.00,       0,  0.00
  79,-434.00,       0,  0.00,       0,  0.00,       0,  0.00
  80,-433.00,       0,  0.00,       0,  0.00,       0,  0.00
  81,-432.00,       0,  0.00,       0,  0.00,       0,  0.00
  82,-431.00,       0,  0.00,       0,  0.00,       0,  0.00
  83,-430.00,       0,  0.00,       0,  0.00,       0,  0.00
  84,-429.00,       0,  0.00,       0,  0.00,       0,  0.00
  85,-428.00,       0,  0.00,       0,  0.00,       0,  0.00
  86,-427.00,       0,  0.00,       0,  0.00,       0,  0.00
  87,-426.00,       0,  0.00,       0,  0.00,       0,  0.00
  88,-425.00,       0,  0.00,       0,  0.00,       0,  0.00
  89,-424.00,       0,  0.00,       0,  0.00,       0,  0.00
  90,-423.00,       0,  0.00,       0,  0.00,       0,  0.00
  91,-422.00,       0,  0.00,       0,  0.00,       0,  0.00
  92,-421.00,       0,  0.00,       0,  0.00,       0,  0.00
  93,-420.00,       0,  0.00,       0,  0.00,       0,  0.00
  94,-419.00,       0,  0.00,       0,  0.00,       0,  0.00
  95,-418.00,       0,  0.00,       0,  0.00,       0,  0.00
  96,-417.00,       0,  0.00,       0,  0.00,       0,  0.00
  97,-416.00,       0,  0.00,       0,  0.00,       0,  0.00
  98,-415.00,       0,  0.00,       0,  0.00,       0,  0.00
  99,-414.00,       0,  0.00,       0,  0.00,       0,  0.00
 100,-413.00,       0,  0.00,       0,  0.00,       0,  0.00
 101,-412.00,       0,  0.00,       0,  0.00,       0,  0.00
 102,-411.00,       0,  0.00,       0,  0.00,       0,  0.00
 103,-410.00,       0,  0.00,       0,  0.00,       0,  0.00
 104,-409.00,       0,  0.00,       0,  0.00,       0,  0.00
 105,-408.00,       0,  0.00,       0,  0.00,       0,  0.00
 106,-407.00,       0,  0.00,       0,  0.00,       0,  0.00
 107,-406.00,       0,  0.00,       0,  0.00,       0,  0.00
 108,-405.00,       0,  0.00,       0,  0.00,       0,  0.00
 109,-404.00,       0,  0.00,       0,  0.00,       0,  0.00
 110,-403.00,       0,  0.00,       0,  0.00,       0,  0.00
 111,-402.00,       0,  0.00,       0,  0.00,       0,  0.00
 112,-401.00,       0,  0.00,       0,  0.00,       0,  0.00
 113,-400.00,       0,  0.00,       0,  0.00,       0,  0.00
 114,-399.00,       0,  0.00,       0,  0.00,       0,  0.00
 115,-398.00,       0,  0.00,       0,  0.00,       0,  0.00
 116,-397.00,  -32397, -3.24,   -4657, -0.95,  -27740, -5.64
 117,-396.00,  -33006, -3.30,   -5755, -1.17,  -27251, -5.54
 118,-395.00,  -32973, -3.30,   -6846, -1.39,  -26127, -5.32
 119,-394.00,  -32636, -3.27,   -7861, -1.60,  -24775, -5.04
 120,-393.00,  -32646, -3.27,   -8825, -1.80,  -23821, -4.85
 121,-392.00,  -32452, -3.25,   -9394, -1.91,  -23058, -4.69
 122,-391.00,  -33120, -3.31,  -10514, -2.14,  -22606, -4.60
 123,-390.00,  -33323, -3.33,  -11182, -2.28,  -22141, -4.50
 124,-389.00,  -32648, -3.27,  -11359, -2.31,  -21289, -4.33
 125,-388.00,  -32106, -3.21,  -11214, -2.28,  -20892, -4.25
 126,-387.00,  -30897, -3.09,  -10614, -2.16,  -20283, -4.13
 127,-386.00,  -29464, -2.95,  -10170, -2.07,  -19294, -3.93
 128,-385.00,  -27831, -2.78,   -9420, -1.92,  -18411, -3.75
 129,-384.00,  -26218, -2.62,   -8907, -1.81,  -17311, -3.52
 130,-383.00,  -24162, -2.42,   -7905, -1.61,  -16257, -3.31
 131,-382.00,  -21581, -2.16,   -6294, -1.28,  -15287, -3.11
 132,-381.00,  -19744, -1.98,   -4984, -1.01,  -14760, -3.00
 133,-380.00,  -18331, -1.83,   -4526, -0.92,  -13805, -2.81
 134,-379.00,  -16358, -1.64,   -3799, -0.77,  -12559, -2.56
 135,-378.00,  -14519, -1.45,   -2906, -0.59,  -11613, -2.36
 136,-377.00,  -11391, -1.14,    -914, -0.19,  -10477, -2.13
 137,-376.00,   -7026, -0.70,    1851,  0.38,   -8877, -1.81
 138,-375.00,   -2489, -0.25,    4389,  0.89,   -6878, -1.40
 139,-374.00,    1663,  0.17,    6498,  1.32,   -4835, -0.98
 140,-373.00,    5244,  0.52,    8541,  1.74,   -3297, -0.67
 141,-372.00,    8355,  0.84,   10039,  2.04,   -1684, -0.34
 142,-371.00,   12065,  1.21,   11709,  2.38,     356,  0.07
 143,-370.00,   15394,  1.54,   13572,  2.76,    1822,  0.37
 144,-369.00,   19147,  1.92,   15823,  3.22,    3324,  0.68
 145,-368.00,   24137,  2.42,   18294,  3.72,    5843,  1.19
 146,-367.00,   29304,  2.93,   21025,  4.28,    8279,  1.68
 147,-366.00,   34120,  3.41,   23542,  4.79,   10578,  2.15
 148,-365.00,   37876,  3.79,   25383,  5.16,   12493,  2.54
 149,-364.00,   41402,  4.14,   26810,  5.45,   14592,  2.97
 150,-363.00,   44925,  4.50,   28514,  5.80,   16411,  3.34
 151,-362.00,   48950,  4.90,   30523,  6.21,   18427,  3.75
 152,-361.00,   52279,  5.23,   32181,  6.55,   20098,  4.09
 153,-360.00,   55726,  5.58,   34422,  7.00,   21304,  4.33
 154,-359.00,   58774,  5.88,   36285,  7.38,   22489,  4.58
 155,-358.00,   61903,  6.19,   37691,  7.67,   24212,  4.93
 156,-357.00,   64919,  6.50,   39188,  7.97,   25731,  5.24
 157,-356.00,   67825,  6.79,   40485,  8.24,   27340,  5.56
 158,-355.00,   69765,  6.98,   40782,  8.30,   28983,  5.90
 159,-354.00,   70518,  7.06,   40766,  8.29,   29752,  6.05
 160,-353.00,   71054,  7.11,   40900,  8.32,   30154,  6.14
 161,-352.00,   70812,  7.09,   40486,  8.24,   30326,  6.17
 162,-351.00,   70309,  7.04,   40107,  8.16,   30202,  6.14
 163,-350.00,   69515,  6.96,   39248,  7.99,   30267,  6.16
 164,-349.00,   69320,  6.94,   38432,  7.82,   30888,  6.28
 165,-348.00,   68685,  6.87,   37874,  7.71,   30811,  6.27
 166,-347.00,   69200,  6.92,   37680,  7.67,   31520,  6.41
 167,-346.00,   69062,  6.91,   37562,  7.64,   31500,  6.41
 168,-345.00,   67965,  6.80,   36850,  7.50,   31115,  6.33
 169,-344.00,   66740,  6.68,   36282,  7.38,   30458,  6.20
 170,-343.00,   65534,  6.56,   36151,  7.36,   29383,  5.98
 171,-342.00,   63919,  6.40,   35455,  7.21,   28464,  5.79
 172,-341.00,   62490,  6.25,   34672,  7.05,   27818,  5.66
 173,-340.00,   61267,  6.13,   33908,  6.90,   27359,  5.57
 174,-339.00,   59645,  5.97,   33372,  6.79,   26273,  5.35
 175,-338.00,   57214,  5.72,   32549,  6.62,   24665,  5.02
 176,-337.00,   54473,  5.45,   31753,  6.46,   22720,  4.62
 177,-336.00,   52382,  5.24,   31275,  6.36,   21107,  4.29
 178,-335.00,   49807,  4.98,   30459,  6.20,   19348,  3.94
 179,-334.00,   46355,  4.64,   29177,  5.94,   17178,  3.49
 180,-333.00,   42596,  4.26,   27510,  5.60,   15086,  3.07
 181,-332.00,   38203,  3.82,   25667,  5.22,   12536,  2.55
 182,-331.00,   33391,  3.34,   23764,  4.83,    9627,  1.96
 183,-330.00,   28487,  2.85,   22050,  4.49,    6437,  1.31
 184,-329.00,   23286,  2.33,   20108,  4.09,    3178,  0.65
 185,-328.00,   18216,  1.82,   18112,  3.69,     104,  0.02
 186,-327.00,   13827,  1.38,   16299,  3.32,   -2472, -0.50
 187,-326.00,    9606,  0.96,   14498,  2.95,   -4892, -1.00
 188,-325.00,    5841,  0.58,   12753,  2.59,   -6912, -1.41
 189,-324.00,    1844,  0.18,   10871,  2.21,   -9027, -1.84
 190,-323.00,   -2391, -0.24,    8419,  1.71,  -10810, -2.20
 191,-322.00,   -5982, -0.60,    6264,  1.27,  -12246, -2.49
 192,-321.00,   -9830, -0.98,    4262,  0.87,  -14092, -2.87
 193,-320.00,  -13912, -1.39,    2238,  0.46,  -16150, -3.29
 194,-319.00,  -18225, -1.82,     308,  0.06,  -18533, -3.77
 195,-318.00,  -22505, -2.25,   -1624, -0.33,  -20881, -4.25
 196,-317.00,  -26471, -2.65,   -3904, -0.79,  -22567, -4.59
 197,-316.00,  -29568, -2.96,   -5621, -1.14,  -23947, -4.87
 198,-315.00,  -32019, -3.20,   -6435, -1.31,  -25584, -5.21
 199,-314.00,  -34645, -3.47,   -7629, -1.55,  -27016, -5.50
 200,-313.00,  -38070, -3.81,   -9697, -1.97,  -28373, -5.77
 201,-312.00,  -40943, -4.10,  -11063, -2.25,  -29880, -6.08
 202,-311.00,  -43220, -4.32,  -12179, -2.48,  -31041, -6.32
 203,-310.00,  -44037, -4.41,  -12248, -2.49,  -31789, -6.47
 204,-309.00,  -44406, -4.44,  -11723, -2.39,  -32683, -6.65
 205,-308.00,  -45193, -4.52,  -11882, -2.42,  -33311, -6.78
 206,-307.00,  -46218, -4.62,  -12399, -2.52,  -33819, -6.88
 207,-306.00,  -47866, -4.79,  -13063, -2.66,  -34803, -7.08
 208,-305.00,  -48826, -4.89,  -13279, -2.70,  -35547, -7.23
 209,-304.00,  -49971, -5.00,  -13598, -2.77,  -36373, -7.40
 210,-303.00,  -50555, -5.06,  -13546, -2.76,  -37009, -7.53
 211,-302.00,  -50732, -5.08,  -13351, -2.72,  -37381, -7.61
 212,-301.00,  -51666, -5.17,  -14156, -2.88,  -37510, -7.63
 213,-300.00,  -52658, -5.27,  -15243, -3.10,  -37415, -7.61
 214,-299.00,  -52312, -5.23,  -15191, -3.09,  -37121, -7.55
 215,-298.00,  -50968, -5.10,  -14973, -3.05,  -35995, -7.32
 216,-297.00,  -50002, -5.00,  -14648, -2.98,  -35354, -7.19
 217,-296.00,  -49848, -4.99,  -14723, -3.00,  -35125, -7.15
 218,-295.00,  -49084, -4.91,  -14370, -2.92,  -34714, -7.06
 219,-294.00,  -47970, -4.80,  -13807, -2.81,  -34163, -6.95
 220,-293.00,  -47078, -4.71,  -13989, -2.85,  -33089, -6.73
 221,-292.00,  -45424, -4.55,  -13511, -2.75,  -31913, -6.49
 222,-291.00,  -44817, -4.48,  -13563, -2.76,  -31254, -6.36
 223,-290.00,  -44601, -4.46,  -14253, -2.90,  -30348, -6.17
 224,-289.00,  -44022, -4.40,  -14525, -2.96,  -29497, -6.00
 225,-288.00,  -42503, -4.25,  -14437, -2.94,  -28066, -5.71
 226,-287.00,  -40374, -4.04,  -14171, -2.88,  -26203, -5.33
 227,-286.00,  -37585, -3.76,  -13513, -2.75,  -24072, -4.90
 228,-285.00,  -35012, -3.50,  -13301, -2.71,  -21711, -4.42
 229,-284.00,  -33638, -3.37,  -13776, -2.80,  -19862, -4.04
 230,-283.00,  -31336, -3.14,  -13646, -2.78,  -17690, -3.60
 231,-282.00,  -27564, -2.76,  -12824, -2.61,  -14740, -3.00
 232,-281.00,  -23744, -2.38,  -11974, -2.44,  -11770, -2.39
 233,-280.00,  -20087, -2.01,  -10967, -2.23,   -9120, -1.86
 234,-279.00,  -16901, -1.69,  -10055, -2.05,   -6846, -1.39
 235,-278.00,  -13026, -1.30,   -8363, -1.70,   -4663, -0.95
 236,-277.00,   -9822, -0.98,   -7141, -1.45,   -2681, -0.55
 237,-276.00,   -6516, -0.65,   -6017, -1.22,    -499, -0.10
 238,-275.00,   -3502, -0.35,   -5185, -1.05,    1683,  0.34
 239,-274.00,    -633, -0.06,   -4336, -0.88,    3703,  0.75
 240,-273.00,    2035,  0.20,   -4042, -0.82,    6077,  1.24
 241,-272.00,    5471,  0.55,   -3220, -0.66,    8691,  1.77
 242,-271.00,    8707,  0.87,   -2521, -0.51,   11228,  2.28
 243,-270.00,   11652,  1.17,   -2060, -0.42,   13712,  2.79
 244,-269.00,   15402,  1.54,    -884, -0.18,   16286,  3.31
 245,-268.00,   18336,  1.83,    -188, -0.04,   18524,  3.77
 246,-267.00,   20434,  2.04,     401,  0.08,   20033,  4.08
 247,-266.00,   22853,  2.29,     921,  0.19,   21932,  4.46
 248,-265.00,   25542,  2.56,    1338,  0.27,   24204,  4.92
 249,-264.00,   27687,  2.77,    1295,  0.26,   26392,  5.37
 250,-263.00,   28754,  2.88,     767,  0.16,   27987,  5.69
 251,-262.00,   28593,  2.86,    -665, -0.14,   29258,  5.95
 252,-261.00,   28242,  2.83,   -2184, -0.44,   30426,  6.19
 253,-260.00,   29540,  2.96,   -2455, -0.50,   31995,  6.51
 254,-259.00,   30708,  3.07,   -2638, -0.54,   33346,  6.78
 255,-258.00,   31507,  3.15,   -2798, -0.57,   34305,  6.98
 256,-257.00,   32639,  3.27,   -2411, -0.49,   35050,  7.13
 257,-256.00,   33092,  3.31,   -2378, -0.48,   35470,  7.22
 258,-255.00,   32867,  3.29,   -2850, -0.58,   35717,  7.27
 259,-254.00,   33487,  3.35,   -3019, -0.61,   36506,  7.43
 260,-253.00,   33264,  3.33,   -2984, -0.61,   36248,  7.37
 261,-252.00,   33578,  3.36,   -2626, -0.53,   36204,  7.37
 262,-251.00,   34262,  3.43,   -2127, -0.43,   36389,  7.40
 263,-250.00,   34365,  3.44,   -2186, -0.44,   36551,  7.44
 264,-249.00,   35289,  3.53,   -1341, -0.27,   36630,  7.45
 265,-248.00,   36908,  3.69,     195,  0.04,   36713,  7.47
 266,-247.00,   37994,  3.80,    1928,  0.39,   36066,  7.34
 267,-246.00,   37332,  3.74,    2722,  0.55,   34610,  7.04
 268,-245.00,   37915,  3.79,    3796,  0.77,   34119,  6.94
 269,-244.00,   39252,  3.93,    5070,  1.03,   34182,  6.95
 270,-243.00,   40056,  4.01,    6475,  1.32,   33581,  6.83
 271,-242.00,   41473,  4.15,    8320,  1.69,   33153,  6.75
 272,-241.00,   41552,  4.16,    9310,  1.89,   32242,  6.56
 273,-240.00,   40813,  4.08,    9812,  2.00,   31001,  6.31
 274,-239.00,   40558,  4.06,   10626,  2.16,   29932,  6.09
 275,-238.00,   40305,  4.03,   11635,  2.37,   28670,  5.83
 276,-237.00,   40099,  4.01,   13064,  2.66,   27035,  5.50
 277,-236.00,   39960,  4.00,   14150,  2.88,   25810,  5.25
 278,-235.00,   39053,  3.91,   14319,  2.91,   24734,  5.03
 279,-234.00,   37291,  3.73,   14115,  2.87,   23176,  4.72
 280,-233.00,   36083,  3.61,   14175,  2.88,   21908,  4.46
 281,-232.00,   34552,  3.46,   13890,  2.83,   20662,  4.20
 282,-231.00,   32172,  3.22,   13412,  2.73,   18760,  3.82
 283,-230.00,   29086,  2.91,   12598,  2.56,   16488,  3.35
 284,-229.00,   25017,  2.50,   11107,  2.26,   13910,  2.83
 285,-228.00,   20961,  2.10,    9139,  1.86,   11822,  2.41
 286,-227.00,   17406,  1.74,    7633,  1.55,    9773,  1.99
 287,-226.00,   14593,  1.46,    6523,  1.33,    8070,  1.64
 288,-225.00,   11694,  1.17,    5748,  1.17,    5946,  1.21
 289,-224.00,    7803,  0.78,    4301,  0.88,    3502,  0.71
 290,-223.00,    3340,  0.33,    2080,  0.42,    1260,  0.26
 291,-222.00,    -551, -0.06,      24,  0.00,    -575, -0.12
 292,-221.00,   -3447, -0.34,   -1216, -0.25,   -2231, -0.45
 293,-220.00,   -7053, -0.71,   -2935, -0.60,   -4118, -0.84
 294,-219.00,  -11743, -1.18,   -5613, -1.14,   -6130, -1.25
 295,-218.00,  -16086, -1.61,   -8377, -1.70,   -7709, -1.57
 296,-217.00,  -20339, -2.04,  -11088, -2.26,   -9251, -1.88
 297,-216.00,  -23273, -2.33,  -12287, -2.50,  -10986, -2.24
 298,-215.00,  -24945, -2.50,  -13077, -2.66,  -11868, -2.41
 299,-214.00,  -27069, -2.71,  -14595, -2.97,  -12474, -2.54
 300,-213.00,  -29941, -3.00,  -16619, -3.38,  -13322, -2.71
 301,-212.00,  -32529, -3.25,  -18792, -3.82,  -13737, -2.79
 302,-211.00,  -34516, -3.45,  -20299, -4.13,  -14217, -2.89
 303,-210.00,  -35588, -3.56,  -20720, -4.22,  -14868, -3.02
 304,-209.00,  -36820, -3.68,  -21050, -4.28,  -15770, -3.21
 305,-208.00,  -37983, -3.80,  -21427, -4.36,  -16556, -3.37
 306,-207.00,  -39386, -3.94,  -21958, -4.47,  -17428, -3.55
 307,-206.00,  -40950, -4.10,  -22807, -4.64,  -18143, -3.69
 308,-205.00,  -42160, -4.22,  -23650, -4.81,  -18510, -3.77
 309,-204.00,  -42644, -4.27,  -23932, -4.87,  -18712, -3.81
 310,-203.00,  -42987, -4.30,  -24100, -4.90,  -18887, -3.84
 311,-202.00,  -43703, -4.37,  -24595, -5.00,  -19108, -3.89
 312,-201.00,  -43721, -4.37,  -24709, -5.03,  -19012, -3.87
 313,-200.00,  -44499, -4.45,  -25089, -5.10,  -19410, -3.95
 314,-199.00,  -44773, -4.48,  -24963, -5.08,  -19810, -4.03
 315,-198.00,  -44561, -4.46,  -24651, -5.02,  -19910, -4.05
 316,-197.00,  -44483, -4.45,  -24281, -4.94,  -20202, -4.11
 317,-196.00,  -45052, -4.51,  -24409, -4.97,  -20643, -4.20
 318,-195.00,  -45580, -4.56,  -24608, -5.01,  -20972, -4.27
 319,-194.00,  -45884, -4.59,  -24693, -5.02,  -21191, -4.31
 320,-193.00,  -45475, -4.55,  -24030, -4.89,  -21445, -4.36
 321,-192.00,  -44650, -4.47,  -22903, -4.66,  -21747, -4.42
 322,-191.00,  -44296, -4.43,  -22328, -4.54,  -21968, -4.47
 323,-190.00,  -43634, -4.37,  -22138, -4.50,  -21496, -4.37
 324,-189.00,  -43212, -4.32,  -21906, -4.46,  -21306, -4.33
 325,-188.00,  -43237, -4.33,  -21792, -4.43,  -21445, -4.36
 326,-187.00,  -42802, -4.28,  -20995, -4.27,  -21807, -4.44
 327,-186.00,  -42486, -4.25,  -20549, -4.18,  -21937, -4.46
 328,-185.00,  -42603, -4.26,  -20081, -4.09,  -22522, -4.58
 329,-184.00,  -42419, -4.24,  -19897, -4.05,  -22522, -4.58
 330,-183.00,  -42392, -4.24,  -19860, -4.04,  -22532, -4.58
 331,-182.00,  -41367, -4.14,  -19231, -3.91,  -22136, -4.50
 332,-181.00,  -40730, -4.08,  -18292, -3.72,  -22438, -4.57
 333,-180.00,  -40286, -4.03,  -17144, -3.49,  -23142, -4.71
 334,-179.00,  -38778, -3.88,  -15866, -3.23,  -22912, -4.66
 335,-178.00,  -37924, -3.79,  -15112, -3.07,  -22812, -4.64
 336,-177.00,  -36467, -3.65,  -14026, -2.85,  -22441, -4.57
 337,-176.00,  -34932, -3.50,  -12681, -2.58,  -22251, -4.53
 338,-175.00,  -33078, -3.31,  -11064, -2.25,  -22014, -4.48
 339,-174.00,  -31839, -3.19,   -9871, -2.01,  -21968, -4.47
 340,-173.00,  -31362, -3.14,   -9305, -1.89,  -22057, -4.49
 341,-172.00,  -29880, -2.99,   -8407, -1.71,  -21473, -4.37
 342,-171.00,  -28837, -2.89,   -8047, -1.64,  -20790, -4.23
 343,-170.00,  -27463, -2.75,   -7673, -1.56,  -19790, -4.03
 344,-169.00,  -25425, -2.54,   -6770, -1.38,  -18655, -3.80
 345,-168.00,  -23959, -2.40,   -6203, -1.26,  -17756, -3.61
 346,-167.00,  -23257, -2.33,   -6083, -1.24,  -17174, -3.49
 347,-166.00,  -23236, -2.33,   -6344, -1.29,  -16892, -3.44
 348,-165.00,  -22808, -2.28,   -6388, -1.30,  -16420, -3.34
 349,-164.00,  -22525, -2.25,   -6715, -1.37,  -15810, -3.22
 350,-163.00,  -22614, -2.26,   -7226, -1.47,  -15388, -3.13
 351,-162.00,  -23762, -2.38,   -8170, -1.66,  -15592, -3.17
 352,-161.00,  -24544, -2.46,   -8787, -1.79,  -15757, -3.21
 353,-160.00,  -25326, -2.53,   -9220, -1.88,  -16106, -3.28
 354,-159.00,  -26061, -2.61,   -9884, -2.01,  -16177, -3.29
 355,-158.00,  -26427, -2.64,  -10407, -2.12,  -16020, -3.26
 356,-157.00,  -27471, -2.75,  -11277, -2.29,  -16194, -3.29
 357,-156.00,  -28908, -2.89,  -12247, -2.49,  -16661, -3.39
 358,-155.00,  -30196, -3.02,  -12901, -2.62,  -17295, -3.52
 359,-154.00,  -30500, -3.05,  -13424, -2.73,  -17076, -3.47
 360,-153.00,  -31887, -3.19,  -14573, -2.96,  -17314, -3.52
 361,-152.00,  -33609, -3.36,  -16304, -3.32,  -17305, -3.52
 362,-151.00,  -35059, -3.51,  -17930, -3.65,  -17129, -3.49
 363,-150.00,  -35793, -3.58,  -19352, -3.94,  -16441, -3.35
 364,-149.00,  -36427, -3.64,  -20148, -4.10,  -16279, -3.31
 365,-148.00,  -36500, -3.65,  -20445, -4.16,  -16055, -3.27
 366,-147.00,  -36031, -3.61,  -20515, -4.17,  -15516, -3.16
 367,-146.00,  -35612, -3.56,  -20828, -4.24,  -14784, -3.01
 368,-145.00,  -34626, -3.46,  -20964, -4.27,  -13662, -2.78
 369,-144.00,  -33042, -3.31,  -20772, -4.23,  -12270, -2.50
 370,-143.00,  -31387, -3.14,  -19950, -4.06,  -11437, -2.33
 371,-142.00,  -29027, -2.90,  -18843, -3.83,  -10184, -2.07
 372,-141.00,  -26841, -2.69,  -18187, -3.70,   -8654, -1.76
 373,-140.00,  -25966, -2.60,  -18109, -3.68,   -7857, -1.60
 374,-139.00,  -24498, -2.45,  -17650, -3.59,   -6848, -1.39
 375,-138.00,  -22744, -2.28,  -17204, -3.50,   -5540, -1.13
 376,-137.00,  -21017, -2.10,  -16399, -3.34,   -4618, -0.94
 377,-136.00,  -19318, -1.93,  -15200, -3.09,   -4118, -0.84
 378,-135.00,  -18041, -1.81,  -13999, -2.85,   -4042, -0.82
 379,-134.00,  -17033, -1.70,  -13563, -2.76,   -3470, -0.71
 380,-133.00,  -16063, -1.61,  -13364, -2.72,   -2699, -0.55
 381,-132.00,  -14405, -1.44,  -12157, -2.47,   -2248, -0.46
 382,-131.00,  -12666, -1.27,  -10915, -2.22,   -1751, -0.36
 383,-130.00,  -10727, -1.07,   -9646, -1.96,   -1081, -0.22
 384,-129.00,   -9311, -0.93,   -8395, -1.71,    -916, -0.19
 385,-128.00,   -9158, -0.92,   -8036, -1.63,   -1122, -0.23
 386,-127.00,   -8863, -0.89,   -7447, -1.52,   -1416, -0.29
 387,-126.00,   -7359, -0.74,   -6304, -1.28,   -1055, -0.21
 388,-125.00,   -6453, -0.65,   -5321, -1.08,   -1132, -0.23
 389,-124.00,   -5869, -0.59,   -4672, -0.95,   -1197, -0.24
 390,-123.00,   -5710, -0.57,   -4354, -0.89,   -1356, -0.28
 391,-122.00,   -4846, -0.48,   -3161, -0.64,   -1685, -0.34
 392,-121.00,   -3127, -0.31,   -1525, -0.31,   -1602, -0.33
 393,-120.00,   -1658, -0.17,     -23, -0.00,   -1635, -0.33
 394,-119.00,     133,  0.01,    1549,  0.32,   -1416, -0.29
 395,-118.00,    1168,  0.12,    2138,  0.43,    -970, -0.20
 396,-117.00,     942,  0.09,    2026,  0.41,   -1084, -0.22
 397,-116.00,    1084,  0.11,    1960,  0.40,    -876, -0.18
 398,-115.00,    1942,  0.19,    2187,  0.44,    -245, -0.05
 399,-114.00,    2292,  0.23,    1734,  0.35,     558,  0.11
 400,-113.00,    1872,  0.19,    1293,  0.26,     579,  0.12
 401,-112.00,    2297,  0.23,    1500,  0.31,     797,  0.16
 402,-111.00,    2352,  0.24,    1023,  0.21,    1329,  0.27
 403,-110.00,    2803,  0.28,     511,  0.10,    2292,  0.47
 404,-109.00,    4067,  0.41,     328,  0.07,    3739,  0.76
 405,-108.00,    5683,  0.57,     573,  0.12,    5110,  1.04
 406,-107.00,    7574,  0.76,     982,  0.20,    6592,  1.34
 407,-106.00,    7475,  0.75,     517,  0.11,    6958,  1.42
 408,-105.00,    7427,  0.74,    -300, -0.06,    7727,  1.57
 409,-104.00,    8591,  0.86,    -449, -0.09,    9040,  1.84
 410,-103.00,   10077,  1.01,      80,  0.02,    9997,  2.03
 411,-102.00,   12017,  1.20,     843,  0.17,   11174,  2.27
 412,-101.00,   13248,  1.33,     836,  0.17,   12412,  2.53
 413,-100.00,   14094,  1.41,     400,  0.08,   13694,  2.79
 414,-99.00,   15478,  1.55,     867,  0.18,   14611,  2.97
 415,-98.00,   16319,  1.63,    1098,  0.22,   15221,  3.10
 416,-97.00,   17215,  1.72,    1306,  0.27,   15909,  3.24
 417,-96.00,   18196,  1.82,    1560,  0.32,   16636,  3.38
 418,-95.00,   19099,  1.91,    1803,  0.37,   17296,  3.52
 419,-94.00,   20357,  2.04,    2229,  0.45,   18128,  3.69
 420,-93.00,   21762,  2.18,    2978,  0.61,   18784,  3.82
 421,-92.00,   23173,  2.32,    3940,  0.80,   19233,  3.91
 422,-91.00,   24592,  2.46,    5100,  1.04,   19492,  3.97
 423,-90.00,   24918,  2.49,    5639,  1.15,   19279,  3.92
 424,-89.00,   25013,  2.50,    6180,  1.26,   18833,  3.83
 425,-88.00,   25255,  2.53,    6925,  1.41,   18330,  3.73
 426,-87.00,   26686,  2.67,    8206,  1.67,   18480,  3.76
 427,-86.00,   27574,  2.76,    9462,  1.93,   18112,  3.69
 428,-85.00,   28215,  2.82,   10885,  2.21,   17330,  3.53
 429,-84.00,   27775,  2.78,   11309,  2.30,   16466,  3.35
 430,-83.00,   27334,  2.74,   11558,  2.35,   15776,  3.21
 431,-82.00,   27150,  2.72,   11961,  2.43,   15189,  3.09
 432,-81.00,   27722,  2.77,   12299,  2.50,   15423,  3.14
 433,-80.00,   28092,  2.81,   12303,  2.50,   15789,  3.21
 434,-79.00,   28584,  2.86,   12681,  2.58,   15903,  3.24
 435,-78.00,   28520,  2.85,   12772,  2.60,   15748,  3.20
 436,-77.00,   28105,  2.81,   12656,  2.57,   15449,  3.14
 437,-76.00,   27134,  2.72,   12369,  2.52,   14765,  3.00
 438,-75.00,   26429,  2.64,   12343,  2.51,   14086,  2.87
 439,-74.00,   25971,  2.60,   11784,  2.40,   14187,  2.89
 440,-73.00,   25820,  2.58,   11465,  2.33,   14355,  2.92
 441,-72.00,   24828,  2.48,   10691,  2.18,   14137,  2.88
 442,-71.00,   23347,  2.34,   10206,  2.08,   13141,  2.67
 443,-70.00,   22385,  2.24,   10071,  2.05,   12314,  2.51
 444,-69.00,   22007,  2.20,   10136,  2.06,   11871,  2.42
 445,-68.00,   22364,  2.24,    9674,  1.97,   12690,  2.58
 446,-67.00,   23144,  2.32,    9018,  1.83,   14126,  2.87
 447,-66.00,   23903,  2.39,    8618,  1.75,   15285,  3.11
 448,-65.00,   23312,  2.33,    7925,  1.61,   15387,  3.13
 449,-64.00,   22351,  2.24,    7640,  1.55,   14711,  2.99
 450,-63.00,   21837,  2.19,    7654,  1.56,   14183,  2.89
 451,-62.00,   21861,  2.19,    7820,  1.59,   14041,  2.86
 452,-61.00,   21864,  2.19,    7877,  1.60,   13987,  2.85
 453,-60.00,   20728,  2.07,    7597,  1.55,   13131,  2.67
 454,-59.00,   18575,  1.86,    6809,  1.39,   11766,  2.39
 455,-58.00,   16474,  1.65,    5942,  1.21,   10532,  2.14
 456,-57.00,   14636,  1.46,    4877,  0.99,    9759,  1.99
 457,-56.00,   13045,  1.31,    4084,  0.83,    8961,  1.82
 458,-55.00,   12672,  1.27,    3352,  0.68,    9320,  1.90
 459,-54.00,   13856,  1.39,    2766,  0.56,   11090,  2.26
 460,-53.00,   14923,  1.49,    1911,  0.39,   13012,  2.65
 461,-52.00,   15757,  1.58,    1096,  0.22,   14661,  2.98
 462,-51.00,   16059,  1.61,      96,  0.02,   15963,  3.25
 463,-50.00,   15945,  1.60,    -863, -0.18,   16808,  3.42
 464,-49.00,   15122,  1.51,   -1886, -0.38,   17008,  3.46
 465,-48.00,   15170,  1.52,   -2732, -0.56,   17902,  3.64
 466,-47.00,   15636,  1.56,   -3582, -0.73,   19218,  3.91
 467,-46.00,   14887,  1.49,   -5116, -1.04,   20003,  4.07
 468,-45.00,   13456,  1.35,   -6537, -1.33,   19993,  4.07
 469,-44.00,   12009,  1.20,   -7528, -1.53,   19537,  3.97
 470,-43.00,   10453,  1.05,   -8574, -1.74,   19027,  3.87
 471,-42.00,    8910,  0.89,   -9645, -1.96,   18555,  3.78
 472,-41.00,    6986,  0.70,  -10831, -2.20,   17817,  3.62
 473,-40.00,    4133,  0.41,  -12257, -2.49,   16390,  3.33
 474,-39.00,     913,  0.09,  -13414, -2.73,   14327,  2.91
 475,-38.00,   -2617, -0.26,  -14546, -2.96,   11929,  2.43
 476,-37.00,   -7036, -0.70,  -15803, -3.22,    8767,  1.78
 477,-36.00,   -9933, -0.99,  -16470, -3.35,    6537,  1.33
 478,-35.00,  -12648, -1.27,  -16981, -3.45,    4333,  0.88
 479,-34.00,  -15701, -1.57,  -18094, -3.68,    2393,  0.49
 480,-33.00,  -18595, -1.86,  -19348, -3.94,     753,  0.15
 481,-32.00,  -20702, -2.07,  -20371, -4.14,    -331, -0.07
 482,-31.00,  -21939, -2.20,  -21209, -4.32,    -730, -0.15
 483,-30.00,  -24280, -2.43,  -22458, -4.57,   -1822, -0.37
 484,-29.00,  -27113, -2.71,  -23800, -4.84,   -3313, -0.67
 485,-28.00,  -29127, -2.91,  -24910, -5.07,   -4217, -0.86
 486,-27.00,  -30825, -3.08,  -26652, -5.42,   -4173, -0.85
 487,-26.00,  -31458, -3.15,  -28295, -5.76,   -3163, -0.64
 488,-25.00,  -31561, -3.16,  -29145, -5.93,   -2416, -0.49
 489,-24.00,  -31774, -3.18,  -29694, -6.04,   -2080, -0.42
 490,-23.00,  -31947, -3.20,  -30365, -6.18,   -1582, -0.32
 491,-22.00,  -31295, -3.13,  -31146, -6.34,    -149, -0.03
 492,-21.00,  -29864, -2.99,  -31750, -6.46,    1886,  0.38
 493,-20.00,  -29319, -2.93,  -32298, -6.57,    2979,  0.61
 494,-19.00,  -30425, -3.04,  -32943, -6.70,    2518,  0.51
 495,-18.00,  -31938, -3.20,  -33942, -6.91,    2004,  0.41
 496,-17.00,  -32003, -3.20,  -34260, -6.97,    2257,  0.46
 497,-16.00,  -32344, -3.24,  -34237, -6.97,    1893,  0.39
 498,-15.00,  -32895, -3.29,  -33897, -6.90,    1002,  0.20
 499,-14.00,  -32173, -3.22,  -32669, -6.65,     496,  0.10
 500,-13.00,  -31483, -3.15,  -31804, -6.47,     321,  0.07
 501,-12.00,  -31897, -3.19,  -31009, -6.31,    -888, -0.18
 502,-11.00,  -32963, -3.30,  -30462, -6.20,   -2501, -0.51
 503,-10.00,  -33701, -3.37,  -29652, -6.03,   -4049, -0.82
 504,-9.00,  -33956, -3.40,  -28547, -5.81,   -5409, -1.10
 505,-8.00,  -33755, -3.38,  -27249, -5.54,   -6506, -1.32
 506,-7.00,  -33161, -3.32,  -25492, -5.19,   -7669, -1.56
 507,-6.00,  -33349, -3.34,  -23681, -4.82,   -9668, -1.97
 508,-5.00,  -33763, -3.38,  -22549, -4.59,  -11214, -2.28
 509,-4.00,  -32811, -3.28,  -21479, -4.37,  -11332, -2.31
 510,-3.00,  -31288, -3.13,  -20620, -4.20,  -10668, -2.17
 511,-2.00,  -30091, -3.01,  -19573, -3.98,  -10518, -2.14
 512,-1.00,  -29618, -2.96,  -18484, -3.76,  -11134, -2.27
 513,0.00,  -29410, -2.94,  -17433, -3.55,  -11977, -2.44
 514,1.00,  -29992, -3.00,  -16559, -3.37,  -13433, -2.73
 515,2.00,  -29734, -2.98,  -15122, -3.08,  -14612, -2.97
 516,3.00,  -28493, -2.85,  -13648, -2.78,  -14845, -3.02
 517,4.00,  -27354, -2.74,  -12577, -2.56,  -14777, -3.01
 518,5.00,  -26764, -2.68,  -11594, -2.36,  -15170, -3.09
 519,6.00,  -25706, -2.57,  -10835, -2.20,  -14871, -3.03
 520,7.00,  -23866, -2.39,   -9943, -2.02,  -13923, -2.83
 521,8.00,  -22236, -2.22,   -9108, -1.85,  -13128, -2.67
 522,9.00,  -21403, -2.14,   -8848, -1.80,  -12555, -2.55
 523,10.00,  -21208, -2.12,   -8963, -1.82,  -12245, -2.49
 524,11.00,  -20861, -2.09,   -8554, -1.74,  -12307, -2.50
 525,12.00,  -20564, -2.06,   -8149, -1.66,  -12415, -2.53
 526,13.00,  -20319, -2.03,   -7477, -1.52,  -12842, -2.61
 527,14.00,  -19992, -2.00,   -6678, -1.36,  -13314, -2.71
 528,15.00,  -19924, -1.99,   -5675, -1.15,  -14249, -2.90
 529,16.00,  -19918, -1.99,   -5389, -1.10,  -14529, -2.96
 530,17.00,  -19917, -1.99,   -5876, -1.20,  -14041, -2.86
 531,18.00,  -19601, -1.96,   -6345, -1.29,  -13256, -2.70
 532,19.00,  -18766, -1.88,   -6463, -1.31,  -12303, -2.50
 533,20.00,  -17217, -1.72,   -6036, -1.23,  -11181, -2.27
 534,21.00,  -15204, -1.52,   -5757, -1.17,   -9447, -1.92
 535,22.00,  -13119, -1.31,   -5463, -1.11,   -7656, -1.56
 536,23.00,  -10370, -1.04,   -4679, -0.95,   -5691, -1.16
 537,24.00,   -7328, -0.73,   -3677, -0.75,   -3651, -0.74
 538,25.00,   -4988, -0.50,   -2840, -0.58,   -2148, -0.44
 539,26.00,   -2798, -0.28,   -1988, -0.40,    -810, -0.16
 540,27.00,    -950, -0.10,   -1374, -0.28,     424,  0.09
 541,28.00,     420,  0.04,   -1104, -0.22,    1524,  0.31
 542,29.00,    2334,  0.23,    -533, -0.11,    2867,  0.58
 543,30.00,    4622,  0.46,     372,  0.08,    4250,  0.86
 544,31.00,    7450,  0.75,    1375,  0.28,    6075,  1.24
 545,32.00,    8996,  0.90,     971,  0.20,    8025,  1.63
 546,33.00,   10458,  1.05,     264,  0.05,   10194,  2.07
 547,34.00,   13024,  1.30,     370,  0.08,   12654,  2.57
 548,35.00,   15219,  1.52,     732,  0.15,   14487,  2.95
 549,36.00,   17754,  1.78,     580,  0.12,   17174,  3.49
 550,37.00,   19352,  1.94,    -389, -0.08,   19741,  4.02
 551,38.00,   20638,  2.07,   -1403, -0.29,   22041,  4.48
 552,39.00,   21426,  2.14,   -2821, -0.57,   24247,  4.93
 553,40.00,   21784,  2.18,   -4147, -0.84,   25931,  5.28
 554,41.00,   22006,  2.20,   -4877, -0.99,   26883,  5.47
 555,42.00,   21841,  2.19,   -5976, -1.22,   27817,  5.66
 556,43.00,   21466,  2.15,   -7671, -1.56,   29137,  5.93
 557,44.00,   21542,  2.16,   -9368, -1.91,   30910,  6.29
 558,45.00,   21377,  2.14,  -11079, -2.25,   32456,  6.60
 559,46.00,   21763,  2.18,  -12272, -2.50,   34035,  6.92
 560,47.00,   22082,  2.21,  -13187, -2.68,   35269,  7.18
 561,48.00,   21345,  2.14,  -14380, -2.93,   35725,  7.27
 562,49.00,   19545,  1.96,  -16157, -3.29,   35702,  7.26
 563,50.00,   19215,  1.92,  -16657, -3.39,   35872,  7.30
 564,51.00,   18672,  1.87,  -16922, -3.44,   35594,  7.24
 565,52.00,   18006,  1.80,  -17553, -3.57,   35559,  7.23
 566,53.00,   18455,  1.85,  -17743, -3.61,   36198,  7.36
 567,54.00,   19104,  1.91,  -18231, -3.71,   37335,  7.60
 568,55.00,   19951,  2.00,  -18665, -3.80,   38616,  7.86
 569,56.00,   20453,  2.05,  -18913, -3.85,   39366,  8.01
 570,57.00,   21109,  2.11,  -18691, -3.80,   39800,  8.10
 571,58.00,   21159,  2.12,  -18227, -3.71,   39386,  8.01
 572,59.00,   21401,  2.14,  -17748, -3.61,   39149,  7.97
 573,60.00,   21931,  2.19,  -17209, -3.50,   39140,  7.96
 574,61.00,   21693,  2.17,  -17024, -3.46,   38717,  7.88
 575,62.00,   21085,  2.11,  -16890, -3.44,   37975,  7.73
 576,63.00,   19754,  1.98,  -17063, -3.47,   36817,  7.49
 577,64.00,   19882,  1.99,  -16301, -3.32,   36183,  7.36
 578,65.00,   20329,  2.03,  -15313, -3.12,   35642,  7.25
 579,66.00,   20556,  2.06,  -14382, -2.93,   34938,  7.11
 580,67.00,   20651,  2.07,  -13224, -2.69,   33875,  6.89
 581,68.00,   20992,  2.10,  -11765, -2.39,   32757,  6.66
 582,69.00,   20573,  2.06,  -10429, -2.12,   31002,  6.31
 583,70.00,   19638,  1.96,   -9560, -1.95,   29198,  5.94
 584,71.00,   18571,  1.86,   -8544, -1.74,   27115,  5.52
 585,72.00,   16423,  1.64,   -7858, -1.60,   24281,  4.94
 586,73.00,   15059,  1.51,   -6955, -1.42,   22014,  4.48
 587,74.00,   13454,  1.35,   -6438, -1.31,   19892,  4.05
 588,75.00,   12030,  1.20,   -5644, -1.15,   17674,  3.60
 589,76.00,   11542,  1.15,   -4523, -0.92,   16065,  3.27
 590,77.00,   10006,  1.00,   -4131, -0.84,   14137,  2.88
 591,78.00,    7791,  0.78,   -4015, -0.82,   11806,  2.40
 592,79.00,    5126,  0.51,   -3867, -0.79,    8993,  1.83
 593,80.00,    3314,  0.33,   -3297, -0.67,    6611,  1.35
 594,81.00,    1353,  0.14,   -3208, -0.65,    4561,  0.93
 595,82.00,    -586, -0.06,   -3069, -0.62,    2483,  0.51
 596,83.00,   -2799, -0.28,   -3373, -0.69,     574,  0.12
 597,84.00,   -5424, -0.54,   -4529, -0.92,    -895, -0.18
 598,85.00,   -6643, -0.66,   -4787, -0.97,   -1856, -0.38
 599,86.00,   -7383, -0.74,   -4667, -0.95,   -2716, -0.55
 600,87.00,   -9028, -0.90,   -4912, -1.00,   -4116, -0.84
 601,88.00,  -10469, -1.05,   -5168, -1.05,   -5301, -1.08
 602,89.00,  -11469, -1.15,   -4936, -1.00,   -6533, -1.33
 603,90.00,  -12332, -1.23,   -4640, -0.94,   -7692, -1.56
 604,91.00,  -13530, -1.35,   -4522, -0.92,   -9008, -1.83
 605,92.00,  -13994, -1.40,   -3772, -0.77,  -10222, -2.08
 606,93.00,  -13547, -1.36,   -3156, -0.64,  -10391, -2.11
 607,94.00,  -14143, -1.42,   -2638, -0.54,  -11505, -2.34
 608,95.00,  -15639, -1.56,   -2578, -0.52,  -13061, -2.66
 609,96.00,  -17551, -1.76,   -2920, -0.59,  -14631, -2.98
 610,97.00,  -19088, -1.91,   -3042, -0.62,  -16046, -3.26
 611,98.00,  -20218, -2.02,   -3232, -0.66,  -16986, -3.46
 612,99.00,  -20932, -2.09,   -3754, -0.76,  -17178, -3.49
 613,100.00,  -21868, -2.19,   -4204, -0.86,  -17664, -3.59
 614,101.00,  -23305, -2.33,   -4661, -0.95,  -18644, -3.79
 615,102.00,  -24523, -2.45,   -5159, -1.05,  -19364, -3.94
 616,103.00,  -26177, -2.62,   -5487, -1.12,  -20690, -4.21
 617,104.00,  -27721, -2.77,   -5469, -1.11,  -22252, -4.53
 618,105.00,  -29518, -2.95,   -6108, -1.24,  -23410, -4.76
 619,106.00,  -31733, -3.18,   -6933, -1.41,  -24800, -5.05
 620,107.00,  -32693, -3.27,   -7129, -1.45,  -25564, -5.20
 621,108.00,  -32488, -3.25,   -6887, -1.40,  -25601, -5.21
 622,109.00,  -33063, -3.31,   -7114, -1.45,  -25949, -5.28
 623,110.00,  -34383, -3.44,   -7403, -1.51,  -26980, -5.49
 624,111.00,  -35569, -3.56,   -7897, -1.61,  -27672, -5.63
 625,112.00,  -35760, -3.58,   -8391, -1.71,  -27369, -5.57
 626,113.00,  -35985, -3.60,   -8550, -1.74,  -27435, -5.58
 627,114.00,  -36690, -3.67,   -8917, -1.81,  -27773, -5.65
 628,115.00,  -37398, -3.74,   -9077, -1.85,  -28321, -5.76
 629,116.00,  -38745, -3.88,   -9904, -2.02,  -28841, -5.87
 630,117.00,  -40351, -4.04,  -11192, -2.28,  -29159, -5.93
 631,118.00,  -40510, -4.05,  -11550, -2.35,  -28960, -5.89
 632,119.00,  -41305, -4.13,  -12280, -2.50,  -29025, -5.91
 633,120.00,  -43042, -4.31,  -13490, -2.74,  -29552, -6.01
 634,121.00,  -44248, -4.43,  -14724, -3.00,  -29524, -6.01
 635,122.00,  -45597, -4.56,  -16164, -3.29,  -29433, -5.99
 636,123.00,  -46627, -4.67,  -17578, -3.58,  -29049, -5.91
 637,124.00,  -46924, -4.70,  -18533, -3.77,  -28391, -5.78
 638,125.00,  -46862, -4.69,  -18879, -3.84,  -27983, -5.69
 639,126.00,  -46302, -4.63,  -19109, -3.89,  -27193, -5.53
 640,127.00,  -46255, -4.63,  -19804, -4.03,  -26451, -5.38
 641,128.00,  -46227, -4.63,  -20468, -4.16,  -25759, -5.24
 642,129.00,  -45087, -4.51,  -20736, -4.22,  -24351, -4.95
 643,130.00,  -43245, -4.33,  -20958, -4.26,  -22287, -4.53
 644,131.00,  -41321, -4.13,  -21056, -4.28,  -20265, -4.12
 645,132.00,  -39850, -3.99,  -21266, -4.33,  -18584, -3.78
 646,133.00,  -38685, -3.87,  -22004, -4.48,  -16681, -3.39
 647,134.00,  -37373, -3.74,  -22969, -4.67,  -14404, -2.93
 648,135.00,  -35883, -3.59,  -23099, -4.70,  -12784, -2.60
 649,136.00,  -33340, -3.34,  -22573, -4.59,  -10767, -2.19
 650,137.00,  -30919, -3.09,  -22458, -4.57,   -8461, -1.72
 651,138.00,  -29256, -2.93,  -22530, -4.58,   -6726, -1.37
 652,139.00,  -27530, -2.75,  -22612, -4.60,   -4918, -1.00
 653,140.00,  -24963, -2.50,  -22527, -4.58,   -2436, -0.50
 654,141.00,  -22684, -2.27,  -22915, -4.66,     231,  0.05
 655,142.00,  -20635, -2.06,  -23462, -4.77,    2827,  0.58
 656,143.00,  -18634, -1.86,  -23732, -4.83,    5098,  1.04
 657,144.00,  -16171, -1.62,  -23932, -4.87,    7761,  1.58
 658,145.00,  -13749, -1.38,  -24126, -4.91,   10377,  2.11
 659,146.00,  -11817, -1.18,  -24512, -4.99,   12695,  2.58
 660,147.00,   -9358, -0.94,  -24042, -4.89,   14684,  2.99
 661,148.00,   -8201, -0.82,  -23831, -4.85,   15630,  3.18
 662,149.00,   -6837, -0.68,  -23848, -4.85,   17011,  3.46
 663,150.00,   -4708, -0.47,  -23262, -4.73,   18554,  3.77
 664,151.00,   -3017, -0.30,  -22719, -4.62,   19702,  4.01
 665,152.00,   -1949, -0.20,  -22694, -4.62,   20745,  4.22
 666,153.00,   -1346, -0.13,  -22552, -4.59,   21206,  4.31
 667,154.00,    -649, -0.06,  -22382, -4.55,   21733,  4.42
 668,155.00,     898,  0.09,  -21667, -4.41,   22565,  4.59
 669,156.00,    2358,  0.24,  -20833, -4.24,   23191,  4.72
 670,157.00,    3602,  0.36,  -19828, -4.03,   23430,  4.77
 671,158.00,    3944,  0.39,  -18891, -3.84,   22835,  4.65
 672,159.00,    3970,  0.40,  -18159, -3.69,   22129,  4.50
 673,160.00,    3367,  0.34,  -17753, -3.61,   21120,  4.30
 674,161.00,    3412,  0.34,  -17065, -3.47,   20477,  4.17
 675,162.00,    4201,  0.42,  -16038, -3.26,   20239,  4.12
 676,163.00,    5091,  0.51,  -15177, -3.09,   20268,  4.12
 677,164.00,    5500,  0.55,  -13902, -2.83,   19402,  3.95
 678,165.00,    5933,  0.59,  -12576, -2.56,   18509,  3.77
 679,166.00,    6121,  0.61,  -11733, -2.39,   17854,  3.63
 680,167.00,    5986,  0.60,  -11198, -2.28,   17184,  3.50
 681,168.00,    6479,  0.65,   -9854, -2.00,   16333,  3.32
 682,169.00,    7551,  0.76,   -8116, -1.65,   15667,  3.19
 683,170.00,    8751,  0.88,   -6678, -1.36,   15429,  3.14
 684,171.00,    9405,  0.94,   -5309, -1.08,   14714,  2.99
 685,172.00,   10348,  1.04,   -3475, -0.71,   13823,  2.81
 686,173.00,   11042,  1.10,   -1811, -0.37,   12853,  2.62
 687,174.00,   12003,  1.20,     -77, -0.02,   12080,  2.46
 688,175.00,   13367,  1.34,    2140,  0.44,   11227,  2.28
 689,176.00,   13353,  1.34,    3614,  0.74,    9739,  1.98
 690,177.00,   12992,  1.30,    5458,  1.11,    7534,  1.53
 691,178.00,   12739,  1.27,    7046,  1.43,    5693,  1.16
 692,179.00,   13034,  1.30,    9094,  1.85,    3940,  0.80
 693,180.00,   14329,  1.43,   11745,  2.39,    2584,  0.53
 694,181.00,   16135,  1.61,   14338,  2.92,    1797,  0.37
 695,182.00,   17394,  1.74,   16453,  3.35,     941,  0.19
 696,183.00,   17780,  1.78,   18194,  3.70,    -414, -0.08
 697,184.00,   17943,  1.80,   19567,  3.98,   -1624, -0.33
 698,185.00,   18496,  1.85,   21383,  4.35,   -2887, -0.59
 699,186.00,   18660,  1.87,   23244,  4.73,   -4584, -0.93
 700,187.00,   17070,  1.71,   24186,  4.92,   -7116, -1.45
 701,188.00,   15277,  1.53,   24713,  5.03,   -9436, -1.92
 702,189.00,   14200,  1.42,   25433,  5.17,  -11233, -2.29
 703,190.00,   13537,  1.35,   26211,  5.33,  -12674, -2.58
 704,191.00,   12708,  1.27,   27048,  5.50,  -14340, -2.92
 705,192.00,   12193,  1.22,   28177,  5.73,  -15984, -3.25
 706,193.00,   11995,  1.20,   29229,  5.95,  -17234, -3.51
 707,194.00,   11079,  1.11,   29634,  6.03,  -18555, -3.78
 708,195.00,   10157,  1.02,   30113,  6.13,  -19956, -4.06
 709,196.00,    9174,  0.92,   30556,  6.22,  -21382, -4.35
 710,197.00,    8157,  0.82,   30639,  6.23,  -22482, -4.57
 711,198.00,    7633,  0.76,   30521,  6.21,  -22888, -4.66
 712,199.00,    8113,  0.81,   30481,  6.20,  -22368, -4.55
 713,200.00,    9655,  0.97,   29878,  6.08,  -20223, -4.11
 714,201.00,   11027,  1.10,   29438,  5.99,  -18411, -3.75
 715,202.00,   11612,  1.16,   29088,  5.92,  -17476, -3.56
 716,203.00,   12102,  1.21,   28829,  5.87,  -16727, -3.40
 717,204.00,   11815,  1.18,   28410,  5.78,  -16595, -3.38
 718,205.00,   11418,  1.14,   27256,  5.55,  -15838, -3.22
 719,206.00,   11660,  1.17,   26204,  5.33,  -14544, -2.96
 720,207.00,   11274,  1.13,   24698,  5.02,  -13424, -2.73
 721,208.00,   11766,  1.18,   23720,  4.83,  -11954, -2.43
 722,209.00,   12496,  1.25,   22781,  4.63,  -10285, -2.09
 723,210.00,   12756,  1.28,   21653,  4.41,   -8897, -1.81
 724,211.00,   12425,  1.24,   20430,  4.16,   -8005, -1.63
 725,212.00,   12258,  1.23,   19149,  3.90,   -6891, -1.40
 726,213.00,   12269,  1.23,   18021,  3.67,   -5752, -1.17
 727,214.00,   11979,  1.20,   16765,  3.41,   -4786, -0.97
 728,215.00,   11379,  1.14,   15344,  3.12,   -3965, -0.81
 729,216.00,   10407,  1.04,   13741,  2.80,   -3334, -0.68
 730,217.00,    9473,  0.95,   12256,  2.49,   -2783, -0.57
 731,218.00,    8983,  0.90,   11281,  2.30,   -2298, -0.47
 732,219.00,    9227,  0.92,   10310,  2.10,   -1083, -0.22
 733,220.00,   10895,  1.09,    9941,  2.02,     954,  0.19
 734,221.00,   12600,  1.26,    9251,  1.88,    3349,  0.68
 735,222.00,   13697,  1.37,    8369,  1.70,    5328,  1.08
 736,223.00,   15091,  1.51,    7606,  1.55,    7485,  1.52
 737,224.00,   17514,  1.75,    7074,  1.44,   10440,  2.12
 738,225.00,   20670,  2.07,    6894,  1.40,   13776,  2.80
 739,226.00,   23927,  2.39,    6931,  1.41,   16996,  3.46
 740,227.00,   26802,  2.68,    6902,  1.40,   19900,  4.05
 741,228.00,   28422,  2.84,    6247,  1.27,   22175,  4.51
 742,229.00,   30310,  3.03,    5924,  1.21,   24386,  4.96
 743,230.00,   32858,  3.29,    6399,  1.30,   26459,  5.38
 744,231.00,   35130,  3.52,    7056,  1.44,   28074,  5.71
 745,232.00,   37618,  3.76,    7674,  1.56,   29944,  6.09
 746,233.00,   39578,  3.96,    7458,  1.52,   32120,  6.54
 747,234.00,   41329,  4.14,    7427,  1.51,   33902,  6.90
 748,235.00,   43555,  4.36,    7731,  1.57,   35824,  7.29
 749,236.00,   44815,  4.48,    7987,  1.63,   36828,  7.49
 750,237.00,   45461,  4.55,    7863,  1.60,   37598,  7.65
 751,238.00,   45898,  4.59,    7115,  1.45,   38783,  7.89
 752,239.00,   46812,  4.68,    6428,  1.31,   40384,  8.22
 753,240.00,   46358,  4.64,    5208,  1.06,   41150,  8.37
 754,241.00,   45656,  4.57,    3702,  0.75,   41954,  8.54
 755,242.00,   45551,  4.56,    2759,  0.56,   42792,  8.71
 756,243.00,   44848,  4.49,    1504,  0.31,   43344,  8.82
 757,244.00,   44004,  4.40,     257,  0.05,   43747,  8.90
 758,245.00,   42857,  4.29,    -964, -0.20,   43821,  8.92
 759,246.00,   41478,  4.15,   -2367, -0.48,   43845,  8.92
 760,247.00,   39633,  3.97,   -3906, -0.79,   43539,  8.86
 761,248.00,   38076,  3.81,   -5338, -1.09,   43414,  8.83
 762,249.00,   36665,  3.67,   -6538, -1.33,   43203,  8.79
 763,250.00,   34051,  3.41,   -7807, -1.59,   41858,  8.52
 764,251.00,   31160,  3.12,   -9313, -1.89,   40473,  8.23
 765,252.00,   28563,  2.86,  -10711, -2.18,   39274,  7.99
 766,253.00,   25987,  2.60,  -11635, -2.37,   37622,  7.65
 767,254.00,   23838,  2.39,  -11896, -2.42,   35734,  7.27
 768,255.00,   21945,  2.20,  -12132, -2.47,   34077,  6.93
 769,256.00,   19927,  1.99,  -12560, -2.56,   32487,  6.61
 770,257.00,   17194,  1.72,  -13356, -2.72,   30550,  6.22
 771,258.00,   13993,  1.40,  -13714, -2.79,   27707,  5.64
 772,259.00,   11456,  1.15,  -13557, -2.76,   25013,  5.09
 773,260.00,    9075,  0.91,  -13534, -2.75,   22609,  4.60
 774,261.00,    6416,  0.64,  -13925, -2.83,   20341,  4.14
 775,262.00,    4181,  0.42,  -14221, -2.89,   18402,  3.74
 776,263.00,    2472,  0.25,  -14067, -2.86,   16539,  3.36
 777,264.00,    1950,  0.20,  -13443, -2.74,   15393,  3.13
 778,265.00,    1942,  0.19,  -12713, -2.59,   14655,  2.98
 779,266.00,    1826,  0.18,  -11640, -2.37,   13466,  2.74
 780,267.00,    2374,  0.24,  -10406, -2.12,   12780,  2.60
 781,268.00,    2658,  0.27,   -9074, -1.85,   11732,  2.39
 782,269.00,    3320,  0.33,   -7298, -1.48,   10618,  2.16
 783,270.00,    5004,  0.50,   -5124, -1.04,   10128,  2.06
 784,271.00,    6379,  0.64,   -3318, -0.68,    9697,  1.97
 785,272.00,    7088,  0.71,   -1854, -0.38,    8942,  1.82
 786,273.00,    6781,  0.68,    -500, -0.10,    7281,  1.48
 787,274.00,    7187,  0.72,    1499,  0.30,    5688,  1.16
 788,275.00,    7725,  0.77,    3409,  0.69,    4316,  0.88
 789,276.00,    7862,  0.79,    4958,  1.01,    2904,  0.59
 790,277.00,    7074,  0.71,    5853,  1.19,    1221,  0.25
 791,278.00,    6876,  0.69,    6782,  1.38,      94,  0.02
 792,279.00,    6444,  0.64,    7851,  1.60,   -1407, -0.29
 793,280.00,    5374,  0.54,    8732,  1.78,   -3358, -0.68
 794,281.00,    4977,  0.50,    9659,  1.97,   -4682, -0.95
 795,282.00,    3893,  0.39,   10122,  2.06,   -6229, -1.27
 796,283.00,    2020,  0.20,   10232,  2.08,   -8212, -1.67
 797,284.00,     378,  0.04,   10251,  2.09,   -9873, -2.01
 798,285.00,    -448, -0.04,   10530,  2.14,  -10978, -2.23
 799,286.00,    -582, -0.06,   11153,  2.27,  -11735, -2.39
 800,287.00,   -1113, -0.11,   11567,  2.35,  -12680, -2.58
 801,288.00,   -1859, -0.19,   11843,  2.41,  -13702, -2.79
 802,289.00,   -3096, -0.31,   11887,  2.42,  -14983, -3.05
 803,290.00,   -3692, -0.37,   12122,  2.47,  -15814, -3.22
 804,291.00,   -4412, -0.44,   12379,  2.52,  -16791, -3.42
 805,292.00,   -3850, -0.39,   13160,  2.68,  -17010, -3.46
 806,293.00,   -3047, -0.30,   13700,  2.79,  -16747, -3.41
 807,294.00,   -1709, -0.17,   14511,  2.95,  -16220, -3.30
 808,295.00,    -373, -0.04,   15340,  3.12,  -15713, -3.20
 809,296.00,     765,  0.08,   16206,  3.30,  -15441, -3.14
 810,297.00,    1887,  0.19,   16987,  3.46,  -15100, -3.07
 811,298.00,    2258,  0.23,   17806,  3.62,  -15548, -3.16
 812,299.00,    2094,  0.21,   18007,  3.66,  -15913, -3.24
 813,300.00,    2654,  0.27,   18273,  3.72,  -15619, -3.18
 814,301.00,    3719,  0.37,   18652,  3.79,  -14933, -3.04
 815,302.00,    4790,  0.48,   19026,  3.87,  -14236, -2.90
 816,303.00,    6271,  0.63,   19565,  3.98,  -13294, -2.70
 817,304.00,    7817,  0.78,   20254,  4.12,  -12437, -2.53
 818,305.00,    8969,  0.90,   20757,  4.22,  -11788, -2.40
 819,306.00,    9913,  0.99,   20936,  4.26,  -11023, -2.24
 820,307.00,   11224,  1.12,   21294,  4.33,  -10070, -2.05
 821,308.00,   12809,  1.28,   21867,  4.45,   -9058, -1.84
 822,309.00,   14544,  1.46,   22018,  4.48,   -7474, -1.52
 823,310.00,   16410,  1.64,   22536,  4.59,   -6126, -1.25
 824,311.00,   18274,  1.83,   23389,  4.76,   -5115, -1.04
 825,312.00,   20239,  2.03,   23762,  4.83,   -3523, -0.72
 826,313.00,   23228,  2.32,   24638,  5.01,   -1410, -0.29
 827,314.00,   25747,  2.58,   25758,  5.24,     -11, -0.00
 828,315.00,   26758,  2.68,   26162,  5.32,     596,  0.12
 829,316.00,   27015,  2.70,   25400,  5.17,    1615,  0.33
 830,317.00,   27553,  2.76,   24443,  4.97,    3110,  0.63
 831,318.00,   28825,  2.88,   24220,  4.93,    4605,  0.94
 832,319.00,   29757,  2.98,   24259,  4.94,    5498,  1.12
 833,320.00,   30408,  3.04,   24316,  4.95,    6092,  1.24
 834,321.00,   30896,  3.09,   23977,  4.88,    6919,  1.41
 835,322.00,   31179,  3.12,   23064,  4.69,    8115,  1.65
 836,323.00,   31735,  3.18,   22590,  4.60,    9145,  1.86
 837,324.00,   32107,  3.21,   22403,  4.56,    9704,  1.97
 838,325.00,   31923,  3.19,   21582,  4.39,   10341,  2.10
 839,326.00,   31172,  3.12,   20227,  4.12,   10945,  2.23
 840,327.00,   30454,  3.05,   19238,  3.91,   11216,  2.28
 841,328.00,   30184,  3.02,   18248,  3.71,   11936,  2.43
 842,329.00,   29521,  2.95,   16723,  3.40,   12798,  2.60
 843,330.00,   28960,  2.90,   15191,  3.09,   13769,  2.80
 844,331.00,   27940,  2.80,   13490,  2.74,   14450,  2.94
 845,332.00,   27078,  2.71,   11913,  2.42,   15165,  3.09
 846,333.00,   27409,  2.74,   10718,  2.18,   16691,  3.40
 847,334.00,   27678,  2.77,    9557,  1.94,   18121,  3.69
 848,335.00,   27333,  2.73,    8407,  1.71,   18926,  3.85
 849,336.00,   26493,  2.65,    7264,  1.48,   19229,  3.91
 850,337.00,   26296,  2.63,    6094,  1.24,   20202,  4.11
 851,338.00,   25480,  2.55,    4953,  1.01,   20527,  4.18
 852,339.00,   24580,  2.46,    3868,  0.79,   20712,  4.21
 853,340.00,   22778,  2.28,    2189,  0.45,   20589,  4.19
 854,341.00,   21171,  2.12,     989,  0.20,   20182,  4.11
 855,342.00,   20299,  2.03,     455,  0.09,   19844,  4.04
 856,343.00,   19786,  1.98,      84,  0.02,   19702,  4.01
 857,344.00,   19000,  1.90,    -630, -0.13,   19630,  3.99
 858,345.00,   17418,  1.74,   -2061, -0.42,   19479,  3.96
 859,346.00,   16089,  1.61,   -3270, -0.67,   19359,  3.94
 860,347.00,   14956,  1.50,   -4480, -0.91,   19436,  3.95
 861,348.00,   14048,  1.41,   -5425, -1.10,   19473,  3.96
 862,349.00,   12675,  1.27,   -6104, -1.24,   18779,  3.82
 863,350.00,   10577,  1.06,   -7022, -1.43,   17599,  3.58
 864,351.00,    8561,  0.86,   -8247, -1.68,   16808,  3.42
 865,352.00,    7616,  0.76,   -9657, -1.96,   17273,  3.51
 866,353.00,    6056,  0.61,  -10849, -2.21,   16905,  3.44
 867,354.00,    3936,  0.39,  -12160, -2.47,   16096,  3.27
 868,355.00,    2304,  0.23,  -12985, -2.64,   15289,  3.11
 869,356.00,     992,  0.10,  -13573, -2.76,   14565,  2.96
 870,357.00,    -316, -0.03,  -14739, -3.00,   14423,  2.93
 871,358.00,   -1651, -0.17,  -15984, -3.25,   14333,  2.92
 872,359.00,   -3280, -0.33,  -16853, -3.43,   13573,  2.76
 873,360.00,   -5892, -0.59,  -18509, -3.77,   12617,  2.57
 874,361.00,   -8664, -0.87,  -19896, -4.05,   11232,  2.29
 875,362.00,  -11646, -1.17,  -21190, -4.31,    9544,  1.94
 876,363.00,  -14112, -1.41,  -22446, -4.57,    8334,  1.70
 877,364.00,  -16442, -1.65,  -23427, -4.77,    6985,  1.42
 878,365.00,  -18846, -1.89,  -24154, -4.91,    5308,  1.08
 879,366.00,  -21578, -2.16,  -24938, -5.07,    3360,  0.68
 880,367.00,  -25050, -2.51,  -26056, -5.30,    1006,  0.20
 881,368.00,  -28200, -2.82,  -27001, -5.49,   -1199, -0.24
 882,369.00,  -30489, -3.05,  -27466, -5.59,   -3023, -0.62
 883,370.00,  -32325, -3.23,  -27629, -5.62,   -4696, -0.96
 884,371.00,  -35022, -3.50,  -28320, -5.76,   -6702, -1.36
 885,372.00,  -37441, -3.75,  -28685, -5.84,   -8756, -1.78
 886,373.00,  -39184, -3.92,  -28381, -5.77,  -10803, -2.20
 887,374.00,  -40393, -4.04,  -27633, -5.62,  -12760, -2.60
 888,375.00,  -41415, -4.14,  -26815, -5.46,  -14600, -2.97
 889,376.00,  -42892, -4.29,  -26202, -5.33,  -16690, -3.40
 890,377.00,  -44239, -4.43,  -25518, -5.19,  -18721, -3.81
 891,378.00,  -45706, -4.57,  -25501, -5.19,  -20205, -4.11
 892,379.00,  -45695, -4.57,  -25210, -5.13,  -20485, -4.17
 893,380.00,  -43665, -4.37,  -23886, -4.86,  -19779, -4.02
 894,381.00,  -41979, -4.20,  -22392, -4.56,  -19587, -3.99
 895,382.00,  -41297, -4.13,  -21211, -4.32,  -20086, -4.09
 896,383.00,  -40674, -4.07,  -20003, -4.07,  -20671, -4.21
 897,384.00,  -39408, -3.94,  -18052, -3.67,  -21356, -4.35
 898,385.00,  -38428, -3.85,  -16532, -3.36,  -21896, -4.45
 899,386.00,  -37066, -3.71,  -14918, -3.04,  -22148, -4.51
 900,387.00,  -35380, -3.54,  -13106, -2.67,  -22274, -4.53
 901,388.00,  -33559, -3.36,  -11757, -2.39,  -21802, -4.44
 902,389.00,  -32485, -3.25,  -10816, -2.20,  -21669, -4.41
 903,390.00,  -31352, -3.14,   -9742, -1.98,  -21610, -4.40
 904,391.00,  -29701, -2.97,   -8012, -1.63,  -21689, -4.41
 905,392.00,  -28126, -2.81,   -6210, -1.26,  -21916, -4.46
 906,393.00,  -26780, -2.68,   -4668, -0.95,  -22112, -4.50
 907,394.00,  -25536, -2.56,   -3564, -0.73,  -21972, -4.47
 908,395.00,  -23867, -2.39,   -2213, -0.45,  -21654, -4.41
 909,396.00,  -22177, -2.22,   -1211, -0.25,  -20966, -4.27
 910,397.00,  -21071, -2.11,    -666, -0.14,  -20405, -4.15
 911,398.00,  -19999, -2.00,     387,  0.08,  -20386, -4.15
 912,399.00,  -19442, -1.95,     696,  0.14,  -20138, -4.10
 913,400.00,  -18640, -1.87,     773,  0.16,  -19413, -3.95
 914,401.00,  -18100, -1.81,     753,  0.15,  -18853, -3.84
 915,402.00,  -17981, -1.80,     481,  0.10,  -18462, -3.76
 916,403.00,  -18411, -1.84,     251,  0.05,  -18662, -3.80
 917,404.00,  -19174, -1.92,    -562, -0.11,  -18612, -3.79
 918,405.00,  -19295, -1.93,   -1312, -0.27,  -17983, -3.66
 919,406.00,  -20260, -2.03,   -2448, -0.50,  -17812, -3.62
 920,407.00,  -20680, -2.07,   -3205, -0.65,  -17475, -3.56
 921,408.00,  -21348, -2.14,   -3853, -0.78,  -17495, -3.56
 922,409.00,  -21740, -2.18,   -3806, -0.77,  -17934, -3.65
 923,410.00,  -22549, -2.26,   -3891, -0.79,  -18658, -3.80
 924,411.00,  -24840, -2.49,   -4798, -0.98,  -20042, -4.08
 925,412.00,  -27139, -2.72,   -5900, -1.20,  -21239, -4.32
 926,413.00,  -28967, -2.90,   -6841, -1.39,  -22126, -4.50
 927,414.00,  -30464, -3.05,   -7451, -1.52,  -23013, -4.68
 928,415.00,  -31596, -3.16,   -8214, -1.67,  -23382, -4.76
 929,416.00,  -32993, -3.30,   -8788, -1.79,  -24205, -4.92
 930,417.00,  -33869, -3.39,   -8814, -1.79,  -25055, -5.10
 931,418.00,  -33935, -3.40,   -8761, -1.78,  -25174, -5.12
 932,419.00,  -34033, -3.41,   -8101, -1.65,  -25932, -5.28
 933,420.00,  -33322, -3.33,   -6708, -1.36,  -26614, -5.41
 934,421.00,  -32573, -3.26,   -5186, -1.06,  -27387, -5.57
 935,422.00,  -31845, -3.19,   -4159, -0.85,  -27686, -5.63
 936,423.00,  -31017, -3.10,   -2917, -0.59,  -28100, -5.72
 937,424.00,  -30081, -3.01,   -1998, -0.41,  -28083, -5.71
 938,425.00,  -29873, -2.99,   -1624, -0.33,  -28249, -5.75
 939,426.00,  -29301, -2.93,    -631, -0.13,  -28670, -5.83
 940,427.00,  -28118, -2.81,     534,  0.11,  -28652, -5.83
 941,428.00,  -27149, -2.72,    1747,  0.36,  -28896, -5.88
 942,429.00,  -25827, -2.58,    3698,  0.75,  -29525, -6.01
 943,430.00,  -25585, -2.56,    5354,  1.09,  -30939, -6.29
 944,431.00,  -25385, -2.54,    6251,  1.27,  -31636, -6.44
 945,432.00,  -24550, -2.46,    6759,  1.38,  -31309, -6.37
 946,433.00,  -22592, -2.26,    7298,  1.48,  -29890, -6.08
 947,434.00,  -21456, -2.15,    7568,  1.54,  -29024, -5.91
 948,435.00,  -20991, -2.10,    7522,  1.53,  -28513, -5.80
 949,436.00,  -20836, -2.08,    7529,  1.53,  -28365, -5.77
 950,437.00,  -20637, -2.06,    7396,  1.50,  -28033, -5.70
 951,438.00,  -19422, -1.94,    7445,  1.51,  -26867, -5.47
 952,439.00,  -18307, -1.83,    7198,  1.46,  -25505, -5.19
 953,440.00,  -16799, -1.68,    6577,  1.34,  -23376, -4.76
 954,441.00,  -14959, -1.50,    6354,  1.29,  -21313, -4.34
 955,442.00,  -12484, -1.25,    6342,  1.29,  -18826, -3.83
 956,443.00,  -10470, -1.05,    6191,  1.26,  -16661, -3.39
 957,444.00,   -9548, -0.96,    5506,  1.12,  -15054, -3.06
 958,445.00,   -8514, -0.85,    5208,  1.06,  -13722, -2.79
 959,446.00,   -7078, -0.71,    4483,  0.91,  -11561, -2.35
 960,447.00,   -6175, -0.62,    3511,  0.71,   -9686, -1.97
 961,448.00,   -4898, -0.49,    2875,  0.58,   -7773, -1.58
 962,449.00,   -3189, -0.32,    2769,  0.56,   -5958, -1.21
 963,450.00,   -2134, -0.21,    2830,  0.58,   -4964, -1.01
 964,451.00,   -1949, -0.20,    2454,  0.50,   -4403, -0.90
 965,452.00,   -2696, -0.27,    1920,  0.39,   -4616, -0.94
 966,453.00,   -3446, -0.34,    1257,  0.26,   -4703, -0.96
 967,454.00,   -3424, -0.34,    1015,  0.21,   -4439, -0.90
 968,455.00,   -3649, -0.37,     803,  0.16,   -4452, -0.91
 969,456.00,   -4351, -0.44,     645,  0.13,   -4996, -1.02
 970,457.00,   -6112, -0.61,     127,  0.03,   -6239, -1.27
 971,458.00,   -8096, -0.81,     213,  0.04,   -8309, -1.69
 972,459.00,   -9444, -0.94,     254,  0.05,   -9698, -1.97
 973,460.00,   -9555, -0.96,     558,  0.11,  -10113, -2.06
 974,461.00,   -9329, -0.93,     807,  0.16,  -10136, -2.06
 975,462.00,   -8417, -0.84,    1190,  0.24,   -9607, -1.95
 976,463.00,   -7383, -0.74,    1928,  0.39,   -9311, -1.89
 977,464.00,   -7022, -0.70,    2634,  0.54,   -9656, -1.96
 978,465.00,   -6886, -0.69,    3257,  0.66,  -10143, -2.06
 979,466.00,   -6732, -0.67,    3587,  0.73,  -10319, -2.10
 980,467.00,   -7106, -0.71,    3633,  0.74,  -10739, -2.18
 981,468.00,   -7807, -0.78,    3322,  0.68,  -11129, -2.26
 982,469.00,   -7670, -0.77,    3655,  0.74,  -11325, -2.30
 983,470.00,   -6654, -0.67,    4116,  0.84,  -10770, -2.19
 984,471.00,   -5695, -0.57,    4626,  0.94,  -10321, -2.10
 985,472.00,   -5109, -0.51,    5098,  1.04,  -10207, -2.08
 986,473.00,   -4941, -0.49,    5567,  1.13,  -10508, -2.14
 987,474.00,   -5285, -0.53,    5276,  1.07,  -10561, -2.15
 988,475.00,   -5399, -0.54,    5222,  1.06,  -10621, -2.16
 989,476.00,   -6016, -0.60,    4832,  0.98,  -10848, -2.21
 990,477.00,   -7033, -0.70,    4161,  0.85,  -11194, -2.28
 991,478.00,   -6619, -0.66,    3935,  0.80,  -10554, -2.15
 992,479.00,   -6594, -0.66,    3523,  0.72,  -10117, -2.06
 993,480.00,   -6719, -0.67,    3242,  0.66,   -9961, -2.03
 994,481.00,   -5754, -0.58,    2986,  0.61,   -8740, -1.78
 995,482.00,   -4370, -0.44,    2846,  0.58,   -7216, -1.47
 996,483.00,   -3330, -0.33,    2338,  0.48,   -5668, -1.15
 997,484.00,   -2588, -0.26,    1550,  0.32,   -4138, -0.84
 998,485.00,   -1920, -0.19,    1137,  0.23,   -3057, -0.62
 999,486.00,   -1104, -0.11,     618,  0.13,   -1722, -0.35
1000,487.00,     352,  0.04,     320,  0.07,      32,  0.00
1001,488.00,    1942,  0.19,      64,  0.01,    1878,  0.38
1002,489.00,    2410,  0.24,    -446, -0.09,    2856,  0.58
1003,490.00,    2663,  0.27,    -822, -0.17,    3485,  0.71
1004,491.00,    3193,  0.32,   -1102, -0.22,    4295,  0.87
1005,492.00,    4116,  0.41,   -1168, -0.24,    5284,  1.08
1006,493.00,    5097,  0.51,    -843, -0.17,    5940,  1.21
1007,494.00,    6300,  0.63,    -617, -0.13,    6917,  1.41
1008,495.00,    6168,  0.62,   -1247, -0.25,    7415,  1.51
1009,496.00,    6433,  0.64,   -1522, -0.31,    7955,  1.62
1010,497.00,    7296,  0.73,   -1024, -0.21,    8320,  1.69
1011,498.00,    8127,  0.81,    -261, -0.05,    8388,  1.71
1012,499.00,    8796,  0.88,     -49, -0.00,    8845,  1.80
1013,500.00,    9656,  0.97,     -44, -0.00,    9700,  1.97
1014,501.00,    9956,  1.00,    -345, -0.07,   10301,  2.10
1015,502.00,    9186,  0.92,    -632, -0.13,    9818,  2.00
1016,503.00,    9239,  0.92,    -550, -0.11,    9789,  1.99
1017,504.00,    9565,  0.96,    -402, -0.08,    9967,  2.03
1018,505.00,    9269,  0.93,    -685, -0.14,    9954,  2.03
1019,506.00,    9035,  0.90,    -843, -0.17,    9878,  2.01
1020,507.00,    9198,  0.92,    -817, -0.17,   10015,  2.04
1021,508.00,   10636,  1.06,   -1051, -0.21,   11687,  2.38
1022,509.00,   13677,  1.37,   -1166, -0.24,   14843,  3.02
1023,510.00,   16402,  1.64,   -1454, -0.30,   17856,  3.63
1024,511.00,   18030,  1.80,   -1585, -0.32,   19615,  3.99
