-----------------------------------------------------------------------------------
Identifier:,IHS5922-20199602
File Name:,GRLP70B.5
Ear:,L
Channel:,2
Intensity:,70 dB HL
Stim. Rate:,  1.10/s
Stim. Mode:,0
Sweeps:,181
Artifacts:,80
Smp. Period:,1000.00 us
Amp. Gain:, 50.00 K
Low Pass:, 30.00 Hz
High Pass:,  1.00 Hz
Notch Filter:,TRUE
Stimulus:,100
Stim. Freq.:,1000 Hz
Stim. Dur.:,2000 pnts
Masking:,0 dB SPL
Stim. Point:,513
-----------------------------------------------------------------------------------
Peak Information:,Label,Peak(+),Peak(+)(ms),Peak(-),Peak(-)(ms)
,20, 722,209.00, 785,272.00,
,19, 698,185.00, 723,210.00,
,18, 665,152.00, 699,186.00,
,17, 599,86.00, 665,152.00,
-----------------------------------------------------------------------------------


Data Pnt:,Data Pnt(ms):,Average:,Average(uV):,Buffer1:,Buffer1(uV):,Buffer2:,Buffer2(uV):
   1,-512.00,       0,  0.00,       0,  0.00,       0,  0.00
   2,-511.00,       0,  0.00,       0,  0.00,       0,  0.00
   3,-510.00,       0,  0.00,       0,  0.00,       0,  0.00
   4,-509.00,       0,  0.00,       0,  0.00,       0,  0.00
   5,-508.00,       0,  0.00,       0,  0.00,       0,  0.00
   6,-507.00,       0,  0.00,       0,  0.00,       0,  0.00
   7,-506.00,       0,  0.00,       0,  0.00,       0,  0.00
   8,-505.00,       0,  0.00,       0,  0.00,       0,  0.00
   9,-504.00,       0,  0.00,       0,  0.00,       0,  0.00
  10,-503.00,       0,  0.00,       0,  0.00,       0,  0.00
  11,-502.00,       0,  0.00,       0,  0.00,       0,  0.00
  12,-501.00,       0,  0.00,       0,  0.00,       0,  0.00
  13,-500.00,       0,  0.00,       0,  0.00,       0,  0.00
  14,-499.00,       0,  0.00,       0,  0.00,       0,  0.00
  15,-498.00,       0,  0.00,       0,  0.00,       0,  0.00
  16,-497.00,       0,  0.00,       0,  0.00,       0,  0.00
  17,-496.00,       0,  0.00,       0,  0.00,       0,  0.00
  18,-495.00,       0,  0.00,       0,  0.00,       0,  0.00
  19,-494.00,       0,  0.00,       0,  0.00,       0,  0.00
  20,-493.00,       0,  0.00,       0,  0.00,       0,  0.00
  21,-492.00,       0,  0.00,       0,  0.00,       0,  0.00
  22,-491.00,       0,  0.00,       0,  0.00,       0,  0.00
  23,-490.00,       0,  0.00,       0,  0.00,       0,  0.00
  24,-489.00,       0,  0.00,       0,  0.00,       0,  0.00
  25,-488.00,       0,  0.00,       0,  0.00,       0,  0.00
  26,-487.00,       0,  0.00,       0,  0.00,       0,  0.00
  27,-486.00,       0,  0.00,       0,  0.00,       0,  0.00
  28,-485.00,       0,  0.00,       0,  0.00,       0,  0.00
  29,-484.00,       0,  0.00,       0,  0.00,       0,  0.00
  30,-483.00,       0,  0.00,       0,  0.00,       0,  0.00
  31,-482.00,       0,  0.00,       0,  0.00,       0,  0.00
  32,-481.00,       0,  0.00,       0,  0.00,       0,  0.00
  33,-480.00,       0,  0.00,       0,  0.00,       0,  0.00
  34,-479.00,       0,  0.00,       0,  0.00,       0,  0.00
  35,-478.00,       0,  0.00,       0,  0.00,       0,  0.00
  36,-477.00,       0,  0.00,       0,  0.00,       0,  0.00
  37,-476.00,       0,  0.00,       0,  0.00,       0,  0.00
  38,-475.00,       0,  0.00,       0,  0.00,       0,  0.00
  39,-474.00,       0,  0.00,       0,  0.00,       0,  0.00
  40,-473.00,       0,  0.00,       0,  0.00,       0,  0.00
  41,-472.00,       0,  0.00,       0,  0.00,       0,  0.00
  42,-471.00,       0,  0.00,       0,  0.00,       0,  0.00
  43,-470.00,       0,  0.00,       0,  0.00,       0,  0.00
  44,-469.00,       0,  0.00,       0,  0.00,       0,  0.00
  45,-468.00,       0,  0.00,       0,  0.00,       0,  0.00
  46,-467.00,       0,  0.00,       0,  0.00,       0,  0.00
  47,-466.00,       0,  0.00,       0,  0.00,       0,  0.00
  48,-465.00,       0,  0.00,       0,  0.00,       0,  0.00
  49,-464.00,       0,  0.00,       0,  0.00,       0,  0.00
  50,-463.00,       0,  0.00,       0,  0.00,       0,  0.00
  51,-462.00,       0,  0.00,       0,  0.00,       0,  0.00
  52,-461.00,       0,  0.00,       0,  0.00,       0,  0.00
  53,-460.00,       0,  0.00,       0,  0.00,       0,  0.00
  54,-459.00,       0,  0.00,       0,  0.00,       0,  0.00
  55,-458.00,       0,  0.00,       0,  0.00,       0,  0.00
  56,-457.00,       0,  0.00,       0,  0.00,       0,  0.00
  57,-456.00,       0,  0.00,       0,  0.00,       0,  0.00
  58,-455.00,       0,  0.00,       0,  0.00,       0,  0.00
  59,-454.00,       0,  0.00,       0,  0.00,       0,  0.00
  60,-453.00,       0,  0.00,       0,  0.00,       0,  0.00
  61,-452.00,       0,  0.00,       0,  0.00,       0,  0.00
  62,-451.00,       0,  0.00,       0,  0.00,       0,  0.00
  63,-450.00,       0,  0.00,       0,  0.00,       0,  0.00
  64,-449.00,       0,  0.00,       0,  0.00,       0,  0.00
  65,-448.00,       0,  0.00,       0,  0.00,       0,  0.00
  66,-447.00,       0,  0.00,       0,  0.00,       0,  0.00
  67,-446.00,       0,  0.00,       0,  0.00,       0,  0.00
  68,-445.00,       0,  0.00,       0,  0.00,       0,  0.00
  69,-444.00,       0,  0.00,       0,  0.00,       0,  0.00
  70,-443.00,       0,  0.00,       0,  0.00,       0,  0.00
  71,-442.00,       0,  0.00,       0,  0.00,       0,  0.00
  72,-441.00,       0,  0.00,       0,  0.00,       0,  0.00
  73,-440.00,       0,  0.00,       0,  0.00,       0,  0.00
  74,-439.00,       0,  0.00,       0,  0.00,       0,  0.00
  75,-438.00,       0,  0.00,       0,  0.00,       0,  0.00
  76,-437.00,       0,  0.00,       0,  0.00,       0,  0.00
  77,-436.00,       0,  0.00,       0,  0.00,       0,  0.00
  78,-435.00,       0,  0.00,       0,  0.00,       0,  0.00
  79,-434.00,       0,  0.00,       0,  0.00,       0,  0.00
  80,-433.00,       0,  0.00,       0,  0.00,       0,  0.00
  81,-432.00,       0,  0.00,       0,  0.00,       0,  0.00
  82,-431.00,       0,  0.00,       0,  0.00,       0,  0.00
  83,-430.00,       0,  0.00,       0,  0.00,       0,  0.00
  84,-429.00,       0,  0.00,       0,  0.00,       0,  0.00
  85,-428.00,       0,  0.00,       0,  0.00,       0,  0.00
  86,-427.00,       0,  0.00,       0,  0.00,       0,  0.00
  87,-426.00,       0,  0.00,       0,  0.00,       0,  0.00
  88,-425.00,       0,  0.00,       0,  0.00,       0,  0.00
  89,-424.00,       0,  0.00,       0,  0.00,       0,  0.00
  90,-423.00,       0,  0.00,       0,  0.00,       0,  0.00
  91,-422.00,       0,  0.00,       0,  0.00,       0,  0.00
  92,-421.00,       0,  0.00,       0,  0.00,       0,  0.00
  93,-420.00,       0,  0.00,       0,  0.00,       0,  0.00
  94,-419.00,       0,  0.00,       0,  0.00,       0,  0.00
  95,-418.00,       0,  0.00,       0,  0.00,       0,  0.00
  96,-417.00,       0,  0.00,       0,  0.00,       0,  0.00
  97,-416.00,       0,  0.00,       0,  0.00,       0,  0.00
  98,-415.00,       0,  0.00,       0,  0.00,       0,  0.00
  99,-414.00,       0,  0.00,       0,  0.00,       0,  0.00
 100,-413.00,       0,  0.00,       0,  0.00,       0,  0.00
 101,-412.00,       0,  0.00,       0,  0.00,       0,  0.00
 102,-411.00,       0,  0.00,       0,  0.00,       0,  0.00
 103,-410.00,       0,  0.00,       0,  0.00,       0,  0.00
 104,-409.00,       0,  0.00,       0,  0.00,       0,  0.00
 105,-408.00,       0,  0.00,       0,  0.00,       0,  0.00
 106,-407.00,       0,  0.00,       0,  0.00,       0,  0.00
 107,-406.00,       0,  0.00,       0,  0.00,       0,  0.00
 108,-405.00,       0,  0.00,       0,  0.00,       0,  0.00
 109,-404.00,       0,  0.00,       0,  0.00,       0,  0.00
 110,-403.00,       0,  0.00,       0,  0.00,       0,  0.00
 111,-402.00,       0,  0.00,       0,  0.00,       0,  0.00
 112,-401.00,       0,  0.00,       0,  0.00,       0,  0.00
 113,-400.00,       0,  0.00,       0,  0.00,       0,  0.00
 114,-399.00,       0,  0.00,       0,  0.00,       0,  0.00
 115,-398.00,       0,  0.00,       0,  0.00,       0,  0.00
 116,-397.00,  145321,  4.90,   96372,  6.54,   48949,  3.32
 117,-396.00,  142596,  4.81,   94949,  6.44,   47647,  3.23
 118,-395.00,  140614,  4.74,   93687,  6.35,   46927,  3.18
 119,-394.00,  138259,  4.66,   93024,  6.31,   45235,  3.07
 120,-393.00,  134882,  4.55,   92343,  6.26,   42539,  2.88
 121,-392.00,  130052,  4.39,   91321,  6.19,   38731,  2.63
 122,-391.00,  125739,  4.24,   90899,  6.16,   34840,  2.36
 123,-390.00,  122321,  4.12,   90870,  6.16,   31451,  2.13
 124,-389.00,  117018,  3.95,   89324,  6.06,   27694,  1.88
 125,-388.00,  113240,  3.82,   88167,  5.98,   25073,  1.70
 126,-387.00,  110485,  3.73,   86308,  5.85,   24177,  1.64
 127,-386.00,  109246,  3.68,   85941,  5.83,   23305,  1.58
 128,-385.00,  108339,  3.65,   85584,  5.80,   22755,  1.54
 129,-384.00,  106379,  3.59,   83658,  5.67,   22721,  1.54
 130,-383.00,  104826,  3.53,   82441,  5.59,   22385,  1.52
 131,-382.00,  103363,  3.49,   80840,  5.48,   22523,  1.53
 132,-381.00,   99756,  3.36,   79229,  5.37,   20527,  1.39
 133,-380.00,   95150,  3.21,   76032,  5.16,   19118,  1.30
 134,-379.00,   91330,  3.08,   72202,  4.90,   19128,  1.30
 135,-378.00,   88655,  2.99,   69333,  4.70,   19322,  1.31
 136,-377.00,   86220,  2.91,   66993,  4.54,   19227,  1.30
 137,-376.00,   85759,  2.89,   66815,  4.53,   18944,  1.28
 138,-375.00,   84897,  2.86,   66897,  4.54,   18000,  1.22
 139,-374.00,   84481,  2.85,   67948,  4.61,   16533,  1.12
 140,-373.00,   84896,  2.86,   69847,  4.74,   15049,  1.02
 141,-372.00,   84781,  2.86,   70366,  4.77,   14415,  0.98
 142,-371.00,   84944,  2.86,   70164,  4.76,   14780,  1.00
 143,-370.00,   84139,  2.84,   70145,  4.76,   13994,  0.95
 144,-369.00,   82309,  2.78,   70061,  4.75,   12248,  0.83
 145,-368.00,   79614,  2.68,   70213,  4.76,    9401,  0.64
 146,-367.00,   78070,  2.63,   71749,  4.87,    6321,  0.43
 147,-366.00,   76292,  2.57,   73085,  4.96,    3207,  0.22
 148,-365.00,   75558,  2.55,   74495,  5.05,    1063,  0.07
 149,-364.00,   74802,  2.52,   74963,  5.08,    -161, -0.01
 150,-363.00,   73739,  2.49,   74709,  5.07,    -970, -0.07
 151,-362.00,   69727,  2.35,   73604,  4.99,   -3877, -0.26
 152,-361.00,   65674,  2.21,   73058,  4.95,   -7384, -0.50
 153,-360.00,   64022,  2.16,   73747,  5.00,   -9725, -0.66
 154,-359.00,   65278,  2.20,   74521,  5.05,   -9243, -0.63
 155,-358.00,   67045,  2.26,   74554,  5.06,   -7509, -0.51
 156,-357.00,   67773,  2.29,   73688,  5.00,   -5915, -0.40
 157,-356.00,   64576,  2.18,   71649,  4.86,   -7073, -0.48
 158,-355.00,   58946,  1.99,   68929,  4.67,   -9983, -0.68
 159,-354.00,   54933,  1.85,   66860,  4.53,  -11927, -0.81
 160,-353.00,   53847,  1.82,   65445,  4.44,  -11598, -0.79
 161,-352.00,   52531,  1.77,   63956,  4.34,  -11425, -0.77
 162,-351.00,   51397,  1.73,   62804,  4.26,  -11407, -0.77
 163,-350.00,   50156,  1.69,   61607,  4.18,  -11451, -0.78
 164,-349.00,   49107,  1.66,   59980,  4.07,  -10873, -0.74
 165,-348.00,   46991,  1.58,   57586,  3.91,  -10595, -0.72
 166,-347.00,   44152,  1.49,   54719,  3.71,  -10567, -0.72
 167,-346.00,   40420,  1.36,   52124,  3.53,  -11704, -0.79
 168,-345.00,   38226,  1.29,   49880,  3.38,  -11654, -0.79
 169,-344.00,   37025,  1.25,   47877,  3.25,  -10852, -0.74
 170,-343.00,   34631,  1.17,   45147,  3.06,  -10516, -0.71
 171,-342.00,   28873,  0.97,   40490,  2.75,  -11617, -0.79
 172,-341.00,   23440,  0.79,   36415,  2.47,  -12975, -0.88
 173,-340.00,   20131,  0.68,   34207,  2.32,  -14076, -0.95
 174,-339.00,   17741,  0.60,   32113,  2.18,  -14372, -0.97
 175,-338.00,   15096,  0.51,   29325,  1.99,  -14229, -0.96
 176,-337.00,   10158,  0.34,   25236,  1.71,  -15078, -1.02
 177,-336.00,    6530,  0.22,   22367,  1.52,  -15837, -1.07
 178,-335.00,    3309,  0.11,   19870,  1.35,  -16561, -1.12
 179,-334.00,    -355, -0.01,   17059,  1.16,  -17414, -1.18
 180,-333.00,    -730, -0.02,   15941,  1.08,  -16671, -1.13
 181,-332.00,     -36, -0.00,   15063,  1.02,  -15099, -1.02
 182,-331.00,   -1731, -0.06,   13245,  0.90,  -14976, -1.02
 183,-330.00,   -5386, -0.18,   10474,  0.71,  -15860, -1.08
 184,-329.00,   -8068, -0.27,    9862,  0.67,  -17930, -1.22
 185,-328.00,   -9649, -0.33,    9939,  0.67,  -19588, -1.33
 186,-327.00,  -11810, -0.40,    8518,  0.58,  -20328, -1.38
 187,-326.00,  -12226, -0.41,    8005,  0.54,  -20231, -1.37
 188,-325.00,  -10814, -0.36,    7923,  0.54,  -18737, -1.27
 189,-324.00,   -8905, -0.30,    8118,  0.55,  -17023, -1.15
 190,-323.00,   -6697, -0.23,    8179,  0.55,  -14876, -1.01
 191,-322.00,   -5164, -0.17,    9391,  0.64,  -14555, -0.99
 192,-321.00,   -4074, -0.14,   10133,  0.69,  -14207, -0.96
 193,-320.00,   -1800, -0.06,   11185,  0.76,  -12985, -0.88
 194,-319.00,     -81, -0.00,   11914,  0.81,  -11995, -0.81
 195,-318.00,    -601, -0.02,   11321,  0.77,  -11922, -0.81
 196,-317.00,   -3356, -0.11,   10337,  0.70,  -13693, -0.93
 197,-316.00,   -3995, -0.13,    9853,  0.67,  -13848, -0.94
 198,-315.00,   -1761, -0.06,   10759,  0.73,  -12520, -0.85
 199,-314.00,    1181,  0.04,   12625,  0.86,  -11444, -0.78
 200,-313.00,    1797,  0.06,   13519,  0.92,  -11722, -0.79
 201,-312.00,    3608,  0.12,   15643,  1.06,  -12035, -0.82
 202,-311.00,    8110,  0.27,   18408,  1.25,  -10298, -0.70
 203,-310.00,   11530,  0.39,   19750,  1.34,   -8220, -0.56
 204,-309.00,   12832,  0.43,   20066,  1.36,   -7234, -0.49
 205,-308.00,   13705,  0.46,   20672,  1.40,   -6967, -0.47
 206,-307.00,   17145,  0.58,   23960,  1.62,   -6815, -0.46
 207,-306.00,   20579,  0.69,   27103,  1.84,   -6524, -0.44
 208,-305.00,   21879,  0.74,   29146,  1.98,   -7267, -0.49
 209,-304.00,   23806,  0.80,   30674,  2.08,   -6868, -0.47
 210,-303.00,   24869,  0.84,   31366,  2.13,   -6497, -0.44
 211,-302.00,   23440,  0.79,   30410,  2.06,   -6970, -0.47
 212,-301.00,   25223,  0.85,   30881,  2.09,   -5658, -0.38
 213,-300.00,   29525,  1.00,   32156,  2.18,   -2631, -0.18
 214,-299.00,   31021,  1.05,   32613,  2.21,   -1592, -0.11
 215,-298.00,   30994,  1.05,   33395,  2.26,   -2401, -0.16
 216,-297.00,   30405,  1.03,   33516,  2.27,   -3111, -0.21
 217,-296.00,   30151,  1.02,   33788,  2.29,   -3637, -0.25
 218,-295.00,   28890,  0.97,   32253,  2.19,   -3363, -0.23
 219,-294.00,   27912,  0.94,   30156,  2.05,   -2244, -0.15
 220,-293.00,   29224,  0.99,   29932,  2.03,    -708, -0.05
 221,-292.00,   29745,  1.00,   29337,  1.99,     408,  0.03
 222,-291.00,   29346,  0.99,   27801,  1.89,    1545,  0.10
 223,-290.00,   26303,  0.89,   25116,  1.70,    1187,  0.08
 224,-289.00,   23670,  0.80,   22998,  1.56,     672,  0.05
 225,-288.00,   22421,  0.76,   22251,  1.51,     170,  0.01
 226,-287.00,   22080,  0.74,   22367,  1.52,    -287, -0.02
 227,-286.00,   20459,  0.69,   21607,  1.47,   -1148, -0.08
 228,-285.00,   19978,  0.67,   20710,  1.40,    -732, -0.05
 229,-284.00,   22219,  0.75,   21275,  1.44,     944,  0.06
 230,-283.00,   27819,  0.94,   23834,  1.62,    3985,  0.27
 231,-282.00,   29898,  1.01,   24622,  1.67,    5276,  0.36
 232,-281.00,   28644,  0.97,   23834,  1.62,    4810,  0.33
 233,-280.00,   28875,  0.97,   23718,  1.61,    5157,  0.35
 234,-279.00,   29158,  0.98,   23750,  1.61,    5408,  0.37
 235,-278.00,   30824,  1.04,   25638,  1.74,    5186,  0.35
 236,-277.00,   31735,  1.07,   26667,  1.81,    5068,  0.34
 237,-276.00,   33261,  1.12,   27931,  1.89,    5330,  0.36
 238,-275.00,   33989,  1.15,   28878,  1.96,    5111,  0.35
 239,-274.00,   35618,  1.20,   30027,  2.04,    5591,  0.38
 240,-273.00,   37070,  1.25,   30414,  2.06,    6656,  0.45
 241,-272.00,   39480,  1.33,   30478,  2.07,    9002,  0.61
 242,-271.00,   40078,  1.35,   30158,  2.05,    9920,  0.67
 243,-270.00,   40173,  1.35,   30226,  2.05,    9947,  0.67
 244,-269.00,   38766,  1.31,   29356,  1.99,    9410,  0.64
 245,-268.00,   37306,  1.26,   29126,  1.98,    8180,  0.55
 246,-267.00,   38281,  1.29,   29852,  2.02,    8429,  0.57
 247,-266.00,   40448,  1.36,   31313,  2.12,    9135,  0.62
 248,-265.00,   39882,  1.34,   31180,  2.11,    8702,  0.59
 249,-264.00,   38910,  1.31,   31250,  2.12,    7660,  0.52
 250,-263.00,   38160,  1.29,   31161,  2.11,    6999,  0.47
 251,-262.00,   36515,  1.23,   31218,  2.12,    5297,  0.36
 252,-261.00,   35781,  1.21,   32136,  2.18,    3645,  0.25
 253,-260.00,   36215,  1.22,   32342,  2.19,    3873,  0.26
 254,-259.00,   38187,  1.29,   32109,  2.18,    6078,  0.41
 255,-258.00,   38925,  1.31,   31654,  2.15,    7271,  0.49
 256,-257.00,   37559,  1.27,   30960,  2.10,    6599,  0.45
 257,-256.00,   36190,  1.22,   31111,  2.11,    5079,  0.34
 258,-255.00,   36074,  1.22,   30647,  2.08,    5427,  0.37
 259,-254.00,   35020,  1.18,   29611,  2.01,    5409,  0.37
 260,-253.00,   32327,  1.09,   28863,  1.96,    3464,  0.23
 261,-252.00,   30369,  1.02,   29219,  1.98,    1150,  0.08
 262,-251.00,   28423,  0.96,   28978,  1.97,    -555, -0.04
 263,-250.00,   26418,  0.89,   27315,  1.85,    -897, -0.06
 264,-249.00,   24285,  0.82,   24372,  1.65,     -87, -0.00
 265,-248.00,   22548,  0.76,   21631,  1.47,     917,  0.06
 266,-247.00,   19816,  0.67,   19810,  1.34,       6,  0.00
 267,-246.00,   15618,  0.53,   18129,  1.23,   -2511, -0.17
 268,-245.00,   11329,  0.38,   16021,  1.09,   -4692, -0.32
 269,-244.00,    8455,  0.29,   14458,  0.98,   -6003, -0.41
 270,-243.00,    7269,  0.25,   12577,  0.85,   -5308, -0.36
 271,-242.00,    5137,  0.17,    9471,  0.64,   -4334, -0.29
 272,-241.00,    3022,  0.10,    5358,  0.36,   -2336, -0.16
 273,-240.00,     150,  0.00,    1032,  0.07,    -882, -0.06
 274,-239.00,   -1166, -0.04,   -1492, -0.10,     326,  0.02
 275,-238.00,   -1403, -0.05,   -3734, -0.25,    2331,  0.16
 276,-237.00,   -1848, -0.06,   -6802, -0.46,    4954,  0.34
 277,-236.00,   -3238, -0.11,   -9935, -0.67,    6697,  0.45
 278,-235.00,   -4632, -0.16,  -12576, -0.85,    7944,  0.54
 279,-234.00,   -5760, -0.19,  -15952, -1.08,   10192,  0.69
 280,-233.00,   -6701, -0.23,  -20239, -1.37,   13538,  0.92
 281,-232.00,  -10595, -0.36,  -26107, -1.77,   15512,  1.05
 282,-231.00,  -13725, -0.46,  -30419, -2.06,   16694,  1.13
 283,-230.00,  -16902, -0.57,  -35001, -2.37,   18099,  1.23
 284,-229.00,  -20562, -0.69,  -38803, -2.63,   18241,  1.24
 285,-228.00,  -23508, -0.79,  -41150, -2.79,   17642,  1.20
 286,-227.00,  -24074, -0.81,  -40511, -2.75,   16437,  1.11
 287,-226.00,  -25499, -0.86,  -40515, -2.75,   15016,  1.02
 288,-225.00,  -27167, -0.92,  -41585, -2.82,   14418,  0.98
 289,-224.00,  -29014, -0.98,  -42419, -2.88,   13405,  0.91
 290,-223.00,  -30031, -1.01,  -42108, -2.86,   12077,  0.82
 291,-222.00,  -31843, -1.07,  -43924, -2.98,   12081,  0.82
 292,-221.00,  -33481, -1.13,  -45876, -3.11,   12395,  0.84
 293,-220.00,  -35456, -1.20,  -47548, -3.22,   12092,  0.82
 294,-219.00,  -36453, -1.23,  -48283, -3.27,   11830,  0.80
 295,-218.00,  -37032, -1.25,  -47553, -3.22,   10521,  0.71
 296,-217.00,  -39314, -1.33,  -46681, -3.17,    7367,  0.50
 297,-216.00,  -41179, -1.39,  -45247, -3.07,    4068,  0.28
 298,-215.00,  -40767, -1.37,  -43205, -2.93,    2438,  0.17
 299,-214.00,  -39274, -1.32,  -42891, -2.91,    3617,  0.25
 300,-213.00,  -37039, -1.25,  -42674, -2.89,    5635,  0.38
 301,-212.00,  -35244, -1.19,  -42453, -2.88,    7209,  0.49
 302,-211.00,  -33399, -1.13,  -40538, -2.75,    7139,  0.48
 303,-210.00,  -31921, -1.08,  -38071, -2.58,    6150,  0.42
 304,-209.00,  -31481, -1.06,  -36648, -2.49,    5167,  0.35
 305,-208.00,  -29662, -1.00,  -35742, -2.42,    6080,  0.41
 306,-207.00,  -28941, -0.98,  -35131, -2.38,    6190,  0.42
 307,-206.00,  -30434, -1.03,  -36572, -2.48,    6138,  0.42
 308,-205.00,  -30169, -1.02,  -36468, -2.47,    6299,  0.43
 309,-204.00,  -29633, -1.00,  -35546, -2.41,    5913,  0.40
 310,-203.00,  -30157, -1.02,  -34501, -2.34,    4344,  0.29
 311,-202.00,  -30141, -1.02,  -33914, -2.30,    3773,  0.26
 312,-201.00,  -28707, -0.97,  -32478, -2.20,    3771,  0.26
 313,-200.00,  -26783, -0.90,  -30070, -2.04,    3287,  0.22
 314,-199.00,  -26292, -0.89,  -29381, -1.99,    3089,  0.21
 315,-198.00,  -27159, -0.92,  -30197, -2.05,    3038,  0.21
 316,-197.00,  -28575, -0.96,  -30722, -2.08,    2147,  0.15
 317,-196.00,  -26890, -0.91,  -29392, -1.99,    2502,  0.17
 318,-195.00,  -25096, -0.85,  -28879, -1.96,    3783,  0.26
 319,-194.00,  -25831, -0.87,  -29895, -2.03,    4064,  0.28
 320,-193.00,  -27974, -0.94,  -31660, -2.15,    3686,  0.25
 321,-192.00,  -29121, -0.98,  -32477, -2.20,    3356,  0.23
 322,-191.00,  -29119, -0.98,  -32675, -2.22,    3556,  0.24
 323,-190.00,  -29083, -0.98,  -33398, -2.27,    4315,  0.29
 324,-189.00,  -26517, -0.89,  -32373, -2.20,    5856,  0.40
 325,-188.00,  -23716, -0.80,  -31483, -2.14,    7767,  0.53
 326,-187.00,  -23115, -0.78,  -33371, -2.26,   10256,  0.70
 327,-186.00,  -22279, -0.75,  -35739, -2.42,   13460,  0.91
 328,-185.00,  -20958, -0.71,  -37112, -2.52,   16154,  1.10
 329,-184.00,  -22200, -0.75,  -38345, -2.60,   16145,  1.09
 330,-183.00,  -23867, -0.80,  -39913, -2.71,   16046,  1.09
 331,-182.00,  -26026, -0.88,  -41283, -2.80,   15257,  1.03
 332,-181.00,  -28185, -0.95,  -43635, -2.96,   15450,  1.05
 333,-180.00,  -31737, -1.07,  -47936, -3.25,   16199,  1.10
 334,-179.00,  -35136, -1.18,  -51843, -3.52,   16707,  1.13
 335,-178.00,  -36068, -1.22,  -52144, -3.54,   16076,  1.09
 336,-177.00,  -36228, -1.22,  -52168, -3.54,   15940,  1.08
 337,-176.00,  -39738, -1.34,  -56004, -3.80,   16266,  1.10
 338,-175.00,  -42834, -1.44,  -60232, -4.08,   17398,  1.18
 339,-174.00,  -45344, -1.53,  -62679, -4.25,   17335,  1.18
 340,-173.00,  -46075, -1.55,  -62818, -4.26,   16743,  1.14
 341,-172.00,  -45513, -1.53,  -61873, -4.20,   16360,  1.11
 342,-171.00,  -45232, -1.53,  -62002, -4.20,   16770,  1.14
 343,-170.00,  -46095, -1.55,  -63121, -4.28,   17026,  1.15
 344,-169.00,  -46197, -1.56,  -62446, -4.24,   16249,  1.10
 345,-168.00,  -45589, -1.54,  -61243, -4.15,   15654,  1.06
 346,-167.00,  -44088, -1.49,  -59550, -4.04,   15462,  1.05
 347,-166.00,  -44020, -1.48,  -58535, -3.97,   14515,  0.98
 348,-165.00,  -45424, -1.53,  -58625, -3.98,   13201,  0.90
 349,-164.00,  -45422, -1.53,  -58889, -3.99,   13467,  0.91
 350,-163.00,  -45080, -1.52,  -59771, -4.05,   14691,  1.00
 351,-162.00,  -45154, -1.52,  -60744, -4.12,   15590,  1.06
 352,-161.00,  -46058, -1.55,  -60521, -4.10,   14463,  0.98
 353,-160.00,  -48968, -1.65,  -60152, -4.08,   11184,  0.76
 354,-159.00,  -52286, -1.76,  -60145, -4.08,    7859,  0.53
 355,-158.00,  -53116, -1.79,  -60135, -4.08,    7019,  0.48
 356,-157.00,  -54988, -1.85,  -61212, -4.15,    6224,  0.42
 357,-156.00,  -57563, -1.94,  -61468, -4.17,    3905,  0.26
 358,-155.00,  -58615, -1.98,  -60500, -4.10,    1885,  0.13
 359,-154.00,  -60988, -2.06,  -61278, -4.16,     290,  0.02
 360,-153.00,  -65835, -2.22,  -63331, -4.30,   -2504, -0.17
 361,-152.00,  -70721, -2.38,  -66187, -4.49,   -4534, -0.31
 362,-151.00,  -72618, -2.45,  -67216, -4.56,   -5402, -0.37
 363,-150.00,  -74514, -2.51,  -67512, -4.58,   -7002, -0.47
 364,-149.00,  -75167, -2.53,  -67382, -4.57,   -7785, -0.53
 365,-148.00,  -78177, -2.64,  -68673, -4.66,   -9504, -0.64
 366,-147.00,  -82658, -2.79,  -70240, -4.76,  -12418, -0.84
 367,-146.00,  -87484, -2.95,  -72225, -4.90,  -15259, -1.03
 368,-145.00,  -90224, -3.04,  -72455, -4.91,  -17769, -1.21
 369,-144.00,  -91104, -3.07,  -70518, -4.78,  -20586, -1.40
 370,-143.00,  -91492, -3.09,  -68506, -4.65,  -22986, -1.56
 371,-142.00,  -93005, -3.14,  -67883, -4.60,  -25122, -1.70
 372,-141.00,  -92893, -3.13,  -67488, -4.58,  -25405, -1.72
 373,-140.00,  -91886, -3.10,  -66077, -4.48,  -25809, -1.75
 374,-139.00,  -93215, -3.14,  -64981, -4.41,  -28234, -1.91
 375,-138.00,  -93588, -3.16,  -63381, -4.30,  -30207, -2.05
 376,-137.00,  -94796, -3.20,  -62560, -4.24,  -32236, -2.19
 377,-136.00,  -98061, -3.31,  -63355, -4.30,  -34706, -2.35
 378,-135.00, -101105, -3.41,  -63583, -4.31,  -37522, -2.54
 379,-134.00, -103147, -3.48,  -63299, -4.29,  -39848, -2.70
 380,-133.00, -101577, -3.43,  -60556, -4.11,  -41021, -2.78
 381,-132.00,  -99606, -3.36,  -57671, -3.91,  -41935, -2.84
 382,-131.00,  -98439, -3.32,  -55786, -3.78,  -42653, -2.89
 383,-130.00,  -97419, -3.29,  -54593, -3.70,  -42826, -2.90
 384,-129.00,  -96905, -3.27,  -53358, -3.62,  -43547, -2.95
 385,-128.00,  -95313, -3.21,  -50479, -3.42,  -44834, -3.04
 386,-127.00,  -93412, -3.15,  -46901, -3.18,  -46511, -3.15
 387,-126.00,  -91233, -3.08,  -44774, -3.04,  -46459, -3.15
 388,-125.00,  -89114, -3.01,  -43174, -2.93,  -45940, -3.12
 389,-124.00,  -88947, -3.00,  -41993, -2.85,  -46954, -3.18
 390,-123.00,  -90854, -3.06,  -41595, -2.82,  -49259, -3.34
 391,-122.00,  -90729, -3.06,  -39481, -2.68,  -51248, -3.48
 392,-121.00,  -91277, -3.08,  -38572, -2.62,  -52705, -3.57
 393,-120.00,  -91866, -3.10,  -38350, -2.60,  -53516, -3.63
 394,-119.00,  -89745, -3.03,  -36409, -2.47,  -53336, -3.62
 395,-118.00,  -86941, -2.93,  -34070, -2.31,  -52871, -3.59
 396,-117.00,  -86363, -2.91,  -33362, -2.26,  -53001, -3.59
 397,-116.00,  -86049, -2.90,  -33091, -2.24,  -52958, -3.59
 398,-115.00,  -85561, -2.89,  -32631, -2.21,  -52930, -3.59
 399,-114.00,  -86025, -2.90,  -31991, -2.17,  -54034, -3.66
 400,-113.00,  -86819, -2.93,  -31131, -2.11,  -55688, -3.78
 401,-112.00,  -86848, -2.93,  -29795, -2.02,  -57053, -3.87
 402,-111.00,  -87806, -2.96,  -29746, -2.02,  -58060, -3.94
 403,-110.00,  -86991, -2.93,  -28396, -1.93,  -58595, -3.97
 404,-109.00,  -85729, -2.89,  -26729, -1.81,  -59000, -4.00
 405,-108.00,  -84373, -2.85,  -25007, -1.70,  -59366, -4.03
 406,-107.00,  -84651, -2.85,  -24466, -1.66,  -60185, -4.08
 407,-106.00,  -86498, -2.92,  -24833, -1.68,  -61665, -4.18
 408,-105.00,  -87568, -2.95,  -24398, -1.65,  -63170, -4.28
 409,-104.00,  -89349, -3.01,  -24046, -1.63,  -65303, -4.43
 410,-103.00,  -90274, -3.04,  -24493, -1.66,  -65781, -4.46
 411,-102.00,  -88633, -2.99,  -24471, -1.66,  -64162, -4.35
 412,-101.00,  -86589, -2.92,  -24335, -1.65,  -62254, -4.22
 413,-100.00,  -85529, -2.88,  -24513, -1.66,  -61016, -4.14
 414,-99.00,  -86409, -2.91,  -26385, -1.79,  -60024, -4.07
 415,-98.00,  -88579, -2.99,  -29310, -1.99,  -59269, -4.02
 416,-97.00,  -91213, -3.08,  -33061, -2.24,  -58152, -3.94
 417,-96.00,  -92147, -3.11,  -35811, -2.43,  -56336, -3.82
 418,-95.00,  -91926, -3.10,  -36716, -2.49,  -55210, -3.74
 419,-94.00,  -92101, -3.11,  -36179, -2.45,  -55922, -3.79
 420,-93.00,  -93221, -3.14,  -35727, -2.42,  -57494, -3.90
 421,-92.00,  -94644, -3.19,  -36853, -2.50,  -57791, -3.92
 422,-91.00,  -95521, -3.22,  -37924, -2.57,  -57597, -3.91
 423,-90.00,  -98026, -3.31,  -40392, -2.74,  -57634, -3.91
 424,-89.00,  -99709, -3.36,  -42019, -2.85,  -57690, -3.91
 425,-88.00,  -98773, -3.33,  -41316, -2.80,  -57457, -3.90
 426,-87.00,  -97240, -3.28,  -39954, -2.71,  -57286, -3.89
 427,-86.00,  -96182, -3.24,  -39223, -2.66,  -56959, -3.86
 428,-85.00,  -95845, -3.23,  -38853, -2.63,  -56992, -3.87
 429,-84.00,  -96292, -3.25,  -39096, -2.65,  -57196, -3.88
 430,-83.00,  -96506, -3.25,  -38778, -2.63,  -57728, -3.92
 431,-82.00,  -95353, -3.22,  -37796, -2.56,  -57557, -3.90
 432,-81.00,  -94044, -3.17,  -36399, -2.47,  -57645, -3.91
 433,-80.00,  -93947, -3.17,  -36455, -2.47,  -57492, -3.90
 434,-79.00,  -93828, -3.16,  -37653, -2.55,  -56175, -3.81
 435,-78.00,  -93427, -3.15,  -38747, -2.63,  -54680, -3.71
 436,-77.00,  -91085, -3.07,  -37925, -2.57,  -53160, -3.61
 437,-76.00,  -89760, -3.03,  -37285, -2.53,  -52475, -3.56
 438,-75.00,  -89014, -3.00,  -37174, -2.52,  -51840, -3.52
 439,-74.00,  -87983, -2.97,  -36925, -2.50,  -51058, -3.46
 440,-73.00,  -88074, -2.97,  -36726, -2.49,  -51348, -3.48
 441,-72.00,  -88991, -3.00,  -36870, -2.50,  -52121, -3.53
 442,-71.00,  -90889, -3.06,  -37198, -2.52,  -53691, -3.64
 443,-70.00,  -92161, -3.11,  -37333, -2.53,  -54828, -3.72
 444,-69.00,  -92181, -3.11,  -36053, -2.45,  -56128, -3.81
 445,-68.00,  -91493, -3.09,  -34557, -2.34,  -56936, -3.86
 446,-67.00,  -91038, -3.07,  -33475, -2.27,  -57563, -3.90
 447,-66.00,  -91596, -3.09,  -33295, -2.26,  -58301, -3.95
 448,-65.00,  -91611, -3.09,  -32777, -2.22,  -58834, -3.99
 449,-64.00,  -90281, -3.04,  -31230, -2.12,  -59051, -4.00
 450,-63.00,  -89490, -3.02,  -31045, -2.11,  -58445, -3.96
 451,-62.00,  -90634, -3.06,  -32123, -2.18,  -58511, -3.97
 452,-61.00,  -92635, -3.12,  -33206, -2.25,  -59429, -4.03
 453,-60.00,  -93580, -3.16,  -34326, -2.33,  -59254, -4.02
 454,-59.00,  -92332, -3.11,  -35492, -2.41,  -56840, -3.85
 455,-58.00,  -90022, -3.04,  -36455, -2.47,  -53567, -3.63
 456,-57.00,  -87813, -2.96,  -36246, -2.46,  -51567, -3.50
 457,-56.00,  -86178, -2.91,  -35403, -2.40,  -50775, -3.44
 458,-55.00,  -85479, -2.88,  -35053, -2.38,  -50426, -3.42
 459,-54.00,  -83957, -2.83,  -33959, -2.30,  -49998, -3.39
 460,-53.00,  -83148, -2.80,  -32851, -2.23,  -50297, -3.41
 461,-52.00,  -82867, -2.79,  -32600, -2.21,  -50267, -3.41
 462,-51.00,  -82852, -2.79,  -32574, -2.21,  -50278, -3.41
 463,-50.00,  -83216, -2.81,  -32178, -2.18,  -51038, -3.46
 464,-49.00,  -82022, -2.77,  -31408, -2.13,  -50614, -3.43
 465,-48.00,  -80615, -2.72,  -30932, -2.10,  -49683, -3.37
 466,-47.00,  -81525, -2.75,  -30886, -2.09,  -50639, -3.43
 467,-46.00,  -82727, -2.79,  -30848, -2.09,  -51879, -3.52
 468,-45.00,  -82561, -2.78,  -30892, -2.10,  -51669, -3.50
 469,-44.00,  -81308, -2.74,  -31726, -2.15,  -49582, -3.36
 470,-43.00,  -79096, -2.67,  -32556, -2.21,  -46540, -3.16
 471,-42.00,  -78897, -2.66,  -33911, -2.30,  -44986, -3.05
 472,-41.00,  -80257, -2.71,  -35623, -2.42,  -44634, -3.03
 473,-40.00,  -79316, -2.67,  -35247, -2.39,  -44069, -2.99
 474,-39.00,  -77507, -2.61,  -33602, -2.28,  -43905, -2.98
 475,-38.00,  -75558, -2.55,  -30987, -2.10,  -44571, -3.02
 476,-37.00,  -73490, -2.48,  -28881, -1.96,  -44609, -3.03
 477,-36.00,  -71877, -2.42,  -27225, -1.85,  -44652, -3.03
 478,-35.00,  -70330, -2.37,  -25352, -1.72,  -44978, -3.05
 479,-34.00,  -69254, -2.34,  -23362, -1.58,  -45892, -3.11
 480,-33.00,  -66272, -2.23,  -20965, -1.42,  -45307, -3.07
 481,-32.00,  -61586, -2.08,  -17705, -1.20,  -43881, -2.98
 482,-31.00,  -60338, -2.03,  -16284, -1.10,  -44054, -2.99
 483,-30.00,  -63279, -2.13,  -16397, -1.11,  -46882, -3.18
 484,-29.00,  -63381, -2.14,  -14669, -0.99,  -48712, -3.30
 485,-28.00,  -62376, -2.10,  -12423, -0.84,  -49953, -3.39
 486,-27.00,  -61524, -2.07,   -9796, -0.66,  -51728, -3.51
 487,-26.00,  -59554, -2.01,   -6577, -0.45,  -52977, -3.59
 488,-25.00,  -57650, -1.94,   -4959, -0.34,  -52691, -3.57
 489,-24.00,  -57036, -1.92,   -5457, -0.37,  -51579, -3.50
 490,-23.00,  -56430, -1.90,   -5312, -0.36,  -51118, -3.47
 491,-22.00,  -55219, -1.86,   -4670, -0.32,  -50549, -3.43
 492,-21.00,  -54999, -1.85,   -4208, -0.29,  -50791, -3.44
 493,-20.00,  -55740, -1.88,   -4132, -0.28,  -51608, -3.50
 494,-19.00,  -57236, -1.93,   -6258, -0.42,  -50978, -3.46
 495,-18.00,  -58678, -1.98,   -7606, -0.52,  -51072, -3.46
 496,-17.00,  -58968, -1.99,   -7972, -0.54,  -50996, -3.46
 497,-16.00,  -57366, -1.93,   -6648, -0.45,  -50718, -3.44
 498,-15.00,  -54620, -1.84,   -4228, -0.29,  -50392, -3.42
 499,-14.00,  -50744, -1.71,   -1439, -0.10,  -49305, -3.34
 500,-13.00,  -48648, -1.64,     288,  0.02,  -48936, -3.32
 501,-12.00,  -47974, -1.62,    1240,  0.08,  -49214, -3.34
 502,-11.00,  -46594, -1.57,    2078,  0.14,  -48672, -3.30
 503,-10.00,  -47438, -1.60,    1872,  0.13,  -49310, -3.34
 504,-9.00,  -46121, -1.56,    2215,  0.15,  -48336, -3.28
 505,-8.00,  -42709, -1.44,    4120,  0.28,  -46829, -3.18
 506,-7.00,  -40062, -1.35,    5888,  0.40,  -45950, -3.12
 507,-6.00,  -39331, -1.33,    6395,  0.43,  -45726, -3.10
 508,-5.00,  -38508, -1.30,    6531,  0.44,  -45039, -3.05
 509,-4.00,  -39189, -1.32,    5030,  0.34,  -44219, -3.00
 510,-3.00,  -39933, -1.35,    3334,  0.23,  -43267, -2.93
 511,-2.00,  -39143, -1.32,    2471,  0.17,  -41614, -2.82
 512,-1.00,  -37016, -1.25,    2848,  0.19,  -39864, -2.70
 513,0.00,  -33970, -1.15,    4874,  0.33,  -38844, -2.63
 514,1.00,  -33152, -1.12,    5671,  0.38,  -38823, -2.63
 515,2.00,  -34678, -1.17,    5331,  0.36,  -40009, -2.71
 516,3.00,  -35525, -1.20,    4557,  0.31,  -40082, -2.72
 517,4.00,  -35939, -1.21,    3530,  0.24,  -39469, -2.68
 518,5.00,  -35869, -1.21,    3547,  0.24,  -39416, -2.67
 519,6.00,  -34610, -1.17,    4917,  0.33,  -39527, -2.68
 520,7.00,  -33207, -1.12,    5775,  0.39,  -38982, -2.64
 521,8.00,  -33932, -1.14,    4787,  0.32,  -38719, -2.63
 522,9.00,  -32637, -1.10,    5145,  0.35,  -37782, -2.56
 523,10.00,  -32011, -1.08,    5258,  0.36,  -37269, -2.53
 524,11.00,  -33730, -1.14,    3606,  0.24,  -37336, -2.53
 525,12.00,  -36401, -1.23,    1137,  0.08,  -37538, -2.55
 526,13.00,  -39396, -1.33,    -486, -0.03,  -38910, -2.64
 527,14.00,  -40699, -1.37,   -1215, -0.08,  -39484, -2.68
 528,15.00,  -40678, -1.37,   -1474, -0.10,  -39204, -2.66
 529,16.00,  -40703, -1.37,   -1868, -0.13,  -38835, -2.63
 530,17.00,  -42343, -1.43,   -2769, -0.19,  -39574, -2.68
 531,18.00,  -43561, -1.47,   -4188, -0.28,  -39373, -2.67
 532,19.00,  -44066, -1.49,   -4859, -0.33,  -39207, -2.66
 533,20.00,  -43654, -1.47,   -4846, -0.33,  -38808, -2.63
 534,21.00,  -44591, -1.50,   -5544, -0.38,  -39047, -2.65
 535,22.00,  -48425, -1.63,   -7227, -0.49,  -41198, -2.79
 536,23.00,  -53739, -1.81,   -9804, -0.66,  -43935, -2.98
 537,24.00,  -56243, -1.90,  -11690, -0.79,  -44553, -3.02
 538,25.00,  -58522, -1.97,  -12891, -0.87,  -45631, -3.09
 539,26.00,  -61482, -2.07,  -14385, -0.98,  -47097, -3.19
 540,27.00,  -64418, -2.17,  -15996, -1.08,  -48422, -3.28
 541,28.00,  -67159, -2.26,  -17209, -1.17,  -49950, -3.39
 542,29.00,  -68089, -2.30,  -17211, -1.17,  -50878, -3.45
 543,30.00,  -69302, -2.34,  -17641, -1.20,  -51661, -3.50
 544,31.00,  -72275, -2.44,  -19499, -1.32,  -52776, -3.58
 545,32.00,  -76009, -2.56,  -22424, -1.52,  -53585, -3.63
 546,33.00,  -78405, -2.64,  -24903, -1.69,  -53502, -3.63
 547,34.00,  -79778, -2.69,  -26000, -1.76,  -53778, -3.65
 548,35.00,  -80212, -2.70,  -26424, -1.79,  -53788, -3.65
 549,36.00,  -82272, -2.77,  -28704, -1.95,  -53568, -3.63
 550,37.00,  -84994, -2.87,  -31002, -2.10,  -53992, -3.66
 551,38.00,  -86093, -2.90,  -31600, -2.14,  -54493, -3.70
 552,39.00,  -85641, -2.89,  -31241, -2.12,  -54400, -3.69
 553,40.00,  -85188, -2.87,  -30702, -2.08,  -54486, -3.70
 554,41.00,  -83507, -2.82,  -29710, -2.01,  -53797, -3.65
 555,42.00,  -83735, -2.82,  -29497, -2.00,  -54238, -3.68
 556,43.00,  -86042, -2.90,  -30634, -2.08,  -55408, -3.76
 557,44.00,  -89008, -3.00,  -32716, -2.22,  -56292, -3.82
 558,45.00,  -91277, -3.08,  -34478, -2.34,  -56799, -3.85
 559,46.00,  -92653, -3.12,  -34863, -2.36,  -57790, -3.92
 560,47.00,  -94981, -3.20,  -35414, -2.40,  -59567, -4.04
 561,48.00,  -96844, -3.27,  -36631, -2.48,  -60213, -4.08
 562,49.00,  -97786, -3.30,  -38156, -2.59,  -59630, -4.04
 563,50.00,  -98120, -3.31,  -38254, -2.59,  -59866, -4.06
 564,51.00,  -96868, -3.27,  -37642, -2.55,  -59226, -4.02
 565,52.00,  -95343, -3.22,  -37300, -2.53,  -58043, -3.94
 566,53.00,  -94799, -3.20,  -37461, -2.54,  -57338, -3.89
 567,54.00,  -96215, -3.24,  -38486, -2.61,  -57729, -3.92
 568,55.00,  -99574, -3.36,  -39819, -2.70,  -59755, -4.05
 569,56.00, -101690, -3.43,  -40146, -2.72,  -61544, -4.17
 570,57.00, -104815, -3.53,  -40761, -2.76,  -64054, -4.34
 571,58.00, -104734, -3.53,  -39218, -2.66,  -65516, -4.44
 572,59.00, -101796, -3.43,  -37214, -2.52,  -64582, -4.38
 573,60.00,  -98275, -3.31,  -35326, -2.40,  -62949, -4.27
 574,61.00,  -95326, -3.21,  -33237, -2.25,  -62089, -4.21
 575,62.00,  -91597, -3.09,  -30797, -2.09,  -60800, -4.12
 576,63.00,  -87409, -2.95,  -28053, -1.90,  -59356, -4.03
 577,64.00,  -83346, -2.81,  -25571, -1.73,  -57775, -3.92
 578,65.00,  -80283, -2.71,  -23263, -1.58,  -57020, -3.87
 579,66.00,  -77839, -2.62,  -21049, -1.43,  -56790, -3.85
 580,67.00,  -75318, -2.54,  -19348, -1.31,  -55970, -3.80
 581,68.00,  -72864, -2.46,  -17890, -1.21,  -54974, -3.73
 582,69.00,  -69059, -2.33,  -16065, -1.09,  -52994, -3.59
 583,70.00,  -62160, -2.10,  -14124, -0.96,  -48036, -3.26
 584,71.00,  -57396, -1.94,  -13080, -0.89,  -44316, -3.01
 585,72.00,  -54060, -1.82,  -11498, -0.78,  -42562, -2.89
 586,73.00,  -50727, -1.71,  -10388, -0.70,  -40339, -2.74
 587,74.00,  -46988, -1.58,   -9508, -0.64,  -37480, -2.54
 588,75.00,  -41024, -1.38,   -6942, -0.47,  -34082, -2.31
 589,76.00,  -35164, -1.19,   -5261, -0.36,  -29903, -2.03
 590,77.00,  -30929, -1.04,   -5558, -0.38,  -25371, -1.72
 591,78.00,  -30898, -1.04,   -6632, -0.45,  -24266, -1.65
 592,79.00,  -31394, -1.06,   -7011, -0.48,  -24383, -1.65
 593,80.00,  -31043, -1.05,   -6623, -0.45,  -24420, -1.66
 594,81.00,  -30439, -1.03,   -7342, -0.50,  -23097, -1.57
 595,82.00,  -31711, -1.07,   -9695, -0.66,  -22016, -1.49
 596,83.00,  -31734, -1.07,  -11059, -0.75,  -20675, -1.40
 597,84.00,  -30893, -1.04,  -11570, -0.78,  -19323, -1.31
 598,85.00,  -29435, -0.99,  -10764, -0.73,  -18671, -1.27
 599,86.00,  -28900, -0.97,  -10628, -0.72,  -18272, -1.24
 600,87.00,  -30073, -1.01,  -12271, -0.83,  -17802, -1.21
 601,88.00,  -31054, -1.05,  -14488, -0.98,  -16566, -1.12
 602,89.00,  -32254, -1.09,  -16693, -1.13,  -15561, -1.06
 603,90.00,  -35285, -1.19,  -19807, -1.34,  -15478, -1.05
 604,91.00,  -37053, -1.25,  -22033, -1.49,  -15020, -1.02
 605,92.00,  -38461, -1.30,  -23819, -1.62,  -14642, -0.99
 606,93.00,  -39005, -1.32,  -26330, -1.79,  -12675, -0.86
 607,94.00,  -38671, -1.30,  -29429, -2.00,   -9242, -0.63
 608,95.00,  -38500, -1.30,  -31688, -2.15,   -6812, -0.46
 609,96.00,  -38887, -1.31,  -33711, -2.29,   -5176, -0.35
 610,97.00,  -38700, -1.31,  -35098, -2.38,   -3602, -0.24
 611,98.00,  -37537, -1.27,  -36250, -2.46,   -1287, -0.09
 612,99.00,  -39362, -1.33,  -38559, -2.62,    -803, -0.05
 613,100.00,  -41608, -1.40,  -40675, -2.76,    -933, -0.06
 614,101.00,  -44297, -1.49,  -43395, -2.94,    -902, -0.06
 615,102.00,  -46795, -1.58,  -45965, -3.12,    -830, -0.06
 616,103.00,  -46869, -1.58,  -47904, -3.25,    1035,  0.07
 617,104.00,  -45751, -1.54,  -50121, -3.40,    4370,  0.30
 618,105.00,  -44879, -1.51,  -50938, -3.45,    6059,  0.41
 619,106.00,  -44095, -1.49,  -50560, -3.43,    6465,  0.44
 620,107.00,  -43516, -1.47,  -49855, -3.38,    6339,  0.43
 621,108.00,  -40888, -1.38,  -47885, -3.25,    6997,  0.47
 622,109.00,  -40362, -1.36,  -47421, -3.22,    7059,  0.48
 623,110.00,  -41426, -1.40,  -48000, -3.26,    6574,  0.45
 624,111.00,  -44444, -1.50,  -50070, -3.40,    5626,  0.38
 625,112.00,  -49297, -1.66,  -53521, -3.63,    4224,  0.29
 626,113.00,  -53387, -1.80,  -57164, -3.88,    3777,  0.26
 627,114.00,  -54005, -1.82,  -58301, -3.95,    4296,  0.29
 628,115.00,  -54478, -1.84,  -58319, -3.96,    3841,  0.26
 629,116.00,  -56358, -1.90,  -58484, -3.97,    2126,  0.14
 630,117.00,  -58063, -1.96,  -59469, -4.03,    1406,  0.10
 631,118.00,  -58055, -1.96,  -60051, -4.07,    1996,  0.14
 632,119.00,  -59574, -2.01,  -61682, -4.18,    2108,  0.14
 633,120.00,  -61925, -2.09,  -63454, -4.30,    1529,  0.10
 634,121.00,  -64825, -2.19,  -66231, -4.49,    1406,  0.10
 635,122.00,  -68553, -2.31,  -68753, -4.66,     200,  0.01
 636,123.00,  -72145, -2.43,  -71007, -4.82,   -1138, -0.08
 637,124.00,  -74008, -2.50,  -72221, -4.90,   -1787, -0.12
 638,125.00,  -75745, -2.55,  -73327, -4.97,   -2418, -0.16
 639,126.00,  -79128, -2.67,  -75073, -5.09,   -4055, -0.28
 640,127.00,  -81745, -2.76,  -74740, -5.07,   -7005, -0.48
 641,128.00,  -84510, -2.85,  -75252, -5.10,   -9258, -0.63
 642,129.00,  -86194, -2.91,  -74935, -5.08,  -11259, -0.76
 643,130.00,  -88105, -2.97,  -74362, -5.04,  -13743, -0.93
 644,131.00,  -89474, -3.02,  -74107, -5.03,  -15367, -1.04
 645,132.00,  -91239, -3.08,  -74417, -5.05,  -16822, -1.14
 646,133.00,  -91762, -3.09,  -73422, -4.98,  -18340, -1.24
 647,134.00,  -92951, -3.13,  -72695, -4.93,  -20256, -1.37
 648,135.00,  -94010, -3.17,  -71834, -4.87,  -22176, -1.50
 649,136.00,  -96193, -3.24,  -72004, -4.88,  -24189, -1.64
 650,137.00,  -99125, -3.34,  -72989, -4.95,  -26136, -1.77
 651,138.00, -102748, -3.46,  -75177, -5.10,  -27571, -1.87
 652,139.00, -106891, -3.60,  -77336, -5.24,  -29555, -2.00
 653,140.00, -108326, -3.65,  -78031, -5.29,  -30295, -2.05
 654,141.00, -107357, -3.62,  -78134, -5.30,  -29223, -1.98
 655,142.00, -105079, -3.54,  -77598, -5.26,  -27481, -1.86
 656,143.00, -103428, -3.49,  -77269, -5.24,  -26159, -1.77
 657,144.00, -103829, -3.50,  -78005, -5.29,  -25824, -1.75
 658,145.00, -105692, -3.56,  -79659, -5.40,  -26033, -1.77
 659,146.00, -107735, -3.63,  -81100, -5.50,  -26635, -1.81
 660,147.00, -110298, -3.72,  -82714, -5.61,  -27584, -1.87
 661,148.00, -112098, -3.78,  -82445, -5.59,  -29653, -2.01
 662,149.00, -113274, -3.82,  -80763, -5.48,  -32511, -2.20
 663,150.00, -114892, -3.87,  -79764, -5.41,  -35128, -2.38
 664,151.00, -117554, -3.96,  -80672, -5.47,  -36882, -2.50
 665,152.00, -119431, -4.03,  -82388, -5.59,  -37043, -2.51
 666,153.00, -118425, -3.99,  -82794, -5.61,  -35631, -2.42
 667,154.00, -116114, -3.92,  -82899, -5.62,  -33215, -2.25
 668,155.00, -112980, -3.81,  -81660, -5.54,  -31320, -2.12
 669,156.00, -109230, -3.68,  -79828, -5.41,  -29402, -1.99
 670,157.00, -105862, -3.57,  -78222, -5.30,  -27640, -1.87
 671,158.00, -103766, -3.50,  -77146, -5.23,  -26620, -1.81
 672,159.00, -102728, -3.46,  -76862, -5.21,  -25866, -1.75
 673,160.00, -101916, -3.44,  -77745, -5.27,  -24171, -1.64
 674,161.00, -101226, -3.41,  -79520, -5.39,  -21706, -1.47
 675,162.00,  -99730, -3.36,  -80564, -5.46,  -19166, -1.30
 676,163.00,  -94392, -3.18,  -78587, -5.33,  -15805, -1.07
 677,164.00,  -88069, -2.97,  -76785, -5.21,  -11284, -0.77
 678,165.00,  -83700, -2.82,  -75344, -5.11,   -8356, -0.57
 679,166.00,  -80494, -2.71,  -73626, -4.99,   -6868, -0.47
 680,167.00,  -77662, -2.62,  -72510, -4.92,   -5152, -0.35
 681,168.00,  -73749, -2.49,  -69798, -4.73,   -3951, -0.27
 682,169.00,  -69813, -2.35,  -67639, -4.59,   -2174, -0.15
 683,170.00,  -65306, -2.20,  -64503, -4.37,    -803, -0.05
 684,171.00,  -61504, -2.07,  -61577, -4.18,      73,  0.00
 685,172.00,  -59662, -2.01,  -59854, -4.06,     192,  0.01
 686,173.00,  -55943, -1.89,  -56597, -3.84,     654,  0.04
 687,174.00,  -50685, -1.71,  -51952, -3.52,    1267,  0.09
 688,175.00,  -44939, -1.52,  -46752, -3.17,    1813,  0.12
 689,176.00,  -40199, -1.36,  -42093, -2.85,    1894,  0.13
 690,177.00,  -37227, -1.26,  -38885, -2.64,    1658,  0.11
 691,178.00,  -33353, -1.12,  -35953, -2.44,    2600,  0.18
 692,179.00,  -27738, -0.94,  -32958, -2.24,    5220,  0.35
 693,180.00,  -22280, -0.75,  -29612, -2.01,    7332,  0.50
 694,181.00,  -18710, -0.63,  -27556, -1.87,    8846,  0.60
 695,182.00,  -15027, -0.51,  -26180, -1.78,   11153,  0.76
 696,183.00,  -10129, -0.34,  -24004, -1.63,   13875,  0.94
 697,184.00,   -7032, -0.24,  -22249, -1.51,   15217,  1.03
 698,185.00,   -6774, -0.23,  -22120, -1.50,   15346,  1.04
 699,186.00,   -7374, -0.25,  -22817, -1.55,   15443,  1.05
 700,187.00,   -8247, -0.28,  -23184, -1.57,   14937,  1.01
 701,188.00,   -9375, -0.32,  -22751, -1.54,   13376,  0.91
 702,189.00,   -9719, -0.33,  -21401, -1.45,   11682,  0.79
 703,190.00,  -10105, -0.34,  -20670, -1.40,   10565,  0.72
 704,191.00,  -11384, -0.38,  -21657, -1.47,   10273,  0.70
 705,192.00,  -14373, -0.48,  -22938, -1.56,    8565,  0.58
 706,193.00,  -18246, -0.62,  -23823, -1.62,    5577,  0.38
 707,194.00,  -20283, -0.68,  -23888, -1.62,    3605,  0.24
 708,195.00,  -21290, -0.72,  -24165, -1.64,    2875,  0.19
 709,196.00,  -22633, -0.76,  -25711, -1.74,    3078,  0.21
 710,197.00,  -26394, -0.89,  -27972, -1.90,    1578,  0.11
 711,198.00,  -31026, -1.05,  -29476, -2.00,   -1550, -0.11
 712,199.00,  -35293, -1.19,  -30763, -2.09,   -4530, -0.31
 713,200.00,  -39209, -1.32,  -32015, -2.17,   -7194, -0.49
 714,201.00,  -41384, -1.40,  -33492, -2.27,   -7892, -0.54
 715,202.00,  -45180, -1.52,  -35730, -2.42,   -9450, -0.64
 716,203.00,  -50876, -1.72,  -38678, -2.62,  -12198, -0.83
 717,204.00,  -56110, -1.89,  -41107, -2.79,  -15003, -1.02
 718,205.00,  -62785, -2.12,  -44573, -3.02,  -18212, -1.24
 719,206.00,  -68526, -2.31,  -47241, -3.20,  -21285, -1.44
 720,207.00,  -71953, -2.43,  -49257, -3.34,  -22696, -1.54
 721,208.00,  -73796, -2.49,  -51611, -3.50,  -22185, -1.50
 722,209.00,  -76040, -2.56,  -53325, -3.62,  -22715, -1.54
 723,210.00,  -74512, -2.51,  -51728, -3.51,  -22784, -1.55
 724,211.00,  -73434, -2.48,  -50572, -3.43,  -22862, -1.55
 725,212.00,  -74365, -2.51,  -50634, -3.43,  -23731, -1.61
 726,213.00,  -74644, -2.52,  -49848, -3.38,  -24796, -1.68
 727,214.00,  -74352, -2.51,  -48844, -3.31,  -25508, -1.73
 728,215.00,  -74064, -2.50,  -46609, -3.16,  -27455, -1.86
 729,216.00,  -71829, -2.42,  -43740, -2.97,  -28089, -1.90
 730,217.00,  -69254, -2.34,  -41366, -2.81,  -27888, -1.89
 731,218.00,  -66554, -2.24,  -39247, -2.66,  -27307, -1.85
 732,219.00,  -63790, -2.15,  -36718, -2.49,  -27072, -1.84
 733,220.00,  -60982, -2.06,  -33682, -2.28,  -27300, -1.85
 734,221.00,  -59568, -2.01,  -31328, -2.12,  -28240, -1.92
 735,222.00,  -58826, -1.98,  -29503, -2.00,  -29323, -1.99
 736,223.00,  -58907, -1.99,  -27128, -1.84,  -31779, -2.16
 737,224.00,  -56164, -1.89,  -23548, -1.60,  -32616, -2.21
 738,225.00,  -54651, -1.84,  -21067, -1.43,  -33584, -2.28
 739,226.00,  -53743, -1.81,  -18969, -1.29,  -34774, -2.36
 740,227.00,  -52601, -1.77,  -16141, -1.09,  -36460, -2.47
 741,228.00,  -50801, -1.71,  -13707, -0.93,  -37094, -2.52
 742,229.00,  -49880, -1.68,  -12078, -0.82,  -37802, -2.56
 743,230.00,  -49361, -1.66,  -11490, -0.78,  -37871, -2.57
 744,231.00,  -47532, -1.60,   -9980, -0.68,  -37552, -2.55
 745,232.00,  -46486, -1.57,   -7738, -0.52,  -38748, -2.63
 746,233.00,  -46195, -1.56,   -6694, -0.45,  -39501, -2.68
 747,234.00,  -44836, -1.51,   -5537, -0.38,  -39299, -2.67
 748,235.00,  -44631, -1.51,   -4551, -0.31,  -40080, -2.72
 749,236.00,  -43092, -1.45,   -2583, -0.18,  -40509, -2.75
 750,237.00,  -40244, -1.36,    -212, -0.01,  -40032, -2.71
 751,238.00,  -38159, -1.29,    1479,  0.10,  -39638, -2.69
 752,239.00,  -35403, -1.19,    4241,  0.29,  -39644, -2.69
 753,240.00,  -34397, -1.16,    4659,  0.32,  -39056, -2.65
 754,241.00,  -35660, -1.20,    3015,  0.20,  -38675, -2.62
 755,242.00,  -38797, -1.31,      50,  0.00,  -38847, -2.63
 756,243.00,  -42041, -1.42,   -2683, -0.18,  -39358, -2.67
 757,244.00,  -42231, -1.42,   -4478, -0.30,  -37753, -2.56
 758,245.00,  -41622, -1.40,   -5442, -0.37,  -36180, -2.45
 759,246.00,  -42517, -1.43,   -7186, -0.49,  -35331, -2.40
 760,247.00,  -43270, -1.46,   -8725, -0.59,  -34545, -2.34
 761,248.00,  -42875, -1.45,  -10056, -0.68,  -32819, -2.23
 762,249.00,  -42519, -1.43,  -11875, -0.81,  -30644, -2.08
 763,250.00,  -40371, -1.36,  -11814, -0.80,  -28557, -1.94
 764,251.00,  -36820, -1.24,  -10438, -0.71,  -26382, -1.79
 765,252.00,  -34475, -1.16,  -11083, -0.75,  -23392, -1.59
 766,253.00,  -33395, -1.13,  -12502, -0.85,  -20893, -1.42
 767,254.00,  -34982, -1.18,  -14945, -1.01,  -20037, -1.36
 768,255.00,  -36885, -1.24,  -16600, -1.13,  -20285, -1.38
 769,256.00,  -36899, -1.24,  -17129, -1.16,  -19770, -1.34
 770,257.00,  -35545, -1.20,  -16097, -1.09,  -19448, -1.32
 771,258.00,  -34294, -1.16,  -15323, -1.04,  -18971, -1.29
 772,259.00,  -30314, -1.02,  -14303, -0.97,  -16011, -1.09
 773,260.00,  -27089, -0.91,  -12673, -0.86,  -14416, -0.98
 774,261.00,  -28628, -0.97,  -13828, -0.94,  -14800, -1.00
 775,262.00,  -27824, -0.94,  -14260, -0.97,  -13564, -0.92
 776,263.00,  -27644, -0.93,  -15640, -1.06,  -12004, -0.81
 777,264.00,  -27979, -0.94,  -17593, -1.19,  -10386, -0.70
 778,265.00,  -27693, -0.93,  -18784, -1.27,   -8909, -0.60
 779,266.00,  -26761, -0.90,  -18480, -1.25,   -8281, -0.56
 780,267.00,  -25872, -0.87,  -16927, -1.15,   -8945, -0.61
 781,268.00,  -25298, -0.85,  -16241, -1.10,   -9057, -0.61
 782,269.00,  -25066, -0.85,  -16960, -1.15,   -8106, -0.55
 783,270.00,  -22738, -0.77,  -16756, -1.14,   -5982, -0.41
 784,271.00,  -21180, -0.71,  -17413, -1.18,   -3767, -0.26
 785,272.00,  -21784, -0.73,  -18793, -1.27,   -2991, -0.20
 786,273.00,  -22499, -0.76,  -19681, -1.33,   -2818, -0.19
 787,274.00,  -22897, -0.77,  -19970, -1.35,   -2927, -0.20
 788,275.00,  -22403, -0.76,  -19843, -1.35,   -2560, -0.17
 789,276.00,  -24453, -0.82,  -20758, -1.41,   -3695, -0.25
 790,277.00,  -26407, -0.89,  -21337, -1.45,   -5070, -0.34
 791,278.00,  -26629, -0.90,  -21707, -1.47,   -4922, -0.33
 792,279.00,  -25738, -0.87,  -21216, -1.44,   -4522, -0.31
 793,280.00,  -25198, -0.85,  -20092, -1.36,   -5106, -0.35
 794,281.00,  -26523, -0.89,  -20150, -1.37,   -6373, -0.43
 795,282.00,  -28820, -0.97,  -21748, -1.47,   -7072, -0.48
 796,283.00,  -31251, -1.05,  -23991, -1.63,   -7260, -0.49
 797,284.00,  -32369, -1.09,  -25683, -1.74,   -6686, -0.45
 798,285.00,  -32564, -1.10,  -26407, -1.79,   -6157, -0.42
 799,286.00,  -33010, -1.11,  -26775, -1.82,   -6235, -0.42
 800,287.00,  -34681, -1.17,  -27401, -1.86,   -7280, -0.49
 801,288.00,  -36531, -1.23,  -27039, -1.83,   -9492, -0.64
 802,289.00,  -39310, -1.33,  -26796, -1.82,  -12514, -0.85
 803,290.00,  -41413, -1.40,  -27262, -1.85,  -14151, -0.96
 804,291.00,  -43671, -1.47,  -29171, -1.98,  -14500, -0.98
 805,292.00,  -43734, -1.47,  -30292, -2.05,  -13442, -0.91
 806,293.00,  -43174, -1.46,  -30759, -2.09,  -12415, -0.84
 807,294.00,  -43391, -1.46,  -30921, -2.10,  -12470, -0.85
 808,295.00,  -42541, -1.43,  -29710, -2.01,  -12831, -0.87
 809,296.00,  -40460, -1.36,  -27246, -1.85,  -13214, -0.90
 810,297.00,  -38981, -1.31,  -25473, -1.73,  -13508, -0.92
 811,298.00,  -38466, -1.30,  -24851, -1.69,  -13615, -0.92
 812,299.00,  -38402, -1.29,  -25201, -1.71,  -13201, -0.90
 813,300.00,  -37916, -1.28,  -25852, -1.75,  -12064, -0.82
 814,301.00,  -35700, -1.20,  -25065, -1.70,  -10635, -0.72
 815,302.00,  -33400, -1.13,  -23214, -1.57,  -10186, -0.69
 816,303.00,  -32264, -1.09,  -21405, -1.45,  -10859, -0.74
 817,304.00,  -29330, -0.99,  -18762, -1.27,  -10568, -0.72
 818,305.00,  -25045, -0.84,  -17134, -1.16,   -7911, -0.54
 819,306.00,  -19862, -0.67,  -15705, -1.07,   -4157, -0.28
 820,307.00,  -17262, -0.58,  -14743, -1.00,   -2519, -0.17
 821,308.00,  -16081, -0.54,  -13491, -0.91,   -2590, -0.18
 822,309.00,  -15095, -0.51,  -12642, -0.86,   -2453, -0.17
 823,310.00,  -14909, -0.50,  -11714, -0.79,   -3195, -0.22
 824,311.00,  -14534, -0.49,   -9687, -0.66,   -4847, -0.33
 825,312.00,  -11264, -0.38,   -6610, -0.45,   -4654, -0.32
 826,313.00,   -5430, -0.18,   -3022, -0.20,   -2408, -0.16
 827,314.00,    -320, -0.01,     881,  0.06,   -1201, -0.08
 828,315.00,    3302,  0.11,    5146,  0.35,   -1844, -0.13
 829,316.00,    7417,  0.25,    9239,  0.63,   -1822, -0.12
 830,317.00,   12368,  0.42,   14435,  0.98,   -2067, -0.14
 831,318.00,   16140,  0.54,   19022,  1.29,   -2882, -0.20
 832,319.00,   18842,  0.64,   22248,  1.51,   -3406, -0.23
 833,320.00,   20738,  0.70,   23521,  1.60,   -2783, -0.19
 834,321.00,   21246,  0.72,   25147,  1.71,   -3901, -0.26
 835,322.00,   22415,  0.76,   27185,  1.84,   -4770, -0.32
 836,323.00,   24486,  0.83,   29856,  2.02,   -5370, -0.36
 837,324.00,   27394,  0.92,   33504,  2.27,   -6110, -0.41
 838,325.00,   28910,  0.97,   36062,  2.45,   -7152, -0.49
 839,326.00,   30315,  1.02,   38983,  2.64,   -8668, -0.59
 840,327.00,   31648,  1.07,   42463,  2.88,  -10815, -0.73
 841,328.00,   31329,  1.06,   44396,  3.01,  -13067, -0.89
 842,329.00,   29243,  0.99,   44706,  3.03,  -15463, -1.05
 843,330.00,   28580,  0.96,   45244,  3.07,  -16664, -1.13
 844,331.00,   29345,  0.99,   46687,  3.17,  -17342, -1.18
 845,332.00,   28453,  0.96,   46620,  3.16,  -18167, -1.23
 846,333.00,   27129,  0.91,   47312,  3.21,  -20183, -1.37
 847,334.00,   24830,  0.84,   48637,  3.30,  -23807, -1.61
 848,335.00,   23976,  0.81,   50107,  3.40,  -26131, -1.77
 849,336.00,   23616,  0.80,   51821,  3.51,  -28205, -1.91
 850,337.00,   24028,  0.81,   54426,  3.69,  -30398, -2.06
 851,338.00,   22588,  0.76,   55678,  3.78,  -33090, -2.24
 852,339.00,   19935,  0.67,   55992,  3.80,  -36057, -2.45
 853,340.00,   17765,  0.60,   56363,  3.82,  -38598, -2.62
 854,341.00,   16026,  0.54,   57084,  3.87,  -41058, -2.78
 855,342.00,   14210,  0.48,   57064,  3.87,  -42854, -2.91
 856,343.00,   15870,  0.54,   58402,  3.96,  -42532, -2.88
 857,344.00,   18347,  0.62,   60762,  4.12,  -42415, -2.88
 858,345.00,   17246,  0.58,   60568,  4.11,  -43322, -2.94
 859,346.00,   14704,  0.50,   59596,  4.04,  -44892, -3.04
 860,347.00,   12532,  0.42,   58655,  3.98,  -46123, -3.13
 861,348.00,   11105,  0.37,   58750,  3.98,  -47645, -3.23
 862,349.00,   10386,  0.35,   58274,  3.95,  -47888, -3.25
 863,350.00,   11629,  0.39,   58844,  3.99,  -47215, -3.20
 864,351.00,   14123,  0.48,   60121,  4.08,  -45998, -3.12
 865,352.00,   16304,  0.55,   60527,  4.10,  -44223, -3.00
 866,353.00,   18324,  0.62,   61312,  4.16,  -42988, -2.92
 867,354.00,   20919,  0.71,   62317,  4.23,  -41398, -2.81
 868,355.00,   26054,  0.88,   64188,  4.35,  -38134, -2.59
 869,356.00,   32317,  1.09,   66913,  4.54,  -34596, -2.35
 870,357.00,   37003,  1.25,   68269,  4.63,  -31266, -2.12
 871,358.00,   38809,  1.31,   69037,  4.68,  -30228, -2.05
 872,359.00,   38936,  1.31,   69250,  4.70,  -30314, -2.06
 873,360.00,   39178,  1.32,   67619,  4.59,  -28441, -1.93
 874,361.00,   40594,  1.37,   66037,  4.48,  -25443, -1.73
 875,362.00,   42545,  1.43,   66076,  4.48,  -23531, -1.60
 876,363.00,   45349,  1.53,   66689,  4.52,  -21340, -1.45
 877,364.00,   49755,  1.68,   67100,  4.55,  -17345, -1.18
 878,365.00,   54298,  1.83,   67751,  4.59,  -13453, -0.91
 879,366.00,   59075,  1.99,   68373,  4.64,   -9298, -0.63
 880,367.00,   62825,  2.12,   68852,  4.67,   -6027, -0.41
 881,368.00,   65341,  2.20,   68982,  4.68,   -3641, -0.25
 882,369.00,   65778,  2.22,   67472,  4.58,   -1694, -0.11
 883,370.00,   67397,  2.27,   66155,  4.49,    1242,  0.08
 884,371.00,   68781,  2.32,   66042,  4.48,    2739,  0.19
 885,372.00,   69118,  2.33,   65191,  4.42,    3927,  0.27
 886,373.00,   69864,  2.36,   64996,  4.41,    4868,  0.33
 887,374.00,   71064,  2.40,   64283,  4.36,    6781,  0.46
 888,375.00,   73315,  2.47,   62667,  4.25,   10648,  0.72
 889,376.00,   76192,  2.57,   61102,  4.14,   15090,  1.02
 890,377.00,   78636,  2.65,   60456,  4.10,   18180,  1.23
 891,378.00,   80372,  2.71,   58991,  4.00,   21381,  1.45
 892,379.00,   81652,  2.75,   56687,  3.84,   24965,  1.69
 893,380.00,   82119,  2.77,   53453,  3.63,   28666,  1.94
 894,381.00,   80086,  2.70,   49555,  3.36,   30531,  2.07
 895,382.00,   77889,  2.63,   45088,  3.06,   32801,  2.22
 896,383.00,   77834,  2.62,   42229,  2.86,   35605,  2.41
 897,384.00,   79003,  2.66,   41564,  2.82,   37439,  2.54
 898,385.00,   80359,  2.71,   41638,  2.82,   38721,  2.63
 899,386.00,   80261,  2.71,   39126,  2.65,   41135,  2.79
 900,387.00,   78407,  2.64,   36001,  2.44,   42406,  2.88
 901,388.00,   79161,  2.67,   35102,  2.38,   44059,  2.99
 902,389.00,   78690,  2.65,   34184,  2.32,   44506,  3.02
 903,390.00,   76490,  2.58,   31589,  2.14,   44901,  3.05
 904,391.00,   74541,  2.51,   29260,  1.98,   45281,  3.07
 905,392.00,   73356,  2.47,   27802,  1.89,   45554,  3.09
 906,393.00,   72808,  2.46,   26247,  1.78,   46561,  3.16
 907,394.00,   73043,  2.46,   26021,  1.76,   47022,  3.19
 908,395.00,   73390,  2.47,   26216,  1.78,   47174,  3.20
 909,396.00,   73296,  2.47,   25828,  1.75,   47468,  3.22
 910,397.00,   73530,  2.48,   24992,  1.69,   48538,  3.29
 911,398.00,   73127,  2.47,   22894,  1.55,   50233,  3.41
 912,399.00,   73359,  2.47,   21450,  1.45,   51909,  3.52
 913,400.00,   72003,  2.43,   19034,  1.29,   52969,  3.59
 914,401.00,   71176,  2.40,   16860,  1.14,   54316,  3.68
 915,402.00,   70967,  2.39,   15206,  1.03,   55761,  3.78
 916,403.00,   71620,  2.42,   14428,  0.98,   57192,  3.88
 917,404.00,   73557,  2.48,   14728,  1.00,   58829,  3.99
 918,405.00,   75847,  2.56,   14381,  0.98,   61466,  4.17
 919,406.00,   79493,  2.68,   14891,  1.01,   64602,  4.38
 920,407.00,   83005,  2.80,   16320,  1.11,   66685,  4.52
 921,408.00,   86177,  2.91,   16534,  1.12,   69643,  4.72
 922,409.00,   87893,  2.96,   15556,  1.05,   72337,  4.91
 923,410.00,   90257,  3.04,   15384,  1.04,   74873,  5.08
 924,411.00,   91803,  3.10,   16874,  1.14,   74929,  5.08
 925,412.00,   92241,  3.11,   18459,  1.25,   73782,  5.00
 926,413.00,   91701,  3.09,   18633,  1.26,   73068,  4.96
 927,414.00,   93876,  3.17,   18670,  1.27,   75206,  5.10
 928,415.00,   95387,  3.22,   17843,  1.21,   77544,  5.26
 929,416.00,   96385,  3.25,   18655,  1.27,   77730,  5.27
 930,417.00,   97822,  3.30,   21108,  1.43,   76714,  5.20
 931,418.00,  100412,  3.39,   24276,  1.65,   76136,  5.16
 932,419.00,  102598,  3.46,   27029,  1.83,   75569,  5.13
 933,420.00,  104844,  3.54,   28570,  1.94,   76274,  5.17
 934,421.00,  105020,  3.54,   30141,  2.04,   74879,  5.08
 935,422.00,  103247,  3.48,   32031,  2.17,   71216,  4.83
 936,423.00,  102106,  3.44,   34240,  2.32,   67866,  4.60
 937,424.00,  101784,  3.43,   37485,  2.54,   64299,  4.36
 938,425.00,  100579,  3.39,   40002,  2.71,   60577,  4.11
 939,426.00,  100763,  3.40,   42496,  2.88,   58267,  3.95
 940,427.00,  101051,  3.41,   45525,  3.09,   55526,  3.77
 941,428.00,  103175,  3.48,   49530,  3.36,   53645,  3.64
 942,429.00,  106092,  3.58,   53908,  3.66,   52184,  3.54
 943,430.00,  106675,  3.60,   57637,  3.91,   49038,  3.33
 944,431.00,  107518,  3.63,   60503,  4.10,   47015,  3.19
 945,432.00,  107162,  3.61,   63112,  4.28,   44050,  2.99
 946,433.00,  106032,  3.58,   65386,  4.43,   40646,  2.76
 947,434.00,  104868,  3.54,   67672,  4.59,   37196,  2.52
 948,435.00,  104846,  3.54,   69508,  4.71,   35338,  2.40
 949,436.00,  105436,  3.56,   71254,  4.83,   34182,  2.32
 950,437.00,  106276,  3.58,   72811,  4.94,   33465,  2.27
 951,438.00,  105701,  3.56,   72862,  4.94,   32839,  2.23
 952,439.00,  105957,  3.57,   74000,  5.02,   31957,  2.17
 953,440.00,  104371,  3.52,   75040,  5.09,   29331,  1.99
 954,441.00,  103629,  3.49,   76369,  5.18,   27260,  1.85
 955,442.00,  100593,  3.39,   76065,  5.16,   24528,  1.66
 956,443.00,   99412,  3.35,   77686,  5.27,   21726,  1.47
 957,444.00,   99935,  3.37,   79471,  5.39,   20464,  1.39
 958,445.00,   99254,  3.35,   79981,  5.42,   19273,  1.31
 959,446.00,   99180,  3.34,   81222,  5.51,   17958,  1.22
 960,447.00,  100022,  3.37,   82414,  5.59,   17608,  1.19
 961,448.00,   98300,  3.31,   82569,  5.60,   15731,  1.07
 962,449.00,   96125,  3.24,   82774,  5.61,   13351,  0.91
 963,450.00,   94596,  3.19,   84049,  5.70,   10547,  0.72
 964,451.00,   92284,  3.11,   83445,  5.66,    8839,  0.60
 965,452.00,   89813,  3.03,   82041,  5.56,    7772,  0.53
 966,453.00,   87422,  2.95,   79622,  5.40,    7800,  0.53
 967,454.00,   86514,  2.92,   78385,  5.32,    8129,  0.55
 968,455.00,   84430,  2.85,   77642,  5.27,    6788,  0.46
 969,456.00,   81500,  2.75,   77890,  5.28,    3610,  0.24
 970,457.00,   80042,  2.70,   78990,  5.36,    1052,  0.07
 971,458.00,   80063,  2.70,   79996,  5.43,      67,  0.00
 972,459.00,   81061,  2.73,   80201,  5.44,     860,  0.06
 973,460.00,   81907,  2.76,   79947,  5.42,    1960,  0.13
 974,461.00,   82076,  2.77,   80288,  5.45,    1788,  0.12
 975,462.00,   81344,  2.74,   80881,  5.49,     463,  0.03
 976,463.00,   80739,  2.72,   82039,  5.56,   -1300, -0.09
 977,464.00,   81141,  2.74,   82852,  5.62,   -1711, -0.12
 978,465.00,   82523,  2.78,   83685,  5.68,   -1162, -0.08
 979,466.00,   84745,  2.86,   85505,  5.80,    -760, -0.05
 980,467.00,   85813,  2.89,   86684,  5.88,    -871, -0.06
 981,468.00,   86054,  2.90,   87755,  5.95,   -1701, -0.12
 982,469.00,   87293,  2.94,   89590,  6.08,   -2297, -0.16
 983,470.00,   87808,  2.96,   91064,  6.18,   -3256, -0.22
 984,471.00,   89382,  3.01,   93028,  6.31,   -3646, -0.25
 985,472.00,   91246,  3.08,   94427,  6.40,   -3181, -0.22
 986,473.00,   92124,  3.11,   95650,  6.49,   -3526, -0.24
 987,474.00,   92632,  3.12,   95887,  6.50,   -3255, -0.22
 988,475.00,   94504,  3.19,   96377,  6.54,   -1873, -0.13
 989,476.00,   96003,  3.24,   96139,  6.52,    -136, -0.00
 990,477.00,   95319,  3.21,   95770,  6.50,    -451, -0.03
 991,478.00,   95810,  3.23,   95975,  6.51,    -165, -0.01
 992,479.00,   97754,  3.30,   96694,  6.56,    1060,  0.07
 993,480.00,  100448,  3.39,   96865,  6.57,    3583,  0.24
 994,481.00,  102902,  3.47,   95970,  6.51,    6932,  0.47
 995,482.00,  106021,  3.58,   96247,  6.53,    9774,  0.66
 996,483.00,  109027,  3.68,   96998,  6.58,   12029,  0.82
 997,484.00,  111083,  3.75,   96912,  6.57,   14171,  0.96
 998,485.00,  114272,  3.85,   97685,  6.62,   16587,  1.12
 999,486.00,  120563,  4.07,   99336,  6.74,   21227,  1.44
1000,487.00,  127002,  4.28,  100339,  6.80,   26663,  1.81
1001,488.00,  131421,  4.43,  101382,  6.88,   30039,  2.04
1002,489.00,  134764,  4.54,  102283,  6.94,   32481,  2.20
1003,490.00,  138941,  4.69,  103281,  7.00,   35660,  2.42
1004,491.00,  143510,  4.84,  104961,  7.12,   38549,  2.61
1005,492.00,  145845,  4.92,  104679,  7.10,   41166,  2.79
1006,493.00,  146871,  4.95,  102564,  6.96,   44307,  3.00
1007,494.00,  149986,  5.06,  102621,  6.96,   47365,  3.21
1008,495.00,  151883,  5.12,  101927,  6.91,   49956,  3.39
1009,496.00,  152145,  5.13,   99939,  6.78,   52206,  3.54
1010,497.00,  153117,  5.16,   99104,  6.72,   54013,  3.66
1011,498.00,  155540,  5.25,   99033,  6.72,   56507,  3.83
1012,499.00,  159591,  5.38,  100041,  6.78,   59550,  4.04
1013,500.00,  161803,  5.46,  100126,  6.79,   61677,  4.18
1014,501.00,  162728,  5.49,   98897,  6.71,   63831,  4.33
1015,502.00,  162800,  5.49,   96468,  6.54,   66332,  4.50
1016,503.00,  163110,  5.50,   93745,  6.36,   69365,  4.70
1017,504.00,  165197,  5.57,   92971,  6.31,   72226,  4.90
1018,505.00,  167473,  5.65,   93334,  6.33,   74139,  5.03
1019,506.00,  168096,  5.67,   92630,  6.28,   75466,  5.12
1020,507.00,  167176,  5.64,   90869,  6.16,   76307,  5.18
1021,508.00,  166502,  5.61,   89344,  6.06,   77158,  5.23
1022,509.00,  166023,  5.60,   87979,  5.97,   78044,  5.29
1023,510.00,  166269,  5.61,   86532,  5.87,   79737,  5.41
1024,511.00,  166618,  5.62,   85863,  5.82,   80755,  5.48
