-----------------------------------------------------------------------------------
Identifier:,IHS5922-20199601
File Name:,IBLP70B.2
Ear:,L
Channel:,2
Intensity:,70 dB HL
Stim. Rate:,  1.10/s
Stim. Mode:,0
Sweeps:,61
Artifacts:,3
Smp. Period:,1000.00 us
Amp. Gain:, 50.00 K
Low Pass:, 30.00 Hz
High Pass:,  1.00 Hz
Notch Filter:,TRUE
Stimulus:,100
Stim. Freq.:,1000 Hz
Stim. Dur.:,2000 pnts
Masking:,0 dB SPL
Stim. Point:,513
-----------------------------------------------------------------------------------
Peak Information:,Label,Peak(+),Peak(+)(ms),Peak(-),Peak(-)(ms)
,21, 779,266.00, 841,328.00,
-----------------------------------------------------------------------------------


Data Pnt:,Data Pnt(ms):,Average:,Average(uV):,Buffer1:,Buffer1(uV):,Buffer2:,Buffer2(uV):
   1,-512.00,       0,  0.00,       0,  0.00,       0,  0.00
   2,-511.00,       0,  0.00,       0,  0.00,       0,  0.00
   3,-510.00,       0,  0.00,       0,  0.00,       0,  0.00
   4,-509.00,       0,  0.00,       0,  0.00,       0,  0.00
   5,-508.00,       0,  0.00,       0,  0.00,       0,  0.00
   6,-507.00,       0,  0.00,       0,  0.00,       0,  0.00
   7,-506.00,       0,  0.00,       0,  0.00,       0,  0.00
   8,-505.00,       0,  0.00,       0,  0.00,       0,  0.00
   9,-504.00,       0,  0.00,       0,  0.00,       0,  0.00
  10,-503.00,       0,  0.00,       0,  0.00,       0,  0.00
  11,-502.00,       0,  0.00,       0,  0.00,       0,  0.00
  12,-501.00,       0,  0.00,       0,  0.00,       0,  0.00
  13,-500.00,       0,  0.00,       0,  0.00,       0,  0.00
  14,-499.00,       0,  0.00,       0,  0.00,       0,  0.00
  15,-498.00,       0,  0.00,       0,  0.00,       0,  0.00
  16,-497.00,       0,  0.00,       0,  0.00,       0,  0.00
  17,-496.00,       0,  0.00,       0,  0.00,       0,  0.00
  18,-495.00,       0,  0.00,       0,  0.00,       0,  0.00
  19,-494.00,       0,  0.00,       0,  0.00,       0,  0.00
  20,-493.00,       0,  0.00,       0,  0.00,       0,  0.00
  21,-492.00,       0,  0.00,       0,  0.00,       0,  0.00
  22,-491.00,       0,  0.00,       0,  0.00,       0,  0.00
  23,-490.00,       0,  0.00,       0,  0.00,       0,  0.00
  24,-489.00,       0,  0.00,       0,  0.00,       0,  0.00
  25,-488.00,       0,  0.00,       0,  0.00,       0,  0.00
  26,-487.00,       0,  0.00,       0,  0.00,       0,  0.00
  27,-486.00,       0,  0.00,       0,  0.00,       0,  0.00
  28,-485.00,       0,  0.00,       0,  0.00,       0,  0.00
  29,-484.00,       0,  0.00,       0,  0.00,       0,  0.00
  30,-483.00,       0,  0.00,       0,  0.00,       0,  0.00
  31,-482.00,       0,  0.00,       0,  0.00,       0,  0.00
  32,-481.00,       0,  0.00,       0,  0.00,       0,  0.00
  33,-480.00,       0,  0.00,       0,  0.00,       0,  0.00
  34,-479.00,       0,  0.00,       0,  0.00,       0,  0.00
  35,-478.00,       0,  0.00,       0,  0.00,       0,  0.00
  36,-477.00,       0,  0.00,       0,  0.00,       0,  0.00
  37,-476.00,       0,  0.00,       0,  0.00,       0,  0.00
  38,-475.00,       0,  0.00,       0,  0.00,       0,  0.00
  39,-474.00,       0,  0.00,       0,  0.00,       0,  0.00
  40,-473.00,       0,  0.00,       0,  0.00,       0,  0.00
  41,-472.00,       0,  0.00,       0,  0.00,       0,  0.00
  42,-471.00,       0,  0.00,       0,  0.00,       0,  0.00
  43,-470.00,       0,  0.00,       0,  0.00,       0,  0.00
  44,-469.00,       0,  0.00,       0,  0.00,       0,  0.00
  45,-468.00,       0,  0.00,       0,  0.00,       0,  0.00
  46,-467.00,       0,  0.00,       0,  0.00,       0,  0.00
  47,-466.00,       0,  0.00,       0,  0.00,       0,  0.00
  48,-465.00,       0,  0.00,       0,  0.00,       0,  0.00
  49,-464.00,       0,  0.00,       0,  0.00,       0,  0.00
  50,-463.00,       0,  0.00,       0,  0.00,       0,  0.00
  51,-462.00,       0,  0.00,       0,  0.00,       0,  0.00
  52,-461.00,       0,  0.00,       0,  0.00,       0,  0.00
  53,-460.00,       0,  0.00,       0,  0.00,       0,  0.00
  54,-459.00,       0,  0.00,       0,  0.00,       0,  0.00
  55,-458.00,       0,  0.00,       0,  0.00,       0,  0.00
  56,-457.00,       0,  0.00,       0,  0.00,       0,  0.00
  57,-456.00,       0,  0.00,       0,  0.00,       0,  0.00
  58,-455.00,       0,  0.00,       0,  0.00,       0,  0.00
  59,-454.00,       0,  0.00,       0,  0.00,       0,  0.00
  60,-453.00,       0,  0.00,       0,  0.00,       0,  0.00
  61,-452.00,       0,  0.00,       0,  0.00,       0,  0.00
  62,-451.00,       0,  0.00,       0,  0.00,       0,  0.00
  63,-450.00,       0,  0.00,       0,  0.00,       0,  0.00
  64,-449.00,       0,  0.00,       0,  0.00,       0,  0.00
  65,-448.00,       0,  0.00,       0,  0.00,       0,  0.00
  66,-447.00,       0,  0.00,       0,  0.00,       0,  0.00
  67,-446.00,       0,  0.00,       0,  0.00,       0,  0.00
  68,-445.00,       0,  0.00,       0,  0.00,       0,  0.00
  69,-444.00,       0,  0.00,       0,  0.00,       0,  0.00
  70,-443.00,       0,  0.00,       0,  0.00,       0,  0.00
  71,-442.00,       0,  0.00,       0,  0.00,       0,  0.00
  72,-441.00,       0,  0.00,       0,  0.00,       0,  0.00
  73,-440.00,       0,  0.00,       0,  0.00,       0,  0.00
  74,-439.00,       0,  0.00,       0,  0.00,       0,  0.00
  75,-438.00,       0,  0.00,       0,  0.00,       0,  0.00
  76,-437.00,       0,  0.00,       0,  0.00,       0,  0.00
  77,-436.00,       0,  0.00,       0,  0.00,       0,  0.00
  78,-435.00,       0,  0.00,       0,  0.00,       0,  0.00
  79,-434.00,       0,  0.00,       0,  0.00,       0,  0.00
  80,-433.00,       0,  0.00,       0,  0.00,       0,  0.00
  81,-432.00,       0,  0.00,       0,  0.00,       0,  0.00
  82,-431.00,       0,  0.00,       0,  0.00,       0,  0.00
  83,-430.00,       0,  0.00,       0,  0.00,       0,  0.00
  84,-429.00,       0,  0.00,       0,  0.00,       0,  0.00
  85,-428.00,       0,  0.00,       0,  0.00,       0,  0.00
  86,-427.00,       0,  0.00,       0,  0.00,       0,  0.00
  87,-426.00,       0,  0.00,       0,  0.00,       0,  0.00
  88,-425.00,       0,  0.00,       0,  0.00,       0,  0.00
  89,-424.00,       0,  0.00,       0,  0.00,       0,  0.00
  90,-423.00,       0,  0.00,       0,  0.00,       0,  0.00
  91,-422.00,       0,  0.00,       0,  0.00,       0,  0.00
  92,-421.00,       0,  0.00,       0,  0.00,       0,  0.00
  93,-420.00,       0,  0.00,       0,  0.00,       0,  0.00
  94,-419.00,       0,  0.00,       0,  0.00,       0,  0.00
  95,-418.00,       0,  0.00,       0,  0.00,       0,  0.00
  96,-417.00,       0,  0.00,       0,  0.00,       0,  0.00
  97,-416.00,       0,  0.00,       0,  0.00,       0,  0.00
  98,-415.00,       0,  0.00,       0,  0.00,       0,  0.00
  99,-414.00,       0,  0.00,       0,  0.00,       0,  0.00
 100,-413.00,       0,  0.00,       0,  0.00,       0,  0.00
 101,-412.00,       0,  0.00,       0,  0.00,       0,  0.00
 102,-411.00,       0,  0.00,       0,  0.00,       0,  0.00
 103,-410.00,       0,  0.00,       0,  0.00,       0,  0.00
 104,-409.00,       0,  0.00,       0,  0.00,       0,  0.00
 105,-408.00,       0,  0.00,       0,  0.00,       0,  0.00
 106,-407.00,       0,  0.00,       0,  0.00,       0,  0.00
 107,-406.00,       0,  0.00,       0,  0.00,       0,  0.00
 108,-405.00,       0,  0.00,       0,  0.00,       0,  0.00
 109,-404.00,       0,  0.00,       0,  0.00,       0,  0.00
 110,-403.00,       0,  0.00,       0,  0.00,       0,  0.00
 111,-402.00,       0,  0.00,       0,  0.00,       0,  0.00
 112,-401.00,       0,  0.00,       0,  0.00,       0,  0.00
 113,-400.00,       0,  0.00,       0,  0.00,       0,  0.00
 114,-399.00,       0,  0.00,       0,  0.00,       0,  0.00
 115,-398.00,       0,  0.00,       0,  0.00,       0,  0.00
 116,-397.00,   41369,  4.14,    9863,  2.01,   31506,  6.41
 117,-396.00,   40801,  4.08,    8408,  1.71,   32393,  6.59
 118,-395.00,   39329,  3.94,    6519,  1.33,   32810,  6.68
 119,-394.00,   36841,  3.69,    4525,  0.92,   32316,  6.57
 120,-393.00,   33466,  3.35,    1558,  0.32,   31908,  6.49
 121,-392.00,   30758,  3.08,    -814, -0.17,   31572,  6.42
 122,-391.00,   28461,  2.85,   -2220, -0.45,   30681,  6.24
 123,-390.00,   27222,  2.72,   -2608, -0.53,   29830,  6.07
 124,-389.00,   24996,  2.50,   -3421, -0.70,   28417,  5.78
 125,-388.00,   21861,  2.19,   -4807, -0.98,   26668,  5.43
 126,-387.00,   17835,  1.78,   -6832, -1.39,   24667,  5.02
 127,-386.00,   14184,  1.42,   -7965, -1.62,   22149,  4.51
 128,-385.00,   11272,  1.13,   -8819, -1.79,   20091,  4.09
 129,-384.00,    8803,  0.88,   -9515, -1.94,   18318,  3.73
 130,-383.00,    6225,  0.62,   -9685, -1.97,   15910,  3.24
 131,-382.00,    3584,  0.36,  -10711, -2.18,   14295,  2.91
 132,-381.00,    1939,  0.19,  -11289, -2.30,   13228,  2.69
 133,-380.00,     188,  0.02,  -12001, -2.44,   12189,  2.48
 134,-379.00,   -2474, -0.25,  -13583, -2.76,   11109,  2.26
 135,-378.00,   -4991, -0.50,  -15280, -3.11,   10289,  2.09
 136,-377.00,   -7278, -0.73,  -17117, -3.48,    9839,  2.00
 137,-376.00,   -9427, -0.94,  -18746, -3.81,    9319,  1.90
 138,-375.00,  -12061, -1.21,  -20354, -4.14,    8293,  1.69
 139,-374.00,  -13810, -1.38,  -21224, -4.32,    7414,  1.51
 140,-373.00,  -15314, -1.53,  -22007, -4.48,    6693,  1.36
 141,-372.00,  -17368, -1.74,  -23194, -4.72,    5826,  1.19
 142,-371.00,  -18817, -1.88,  -24273, -4.94,    5456,  1.11
 143,-370.00,  -21432, -2.14,  -26551, -5.40,    5119,  1.04
 144,-369.00,  -22753, -2.28,  -27450, -5.58,    4697,  0.96
 145,-368.00,  -22668, -2.27,  -26807, -5.45,    4139,  0.84
 146,-367.00,  -23171, -2.32,  -27180, -5.53,    4009,  0.82
 147,-366.00,  -23193, -2.32,  -27462, -5.59,    4269,  0.87
 148,-365.00,  -22823, -2.28,  -27668, -5.63,    4845,  0.99
 149,-364.00,  -21355, -2.14,  -26198, -5.33,    4843,  0.99
 150,-363.00,  -20394, -2.04,  -25286, -5.14,    4892,  1.00
 151,-362.00,  -20164, -2.02,  -25267, -5.14,    5103,  1.04
 152,-361.00,  -20258, -2.03,  -25896, -5.27,    5638,  1.15
 153,-360.00,  -20192, -2.02,  -26207, -5.33,    6015,  1.22
 154,-359.00,  -20124, -2.01,  -27023, -5.50,    6899,  1.40
 155,-358.00,  -19644, -1.97,  -27992, -5.70,    8348,  1.70
 156,-357.00,  -19150, -1.92,  -28239, -5.75,    9089,  1.85
 157,-356.00,  -19683, -1.97,  -29229, -5.95,    9546,  1.94
 158,-355.00,  -20830, -2.08,  -30241, -6.15,    9411,  1.91
 159,-354.00,  -22099, -2.21,  -31549, -6.42,    9450,  1.92
 160,-353.00,  -22966, -2.30,  -32758, -6.66,    9792,  1.99
 161,-352.00,  -23524, -2.35,  -33572, -6.83,   10048,  2.04
 162,-351.00,  -25486, -2.55,  -35748, -7.27,   10262,  2.09
 163,-350.00,  -26184, -2.62,  -36615, -7.45,   10431,  2.12
 164,-349.00,  -27129, -2.71,  -37938, -7.72,   10809,  2.20
 165,-348.00,  -29161, -2.92,  -39400, -8.02,   10239,  2.08
 166,-347.00,  -30182, -3.02,  -40127, -8.16,    9945,  2.02
 167,-346.00,  -32131, -3.22,  -41026, -8.35,    8895,  1.81
 168,-345.00,  -34198, -3.42,  -41586, -8.46,    7388,  1.50
 169,-344.00,  -37057, -3.71,  -43397, -8.83,    6340,  1.29
 170,-343.00,  -39740, -3.98,  -44316, -9.02,    4576,  0.93
 171,-342.00,  -42094, -4.21,  -45901, -9.34,    3807,  0.77
 172,-341.00,  -42819, -4.28,  -46097, -9.38,    3278,  0.67
 173,-340.00,  -43851, -4.39,  -45836, -9.33,    1985,  0.40
 174,-339.00,  -44074, -4.41,  -44648, -9.08,     574,  0.12
 175,-338.00,  -45864, -4.59,  -44880, -9.13,    -984, -0.20
 176,-337.00,  -46835, -4.69,  -44945, -9.14,   -1890, -0.38
 177,-336.00,  -46394, -4.64,  -44182, -8.99,   -2212, -0.45
 178,-335.00,  -45034, -4.51,  -41980, -8.54,   -3054, -0.62
 179,-334.00,  -44693, -4.47,  -40439, -8.23,   -4254, -0.87
 180,-333.00,  -45409, -4.54,  -39889, -8.12,   -5520, -1.12
 181,-332.00,  -45999, -4.60,  -38793, -7.89,   -7206, -1.47
 182,-331.00,  -45552, -4.56,  -37244, -7.58,   -8308, -1.69
 183,-330.00,  -45138, -4.52,  -36030, -7.33,   -9108, -1.85
 184,-329.00,  -45297, -4.53,  -35238, -7.17,  -10059, -2.05
 185,-328.00,  -44756, -4.48,  -33698, -6.86,  -11058, -2.25
 186,-327.00,  -44399, -4.44,  -32476, -6.61,  -11923, -2.43
 187,-326.00,  -44469, -4.45,  -31496, -6.41,  -12973, -2.64
 188,-325.00,  -44305, -4.43,  -30697, -6.25,  -13608, -2.77
 189,-324.00,  -42068, -4.21,  -29799, -6.06,  -12269, -2.50
 190,-323.00,  -40111, -4.01,  -28670, -5.83,  -11441, -2.33
 191,-322.00,  -39158, -3.92,  -27886, -5.67,  -11272, -2.29
 192,-321.00,  -40106, -4.01,  -28634, -5.83,  -11472, -2.33
 193,-320.00,  -40229, -4.03,  -29315, -5.96,  -10914, -2.22
 194,-319.00,  -40051, -4.01,  -29867, -6.08,  -10184, -2.07
 195,-318.00,  -39724, -3.97,  -30145, -6.13,   -9579, -1.95
 196,-317.00,  -39640, -3.97,  -30655, -6.24,   -8985, -1.83
 197,-316.00,  -39102, -3.91,  -30921, -6.29,   -8181, -1.66
 198,-315.00,  -37589, -3.76,  -30652, -6.24,   -6937, -1.41
 199,-314.00,  -35794, -3.58,  -29976, -6.10,   -5818, -1.18
 200,-313.00,  -33442, -3.35,  -28944, -5.89,   -4498, -0.92
 201,-312.00,  -32182, -3.22,  -29096, -5.92,   -3086, -0.63
 202,-311.00,  -32261, -3.23,  -29273, -5.96,   -2988, -0.61
 203,-310.00,  -32535, -3.26,  -29997, -6.10,   -2538, -0.52
 204,-309.00,  -31861, -3.19,  -29862, -6.08,   -1999, -0.41
 205,-308.00,  -30748, -3.08,  -29352, -5.97,   -1396, -0.28
 206,-307.00,  -28804, -2.88,  -28244, -5.75,    -560, -0.11
 207,-306.00,  -26746, -2.68,  -27272, -5.55,     526,  0.11
 208,-305.00,  -26109, -2.61,  -27237, -5.54,    1128,  0.23
 209,-304.00,  -25911, -2.59,  -27224, -5.54,    1313,  0.27
 210,-303.00,  -25619, -2.56,  -26773, -5.45,    1154,  0.23
 211,-302.00,  -25450, -2.55,  -26455, -5.38,    1005,  0.20
 212,-301.00,  -24094, -2.41,  -24937, -5.07,     843,  0.17
 213,-300.00,  -22872, -2.29,  -23179, -4.72,     307,  0.06
 214,-299.00,  -22010, -2.20,  -21225, -4.32,    -785, -0.16
 215,-298.00,  -22039, -2.21,  -19475, -3.96,   -2564, -0.52
 216,-297.00,  -21789, -2.18,  -17942, -3.65,   -3847, -0.78
 217,-296.00,  -21055, -2.11,  -16101, -3.28,   -4954, -1.01
 218,-295.00,  -20924, -2.09,  -14726, -3.00,   -6198, -1.26
 219,-294.00,  -20439, -2.05,  -13329, -2.71,   -7110, -1.45
 220,-293.00,  -19691, -1.97,  -10918, -2.22,   -8773, -1.78
 221,-292.00,  -18989, -1.90,   -8242, -1.68,  -10747, -2.19
 222,-291.00,  -19013, -1.90,   -6453, -1.31,  -12560, -2.56
 223,-290.00,  -19863, -1.99,   -5224, -1.06,  -14639, -2.98
 224,-289.00,  -21786, -2.18,   -5315, -1.08,  -16471, -3.35
 225,-288.00,  -22378, -2.24,   -5042, -1.03,  -17336, -3.53
 226,-287.00,  -21930, -2.19,   -3817, -0.78,  -18113, -3.69
 227,-286.00,  -20109, -2.01,   -1728, -0.35,  -18381, -3.74
 228,-285.00,  -19649, -1.97,    -718, -0.15,  -18931, -3.85
 229,-284.00,  -19025, -1.90,    1023,  0.21,  -20048, -4.08
 230,-283.00,  -18865, -1.89,    1727,  0.35,  -20592, -4.19
 231,-282.00,  -18536, -1.85,    2021,  0.41,  -20557, -4.18
 232,-281.00,  -17416, -1.74,    3056,  0.62,  -20472, -4.17
 233,-280.00,  -16507, -1.65,    4071,  0.83,  -20578, -4.19
 234,-279.00,  -15785, -1.58,    5025,  1.02,  -20810, -4.23
 235,-278.00,  -15663, -1.57,    5631,  1.15,  -21294, -4.33
 236,-277.00,  -17021, -1.70,    5076,  1.03,  -22097, -4.50
 237,-276.00,  -17463, -1.75,    4548,  0.93,  -22011, -4.48
 238,-275.00,  -17523, -1.75,    4742,  0.96,  -22265, -4.53
 239,-274.00,  -16276, -1.63,    6085,  1.24,  -22361, -4.55
 240,-273.00,  -15696, -1.57,    6766,  1.38,  -22462, -4.57
 241,-272.00,  -16643, -1.67,    6722,  1.37,  -23365, -4.75
 242,-271.00,  -16357, -1.64,    7011,  1.43,  -23368, -4.75
 243,-270.00,  -15413, -1.54,    7685,  1.56,  -23098, -4.70
 244,-269.00,  -16396, -1.64,    7584,  1.54,  -23980, -4.88
 245,-268.00,  -17550, -1.76,    6948,  1.41,  -24498, -4.98
 246,-267.00,  -18608, -1.86,    6203,  1.26,  -24811, -5.05
 247,-266.00,  -20238, -2.03,    4549,  0.93,  -24787, -5.04
 248,-265.00,  -20924, -2.09,    3646,  0.74,  -24570, -5.00
 249,-264.00,  -22456, -2.25,    2189,  0.45,  -24645, -5.01
 250,-263.00,  -24240, -2.43,     193,  0.04,  -24433, -4.97
 251,-262.00,  -24384, -2.44,      91,  0.02,  -24475, -4.98
 252,-261.00,  -25079, -2.51,    -258, -0.05,  -24821, -5.05
 253,-260.00,  -25978, -2.60,    -206, -0.04,  -25772, -5.24
 254,-259.00,  -26390, -2.64,    -128, -0.03,  -26262, -5.34
 255,-258.00,  -27402, -2.74,    -509, -0.10,  -26893, -5.47
 256,-257.00,  -28581, -2.86,   -1185, -0.24,  -27396, -5.57
 257,-256.00,  -29722, -2.97,   -2378, -0.48,  -27344, -5.56
 258,-255.00,  -31182, -3.12,   -3458, -0.70,  -27724, -5.64
 259,-254.00,  -32052, -3.21,   -3789, -0.77,  -28263, -5.75
 260,-253.00,  -32682, -3.27,   -4264, -0.87,  -28418, -5.78
 261,-252.00,  -33189, -3.32,   -5009, -1.02,  -28180, -5.73
 262,-251.00,  -33550, -3.36,   -5739, -1.17,  -27811, -5.66
 263,-250.00,  -33954, -3.40,   -6260, -1.27,  -27694, -5.63
 264,-249.00,  -34497, -3.45,   -6987, -1.42,  -27510, -5.60
 265,-248.00,  -35238, -3.53,   -8108, -1.65,  -27130, -5.52
 266,-247.00,  -36103, -3.61,   -9416, -1.92,  -26687, -5.43
 267,-246.00,  -37072, -3.71,  -10118, -2.06,  -26954, -5.48
 268,-245.00,  -36817, -3.68,  -10201, -2.08,  -26616, -5.42
 269,-244.00,  -36123, -3.61,   -9780, -1.99,  -26343, -5.36
 270,-243.00,  -35658, -3.57,   -9264, -1.88,  -26394, -5.37
 271,-242.00,  -34751, -3.48,   -8508, -1.73,  -26243, -5.34
 272,-241.00,  -33660, -3.37,   -7755, -1.58,  -25905, -5.27
 273,-240.00,  -32475, -3.25,   -6930, -1.41,  -25545, -5.20
 274,-239.00,  -32540, -3.26,   -6749, -1.37,  -25791, -5.25
 275,-238.00,  -31274, -3.13,   -5004, -1.02,  -26270, -5.34
 276,-237.00,  -29143, -2.92,   -2943, -0.60,  -26200, -5.33
 277,-236.00,  -28127, -2.81,   -1668, -0.34,  -26459, -5.38
 278,-235.00,  -26590, -2.66,    -137, -0.03,  -26453, -5.38
 279,-234.00,  -24978, -2.50,    1487,  0.30,  -26465, -5.38
 280,-233.00,  -23909, -2.39,    2574,  0.52,  -26483, -5.39
 281,-232.00,  -21319, -2.13,    4799,  0.98,  -26118, -5.31
 282,-231.00,  -18214, -1.82,    7031,  1.43,  -25245, -5.14
 283,-230.00,  -16231, -1.62,    8757,  1.78,  -24988, -5.08
 284,-229.00,  -14274, -1.43,   10817,  2.20,  -25091, -5.10
 285,-228.00,  -13330, -1.33,   11348,  2.31,  -24678, -5.02
 286,-227.00,  -12277, -1.23,   12311,  2.50,  -24588, -5.00
 287,-226.00,  -11413, -1.14,   13466,  2.74,  -24879, -5.06
 288,-225.00,  -11227, -1.12,   13981,  2.84,  -25208, -5.13
 289,-224.00,  -11585, -1.16,   14136,  2.88,  -25721, -5.23
 290,-223.00,  -12572, -1.26,   13810,  2.81,  -26382, -5.37
 291,-222.00,  -12215, -1.22,   14214,  2.89,  -26429, -5.38
 292,-221.00,  -11773, -1.18,   14752,  3.00,  -26525, -5.40
 293,-220.00,  -12442, -1.24,   14209,  2.89,  -26651, -5.42
 294,-219.00,  -13528, -1.35,   13282,  2.70,  -26810, -5.45
 295,-218.00,  -14306, -1.43,   12964,  2.64,  -27270, -5.55
 296,-217.00,  -15427, -1.54,   11814,  2.40,  -27241, -5.54
 297,-216.00,  -16134, -1.61,   10460,  2.13,  -26594, -5.41
 298,-215.00,  -16561, -1.66,    9042,  1.84,  -25603, -5.21
 299,-214.00,  -17841, -1.79,    7374,  1.50,  -25215, -5.13
 300,-213.00,  -18971, -1.90,    6244,  1.27,  -25215, -5.13
 301,-212.00,  -20158, -2.02,    4740,  0.96,  -24898, -5.07
 302,-211.00,  -20791, -2.08,    3564,  0.73,  -24355, -4.96
 303,-210.00,  -20385, -2.04,    3527,  0.72,  -23912, -4.87
 304,-209.00,  -19507, -1.95,    3495,  0.71,  -23002, -4.68
 305,-208.00,  -19849, -1.99,    2353,  0.48,  -22202, -4.52
 306,-207.00,  -20399, -2.04,     646,  0.13,  -21045, -4.28
 307,-206.00,  -20036, -2.00,   -1073, -0.22,  -18963, -3.86
 308,-205.00,  -18443, -1.85,   -1564, -0.32,  -16879, -3.43
 309,-204.00,  -15540, -1.55,    -503, -0.10,  -15037, -3.06
 310,-203.00,  -12728, -1.27,     418,  0.09,  -13146, -2.67
 311,-202.00,   -9777, -0.98,    1219,  0.25,  -10996, -2.24
 312,-201.00,   -6978, -0.70,    2045,  0.42,   -9023, -1.84
 313,-200.00,   -4399, -0.44,    3145,  0.64,   -7544, -1.53
 314,-199.00,   -1137, -0.11,    4605,  0.94,   -5742, -1.17
 315,-198.00,     658,  0.07,    5007,  1.02,   -4349, -0.88
 316,-197.00,    3356,  0.34,    5325,  1.08,   -1969, -0.40
 317,-196.00,    7912,  0.79,    6864,  1.40,    1048,  0.21
 318,-195.00,   12086,  1.21,    8790,  1.79,    3296,  0.67
 319,-194.00,   14518,  1.45,    9022,  1.84,    5496,  1.12
 320,-193.00,   16926,  1.69,    9047,  1.84,    7879,  1.60
 321,-192.00,   19628,  1.96,    9585,  1.95,   10043,  2.04
 322,-191.00,   22194,  2.22,   10301,  2.10,   11893,  2.42
 323,-190.00,   23895,  2.39,   10403,  2.12,   13492,  2.75
 324,-189.00,   25583,  2.56,   11049,  2.25,   14534,  2.96
 325,-188.00,   26953,  2.70,   11769,  2.39,   15184,  3.09
 326,-187.00,   27135,  2.72,   11336,  2.31,   15799,  3.21
 327,-186.00,   27484,  2.75,   10922,  2.22,   16562,  3.37
 328,-185.00,   28862,  2.89,   11873,  2.42,   16989,  3.46
 329,-184.00,   30670,  3.07,   12780,  2.60,   17890,  3.64
 330,-183.00,   30940,  3.10,   12281,  2.50,   18659,  3.80
 331,-182.00,   30586,  3.06,   11118,  2.26,   19468,  3.96
 332,-181.00,   27117,  2.71,    7735,  1.57,   19382,  3.94
 333,-180.00,   24650,  2.47,    5154,  1.05,   19496,  3.97
 334,-179.00,   22952,  2.30,    2904,  0.59,   20048,  4.08
 335,-178.00,   22528,  2.25,    1095,  0.22,   21433,  4.36
 336,-177.00,   21449,  2.15,   -1609, -0.33,   23058,  4.69
 337,-176.00,   19809,  1.98,   -4484, -0.91,   24293,  4.94
 338,-175.00,   17413,  1.74,   -6791, -1.38,   24204,  4.92
 339,-174.00,   14777,  1.48,   -9027, -1.84,   23804,  4.84
 340,-173.00,   12439,  1.24,  -11358, -2.31,   23797,  4.84
 341,-172.00,   10466,  1.05,  -13371, -2.72,   23837,  4.85
 342,-171.00,    8586,  0.86,  -15911, -3.24,   24497,  4.98
 343,-170.00,    5856,  0.59,  -19363, -3.94,   25219,  5.13
 344,-169.00,    2606,  0.26,  -22893, -4.66,   25499,  5.19
 345,-168.00,     165,  0.02,  -25966, -5.28,   26131,  5.32
 346,-167.00,   -1238, -0.12,  -27851, -5.67,   26613,  5.41
 347,-166.00,   -2422, -0.24,  -29109, -5.92,   26687,  5.43
 348,-165.00,   -3102, -0.31,  -29940, -6.09,   26838,  5.46
 349,-164.00,   -3086, -0.31,  -30562, -6.22,   27476,  5.59
 350,-163.00,   -3061, -0.31,  -30849, -6.28,   27788,  5.65
 351,-162.00,   -2143, -0.21,  -30700, -6.25,   28557,  5.81
 352,-161.00,   -1232, -0.12,  -30112, -6.13,   28880,  5.88
 353,-160.00,     989,  0.10,  -28417, -5.78,   29406,  5.98
 354,-159.00,    4443,  0.44,  -25848, -5.26,   30291,  6.16
 355,-158.00,    7167,  0.72,  -23710, -4.82,   30877,  6.28
 356,-157.00,    9500,  0.95,  -21805, -4.44,   31305,  6.37
 357,-156.00,   11366,  1.14,  -20470, -4.16,   31836,  6.48
 358,-155.00,   12006,  1.20,  -19480, -3.96,   31486,  6.41
 359,-154.00,   13082,  1.31,  -18290, -3.72,   31372,  6.38
 360,-153.00,   12663,  1.27,  -17807, -3.62,   30470,  6.20
 361,-152.00,   12796,  1.28,  -17445, -3.55,   30241,  6.15
 362,-151.00,   13470,  1.35,  -16250, -3.31,   29720,  6.05
 363,-150.00,   14489,  1.45,  -15120, -3.08,   29609,  6.02
 364,-149.00,   15489,  1.55,  -13989, -2.85,   29478,  6.00
 365,-148.00,   15436,  1.54,  -13431, -2.73,   28867,  5.87
 366,-147.00,   15617,  1.56,  -12656, -2.57,   28273,  5.75
 367,-146.00,   15797,  1.58,  -12198, -2.48,   27995,  5.70
 368,-145.00,   16071,  1.61,  -11361, -2.31,   27432,  5.58
 369,-144.00,   16057,  1.61,  -10689, -2.17,   26746,  5.44
 370,-143.00,   15778,  1.58,  -10207, -2.08,   25985,  5.29
 371,-142.00,   15318,  1.53,  -10341, -2.10,   25659,  5.22
 372,-141.00,   15430,  1.54,  -10788, -2.19,   26218,  5.33
 373,-140.00,   16333,  1.63,  -10566, -2.15,   26899,  5.47
 374,-139.00,   18224,  1.82,   -9297, -1.89,   27521,  5.60
 375,-138.00,   20277,  2.03,   -7969, -1.62,   28246,  5.75
 376,-137.00,   21670,  2.17,   -7375, -1.50,   29045,  5.91
 377,-136.00,   21498,  2.15,   -7445, -1.51,   28943,  5.89
 378,-135.00,   21758,  2.18,   -6243, -1.27,   28001,  5.70
 379,-134.00,   22784,  2.28,   -4818, -0.98,   27602,  5.62
 380,-133.00,   23527,  2.35,   -3926, -0.80,   27453,  5.59
 381,-132.00,   23854,  2.39,   -3496, -0.71,   27350,  5.56
 382,-131.00,   23906,  2.39,   -3282, -0.67,   27188,  5.53
 383,-130.00,   23453,  2.35,   -3462, -0.70,   26915,  5.48
 384,-129.00,   22923,  2.29,   -3455, -0.70,   26378,  5.37
 385,-128.00,   22280,  2.23,   -3450, -0.70,   25730,  5.23
 386,-127.00,   20702,  2.07,   -3868, -0.79,   24570,  5.00
 387,-126.00,   19474,  1.95,   -3590, -0.73,   23064,  4.69
 388,-125.00,   16962,  1.70,   -3958, -0.81,   20920,  4.26
 389,-124.00,   15228,  1.52,   -4293, -0.87,   19521,  3.97
 390,-123.00,   13660,  1.37,   -5005, -1.02,   18665,  3.80
 391,-122.00,   13716,  1.37,   -4719, -0.96,   18435,  3.75
 392,-121.00,   14187,  1.42,   -4083, -0.83,   18270,  3.72
 393,-120.00,   14450,  1.45,   -3186, -0.65,   17636,  3.59
 394,-119.00,   13120,  1.31,   -2706, -0.55,   15826,  3.22
 395,-118.00,   11845,  1.19,   -2431, -0.49,   14276,  2.90
 396,-117.00,   11175,  1.12,   -2110, -0.43,   13285,  2.70
 397,-116.00,   10357,  1.04,   -2340, -0.48,   12697,  2.58
 398,-115.00,   10280,  1.03,   -1520, -0.31,   11800,  2.40
 399,-114.00,    8510,  0.85,   -1523, -0.31,   10033,  2.04
 400,-113.00,    6650,  0.67,   -1097, -0.22,    7747,  1.58
 401,-112.00,    4827,  0.48,    -312, -0.06,    5139,  1.05
 402,-111.00,    2470,  0.25,    -709, -0.14,    3179,  0.65
 403,-110.00,    -679, -0.07,   -2017, -0.41,    1338,  0.27
 404,-109.00,   -3372, -0.34,   -2559, -0.52,    -813, -0.17
 405,-108.00,   -4908, -0.49,   -2935, -0.60,   -1973, -0.40
 406,-107.00,   -6229, -0.62,   -2982, -0.61,   -3247, -0.66
 407,-106.00,   -9334, -0.93,   -3279, -0.67,   -6055, -1.23
 408,-105.00,  -12894, -1.29,   -4088, -0.83,   -8806, -1.79
 409,-104.00,  -15570, -1.56,   -3916, -0.80,  -11654, -2.37
 410,-103.00,  -18408, -1.84,   -3731, -0.76,  -14677, -2.99
 411,-102.00,  -20812, -2.08,   -4132, -0.84,  -16680, -3.39
 412,-101.00,  -22310, -2.23,   -5159, -1.05,  -17151, -3.49
 413,-100.00,  -23869, -2.39,   -5438, -1.11,  -18431, -3.75
 414,-99.00,  -24819, -2.48,   -5344, -1.09,  -19475, -3.96
 415,-98.00,  -24928, -2.49,   -4915, -1.00,  -20013, -4.07
 416,-97.00,  -25152, -2.52,   -4412, -0.90,  -20740, -4.22
 417,-96.00,  -25562, -2.56,   -4238, -0.86,  -21324, -4.34
 418,-95.00,  -26305, -2.63,   -4914, -1.00,  -21391, -4.35
 419,-94.00,  -27373, -2.74,   -5940, -1.21,  -21433, -4.36
 420,-93.00,  -28379, -2.84,   -6362, -1.29,  -22017, -4.48
 421,-92.00,  -29217, -2.92,   -6528, -1.33,  -22689, -4.62
 422,-91.00,  -30030, -3.00,   -7033, -1.43,  -22997, -4.68
 423,-90.00,  -30657, -3.07,   -7503, -1.53,  -23154, -4.71
 424,-89.00,  -30365, -3.04,   -7305, -1.49,  -23060, -4.69
 425,-88.00,  -30287, -3.03,   -7343, -1.49,  -22944, -4.67
 426,-87.00,  -31667, -3.17,   -7890, -1.61,  -23777, -4.84
 427,-86.00,  -31430, -3.14,   -7540, -1.53,  -23890, -4.86
 428,-85.00,  -30272, -3.03,   -6222, -1.27,  -24050, -4.89
 429,-84.00,  -29926, -2.99,   -5641, -1.15,  -24285, -4.94
 430,-83.00,  -30996, -3.10,   -7050, -1.43,  -23946, -4.87
 431,-82.00,  -32301, -3.23,   -8075, -1.64,  -24226, -4.93
 432,-81.00,  -32341, -3.24,   -7847, -1.60,  -24494, -4.98
 433,-80.00,  -32851, -3.29,   -7974, -1.62,  -24877, -5.06
 434,-79.00,  -32757, -3.28,   -7392, -1.50,  -25365, -5.16
 435,-78.00,  -32054, -3.21,   -7220, -1.47,  -24834, -5.05
 436,-77.00,  -30661, -3.07,   -6180, -1.26,  -24481, -4.98
 437,-76.00,  -29442, -2.95,   -4863, -0.99,  -24579, -5.00
 438,-75.00,  -29012, -2.90,   -4710, -0.96,  -24302, -4.94
 439,-74.00,  -29255, -2.93,   -4508, -0.92,  -24747, -5.03
 440,-73.00,  -29485, -2.95,   -4473, -0.91,  -25012, -5.09
 441,-72.00,  -29358, -2.94,   -4363, -0.89,  -24995, -5.09
 442,-71.00,  -29282, -2.93,   -4356, -0.89,  -24926, -5.07
 443,-70.00,  -29408, -2.94,   -4404, -0.90,  -25004, -5.09
 444,-69.00,  -30249, -3.03,   -4911, -1.00,  -25338, -5.16
 445,-68.00,  -30647, -3.07,   -4973, -1.01,  -25674, -5.22
 446,-67.00,  -30858, -3.09,   -4841, -0.98,  -26017, -5.29
 447,-66.00,  -31412, -3.14,   -5145, -1.05,  -26267, -5.34
 448,-65.00,  -32855, -3.29,   -5846, -1.19,  -27009, -5.50
 449,-64.00,  -34054, -3.41,   -6448, -1.31,  -27606, -5.62
 450,-63.00,  -34971, -3.50,   -6835, -1.39,  -28136, -5.72
 451,-62.00,  -35637, -3.57,   -7078, -1.44,  -28559, -5.81
 452,-61.00,  -36048, -3.61,   -7120, -1.45,  -28928, -5.89
 453,-60.00,  -37196, -3.72,   -8256, -1.68,  -28940, -5.89
 454,-59.00,  -37493, -3.75,   -9316, -1.90,  -28177, -5.73
 455,-58.00,  -37501, -3.75,   -9963, -2.03,  -27538, -5.60
 456,-57.00,  -36503, -3.65,  -10121, -2.06,  -26382, -5.37
 457,-56.00,  -35754, -3.58,  -10032, -2.04,  -25722, -5.23
 458,-55.00,  -34833, -3.49,   -9517, -1.94,  -25316, -5.15
 459,-54.00,  -34709, -3.47,  -10097, -2.05,  -24612, -5.01
 460,-53.00,  -34713, -3.47,  -10682, -2.17,  -24031, -4.89
 461,-52.00,  -33747, -3.38,  -10204, -2.08,  -23543, -4.79
 462,-51.00,  -33276, -3.33,  -10320, -2.10,  -22956, -4.67
 463,-50.00,  -32054, -3.21,   -9694, -1.97,  -22360, -4.55
 464,-49.00,  -30111, -3.01,   -8558, -1.74,  -21553, -4.39
 465,-48.00,  -28208, -2.82,   -7920, -1.61,  -20288, -4.13
 466,-47.00,  -26250, -2.63,   -6986, -1.42,  -19264, -3.92
 467,-46.00,  -24460, -2.45,   -6142, -1.25,  -18318, -3.73
 468,-45.00,  -22622, -2.26,   -5380, -1.09,  -17242, -3.51
 469,-44.00,  -20440, -2.05,   -3730, -0.76,  -16710, -3.40
 470,-43.00,  -17961, -1.80,   -1144, -0.23,  -16817, -3.42
 471,-42.00,  -14617, -1.46,    1954,  0.40,  -16571, -3.37
 472,-41.00,  -12238, -1.22,    3963,  0.81,  -16201, -3.30
 473,-40.00,  -11120, -1.11,    5003,  1.02,  -16123, -3.28
 474,-39.00,   -8938, -0.89,    6749,  1.37,  -15687, -3.19
 475,-38.00,   -7084, -0.71,    8400,  1.71,  -15484, -3.15
 476,-37.00,   -6264, -0.63,    9519,  1.94,  -15783, -3.21
 477,-36.00,   -5347, -0.54,   10448,  2.13,  -15795, -3.21
 478,-35.00,   -4275, -0.43,   11659,  2.37,  -15934, -3.24
 479,-34.00,   -3427, -0.34,   12682,  2.58,  -16109, -3.28
 480,-33.00,   -2293, -0.23,   14361,  2.92,  -16654, -3.39
 481,-32.00,    -703, -0.07,   15741,  3.20,  -16444, -3.35
 482,-31.00,    1263,  0.13,   17067,  3.47,  -15804, -3.22
 483,-30.00,    2682,  0.27,   18333,  3.73,  -15651, -3.18
 484,-29.00,    3019,  0.30,   19402,  3.95,  -16383, -3.33
 485,-28.00,    2293,  0.23,   19687,  4.01,  -17394, -3.54
 486,-27.00,    1496,  0.15,   19963,  4.06,  -18467, -3.76
 487,-26.00,     215,  0.02,   19267,  3.92,  -19052, -3.88
 488,-25.00,    -268, -0.03,   19092,  3.88,  -19360, -3.94
 489,-24.00,    -447, -0.04,   19886,  4.05,  -20333, -4.14
 490,-23.00,   -2061, -0.21,   19089,  3.88,  -21150, -4.30
 491,-22.00,   -4471, -0.45,   17392,  3.54,  -21863, -4.45
 492,-21.00,   -5921, -0.59,   16801,  3.42,  -22722, -4.62
 493,-20.00,   -6970, -0.70,   16418,  3.34,  -23388, -4.76
 494,-19.00,   -8438, -0.84,   15369,  3.13,  -23807, -4.84
 495,-18.00,   -9647, -0.97,   14603,  2.97,  -24250, -4.93
 496,-17.00,  -10508, -1.05,   14799,  3.01,  -25307, -5.15
 497,-16.00,  -11867, -1.19,   14698,  2.99,  -26565, -5.40
 498,-15.00,  -14696, -1.47,   12904,  2.63,  -27600, -5.62
 499,-14.00,  -17815, -1.78,   10916,  2.22,  -28731, -5.85
 500,-13.00,  -19744, -1.98,    9713,  1.98,  -29457, -5.99
 501,-12.00,  -21553, -2.16,    8161,  1.66,  -29714, -6.05
 502,-11.00,  -22651, -2.27,    7019,  1.43,  -29670, -6.04
 503,-10.00,  -23842, -2.39,    6153,  1.25,  -29995, -6.10
 504,-9.00,  -25642, -2.57,    4680,  0.95,  -30322, -6.17
 505,-8.00,  -27965, -2.80,    3340,  0.68,  -31305, -6.37
 506,-7.00,  -29774, -2.98,    2034,  0.41,  -31808, -6.47
 507,-6.00,  -29957, -3.00,    1828,  0.37,  -31785, -6.47
 508,-5.00,  -29737, -2.98,    1495,  0.30,  -31232, -6.35
 509,-4.00,  -29828, -2.98,    1094,  0.22,  -30922, -6.29
 510,-3.00,  -30627, -3.06,      -1, -0.00,  -30626, -6.23
 511,-2.00,  -29270, -2.93,     146,  0.03,  -29416, -5.98
 512,-1.00,  -27387, -2.74,     434,  0.09,  -27821, -5.66
 513,0.00,  -25989, -2.60,    1042,  0.21,  -27031, -5.50
 514,1.00,  -23723, -2.37,    1919,  0.39,  -25642, -5.22
 515,2.00,  -22089, -2.21,    1406,  0.29,  -23495, -4.78
 516,3.00,  -19310, -1.93,    2213,  0.45,  -21523, -4.38
 517,4.00,  -15877, -1.59,    3153,  0.64,  -19030, -3.87
 518,5.00,  -12572, -1.26,    4185,  0.85,  -16757, -3.41
 519,6.00,   -8612, -0.86,    5596,  1.14,  -14208, -2.89
 520,7.00,   -4266, -0.43,    6654,  1.35,  -10920, -2.22
 521,8.00,    -876, -0.09,    7455,  1.52,   -8331, -1.69
 522,9.00,    1961,  0.20,    7709,  1.57,   -5748, -1.17
 523,10.00,    5758,  0.58,    8783,  1.79,   -3025, -0.62
 524,11.00,    8796,  0.88,    8868,  1.80,     -72, -0.01
 525,12.00,   11385,  1.14,    8498,  1.73,    2887,  0.59
 526,13.00,   13166,  1.32,    7384,  1.50,    5782,  1.18
 527,14.00,   15312,  1.53,    6980,  1.42,    8332,  1.70
 528,15.00,   17256,  1.73,    7536,  1.53,    9720,  1.98
 529,16.00,   17730,  1.77,    7165,  1.46,   10565,  2.15
 530,17.00,   17913,  1.79,    6079,  1.24,   11834,  2.41
 531,18.00,   17134,  1.71,    4615,  0.94,   12519,  2.55
 532,19.00,   15682,  1.57,    2793,  0.57,   12889,  2.62
 533,20.00,   14253,  1.43,    1096,  0.22,   13157,  2.68
 534,21.00,   12919,  1.29,    -371, -0.08,   13290,  2.70
 535,22.00,   11231,  1.12,   -1374, -0.28,   12605,  2.56
 536,23.00,   10025,  1.00,   -1657, -0.34,   11682,  2.38
 537,24.00,    8981,  0.90,   -2065, -0.42,   11046,  2.25
 538,25.00,    8175,  0.82,   -2696, -0.55,   10871,  2.21
 539,26.00,    8013,  0.80,   -3016, -0.61,   11029,  2.24
 540,27.00,    6909,  0.69,   -3529, -0.72,   10438,  2.12
 541,28.00,    6295,  0.63,   -3733, -0.76,   10028,  2.04
 542,29.00,    5179,  0.52,   -3473, -0.71,    8652,  1.76
 543,30.00,    3849,  0.39,   -3354, -0.68,    7203,  1.47
 544,31.00,    2957,  0.30,   -2750, -0.56,    5707,  1.16
 545,32.00,    3168,  0.32,   -1690, -0.34,    4858,  0.99
 546,33.00,    3097,  0.31,    -644, -0.13,    3741,  0.76
 547,34.00,    2857,  0.29,      32,  0.00,    2825,  0.57
 548,35.00,    2723,  0.27,     156,  0.03,    2567,  0.52
 549,36.00,    2053,  0.21,     294,  0.06,    1759,  0.36
 550,37.00,    1497,  0.15,     320,  0.07,    1177,  0.24
 551,38.00,    1583,  0.16,     629,  0.13,     954,  0.19
 552,39.00,     659,  0.07,     678,  0.14,     -19, -0.00
 553,40.00,    -641, -0.06,     505,  0.10,   -1146, -0.23
 554,41.00,    -286, -0.03,    1683,  0.34,   -1969, -0.40
 555,42.00,    -254, -0.03,    2405,  0.49,   -2659, -0.54
 556,43.00,     266,  0.03,    3412,  0.69,   -3146, -0.64
 557,44.00,    1192,  0.12,    4419,  0.90,   -3227, -0.66
 558,45.00,    2779,  0.28,    5839,  1.19,   -3060, -0.62
 559,46.00,    4144,  0.41,    7496,  1.53,   -3352, -0.68
 560,47.00,    4293,  0.43,    8226,  1.67,   -3933, -0.80
 561,48.00,    5259,  0.53,    9805,  1.99,   -4546, -0.92
 562,49.00,    4921,  0.49,   10591,  2.15,   -5670, -1.15
 563,50.00,    4999,  0.50,   10756,  2.19,   -5757, -1.17
 564,51.00,    5500,  0.55,   11172,  2.27,   -5672, -1.15
 565,52.00,    6351,  0.64,   11922,  2.43,   -5571, -1.13
 566,53.00,    6350,  0.64,   11886,  2.42,   -5536, -1.13
 567,54.00,    5177,  0.52,   11855,  2.41,   -6678, -1.36
 568,55.00,    4450,  0.45,   12235,  2.49,   -7785, -1.58
 569,56.00,    4308,  0.43,   12751,  2.59,   -8443, -1.72
 570,57.00,    3657,  0.37,   12862,  2.62,   -9205, -1.87
 571,58.00,     601,  0.06,   11633,  2.37,  -11032, -2.24
 572,59.00,   -1261, -0.13,   11153,  2.27,  -12414, -2.53
 573,60.00,   -2236, -0.22,   10798,  2.20,  -13034, -2.65
 574,61.00,   -4412, -0.44,    9245,  1.88,  -13657, -2.78
 575,62.00,   -6050, -0.61,    8922,  1.82,  -14972, -3.05
 576,63.00,   -7394, -0.74,    8730,  1.78,  -16124, -3.28
 577,64.00,   -9442, -0.94,    7574,  1.54,  -17016, -3.46
 578,65.00,  -11088, -1.11,    5238,  1.07,  -16326, -3.32
 579,66.00,  -12329, -1.23,    3061,  0.62,  -15390, -3.13
 580,67.00,  -14521, -1.45,    1056,  0.21,  -15577, -3.17
 581,68.00,  -15384, -1.54,     611,  0.12,  -15995, -3.25
 582,69.00,  -16514, -1.65,     205,  0.04,  -16719, -3.40
 583,70.00,  -17322, -1.73,    -266, -0.05,  -17056, -3.47
 584,71.00,  -18451, -1.85,   -1089, -0.22,  -17362, -3.53
 585,72.00,  -19366, -1.94,   -1949, -0.40,  -17417, -3.54
 586,73.00,  -20197, -2.02,   -3048, -0.62,  -17149, -3.49
 587,74.00,  -20116, -2.01,   -3327, -0.68,  -16789, -3.42
 588,75.00,  -20970, -2.10,   -4244, -0.86,  -16726, -3.40
 589,76.00,  -22443, -2.25,   -5448, -1.11,  -16995, -3.46
 590,77.00,  -24396, -2.44,   -7184, -1.46,  -17212, -3.50
 591,78.00,  -26060, -2.61,   -8979, -1.83,  -17081, -3.48
 592,79.00,  -26850, -2.69,   -9225, -1.88,  -17625, -3.59
 593,80.00,  -26675, -2.67,   -8869, -1.80,  -17806, -3.62
 594,81.00,  -27587, -2.76,   -9161, -1.86,  -18426, -3.75
 595,82.00,  -29838, -2.99,   -9625, -1.96,  -20213, -4.11
 596,83.00,  -31647, -3.17,  -10438, -2.12,  -21209, -4.32
 597,84.00,  -32703, -3.27,  -10520, -2.14,  -22183, -4.51
 598,85.00,  -34434, -3.45,  -10774, -2.19,  -23660, -4.81
 599,86.00,  -36861, -3.69,  -11722, -2.38,  -25139, -5.11
 600,87.00,  -38584, -3.86,  -12804, -2.61,  -25780, -5.25
 601,88.00,  -39904, -3.99,  -13467, -2.74,  -26437, -5.38
 602,89.00,  -41105, -4.11,  -14212, -2.89,  -26893, -5.47
 603,90.00,  -42113, -4.21,  -14676, -2.99,  -27437, -5.58
 604,91.00,  -44282, -4.43,  -15627, -3.18,  -28655, -5.83
 605,92.00,  -46679, -4.67,  -17234, -3.51,  -29445, -5.99
 606,93.00,  -47775, -4.78,  -17756, -3.61,  -30019, -6.11
 607,94.00,  -49366, -4.94,  -18409, -3.75,  -30957, -6.30
 608,95.00,  -51915, -5.19,  -19739, -4.02,  -32176, -6.55
 609,96.00,  -54126, -5.42,  -21061, -4.29,  -33065, -6.73
 610,97.00,  -55527, -5.56,  -22653, -4.61,  -32874, -6.69
 611,98.00,  -55899, -5.59,  -23407, -4.76,  -32492, -6.61
 612,99.00,  -56749, -5.68,  -24221, -4.93,  -32528, -6.62
 613,100.00,  -58059, -5.81,  -25563, -5.20,  -32496, -6.61
 614,101.00,  -59736, -5.98,  -27219, -5.54,  -32517, -6.62
 615,102.00,  -60567, -6.06,  -28059, -5.71,  -32508, -6.61
 616,103.00,  -60916, -6.10,  -28901, -5.88,  -32015, -6.51
 617,104.00,  -60665, -6.07,  -29258, -5.95,  -31407, -6.39
 618,105.00,  -60743, -6.08,  -29630, -6.03,  -31113, -6.33
 619,106.00,  -60294, -6.03,  -30115, -6.13,  -30179, -6.14
 620,107.00,  -59536, -5.96,  -30170, -6.14,  -29366, -5.97
 621,108.00,  -60314, -6.04,  -30963, -6.30,  -29351, -5.97
 622,109.00,  -61738, -6.18,  -32558, -6.62,  -29180, -5.94
 623,110.00,  -62049, -6.21,  -33157, -6.75,  -28892, -5.88
 624,111.00,  -61808, -6.18,  -33617, -6.84,  -28191, -5.74
 625,112.00,  -61408, -6.14,  -33396, -6.79,  -28012, -5.70
 626,113.00,  -60050, -6.01,  -32594, -6.63,  -27456, -5.59
 627,114.00,  -59554, -5.96,  -32953, -6.70,  -26601, -5.41
 628,115.00,  -59154, -5.92,  -32980, -6.71,  -26174, -5.33
 629,116.00,  -59376, -5.94,  -33422, -6.80,  -25954, -5.28
 630,117.00,  -60398, -6.04,  -33880, -6.89,  -26518, -5.40
 631,118.00,  -60525, -6.06,  -33349, -6.79,  -27176, -5.53
 632,119.00,  -58761, -5.88,  -31484, -6.41,  -27277, -5.55
 633,120.00,  -56888, -5.69,  -30400, -6.19,  -26488, -5.39
 634,121.00,  -55003, -5.50,  -29531, -6.01,  -25472, -5.18
 635,122.00,  -53460, -5.35,  -28947, -5.89,  -24513, -4.99
 636,123.00,  -52563, -5.26,  -27969, -5.69,  -24594, -5.00
 637,124.00,  -51043, -5.11,  -26040, -5.30,  -25003, -5.09
 638,125.00,  -49052, -4.91,  -24170, -4.92,  -24882, -5.06
 639,126.00,  -45479, -4.55,  -20944, -4.26,  -24535, -4.99
 640,127.00,  -42170, -4.22,  -17528, -3.57,  -24642, -5.01
 641,128.00,  -37923, -3.79,  -13928, -2.83,  -23995, -4.88
 642,129.00,  -34924, -3.49,  -11829, -2.41,  -23095, -4.70
 643,130.00,  -33183, -3.32,  -10511, -2.14,  -22672, -4.61
 644,131.00,  -29564, -2.96,   -7411, -1.51,  -22153, -4.51
 645,132.00,  -24841, -2.49,   -4051, -0.82,  -20790, -4.23
 646,133.00,  -20979, -2.10,   -1626, -0.33,  -19353, -3.94
 647,134.00,  -16958, -1.70,     565,  0.11,  -17523, -3.57
 648,135.00,  -14184, -1.42,    2430,  0.49,  -16614, -3.38
 649,136.00,  -12875, -1.29,    3124,  0.64,  -15999, -3.26
 650,137.00,  -10973, -1.10,    4529,  0.92,  -15502, -3.15
 651,138.00,   -8792, -0.88,    5841,  1.19,  -14633, -2.98
 652,139.00,   -7217, -0.72,    6879,  1.40,  -14096, -2.87
 653,140.00,   -5131, -0.51,    7696,  1.57,  -12827, -2.61
 654,141.00,   -4699, -0.47,    7432,  1.51,  -12131, -2.47
 655,142.00,   -4758, -0.48,    6789,  1.38,  -11547, -2.35
 656,143.00,   -4959, -0.50,    5984,  1.22,  -10943, -2.23
 657,144.00,   -4561, -0.46,    5425,  1.10,   -9986, -2.03
 658,145.00,   -4445, -0.44,    4763,  0.97,   -9208, -1.87
 659,146.00,   -4434, -0.44,    3903,  0.79,   -8337, -1.70
 660,147.00,   -4237, -0.42,    3854,  0.78,   -8091, -1.65
 661,148.00,   -4642, -0.46,    3021,  0.61,   -7663, -1.56
 662,149.00,   -4636, -0.46,    2176,  0.44,   -6812, -1.39
 663,150.00,   -4754, -0.48,     773,  0.16,   -5527, -1.12
 664,151.00,   -4182, -0.42,     128,  0.03,   -4310, -0.88
 665,152.00,   -2105, -0.21,     541,  0.11,   -2646, -0.54
 666,153.00,    -683, -0.07,     719,  0.15,   -1402, -0.29
 667,154.00,     804,  0.08,    1472,  0.30,    -668, -0.14
 668,155.00,    1740,  0.17,    2267,  0.46,    -527, -0.11
 669,156.00,    3566,  0.36,    3290,  0.67,     276,  0.06
 670,157.00,    5308,  0.53,    4215,  0.86,    1093,  0.22
 671,158.00,    7558,  0.76,    5436,  1.11,    2122,  0.43
 672,159.00,    8527,  0.85,    5629,  1.15,    2898,  0.59
 673,160.00,   10217,  1.02,    6161,  1.25,    4056,  0.83
 674,161.00,   12573,  1.26,    7099,  1.44,    5474,  1.11
 675,162.00,   15069,  1.51,    8110,  1.65,    6959,  1.42
 676,163.00,   17244,  1.73,    8469,  1.72,    8775,  1.79
 677,164.00,   19582,  1.96,    9602,  1.95,    9980,  2.03
 678,165.00,   21234,  2.12,   10751,  2.19,   10483,  2.13
 679,166.00,   22596,  2.26,   11387,  2.32,   11209,  2.28
 680,167.00,   25211,  2.52,   13132,  2.67,   12079,  2.46
 681,168.00,   26450,  2.65,   14187,  2.89,   12263,  2.49
 682,169.00,   26665,  2.67,   14434,  2.94,   12231,  2.49
 683,170.00,   26868,  2.69,   14726,  3.00,   12142,  2.47
 684,171.00,   26939,  2.70,   15096,  3.07,   11843,  2.41
 685,172.00,   26845,  2.69,   15024,  3.06,   11821,  2.41
 686,173.00,   27051,  2.71,   15055,  3.06,   11996,  2.44
 687,174.00,   28205,  2.82,   15867,  3.23,   12338,  2.51
 688,175.00,   27966,  2.80,   16215,  3.30,   11751,  2.39
 689,176.00,   26765,  2.68,   16264,  3.31,   10501,  2.14
 690,177.00,   24995,  2.50,   16138,  3.28,    8857,  1.80
 691,178.00,   23610,  2.36,   15965,  3.25,    7645,  1.56
 692,179.00,   22879,  2.29,   16249,  3.31,    6630,  1.35
 693,180.00,   21649,  2.17,   15676,  3.19,    5973,  1.22
 694,181.00,   22193,  2.22,   16582,  3.37,    5611,  1.14
 695,182.00,   22765,  2.28,   16611,  3.38,    6154,  1.25
 696,183.00,   22534,  2.25,   15933,  3.24,    6601,  1.34
 697,184.00,   22081,  2.21,   14841,  3.02,    7240,  1.47
 698,185.00,   20663,  2.07,   13920,  2.83,    6743,  1.37
 699,186.00,   18465,  1.85,   13115,  2.67,    5350,  1.09
 700,187.00,   16420,  1.64,   11713,  2.38,    4707,  0.96
 701,188.00,   13688,  1.37,    9936,  2.02,    3752,  0.76
 702,189.00,    9653,  0.97,    7200,  1.46,    2453,  0.50
 703,190.00,    7525,  0.75,    6026,  1.23,    1499,  0.30
 704,191.00,    4828,  0.48,    3932,  0.80,     896,  0.18
 705,192.00,    2055,  0.21,    1958,  0.40,      97,  0.02
 706,193.00,    -599, -0.06,     284,  0.06,    -883, -0.18
 707,194.00,   -3317, -0.33,   -1051, -0.21,   -2266, -0.46
 708,195.00,   -5401, -0.54,   -1905, -0.39,   -3496, -0.71
 709,196.00,   -7511, -0.75,   -2380, -0.48,   -5131, -1.04
 710,197.00,   -9944, -1.00,   -3118, -0.63,   -6826, -1.39
 711,198.00,  -12534, -1.25,   -4454, -0.91,   -8080, -1.64
 712,199.00,  -14251, -1.43,   -5397, -1.10,   -8854, -1.80
 713,200.00,  -15940, -1.59,   -6026, -1.23,   -9914, -2.02
 714,201.00,  -18440, -1.85,   -6853, -1.39,  -11587, -2.36
 715,202.00,  -20702, -2.07,   -7731, -1.57,  -12971, -2.64
 716,203.00,  -20996, -2.10,   -8226, -1.67,  -12770, -2.60
 717,204.00,  -20366, -2.04,   -8100, -1.65,  -12266, -2.50
 718,205.00,  -18783, -1.88,   -7572, -1.54,  -11211, -2.28
 719,206.00,  -17992, -1.80,   -7247, -1.47,  -10745, -2.19
 720,207.00,  -18347, -1.84,   -7149, -1.45,  -11198, -2.28
 721,208.00,  -18899, -1.89,   -7272, -1.48,  -11627, -2.37
 722,209.00,  -18708, -1.87,   -7299, -1.49,  -11409, -2.32
 723,210.00,  -17936, -1.79,   -7065, -1.44,  -10871, -2.21
 724,211.00,  -16317, -1.63,   -5559, -1.13,  -10758, -2.19
 725,212.00,  -15345, -1.54,   -4214, -0.86,  -11131, -2.26
 726,213.00,  -14356, -1.44,   -3385, -0.69,  -10971, -2.23
 727,214.00,  -14272, -1.43,   -3086, -0.63,  -11186, -2.28
 728,215.00,  -13803, -1.38,   -2428, -0.49,  -11375, -2.31
 729,216.00,  -13761, -1.38,   -2195, -0.45,  -11566, -2.35
 730,217.00,  -13634, -1.36,   -1857, -0.38,  -11777, -2.40
 731,218.00,  -13929, -1.39,   -1915, -0.39,  -12014, -2.44
 732,219.00,  -13410, -1.34,   -1516, -0.31,  -11894, -2.42
 733,220.00,  -13004, -1.30,    -886, -0.18,  -12118, -2.47
 734,221.00,  -12304, -1.23,    -258, -0.05,  -12046, -2.45
 735,222.00,  -11986, -1.20,    -163, -0.03,  -11823, -2.41
 736,223.00,  -11346, -1.14,     203,  0.04,  -11549, -2.35
 737,224.00,  -11098, -1.11,     743,  0.15,  -11841, -2.41
 738,225.00,  -10458, -1.05,     899,  0.18,  -11357, -2.31
 739,226.00,   -9639, -0.96,    1331,  0.27,  -10970, -2.23
 740,227.00,   -9161, -0.92,    1110,  0.23,  -10271, -2.09
 741,228.00,   -8425, -0.84,    1070,  0.22,   -9495, -1.93
 742,229.00,   -7880, -0.79,     684,  0.14,   -8564, -1.74
 743,230.00,   -7437, -0.74,    1088,  0.22,   -8525, -1.73
 744,231.00,   -6391, -0.64,    1857,  0.38,   -8248, -1.68
 745,232.00,   -4734, -0.47,    2914,  0.59,   -7648, -1.56
 746,233.00,   -3558, -0.36,    3476,  0.71,   -7034, -1.43
 747,234.00,   -1764, -0.18,    4275,  0.87,   -6039, -1.23
 748,235.00,    -138, -0.01,    4864,  0.99,   -5002, -1.02
 749,236.00,    3426,  0.34,    6012,  1.22,   -2586, -0.53
 750,237.00,    6187,  0.62,    7378,  1.50,   -1191, -0.24
 751,238.00,    8470,  0.85,    8431,  1.72,      39,  0.00
 752,239.00,   11459,  1.15,    9687,  1.97,    1772,  0.36
 753,240.00,   14369,  1.44,   10609,  2.16,    3760,  0.76
 754,241.00,   18254,  1.83,   12173,  2.48,    6081,  1.24
 755,242.00,   21674,  2.17,   13867,  2.82,    7807,  1.59
 756,243.00,   26136,  2.62,   16230,  3.30,    9906,  2.02
 757,244.00,   30162,  3.02,   18828,  3.83,   11334,  2.31
 758,245.00,   34166,  3.42,   20752,  4.22,   13414,  2.73
 759,246.00,   38196,  3.82,   22458,  4.57,   15738,  3.20
 760,247.00,   42341,  4.24,   24332,  4.95,   18009,  3.66
 761,248.00,   45322,  4.53,   25682,  5.23,   19640,  4.00
 762,249.00,   47697,  4.77,   26891,  5.47,   20806,  4.23
 763,250.00,   50254,  5.03,   27584,  5.61,   22670,  4.61
 764,251.00,   53811,  5.38,   28686,  5.84,   25125,  5.11
 765,252.00,   58151,  5.82,   30515,  6.21,   27636,  5.62
 766,253.00,   62272,  6.23,   31985,  6.51,   30287,  6.16
 767,254.00,   66875,  6.69,   33929,  6.90,   32946,  6.70
 768,255.00,   72395,  7.24,   36428,  7.41,   35967,  7.32
 769,256.00,   75924,  7.60,   37919,  7.71,   38005,  7.73
 770,257.00,   80420,  8.05,   40085,  8.16,   40335,  8.21
 771,258.00,   84977,  8.50,   41939,  8.53,   43038,  8.76
 772,259.00,   86783,  8.68,   42329,  8.61,   44454,  9.04
 773,260.00,   88162,  8.82,   42925,  8.73,   45237,  9.20
 774,261.00,   89830,  8.99,   44235,  9.00,   45595,  9.28
 775,262.00,   91221,  9.13,   45490,  9.26,   45731,  9.30
 776,263.00,   93621,  9.37,   46695,  9.50,   46926,  9.55
 777,264.00,   96937,  9.70,   48091,  9.78,   48846,  9.94
 778,265.00,   99808,  9.99,   48991,  9.97,   50817, 10.34
 779,266.00,  101399, 10.15,   49630, 10.10,   51769, 10.53
 780,267.00,  101076, 10.11,   49559, 10.08,   51517, 10.48
 781,268.00,   99630,  9.97,   49681, 10.11,   49949, 10.16
 782,269.00,   97865,  9.79,   49942, 10.16,   47923,  9.75
 783,270.00,   95427,  9.55,   49162, 10.00,   46265,  9.41
 784,271.00,   94098,  9.42,   48894,  9.95,   45204,  9.20
 785,272.00,   92910,  9.30,   48405,  9.85,   44505,  9.05
 786,273.00,   91107,  9.12,   48089,  9.78,   43018,  8.75
 787,274.00,   87793,  8.78,   46989,  9.56,   40804,  8.30
 788,275.00,   84482,  8.45,   45275,  9.21,   39207,  7.98
 789,276.00,   80798,  8.08,   43895,  8.93,   36903,  7.51
 790,277.00,   78042,  7.81,   42794,  8.71,   35248,  7.17
 791,278.00,   75587,  7.56,   41127,  8.37,   34460,  7.01
 792,279.00,   73497,  7.35,   38836,  7.90,   34661,  7.05
 793,280.00,   71170,  7.12,   36492,  7.42,   34678,  7.06
 794,281.00,   69742,  6.98,   35324,  7.19,   34418,  7.00
 795,282.00,   68352,  6.84,   34440,  7.01,   33912,  6.90
 796,283.00,   66495,  6.65,   33434,  6.80,   33061,  6.73
 797,284.00,   63957,  6.40,   31848,  6.48,   32109,  6.53
 798,285.00,   60835,  6.09,   29874,  6.08,   30961,  6.30
 799,286.00,   58312,  5.83,   27847,  5.67,   30465,  6.20
 800,287.00,   55527,  5.56,   26304,  5.35,   29223,  5.95
 801,288.00,   53381,  5.34,   25768,  5.24,   27613,  5.62
 802,289.00,   51410,  5.14,   24492,  4.98,   26918,  5.48
 803,290.00,   47955,  4.80,   22326,  4.54,   25629,  5.21
 804,291.00,   44857,  4.49,   20048,  4.08,   24809,  5.05
 805,292.00,   42527,  4.26,   18316,  3.73,   24211,  4.93
 806,293.00,   40672,  4.07,   17137,  3.49,   23535,  4.79
 807,294.00,   38186,  3.82,   15620,  3.18,   22566,  4.59
 808,295.00,   34961,  3.50,   13980,  2.84,   20981,  4.27
 809,296.00,   31831,  3.19,   13027,  2.65,   18804,  3.83
 810,297.00,   30041,  3.01,   13169,  2.68,   16872,  3.43
 811,298.00,   28970,  2.90,   13351,  2.72,   15619,  3.18
 812,299.00,   27545,  2.76,   12000,  2.44,   15545,  3.16
 813,300.00,   26821,  2.68,   10653,  2.17,   16168,  3.29
 814,301.00,   26857,  2.69,    9850,  2.00,   17007,  3.46
 815,302.00,   25966,  2.60,    7695,  1.57,   18271,  3.72
 816,303.00,   24900,  2.49,    5369,  1.09,   19531,  3.97
 817,304.00,   23542,  2.36,    2978,  0.61,   20564,  4.18
 818,305.00,   21095,  2.11,      78,  0.02,   21017,  4.28
 819,306.00,   19191,  1.92,   -2747, -0.56,   21938,  4.46
 820,307.00,   16190,  1.62,   -6467, -1.32,   22657,  4.61
 821,308.00,   12656,  1.27,   -9953, -2.03,   22609,  4.60
 822,309.00,   10002,  1.00,  -12138, -2.47,   22140,  4.50
 823,310.00,    5983,  0.60,  -14882, -3.03,   20865,  4.25
 824,311.00,    2307,  0.23,  -17171, -3.49,   19478,  3.96
 825,312.00,   -1720, -0.17,  -19362, -3.94,   17642,  3.59
 826,313.00,   -5411, -0.54,  -20943, -4.26,   15532,  3.16
 827,314.00,   -9520, -0.95,  -22707, -4.62,   13187,  2.68
 828,315.00,  -13473, -1.35,  -24617, -5.01,   11144,  2.27
 829,316.00,  -17821, -1.78,  -26796, -5.45,    8975,  1.83
 830,317.00,  -23483, -2.35,  -29535, -6.01,    6052,  1.23
 831,318.00,  -27770, -2.78,  -31025, -6.31,    3255,  0.66
 832,319.00,  -30732, -3.08,  -31244, -6.36,     512,  0.10
 833,320.00,  -32761, -3.28,  -30763, -6.26,   -1998, -0.41
 834,321.00,  -35154, -3.52,  -30365, -6.18,   -4789, -0.97
 835,322.00,  -38660, -3.87,  -30355, -6.18,   -8305, -1.69
 836,323.00,  -40932, -4.10,  -29519, -6.01,  -11413, -2.32
 837,324.00,  -42623, -4.26,  -28807, -5.86,  -13816, -2.81
 838,325.00,  -43330, -4.34,  -27992, -5.70,  -15338, -3.12
 839,326.00,  -43697, -4.37,  -27437, -5.58,  -16260, -3.31
 840,327.00,  -44239, -4.43,  -26948, -5.48,  -17291, -3.52
 841,328.00,  -44492, -4.45,  -26307, -5.35,  -18185, -3.70
 842,329.00,  -44072, -4.41,  -24736, -5.03,  -19336, -3.93
 843,330.00,  -43014, -4.30,  -23344, -4.75,  -19670, -4.00
 844,331.00,  -41449, -4.15,  -22185, -4.51,  -19264, -3.92
 845,332.00,  -41427, -4.15,  -22082, -4.49,  -19345, -3.94
 846,333.00,  -41971, -4.20,  -22258, -4.53,  -19713, -4.01
 847,334.00,  -40802, -4.08,  -21455, -4.37,  -19347, -3.94
 848,335.00,  -40088, -4.01,  -20966, -4.27,  -19122, -3.89
 849,336.00,  -39998, -4.00,  -20868, -4.25,  -19130, -3.89
 850,337.00,  -39600, -3.96,  -20557, -4.18,  -19043, -3.87
 851,338.00,  -38616, -3.86,  -19945, -4.06,  -18671, -3.80
 852,339.00,  -37333, -3.74,  -19582, -3.98,  -17751, -3.61
 853,340.00,  -35943, -3.60,  -19524, -3.97,  -16419, -3.34
 854,341.00,  -36170, -3.62,  -20244, -4.12,  -15926, -3.24
 855,342.00,  -36300, -3.63,  -20410, -4.15,  -15890, -3.23
 856,343.00,  -35909, -3.59,  -20525, -4.18,  -15384, -3.13
 857,344.00,  -35232, -3.53,  -20433, -4.16,  -14799, -3.01
 858,345.00,  -36187, -3.62,  -21306, -4.33,  -14881, -3.03
 859,346.00,  -37520, -3.75,  -22379, -4.55,  -15141, -3.08
 860,347.00,  -38621, -3.86,  -22568, -4.59,  -16053, -3.27
 861,348.00,  -39441, -3.95,  -22613, -4.60,  -16828, -3.42
 862,349.00,  -40542, -4.06,  -22430, -4.56,  -18112, -3.69
 863,350.00,  -40968, -4.10,  -21933, -4.46,  -19035, -3.87
 864,351.00,  -42047, -4.21,  -21702, -4.42,  -20345, -4.14
 865,352.00,  -42815, -4.28,  -21253, -4.32,  -21562, -4.39
 866,353.00,  -44325, -4.44,  -20958, -4.26,  -23367, -4.75
 867,354.00,  -45900, -4.59,  -20556, -4.18,  -25344, -5.16
 868,355.00,  -47815, -4.78,  -21123, -4.30,  -26692, -5.43
 869,356.00,  -49700, -4.97,  -21725, -4.42,  -27975, -5.69
 870,357.00,  -51532, -5.16,  -22062, -4.49,  -29470, -6.00
 871,358.00,  -52801, -5.28,  -21431, -4.36,  -31370, -6.38
 872,359.00,  -53249, -5.33,  -20278, -4.13,  -32971, -6.71
 873,360.00,  -54597, -5.46,  -19616, -3.99,  -34981, -7.12
 874,361.00,  -56604, -5.66,  -19056, -3.88,  -37548, -7.64
 875,362.00,  -58595, -5.86,  -18969, -3.86,  -39626, -8.06
 876,363.00,  -61014, -6.11,  -19279, -3.92,  -41735, -8.49
 877,364.00,  -63432, -6.35,  -20185, -4.11,  -43247, -8.80
 878,365.00,  -64792, -6.48,  -21197, -4.31,  -43595, -8.87
 879,366.00,  -64233, -6.43,  -21388, -4.35,  -42845, -8.72
 880,367.00,  -64542, -6.46,  -22263, -4.53,  -42279, -8.60
 881,368.00,  -65950, -6.60,  -22936, -4.67,  -43014, -8.75
 882,369.00,  -67878, -6.79,  -23888, -4.86,  -43990, -8.95
 883,370.00,  -69302, -6.93,  -24623, -5.01,  -44679, -9.09
 884,371.00,  -69457, -6.95,  -25326, -5.15,  -44131, -8.98
 885,372.00,  -68727, -6.88,  -25658, -5.22,  -43069, -8.76
 886,373.00,  -68966, -6.90,  -26677, -5.43,  -42289, -8.60
 887,374.00,  -68765, -6.88,  -26935, -5.48,  -41830, -8.51
 888,375.00,  -67247, -6.73,  -26631, -5.42,  -40616, -8.26
 889,376.00,  -67379, -6.74,  -27546, -5.60,  -39833, -8.10
 890,377.00,  -67660, -6.77,  -29262, -5.95,  -38398, -7.81
 891,378.00,  -67368, -6.74,  -30231, -6.15,  -37137, -7.56
 892,379.00,  -67174, -6.72,  -30757, -6.26,  -36417, -7.41
 893,380.00,  -66806, -6.68,  -30869, -6.28,  -35937, -7.31
 894,381.00,  -66168, -6.62,  -31182, -6.34,  -34986, -7.12
 895,382.00,  -64438, -6.45,  -30864, -6.28,  -33574, -6.83
 896,383.00,  -62344, -6.24,  -30465, -6.20,  -31879, -6.49
 897,384.00,  -61607, -6.16,  -30696, -6.25,  -30911, -6.29
 898,385.00,  -62123, -6.22,  -31475, -6.40,  -30648, -6.24
 899,386.00,  -61803, -6.18,  -31776, -6.47,  -30027, -6.11
 900,387.00,  -62451, -6.25,  -33075, -6.73,  -29376, -5.98
 901,388.00,  -64110, -6.41,  -34117, -6.94,  -29993, -6.10
 902,389.00,  -65346, -6.54,  -34824, -7.09,  -30522, -6.21
 903,390.00,  -66547, -6.66,  -35953, -7.31,  -30594, -6.22
 904,391.00,  -66614, -6.67,  -36156, -7.36,  -30458, -6.20
 905,392.00,  -66903, -6.69,  -36133, -7.35,  -30770, -6.26
 906,393.00,  -67352, -6.74,  -35940, -7.31,  -31412, -6.39
 907,394.00,  -69258, -6.93,  -36755, -7.48,  -32503, -6.61
 908,395.00,  -70743, -7.08,  -37852, -7.70,  -32891, -6.69
 909,396.00,  -71818, -7.19,  -38239, -7.78,  -33579, -6.83
 910,397.00,  -71595, -7.16,  -37396, -7.61,  -34199, -6.96
 911,398.00,  -73021, -7.31,  -37386, -7.61,  -35635, -7.25
 912,399.00,  -75381, -7.54,  -37418, -7.61,  -37963, -7.72
 913,400.00,  -77652, -7.77,  -37627, -7.66,  -40025, -8.14
 914,401.00,  -79630, -7.97,  -37953, -7.72,  -41677, -8.48
 915,402.00,  -80529, -8.06,  -37677, -7.67,  -42852, -8.72
 916,403.00,  -81722, -8.18,  -37433, -7.62,  -44289, -9.01
 917,404.00,  -80799, -8.08,  -36515, -7.43,  -44284, -9.01
 918,405.00,  -78699, -7.87,  -35956, -7.32,  -42743, -8.70
 919,406.00,  -77168, -7.72,  -35599, -7.24,  -41569, -8.46
 920,407.00,  -75928, -7.60,  -35138, -7.15,  -40790, -8.30
 921,408.00,  -74633, -7.47,  -34842, -7.09,  -39791, -8.10
 922,409.00,  -73396, -7.34,  -34436, -7.01,  -38960, -7.93
 923,410.00,  -72963, -7.30,  -34530, -7.03,  -38433, -7.82
 924,411.00,  -72312, -7.24,  -34148, -6.95,  -38164, -7.76
 925,412.00,  -71791, -7.18,  -34312, -6.98,  -37479, -7.63
 926,413.00,  -71082, -7.11,  -34692, -7.06,  -36390, -7.40
 927,414.00,  -69721, -6.98,  -34542, -7.03,  -35179, -7.16
 928,415.00,  -67865, -6.79,  -33599, -6.84,  -34266, -6.97
 929,416.00,  -65072, -6.51,  -32350, -6.58,  -32722, -6.66
 930,417.00,  -62379, -6.24,  -31827, -6.48,  -30552, -6.22
 931,418.00,  -58975, -5.90,  -31811, -6.47,  -27164, -5.53
 932,419.00,  -56318, -5.64,  -31589, -6.43,  -24729, -5.03
 933,420.00,  -54685, -5.47,  -30988, -6.30,  -23697, -4.82
 934,421.00,  -53748, -5.38,  -30145, -6.13,  -23603, -4.80
 935,422.00,  -52983, -5.30,  -29459, -5.99,  -23524, -4.79
 936,423.00,  -52035, -5.21,  -29338, -5.97,  -22697, -4.62
 937,424.00,  -50120, -5.02,  -28876, -5.88,  -21244, -4.32
 938,425.00,  -47181, -4.72,  -27211, -5.54,  -19970, -4.06
 939,426.00,  -44170, -4.42,  -25055, -5.10,  -19115, -3.89
 940,427.00,  -41822, -4.18,  -23348, -4.75,  -18474, -3.76
 941,428.00,  -40599, -4.06,  -21692, -4.41,  -18907, -3.85
 942,429.00,  -40083, -4.01,  -20032, -4.08,  -20051, -4.08
 943,430.00,  -37843, -3.79,  -18279, -3.72,  -19564, -3.98
 944,431.00,  -34414, -3.44,  -16503, -3.36,  -17911, -3.64
 945,432.00,  -31025, -3.10,  -14190, -2.89,  -16835, -3.43
 946,433.00,  -28786, -2.88,  -11774, -2.40,  -17012, -3.46
 947,434.00,  -25513, -2.55,   -9050, -1.84,  -16463, -3.35
 948,435.00,  -22936, -2.29,   -7075, -1.44,  -15861, -3.23
 949,436.00,  -20311, -2.03,   -4395, -0.89,  -15916, -3.24
 950,437.00,  -17626, -1.76,   -1979, -0.40,  -15647, -3.18
 951,438.00,  -14716, -1.47,     431,  0.09,  -15147, -3.08
 952,439.00,  -12070, -1.21,    3104,  0.63,  -15174, -3.09
 953,440.00,  -10027, -1.00,    5504,  1.12,  -15531, -3.16
 954,441.00,   -7010, -0.70,    7943,  1.62,  -14953, -3.04
 955,442.00,   -3872, -0.39,   10290,  2.09,  -14162, -2.88
 956,443.00,   -1825, -0.18,   11614,  2.36,  -13439, -2.73
 957,444.00,      92,  0.00,   12894,  2.62,  -12802, -2.60
 958,445.00,    1344,  0.13,   14108,  2.87,  -12764, -2.60
 959,446.00,    2965,  0.30,   15687,  3.19,  -12722, -2.59
 960,447.00,    4084,  0.41,   17271,  3.51,  -13187, -2.68
 961,448.00,    4485,  0.45,   17934,  3.65,  -13449, -2.74
 962,449.00,    6270,  0.63,   18435,  3.75,  -12165, -2.48
 963,450.00,    8434,  0.84,   19801,  4.03,  -11367, -2.31
 964,451.00,    9219,  0.92,   20136,  4.10,  -10917, -2.22
 965,452.00,    8753,  0.88,   20085,  4.09,  -11332, -2.31
 966,453.00,    7832,  0.78,   19715,  4.01,  -11883, -2.42
 967,454.00,    8283,  0.83,   19597,  3.99,  -11314, -2.30
 968,455.00,    7722,  0.77,   18722,  3.81,  -11000, -2.24
 969,456.00,    6812,  0.68,   17580,  3.58,  -10768, -2.19
 970,457.00,    6145,  0.61,   16037,  3.26,   -9892, -2.01
 971,458.00,    6624,  0.66,   14763,  3.00,   -8139, -1.66
 972,459.00,    6319,  0.63,   13878,  2.82,   -7559, -1.54
 973,460.00,    6323,  0.63,   12770,  2.60,   -6447, -1.31
 974,461.00,    7215,  0.72,   11356,  2.31,   -4141, -0.84
 975,462.00,    8625,  0.86,   10684,  2.17,   -2059, -0.42
 976,463.00,    9652,  0.97,   10126,  2.06,    -474, -0.10
 977,464.00,   10609,  1.06,   10006,  2.04,     603,  0.12
 978,465.00,   10549,  1.06,    9025,  1.84,    1524,  0.31
 979,466.00,   11709,  1.17,    8712,  1.77,    2997,  0.61
 980,467.00,   12401,  1.24,    7759,  1.58,    4642,  0.94
 981,468.00,   13306,  1.33,    6999,  1.42,    6307,  1.28
 982,469.00,   13333,  1.33,    5925,  1.21,    7408,  1.51
 983,470.00,   13575,  1.36,    5721,  1.16,    7854,  1.60
 984,471.00,   14407,  1.44,    5641,  1.15,    8766,  1.78
 985,472.00,   16353,  1.64,    6149,  1.25,   10204,  2.08
 986,473.00,   17459,  1.75,    6288,  1.28,   11171,  2.27
 987,474.00,   18199,  1.82,    6273,  1.28,   11926,  2.43
 988,475.00,   19514,  1.95,    6255,  1.27,   13259,  2.70
 989,476.00,   21670,  2.17,    6001,  1.22,   15669,  3.19
 990,477.00,   24251,  2.43,    6129,  1.25,   18122,  3.69
 991,478.00,   25867,  2.59,    6285,  1.28,   19582,  3.98
 992,479.00,   27278,  2.73,    7029,  1.43,   20249,  4.12
 993,480.00,   28079,  2.81,    7490,  1.52,   20589,  4.19
 994,481.00,   30056,  3.01,    8940,  1.82,   21116,  4.30
 995,482.00,   31629,  3.16,   10485,  2.13,   21144,  4.30
 996,483.00,   32826,  3.28,   11149,  2.27,   21677,  4.41
 997,484.00,   33560,  3.36,   11746,  2.39,   21814,  4.44
 998,485.00,   34872,  3.49,   13158,  2.68,   21714,  4.42
 999,486.00,   37036,  3.71,   14387,  2.93,   22649,  4.61
1000,487.00,   40463,  4.05,   15864,  3.23,   24599,  5.00
1001,488.00,   41917,  4.19,   16269,  3.31,   25648,  5.22
1002,489.00,   43620,  4.36,   17616,  3.58,   26004,  5.29
1003,490.00,   44070,  4.41,   18288,  3.72,   25782,  5.25
1004,491.00,   44726,  4.48,   19130,  3.89,   25596,  5.21
1005,492.00,   44767,  4.48,   19892,  4.05,   24875,  5.06
1006,493.00,   44768,  4.48,   21105,  4.29,   23663,  4.81
1007,494.00,   44821,  4.48,   22290,  4.54,   22531,  4.58
1008,495.00,   44763,  4.48,   22350,  4.55,   22413,  4.56
1009,496.00,   44970,  4.50,   21951,  4.47,   23019,  4.68
1010,497.00,   45895,  4.59,   22285,  4.53,   23610,  4.80
1011,498.00,   45663,  4.57,   21704,  4.42,   23959,  4.87
1012,499.00,   44978,  4.50,   21074,  4.29,   23904,  4.86
1013,500.00,   43726,  4.38,   19944,  4.06,   23782,  4.84
1014,501.00,   42965,  4.30,   18940,  3.85,   24025,  4.89
1015,502.00,   42724,  4.27,   18522,  3.77,   24202,  4.92
1016,503.00,   41816,  4.18,   18081,  3.68,   23735,  4.83
1017,504.00,   41006,  4.10,   17411,  3.54,   23595,  4.80
1018,505.00,   42313,  4.23,   17594,  3.58,   24719,  5.03
1019,506.00,   42558,  4.26,   17523,  3.57,   25035,  5.09
1020,507.00,   42275,  4.23,   16969,  3.45,   25306,  5.15
1021,508.00,   42765,  4.28,   17060,  3.47,   25705,  5.23
1022,509.00,   43257,  4.33,   17088,  3.48,   26169,  5.32
1023,510.00,   43837,  4.39,   17143,  3.49,   26694,  5.43
1024,511.00,   43813,  4.38,   16771,  3.41,   27042,  5.50
